214 init
214 bcast 1 0 1 
214 bcast 1 0 1 
214 bcast 1 0 1 
214 bcast 1 0 1 
214 bcast 1 0 16 
214 alltoall 256 256 26 26
214 alltoall 4096 4096 26 26
214 barrier
214 alltoall 256 256 26 26
214 alltoall 4096 4096 26 26
214 alltoall 4096 4096 26 26
214 alltoall 256 256 26 26
214 reduce 16 0 0 26 
214 alltoall 4096 4096 26 26
214 alltoall 256 256 26 26
214 reduce 16 0 0 26 
214 alltoall 4096 4096 26 26
214 alltoall 256 256 26 26
214 reduce 16 0 0 26 
214 alltoall 4096 4096 26 26
214 alltoall 256 256 26 26
214 reduce 16 0 0 26 
214 alltoall 4096 4096 26 26
214 alltoall 256 256 26 26
214 reduce 16 0 0 26 
214 alltoall 4096 4096 26 26
214 alltoall 256 256 26 26
214 reduce 16 0 0 26 
214 finalize
