185 init
185 bcast 1 0 1 
185 bcast 1 0 1 
185 bcast 1 0 1 
185 bcast 1 0 1 
185 bcast 1 0 16 
185 alltoall 256 256 26 26
185 alltoall 4096 4096 26 26
185 barrier
185 alltoall 256 256 26 26
185 alltoall 4096 4096 26 26
185 alltoall 4096 4096 26 26
185 alltoall 256 256 26 26
185 reduce 16 0 0 26 
185 alltoall 4096 4096 26 26
185 alltoall 256 256 26 26
185 reduce 16 0 0 26 
185 alltoall 4096 4096 26 26
185 alltoall 256 256 26 26
185 reduce 16 0 0 26 
185 alltoall 4096 4096 26 26
185 alltoall 256 256 26 26
185 reduce 16 0 0 26 
185 alltoall 4096 4096 26 26
185 alltoall 256 256 26 26
185 reduce 16 0 0 26 
185 alltoall 4096 4096 26 26
185 alltoall 256 256 26 26
185 reduce 16 0 0 26 
185 finalize
