146 init
146 bcast 1 0 1 
146 bcast 1 0 1 
146 bcast 1 0 1 
146 bcast 1 0 1 
146 bcast 1 0 16 
146 alltoall 256 256 26 26
146 alltoall 4096 4096 26 26
146 barrier
146 alltoall 256 256 26 26
146 alltoall 4096 4096 26 26
146 alltoall 4096 4096 26 26
146 alltoall 256 256 26 26
146 reduce 16 0 0 26 
146 alltoall 4096 4096 26 26
146 alltoall 256 256 26 26
146 reduce 16 0 0 26 
146 alltoall 4096 4096 26 26
146 alltoall 256 256 26 26
146 reduce 16 0 0 26 
146 alltoall 4096 4096 26 26
146 alltoall 256 256 26 26
146 reduce 16 0 0 26 
146 alltoall 4096 4096 26 26
146 alltoall 256 256 26 26
146 compute 312.5
146 reduce 16 0 0 26 
146 alltoall 4096 4096 26 26
146 alltoall 256 256 26 26
146 reduce 16 0 0 26 
146 finalize
