108 init
108 bcast 1 0 1 
108 bcast 1 0 1 
108 bcast 1 0 1 
108 bcast 1 0 1 
108 bcast 1 0 16 
108 alltoall 256 256 26 26
108 alltoall 4096 4096 26 26
108 barrier
108 alltoall 256 256 26 26
108 alltoall 4096 4096 26 26
108 alltoall 4096 4096 26 26
108 alltoall 256 256 26 26
108 reduce 16 0 0 26 
108 alltoall 4096 4096 26 26
108 alltoall 256 256 26 26
108 reduce 16 0 0 26 
108 alltoall 4096 4096 26 26
108 alltoall 256 256 26 26
108 reduce 16 0 0 26 
108 alltoall 4096 4096 26 26
108 alltoall 256 256 26 26
108 reduce 16 0 0 26 
108 alltoall 4096 4096 26 26
108 alltoall 256 256 26 26
108 reduce 16 0 0 26 
108 alltoall 4096 4096 26 26
108 alltoall 256 256 26 26
108 reduce 16 0 0 26 
108 finalize
