169 init
169 bcast 1 0 1 
169 bcast 1 0 1 
169 bcast 1 0 1 
169 bcast 1 0 1 
169 bcast 1 0 16 
169 alltoall 256 256 26 26
169 alltoall 4096 4096 26 26
169 barrier
169 alltoall 256 256 26 26
169 alltoall 4096 4096 26 26
169 alltoall 4096 4096 26 26
169 alltoall 256 256 26 26
169 reduce 16 0 0 26 
169 alltoall 4096 4096 26 26
169 alltoall 256 256 26 26
169 reduce 16 0 0 26 
169 alltoall 4096 4096 26 26
169 alltoall 256 256 26 26
169 reduce 16 0 0 26 
169 alltoall 4096 4096 26 26
169 alltoall 256 256 26 26
169 reduce 16 0 0 26 
169 alltoall 4096 4096 26 26
169 alltoall 256 256 26 26
169 reduce 16 0 0 26 
169 alltoall 4096 4096 26 26
169 alltoall 256 256 26 26
169 reduce 16 0 0 26 
169 finalize
