164 init
164 bcast 1 0 1 
164 bcast 1 0 1 
164 bcast 1 0 1 
164 bcast 1 0 1 
164 bcast 1 0 16 
164 alltoall 256 256 26 26
164 alltoall 4096 4096 26 26
164 barrier
164 alltoall 256 256 26 26
164 alltoall 4096 4096 26 26
164 alltoall 4096 4096 26 26
164 alltoall 256 256 26 26
164 reduce 16 0 0 26 
164 alltoall 4096 4096 26 26
164 alltoall 256 256 26 26
164 reduce 16 0 0 26 
164 alltoall 4096 4096 26 26
164 alltoall 256 256 26 26
164 reduce 16 0 0 26 
164 alltoall 4096 4096 26 26
164 alltoall 256 256 26 26
164 reduce 16 0 0 26 
164 alltoall 4096 4096 26 26
164 alltoall 256 256 26 26
164 reduce 16 0 0 26 
164 alltoall 4096 4096 26 26
164 alltoall 256 256 26 26
164 reduce 16 0 0 26 
164 finalize
