148 init
148 bcast 1 0 1 
148 bcast 1 0 1 
148 bcast 1 0 1 
148 bcast 1 0 1 
148 bcast 1 0 16 
148 alltoall 256 256 26 26
148 alltoall 4096 4096 26 26
148 barrier
148 alltoall 256 256 26 26
148 alltoall 4096 4096 26 26
148 alltoall 4096 4096 26 26
148 alltoall 256 256 26 26
148 reduce 16 0 0 26 
148 alltoall 4096 4096 26 26
148 alltoall 256 256 26 26
148 reduce 16 0 0 26 
148 alltoall 4096 4096 26 26
148 alltoall 256 256 26 26
148 reduce 16 0 0 26 
148 alltoall 4096 4096 26 26
148 alltoall 256 256 26 26
148 reduce 16 0 0 26 
148 alltoall 4096 4096 26 26
148 alltoall 256 256 26 26
148 reduce 16 0 0 26 
148 alltoall 4096 4096 26 26
148 alltoall 256 256 26 26
148 reduce 16 0 0 26 
148 finalize
