226 init
226 bcast 1 0 1 
226 bcast 1 0 1 
226 bcast 1 0 1 
226 bcast 1 0 1 
226 bcast 1 0 16 
226 alltoall 256 256 26 26
226 alltoall 4096 4096 26 26
226 barrier
226 alltoall 256 256 26 26
226 alltoall 4096 4096 26 26
226 alltoall 4096 4096 26 26
226 alltoall 256 256 26 26
226 reduce 16 0 0 26 
226 alltoall 4096 4096 26 26
226 alltoall 256 256 26 26
226 reduce 16 0 0 26 
226 alltoall 4096 4096 26 26
226 alltoall 256 256 26 26
226 reduce 16 0 0 26 
226 alltoall 4096 4096 26 26
226 alltoall 256 256 26 26
226 reduce 16 0 0 26 
226 alltoall 4096 4096 26 26
226 alltoall 256 256 26 26
226 reduce 16 0 0 26 
226 alltoall 4096 4096 26 26
226 alltoall 256 256 26 26
226 reduce 16 0 0 26 
226 finalize
