123 init
123 bcast 1 0 1 
123 bcast 1 0 1 
123 bcast 1 0 1 
123 bcast 1 0 1 
123 bcast 1 0 16 
123 alltoall 256 256 26 26
123 alltoall 4096 4096 26 26
123 barrier
123 alltoall 256 256 26 26
123 alltoall 4096 4096 26 26
123 alltoall 4096 4096 26 26
123 alltoall 256 256 26 26
123 reduce 16 0 0 26 
123 alltoall 4096 4096 26 26
123 alltoall 256 256 26 26
123 reduce 16 0 0 26 
123 alltoall 4096 4096 26 26
123 alltoall 256 256 26 26
123 reduce 16 0 0 26 
123 alltoall 4096 4096 26 26
123 alltoall 256 256 26 26
123 reduce 16 0 0 26 
123 alltoall 4096 4096 26 26
123 alltoall 256 256 26 26
123 reduce 16 0 0 26 
123 alltoall 4096 4096 26 26
123 alltoall 256 256 26 26
123 reduce 16 0 0 26 
123 finalize
