102 init
102 bcast 1 0 1 
102 bcast 1 0 1 
102 bcast 1 0 1 
102 bcast 1 0 1 
102 bcast 1 0 16 
102 alltoall 256 256 26 26
102 alltoall 4096 4096 26 26
102 barrier
102 alltoall 256 256 26 26
102 alltoall 4096 4096 26 26
102 alltoall 4096 4096 26 26
102 alltoall 256 256 26 26
102 reduce 16 0 0 26 
102 alltoall 4096 4096 26 26
102 alltoall 256 256 26 26
102 reduce 16 0 0 26 
102 alltoall 4096 4096 26 26
102 alltoall 256 256 26 26
102 reduce 16 0 0 26 
102 alltoall 4096 4096 26 26
102 alltoall 256 256 26 26
102 reduce 16 0 0 26 
102 alltoall 4096 4096 26 26
102 alltoall 256 256 26 26
102 reduce 16 0 0 26 
102 alltoall 4096 4096 26 26
102 alltoall 256 256 26 26
102 reduce 16 0 0 26 
102 finalize
