112 init
112 bcast 1 0 1 
112 bcast 1 0 1 
112 bcast 1 0 1 
112 bcast 1 0 1 
112 bcast 1 0 16 
112 alltoall 256 256 26 26
112 alltoall 4096 4096 26 26
112 barrier
112 alltoall 256 256 26 26
112 alltoall 4096 4096 26 26
112 alltoall 4096 4096 26 26
112 alltoall 256 256 26 26
112 reduce 16 0 0 26 
112 alltoall 4096 4096 26 26
112 alltoall 256 256 26 26
112 reduce 16 0 0 26 
112 alltoall 4096 4096 26 26
112 alltoall 256 256 26 26
112 reduce 16 0 0 26 
112 alltoall 4096 4096 26 26
112 alltoall 256 256 26 26
112 reduce 16 0 0 26 
112 alltoall 4096 4096 26 26
112 alltoall 256 256 26 26
112 reduce 16 0 0 26 
112 alltoall 4096 4096 26 26
112 alltoall 256 256 26 26
112 reduce 16 0 0 26 
112 finalize
