152 init
152 bcast 1 0 1 
152 bcast 1 0 1 
152 bcast 1 0 1 
152 bcast 1 0 1 
152 bcast 1 0 16 
152 alltoall 256 256 26 26
152 alltoall 4096 4096 26 26
152 barrier
152 alltoall 256 256 26 26
152 alltoall 4096 4096 26 26
152 alltoall 4096 4096 26 26
152 alltoall 256 256 26 26
152 reduce 16 0 0 26 
152 alltoall 4096 4096 26 26
152 alltoall 256 256 26 26
152 reduce 16 0 0 26 
152 alltoall 4096 4096 26 26
152 alltoall 256 256 26 26
152 reduce 16 0 0 26 
152 alltoall 4096 4096 26 26
152 alltoall 256 256 26 26
152 reduce 16 0 0 26 
152 alltoall 4096 4096 26 26
152 alltoall 256 256 26 26
152 reduce 16 0 0 26 
152 alltoall 4096 4096 26 26
152 alltoall 256 256 26 26
152 reduce 16 0 0 26 
152 finalize
