201 init
201 bcast 1 0 1 
201 bcast 1 0 1 
201 bcast 1 0 1 
201 bcast 1 0 1 
201 bcast 1 0 16 
201 alltoall 256 256 26 26
201 alltoall 4096 4096 26 26
201 barrier
201 alltoall 256 256 26 26
201 alltoall 4096 4096 26 26
201 alltoall 4096 4096 26 26
201 alltoall 256 256 26 26
201 reduce 16 0 0 26 
201 alltoall 4096 4096 26 26
201 alltoall 256 256 26 26
201 reduce 16 0 0 26 
201 alltoall 4096 4096 26 26
201 alltoall 256 256 26 26
201 reduce 16 0 0 26 
201 alltoall 4096 4096 26 26
201 alltoall 256 256 26 26
201 reduce 16 0 0 26 
201 alltoall 4096 4096 26 26
201 alltoall 256 256 26 26
201 reduce 16 0 0 26 
201 alltoall 4096 4096 26 26
201 alltoall 256 256 26 26
201 reduce 16 0 0 26 
201 finalize
