252 init
252 bcast 1 0 1 
252 bcast 1 0 1 
252 bcast 1 0 1 
252 bcast 1 0 1 
252 bcast 1 0 16 
252 alltoall 256 256 26 26
252 alltoall 4096 4096 26 26
252 barrier
252 alltoall 256 256 26 26
252 alltoall 4096 4096 26 26
252 alltoall 4096 4096 26 26
252 alltoall 256 256 26 26
252 reduce 16 0 0 26 
252 alltoall 4096 4096 26 26
252 alltoall 256 256 26 26
252 reduce 16 0 0 26 
252 alltoall 4096 4096 26 26
252 alltoall 256 256 26 26
252 reduce 16 0 0 26 
252 alltoall 4096 4096 26 26
252 alltoall 256 256 26 26
252 reduce 16 0 0 26 
252 alltoall 4096 4096 26 26
252 alltoall 256 256 26 26
252 reduce 16 0 0 26 
252 alltoall 4096 4096 26 26
252 alltoall 256 256 26 26
252 reduce 16 0 0 26 
252 finalize
