184 init
184 bcast 1 0 1 
184 bcast 1 0 1 
184 bcast 1 0 1 
184 bcast 1 0 1 
184 bcast 1 0 16 
184 alltoall 256 256 26 26
184 alltoall 4096 4096 26 26
184 barrier
184 alltoall 256 256 26 26
184 alltoall 4096 4096 26 26
184 alltoall 4096 4096 26 26
184 alltoall 256 256 26 26
184 reduce 16 0 0 26 
184 alltoall 4096 4096 26 26
184 alltoall 256 256 26 26
184 reduce 16 0 0 26 
184 alltoall 4096 4096 26 26
184 alltoall 256 256 26 26
184 reduce 16 0 0 26 
184 alltoall 4096 4096 26 26
184 alltoall 256 256 26 26
184 reduce 16 0 0 26 
184 alltoall 4096 4096 26 26
184 alltoall 256 256 26 26
184 reduce 16 0 0 26 
184 alltoall 4096 4096 26 26
184 alltoall 256 256 26 26
184 reduce 16 0 0 26 
184 finalize
