142 init
142 bcast 1 0 1 
142 bcast 1 0 1 
142 bcast 1 0 1 
142 bcast 1 0 1 
142 bcast 1 0 16 
142 alltoall 256 256 26 26
142 alltoall 4096 4096 26 26
142 barrier
142 alltoall 256 256 26 26
142 alltoall 4096 4096 26 26
142 alltoall 4096 4096 26 26
142 alltoall 256 256 26 26
142 reduce 16 0 0 26 
142 alltoall 4096 4096 26 26
142 alltoall 256 256 26 26
142 compute 312.5
142 reduce 16 0 0 26 
142 alltoall 4096 4096 26 26
142 alltoall 256 256 26 26
142 reduce 16 0 0 26 
142 alltoall 4096 4096 26 26
142 alltoall 256 256 26 26
142 reduce 16 0 0 26 
142 alltoall 4096 4096 26 26
142 alltoall 256 256 26 26
142 reduce 16 0 0 26 
142 alltoall 4096 4096 26 26
142 alltoall 256 256 26 26
142 reduce 16 0 0 26 
142 finalize
