3 init
3 barrier
3 bcast 1 0 1 
3 bcast 1 0 1 
3 bcast 1 0 1 
3 bcast 1 0 1 
3 bcast 1 0 1 
3 bcast 8 0 1 
3 bcast 1 0 16 
3 barrier
3 allreduce 1 0 0 
3 allreduce 4 0 1 
3 allreduce 1 0 0 
3 allreduce 4 0 1 
3 allreduce 1 0 0 
3 allreduce 4 0 1 
3 allreduce 1 0 0 
3 allreduce 4 0 1 
3 allreduce 1 0 0 
3 allreduce 4 0 1 
3 allreduce 1 0 0 
3 allreduce 4 0 1 
3 allreduce 1 0 0 
3 allreduce 4 0 1 
3 allreduce 1 0 0 
3 allreduce 4 0 1 
3 allreduce 1 0 0 
3 allreduce 4 0 1 
3 allreduce 1 0 0 
3 allreduce 4 0 1 
3 allreduce 1 0 0 
3 allreduce 4 0 1 
3 allreduce 1 0 0 
3 allreduce 4 0 1 
3 allreduce 1 0 0 
3 allreduce 4 0 1 
3 allreduce 1 0 0 
3 allreduce 4 0 1 
3 allreduce 1 0 0 
3 allreduce 4 0 1 
3 allreduce 1 0 0 
3 allreduce 4 0 1 
3 allreduce 1 0 0 
3 allreduce 4 0 1 
3 allreduce 1 0 0 
3 allreduce 4 0 1 
3 allreduce 1 0 0 
3 allreduce 4 0 1 
3 allreduce 1 0 0 
3 allreduce 4 0 1 
3 barrier
3 irecv 3 1100 2312 0
3 irecv 3 1300 2312 0
3 send 3 1300 256 0
3 send 3 1100 256 0
3 wait 4 4 1100
3 wait 4 4 1300
3 irecv 2 2100 2312 0
3 irecv 2 2300 2312 0
3 send 2 2300 544 0
3 send 2 2100 544 0
3 wait 3 4 2100
3 wait 3 4 2300
3 irecv 1 3100 2312 0
3 irecv 1 3300 2312 0
3 send 1 3300 612 0
3 send 1 3100 612 0
3 wait 2 4 3100
3 wait 2 4 3300
3 allreduce 1 0 0 
3 allreduce 1 0 0 
3 irecv 3 1100 2312 0
3 irecv 3 1300 2312 0
3 send 3 1300 256 0
3 send 3 1100 256 0
3 wait 4 4 1100
3 wait 4 4 1300
3 irecv 2 2100 2312 0
3 irecv 2 2300 2312 0
3 send 2 2300 544 0
3 send 2 2100 544 0
3 wait 3 4 2100
3 wait 3 4 2300
3 irecv 1 3100 2312 0
3 irecv 1 3300 2312 0
3 send 1 3300 612 0
3 send 1 3100 612 0
3 wait 2 4 3100
3 wait 2 4 3300
3 allreduce 1 0 0 
3 allreduce 1 0 0 
3 irecv 3 1100 2312 0
3 irecv 3 1300 2312 0
3 send 3 1300 64 0
3 send 3 1100 64 0
3 wait 4 4 1100
3 wait 4 4 1300
3 irecv 2 2100 2312 0
3 irecv 2 2300 2312 0
3 send 2 2300 144 0
3 send 2 2100 144 0
3 wait 3 4 2100
3 wait 3 4 2300
3 irecv 1 3100 2312 0
3 irecv 1 3300 2312 0
3 send 1 3300 180 0
3 send 1 3100 180 0
3 wait 2 4 3100
3 wait 2 4 3300
3 irecv 3 1100 2312 0
3 irecv 3 1300 2312 0
3 send 3 1300 16 0
3 send 3 1100 16 0
3 wait 4 4 1100
3 wait 4 4 1300
3 irecv 2 2100 2312 0
3 irecv 2 2300 2312 0
3 send 2 2300 40 0
3 send 2 2100 40 0
3 wait 3 4 2100
3 wait 3 4 2300
3 irecv 1 3100 2312 0
3 irecv 1 3300 2312 0
3 send 1 3300 60 0
3 send 1 3100 60 0
3 wait 2 4 3100
3 wait 2 4 3300
3 irecv 3 1100 2312 0
3 irecv 3 1300 2312 0
3 send 3 1300 4 0
3 send 3 1100 4 0
3 wait 4 4 1100
3 wait 4 4 1300
3 irecv 2 2100 2312 0
3 irecv 2 2300 2312 0
3 send 2 2300 12 0
3 send 2 2100 12 0
3 wait 3 4 2100
3 wait 3 4 2300
3 irecv 1 3100 2312 0
3 irecv 1 3300 2312 0
3 send 1 3300 24 0
3 send 1 3100 24 0
3 wait 2 4 3100
3 wait 2 4 3300
3 irecv 3 1100 2312 0
3 irecv 3 1300 2312 0
3 send 3 1300 1 0
3 send 3 1100 1 0
3 wait 4 4 1100
3 wait 4 4 1300
3 irecv 2 2100 2312 0
3 irecv 2 2300 2312 0
3 send 2 2300 4 0
3 send 2 2100 4 0
3 wait 3 4 2100
3 wait 3 4 2300
3 irecv 1 3100 2312 0
3 irecv 1 3300 2312 0
3 send 1 3300 12 0
3 send 1 3100 12 0
3 wait 2 4 3100
3 wait 2 4 3300
3 irecv 3 1100 2312 0
3 irecv 3 1300 2312 0
3 send 3 1300 1 0
3 send 3 1100 1 0
3 wait 4 4 1100
3 wait 4 4 1300
3 irecv 2 2100 2312 0
3 irecv 2 2300 2312 0
3 send 2 2300 4 0
3 send 2 2100 4 0
3 wait 3 4 2100
3 wait 3 4 2300
3 irecv 1 3100 2312 0
3 irecv 1 3300 2312 0
3 send 1 3300 12 0
3 send 1 3100 12 0
3 wait 2 4 3100
3 wait 2 4 3300
3 irecv 3 1100 2312 0
3 irecv 3 1300 2312 0
3 send 3 1300 4 0
3 send 3 1100 4 0
3 wait 4 4 1100
3 wait 4 4 1300
3 irecv 2 2100 2312 0
3 irecv 2 2300 2312 0
3 send 2 2300 12 0
3 send 2 2100 12 0
3 wait 3 4 2100
3 wait 3 4 2300
3 irecv 1 3100 2312 0
3 irecv 1 3300 2312 0
3 send 1 3300 24 0
3 send 1 3100 24 0
3 wait 2 4 3100
3 wait 2 4 3300
3 irecv 3 1100 2312 0
3 irecv 3 1300 2312 0
3 send 3 1300 4 0
3 send 3 1100 4 0
3 wait 4 4 1100
3 wait 4 4 1300
3 irecv 2 2100 2312 0
3 irecv 2 2300 2312 0
3 send 2 2300 12 0
3 send 2 2100 12 0
3 wait 3 4 2100
3 wait 3 4 2300
3 irecv 1 3100 2312 0
3 irecv 1 3300 2312 0
3 send 1 3300 24 0
3 send 1 3100 24 0
3 wait 2 4 3100
3 wait 2 4 3300
3 irecv 3 1100 2312 0
3 irecv 3 1300 2312 0
3 send 3 1300 16 0
3 send 3 1100 16 0
3 wait 4 4 1100
3 wait 4 4 1300
3 irecv 2 2100 2312 0
3 irecv 2 2300 2312 0
3 send 2 2300 40 0
3 send 2 2100 40 0
3 wait 3 4 2100
3 wait 3 4 2300
3 irecv 1 3100 2312 0
3 irecv 1 3300 2312 0
3 send 1 3300 60 0
3 send 1 3100 60 0
3 wait 2 4 3100
3 wait 2 4 3300
3 irecv 3 1100 2312 0
3 irecv 3 1300 2312 0
3 send 3 1300 16 0
3 send 3 1100 16 0
3 wait 4 4 1100
3 wait 4 4 1300
3 irecv 2 2100 2312 0
3 irecv 2 2300 2312 0
3 send 2 2300 40 0
3 send 2 2100 40 0
3 wait 3 4 2100
3 wait 3 4 2300
3 irecv 1 3100 2312 0
3 irecv 1 3300 2312 0
3 send 1 3300 60 0
3 send 1 3100 60 0
3 wait 2 4 3100
3 wait 2 4 3300
3 irecv 3 1100 2312 0
3 irecv 3 1300 2312 0
3 send 3 1300 64 0
3 send 3 1100 64 0
3 wait 4 4 1100
3 wait 4 4 1300
3 irecv 2 2100 2312 0
3 irecv 2 2300 2312 0
3 send 2 2300 144 0
3 send 2 2100 144 0
3 wait 3 4 2100
3 wait 3 4 2300
3 irecv 1 3100 2312 0
3 irecv 1 3300 2312 0
3 send 1 3300 180 0
3 send 1 3100 180 0
3 wait 2 4 3100
3 wait 2 4 3300
3 irecv 3 1100 2312 0
3 irecv 3 1300 2312 0
3 send 3 1300 64 0
3 send 3 1100 64 0
3 wait 4 4 1100
3 wait 4 4 1300
3 irecv 2 2100 2312 0
3 irecv 2 2300 2312 0
3 send 2 2300 144 0
3 send 2 2100 144 0
3 wait 3 4 2100
3 wait 3 4 2300
3 irecv 1 3100 2312 0
3 irecv 1 3300 2312 0
3 send 1 3300 180 0
3 send 1 3100 180 0
3 wait 2 4 3100
3 wait 2 4 3300
3 irecv 3 1100 2312 0
3 irecv 3 1300 2312 0
3 send 3 1300 256 0
3 send 3 1100 256 0
3 wait 4 4 1100
3 wait 4 4 1300
3 irecv 2 2100 2312 0
3 irecv 2 2300 2312 0
3 send 2 2300 544 0
3 send 2 2100 544 0
3 wait 3 4 2100
3 wait 3 4 2300
3 irecv 1 3100 2312 0
3 irecv 1 3300 2312 0
3 send 1 3300 612 0
3 send 1 3100 612 0
3 wait 2 4 3100
3 wait 2 4 3300
3 irecv 3 1100 2312 0
3 irecv 3 1300 2312 0
3 send 3 1300 256 0
3 send 3 1100 256 0
3 wait 4 4 1100
3 wait 4 4 1300
3 irecv 2 2100 2312 0
3 irecv 2 2300 2312 0
3 send 2 2300 544 0
3 send 2 2100 544 0
3 wait 3 4 2100
3 wait 3 4 2300
3 irecv 1 3100 2312 0
3 irecv 1 3300 2312 0
3 send 1 3300 612 0
3 send 1 3100 612 0
3 wait 2 4 3100
3 wait 2 4 3300
3 irecv 3 1100 2312 0
3 irecv 3 1300 2312 0
3 send 3 1300 256 0
3 send 3 1100 256 0
3 wait 4 4 1100
3 wait 4 4 1300
3 irecv 2 2100 2312 0
3 irecv 2 2300 2312 0
3 send 2 2300 544 0
3 send 2 2100 544 0
3 wait 3 4 2100
3 wait 3 4 2300
3 irecv 1 3100 2312 0
3 irecv 1 3300 2312 0
3 send 1 3300 612 0
3 send 1 3100 612 0
3 wait 2 4 3100
3 wait 2 4 3300
3 barrier
3 allreduce 1 0 0 
3 allreduce 4 0 1 
3 allreduce 1 0 0 
3 allreduce 4 0 1 
3 allreduce 1 0 0 
3 allreduce 4 0 1 
3 allreduce 1 0 0 
3 allreduce 4 0 1 
3 allreduce 1 0 0 
3 allreduce 4 0 1 
3 allreduce 1 0 0 
3 allreduce 4 0 1 
3 allreduce 1 0 0 
3 allreduce 4 0 1 
3 allreduce 1 0 0 
3 allreduce 4 0 1 
3 allreduce 1 0 0 
3 allreduce 4 0 1 
3 allreduce 1 0 0 
3 allreduce 4 0 1 
3 allreduce 1 0 0 
3 allreduce 4 0 1 
3 allreduce 1 0 0 
3 allreduce 4 0 1 
3 allreduce 1 0 0 
3 allreduce 4 0 1 
3 allreduce 1 0 0 
3 allreduce 4 0 1 
3 allreduce 1 0 0 
3 allreduce 4 0 1 
3 allreduce 1 0 0 
3 allreduce 4 0 1 
3 allreduce 1 0 0 
3 allreduce 4 0 1 
3 allreduce 1 0 0 
3 allreduce 4 0 1 
3 allreduce 1 0 0 
3 allreduce 4 0 1 
3 allreduce 1 0 0 
3 allreduce 4 0 1 
3 barrier
3 irecv 3 1100 2312 0
3 irecv 3 1300 2312 0
3 send 3 1300 256 0
3 send 3 1100 256 0
3 wait 4 4 1100
3 wait 4 4 1300
3 irecv 2 2100 2312 0
3 irecv 2 2300 2312 0
3 send 2 2300 544 0
3 send 2 2100 544 0
3 wait 3 4 2100
3 wait 3 4 2300
3 irecv 1 3100 2312 0
3 irecv 1 3300 2312 0
3 send 1 3300 612 0
3 send 1 3100 612 0
3 wait 2 4 3100
3 wait 2 4 3300
3 barrier
3 irecv 3 1100 2312 0
3 irecv 3 1300 2312 0
3 send 3 1300 256 0
3 send 3 1100 256 0
3 wait 4 4 1100
3 wait 4 4 1300
3 irecv 2 2100 2312 0
3 irecv 2 2300 2312 0
3 send 2 2300 544 0
3 send 2 2100 544 0
3 wait 3 4 2100
3 wait 3 4 2300
3 irecv 1 3100 2312 0
3 irecv 1 3300 2312 0
3 send 1 3300 612 0
3 send 1 3100 612 0
3 wait 2 4 3100
3 wait 2 4 3300
3 allreduce 1 0 0 
3 allreduce 1 0 0 
3 irecv 3 1100 2312 0
3 irecv 3 1300 2312 0
3 send 3 1300 64 0
3 send 3 1100 64 0
3 wait 4 4 1100
3 wait 4 4 1300
3 irecv 2 2100 2312 0
3 irecv 2 2300 2312 0
3 send 2 2300 144 0
3 send 2 2100 144 0
3 wait 3 4 2100
3 wait 3 4 2300
3 irecv 1 3100 2312 0
3 irecv 1 3300 2312 0
3 send 1 3300 180 0
3 send 1 3100 180 0
3 wait 2 4 3100
3 wait 2 4 3300
3 irecv 3 1100 2312 0
3 irecv 3 1300 2312 0
3 send 3 1300 16 0
3 send 3 1100 16 0
3 wait 4 4 1100
3 wait 4 4 1300
3 irecv 2 2100 2312 0
3 irecv 2 2300 2312 0
3 send 2 2300 40 0
3 send 2 2100 40 0
3 wait 3 4 2100
3 wait 3 4 2300
3 irecv 1 3100 2312 0
3 irecv 1 3300 2312 0
3 send 1 3300 60 0
3 send 1 3100 60 0
3 wait 2 4 3100
3 wait 2 4 3300
3 irecv 3 1100 2312 0
3 irecv 3 1300 2312 0
3 send 3 1300 4 0
3 send 3 1100 4 0
3 wait 4 4 1100
3 wait 4 4 1300
3 irecv 2 2100 2312 0
3 irecv 2 2300 2312 0
3 send 2 2300 12 0
3 send 2 2100 12 0
3 wait 3 4 2100
3 wait 3 4 2300
3 irecv 1 3100 2312 0
3 irecv 1 3300 2312 0
3 send 1 3300 24 0
3 send 1 3100 24 0
3 wait 2 4 3100
3 wait 2 4 3300
3 irecv 3 1100 2312 0
3 irecv 3 1300 2312 0
3 send 3 1300 1 0
3 send 3 1100 1 0
3 wait 4 4 1100
3 wait 4 4 1300
3 irecv 2 2100 2312 0
3 irecv 2 2300 2312 0
3 send 2 2300 4 0
3 send 2 2100 4 0
3 wait 3 4 2100
3 wait 3 4 2300
3 irecv 1 3100 2312 0
3 irecv 1 3300 2312 0
3 send 1 3300 12 0
3 send 1 3100 12 0
3 wait 2 4 3100
3 wait 2 4 3300
3 irecv 3 1100 2312 0
3 irecv 3 1300 2312 0
3 send 3 1300 1 0
3 send 3 1100 1 0
3 wait 4 4 1100
3 wait 4 4 1300
3 irecv 2 2100 2312 0
3 irecv 2 2300 2312 0
3 send 2 2300 4 0
3 send 2 2100 4 0
3 wait 3 4 2100
3 wait 3 4 2300
3 irecv 1 3100 2312 0
3 irecv 1 3300 2312 0
3 send 1 3300 12 0
3 send 1 3100 12 0
3 wait 2 4 3100
3 wait 2 4 3300
3 irecv 3 1100 2312 0
3 irecv 3 1300 2312 0
3 send 3 1300 4 0
3 send 3 1100 4 0
3 wait 4 4 1100
3 wait 4 4 1300
3 irecv 2 2100 2312 0
3 irecv 2 2300 2312 0
3 send 2 2300 12 0
3 send 2 2100 12 0
3 wait 3 4 2100
3 wait 3 4 2300
3 irecv 1 3100 2312 0
3 irecv 1 3300 2312 0
3 send 1 3300 24 0
3 send 1 3100 24 0
3 wait 2 4 3100
3 wait 2 4 3300
3 irecv 3 1100 2312 0
3 irecv 3 1300 2312 0
3 send 3 1300 4 0
3 send 3 1100 4 0
3 wait 4 4 1100
3 wait 4 4 1300
3 irecv 2 2100 2312 0
3 irecv 2 2300 2312 0
3 send 2 2300 12 0
3 send 2 2100 12 0
3 wait 3 4 2100
3 wait 3 4 2300
3 irecv 1 3100 2312 0
3 irecv 1 3300 2312 0
3 send 1 3300 24 0
3 send 1 3100 24 0
3 wait 2 4 3100
3 wait 2 4 3300
3 irecv 3 1100 2312 0
3 irecv 3 1300 2312 0
3 send 3 1300 16 0
3 send 3 1100 16 0
3 wait 4 4 1100
3 wait 4 4 1300
3 irecv 2 2100 2312 0
3 irecv 2 2300 2312 0
3 send 2 2300 40 0
3 send 2 2100 40 0
3 wait 3 4 2100
3 wait 3 4 2300
3 irecv 1 3100 2312 0
3 irecv 1 3300 2312 0
3 send 1 3300 60 0
3 send 1 3100 60 0
3 wait 2 4 3100
3 wait 2 4 3300
3 irecv 3 1100 2312 0
3 irecv 3 1300 2312 0
3 send 3 1300 16 0
3 send 3 1100 16 0
3 wait 4 4 1100
3 wait 4 4 1300
3 irecv 2 2100 2312 0
3 irecv 2 2300 2312 0
3 send 2 2300 40 0
3 send 2 2100 40 0
3 wait 3 4 2100
3 wait 3 4 2300
3 irecv 1 3100 2312 0
3 irecv 1 3300 2312 0
3 send 1 3300 60 0
3 send 1 3100 60 0
3 wait 2 4 3100
3 wait 2 4 3300
3 irecv 3 1100 2312 0
3 irecv 3 1300 2312 0
3 send 3 1300 64 0
3 send 3 1100 64 0
3 wait 4 4 1100
3 wait 4 4 1300
3 irecv 2 2100 2312 0
3 irecv 2 2300 2312 0
3 send 2 2300 144 0
3 send 2 2100 144 0
3 wait 3 4 2100
3 wait 3 4 2300
3 irecv 1 3100 2312 0
3 irecv 1 3300 2312 0
3 send 1 3300 180 0
3 send 1 3100 180 0
3 wait 2 4 3100
3 wait 2 4 3300
3 irecv 3 1100 2312 0
3 irecv 3 1300 2312 0
3 send 3 1300 64 0
3 send 3 1100 64 0
3 wait 4 4 1100
3 wait 4 4 1300
3 irecv 2 2100 2312 0
3 irecv 2 2300 2312 0
3 send 2 2300 144 0
3 send 2 2100 144 0
3 wait 3 4 2100
3 wait 3 4 2300
3 irecv 1 3100 2312 0
3 irecv 1 3300 2312 0
3 send 1 3300 180 0
3 send 1 3100 180 0
3 wait 2 4 3100
3 wait 2 4 3300
3 irecv 3 1100 2312 0
3 irecv 3 1300 2312 0
3 send 3 1300 256 0
3 send 3 1100 256 0
3 wait 4 4 1100
3 wait 4 4 1300
3 irecv 2 2100 2312 0
3 irecv 2 2300 2312 0
3 send 2 2300 544 0
3 send 2 2100 544 0
3 wait 3 4 2100
3 wait 3 4 2300
3 irecv 1 3100 2312 0
3 irecv 1 3300 2312 0
3 send 1 3300 612 0
3 send 1 3100 612 0
3 wait 2 4 3100
3 wait 2 4 3300
3 irecv 3 1100 2312 0
3 irecv 3 1300 2312 0
3 send 3 1300 256 0
3 send 3 1100 256 0
3 wait 4 4 1100
3 wait 4 4 1300
3 irecv 2 2100 2312 0
3 irecv 2 2300 2312 0
3 send 2 2300 544 0
3 send 2 2100 544 0
3 wait 3 4 2100
3 wait 3 4 2300
3 irecv 1 3100 2312 0
3 irecv 1 3300 2312 0
3 send 1 3300 612 0
3 send 1 3100 612 0
3 wait 2 4 3100
3 wait 2 4 3300
3 irecv 3 1100 2312 0
3 irecv 3 1300 2312 0
3 send 3 1300 256 0
3 send 3 1100 256 0
3 wait 4 4 1100
3 wait 4 4 1300
3 irecv 2 2100 2312 0
3 irecv 2 2300 2312 0
3 send 2 2300 544 0
3 send 2 2100 544 0
3 wait 3 4 2100
3 wait 3 4 2300
3 irecv 1 3100 2312 0
3 irecv 1 3300 2312 0
3 send 1 3300 612 0
3 send 1 3100 612 0
3 wait 2 4 3100
3 wait 2 4 3300
3 irecv 3 1100 2312 0
3 irecv 3 1300 2312 0
3 send 3 1300 64 0
3 send 3 1100 64 0
3 wait 4 4 1100
3 wait 4 4 1300
3 irecv 2 2100 2312 0
3 irecv 2 2300 2312 0
3 send 2 2300 144 0
3 send 2 2100 144 0
3 wait 3 4 2100
3 wait 3 4 2300
3 irecv 1 3100 2312 0
3 irecv 1 3300 2312 0
3 send 1 3300 180 0
3 send 1 3100 180 0
3 wait 2 4 3100
3 wait 2 4 3300
3 irecv 3 1100 2312 0
3 irecv 3 1300 2312 0
3 send 3 1300 16 0
3 send 3 1100 16 0
3 wait 4 4 1100
3 wait 4 4 1300
3 irecv 2 2100 2312 0
3 irecv 2 2300 2312 0
3 send 2 2300 40 0
3 send 2 2100 40 0
3 wait 3 4 2100
3 wait 3 4 2300
3 irecv 1 3100 2312 0
3 irecv 1 3300 2312 0
3 send 1 3300 60 0
3 send 1 3100 60 0
3 wait 2 4 3100
3 wait 2 4 3300
3 irecv 3 1100 2312 0
3 irecv 3 1300 2312 0
3 send 3 1300 4 0
3 send 3 1100 4 0
3 wait 4 4 1100
3 wait 4 4 1300
3 irecv 2 2100 2312 0
3 irecv 2 2300 2312 0
3 send 2 2300 12 0
3 send 2 2100 12 0
3 wait 3 4 2100
3 wait 3 4 2300
3 irecv 1 3100 2312 0
3 irecv 1 3300 2312 0
3 send 1 3300 24 0
3 send 1 3100 24 0
3 wait 2 4 3100
3 wait 2 4 3300
3 irecv 3 1100 2312 0
3 irecv 3 1300 2312 0
3 send 3 1300 1 0
3 send 3 1100 1 0
3 wait 4 4 1100
3 wait 4 4 1300
3 irecv 2 2100 2312 0
3 irecv 2 2300 2312 0
3 send 2 2300 4 0
3 send 2 2100 4 0
3 wait 3 4 2100
3 wait 3 4 2300
3 irecv 1 3100 2312 0
3 irecv 1 3300 2312 0
3 send 1 3300 12 0
3 send 1 3100 12 0
3 wait 2 4 3100
3 wait 2 4 3300
3 irecv 3 1100 2312 0
3 irecv 3 1300 2312 0
3 send 3 1300 1 0
3 send 3 1100 1 0
3 wait 4 4 1100
3 wait 4 4 1300
3 irecv 2 2100 2312 0
3 irecv 2 2300 2312 0
3 send 2 2300 4 0
3 send 2 2100 4 0
3 wait 3 4 2100
3 wait 3 4 2300
3 irecv 1 3100 2312 0
3 irecv 1 3300 2312 0
3 send 1 3300 12 0
3 send 1 3100 12 0
3 wait 2 4 3100
3 wait 2 4 3300
3 irecv 3 1100 2312 0
3 irecv 3 1300 2312 0
3 send 3 1300 4 0
3 send 3 1100 4 0
3 wait 4 4 1100
3 wait 4 4 1300
3 irecv 2 2100 2312 0
3 irecv 2 2300 2312 0
3 send 2 2300 12 0
3 send 2 2100 12 0
3 wait 3 4 2100
3 wait 3 4 2300
3 irecv 1 3100 2312 0
3 irecv 1 3300 2312 0
3 send 1 3300 24 0
3 send 1 3100 24 0
3 wait 2 4 3100
3 wait 2 4 3300
3 irecv 3 1100 2312 0
3 irecv 3 1300 2312 0
3 send 3 1300 4 0
3 send 3 1100 4 0
3 wait 4 4 1100
3 wait 4 4 1300
3 irecv 2 2100 2312 0
3 irecv 2 2300 2312 0
3 send 2 2300 12 0
3 send 2 2100 12 0
3 wait 3 4 2100
3 wait 3 4 2300
3 irecv 1 3100 2312 0
3 irecv 1 3300 2312 0
3 send 1 3300 24 0
3 send 1 3100 24 0
3 wait 2 4 3100
3 wait 2 4 3300
3 irecv 3 1100 2312 0
3 irecv 3 1300 2312 0
3 send 3 1300 16 0
3 send 3 1100 16 0
3 wait 4 4 1100
3 wait 4 4 1300
3 irecv 2 2100 2312 0
3 irecv 2 2300 2312 0
3 send 2 2300 40 0
3 send 2 2100 40 0
3 wait 3 4 2100
3 wait 3 4 2300
3 irecv 1 3100 2312 0
3 irecv 1 3300 2312 0
3 send 1 3300 60 0
3 send 1 3100 60 0
3 wait 2 4 3100
3 wait 2 4 3300
3 irecv 3 1100 2312 0
3 irecv 3 1300 2312 0
3 send 3 1300 16 0
3 send 3 1100 16 0
3 wait 4 4 1100
3 wait 4 4 1300
3 irecv 2 2100 2312 0
3 irecv 2 2300 2312 0
3 send 2 2300 40 0
3 send 2 2100 40 0
3 wait 3 4 2100
3 wait 3 4 2300
3 irecv 1 3100 2312 0
3 irecv 1 3300 2312 0
3 send 1 3300 60 0
3 send 1 3100 60 0
3 wait 2 4 3100
3 wait 2 4 3300
3 irecv 3 1100 2312 0
3 irecv 3 1300 2312 0
3 send 3 1300 64 0
3 send 3 1100 64 0
3 wait 4 4 1100
3 wait 4 4 1300
3 irecv 2 2100 2312 0
3 irecv 2 2300 2312 0
3 send 2 2300 144 0
3 send 2 2100 144 0
3 wait 3 4 2100
3 wait 3 4 2300
3 irecv 1 3100 2312 0
3 irecv 1 3300 2312 0
3 send 1 3300 180 0
3 send 1 3100 180 0
3 wait 2 4 3100
3 wait 2 4 3300
3 irecv 3 1100 2312 0
3 irecv 3 1300 2312 0
3 send 3 1300 64 0
3 send 3 1100 64 0
3 wait 4 4 1100
3 wait 4 4 1300
3 irecv 2 2100 2312 0
3 irecv 2 2300 2312 0
3 send 2 2300 144 0
3 send 2 2100 144 0
3 wait 3 4 2100
3 wait 3 4 2300
3 irecv 1 3100 2312 0
3 irecv 1 3300 2312 0
3 send 1 3300 180 0
3 send 1 3100 180 0
3 wait 2 4 3100
3 wait 2 4 3300
3 irecv 3 1100 2312 0
3 irecv 3 1300 2312 0
3 send 3 1300 256 0
3 send 3 1100 256 0
3 wait 4 4 1100
3 wait 4 4 1300
3 irecv 2 2100 2312 0
3 irecv 2 2300 2312 0
3 send 2 2300 544 0
3 send 2 2100 544 0
3 wait 3 4 2100
3 wait 3 4 2300
3 irecv 1 3100 2312 0
3 irecv 1 3300 2312 0
3 send 1 3300 612 0
3 send 1 3100 612 0
3 wait 2 4 3100
3 wait 2 4 3300
3 irecv 3 1100 2312 0
3 irecv 3 1300 2312 0
3 send 3 1300 256 0
3 send 3 1100 256 0
3 wait 4 4 1100
3 wait 4 4 1300
3 irecv 2 2100 2312 0
3 irecv 2 2300 2312 0
3 send 2 2300 544 0
3 send 2 2100 544 0
3 wait 3 4 2100
3 wait 3 4 2300
3 irecv 1 3100 2312 0
3 irecv 1 3300 2312 0
3 send 1 3300 612 0
3 send 1 3100 612 0
3 wait 2 4 3100
3 wait 2 4 3300
3 irecv 3 1100 2312 0
3 irecv 3 1300 2312 0
3 send 3 1300 256 0
3 send 3 1100 256 0
3 wait 4 4 1100
3 wait 4 4 1300
3 irecv 2 2100 2312 0
3 irecv 2 2300 2312 0
3 send 2 2300 544 0
3 send 2 2100 544 0
3 wait 3 4 2100
3 wait 3 4 2300
3 irecv 1 3100 2312 0
3 irecv 1 3300 2312 0
3 send 1 3300 612 0
3 send 1 3100 612 0
3 wait 2 4 3100
3 wait 2 4 3300
3 irecv 3 1100 2312 0
3 irecv 3 1300 2312 0
3 send 3 1300 64 0
3 send 3 1100 64 0
3 wait 4 4 1100
3 wait 4 4 1300
3 irecv 2 2100 2312 0
3 irecv 2 2300 2312 0
3 send 2 2300 144 0
3 send 2 2100 144 0
3 wait 3 4 2100
3 wait 3 4 2300
3 irecv 1 3100 2312 0
3 irecv 1 3300 2312 0
3 send 1 3300 180 0
3 send 1 3100 180 0
3 wait 2 4 3100
3 wait 2 4 3300
3 irecv 3 1100 2312 0
3 irecv 3 1300 2312 0
3 send 3 1300 16 0
3 send 3 1100 16 0
3 wait 4 4 1100
3 wait 4 4 1300
3 irecv 2 2100 2312 0
3 irecv 2 2300 2312 0
3 send 2 2300 40 0
3 send 2 2100 40 0
3 wait 3 4 2100
3 wait 3 4 2300
3 irecv 1 3100 2312 0
3 irecv 1 3300 2312 0
3 send 1 3300 60 0
3 send 1 3100 60 0
3 wait 2 4 3100
3 wait 2 4 3300
3 irecv 3 1100 2312 0
3 irecv 3 1300 2312 0
3 send 3 1300 4 0
3 send 3 1100 4 0
3 wait 4 4 1100
3 wait 4 4 1300
3 irecv 2 2100 2312 0
3 irecv 2 2300 2312 0
3 send 2 2300 12 0
3 send 2 2100 12 0
3 wait 3 4 2100
3 wait 3 4 2300
3 irecv 1 3100 2312 0
3 irecv 1 3300 2312 0
3 send 1 3300 24 0
3 send 1 3100 24 0
3 wait 2 4 3100
3 wait 2 4 3300
3 irecv 3 1100 2312 0
3 irecv 3 1300 2312 0
3 send 3 1300 1 0
3 send 3 1100 1 0
3 wait 4 4 1100
3 wait 4 4 1300
3 irecv 2 2100 2312 0
3 irecv 2 2300 2312 0
3 send 2 2300 4 0
3 send 2 2100 4 0
3 wait 3 4 2100
3 wait 3 4 2300
3 irecv 1 3100 2312 0
3 irecv 1 3300 2312 0
3 send 1 3300 12 0
3 send 1 3100 12 0
3 wait 2 4 3100
3 wait 2 4 3300
3 irecv 3 1100 2312 0
3 irecv 3 1300 2312 0
3 send 3 1300 1 0
3 send 3 1100 1 0
3 wait 4 4 1100
3 wait 4 4 1300
3 irecv 2 2100 2312 0
3 irecv 2 2300 2312 0
3 send 2 2300 4 0
3 send 2 2100 4 0
3 wait 3 4 2100
3 wait 3 4 2300
3 irecv 1 3100 2312 0
3 irecv 1 3300 2312 0
3 send 1 3300 12 0
3 send 1 3100 12 0
3 wait 2 4 3100
3 wait 2 4 3300
3 irecv 3 1100 2312 0
3 irecv 3 1300 2312 0
3 send 3 1300 4 0
3 send 3 1100 4 0
3 wait 4 4 1100
3 wait 4 4 1300
3 irecv 2 2100 2312 0
3 irecv 2 2300 2312 0
3 send 2 2300 12 0
3 send 2 2100 12 0
3 wait 3 4 2100
3 wait 3 4 2300
3 irecv 1 3100 2312 0
3 irecv 1 3300 2312 0
3 send 1 3300 24 0
3 send 1 3100 24 0
3 wait 2 4 3100
3 wait 2 4 3300
3 irecv 3 1100 2312 0
3 irecv 3 1300 2312 0
3 send 3 1300 4 0
3 send 3 1100 4 0
3 wait 4 4 1100
3 wait 4 4 1300
3 irecv 2 2100 2312 0
3 irecv 2 2300 2312 0
3 send 2 2300 12 0
3 send 2 2100 12 0
3 wait 3 4 2100
3 wait 3 4 2300
3 irecv 1 3100 2312 0
3 irecv 1 3300 2312 0
3 send 1 3300 24 0
3 send 1 3100 24 0
3 wait 2 4 3100
3 wait 2 4 3300
3 irecv 3 1100 2312 0
3 irecv 3 1300 2312 0
3 send 3 1300 16 0
3 send 3 1100 16 0
3 wait 4 4 1100
3 wait 4 4 1300
3 irecv 2 2100 2312 0
3 irecv 2 2300 2312 0
3 send 2 2300 40 0
3 send 2 2100 40 0
3 wait 3 4 2100
3 wait 3 4 2300
3 irecv 1 3100 2312 0
3 irecv 1 3300 2312 0
3 send 1 3300 60 0
3 send 1 3100 60 0
3 wait 2 4 3100
3 wait 2 4 3300
3 irecv 3 1100 2312 0
3 irecv 3 1300 2312 0
3 send 3 1300 16 0
3 send 3 1100 16 0
3 wait 4 4 1100
3 wait 4 4 1300
3 irecv 2 2100 2312 0
3 irecv 2 2300 2312 0
3 send 2 2300 40 0
3 send 2 2100 40 0
3 wait 3 4 2100
3 wait 3 4 2300
3 irecv 1 3100 2312 0
3 irecv 1 3300 2312 0
3 send 1 3300 60 0
3 send 1 3100 60 0
3 wait 2 4 3100
3 wait 2 4 3300
3 irecv 3 1100 2312 0
3 irecv 3 1300 2312 0
3 send 3 1300 64 0
3 send 3 1100 64 0
3 wait 4 4 1100
3 wait 4 4 1300
3 irecv 2 2100 2312 0
3 irecv 2 2300 2312 0
3 send 2 2300 144 0
3 send 2 2100 144 0
3 wait 3 4 2100
3 wait 3 4 2300
3 irecv 1 3100 2312 0
3 irecv 1 3300 2312 0
3 send 1 3300 180 0
3 send 1 3100 180 0
3 wait 2 4 3100
3 wait 2 4 3300
3 irecv 3 1100 2312 0
3 irecv 3 1300 2312 0
3 send 3 1300 64 0
3 send 3 1100 64 0
3 wait 4 4 1100
3 wait 4 4 1300
3 irecv 2 2100 2312 0
3 irecv 2 2300 2312 0
3 send 2 2300 144 0
3 send 2 2100 144 0
3 wait 3 4 2100
3 wait 3 4 2300
3 irecv 1 3100 2312 0
3 irecv 1 3300 2312 0
3 send 1 3300 180 0
3 send 1 3100 180 0
3 wait 2 4 3100
3 wait 2 4 3300
3 irecv 3 1100 2312 0
3 irecv 3 1300 2312 0
3 send 3 1300 256 0
3 send 3 1100 256 0
3 wait 4 4 1100
3 wait 4 4 1300
3 irecv 2 2100 2312 0
3 irecv 2 2300 2312 0
3 send 2 2300 544 0
3 send 2 2100 544 0
3 wait 3 4 2100
3 wait 3 4 2300
3 irecv 1 3100 2312 0
3 irecv 1 3300 2312 0
3 send 1 3300 612 0
3 send 1 3100 612 0
3 wait 2 4 3100
3 wait 2 4 3300
3 irecv 3 1100 2312 0
3 irecv 3 1300 2312 0
3 send 3 1300 256 0
3 send 3 1100 256 0
3 wait 4 4 1100
3 wait 4 4 1300
3 irecv 2 2100 2312 0
3 irecv 2 2300 2312 0
3 send 2 2300 544 0
3 send 2 2100 544 0
3 wait 3 4 2100
3 wait 3 4 2300
3 irecv 1 3100 2312 0
3 irecv 1 3300 2312 0
3 send 1 3300 612 0
3 send 1 3100 612 0
3 wait 2 4 3100
3 wait 2 4 3300
3 irecv 3 1100 2312 0
3 irecv 3 1300 2312 0
3 send 3 1300 256 0
3 send 3 1100 256 0
3 wait 4 4 1100
3 wait 4 4 1300
3 irecv 2 2100 2312 0
3 irecv 2 2300 2312 0
3 send 2 2300 544 0
3 send 2 2100 544 0
3 wait 3 4 2100
3 wait 3 4 2300
3 irecv 1 3100 2312 0
3 irecv 1 3300 2312 0
3 send 1 3300 612 0
3 send 1 3100 612 0
3 wait 2 4 3100
3 wait 2 4 3300
3 irecv 3 1100 2312 0
3 irecv 3 1300 2312 0
3 send 3 1300 64 0
3 send 3 1100 64 0
3 wait 4 4 1100
3 wait 4 4 1300
3 irecv 2 2100 2312 0
3 irecv 2 2300 2312 0
3 send 2 2300 144 0
3 send 2 2100 144 0
3 wait 3 4 2100
3 wait 3 4 2300
3 irecv 1 3100 2312 0
3 irecv 1 3300 2312 0
3 send 1 3300 180 0
3 send 1 3100 180 0
3 wait 2 4 3100
3 wait 2 4 3300
3 irecv 3 1100 2312 0
3 irecv 3 1300 2312 0
3 send 3 1300 16 0
3 send 3 1100 16 0
3 wait 4 4 1100
3 wait 4 4 1300
3 irecv 2 2100 2312 0
3 irecv 2 2300 2312 0
3 send 2 2300 40 0
3 send 2 2100 40 0
3 wait 3 4 2100
3 wait 3 4 2300
3 irecv 1 3100 2312 0
3 irecv 1 3300 2312 0
3 send 1 3300 60 0
3 send 1 3100 60 0
3 wait 2 4 3100
3 wait 2 4 3300
3 irecv 3 1100 2312 0
3 irecv 3 1300 2312 0
3 send 3 1300 4 0
3 send 3 1100 4 0
3 wait 4 4 1100
3 wait 4 4 1300
3 irecv 2 2100 2312 0
3 irecv 2 2300 2312 0
3 send 2 2300 12 0
3 send 2 2100 12 0
3 wait 3 4 2100
3 wait 3 4 2300
3 irecv 1 3100 2312 0
3 irecv 1 3300 2312 0
3 send 1 3300 24 0
3 send 1 3100 24 0
3 wait 2 4 3100
3 wait 2 4 3300
3 irecv 3 1100 2312 0
3 irecv 3 1300 2312 0
3 send 3 1300 1 0
3 send 3 1100 1 0
3 wait 4 4 1100
3 wait 4 4 1300
3 irecv 2 2100 2312 0
3 irecv 2 2300 2312 0
3 send 2 2300 4 0
3 send 2 2100 4 0
3 wait 3 4 2100
3 wait 3 4 2300
3 irecv 1 3100 2312 0
3 irecv 1 3300 2312 0
3 send 1 3300 12 0
3 send 1 3100 12 0
3 wait 2 4 3100
3 wait 2 4 3300
3 irecv 3 1100 2312 0
3 irecv 3 1300 2312 0
3 send 3 1300 1 0
3 send 3 1100 1 0
3 wait 4 4 1100
3 wait 4 4 1300
3 irecv 2 2100 2312 0
3 irecv 2 2300 2312 0
3 send 2 2300 4 0
3 send 2 2100 4 0
3 wait 3 4 2100
3 wait 3 4 2300
3 irecv 1 3100 2312 0
3 irecv 1 3300 2312 0
3 send 1 3300 12 0
3 send 1 3100 12 0
3 wait 2 4 3100
3 wait 2 4 3300
3 irecv 3 1100 2312 0
3 irecv 3 1300 2312 0
3 send 3 1300 4 0
3 send 3 1100 4 0
3 wait 4 4 1100
3 wait 4 4 1300
3 irecv 2 2100 2312 0
3 irecv 2 2300 2312 0
3 send 2 2300 12 0
3 send 2 2100 12 0
3 wait 3 4 2100
3 wait 3 4 2300
3 irecv 1 3100 2312 0
3 irecv 1 3300 2312 0
3 send 1 3300 24 0
3 send 1 3100 24 0
3 wait 2 4 3100
3 wait 2 4 3300
3 irecv 3 1100 2312 0
3 irecv 3 1300 2312 0
3 send 3 1300 4 0
3 send 3 1100 4 0
3 wait 4 4 1100
3 wait 4 4 1300
3 irecv 2 2100 2312 0
3 irecv 2 2300 2312 0
3 send 2 2300 12 0
3 send 2 2100 12 0
3 wait 3 4 2100
3 wait 3 4 2300
3 irecv 1 3100 2312 0
3 irecv 1 3300 2312 0
3 send 1 3300 24 0
3 send 1 3100 24 0
3 wait 2 4 3100
3 wait 2 4 3300
3 irecv 3 1100 2312 0
3 irecv 3 1300 2312 0
3 send 3 1300 16 0
3 send 3 1100 16 0
3 wait 4 4 1100
3 wait 4 4 1300
3 irecv 2 2100 2312 0
3 irecv 2 2300 2312 0
3 send 2 2300 40 0
3 send 2 2100 40 0
3 wait 3 4 2100
3 wait 3 4 2300
3 irecv 1 3100 2312 0
3 irecv 1 3300 2312 0
3 send 1 3300 60 0
3 send 1 3100 60 0
3 wait 2 4 3100
3 wait 2 4 3300
3 irecv 3 1100 2312 0
3 irecv 3 1300 2312 0
3 send 3 1300 16 0
3 send 3 1100 16 0
3 wait 4 4 1100
3 wait 4 4 1300
3 irecv 2 2100 2312 0
3 irecv 2 2300 2312 0
3 send 2 2300 40 0
3 send 2 2100 40 0
3 wait 3 4 2100
3 wait 3 4 2300
3 irecv 1 3100 2312 0
3 irecv 1 3300 2312 0
3 send 1 3300 60 0
3 send 1 3100 60 0
3 wait 2 4 3100
3 wait 2 4 3300
3 irecv 3 1100 2312 0
3 irecv 3 1300 2312 0
3 send 3 1300 64 0
3 send 3 1100 64 0
3 wait 4 4 1100
3 wait 4 4 1300
3 irecv 2 2100 2312 0
3 irecv 2 2300 2312 0
3 send 2 2300 144 0
3 send 2 2100 144 0
3 wait 3 4 2100
3 wait 3 4 2300
3 irecv 1 3100 2312 0
3 irecv 1 3300 2312 0
3 send 1 3300 180 0
3 send 1 3100 180 0
3 wait 2 4 3100
3 wait 2 4 3300
3 irecv 3 1100 2312 0
3 irecv 3 1300 2312 0
3 send 3 1300 64 0
3 send 3 1100 64 0
3 wait 4 4 1100
3 wait 4 4 1300
3 irecv 2 2100 2312 0
3 irecv 2 2300 2312 0
3 send 2 2300 144 0
3 send 2 2100 144 0
3 wait 3 4 2100
3 wait 3 4 2300
3 irecv 1 3100 2312 0
3 irecv 1 3300 2312 0
3 send 1 3300 180 0
3 send 1 3100 180 0
3 wait 2 4 3100
3 wait 2 4 3300
3 irecv 3 1100 2312 0
3 irecv 3 1300 2312 0
3 send 3 1300 256 0
3 send 3 1100 256 0
3 wait 4 4 1100
3 wait 4 4 1300
3 irecv 2 2100 2312 0
3 irecv 2 2300 2312 0
3 send 2 2300 544 0
3 send 2 2100 544 0
3 wait 3 4 2100
3 wait 3 4 2300
3 irecv 1 3100 2312 0
3 irecv 1 3300 2312 0
3 send 1 3300 612 0
3 send 1 3100 612 0
3 wait 2 4 3100
3 wait 2 4 3300
3 irecv 3 1100 2312 0
3 irecv 3 1300 2312 0
3 send 3 1300 256 0
3 send 3 1100 256 0
3 wait 4 4 1100
3 wait 4 4 1300
3 irecv 2 2100 2312 0
3 irecv 2 2300 2312 0
3 send 2 2300 544 0
3 send 2 2100 544 0
3 wait 3 4 2100
3 wait 3 4 2300
3 irecv 1 3100 2312 0
3 irecv 1 3300 2312 0
3 send 1 3300 612 0
3 send 1 3100 612 0
3 wait 2 4 3100
3 wait 2 4 3300
3 irecv 3 1100 2312 0
3 irecv 3 1300 2312 0
3 send 3 1300 256 0
3 send 3 1100 256 0
3 wait 4 4 1100
3 wait 4 4 1300
3 irecv 2 2100 2312 0
3 irecv 2 2300 2312 0
3 send 2 2300 544 0
3 send 2 2100 544 0
3 wait 3 4 2100
3 wait 3 4 2300
3 irecv 1 3100 2312 0
3 irecv 1 3300 2312 0
3 send 1 3300 612 0
3 send 1 3100 612 0
3 wait 2 4 3100
3 wait 2 4 3300
3 allreduce 1 0 0 
3 allreduce 1 0 0 
3 reduce 1 0 0 0 
3 finalize
