8 init
8 barrier
8 bcast 1 0 1 
8 bcast 1 0 1 
8 bcast 1 0 1 
8 bcast 1 0 1 
8 bcast 1 0 1 
8 bcast 8 0 1 
8 bcast 1 0 16 
8 barrier
8 allreduce 1 0 0 
8 allreduce 4 0 1 
8 allreduce 1 0 0 
8 allreduce 4 0 1 
8 allreduce 1 0 0 
8 allreduce 4 0 1 
8 allreduce 1 0 0 
8 allreduce 4 0 1 
8 allreduce 1 0 0 
8 allreduce 4 0 1 
8 allreduce 1 0 0 
8 allreduce 4 0 1 
8 allreduce 1 0 0 
8 allreduce 4 0 1 
8 allreduce 1 0 0 
8 allreduce 4 0 1 
8 allreduce 1 0 0 
8 allreduce 4 0 1 
8 allreduce 1 0 0 
8 allreduce 4 0 1 
8 allreduce 1 0 0 
8 allreduce 4 0 1 
8 allreduce 1 0 0 
8 allreduce 4 0 1 
8 allreduce 1 0 0 
8 allreduce 4 0 1 
8 allreduce 1 0 0 
8 allreduce 4 0 1 
8 allreduce 1 0 0 
8 allreduce 4 0 1 
8 allreduce 1 0 0 
8 allreduce 4 0 1 
8 allreduce 1 0 0 
8 allreduce 4 0 1 
8 allreduce 1 0 0 
8 allreduce 4 0 1 
8 allreduce 1 0 0 
8 allreduce 4 0 1 
8 allreduce 1 0 0 
8 allreduce 4 0 1 
8 barrier
8 irecv 9 1100 648 0
8 irecv 9 1300 648 0
8 send 9 1300 128 0
8 send 9 1100 128 0
8 wait 10 9 1100
8 wait 10 9 1300
8 irecv 10 2100 648 0
8 irecv 10 2300 648 0
8 send 10 2300 144 0
8 send 10 2100 144 0
8 wait 11 9 2100
8 wait 11 9 2300
8 irecv 12 3100 648 0
8 irecv 4 3300 648 0
8 send 12 3300 324 0
8 send 4 3100 324 0
8 wait 13 9 3100
8 wait 5 9 3300
8 allreduce 1 0 0 
8 allreduce 1 0 0 
8 irecv 9 1100 648 0
8 irecv 9 1300 648 0
8 send 9 1300 128 0
8 send 9 1100 128 0
8 wait 10 9 1100
8 wait 10 9 1300
8 irecv 10 2100 648 0
8 irecv 10 2300 648 0
8 send 10 2300 144 0
8 send 10 2100 144 0
8 wait 11 9 2100
8 wait 11 9 2300
8 irecv 12 3100 648 0
8 irecv 4 3300 648 0
8 send 12 3300 324 0
8 send 4 3100 324 0
8 wait 13 9 3100
8 wait 5 9 3300
8 allreduce 1 0 0 
8 allreduce 1 0 0 
8 irecv 9 1100 648 0
8 irecv 9 1300 648 0
8 send 9 1300 32 0
8 send 9 1100 32 0
8 wait 10 9 1100
8 wait 10 9 1300
8 irecv 10 2100 648 0
8 irecv 10 2300 648 0
8 send 10 2300 40 0
8 send 10 2100 40 0
8 wait 11 9 2100
8 wait 11 9 2300
8 irecv 12 3100 648 0
8 irecv 4 3300 648 0
8 send 12 3300 100 0
8 send 4 3100 100 0
8 wait 13 9 3100
8 wait 5 9 3300
8 irecv 9 1100 648 0
8 irecv 9 1300 648 0
8 send 9 1300 8 0
8 send 9 1100 8 0
8 wait 10 9 1100
8 wait 10 9 1300
8 irecv 10 2100 648 0
8 irecv 10 2300 648 0
8 send 10 2300 12 0
8 send 10 2100 12 0
8 wait 11 9 2100
8 wait 11 9 2300
8 irecv 12 3100 648 0
8 irecv 4 3300 648 0
8 send 12 3300 36 0
8 send 4 3100 36 0
8 wait 13 9 3100
8 wait 5 9 3300
8 irecv 9 1100 648 0
8 irecv 9 1300 648 0
8 send 9 1300 2 0
8 send 9 1100 2 0
8 wait 10 9 1100
8 wait 10 9 1300
8 irecv 10 2100 648 0
8 irecv 10 2300 648 0
8 send 10 2300 4 0
8 send 10 2100 4 0
8 wait 11 9 2100
8 wait 11 9 2300
8 irecv 12 3100 648 0
8 irecv 4 3300 648 0
8 send 12 3300 16 0
8 send 4 3100 16 0
8 wait 13 9 3100
8 wait 5 9 3300
8 irecv 12 3100 648 0
8 irecv 4 3300 648 0
8 wait 13 9 3100
8 wait 5 9 3300
8 irecv 9 1100 648 0
8 irecv 9 1300 648 0
8 send 9 1300 2 0
8 send 9 1100 2 0
8 wait 10 9 1100
8 wait 10 9 1300
8 irecv 10 2100 648 0
8 irecv 10 2300 648 0
8 send 10 2300 4 0
8 send 10 2100 4 0
8 wait 11 9 2100
8 wait 11 9 2300
8 irecv 12 3100 648 0
8 irecv 4 3300 648 0
8 send 12 3300 16 0
8 send 4 3100 16 0
8 wait 13 9 3100
8 wait 5 9 3300
8 irecv 9 1100 648 0
8 irecv 9 1300 648 0
8 send 9 1300 2 0
8 send 9 1100 2 0
8 wait 10 9 1100
8 wait 10 9 1300
8 irecv 10 2100 648 0
8 irecv 10 2300 648 0
8 send 10 2300 4 0
8 send 10 2100 4 0
8 wait 11 9 2100
8 wait 11 9 2300
8 irecv 12 3100 648 0
8 irecv 4 3300 648 0
8 send 12 3300 16 0
8 send 4 3100 16 0
8 wait 13 9 3100
8 wait 5 9 3300
8 irecv 9 1100 648 0
8 irecv 9 1300 648 0
8 send 9 1300 8 0
8 send 9 1100 8 0
8 wait 10 9 1100
8 wait 10 9 1300
8 irecv 10 2100 648 0
8 irecv 10 2300 648 0
8 send 10 2300 12 0
8 send 10 2100 12 0
8 wait 11 9 2100
8 wait 11 9 2300
8 irecv 12 3100 648 0
8 irecv 4 3300 648 0
8 send 12 3300 36 0
8 send 4 3100 36 0
8 wait 13 9 3100
8 wait 5 9 3300
8 irecv 9 1100 648 0
8 irecv 9 1300 648 0
8 send 9 1300 8 0
8 send 9 1100 8 0
8 wait 10 9 1100
8 wait 10 9 1300
8 irecv 10 2100 648 0
8 irecv 10 2300 648 0
8 send 10 2300 12 0
8 send 10 2100 12 0
8 wait 11 9 2100
8 wait 11 9 2300
8 irecv 12 3100 648 0
8 irecv 4 3300 648 0
8 send 12 3300 36 0
8 send 4 3100 36 0
8 wait 13 9 3100
8 wait 5 9 3300
8 irecv 9 1100 648 0
8 irecv 9 1300 648 0
8 send 9 1300 32 0
8 send 9 1100 32 0
8 wait 10 9 1100
8 wait 10 9 1300
8 irecv 10 2100 648 0
8 irecv 10 2300 648 0
8 send 10 2300 40 0
8 send 10 2100 40 0
8 wait 11 9 2100
8 wait 11 9 2300
8 irecv 12 3100 648 0
8 irecv 4 3300 648 0
8 send 12 3300 100 0
8 send 4 3100 100 0
8 wait 13 9 3100
8 wait 5 9 3300
8 irecv 9 1100 648 0
8 irecv 9 1300 648 0
8 send 9 1300 32 0
8 send 9 1100 32 0
8 wait 10 9 1100
8 wait 10 9 1300
8 irecv 10 2100 648 0
8 irecv 10 2300 648 0
8 send 10 2300 40 0
8 send 10 2100 40 0
8 wait 11 9 2100
8 wait 11 9 2300
8 irecv 12 3100 648 0
8 irecv 4 3300 648 0
8 send 12 3300 100 0
8 send 4 3100 100 0
8 wait 13 9 3100
8 wait 5 9 3300
8 irecv 9 1100 648 0
8 irecv 9 1300 648 0
8 send 9 1300 128 0
8 send 9 1100 128 0
8 wait 10 9 1100
8 wait 10 9 1300
8 irecv 10 2100 648 0
8 irecv 10 2300 648 0
8 send 10 2300 144 0
8 send 10 2100 144 0
8 wait 11 9 2100
8 wait 11 9 2300
8 irecv 12 3100 648 0
8 irecv 4 3300 648 0
8 send 12 3300 324 0
8 send 4 3100 324 0
8 wait 13 9 3100
8 wait 5 9 3300
8 irecv 9 1100 648 0
8 irecv 9 1300 648 0
8 send 9 1300 128 0
8 send 9 1100 128 0
8 wait 10 9 1100
8 wait 10 9 1300
8 irecv 10 2100 648 0
8 irecv 10 2300 648 0
8 send 10 2300 144 0
8 send 10 2100 144 0
8 wait 11 9 2100
8 wait 11 9 2300
8 irecv 12 3100 648 0
8 irecv 4 3300 648 0
8 send 12 3300 324 0
8 send 4 3100 324 0
8 wait 13 9 3100
8 wait 5 9 3300
8 irecv 9 1100 648 0
8 irecv 9 1300 648 0
8 send 9 1300 128 0
8 send 9 1100 128 0
8 wait 10 9 1100
8 wait 10 9 1300
8 irecv 10 2100 648 0
8 irecv 10 2300 648 0
8 send 10 2300 144 0
8 send 10 2100 144 0
8 wait 11 9 2100
8 wait 11 9 2300
8 irecv 12 3100 648 0
8 irecv 4 3300 648 0
8 send 12 3300 324 0
8 send 4 3100 324 0
8 wait 13 9 3100
8 wait 5 9 3300
8 barrier
8 allreduce 1 0 0 
8 allreduce 4 0 1 
8 allreduce 1 0 0 
8 allreduce 4 0 1 
8 allreduce 1 0 0 
8 allreduce 4 0 1 
8 allreduce 1 0 0 
8 allreduce 4 0 1 
8 allreduce 1 0 0 
8 allreduce 4 0 1 
8 allreduce 1 0 0 
8 allreduce 4 0 1 
8 allreduce 1 0 0 
8 allreduce 4 0 1 
8 allreduce 1 0 0 
8 allreduce 4 0 1 
8 allreduce 1 0 0 
8 allreduce 4 0 1 
8 allreduce 1 0 0 
8 allreduce 4 0 1 
8 allreduce 1 0 0 
8 allreduce 4 0 1 
8 allreduce 1 0 0 
8 allreduce 4 0 1 
8 allreduce 1 0 0 
8 allreduce 4 0 1 
8 allreduce 1 0 0 
8 allreduce 4 0 1 
8 allreduce 1 0 0 
8 allreduce 4 0 1 
8 allreduce 1 0 0 
8 allreduce 4 0 1 
8 allreduce 1 0 0 
8 allreduce 4 0 1 
8 allreduce 1 0 0 
8 allreduce 4 0 1 
8 allreduce 1 0 0 
8 allreduce 4 0 1 
8 allreduce 1 0 0 
8 allreduce 4 0 1 
8 barrier
8 irecv 9 1100 648 0
8 irecv 9 1300 648 0
8 send 9 1300 128 0
8 send 9 1100 128 0
8 wait 10 9 1100
8 wait 10 9 1300
8 irecv 10 2100 648 0
8 irecv 10 2300 648 0
8 send 10 2300 144 0
8 send 10 2100 144 0
8 wait 11 9 2100
8 wait 11 9 2300
8 irecv 12 3100 648 0
8 irecv 4 3300 648 0
8 send 12 3300 324 0
8 send 4 3100 324 0
8 wait 13 9 3100
8 wait 5 9 3300
8 barrier
8 irecv 9 1100 648 0
8 irecv 9 1300 648 0
8 send 9 1300 128 0
8 send 9 1100 128 0
8 wait 10 9 1100
8 wait 10 9 1300
8 irecv 10 2100 648 0
8 irecv 10 2300 648 0
8 send 10 2300 144 0
8 send 10 2100 144 0
8 wait 11 9 2100
8 wait 11 9 2300
8 irecv 12 3100 648 0
8 irecv 4 3300 648 0
8 send 12 3300 324 0
8 send 4 3100 324 0
8 wait 13 9 3100
8 wait 5 9 3300
8 allreduce 1 0 0 
8 allreduce 1 0 0 
8 irecv 9 1100 648 0
8 irecv 9 1300 648 0
8 send 9 1300 32 0
8 send 9 1100 32 0
8 wait 10 9 1100
8 wait 10 9 1300
8 irecv 10 2100 648 0
8 irecv 10 2300 648 0
8 send 10 2300 40 0
8 send 10 2100 40 0
8 wait 11 9 2100
8 wait 11 9 2300
8 irecv 12 3100 648 0
8 irecv 4 3300 648 0
8 send 12 3300 100 0
8 send 4 3100 100 0
8 wait 13 9 3100
8 wait 5 9 3300
8 irecv 9 1100 648 0
8 irecv 9 1300 648 0
8 send 9 1300 8 0
8 send 9 1100 8 0
8 wait 10 9 1100
8 wait 10 9 1300
8 irecv 10 2100 648 0
8 irecv 10 2300 648 0
8 send 10 2300 12 0
8 send 10 2100 12 0
8 wait 11 9 2100
8 wait 11 9 2300
8 irecv 12 3100 648 0
8 irecv 4 3300 648 0
8 send 12 3300 36 0
8 send 4 3100 36 0
8 wait 13 9 3100
8 wait 5 9 3300
8 irecv 9 1100 648 0
8 irecv 9 1300 648 0
8 send 9 1300 2 0
8 send 9 1100 2 0
8 wait 10 9 1100
8 wait 10 9 1300
8 irecv 10 2100 648 0
8 irecv 10 2300 648 0
8 send 10 2300 4 0
8 send 10 2100 4 0
8 wait 11 9 2100
8 wait 11 9 2300
8 irecv 12 3100 648 0
8 irecv 4 3300 648 0
8 send 12 3300 16 0
8 send 4 3100 16 0
8 wait 13 9 3100
8 wait 5 9 3300
8 irecv 12 3100 648 0
8 irecv 4 3300 648 0
8 wait 13 9 3100
8 wait 5 9 3300
8 irecv 9 1100 648 0
8 irecv 9 1300 648 0
8 send 9 1300 2 0
8 send 9 1100 2 0
8 wait 10 9 1100
8 wait 10 9 1300
8 irecv 10 2100 648 0
8 irecv 10 2300 648 0
8 send 10 2300 4 0
8 send 10 2100 4 0
8 wait 11 9 2100
8 wait 11 9 2300
8 irecv 12 3100 648 0
8 irecv 4 3300 648 0
8 send 12 3300 16 0
8 send 4 3100 16 0
8 wait 13 9 3100
8 wait 5 9 3300
8 irecv 9 1100 648 0
8 irecv 9 1300 648 0
8 send 9 1300 2 0
8 send 9 1100 2 0
8 wait 10 9 1100
8 wait 10 9 1300
8 irecv 10 2100 648 0
8 irecv 10 2300 648 0
8 send 10 2300 4 0
8 send 10 2100 4 0
8 wait 11 9 2100
8 wait 11 9 2300
8 irecv 12 3100 648 0
8 irecv 4 3300 648 0
8 send 12 3300 16 0
8 send 4 3100 16 0
8 wait 13 9 3100
8 wait 5 9 3300
8 irecv 9 1100 648 0
8 irecv 9 1300 648 0
8 send 9 1300 8 0
8 send 9 1100 8 0
8 wait 10 9 1100
8 wait 10 9 1300
8 irecv 10 2100 648 0
8 irecv 10 2300 648 0
8 send 10 2300 12 0
8 send 10 2100 12 0
8 wait 11 9 2100
8 wait 11 9 2300
8 irecv 12 3100 648 0
8 irecv 4 3300 648 0
8 send 12 3300 36 0
8 send 4 3100 36 0
8 wait 13 9 3100
8 wait 5 9 3300
8 irecv 9 1100 648 0
8 irecv 9 1300 648 0
8 send 9 1300 8 0
8 send 9 1100 8 0
8 wait 10 9 1100
8 wait 10 9 1300
8 irecv 10 2100 648 0
8 irecv 10 2300 648 0
8 send 10 2300 12 0
8 send 10 2100 12 0
8 wait 11 9 2100
8 wait 11 9 2300
8 irecv 12 3100 648 0
8 irecv 4 3300 648 0
8 send 12 3300 36 0
8 send 4 3100 36 0
8 wait 13 9 3100
8 wait 5 9 3300
8 irecv 9 1100 648 0
8 irecv 9 1300 648 0
8 send 9 1300 32 0
8 send 9 1100 32 0
8 wait 10 9 1100
8 wait 10 9 1300
8 irecv 10 2100 648 0
8 irecv 10 2300 648 0
8 send 10 2300 40 0
8 send 10 2100 40 0
8 wait 11 9 2100
8 wait 11 9 2300
8 irecv 12 3100 648 0
8 irecv 4 3300 648 0
8 send 12 3300 100 0
8 send 4 3100 100 0
8 wait 13 9 3100
8 wait 5 9 3300
8 irecv 9 1100 648 0
8 irecv 9 1300 648 0
8 send 9 1300 32 0
8 send 9 1100 32 0
8 wait 10 9 1100
8 wait 10 9 1300
8 irecv 10 2100 648 0
8 irecv 10 2300 648 0
8 send 10 2300 40 0
8 send 10 2100 40 0
8 wait 11 9 2100
8 wait 11 9 2300
8 irecv 12 3100 648 0
8 irecv 4 3300 648 0
8 send 12 3300 100 0
8 send 4 3100 100 0
8 wait 13 9 3100
8 wait 5 9 3300
8 irecv 9 1100 648 0
8 irecv 9 1300 648 0
8 send 9 1300 128 0
8 compute 312.5
8 send 9 1100 128 0
8 wait 10 9 1100
8 wait 10 9 1300
8 irecv 10 2100 648 0
8 irecv 10 2300 648 0
8 send 10 2300 144 0
8 send 10 2100 144 0
8 wait 11 9 2100
8 wait 11 9 2300
8 irecv 12 3100 648 0
8 irecv 4 3300 648 0
8 send 12 3300 324 0
8 send 4 3100 324 0
8 wait 13 9 3100
8 wait 5 9 3300
8 irecv 9 1100 648 0
8 irecv 9 1300 648 0
8 send 9 1300 128 0
8 send 9 1100 128 0
8 wait 10 9 1100
8 wait 10 9 1300
8 irecv 10 2100 648 0
8 irecv 10 2300 648 0
8 send 10 2300 144 0
8 send 10 2100 144 0
8 wait 11 9 2100
8 wait 11 9 2300
8 irecv 12 3100 648 0
8 irecv 4 3300 648 0
8 send 12 3300 324 0
8 send 4 3100 324 0
8 wait 13 9 3100
8 wait 5 9 3300
8 irecv 9 1100 648 0
8 irecv 9 1300 648 0
8 send 9 1300 128 0
8 send 9 1100 128 0
8 wait 10 9 1100
8 wait 10 9 1300
8 irecv 10 2100 648 0
8 irecv 10 2300 648 0
8 send 10 2300 144 0
8 send 10 2100 144 0
8 wait 11 9 2100
8 wait 11 9 2300
8 irecv 12 3100 648 0
8 irecv 4 3300 648 0
8 send 12 3300 324 0
8 send 4 3100 324 0
8 wait 13 9 3100
8 wait 5 9 3300
8 irecv 9 1100 648 0
8 irecv 9 1300 648 0
8 send 9 1300 32 0
8 send 9 1100 32 0
8 wait 10 9 1100
8 wait 10 9 1300
8 irecv 10 2100 648 0
8 irecv 10 2300 648 0
8 send 10 2300 40 0
8 send 10 2100 40 0
8 wait 11 9 2100
8 wait 11 9 2300
8 irecv 12 3100 648 0
8 irecv 4 3300 648 0
8 send 12 3300 100 0
8 send 4 3100 100 0
8 wait 13 9 3100
8 wait 5 9 3300
8 irecv 9 1100 648 0
8 irecv 9 1300 648 0
8 send 9 1300 8 0
8 send 9 1100 8 0
8 wait 10 9 1100
8 wait 10 9 1300
8 irecv 10 2100 648 0
8 irecv 10 2300 648 0
8 send 10 2300 12 0
8 send 10 2100 12 0
8 wait 11 9 2100
8 wait 11 9 2300
8 irecv 12 3100 648 0
8 irecv 4 3300 648 0
8 send 12 3300 36 0
8 send 4 3100 36 0
8 wait 13 9 3100
8 wait 5 9 3300
8 irecv 9 1100 648 0
8 irecv 9 1300 648 0
8 send 9 1300 2 0
8 send 9 1100 2 0
8 wait 10 9 1100
8 wait 10 9 1300
8 irecv 10 2100 648 0
8 irecv 10 2300 648 0
8 send 10 2300 4 0
8 send 10 2100 4 0
8 wait 11 9 2100
8 wait 11 9 2300
8 irecv 12 3100 648 0
8 irecv 4 3300 648 0
8 send 12 3300 16 0
8 send 4 3100 16 0
8 wait 13 9 3100
8 wait 5 9 3300
8 irecv 12 3100 648 0
8 irecv 4 3300 648 0
8 wait 13 9 3100
8 wait 5 9 3300
8 irecv 9 1100 648 0
8 irecv 9 1300 648 0
8 send 9 1300 2 0
8 send 9 1100 2 0
8 wait 10 9 1100
8 wait 10 9 1300
8 irecv 10 2100 648 0
8 irecv 10 2300 648 0
8 send 10 2300 4 0
8 send 10 2100 4 0
8 wait 11 9 2100
8 wait 11 9 2300
8 irecv 12 3100 648 0
8 irecv 4 3300 648 0
8 send 12 3300 16 0
8 send 4 3100 16 0
8 wait 13 9 3100
8 wait 5 9 3300
8 irecv 9 1100 648 0
8 irecv 9 1300 648 0
8 send 9 1300 2 0
8 send 9 1100 2 0
8 wait 10 9 1100
8 wait 10 9 1300
8 irecv 10 2100 648 0
8 irecv 10 2300 648 0
8 send 10 2300 4 0
8 send 10 2100 4 0
8 wait 11 9 2100
8 wait 11 9 2300
8 irecv 12 3100 648 0
8 irecv 4 3300 648 0
8 send 12 3300 16 0
8 send 4 3100 16 0
8 wait 13 9 3100
8 wait 5 9 3300
8 irecv 9 1100 648 0
8 irecv 9 1300 648 0
8 send 9 1300 8 0
8 send 9 1100 8 0
8 wait 10 9 1100
8 wait 10 9 1300
8 irecv 10 2100 648 0
8 irecv 10 2300 648 0
8 send 10 2300 12 0
8 send 10 2100 12 0
8 wait 11 9 2100
8 wait 11 9 2300
8 irecv 12 3100 648 0
8 irecv 4 3300 648 0
8 send 12 3300 36 0
8 send 4 3100 36 0
8 wait 13 9 3100
8 wait 5 9 3300
8 irecv 9 1100 648 0
8 irecv 9 1300 648 0
8 send 9 1300 8 0
8 send 9 1100 8 0
8 wait 10 9 1100
8 wait 10 9 1300
8 irecv 10 2100 648 0
8 irecv 10 2300 648 0
8 send 10 2300 12 0
8 send 10 2100 12 0
8 wait 11 9 2100
8 wait 11 9 2300
8 irecv 12 3100 648 0
8 irecv 4 3300 648 0
8 send 12 3300 36 0
8 send 4 3100 36 0
8 wait 13 9 3100
8 wait 5 9 3300
8 irecv 9 1100 648 0
8 irecv 9 1300 648 0
8 send 9 1300 32 0
8 send 9 1100 32 0
8 wait 10 9 1100
8 wait 10 9 1300
8 irecv 10 2100 648 0
8 irecv 10 2300 648 0
8 send 10 2300 40 0
8 send 10 2100 40 0
8 wait 11 9 2100
8 wait 11 9 2300
8 irecv 12 3100 648 0
8 irecv 4 3300 648 0
8 send 12 3300 100 0
8 send 4 3100 100 0
8 wait 13 9 3100
8 wait 5 9 3300
8 irecv 9 1100 648 0
8 irecv 9 1300 648 0
8 send 9 1300 32 0
8 send 9 1100 32 0
8 wait 10 9 1100
8 wait 10 9 1300
8 irecv 10 2100 648 0
8 irecv 10 2300 648 0
8 send 10 2300 40 0
8 send 10 2100 40 0
8 wait 11 9 2100
8 wait 11 9 2300
8 irecv 12 3100 648 0
8 irecv 4 3300 648 0
8 send 12 3300 100 0
8 send 4 3100 100 0
8 wait 13 9 3100
8 wait 5 9 3300
8 irecv 9 1100 648 0
8 irecv 9 1300 648 0
8 send 9 1300 128 0
8 send 9 1100 128 0
8 wait 10 9 1100
8 wait 10 9 1300
8 irecv 10 2100 648 0
8 irecv 10 2300 648 0
8 send 10 2300 144 0
8 send 10 2100 144 0
8 wait 11 9 2100
8 wait 11 9 2300
8 irecv 12 3100 648 0
8 irecv 4 3300 648 0
8 send 12 3300 324 0
8 send 4 3100 324 0
8 wait 13 9 3100
8 wait 5 9 3300
8 irecv 9 1100 648 0
8 irecv 9 1300 648 0
8 send 9 1300 128 0
8 send 9 1100 128 0
8 wait 10 9 1100
8 wait 10 9 1300
8 irecv 10 2100 648 0
8 irecv 10 2300 648 0
8 send 10 2300 144 0
8 send 10 2100 144 0
8 wait 11 9 2100
8 wait 11 9 2300
8 irecv 12 3100 648 0
8 irecv 4 3300 648 0
8 send 12 3300 324 0
8 send 4 3100 324 0
8 wait 13 9 3100
8 wait 5 9 3300
8 irecv 9 1100 648 0
8 irecv 9 1300 648 0
8 send 9 1300 128 0
8 send 9 1100 128 0
8 wait 10 9 1100
8 wait 10 9 1300
8 irecv 10 2100 648 0
8 irecv 10 2300 648 0
8 send 10 2300 144 0
8 send 10 2100 144 0
8 wait 11 9 2100
8 wait 11 9 2300
8 irecv 12 3100 648 0
8 irecv 4 3300 648 0
8 send 12 3300 324 0
8 send 4 3100 324 0
8 wait 13 9 3100
8 wait 5 9 3300
8 irecv 9 1100 648 0
8 irecv 9 1300 648 0
8 send 9 1300 32 0
8 send 9 1100 32 0
8 wait 10 9 1100
8 wait 10 9 1300
8 irecv 10 2100 648 0
8 irecv 10 2300 648 0
8 send 10 2300 40 0
8 send 10 2100 40 0
8 wait 11 9 2100
8 wait 11 9 2300
8 irecv 12 3100 648 0
8 irecv 4 3300 648 0
8 send 12 3300 100 0
8 send 4 3100 100 0
8 wait 13 9 3100
8 wait 5 9 3300
8 irecv 9 1100 648 0
8 irecv 9 1300 648 0
8 send 9 1300 8 0
8 send 9 1100 8 0
8 wait 10 9 1100
8 wait 10 9 1300
8 irecv 10 2100 648 0
8 irecv 10 2300 648 0
8 send 10 2300 12 0
8 send 10 2100 12 0
8 wait 11 9 2100
8 wait 11 9 2300
8 irecv 12 3100 648 0
8 irecv 4 3300 648 0
8 send 12 3300 36 0
8 send 4 3100 36 0
8 wait 13 9 3100
8 wait 5 9 3300
8 irecv 9 1100 648 0
8 irecv 9 1300 648 0
8 send 9 1300 2 0
8 send 9 1100 2 0
8 wait 10 9 1100
8 wait 10 9 1300
8 irecv 10 2100 648 0
8 irecv 10 2300 648 0
8 send 10 2300 4 0
8 send 10 2100 4 0
8 wait 11 9 2100
8 wait 11 9 2300
8 irecv 12 3100 648 0
8 irecv 4 3300 648 0
8 send 12 3300 16 0
8 send 4 3100 16 0
8 wait 13 9 3100
8 wait 5 9 3300
8 irecv 12 3100 648 0
8 irecv 4 3300 648 0
8 wait 13 9 3100
8 wait 5 9 3300
8 irecv 9 1100 648 0
8 irecv 9 1300 648 0
8 send 9 1300 2 0
8 send 9 1100 2 0
8 wait 10 9 1100
8 wait 10 9 1300
8 irecv 10 2100 648 0
8 irecv 10 2300 648 0
8 send 10 2300 4 0
8 send 10 2100 4 0
8 wait 11 9 2100
8 wait 11 9 2300
8 irecv 12 3100 648 0
8 irecv 4 3300 648 0
8 send 12 3300 16 0
8 send 4 3100 16 0
8 wait 13 9 3100
8 wait 5 9 3300
8 irecv 9 1100 648 0
8 irecv 9 1300 648 0
8 send 9 1300 2 0
8 send 9 1100 2 0
8 wait 10 9 1100
8 wait 10 9 1300
8 irecv 10 2100 648 0
8 irecv 10 2300 648 0
8 send 10 2300 4 0
8 send 10 2100 4 0
8 wait 11 9 2100
8 wait 11 9 2300
8 irecv 12 3100 648 0
8 irecv 4 3300 648 0
8 send 12 3300 16 0
8 send 4 3100 16 0
8 wait 13 9 3100
8 wait 5 9 3300
8 irecv 9 1100 648 0
8 irecv 9 1300 648 0
8 send 9 1300 8 0
8 send 9 1100 8 0
8 wait 10 9 1100
8 wait 10 9 1300
8 irecv 10 2100 648 0
8 irecv 10 2300 648 0
8 send 10 2300 12 0
8 send 10 2100 12 0
8 wait 11 9 2100
8 wait 11 9 2300
8 irecv 12 3100 648 0
8 irecv 4 3300 648 0
8 send 12 3300 36 0
8 send 4 3100 36 0
8 wait 13 9 3100
8 wait 5 9 3300
8 irecv 9 1100 648 0
8 irecv 9 1300 648 0
8 send 9 1300 8 0
8 send 9 1100 8 0
8 wait 10 9 1100
8 wait 10 9 1300
8 irecv 10 2100 648 0
8 irecv 10 2300 648 0
8 send 10 2300 12 0
8 send 10 2100 12 0
8 wait 11 9 2100
8 wait 11 9 2300
8 irecv 12 3100 648 0
8 irecv 4 3300 648 0
8 send 12 3300 36 0
8 send 4 3100 36 0
8 wait 13 9 3100
8 wait 5 9 3300
8 irecv 9 1100 648 0
8 irecv 9 1300 648 0
8 send 9 1300 32 0
8 send 9 1100 32 0
8 wait 10 9 1100
8 wait 10 9 1300
8 irecv 10 2100 648 0
8 irecv 10 2300 648 0
8 send 10 2300 40 0
8 send 10 2100 40 0
8 wait 11 9 2100
8 wait 11 9 2300
8 irecv 12 3100 648 0
8 irecv 4 3300 648 0
8 send 12 3300 100 0
8 send 4 3100 100 0
8 wait 13 9 3100
8 wait 5 9 3300
8 irecv 9 1100 648 0
8 irecv 9 1300 648 0
8 send 9 1300 32 0
8 send 9 1100 32 0
8 wait 10 9 1100
8 wait 10 9 1300
8 irecv 10 2100 648 0
8 irecv 10 2300 648 0
8 send 10 2300 40 0
8 send 10 2100 40 0
8 wait 11 9 2100
8 wait 11 9 2300
8 irecv 12 3100 648 0
8 irecv 4 3300 648 0
8 send 12 3300 100 0
8 send 4 3100 100 0
8 wait 13 9 3100
8 wait 5 9 3300
8 irecv 9 1100 648 0
8 irecv 9 1300 648 0
8 send 9 1300 128 0
8 send 9 1100 128 0
8 wait 10 9 1100
8 wait 10 9 1300
8 irecv 10 2100 648 0
8 irecv 10 2300 648 0
8 send 10 2300 144 0
8 send 10 2100 144 0
8 wait 11 9 2100
8 wait 11 9 2300
8 irecv 12 3100 648 0
8 irecv 4 3300 648 0
8 send 12 3300 324 0
8 send 4 3100 324 0
8 wait 13 9 3100
8 wait 5 9 3300
8 irecv 9 1100 648 0
8 irecv 9 1300 648 0
8 send 9 1300 128 0
8 send 9 1100 128 0
8 wait 10 9 1100
8 wait 10 9 1300
8 irecv 10 2100 648 0
8 irecv 10 2300 648 0
8 send 10 2300 144 0
8 send 10 2100 144 0
8 wait 11 9 2100
8 wait 11 9 2300
8 irecv 12 3100 648 0
8 irecv 4 3300 648 0
8 send 12 3300 324 0
8 send 4 3100 324 0
8 wait 13 9 3100
8 wait 5 9 3300
8 irecv 9 1100 648 0
8 irecv 9 1300 648 0
8 send 9 1300 128 0
8 send 9 1100 128 0
8 wait 10 9 1100
8 wait 10 9 1300
8 irecv 10 2100 648 0
8 irecv 10 2300 648 0
8 send 10 2300 144 0
8 send 10 2100 144 0
8 wait 11 9 2100
8 wait 11 9 2300
8 irecv 12 3100 648 0
8 irecv 4 3300 648 0
8 send 12 3300 324 0
8 send 4 3100 324 0
8 wait 13 9 3100
8 wait 5 9 3300
8 irecv 9 1100 648 0
8 irecv 9 1300 648 0
8 send 9 1300 32 0
8 send 9 1100 32 0
8 wait 10 9 1100
8 wait 10 9 1300
8 irecv 10 2100 648 0
8 irecv 10 2300 648 0
8 send 10 2300 40 0
8 send 10 2100 40 0
8 wait 11 9 2100
8 wait 11 9 2300
8 irecv 12 3100 648 0
8 irecv 4 3300 648 0
8 send 12 3300 100 0
8 send 4 3100 100 0
8 wait 13 9 3100
8 wait 5 9 3300
8 irecv 9 1100 648 0
8 irecv 9 1300 648 0
8 send 9 1300 8 0
8 send 9 1100 8 0
8 wait 10 9 1100
8 wait 10 9 1300
8 irecv 10 2100 648 0
8 irecv 10 2300 648 0
8 send 10 2300 12 0
8 send 10 2100 12 0
8 wait 11 9 2100
8 wait 11 9 2300
8 irecv 12 3100 648 0
8 irecv 4 3300 648 0
8 send 12 3300 36 0
8 send 4 3100 36 0
8 wait 13 9 3100
8 wait 5 9 3300
8 irecv 9 1100 648 0
8 irecv 9 1300 648 0
8 send 9 1300 2 0
8 send 9 1100 2 0
8 wait 10 9 1100
8 wait 10 9 1300
8 irecv 10 2100 648 0
8 irecv 10 2300 648 0
8 send 10 2300 4 0
8 send 10 2100 4 0
8 wait 11 9 2100
8 wait 11 9 2300
8 irecv 12 3100 648 0
8 irecv 4 3300 648 0
8 send 12 3300 16 0
8 send 4 3100 16 0
8 wait 13 9 3100
8 wait 5 9 3300
8 irecv 12 3100 648 0
8 irecv 4 3300 648 0
8 wait 13 9 3100
8 wait 5 9 3300
8 irecv 9 1100 648 0
8 irecv 9 1300 648 0
8 send 9 1300 2 0
8 send 9 1100 2 0
8 wait 10 9 1100
8 wait 10 9 1300
8 irecv 10 2100 648 0
8 irecv 10 2300 648 0
8 send 10 2300 4 0
8 send 10 2100 4 0
8 wait 11 9 2100
8 wait 11 9 2300
8 irecv 12 3100 648 0
8 irecv 4 3300 648 0
8 send 12 3300 16 0
8 send 4 3100 16 0
8 wait 13 9 3100
8 wait 5 9 3300
8 irecv 9 1100 648 0
8 irecv 9 1300 648 0
8 send 9 1300 2 0
8 send 9 1100 2 0
8 wait 10 9 1100
8 wait 10 9 1300
8 irecv 10 2100 648 0
8 irecv 10 2300 648 0
8 send 10 2300 4 0
8 send 10 2100 4 0
8 wait 11 9 2100
8 wait 11 9 2300
8 irecv 12 3100 648 0
8 irecv 4 3300 648 0
8 send 12 3300 16 0
8 send 4 3100 16 0
8 wait 13 9 3100
8 wait 5 9 3300
8 irecv 9 1100 648 0
8 irecv 9 1300 648 0
8 send 9 1300 8 0
8 send 9 1100 8 0
8 wait 10 9 1100
8 wait 10 9 1300
8 irecv 10 2100 648 0
8 irecv 10 2300 648 0
8 send 10 2300 12 0
8 send 10 2100 12 0
8 wait 11 9 2100
8 wait 11 9 2300
8 irecv 12 3100 648 0
8 irecv 4 3300 648 0
8 send 12 3300 36 0
8 send 4 3100 36 0
8 wait 13 9 3100
8 wait 5 9 3300
8 irecv 9 1100 648 0
8 irecv 9 1300 648 0
8 send 9 1300 8 0
8 send 9 1100 8 0
8 wait 10 9 1100
8 wait 10 9 1300
8 irecv 10 2100 648 0
8 irecv 10 2300 648 0
8 send 10 2300 12 0
8 send 10 2100 12 0
8 wait 11 9 2100
8 wait 11 9 2300
8 irecv 12 3100 648 0
8 irecv 4 3300 648 0
8 send 12 3300 36 0
8 send 4 3100 36 0
8 wait 13 9 3100
8 wait 5 9 3300
8 irecv 9 1100 648 0
8 irecv 9 1300 648 0
8 send 9 1300 32 0
8 send 9 1100 32 0
8 wait 10 9 1100
8 wait 10 9 1300
8 irecv 10 2100 648 0
8 irecv 10 2300 648 0
8 send 10 2300 40 0
8 send 10 2100 40 0
8 wait 11 9 2100
8 wait 11 9 2300
8 irecv 12 3100 648 0
8 irecv 4 3300 648 0
8 send 12 3300 100 0
8 send 4 3100 100 0
8 wait 13 9 3100
8 wait 5 9 3300
8 irecv 9 1100 648 0
8 irecv 9 1300 648 0
8 send 9 1300 32 0
8 send 9 1100 32 0
8 wait 10 9 1100
8 wait 10 9 1300
8 irecv 10 2100 648 0
8 irecv 10 2300 648 0
8 send 10 2300 40 0
8 send 10 2100 40 0
8 wait 11 9 2100
8 wait 11 9 2300
8 irecv 12 3100 648 0
8 irecv 4 3300 648 0
8 send 12 3300 100 0
8 send 4 3100 100 0
8 wait 13 9 3100
8 wait 5 9 3300
8 irecv 9 1100 648 0
8 irecv 9 1300 648 0
8 send 9 1300 128 0
8 send 9 1100 128 0
8 wait 10 9 1100
8 wait 10 9 1300
8 irecv 10 2100 648 0
8 irecv 10 2300 648 0
8 send 10 2300 144 0
8 send 10 2100 144 0
8 wait 11 9 2100
8 wait 11 9 2300
8 irecv 12 3100 648 0
8 irecv 4 3300 648 0
8 send 12 3300 324 0
8 send 4 3100 324 0
8 wait 13 9 3100
8 wait 5 9 3300
8 irecv 9 1100 648 0
8 irecv 9 1300 648 0
8 send 9 1300 128 0
8 send 9 1100 128 0
8 wait 10 9 1100
8 wait 10 9 1300
8 irecv 10 2100 648 0
8 irecv 10 2300 648 0
8 send 10 2300 144 0
8 send 10 2100 144 0
8 wait 11 9 2100
8 wait 11 9 2300
8 irecv 12 3100 648 0
8 irecv 4 3300 648 0
8 send 12 3300 324 0
8 send 4 3100 324 0
8 wait 13 9 3100
8 wait 5 9 3300
8 irecv 9 1100 648 0
8 irecv 9 1300 648 0
8 send 9 1300 128 0
8 send 9 1100 128 0
8 wait 10 9 1100
8 wait 10 9 1300
8 irecv 10 2100 648 0
8 irecv 10 2300 648 0
8 send 10 2300 144 0
8 send 10 2100 144 0
8 wait 11 9 2100
8 wait 11 9 2300
8 irecv 12 3100 648 0
8 irecv 4 3300 648 0
8 send 12 3300 324 0
8 send 4 3100 324 0
8 wait 13 9 3100
8 wait 5 9 3300
8 allreduce 1 0 0 
8 allreduce 1 0 0 
8 reduce 1 0 0 0 
8 finalize
