1 init
1 barrier
1 bcast 1 0 1 
1 bcast 1 0 1 
1 bcast 1 0 1 
1 bcast 1 0 1 
1 bcast 1 0 1 
1 bcast 8 0 1 
1 bcast 1 0 16 
1 barrier
1 allreduce 1 0 0 
1 allreduce 4 0 1 
1 allreduce 1 0 0 
1 allreduce 4 0 1 
1 allreduce 1 0 0 
1 allreduce 4 0 1 
1 allreduce 1 0 0 
1 allreduce 4 0 1 
1 allreduce 1 0 0 
1 allreduce 4 0 1 
1 allreduce 1 0 0 
1 allreduce 4 0 1 
1 allreduce 1 0 0 
1 allreduce 4 0 1 
1 allreduce 1 0 0 
1 allreduce 4 0 1 
1 allreduce 1 0 0 
1 allreduce 4 0 1 
1 allreduce 1 0 0 
1 allreduce 4 0 1 
1 allreduce 1 0 0 
1 allreduce 4 0 1 
1 allreduce 1 0 0 
1 allreduce 4 0 1 
1 allreduce 1 0 0 
1 allreduce 4 0 1 
1 allreduce 1 0 0 
1 allreduce 4 0 1 
1 allreduce 1 0 0 
1 allreduce 4 0 1 
1 allreduce 1 0 0 
1 allreduce 4 0 1 
1 allreduce 1 0 0 
1 allreduce 4 0 1 
1 allreduce 1 0 0 
1 allreduce 4 0 1 
1 allreduce 1 0 0 
1 allreduce 4 0 1 
1 allreduce 1 0 0 
1 allreduce 4 0 1 
1 barrier
1 irecv 0 1100 648 0
1 irecv 0 1300 648 0
1 send 0 1300 128 0
1 send 0 1100 128 0
1 wait 1 2 1100
1 wait 1 2 1300
1 irecv 3 2100 648 0
1 irecv 3 2300 648 0
1 send 3 2300 144 0
1 send 3 2100 144 0
1 wait 4 2 2100
1 wait 4 2 2300
1 irecv 5 3100 648 0
1 irecv 13 3300 648 0
1 send 5 3300 324 0
1 send 13 3100 324 0
1 wait 6 2 3100
1 wait 14 2 3300
1 allreduce 1 0 0 
1 allreduce 1 0 0 
1 irecv 0 1100 648 0
1 irecv 0 1300 648 0
1 send 0 1300 128 0
1 send 0 1100 128 0
1 wait 1 2 1100
1 wait 1 2 1300
1 irecv 3 2100 648 0
1 irecv 3 2300 648 0
1 send 3 2300 144 0
1 send 3 2100 144 0
1 wait 4 2 2100
1 wait 4 2 2300
1 irecv 5 3100 648 0
1 irecv 13 3300 648 0
1 send 5 3300 324 0
1 send 13 3100 324 0
1 wait 6 2 3100
1 wait 14 2 3300
1 allreduce 1 0 0 
1 allreduce 1 0 0 
1 irecv 0 1100 648 0
1 irecv 0 1300 648 0
1 send 0 1300 32 0
1 send 0 1100 32 0
1 wait 1 2 1100
1 wait 1 2 1300
1 irecv 3 2100 648 0
1 irecv 3 2300 648 0
1 send 3 2300 40 0
1 send 3 2100 40 0
1 wait 4 2 2100
1 wait 4 2 2300
1 irecv 5 3100 648 0
1 irecv 13 3300 648 0
1 send 5 3300 100 0
1 send 13 3100 100 0
1 wait 6 2 3100
1 wait 14 2 3300
1 irecv 0 1100 648 0
1 irecv 0 1300 648 0
1 send 0 1300 8 0
1 send 0 1100 8 0
1 wait 1 2 1100
1 wait 1 2 1300
1 irecv 3 2100 648 0
1 irecv 3 2300 648 0
1 send 3 2300 12 0
1 send 3 2100 12 0
1 wait 4 2 2100
1 wait 4 2 2300
1 irecv 5 3100 648 0
1 irecv 13 3300 648 0
1 send 5 3300 36 0
1 send 13 3100 36 0
1 wait 6 2 3100
1 wait 14 2 3300
1 irecv 0 1100 648 0
1 irecv 0 1300 648 0
1 send 0 1300 2 0
1 send 0 1100 2 0
1 wait 1 2 1100
1 wait 1 2 1300
1 irecv 3 2100 648 0
1 irecv 3 2300 648 0
1 send 3 2300 4 0
1 send 3 2100 4 0
1 wait 4 2 2100
1 wait 4 2 2300
1 irecv 5 3100 648 0
1 irecv 13 3300 648 0
1 send 5 3300 16 0
1 send 13 3100 16 0
1 wait 6 2 3100
1 wait 14 2 3300
1 irecv 5 3100 648 0
1 irecv 13 3300 648 0
1 wait 6 2 3100
1 wait 14 2 3300
1 irecv 0 1100 648 0
1 irecv 0 1300 648 0
1 send 0 1300 2 0
1 send 0 1100 2 0
1 wait 1 2 1100
1 wait 1 2 1300
1 irecv 3 2100 648 0
1 irecv 3 2300 648 0
1 send 3 2300 4 0
1 send 3 2100 4 0
1 wait 4 2 2100
1 wait 4 2 2300
1 irecv 5 3100 648 0
1 irecv 13 3300 648 0
1 send 5 3300 16 0
1 send 13 3100 16 0
1 wait 6 2 3100
1 wait 14 2 3300
1 irecv 0 1100 648 0
1 irecv 0 1300 648 0
1 send 0 1300 2 0
1 send 0 1100 2 0
1 wait 1 2 1100
1 wait 1 2 1300
1 irecv 3 2100 648 0
1 irecv 3 2300 648 0
1 send 3 2300 4 0
1 send 3 2100 4 0
1 wait 4 2 2100
1 wait 4 2 2300
1 irecv 5 3100 648 0
1 irecv 13 3300 648 0
1 send 5 3300 16 0
1 send 13 3100 16 0
1 wait 6 2 3100
1 wait 14 2 3300
1 irecv 0 1100 648 0
1 irecv 0 1300 648 0
1 send 0 1300 8 0
1 send 0 1100 8 0
1 wait 1 2 1100
1 wait 1 2 1300
1 irecv 3 2100 648 0
1 irecv 3 2300 648 0
1 send 3 2300 12 0
1 send 3 2100 12 0
1 wait 4 2 2100
1 wait 4 2 2300
1 irecv 5 3100 648 0
1 irecv 13 3300 648 0
1 send 5 3300 36 0
1 send 13 3100 36 0
1 wait 6 2 3100
1 wait 14 2 3300
1 irecv 0 1100 648 0
1 irecv 0 1300 648 0
1 send 0 1300 8 0
1 send 0 1100 8 0
1 wait 1 2 1100
1 wait 1 2 1300
1 irecv 3 2100 648 0
1 irecv 3 2300 648 0
1 send 3 2300 12 0
1 send 3 2100 12 0
1 wait 4 2 2100
1 wait 4 2 2300
1 irecv 5 3100 648 0
1 irecv 13 3300 648 0
1 send 5 3300 36 0
1 send 13 3100 36 0
1 wait 6 2 3100
1 wait 14 2 3300
1 irecv 0 1100 648 0
1 irecv 0 1300 648 0
1 send 0 1300 32 0
1 send 0 1100 32 0
1 wait 1 2 1100
1 wait 1 2 1300
1 irecv 3 2100 648 0
1 irecv 3 2300 648 0
1 send 3 2300 40 0
1 send 3 2100 40 0
1 wait 4 2 2100
1 wait 4 2 2300
1 irecv 5 3100 648 0
1 irecv 13 3300 648 0
1 send 5 3300 100 0
1 send 13 3100 100 0
1 wait 6 2 3100
1 wait 14 2 3300
1 irecv 0 1100 648 0
1 irecv 0 1300 648 0
1 send 0 1300 32 0
1 send 0 1100 32 0
1 wait 1 2 1100
1 wait 1 2 1300
1 irecv 3 2100 648 0
1 irecv 3 2300 648 0
1 send 3 2300 40 0
1 send 3 2100 40 0
1 wait 4 2 2100
1 wait 4 2 2300
1 irecv 5 3100 648 0
1 irecv 13 3300 648 0
1 send 5 3300 100 0
1 send 13 3100 100 0
1 wait 6 2 3100
1 wait 14 2 3300
1 irecv 0 1100 648 0
1 irecv 0 1300 648 0
1 send 0 1300 128 0
1 send 0 1100 128 0
1 wait 1 2 1100
1 wait 1 2 1300
1 irecv 3 2100 648 0
1 irecv 3 2300 648 0
1 send 3 2300 144 0
1 send 3 2100 144 0
1 wait 4 2 2100
1 wait 4 2 2300
1 irecv 5 3100 648 0
1 irecv 13 3300 648 0
1 send 5 3300 324 0
1 send 13 3100 324 0
1 wait 6 2 3100
1 wait 14 2 3300
1 irecv 0 1100 648 0
1 irecv 0 1300 648 0
1 send 0 1300 128 0
1 send 0 1100 128 0
1 wait 1 2 1100
1 wait 1 2 1300
1 irecv 3 2100 648 0
1 irecv 3 2300 648 0
1 send 3 2300 144 0
1 send 3 2100 144 0
1 wait 4 2 2100
1 wait 4 2 2300
1 irecv 5 3100 648 0
1 irecv 13 3300 648 0
1 send 5 3300 324 0
1 send 13 3100 324 0
1 wait 6 2 3100
1 wait 14 2 3300
1 irecv 0 1100 648 0
1 irecv 0 1300 648 0
1 send 0 1300 128 0
1 send 0 1100 128 0
1 wait 1 2 1100
1 wait 1 2 1300
1 irecv 3 2100 648 0
1 irecv 3 2300 648 0
1 send 3 2300 144 0
1 send 3 2100 144 0
1 wait 4 2 2100
1 wait 4 2 2300
1 irecv 5 3100 648 0
1 irecv 13 3300 648 0
1 send 5 3300 324 0
1 send 13 3100 324 0
1 wait 6 2 3100
1 wait 14 2 3300
1 barrier
1 allreduce 1 0 0 
1 allreduce 4 0 1 
1 allreduce 1 0 0 
1 allreduce 4 0 1 
1 allreduce 1 0 0 
1 allreduce 4 0 1 
1 allreduce 1 0 0 
1 allreduce 4 0 1 
1 allreduce 1 0 0 
1 allreduce 4 0 1 
1 allreduce 1 0 0 
1 allreduce 4 0 1 
1 allreduce 1 0 0 
1 allreduce 4 0 1 
1 allreduce 1 0 0 
1 allreduce 4 0 1 
1 allreduce 1 0 0 
1 allreduce 4 0 1 
1 allreduce 1 0 0 
1 allreduce 4 0 1 
1 allreduce 1 0 0 
1 allreduce 4 0 1 
1 allreduce 1 0 0 
1 allreduce 4 0 1 
1 allreduce 1 0 0 
1 allreduce 4 0 1 
1 allreduce 1 0 0 
1 allreduce 4 0 1 
1 allreduce 1 0 0 
1 allreduce 4 0 1 
1 allreduce 1 0 0 
1 allreduce 4 0 1 
1 allreduce 1 0 0 
1 allreduce 4 0 1 
1 allreduce 1 0 0 
1 allreduce 4 0 1 
1 allreduce 1 0 0 
1 allreduce 4 0 1 
1 allreduce 1 0 0 
1 allreduce 4 0 1 
1 barrier
1 irecv 0 1100 648 0
1 irecv 0 1300 648 0
1 send 0 1300 128 0
1 send 0 1100 128 0
1 wait 1 2 1100
1 wait 1 2 1300
1 irecv 3 2100 648 0
1 irecv 3 2300 648 0
1 send 3 2300 144 0
1 send 3 2100 144 0
1 wait 4 2 2100
1 wait 4 2 2300
1 irecv 5 3100 648 0
1 irecv 13 3300 648 0
1 send 5 3300 324 0
1 send 13 3100 324 0
1 wait 6 2 3100
1 wait 14 2 3300
1 barrier
1 irecv 0 1100 648 0
1 irecv 0 1300 648 0
1 send 0 1300 128 0
1 send 0 1100 128 0
1 wait 1 2 1100
1 wait 1 2 1300
1 irecv 3 2100 648 0
1 irecv 3 2300 648 0
1 send 3 2300 144 0
1 send 3 2100 144 0
1 wait 4 2 2100
1 wait 4 2 2300
1 irecv 5 3100 648 0
1 irecv 13 3300 648 0
1 send 5 3300 324 0
1 send 13 3100 324 0
1 wait 6 2 3100
1 wait 14 2 3300
1 allreduce 1 0 0 
1 allreduce 1 0 0 
1 irecv 0 1100 648 0
1 irecv 0 1300 648 0
1 send 0 1300 32 0
1 send 0 1100 32 0
1 wait 1 2 1100
1 wait 1 2 1300
1 irecv 3 2100 648 0
1 irecv 3 2300 648 0
1 send 3 2300 40 0
1 send 3 2100 40 0
1 wait 4 2 2100
1 wait 4 2 2300
1 irecv 5 3100 648 0
1 irecv 13 3300 648 0
1 send 5 3300 100 0
1 send 13 3100 100 0
1 wait 6 2 3100
1 wait 14 2 3300
1 irecv 0 1100 648 0
1 irecv 0 1300 648 0
1 send 0 1300 8 0
1 send 0 1100 8 0
1 wait 1 2 1100
1 wait 1 2 1300
1 irecv 3 2100 648 0
1 irecv 3 2300 648 0
1 send 3 2300 12 0
1 send 3 2100 12 0
1 wait 4 2 2100
1 wait 4 2 2300
1 irecv 5 3100 648 0
1 irecv 13 3300 648 0
1 send 5 3300 36 0
1 send 13 3100 36 0
1 wait 6 2 3100
1 wait 14 2 3300
1 irecv 0 1100 648 0
1 irecv 0 1300 648 0
1 send 0 1300 2 0
1 send 0 1100 2 0
1 wait 1 2 1100
1 wait 1 2 1300
1 irecv 3 2100 648 0
1 irecv 3 2300 648 0
1 send 3 2300 4 0
1 send 3 2100 4 0
1 wait 4 2 2100
1 wait 4 2 2300
1 irecv 5 3100 648 0
1 irecv 13 3300 648 0
1 send 5 3300 16 0
1 send 13 3100 16 0
1 wait 6 2 3100
1 wait 14 2 3300
1 irecv 5 3100 648 0
1 irecv 13 3300 648 0
1 wait 6 2 3100
1 wait 14 2 3300
1 irecv 0 1100 648 0
1 irecv 0 1300 648 0
1 send 0 1300 2 0
1 send 0 1100 2 0
1 wait 1 2 1100
1 wait 1 2 1300
1 irecv 3 2100 648 0
1 irecv 3 2300 648 0
1 send 3 2300 4 0
1 send 3 2100 4 0
1 wait 4 2 2100
1 wait 4 2 2300
1 irecv 5 3100 648 0
1 irecv 13 3300 648 0
1 send 5 3300 16 0
1 send 13 3100 16 0
1 wait 6 2 3100
1 wait 14 2 3300
1 irecv 0 1100 648 0
1 irecv 0 1300 648 0
1 send 0 1300 2 0
1 send 0 1100 2 0
1 wait 1 2 1100
1 wait 1 2 1300
1 irecv 3 2100 648 0
1 irecv 3 2300 648 0
1 send 3 2300 4 0
1 send 3 2100 4 0
1 wait 4 2 2100
1 wait 4 2 2300
1 irecv 5 3100 648 0
1 irecv 13 3300 648 0
1 send 5 3300 16 0
1 send 13 3100 16 0
1 wait 6 2 3100
1 wait 14 2 3300
1 irecv 0 1100 648 0
1 irecv 0 1300 648 0
1 send 0 1300 8 0
1 send 0 1100 8 0
1 wait 1 2 1100
1 wait 1 2 1300
1 irecv 3 2100 648 0
1 irecv 3 2300 648 0
1 send 3 2300 12 0
1 send 3 2100 12 0
1 wait 4 2 2100
1 wait 4 2 2300
1 irecv 5 3100 648 0
1 irecv 13 3300 648 0
1 send 5 3300 36 0
1 send 13 3100 36 0
1 wait 6 2 3100
1 wait 14 2 3300
1 irecv 0 1100 648 0
1 irecv 0 1300 648 0
1 send 0 1300 8 0
1 send 0 1100 8 0
1 wait 1 2 1100
1 wait 1 2 1300
1 irecv 3 2100 648 0
1 irecv 3 2300 648 0
1 send 3 2300 12 0
1 send 3 2100 12 0
1 wait 4 2 2100
1 wait 4 2 2300
1 irecv 5 3100 648 0
1 irecv 13 3300 648 0
1 send 5 3300 36 0
1 send 13 3100 36 0
1 wait 6 2 3100
1 wait 14 2 3300
1 irecv 0 1100 648 0
1 irecv 0 1300 648 0
1 send 0 1300 32 0
1 send 0 1100 32 0
1 wait 1 2 1100
1 wait 1 2 1300
1 irecv 3 2100 648 0
1 irecv 3 2300 648 0
1 send 3 2300 40 0
1 send 3 2100 40 0
1 wait 4 2 2100
1 wait 4 2 2300
1 irecv 5 3100 648 0
1 irecv 13 3300 648 0
1 send 5 3300 100 0
1 send 13 3100 100 0
1 wait 6 2 3100
1 wait 14 2 3300
1 irecv 0 1100 648 0
1 irecv 0 1300 648 0
1 send 0 1300 32 0
1 send 0 1100 32 0
1 wait 1 2 1100
1 wait 1 2 1300
1 irecv 3 2100 648 0
1 irecv 3 2300 648 0
1 send 3 2300 40 0
1 send 3 2100 40 0
1 wait 4 2 2100
1 wait 4 2 2300
1 irecv 5 3100 648 0
1 irecv 13 3300 648 0
1 send 5 3300 100 0
1 send 13 3100 100 0
1 wait 6 2 3100
1 wait 14 2 3300
1 irecv 0 1100 648 0
1 irecv 0 1300 648 0
1 send 0 1300 128 0
1 send 0 1100 128 0
1 wait 1 2 1100
1 wait 1 2 1300
1 irecv 3 2100 648 0
1 irecv 3 2300 648 0
1 send 3 2300 144 0
1 send 3 2100 144 0
1 wait 4 2 2100
1 wait 4 2 2300
1 irecv 5 3100 648 0
1 irecv 13 3300 648 0
1 send 5 3300 324 0
1 send 13 3100 324 0
1 wait 6 2 3100
1 wait 14 2 3300
1 irecv 0 1100 648 0
1 irecv 0 1300 648 0
1 send 0 1300 128 0
1 send 0 1100 128 0
1 wait 1 2 1100
1 wait 1 2 1300
1 irecv 3 2100 648 0
1 irecv 3 2300 648 0
1 send 3 2300 144 0
1 send 3 2100 144 0
1 wait 4 2 2100
1 wait 4 2 2300
1 irecv 5 3100 648 0
1 irecv 13 3300 648 0
1 send 5 3300 324 0
1 send 13 3100 324 0
1 wait 6 2 3100
1 wait 14 2 3300
1 irecv 0 1100 648 0
1 irecv 0 1300 648 0
1 send 0 1300 128 0
1 send 0 1100 128 0
1 wait 1 2 1100
1 wait 1 2 1300
1 irecv 3 2100 648 0
1 irecv 3 2300 648 0
1 send 3 2300 144 0
1 send 3 2100 144 0
1 wait 4 2 2100
1 wait 4 2 2300
1 irecv 5 3100 648 0
1 irecv 13 3300 648 0
1 send 5 3300 324 0
1 send 13 3100 324 0
1 wait 6 2 3100
1 wait 14 2 3300
1 irecv 0 1100 648 0
1 irecv 0 1300 648 0
1 send 0 1300 32 0
1 send 0 1100 32 0
1 wait 1 2 1100
1 wait 1 2 1300
1 irecv 3 2100 648 0
1 irecv 3 2300 648 0
1 send 3 2300 40 0
1 send 3 2100 40 0
1 wait 4 2 2100
1 wait 4 2 2300
1 irecv 5 3100 648 0
1 irecv 13 3300 648 0
1 send 5 3300 100 0
1 send 13 3100 100 0
1 wait 6 2 3100
1 wait 14 2 3300
1 irecv 0 1100 648 0
1 irecv 0 1300 648 0
1 send 0 1300 8 0
1 send 0 1100 8 0
1 wait 1 2 1100
1 wait 1 2 1300
1 irecv 3 2100 648 0
1 irecv 3 2300 648 0
1 send 3 2300 12 0
1 send 3 2100 12 0
1 wait 4 2 2100
1 wait 4 2 2300
1 irecv 5 3100 648 0
1 irecv 13 3300 648 0
1 send 5 3300 36 0
1 send 13 3100 36 0
1 wait 6 2 3100
1 wait 14 2 3300
1 irecv 0 1100 648 0
1 irecv 0 1300 648 0
1 send 0 1300 2 0
1 send 0 1100 2 0
1 wait 1 2 1100
1 wait 1 2 1300
1 irecv 3 2100 648 0
1 irecv 3 2300 648 0
1 send 3 2300 4 0
1 send 3 2100 4 0
1 wait 4 2 2100
1 wait 4 2 2300
1 irecv 5 3100 648 0
1 irecv 13 3300 648 0
1 send 5 3300 16 0
1 send 13 3100 16 0
1 wait 6 2 3100
1 wait 14 2 3300
1 irecv 5 3100 648 0
1 irecv 13 3300 648 0
1 wait 6 2 3100
1 wait 14 2 3300
1 irecv 0 1100 648 0
1 irecv 0 1300 648 0
1 send 0 1300 2 0
1 send 0 1100 2 0
1 wait 1 2 1100
1 wait 1 2 1300
1 irecv 3 2100 648 0
1 irecv 3 2300 648 0
1 send 3 2300 4 0
1 send 3 2100 4 0
1 wait 4 2 2100
1 wait 4 2 2300
1 irecv 5 3100 648 0
1 irecv 13 3300 648 0
1 send 5 3300 16 0
1 send 13 3100 16 0
1 wait 6 2 3100
1 wait 14 2 3300
1 irecv 0 1100 648 0
1 irecv 0 1300 648 0
1 send 0 1300 2 0
1 send 0 1100 2 0
1 wait 1 2 1100
1 wait 1 2 1300
1 irecv 3 2100 648 0
1 irecv 3 2300 648 0
1 send 3 2300 4 0
1 send 3 2100 4 0
1 wait 4 2 2100
1 wait 4 2 2300
1 irecv 5 3100 648 0
1 irecv 13 3300 648 0
1 send 5 3300 16 0
1 send 13 3100 16 0
1 wait 6 2 3100
1 wait 14 2 3300
1 irecv 0 1100 648 0
1 irecv 0 1300 648 0
1 send 0 1300 8 0
1 send 0 1100 8 0
1 wait 1 2 1100
1 wait 1 2 1300
1 irecv 3 2100 648 0
1 irecv 3 2300 648 0
1 send 3 2300 12 0
1 send 3 2100 12 0
1 wait 4 2 2100
1 wait 4 2 2300
1 irecv 5 3100 648 0
1 irecv 13 3300 648 0
1 send 5 3300 36 0
1 send 13 3100 36 0
1 wait 6 2 3100
1 wait 14 2 3300
1 irecv 0 1100 648 0
1 irecv 0 1300 648 0
1 send 0 1300 8 0
1 send 0 1100 8 0
1 wait 1 2 1100
1 wait 1 2 1300
1 irecv 3 2100 648 0
1 irecv 3 2300 648 0
1 send 3 2300 12 0
1 send 3 2100 12 0
1 wait 4 2 2100
1 wait 4 2 2300
1 irecv 5 3100 648 0
1 irecv 13 3300 648 0
1 send 5 3300 36 0
1 send 13 3100 36 0
1 wait 6 2 3100
1 wait 14 2 3300
1 irecv 0 1100 648 0
1 irecv 0 1300 648 0
1 send 0 1300 32 0
1 send 0 1100 32 0
1 wait 1 2 1100
1 wait 1 2 1300
1 irecv 3 2100 648 0
1 irecv 3 2300 648 0
1 send 3 2300 40 0
1 send 3 2100 40 0
1 wait 4 2 2100
1 wait 4 2 2300
1 irecv 5 3100 648 0
1 irecv 13 3300 648 0
1 send 5 3300 100 0
1 send 13 3100 100 0
1 wait 6 2 3100
1 wait 14 2 3300
1 irecv 0 1100 648 0
1 irecv 0 1300 648 0
1 send 0 1300 32 0
1 send 0 1100 32 0
1 wait 1 2 1100
1 wait 1 2 1300
1 irecv 3 2100 648 0
1 irecv 3 2300 648 0
1 send 3 2300 40 0
1 send 3 2100 40 0
1 wait 4 2 2100
1 wait 4 2 2300
1 irecv 5 3100 648 0
1 irecv 13 3300 648 0
1 send 5 3300 100 0
1 send 13 3100 100 0
1 wait 6 2 3100
1 wait 14 2 3300
1 irecv 0 1100 648 0
1 irecv 0 1300 648 0
1 send 0 1300 128 0
1 send 0 1100 128 0
1 wait 1 2 1100
1 wait 1 2 1300
1 irecv 3 2100 648 0
1 irecv 3 2300 648 0
1 send 3 2300 144 0
1 send 3 2100 144 0
1 wait 4 2 2100
1 wait 4 2 2300
1 irecv 5 3100 648 0
1 irecv 13 3300 648 0
1 send 5 3300 324 0
1 send 13 3100 324 0
1 wait 6 2 3100
1 wait 14 2 3300
1 irecv 0 1100 648 0
1 irecv 0 1300 648 0
1 send 0 1300 128 0
1 send 0 1100 128 0
1 wait 1 2 1100
1 wait 1 2 1300
1 irecv 3 2100 648 0
1 irecv 3 2300 648 0
1 send 3 2300 144 0
1 send 3 2100 144 0
1 wait 4 2 2100
1 wait 4 2 2300
1 irecv 5 3100 648 0
1 irecv 13 3300 648 0
1 send 5 3300 324 0
1 send 13 3100 324 0
1 wait 6 2 3100
1 wait 14 2 3300
1 irecv 0 1100 648 0
1 irecv 0 1300 648 0
1 send 0 1300 128 0
1 send 0 1100 128 0
1 wait 1 2 1100
1 wait 1 2 1300
1 irecv 3 2100 648 0
1 irecv 3 2300 648 0
1 send 3 2300 144 0
1 send 3 2100 144 0
1 wait 4 2 2100
1 wait 4 2 2300
1 irecv 5 3100 648 0
1 irecv 13 3300 648 0
1 send 5 3300 324 0
1 send 13 3100 324 0
1 wait 6 2 3100
1 wait 14 2 3300
1 irecv 0 1100 648 0
1 irecv 0 1300 648 0
1 send 0 1300 32 0
1 send 0 1100 32 0
1 wait 1 2 1100
1 wait 1 2 1300
1 irecv 3 2100 648 0
1 irecv 3 2300 648 0
1 send 3 2300 40 0
1 send 3 2100 40 0
1 wait 4 2 2100
1 wait 4 2 2300
1 irecv 5 3100 648 0
1 irecv 13 3300 648 0
1 send 5 3300 100 0
1 send 13 3100 100 0
1 wait 6 2 3100
1 wait 14 2 3300
1 irecv 0 1100 648 0
1 irecv 0 1300 648 0
1 send 0 1300 8 0
1 send 0 1100 8 0
1 wait 1 2 1100
1 wait 1 2 1300
1 irecv 3 2100 648 0
1 irecv 3 2300 648 0
1 send 3 2300 12 0
1 send 3 2100 12 0
1 wait 4 2 2100
1 wait 4 2 2300
1 irecv 5 3100 648 0
1 irecv 13 3300 648 0
1 send 5 3300 36 0
1 send 13 3100 36 0
1 wait 6 2 3100
1 wait 14 2 3300
1 irecv 0 1100 648 0
1 irecv 0 1300 648 0
1 send 0 1300 2 0
1 send 0 1100 2 0
1 wait 1 2 1100
1 wait 1 2 1300
1 irecv 3 2100 648 0
1 irecv 3 2300 648 0
1 send 3 2300 4 0
1 send 3 2100 4 0
1 wait 4 2 2100
1 wait 4 2 2300
1 irecv 5 3100 648 0
1 irecv 13 3300 648 0
1 send 5 3300 16 0
1 send 13 3100 16 0
1 wait 6 2 3100
1 wait 14 2 3300
1 irecv 5 3100 648 0
1 irecv 13 3300 648 0
1 wait 6 2 3100
1 wait 14 2 3300
1 irecv 0 1100 648 0
1 irecv 0 1300 648 0
1 send 0 1300 2 0
1 send 0 1100 2 0
1 wait 1 2 1100
1 wait 1 2 1300
1 irecv 3 2100 648 0
1 irecv 3 2300 648 0
1 send 3 2300 4 0
1 send 3 2100 4 0
1 wait 4 2 2100
1 wait 4 2 2300
1 irecv 5 3100 648 0
1 irecv 13 3300 648 0
1 send 5 3300 16 0
1 send 13 3100 16 0
1 wait 6 2 3100
1 wait 14 2 3300
1 irecv 0 1100 648 0
1 irecv 0 1300 648 0
1 send 0 1300 2 0
1 send 0 1100 2 0
1 wait 1 2 1100
1 wait 1 2 1300
1 irecv 3 2100 648 0
1 irecv 3 2300 648 0
1 send 3 2300 4 0
1 send 3 2100 4 0
1 wait 4 2 2100
1 wait 4 2 2300
1 irecv 5 3100 648 0
1 irecv 13 3300 648 0
1 send 5 3300 16 0
1 send 13 3100 16 0
1 wait 6 2 3100
1 wait 14 2 3300
1 irecv 0 1100 648 0
1 irecv 0 1300 648 0
1 send 0 1300 8 0
1 send 0 1100 8 0
1 wait 1 2 1100
1 wait 1 2 1300
1 irecv 3 2100 648 0
1 irecv 3 2300 648 0
1 send 3 2300 12 0
1 send 3 2100 12 0
1 wait 4 2 2100
1 wait 4 2 2300
1 irecv 5 3100 648 0
1 irecv 13 3300 648 0
1 send 5 3300 36 0
1 send 13 3100 36 0
1 wait 6 2 3100
1 wait 14 2 3300
1 irecv 0 1100 648 0
1 irecv 0 1300 648 0
1 send 0 1300 8 0
1 send 0 1100 8 0
1 wait 1 2 1100
1 wait 1 2 1300
1 irecv 3 2100 648 0
1 irecv 3 2300 648 0
1 send 3 2300 12 0
1 send 3 2100 12 0
1 wait 4 2 2100
1 wait 4 2 2300
1 irecv 5 3100 648 0
1 irecv 13 3300 648 0
1 send 5 3300 36 0
1 send 13 3100 36 0
1 wait 6 2 3100
1 wait 14 2 3300
1 irecv 0 1100 648 0
1 irecv 0 1300 648 0
1 send 0 1300 32 0
1 send 0 1100 32 0
1 wait 1 2 1100
1 wait 1 2 1300
1 irecv 3 2100 648 0
1 irecv 3 2300 648 0
1 send 3 2300 40 0
1 send 3 2100 40 0
1 wait 4 2 2100
1 wait 4 2 2300
1 irecv 5 3100 648 0
1 irecv 13 3300 648 0
1 send 5 3300 100 0
1 send 13 3100 100 0
1 wait 6 2 3100
1 wait 14 2 3300
1 irecv 0 1100 648 0
1 irecv 0 1300 648 0
1 send 0 1300 32 0
1 send 0 1100 32 0
1 wait 1 2 1100
1 wait 1 2 1300
1 irecv 3 2100 648 0
1 irecv 3 2300 648 0
1 send 3 2300 40 0
1 send 3 2100 40 0
1 wait 4 2 2100
1 wait 4 2 2300
1 irecv 5 3100 648 0
1 irecv 13 3300 648 0
1 send 5 3300 100 0
1 send 13 3100 100 0
1 wait 6 2 3100
1 wait 14 2 3300
1 irecv 0 1100 648 0
1 irecv 0 1300 648 0
1 send 0 1300 128 0
1 send 0 1100 128 0
1 wait 1 2 1100
1 wait 1 2 1300
1 irecv 3 2100 648 0
1 irecv 3 2300 648 0
1 send 3 2300 144 0
1 send 3 2100 144 0
1 wait 4 2 2100
1 wait 4 2 2300
1 irecv 5 3100 648 0
1 irecv 13 3300 648 0
1 send 5 3300 324 0
1 send 13 3100 324 0
1 wait 6 2 3100
1 wait 14 2 3300
1 irecv 0 1100 648 0
1 irecv 0 1300 648 0
1 send 0 1300 128 0
1 send 0 1100 128 0
1 wait 1 2 1100
1 wait 1 2 1300
1 irecv 3 2100 648 0
1 irecv 3 2300 648 0
1 send 3 2300 144 0
1 send 3 2100 144 0
1 wait 4 2 2100
1 wait 4 2 2300
1 irecv 5 3100 648 0
1 irecv 13 3300 648 0
1 send 5 3300 324 0
1 send 13 3100 324 0
1 wait 6 2 3100
1 wait 14 2 3300
1 irecv 0 1100 648 0
1 irecv 0 1300 648 0
1 send 0 1300 128 0
1 send 0 1100 128 0
1 wait 1 2 1100
1 wait 1 2 1300
1 irecv 3 2100 648 0
1 irecv 3 2300 648 0
1 send 3 2300 144 0
1 send 3 2100 144 0
1 wait 4 2 2100
1 wait 4 2 2300
1 irecv 5 3100 648 0
1 irecv 13 3300 648 0
1 send 5 3300 324 0
1 send 13 3100 324 0
1 wait 6 2 3100
1 wait 14 2 3300
1 irecv 0 1100 648 0
1 irecv 0 1300 648 0
1 send 0 1300 32 0
1 send 0 1100 32 0
1 wait 1 2 1100
1 wait 1 2 1300
1 irecv 3 2100 648 0
1 irecv 3 2300 648 0
1 send 3 2300 40 0
1 send 3 2100 40 0
1 wait 4 2 2100
1 wait 4 2 2300
1 irecv 5 3100 648 0
1 irecv 13 3300 648 0
1 send 5 3300 100 0
1 send 13 3100 100 0
1 wait 6 2 3100
1 wait 14 2 3300
1 irecv 0 1100 648 0
1 irecv 0 1300 648 0
1 send 0 1300 8 0
1 send 0 1100 8 0
1 wait 1 2 1100
1 wait 1 2 1300
1 irecv 3 2100 648 0
1 irecv 3 2300 648 0
1 send 3 2300 12 0
1 send 3 2100 12 0
1 wait 4 2 2100
1 wait 4 2 2300
1 irecv 5 3100 648 0
1 irecv 13 3300 648 0
1 send 5 3300 36 0
1 send 13 3100 36 0
1 wait 6 2 3100
1 wait 14 2 3300
1 irecv 0 1100 648 0
1 irecv 0 1300 648 0
1 send 0 1300 2 0
1 send 0 1100 2 0
1 wait 1 2 1100
1 wait 1 2 1300
1 irecv 3 2100 648 0
1 irecv 3 2300 648 0
1 send 3 2300 4 0
1 send 3 2100 4 0
1 wait 4 2 2100
1 wait 4 2 2300
1 irecv 5 3100 648 0
1 irecv 13 3300 648 0
1 send 5 3300 16 0
1 send 13 3100 16 0
1 wait 6 2 3100
1 wait 14 2 3300
1 irecv 5 3100 648 0
1 irecv 13 3300 648 0
1 wait 6 2 3100
1 wait 14 2 3300
1 irecv 0 1100 648 0
1 irecv 0 1300 648 0
1 send 0 1300 2 0
1 send 0 1100 2 0
1 wait 1 2 1100
1 wait 1 2 1300
1 irecv 3 2100 648 0
1 irecv 3 2300 648 0
1 send 3 2300 4 0
1 send 3 2100 4 0
1 wait 4 2 2100
1 wait 4 2 2300
1 irecv 5 3100 648 0
1 irecv 13 3300 648 0
1 send 5 3300 16 0
1 send 13 3100 16 0
1 wait 6 2 3100
1 wait 14 2 3300
1 irecv 0 1100 648 0
1 irecv 0 1300 648 0
1 send 0 1300 2 0
1 send 0 1100 2 0
1 wait 1 2 1100
1 wait 1 2 1300
1 irecv 3 2100 648 0
1 irecv 3 2300 648 0
1 send 3 2300 4 0
1 send 3 2100 4 0
1 wait 4 2 2100
1 wait 4 2 2300
1 irecv 5 3100 648 0
1 irecv 13 3300 648 0
1 send 5 3300 16 0
1 send 13 3100 16 0
1 wait 6 2 3100
1 wait 14 2 3300
1 irecv 0 1100 648 0
1 irecv 0 1300 648 0
1 send 0 1300 8 0
1 send 0 1100 8 0
1 wait 1 2 1100
1 wait 1 2 1300
1 irecv 3 2100 648 0
1 irecv 3 2300 648 0
1 send 3 2300 12 0
1 send 3 2100 12 0
1 wait 4 2 2100
1 wait 4 2 2300
1 irecv 5 3100 648 0
1 irecv 13 3300 648 0
1 send 5 3300 36 0
1 send 13 3100 36 0
1 wait 6 2 3100
1 wait 14 2 3300
1 irecv 0 1100 648 0
1 irecv 0 1300 648 0
1 send 0 1300 8 0
1 send 0 1100 8 0
1 wait 1 2 1100
1 wait 1 2 1300
1 irecv 3 2100 648 0
1 irecv 3 2300 648 0
1 send 3 2300 12 0
1 send 3 2100 12 0
1 wait 4 2 2100
1 wait 4 2 2300
1 irecv 5 3100 648 0
1 irecv 13 3300 648 0
1 send 5 3300 36 0
1 send 13 3100 36 0
1 wait 6 2 3100
1 wait 14 2 3300
1 irecv 0 1100 648 0
1 irecv 0 1300 648 0
1 send 0 1300 32 0
1 send 0 1100 32 0
1 wait 1 2 1100
1 wait 1 2 1300
1 irecv 3 2100 648 0
1 irecv 3 2300 648 0
1 send 3 2300 40 0
1 send 3 2100 40 0
1 wait 4 2 2100
1 wait 4 2 2300
1 irecv 5 3100 648 0
1 irecv 13 3300 648 0
1 send 5 3300 100 0
1 send 13 3100 100 0
1 wait 6 2 3100
1 wait 14 2 3300
1 irecv 0 1100 648 0
1 irecv 0 1300 648 0
1 send 0 1300 32 0
1 send 0 1100 32 0
1 wait 1 2 1100
1 wait 1 2 1300
1 irecv 3 2100 648 0
1 irecv 3 2300 648 0
1 send 3 2300 40 0
1 send 3 2100 40 0
1 wait 4 2 2100
1 wait 4 2 2300
1 irecv 5 3100 648 0
1 irecv 13 3300 648 0
1 send 5 3300 100 0
1 send 13 3100 100 0
1 wait 6 2 3100
1 wait 14 2 3300
1 irecv 0 1100 648 0
1 irecv 0 1300 648 0
1 send 0 1300 128 0
1 send 0 1100 128 0
1 wait 1 2 1100
1 wait 1 2 1300
1 irecv 3 2100 648 0
1 irecv 3 2300 648 0
1 send 3 2300 144 0
1 send 3 2100 144 0
1 wait 4 2 2100
1 wait 4 2 2300
1 irecv 5 3100 648 0
1 irecv 13 3300 648 0
1 send 5 3300 324 0
1 send 13 3100 324 0
1 wait 6 2 3100
1 wait 14 2 3300
1 irecv 0 1100 648 0
1 irecv 0 1300 648 0
1 send 0 1300 128 0
1 send 0 1100 128 0
1 wait 1 2 1100
1 wait 1 2 1300
1 irecv 3 2100 648 0
1 irecv 3 2300 648 0
1 send 3 2300 144 0
1 send 3 2100 144 0
1 wait 4 2 2100
1 wait 4 2 2300
1 irecv 5 3100 648 0
1 irecv 13 3300 648 0
1 send 5 3300 324 0
1 send 13 3100 324 0
1 wait 6 2 3100
1 wait 14 2 3300
1 irecv 0 1100 648 0
1 irecv 0 1300 648 0
1 send 0 1300 128 0
1 send 0 1100 128 0
1 wait 1 2 1100
1 wait 1 2 1300
1 irecv 3 2100 648 0
1 irecv 3 2300 648 0
1 send 3 2300 144 0
1 send 3 2100 144 0
1 wait 4 2 2100
1 wait 4 2 2300
1 irecv 5 3100 648 0
1 irecv 13 3300 648 0
1 send 5 3300 324 0
1 send 13 3100 324 0
1 wait 6 2 3100
1 wait 14 2 3300
1 allreduce 1 0 0 
1 allreduce 1 0 0 
1 reduce 1 0 0 0 
1 finalize
