2 init
2 bcast 1 0 1 
2 bcast 1 0 0 
2 bcast 3 0 1 
2 bcast 1 0 1 
2 bcast 1 0 1 
2 bcast 1 0 16 
2 irecv 3 3000 360 0
2 irecv 3 2000 360 0
2 irecv 0 5000 360 0
2 irecv 0 4000 360 0
2 irecv 1 6000 360 0
2 irecv 1 7000 360 0
2 isend 3 2000 360 0
2 isend 3 3000 360 0
2 isend 0 4000 360 0
2 isend 0 5000 360 0
2 isend 1 7000 360 0
2 isend 1 6000 360 0
2 waitall 12
2 isend 3 3001 1470 0
2 irecv 3 3002 1470 0
2 wait 3 4 3001
2 wait 4 3 3002
2 isend 3 2002 245 0
2 irecv 3 2001 245 0
2 wait 3 4 2002
2 wait 4 3 2001
2 isend 0 5003 1470 0
2 irecv 0 5000 1470 0
2 wait 3 1 5003
2 wait 1 3 5000
2 isend 0 4000 245 0
2 irecv 0 4003 245 0
2 wait 3 1 4000
2 wait 1 3 4003
2 isend 1 6002 1470 0
2 irecv 1 6001 1470 0
2 wait 3 2 6002
2 wait 2 3 6001
2 isend 1 7001 245 0
2 irecv 1 7002 245 0
2 wait 3 2 7001
2 wait 2 3 7002
2 barrier
2 irecv 3 3000 360 0
2 irecv 3 2000 360 0
2 irecv 0 5000 360 0
2 irecv 0 4000 360 0
2 irecv 1 6000 360 0
2 irecv 1 7000 360 0
2 isend 3 2000 360 0
2 isend 3 3000 360 0
2 isend 0 4000 360 0
2 isend 0 5000 360 0
2 isend 1 7000 360 0
2 isend 1 6000 360 0
2 waitall 12
2 isend 3 3001 1470 0
2 irecv 3 3002 1470 0
2 wait 3 4 3001
2 wait 4 3 3002
2 isend 3 2002 245 0
2 irecv 3 2001 245 0
2 wait 3 4 2002
2 wait 4 3 2001
2 isend 0 5003 1470 0
2 irecv 0 5000 1470 0
2 wait 3 1 5003
2 wait 1 3 5000
2 compute 312.5
2 isend 0 4000 245 0
2 irecv 0 4003 245 0
2 wait 3 1 4000
2 wait 1 3 4003
2 isend 1 6002 1470 0
2 irecv 1 6001 1470 0
2 wait 3 2 6002
2 wait 2 3 6001
2 isend 1 7001 245 0
2 irecv 1 7002 245 0
2 wait 3 2 7001
2 wait 2 3 7002
2 irecv 3 3000 360 0
2 irecv 3 2000 360 0
2 irecv 0 5000 360 0
2 irecv 0 4000 360 0
2 irecv 1 6000 360 0
2 irecv 1 7000 360 0
2 isend 3 2000 360 0
2 isend 3 3000 360 0
2 isend 0 4000 360 0
2 isend 0 5000 360 0
2 isend 1 7000 360 0
2 isend 1 6000 360 0
2 waitall 12
2 isend 3 3001 1470 0
2 irecv 3 3002 1470 0
2 wait 3 4 3001
2 wait 4 3 3002
2 isend 3 2002 245 0
2 irecv 3 2001 245 0
2 wait 3 4 2002
2 wait 4 3 2001
2 isend 0 5003 1470 0
2 irecv 0 5000 1470 0
2 wait 3 1 5003
2 wait 1 3 5000
2 isend 0 4000 245 0
2 irecv 0 4003 245 0
2 wait 3 1 4000
2 wait 1 3 4003
2 isend 1 6002 1470 0
2 irecv 1 6001 1470 0
2 wait 3 2 6002
2 wait 2 3 6001
2 isend 1 7001 245 0
2 irecv 1 7002 245 0
2 wait 3 2 7001
2 wait 2 3 7002
2 irecv 3 3000 360 0
2 irecv 3 2000 360 0
2 irecv 0 5000 360 0
2 irecv 0 4000 360 0
2 irecv 1 6000 360 0
2 irecv 1 7000 360 0
2 isend 3 2000 360 0
2 isend 3 3000 360 0
2 isend 0 4000 360 0
2 isend 0 5000 360 0
2 isend 1 7000 360 0
2 isend 1 6000 360 0
2 waitall 12
2 isend 3 3001 1470 0
2 irecv 3 3002 1470 0
2 wait 3 4 3001
2 wait 4 3 3002
2 isend 3 2002 245 0
2 irecv 3 2001 245 0
2 wait 3 4 2002
2 wait 4 3 2001
2 isend 0 5003 1470 0
2 irecv 0 5000 1470 0
2 wait 3 1 5003
2 wait 1 3 5000
2 isend 0 4000 245 0
2 irecv 0 4003 245 0
2 wait 3 1 4000
2 wait 1 3 4003
2 isend 1 6002 1470 0
2 irecv 1 6001 1470 0
2 wait 3 2 6002
2 wait 2 3 6001
2 isend 1 7001 245 0
2 irecv 1 7002 245 0
2 wait 3 2 7001
2 wait 2 3 7002
2 irecv 3 3000 360 0
2 irecv 3 2000 360 0
2 irecv 0 5000 360 0
2 irecv 0 4000 360 0
2 irecv 1 6000 360 0
2 irecv 1 7000 360 0
2 isend 3 2000 360 0
2 isend 3 3000 360 0
2 isend 0 4000 360 0
2 isend 0 5000 360 0
2 isend 1 7000 360 0
2 isend 1 6000 360 0
2 waitall 12
2 isend 3 3001 1470 0
2 irecv 3 3002 1470 0
2 wait 3 4 3001
2 wait 4 3 3002
2 isend 3 2002 245 0
2 irecv 3 2001 245 0
2 wait 3 4 2002
2 wait 4 3 2001
2 isend 0 5003 1470 0
2 irecv 0 5000 1470 0
2 wait 3 1 5003
2 wait 1 3 5000
2 isend 0 4000 245 0
2 irecv 0 4003 245 0
2 wait 3 1 4000
2 wait 1 3 4003
2 isend 1 6002 1470 0
2 irecv 1 6001 1470 0
2 wait 3 2 6002
2 wait 2 3 6001
2 isend 1 7001 245 0
2 irecv 1 7002 245 0
2 wait 3 2 7001
2 wait 2 3 7002
2 irecv 3 3000 360 0
2 irecv 3 2000 360 0
2 irecv 0 5000 360 0
2 irecv 0 4000 360 0
2 irecv 1 6000 360 0
2 irecv 1 7000 360 0
2 isend 3 2000 360 0
2 isend 3 3000 360 0
2 isend 0 4000 360 0
2 isend 0 5000 360 0
2 isend 1 7000 360 0
2 isend 1 6000 360 0
2 waitall 12
2 isend 3 3001 1470 0
2 irecv 3 3002 1470 0
2 wait 3 4 3001
2 wait 4 3 3002
2 isend 3 2002 245 0
2 irecv 3 2001 245 0
2 wait 3 4 2002
2 wait 4 3 2001
2 isend 0 5003 1470 0
2 irecv 0 5000 1470 0
2 wait 3 1 5003
2 wait 1 3 5000
2 isend 0 4000 245 0
2 irecv 0 4003 245 0
2 wait 3 1 4000
2 wait 1 3 4003
2 isend 1 6002 1470 0
2 irecv 1 6001 1470 0
2 wait 3 2 6002
2 wait 2 3 6001
2 isend 1 7001 245 0
2 irecv 1 7002 245 0
2 wait 3 2 7001
2 wait 2 3 7002
2 irecv 3 3000 360 0
2 irecv 3 2000 360 0
2 irecv 0 5000 360 0
2 irecv 0 4000 360 0
2 irecv 1 6000 360 0
2 irecv 1 7000 360 0
2 isend 3 2000 360 0
2 isend 3 3000 360 0
2 isend 0 4000 360 0
2 isend 0 5000 360 0
2 isend 1 7000 360 0
2 isend 1 6000 360 0
2 waitall 12
2 isend 3 3001 1470 0
2 irecv 3 3002 1470 0
2 wait 3 4 3001
2 wait 4 3 3002
2 isend 3 2002 245 0
2 irecv 3 2001 245 0
2 wait 3 4 2002
2 wait 4 3 2001
2 isend 0 5003 1470 0
2 irecv 0 5000 1470 0
2 wait 3 1 5003
2 wait 1 3 5000
2 isend 0 4000 245 0
2 irecv 0 4003 245 0
2 wait 3 1 4000
2 wait 1 3 4003
2 isend 1 6002 1470 0
2 irecv 1 6001 1470 0
2 wait 3 2 6002
2 wait 2 3 6001
2 isend 1 7001 245 0
2 irecv 1 7002 245 0
2 wait 3 2 7001
2 wait 2 3 7002
2 irecv 3 3000 360 0
2 irecv 3 2000 360 0
2 irecv 0 5000 360 0
2 irecv 0 4000 360 0
2 irecv 1 6000 360 0
2 irecv 1 7000 360 0
2 isend 3 2000 360 0
2 isend 3 3000 360 0
2 isend 0 4000 360 0
2 isend 0 5000 360 0
2 isend 1 7000 360 0
2 isend 1 6000 360 0
2 waitall 12
2 isend 3 3001 1470 0
2 irecv 3 3002 1470 0
2 wait 3 4 3001
2 wait 4 3 3002
2 isend 3 2002 245 0
2 irecv 3 2001 245 0
2 wait 3 4 2002
2 wait 4 3 2001
2 isend 0 5003 1470 0
2 irecv 0 5000 1470 0
2 wait 3 1 5003
2 wait 1 3 5000
2 isend 0 4000 245 0
2 irecv 0 4003 245 0
2 wait 3 1 4000
2 wait 1 3 4003
2 isend 1 6002 1470 0
2 irecv 1 6001 1470 0
2 wait 3 2 6002
2 wait 2 3 6001
2 isend 1 7001 245 0
2 irecv 1 7002 245 0
2 wait 3 2 7001
2 wait 2 3 7002
2 irecv 3 3000 360 0
2 irecv 3 2000 360 0
2 irecv 0 5000 360 0
2 irecv 0 4000 360 0
2 irecv 1 6000 360 0
2 irecv 1 7000 360 0
2 isend 3 2000 360 0
2 isend 3 3000 360 0
2 isend 0 4000 360 0
2 isend 0 5000 360 0
2 isend 1 7000 360 0
2 isend 1 6000 360 0
2 waitall 12
2 isend 3 3001 1470 0
2 irecv 3 3002 1470 0
2 wait 3 4 3001
2 wait 4 3 3002
2 isend 3 2002 245 0
2 irecv 3 2001 245 0
2 wait 3 4 2002
2 wait 4 3 2001
2 isend 0 5003 1470 0
2 irecv 0 5000 1470 0
2 wait 3 1 5003
2 wait 1 3 5000
2 isend 0 4000 245 0
2 irecv 0 4003 245 0
2 wait 3 1 4000
2 wait 1 3 4003
2 isend 1 6002 1470 0
2 irecv 1 6001 1470 0
2 wait 3 2 6002
2 wait 2 3 6001
2 isend 1 7001 245 0
2 irecv 1 7002 245 0
2 wait 3 2 7001
2 wait 2 3 7002
2 irecv 3 3000 360 0
2 irecv 3 2000 360 0
2 irecv 0 5000 360 0
2 irecv 0 4000 360 0
2 irecv 1 6000 360 0
2 irecv 1 7000 360 0
2 isend 3 2000 360 0
2 isend 3 3000 360 0
2 isend 0 4000 360 0
2 isend 0 5000 360 0
2 isend 1 7000 360 0
2 isend 1 6000 360 0
2 waitall 12
2 isend 3 3001 1470 0
2 irecv 3 3002 1470 0
2 wait 3 4 3001
2 wait 4 3 3002
2 isend 3 2002 245 0
2 irecv 3 2001 245 0
2 wait 3 4 2002
2 wait 4 3 2001
2 isend 0 5003 1470 0
2 irecv 0 5000 1470 0
2 wait 3 1 5003
2 wait 1 3 5000
2 isend 0 4000 245 0
2 irecv 0 4003 245 0
2 wait 3 1 4000
2 wait 1 3 4003
2 isend 1 6002 1470 0
2 irecv 1 6001 1470 0
2 wait 3 2 6002
2 wait 2 3 6001
2 isend 1 7001 245 0
2 irecv 1 7002 245 0
2 wait 3 2 7001
2 wait 2 3 7002
2 irecv 3 3000 360 0
2 irecv 3 2000 360 0
2 irecv 0 5000 360 0
2 irecv 0 4000 360 0
2 irecv 1 6000 360 0
2 irecv 1 7000 360 0
2 isend 3 2000 360 0
2 isend 3 3000 360 0
2 isend 0 4000 360 0
2 isend 0 5000 360 0
2 isend 1 7000 360 0
2 isend 1 6000 360 0
2 waitall 12
2 isend 3 3001 1470 0
2 irecv 3 3002 1470 0
2 wait 3 4 3001
2 wait 4 3 3002
2 isend 3 2002 245 0
2 irecv 3 2001 245 0
2 wait 3 4 2002
2 wait 4 3 2001
2 isend 0 5003 1470 0
2 irecv 0 5000 1470 0
2 wait 3 1 5003
2 wait 1 3 5000
2 isend 0 4000 245 0
2 irecv 0 4003 245 0
2 wait 3 1 4000
2 wait 1 3 4003
2 isend 1 6002 1470 0
2 irecv 1 6001 1470 0
2 wait 3 2 6002
2 wait 2 3 6001
2 isend 1 7001 245 0
2 irecv 1 7002 245 0
2 wait 3 2 7001
2 wait 2 3 7002
2 irecv 3 3000 360 0
2 irecv 3 2000 360 0
2 irecv 0 5000 360 0
2 irecv 0 4000 360 0
2 irecv 1 6000 360 0
2 irecv 1 7000 360 0
2 isend 3 2000 360 0
2 isend 3 3000 360 0
2 isend 0 4000 360 0
2 isend 0 5000 360 0
2 isend 1 7000 360 0
2 isend 1 6000 360 0
2 waitall 12
2 isend 3 3001 1470 0
2 irecv 3 3002 1470 0
2 wait 3 4 3001
2 wait 4 3 3002
2 isend 3 2002 245 0
2 irecv 3 2001 245 0
2 wait 3 4 2002
2 wait 4 3 2001
2 isend 0 5003 1470 0
2 irecv 0 5000 1470 0
2 wait 3 1 5003
2 wait 1 3 5000
2 isend 0 4000 245 0
2 irecv 0 4003 245 0
2 wait 3 1 4000
2 wait 1 3 4003
2 isend 1 6002 1470 0
2 irecv 1 6001 1470 0
2 wait 3 2 6002
2 wait 2 3 6001
2 isend 1 7001 245 0
2 irecv 1 7002 245 0
2 wait 3 2 7001
2 wait 2 3 7002
2 irecv 3 3000 360 0
2 irecv 3 2000 360 0
2 irecv 0 5000 360 0
2 irecv 0 4000 360 0
2 irecv 1 6000 360 0
2 irecv 1 7000 360 0
2 isend 3 2000 360 0
2 isend 3 3000 360 0
2 isend 0 4000 360 0
2 isend 0 5000 360 0
2 isend 1 7000 360 0
2 isend 1 6000 360 0
2 waitall 12
2 isend 3 3001 1470 0
2 irecv 3 3002 1470 0
2 wait 3 4 3001
2 wait 4 3 3002
2 isend 3 2002 245 0
2 irecv 3 2001 245 0
2 wait 3 4 2002
2 wait 4 3 2001
2 isend 0 5003 1470 0
2 irecv 0 5000 1470 0
2 wait 3 1 5003
2 wait 1 3 5000
2 compute 312.5
2 isend 0 4000 245 0
2 irecv 0 4003 245 0
2 wait 3 1 4000
2 wait 1 3 4003
2 isend 1 6002 1470 0
2 irecv 1 6001 1470 0
2 wait 3 2 6002
2 wait 2 3 6001
2 isend 1 7001 245 0
2 irecv 1 7002 245 0
2 wait 3 2 7001
2 wait 2 3 7002
2 irecv 3 3000 360 0
2 irecv 3 2000 360 0
2 irecv 0 5000 360 0
2 irecv 0 4000 360 0
2 irecv 1 6000 360 0
2 irecv 1 7000 360 0
2 isend 3 2000 360 0
2 isend 3 3000 360 0
2 isend 0 4000 360 0
2 isend 0 5000 360 0
2 isend 1 7000 360 0
2 isend 1 6000 360 0
2 waitall 12
2 isend 3 3001 1470 0
2 irecv 3 3002 1470 0
2 wait 3 4 3001
2 wait 4 3 3002
2 isend 3 2002 245 0
2 irecv 3 2001 245 0
2 wait 3 4 2002
2 wait 4 3 2001
2 isend 0 5003 1470 0
2 irecv 0 5000 1470 0
2 wait 3 1 5003
2 wait 1 3 5000
2 isend 0 4000 245 0
2 irecv 0 4003 245 0
2 wait 3 1 4000
2 wait 1 3 4003
2 isend 1 6002 1470 0
2 irecv 1 6001 1470 0
2 wait 3 2 6002
2 wait 2 3 6001
2 isend 1 7001 245 0
2 irecv 1 7002 245 0
2 wait 3 2 7001
2 wait 2 3 7002
2 irecv 3 3000 360 0
2 irecv 3 2000 360 0
2 irecv 0 5000 360 0
2 irecv 0 4000 360 0
2 irecv 1 6000 360 0
2 irecv 1 7000 360 0
2 isend 3 2000 360 0
2 isend 3 3000 360 0
2 isend 0 4000 360 0
2 isend 0 5000 360 0
2 isend 1 7000 360 0
2 isend 1 6000 360 0
2 waitall 12
2 isend 3 3001 1470 0
2 irecv 3 3002 1470 0
2 wait 3 4 3001
2 wait 4 3 3002
2 isend 3 2002 245 0
2 irecv 3 2001 245 0
2 wait 3 4 2002
2 wait 4 3 2001
2 isend 0 5003 1470 0
2 irecv 0 5000 1470 0
2 wait 3 1 5003
2 wait 1 3 5000
2 isend 0 4000 245 0
2 irecv 0 4003 245 0
2 wait 3 1 4000
2 wait 1 3 4003
2 isend 1 6002 1470 0
2 irecv 1 6001 1470 0
2 wait 3 2 6002
2 wait 2 3 6001
2 isend 1 7001 245 0
2 irecv 1 7002 245 0
2 wait 3 2 7001
2 wait 2 3 7002
2 irecv 3 3000 360 0
2 irecv 3 2000 360 0
2 irecv 0 5000 360 0
2 irecv 0 4000 360 0
2 irecv 1 6000 360 0
2 irecv 1 7000 360 0
2 isend 3 2000 360 0
2 isend 3 3000 360 0
2 isend 0 4000 360 0
2 isend 0 5000 360 0
2 isend 1 7000 360 0
2 isend 1 6000 360 0
2 waitall 12
2 isend 3 3001 1470 0
2 irecv 3 3002 1470 0
2 wait 3 4 3001
2 wait 4 3 3002
2 isend 3 2002 245 0
2 irecv 3 2001 245 0
2 wait 3 4 2002
2 wait 4 3 2001
2 isend 0 5003 1470 0
2 irecv 0 5000 1470 0
2 wait 3 1 5003
2 wait 1 3 5000
2 isend 0 4000 245 0
2 irecv 0 4003 245 0
2 wait 3 1 4000
2 wait 1 3 4003
2 isend 1 6002 1470 0
2 irecv 1 6001 1470 0
2 wait 3 2 6002
2 wait 2 3 6001
2 isend 1 7001 245 0
2 irecv 1 7002 245 0
2 wait 3 2 7001
2 wait 2 3 7002
2 irecv 3 3000 360 0
2 irecv 3 2000 360 0
2 irecv 0 5000 360 0
2 irecv 0 4000 360 0
2 irecv 1 6000 360 0
2 irecv 1 7000 360 0
2 isend 3 2000 360 0
2 isend 3 3000 360 0
2 isend 0 4000 360 0
2 isend 0 5000 360 0
2 isend 1 7000 360 0
2 isend 1 6000 360 0
2 waitall 12
2 isend 3 3001 1470 0
2 irecv 3 3002 1470 0
2 wait 3 4 3001
2 wait 4 3 3002
2 isend 3 2002 245 0
2 irecv 3 2001 245 0
2 wait 3 4 2002
2 wait 4 3 2001
2 isend 0 5003 1470 0
2 irecv 0 5000 1470 0
2 wait 3 1 5003
2 wait 1 3 5000
2 isend 0 4000 245 0
2 irecv 0 4003 245 0
2 wait 3 1 4000
2 wait 1 3 4003
2 isend 1 6002 1470 0
2 irecv 1 6001 1470 0
2 wait 3 2 6002
2 wait 2 3 6001
2 isend 1 7001 245 0
2 irecv 1 7002 245 0
2 wait 3 2 7001
2 wait 2 3 7002
2 irecv 3 3000 360 0
2 irecv 3 2000 360 0
2 irecv 0 5000 360 0
2 irecv 0 4000 360 0
2 irecv 1 6000 360 0
2 irecv 1 7000 360 0
2 isend 3 2000 360 0
2 isend 3 3000 360 0
2 isend 0 4000 360 0
2 isend 0 5000 360 0
2 isend 1 7000 360 0
2 isend 1 6000 360 0
2 waitall 12
2 isend 3 3001 1470 0
2 irecv 3 3002 1470 0
2 wait 3 4 3001
2 wait 4 3 3002
2 isend 3 2002 245 0
2 irecv 3 2001 245 0
2 wait 3 4 2002
2 wait 4 3 2001
2 isend 0 5003 1470 0
2 irecv 0 5000 1470 0
2 wait 3 1 5003
2 wait 1 3 5000
2 isend 0 4000 245 0
2 irecv 0 4003 245 0
2 wait 3 1 4000
2 wait 1 3 4003
2 isend 1 6002 1470 0
2 irecv 1 6001 1470 0
2 wait 3 2 6002
2 wait 2 3 6001
2 isend 1 7001 245 0
2 irecv 1 7002 245 0
2 wait 3 2 7001
2 wait 2 3 7002
2 irecv 3 3000 360 0
2 irecv 3 2000 360 0
2 irecv 0 5000 360 0
2 irecv 0 4000 360 0
2 irecv 1 6000 360 0
2 irecv 1 7000 360 0
2 isend 3 2000 360 0
2 isend 3 3000 360 0
2 isend 0 4000 360 0
2 isend 0 5000 360 0
2 isend 1 7000 360 0
2 isend 1 6000 360 0
2 waitall 12
2 isend 3 3001 1470 0
2 irecv 3 3002 1470 0
2 wait 3 4 3001
2 wait 4 3 3002
2 isend 3 2002 245 0
2 irecv 3 2001 245 0
2 wait 3 4 2002
2 wait 4 3 2001
2 isend 0 5003 1470 0
2 irecv 0 5000 1470 0
2 wait 3 1 5003
2 wait 1 3 5000
2 isend 0 4000 245 0
2 irecv 0 4003 245 0
2 wait 3 1 4000
2 wait 1 3 4003
2 isend 1 6002 1470 0
2 irecv 1 6001 1470 0
2 wait 3 2 6002
2 wait 2 3 6001
2 isend 1 7001 245 0
2 irecv 1 7002 245 0
2 wait 3 2 7001
2 wait 2 3 7002
2 irecv 3 3000 360 0
2 irecv 3 2000 360 0
2 irecv 0 5000 360 0
2 irecv 0 4000 360 0
2 irecv 1 6000 360 0
2 irecv 1 7000 360 0
2 isend 3 2000 360 0
2 isend 3 3000 360 0
2 isend 0 4000 360 0
2 isend 0 5000 360 0
2 isend 1 7000 360 0
2 isend 1 6000 360 0
2 waitall 12
2 isend 3 3001 1470 0
2 irecv 3 3002 1470 0
2 wait 3 4 3001
2 wait 4 3 3002
2 isend 3 2002 245 0
2 irecv 3 2001 245 0
2 wait 3 4 2002
2 wait 4 3 2001
2 isend 0 5003 1470 0
2 irecv 0 5000 1470 0
2 wait 3 1 5003
2 wait 1 3 5000
2 isend 0 4000 245 0
2 irecv 0 4003 245 0
2 wait 3 1 4000
2 wait 1 3 4003
2 isend 1 6002 1470 0
2 irecv 1 6001 1470 0
2 wait 3 2 6002
2 compute 312.5
2 wait 2 3 6001
2 isend 1 7001 245 0
2 irecv 1 7002 245 0
2 wait 3 2 7001
2 wait 2 3 7002
2 irecv 3 3000 360 0
2 irecv 3 2000 360 0
2 irecv 0 5000 360 0
2 irecv 0 4000 360 0
2 irecv 1 6000 360 0
2 irecv 1 7000 360 0
2 isend 3 2000 360 0
2 isend 3 3000 360 0
2 isend 0 4000 360 0
2 isend 0 5000 360 0
2 isend 1 7000 360 0
2 isend 1 6000 360 0
2 waitall 12
2 isend 3 3001 1470 0
2 irecv 3 3002 1470 0
2 wait 3 4 3001
2 wait 4 3 3002
2 isend 3 2002 245 0
2 irecv 3 2001 245 0
2 wait 3 4 2002
2 wait 4 3 2001
2 isend 0 5003 1470 0
2 irecv 0 5000 1470 0
2 wait 3 1 5003
2 wait 1 3 5000
2 isend 0 4000 245 0
2 irecv 0 4003 245 0
2 wait 3 1 4000
2 wait 1 3 4003
2 isend 1 6002 1470 0
2 irecv 1 6001 1470 0
2 wait 3 2 6002
2 wait 2 3 6001
2 isend 1 7001 245 0
2 irecv 1 7002 245 0
2 wait 3 2 7001
2 wait 2 3 7002
2 irecv 3 3000 360 0
2 irecv 3 2000 360 0
2 irecv 0 5000 360 0
2 irecv 0 4000 360 0
2 irecv 1 6000 360 0
2 irecv 1 7000 360 0
2 isend 3 2000 360 0
2 isend 3 3000 360 0
2 isend 0 4000 360 0
2 isend 0 5000 360 0
2 isend 1 7000 360 0
2 isend 1 6000 360 0
2 waitall 12
2 isend 3 3001 1470 0
2 irecv 3 3002 1470 0
2 wait 3 4 3001
2 wait 4 3 3002
2 isend 3 2002 245 0
2 irecv 3 2001 245 0
2 wait 3 4 2002
2 wait 4 3 2001
2 isend 0 5003 1470 0
2 irecv 0 5000 1470 0
2 wait 3 1 5003
2 wait 1 3 5000
2 isend 0 4000 245 0
2 irecv 0 4003 245 0
2 wait 3 1 4000
2 wait 1 3 4003
2 isend 1 6002 1470 0
2 irecv 1 6001 1470 0
2 wait 3 2 6002
2 wait 2 3 6001
2 isend 1 7001 245 0
2 irecv 1 7002 245 0
2 wait 3 2 7001
2 wait 2 3 7002
2 irecv 3 3000 360 0
2 irecv 3 2000 360 0
2 irecv 0 5000 360 0
2 irecv 0 4000 360 0
2 irecv 1 6000 360 0
2 irecv 1 7000 360 0
2 isend 3 2000 360 0
2 isend 3 3000 360 0
2 isend 0 4000 360 0
2 isend 0 5000 360 0
2 isend 1 7000 360 0
2 isend 1 6000 360 0
2 waitall 12
2 isend 3 3001 1470 0
2 irecv 3 3002 1470 0
2 wait 3 4 3001
2 wait 4 3 3002
2 isend 3 2002 245 0
2 irecv 3 2001 245 0
2 wait 3 4 2002
2 wait 4 3 2001
2 isend 0 5003 1470 0
2 irecv 0 5000 1470 0
2 wait 3 1 5003
2 wait 1 3 5000
2 isend 0 4000 245 0
2 irecv 0 4003 245 0
2 wait 3 1 4000
2 wait 1 3 4003
2 isend 1 6002 1470 0
2 irecv 1 6001 1470 0
2 wait 3 2 6002
2 wait 2 3 6001
2 isend 1 7001 245 0
2 irecv 1 7002 245 0
2 wait 3 2 7001
2 wait 2 3 7002
2 irecv 3 3000 360 0
2 irecv 3 2000 360 0
2 irecv 0 5000 360 0
2 irecv 0 4000 360 0
2 irecv 1 6000 360 0
2 irecv 1 7000 360 0
2 isend 3 2000 360 0
2 isend 3 3000 360 0
2 isend 0 4000 360 0
2 isend 0 5000 360 0
2 isend 1 7000 360 0
2 isend 1 6000 360 0
2 waitall 12
2 isend 3 3001 1470 0
2 irecv 3 3002 1470 0
2 wait 3 4 3001
2 wait 4 3 3002
2 isend 3 2002 245 0
2 irecv 3 2001 245 0
2 wait 3 4 2002
2 wait 4 3 2001
2 isend 0 5003 1470 0
2 irecv 0 5000 1470 0
2 wait 3 1 5003
2 wait 1 3 5000
2 isend 0 4000 245 0
2 irecv 0 4003 245 0
2 wait 3 1 4000
2 wait 1 3 4003
2 isend 1 6002 1470 0
2 irecv 1 6001 1470 0
2 wait 3 2 6002
2 wait 2 3 6001
2 isend 1 7001 245 0
2 irecv 1 7002 245 0
2 wait 3 2 7001
2 wait 2 3 7002
2 irecv 3 3000 360 0
2 irecv 3 2000 360 0
2 irecv 0 5000 360 0
2 irecv 0 4000 360 0
2 irecv 1 6000 360 0
2 irecv 1 7000 360 0
2 isend 3 2000 360 0
2 isend 3 3000 360 0
2 isend 0 4000 360 0
2 isend 0 5000 360 0
2 isend 1 7000 360 0
2 isend 1 6000 360 0
2 waitall 12
2 isend 3 3001 1470 0
2 irecv 3 3002 1470 0
2 wait 3 4 3001
2 wait 4 3 3002
2 isend 3 2002 245 0
2 irecv 3 2001 245 0
2 wait 3 4 2002
2 wait 4 3 2001
2 isend 0 5003 1470 0
2 irecv 0 5000 1470 0
2 wait 3 1 5003
2 wait 1 3 5000
2 isend 0 4000 245 0
2 irecv 0 4003 245 0
2 wait 3 1 4000
2 wait 1 3 4003
2 isend 1 6002 1470 0
2 irecv 1 6001 1470 0
2 wait 3 2 6002
2 wait 2 3 6001
2 isend 1 7001 245 0
2 irecv 1 7002 245 0
2 wait 3 2 7001
2 wait 2 3 7002
2 irecv 3 3000 360 0
2 irecv 3 2000 360 0
2 irecv 0 5000 360 0
2 irecv 0 4000 360 0
2 irecv 1 6000 360 0
2 irecv 1 7000 360 0
2 isend 3 2000 360 0
2 isend 3 3000 360 0
2 isend 0 4000 360 0
2 isend 0 5000 360 0
2 isend 1 7000 360 0
2 isend 1 6000 360 0
2 waitall 12
2 isend 3 3001 1470 0
2 irecv 3 3002 1470 0
2 wait 3 4 3001
2 wait 4 3 3002
2 isend 3 2002 245 0
2 irecv 3 2001 245 0
2 wait 3 4 2002
2 wait 4 3 2001
2 isend 0 5003 1470 0
2 irecv 0 5000 1470 0
2 wait 3 1 5003
2 wait 1 3 5000
2 isend 0 4000 245 0
2 irecv 0 4003 245 0
2 wait 3 1 4000
2 wait 1 3 4003
2 isend 1 6002 1470 0
2 irecv 1 6001 1470 0
2 wait 3 2 6002
2 wait 2 3 6001
2 isend 1 7001 245 0
2 irecv 1 7002 245 0
2 wait 3 2 7001
2 wait 2 3 7002
2 irecv 3 3000 360 0
2 irecv 3 2000 360 0
2 irecv 0 5000 360 0
2 irecv 0 4000 360 0
2 irecv 1 6000 360 0
2 irecv 1 7000 360 0
2 isend 3 2000 360 0
2 isend 3 3000 360 0
2 isend 0 4000 360 0
2 isend 0 5000 360 0
2 isend 1 7000 360 0
2 isend 1 6000 360 0
2 waitall 12
2 isend 3 3001 1470 0
2 irecv 3 3002 1470 0
2 wait 3 4 3001
2 wait 4 3 3002
2 isend 3 2002 245 0
2 irecv 3 2001 245 0
2 wait 3 4 2002
2 wait 4 3 2001
2 isend 0 5003 1470 0
2 irecv 0 5000 1470 0
2 wait 3 1 5003
2 wait 1 3 5000
2 isend 0 4000 245 0
2 irecv 0 4003 245 0
2 wait 3 1 4000
2 wait 1 3 4003
2 isend 1 6002 1470 0
2 irecv 1 6001 1470 0
2 wait 3 2 6002
2 wait 2 3 6001
2 isend 1 7001 245 0
2 irecv 1 7002 245 0
2 wait 3 2 7001
2 wait 2 3 7002
2 irecv 3 3000 360 0
2 irecv 3 2000 360 0
2 irecv 0 5000 360 0
2 irecv 0 4000 360 0
2 irecv 1 6000 360 0
2 irecv 1 7000 360 0
2 isend 3 2000 360 0
2 isend 3 3000 360 0
2 isend 0 4000 360 0
2 isend 0 5000 360 0
2 isend 1 7000 360 0
2 isend 1 6000 360 0
2 waitall 12
2 isend 3 3001 1470 0
2 irecv 3 3002 1470 0
2 wait 3 4 3001
2 wait 4 3 3002
2 isend 3 2002 245 0
2 irecv 3 2001 245 0
2 wait 3 4 2002
2 wait 4 3 2001
2 isend 0 5003 1470 0
2 irecv 0 5000 1470 0
2 wait 3 1 5003
2 wait 1 3 5000
2 isend 0 4000 245 0
2 irecv 0 4003 245 0
2 wait 3 1 4000
2 wait 1 3 4003
2 isend 1 6002 1470 0
2 irecv 1 6001 1470 0
2 wait 3 2 6002
2 wait 2 3 6001
2 isend 1 7001 245 0
2 irecv 1 7002 245 0
2 wait 3 2 7001
2 wait 2 3 7002
2 irecv 3 3000 360 0
2 irecv 3 2000 360 0
2 irecv 0 5000 360 0
2 irecv 0 4000 360 0
2 irecv 1 6000 360 0
2 irecv 1 7000 360 0
2 isend 3 2000 360 0
2 isend 3 3000 360 0
2 isend 0 4000 360 0
2 isend 0 5000 360 0
2 isend 1 7000 360 0
2 isend 1 6000 360 0
2 waitall 12
2 isend 3 3001 1470 0
2 irecv 3 3002 1470 0
2 wait 3 4 3001
2 wait 4 3 3002
2 isend 3 2002 245 0
2 irecv 3 2001 245 0
2 wait 3 4 2002
2 wait 4 3 2001
2 isend 0 5003 1470 0
2 irecv 0 5000 1470 0
2 wait 3 1 5003
2 wait 1 3 5000
2 isend 0 4000 245 0
2 irecv 0 4003 245 0
2 wait 3 1 4000
2 wait 1 3 4003
2 isend 1 6002 1470 0
2 irecv 1 6001 1470 0
2 wait 3 2 6002
2 wait 2 3 6001
2 isend 1 7001 245 0
2 irecv 1 7002 245 0
2 wait 3 2 7001
2 wait 2 3 7002
2 irecv 3 3000 360 0
2 irecv 3 2000 360 0
2 irecv 0 5000 360 0
2 irecv 0 4000 360 0
2 irecv 1 6000 360 0
2 irecv 1 7000 360 0
2 isend 3 2000 360 0
2 isend 3 3000 360 0
2 isend 0 4000 360 0
2 isend 0 5000 360 0
2 isend 1 7000 360 0
2 isend 1 6000 360 0
2 waitall 12
2 isend 3 3001 1470 0
2 irecv 3 3002 1470 0
2 wait 3 4 3001
2 wait 4 3 3002
2 isend 3 2002 245 0
2 irecv 3 2001 245 0
2 wait 3 4 2002
2 wait 4 3 2001
2 isend 0 5003 1470 0
2 irecv 0 5000 1470 0
2 wait 3 1 5003
2 wait 1 3 5000
2 isend 0 4000 245 0
2 irecv 0 4003 245 0
2 wait 3 1 4000
2 wait 1 3 4003
2 isend 1 6002 1470 0
2 irecv 1 6001 1470 0
2 wait 3 2 6002
2 wait 2 3 6001
2 isend 1 7001 245 0
2 irecv 1 7002 245 0
2 wait 3 2 7001
2 wait 2 3 7002
2 irecv 3 3000 360 0
2 irecv 3 2000 360 0
2 irecv 0 5000 360 0
2 irecv 0 4000 360 0
2 irecv 1 6000 360 0
2 irecv 1 7000 360 0
2 isend 3 2000 360 0
2 isend 3 3000 360 0
2 isend 0 4000 360 0
2 isend 0 5000 360 0
2 isend 1 7000 360 0
2 isend 1 6000 360 0
2 waitall 12
2 isend 3 3001 1470 0
2 irecv 3 3002 1470 0
2 wait 3 4 3001
2 wait 4 3 3002
2 isend 3 2002 245 0
2 irecv 3 2001 245 0
2 wait 3 4 2002
2 wait 4 3 2001
2 isend 0 5003 1470 0
2 irecv 0 5000 1470 0
2 wait 3 1 5003
2 wait 1 3 5000
2 isend 0 4000 245 0
2 irecv 0 4003 245 0
2 wait 3 1 4000
2 wait 1 3 4003
2 isend 1 6002 1470 0
2 irecv 1 6001 1470 0
2 wait 3 2 6002
2 wait 2 3 6001
2 isend 1 7001 245 0
2 irecv 1 7002 245 0
2 wait 3 2 7001
2 wait 2 3 7002
2 irecv 3 3000 360 0
2 irecv 3 2000 360 0
2 irecv 0 5000 360 0
2 irecv 0 4000 360 0
2 irecv 1 6000 360 0
2 irecv 1 7000 360 0
2 isend 3 2000 360 0
2 isend 3 3000 360 0
2 isend 0 4000 360 0
2 isend 0 5000 360 0
2 isend 1 7000 360 0
2 isend 1 6000 360 0
2 waitall 12
2 isend 3 3001 1470 0
2 irecv 3 3002 1470 0
2 wait 3 4 3001
2 wait 4 3 3002
2 isend 3 2002 245 0
2 irecv 3 2001 245 0
2 wait 3 4 2002
2 wait 4 3 2001
2 isend 0 5003 1470 0
2 irecv 0 5000 1470 0
2 wait 3 1 5003
2 wait 1 3 5000
2 isend 0 4000 245 0
2 irecv 0 4003 245 0
2 wait 3 1 4000
2 wait 1 3 4003
2 isend 1 6002 1470 0
2 irecv 1 6001 1470 0
2 wait 3 2 6002
2 wait 2 3 6001
2 isend 1 7001 245 0
2 irecv 1 7002 245 0
2 wait 3 2 7001
2 wait 2 3 7002
2 irecv 3 3000 360 0
2 irecv 3 2000 360 0
2 irecv 0 5000 360 0
2 irecv 0 4000 360 0
2 irecv 1 6000 360 0
2 irecv 1 7000 360 0
2 isend 3 2000 360 0
2 isend 3 3000 360 0
2 isend 0 4000 360 0
2 isend 0 5000 360 0
2 isend 1 7000 360 0
2 isend 1 6000 360 0
2 waitall 12
2 isend 3 3001 1470 0
2 irecv 3 3002 1470 0
2 wait 3 4 3001
2 wait 4 3 3002
2 isend 3 2002 245 0
2 irecv 3 2001 245 0
2 wait 3 4 2002
2 wait 4 3 2001
2 isend 0 5003 1470 0
2 irecv 0 5000 1470 0
2 wait 3 1 5003
2 wait 1 3 5000
2 isend 0 4000 245 0
2 irecv 0 4003 245 0
2 wait 3 1 4000
2 wait 1 3 4003
2 isend 1 6002 1470 0
2 irecv 1 6001 1470 0
2 wait 3 2 6002
2 wait 2 3 6001
2 isend 1 7001 245 0
2 irecv 1 7002 245 0
2 wait 3 2 7001
2 wait 2 3 7002
2 irecv 3 3000 360 0
2 irecv 3 2000 360 0
2 irecv 0 5000 360 0
2 irecv 0 4000 360 0
2 irecv 1 6000 360 0
2 irecv 1 7000 360 0
2 isend 3 2000 360 0
2 isend 3 3000 360 0
2 isend 0 4000 360 0
2 isend 0 5000 360 0
2 isend 1 7000 360 0
2 isend 1 6000 360 0
2 waitall 12
2 isend 3 3001 1470 0
2 irecv 3 3002 1470 0
2 wait 3 4 3001
2 wait 4 3 3002
2 isend 3 2002 245 0
2 irecv 3 2001 245 0
2 wait 3 4 2002
2 wait 4 3 2001
2 isend 0 5003 1470 0
2 irecv 0 5000 1470 0
2 wait 3 1 5003
2 wait 1 3 5000
2 isend 0 4000 245 0
2 irecv 0 4003 245 0
2 wait 3 1 4000
2 wait 1 3 4003
2 isend 1 6002 1470 0
2 irecv 1 6001 1470 0
2 wait 3 2 6002
2 wait 2 3 6001
2 isend 1 7001 245 0
2 irecv 1 7002 245 0
2 wait 3 2 7001
2 wait 2 3 7002
2 irecv 3 3000 360 0
2 irecv 3 2000 360 0
2 irecv 0 5000 360 0
2 irecv 0 4000 360 0
2 irecv 1 6000 360 0
2 irecv 1 7000 360 0
2 isend 3 2000 360 0
2 isend 3 3000 360 0
2 isend 0 4000 360 0
2 isend 0 5000 360 0
2 isend 1 7000 360 0
2 isend 1 6000 360 0
2 waitall 12
2 isend 3 3001 1470 0
2 irecv 3 3002 1470 0
2 wait 3 4 3001
2 wait 4 3 3002
2 isend 3 2002 245 0
2 irecv 3 2001 245 0
2 wait 3 4 2002
2 wait 4 3 2001
2 isend 0 5003 1470 0
2 irecv 0 5000 1470 0
2 wait 3 1 5003
2 wait 1 3 5000
2 isend 0 4000 245 0
2 irecv 0 4003 245 0
2 wait 3 1 4000
2 wait 1 3 4003
2 isend 1 6002 1470 0
2 irecv 1 6001 1470 0
2 wait 3 2 6002
2 wait 2 3 6001
2 isend 1 7001 245 0
2 irecv 1 7002 245 0
2 wait 3 2 7001
2 wait 2 3 7002
2 irecv 3 3000 360 0
2 irecv 3 2000 360 0
2 irecv 0 5000 360 0
2 irecv 0 4000 360 0
2 irecv 1 6000 360 0
2 irecv 1 7000 360 0
2 isend 3 2000 360 0
2 isend 3 3000 360 0
2 isend 0 4000 360 0
2 isend 0 5000 360 0
2 isend 1 7000 360 0
2 isend 1 6000 360 0
2 waitall 12
2 isend 3 3001 1470 0
2 irecv 3 3002 1470 0
2 wait 3 4 3001
2 wait 4 3 3002
2 isend 3 2002 245 0
2 irecv 3 2001 245 0
2 wait 3 4 2002
2 wait 4 3 2001
2 isend 0 5003 1470 0
2 irecv 0 5000 1470 0
2 wait 3 1 5003
2 wait 1 3 5000
2 isend 0 4000 245 0
2 irecv 0 4003 245 0
2 wait 3 1 4000
2 wait 1 3 4003
2 isend 1 6002 1470 0
2 irecv 1 6001 1470 0
2 wait 3 2 6002
2 wait 2 3 6001
2 isend 1 7001 245 0
2 irecv 1 7002 245 0
2 wait 3 2 7001
2 wait 2 3 7002
2 irecv 3 3000 360 0
2 irecv 3 2000 360 0
2 irecv 0 5000 360 0
2 irecv 0 4000 360 0
2 irecv 1 6000 360 0
2 irecv 1 7000 360 0
2 isend 3 2000 360 0
2 isend 3 3000 360 0
2 isend 0 4000 360 0
2 isend 0 5000 360 0
2 isend 1 7000 360 0
2 isend 1 6000 360 0
2 waitall 12
2 isend 3 3001 1470 0
2 irecv 3 3002 1470 0
2 wait 3 4 3001
2 wait 4 3 3002
2 isend 3 2002 245 0
2 irecv 3 2001 245 0
2 wait 3 4 2002
2 wait 4 3 2001
2 isend 0 5003 1470 0
2 irecv 0 5000 1470 0
2 wait 3 1 5003
2 wait 1 3 5000
2 isend 0 4000 245 0
2 irecv 0 4003 245 0
2 wait 3 1 4000
2 wait 1 3 4003
2 isend 1 6002 1470 0
2 irecv 1 6001 1470 0
2 wait 3 2 6002
2 wait 2 3 6001
2 isend 1 7001 245 0
2 irecv 1 7002 245 0
2 wait 3 2 7001
2 wait 2 3 7002
2 irecv 3 3000 360 0
2 irecv 3 2000 360 0
2 irecv 0 5000 360 0
2 irecv 0 4000 360 0
2 irecv 1 6000 360 0
2 irecv 1 7000 360 0
2 isend 3 2000 360 0
2 isend 3 3000 360 0
2 isend 0 4000 360 0
2 isend 0 5000 360 0
2 isend 1 7000 360 0
2 isend 1 6000 360 0
2 waitall 12
2 isend 3 3001 1470 0
2 irecv 3 3002 1470 0
2 wait 3 4 3001
2 wait 4 3 3002
2 isend 3 2002 245 0
2 irecv 3 2001 245 0
2 wait 3 4 2002
2 wait 4 3 2001
2 isend 0 5003 1470 0
2 irecv 0 5000 1470 0
2 wait 3 1 5003
2 wait 1 3 5000
2 isend 0 4000 245 0
2 irecv 0 4003 245 0
2 wait 3 1 4000
2 wait 1 3 4003
2 isend 1 6002 1470 0
2 irecv 1 6001 1470 0
2 wait 3 2 6002
2 wait 2 3 6001
2 isend 1 7001 245 0
2 irecv 1 7002 245 0
2 wait 3 2 7001
2 wait 2 3 7002
2 irecv 3 3000 360 0
2 irecv 3 2000 360 0
2 irecv 0 5000 360 0
2 irecv 0 4000 360 0
2 irecv 1 6000 360 0
2 irecv 1 7000 360 0
2 isend 3 2000 360 0
2 isend 3 3000 360 0
2 isend 0 4000 360 0
2 isend 0 5000 360 0
2 isend 1 7000 360 0
2 isend 1 6000 360 0
2 waitall 12
2 isend 3 3001 1470 0
2 irecv 3 3002 1470 0
2 wait 3 4 3001
2 wait 4 3 3002
2 isend 3 2002 245 0
2 irecv 3 2001 245 0
2 wait 3 4 2002
2 wait 4 3 2001
2 isend 0 5003 1470 0
2 irecv 0 5000 1470 0
2 wait 3 1 5003
2 wait 1 3 5000
2 isend 0 4000 245 0
2 irecv 0 4003 245 0
2 wait 3 1 4000
2 wait 1 3 4003
2 isend 1 6002 1470 0
2 irecv 1 6001 1470 0
2 wait 3 2 6002
2 wait 2 3 6001
2 isend 1 7001 245 0
2 irecv 1 7002 245 0
2 wait 3 2 7001
2 wait 2 3 7002
2 irecv 3 3000 360 0
2 irecv 3 2000 360 0
2 irecv 0 5000 360 0
2 irecv 0 4000 360 0
2 irecv 1 6000 360 0
2 irecv 1 7000 360 0
2 isend 3 2000 360 0
2 isend 3 3000 360 0
2 isend 0 4000 360 0
2 isend 0 5000 360 0
2 isend 1 7000 360 0
2 isend 1 6000 360 0
2 waitall 12
2 isend 3 3001 1470 0
2 irecv 3 3002 1470 0
2 wait 3 4 3001
2 wait 4 3 3002
2 isend 3 2002 245 0
2 irecv 3 2001 245 0
2 wait 3 4 2002
2 wait 4 3 2001
2 isend 0 5003 1470 0
2 irecv 0 5000 1470 0
2 wait 3 1 5003
2 wait 1 3 5000
2 isend 0 4000 245 0
2 irecv 0 4003 245 0
2 wait 3 1 4000
2 wait 1 3 4003
2 isend 1 6002 1470 0
2 irecv 1 6001 1470 0
2 wait 3 2 6002
2 wait 2 3 6001
2 isend 1 7001 245 0
2 irecv 1 7002 245 0
2 wait 3 2 7001
2 wait 2 3 7002
2 irecv 3 3000 360 0
2 irecv 3 2000 360 0
2 irecv 0 5000 360 0
2 irecv 0 4000 360 0
2 irecv 1 6000 360 0
2 irecv 1 7000 360 0
2 isend 3 2000 360 0
2 isend 3 3000 360 0
2 isend 0 4000 360 0
2 isend 0 5000 360 0
2 isend 1 7000 360 0
2 isend 1 6000 360 0
2 waitall 12
2 isend 3 3001 1470 0
2 irecv 3 3002 1470 0
2 wait 3 4 3001
2 wait 4 3 3002
2 isend 3 2002 245 0
2 irecv 3 2001 245 0
2 wait 3 4 2002
2 wait 4 3 2001
2 isend 0 5003 1470 0
2 irecv 0 5000 1470 0
2 wait 3 1 5003
2 wait 1 3 5000
2 isend 0 4000 245 0
2 irecv 0 4003 245 0
2 wait 3 1 4000
2 wait 1 3 4003
2 isend 1 6002 1470 0
2 irecv 1 6001 1470 0
2 wait 3 2 6002
2 wait 2 3 6001
2 isend 1 7001 245 0
2 irecv 1 7002 245 0
2 wait 3 2 7001
2 wait 2 3 7002
2 irecv 3 3000 360 0
2 irecv 3 2000 360 0
2 irecv 0 5000 360 0
2 irecv 0 4000 360 0
2 irecv 1 6000 360 0
2 irecv 1 7000 360 0
2 isend 3 2000 360 0
2 isend 3 3000 360 0
2 isend 0 4000 360 0
2 isend 0 5000 360 0
2 isend 1 7000 360 0
2 isend 1 6000 360 0
2 waitall 12
2 isend 3 3001 1470 0
2 irecv 3 3002 1470 0
2 wait 3 4 3001
2 wait 4 3 3002
2 isend 3 2002 245 0
2 irecv 3 2001 245 0
2 wait 3 4 2002
2 wait 4 3 2001
2 isend 0 5003 1470 0
2 irecv 0 5000 1470 0
2 wait 3 1 5003
2 wait 1 3 5000
2 isend 0 4000 245 0
2 irecv 0 4003 245 0
2 wait 3 1 4000
2 wait 1 3 4003
2 isend 1 6002 1470 0
2 irecv 1 6001 1470 0
2 wait 3 2 6002
2 wait 2 3 6001
2 isend 1 7001 245 0
2 irecv 1 7002 245 0
2 wait 3 2 7001
2 wait 2 3 7002
2 irecv 3 3000 360 0
2 irecv 3 2000 360 0
2 irecv 0 5000 360 0
2 irecv 0 4000 360 0
2 irecv 1 6000 360 0
2 irecv 1 7000 360 0
2 isend 3 2000 360 0
2 isend 3 3000 360 0
2 isend 0 4000 360 0
2 isend 0 5000 360 0
2 isend 1 7000 360 0
2 isend 1 6000 360 0
2 waitall 12
2 isend 3 3001 1470 0
2 irecv 3 3002 1470 0
2 wait 3 4 3001
2 wait 4 3 3002
2 isend 3 2002 245 0
2 irecv 3 2001 245 0
2 wait 3 4 2002
2 wait 4 3 2001
2 isend 0 5003 1470 0
2 irecv 0 5000 1470 0
2 wait 3 1 5003
2 wait 1 3 5000
2 isend 0 4000 245 0
2 irecv 0 4003 245 0
2 wait 3 1 4000
2 wait 1 3 4003
2 isend 1 6002 1470 0
2 irecv 1 6001 1470 0
2 wait 3 2 6002
2 wait 2 3 6001
2 isend 1 7001 245 0
2 irecv 1 7002 245 0
2 wait 3 2 7001
2 wait 2 3 7002
2 irecv 3 3000 360 0
2 irecv 3 2000 360 0
2 irecv 0 5000 360 0
2 irecv 0 4000 360 0
2 irecv 1 6000 360 0
2 irecv 1 7000 360 0
2 isend 3 2000 360 0
2 isend 3 3000 360 0
2 isend 0 4000 360 0
2 isend 0 5000 360 0
2 isend 1 7000 360 0
2 isend 1 6000 360 0
2 waitall 12
2 isend 3 3001 1470 0
2 irecv 3 3002 1470 0
2 wait 3 4 3001
2 wait 4 3 3002
2 isend 3 2002 245 0
2 irecv 3 2001 245 0
2 wait 3 4 2002
2 wait 4 3 2001
2 isend 0 5003 1470 0
2 irecv 0 5000 1470 0
2 wait 3 1 5003
2 wait 1 3 5000
2 isend 0 4000 245 0
2 irecv 0 4003 245 0
2 wait 3 1 4000
2 wait 1 3 4003
2 isend 1 6002 1470 0
2 irecv 1 6001 1470 0
2 wait 3 2 6002
2 wait 2 3 6001
2 isend 1 7001 245 0
2 irecv 1 7002 245 0
2 wait 3 2 7001
2 wait 2 3 7002
2 irecv 3 3000 360 0
2 irecv 3 2000 360 0
2 irecv 0 5000 360 0
2 irecv 0 4000 360 0
2 irecv 1 6000 360 0
2 irecv 1 7000 360 0
2 isend 3 2000 360 0
2 isend 3 3000 360 0
2 isend 0 4000 360 0
2 isend 0 5000 360 0
2 isend 1 7000 360 0
2 isend 1 6000 360 0
2 waitall 12
2 isend 3 3001 1470 0
2 irecv 3 3002 1470 0
2 wait 3 4 3001
2 wait 4 3 3002
2 isend 3 2002 245 0
2 irecv 3 2001 245 0
2 wait 3 4 2002
2 wait 4 3 2001
2 isend 0 5003 1470 0
2 irecv 0 5000 1470 0
2 wait 3 1 5003
2 wait 1 3 5000
2 isend 0 4000 245 0
2 irecv 0 4003 245 0
2 wait 3 1 4000
2 wait 1 3 4003
2 isend 1 6002 1470 0
2 irecv 1 6001 1470 0
2 wait 3 2 6002
2 wait 2 3 6001
2 isend 1 7001 245 0
2 irecv 1 7002 245 0
2 wait 3 2 7001
2 wait 2 3 7002
2 irecv 3 3000 360 0
2 irecv 3 2000 360 0
2 irecv 0 5000 360 0
2 irecv 0 4000 360 0
2 irecv 1 6000 360 0
2 irecv 1 7000 360 0
2 isend 3 2000 360 0
2 isend 3 3000 360 0
2 isend 0 4000 360 0
2 isend 0 5000 360 0
2 isend 1 7000 360 0
2 isend 1 6000 360 0
2 waitall 12
2 isend 3 3001 1470 0
2 irecv 3 3002 1470 0
2 wait 3 4 3001
2 wait 4 3 3002
2 isend 3 2002 245 0
2 irecv 3 2001 245 0
2 wait 3 4 2002
2 wait 4 3 2001
2 isend 0 5003 1470 0
2 irecv 0 5000 1470 0
2 wait 3 1 5003
2 wait 1 3 5000
2 isend 0 4000 245 0
2 irecv 0 4003 245 0
2 wait 3 1 4000
2 wait 1 3 4003
2 isend 1 6002 1470 0
2 irecv 1 6001 1470 0
2 wait 3 2 6002
2 wait 2 3 6001
2 isend 1 7001 245 0
2 irecv 1 7002 245 0
2 wait 3 2 7001
2 wait 2 3 7002
2 irecv 3 3000 360 0
2 irecv 3 2000 360 0
2 irecv 0 5000 360 0
2 irecv 0 4000 360 0
2 irecv 1 6000 360 0
2 irecv 1 7000 360 0
2 isend 3 2000 360 0
2 isend 3 3000 360 0
2 isend 0 4000 360 0
2 isend 0 5000 360 0
2 isend 1 7000 360 0
2 isend 1 6000 360 0
2 waitall 12
2 isend 3 3001 1470 0
2 irecv 3 3002 1470 0
2 wait 3 4 3001
2 wait 4 3 3002
2 isend 3 2002 245 0
2 irecv 3 2001 245 0
2 wait 3 4 2002
2 wait 4 3 2001
2 isend 0 5003 1470 0
2 irecv 0 5000 1470 0
2 wait 3 1 5003
2 wait 1 3 5000
2 isend 0 4000 245 0
2 irecv 0 4003 245 0
2 wait 3 1 4000
2 wait 1 3 4003
2 isend 1 6002 1470 0
2 irecv 1 6001 1470 0
2 wait 3 2 6002
2 wait 2 3 6001
2 isend 1 7001 245 0
2 irecv 1 7002 245 0
2 wait 3 2 7001
2 wait 2 3 7002
2 irecv 3 3000 360 0
2 irecv 3 2000 360 0
2 irecv 0 5000 360 0
2 irecv 0 4000 360 0
2 irecv 1 6000 360 0
2 irecv 1 7000 360 0
2 isend 3 2000 360 0
2 isend 3 3000 360 0
2 isend 0 4000 360 0
2 isend 0 5000 360 0
2 isend 1 7000 360 0
2 isend 1 6000 360 0
2 waitall 12
2 isend 3 3001 1470 0
2 irecv 3 3002 1470 0
2 wait 3 4 3001
2 wait 4 3 3002
2 isend 3 2002 245 0
2 irecv 3 2001 245 0
2 wait 3 4 2002
2 wait 4 3 2001
2 isend 0 5003 1470 0
2 irecv 0 5000 1470 0
2 wait 3 1 5003
2 wait 1 3 5000
2 isend 0 4000 245 0
2 irecv 0 4003 245 0
2 wait 3 1 4000
2 wait 1 3 4003
2 isend 1 6002 1470 0
2 irecv 1 6001 1470 0
2 wait 3 2 6002
2 wait 2 3 6001
2 isend 1 7001 245 0
2 irecv 1 7002 245 0
2 wait 3 2 7001
2 wait 2 3 7002
2 irecv 3 3000 360 0
2 irecv 3 2000 360 0
2 irecv 0 5000 360 0
2 irecv 0 4000 360 0
2 irecv 1 6000 360 0
2 irecv 1 7000 360 0
2 isend 3 2000 360 0
2 isend 3 3000 360 0
2 isend 0 4000 360 0
2 isend 0 5000 360 0
2 isend 1 7000 360 0
2 isend 1 6000 360 0
2 waitall 12
2 isend 3 3001 1470 0
2 irecv 3 3002 1470 0
2 wait 3 4 3001
2 wait 4 3 3002
2 isend 3 2002 245 0
2 irecv 3 2001 245 0
2 wait 3 4 2002
2 wait 4 3 2001
2 isend 0 5003 1470 0
2 irecv 0 5000 1470 0
2 wait 3 1 5003
2 wait 1 3 5000
2 isend 0 4000 245 0
2 irecv 0 4003 245 0
2 wait 3 1 4000
2 wait 1 3 4003
2 isend 1 6002 1470 0
2 irecv 1 6001 1470 0
2 wait 3 2 6002
2 wait 2 3 6001
2 isend 1 7001 245 0
2 irecv 1 7002 245 0
2 wait 3 2 7001
2 wait 2 3 7002
2 irecv 3 3000 360 0
2 irecv 3 2000 360 0
2 irecv 0 5000 360 0
2 irecv 0 4000 360 0
2 irecv 1 6000 360 0
2 irecv 1 7000 360 0
2 isend 3 2000 360 0
2 isend 3 3000 360 0
2 isend 0 4000 360 0
2 isend 0 5000 360 0
2 isend 1 7000 360 0
2 isend 1 6000 360 0
2 waitall 12
2 isend 3 3001 1470 0
2 irecv 3 3002 1470 0
2 wait 3 4 3001
2 wait 4 3 3002
2 isend 3 2002 245 0
2 irecv 3 2001 245 0
2 wait 3 4 2002
2 wait 4 3 2001
2 isend 0 5003 1470 0
2 irecv 0 5000 1470 0
2 wait 3 1 5003
2 wait 1 3 5000
2 isend 0 4000 245 0
2 irecv 0 4003 245 0
2 wait 3 1 4000
2 wait 1 3 4003
2 isend 1 6002 1470 0
2 irecv 1 6001 1470 0
2 wait 3 2 6002
2 wait 2 3 6001
2 isend 1 7001 245 0
2 irecv 1 7002 245 0
2 wait 3 2 7001
2 wait 2 3 7002
2 irecv 3 3000 360 0
2 irecv 3 2000 360 0
2 irecv 0 5000 360 0
2 irecv 0 4000 360 0
2 irecv 1 6000 360 0
2 irecv 1 7000 360 0
2 isend 3 2000 360 0
2 isend 3 3000 360 0
2 isend 0 4000 360 0
2 isend 0 5000 360 0
2 isend 1 7000 360 0
2 isend 1 6000 360 0
2 waitall 12
2 isend 3 3001 1470 0
2 irecv 3 3002 1470 0
2 wait 3 4 3001
2 wait 4 3 3002
2 isend 3 2002 245 0
2 irecv 3 2001 245 0
2 wait 3 4 2002
2 wait 4 3 2001
2 isend 0 5003 1470 0
2 irecv 0 5000 1470 0
2 wait 3 1 5003
2 wait 1 3 5000
2 isend 0 4000 245 0
2 irecv 0 4003 245 0
2 wait 3 1 4000
2 wait 1 3 4003
2 isend 1 6002 1470 0
2 irecv 1 6001 1470 0
2 wait 3 2 6002
2 wait 2 3 6001
2 isend 1 7001 245 0
2 irecv 1 7002 245 0
2 wait 3 2 7001
2 wait 2 3 7002
2 irecv 3 3000 360 0
2 irecv 3 2000 360 0
2 irecv 0 5000 360 0
2 irecv 0 4000 360 0
2 irecv 1 6000 360 0
2 irecv 1 7000 360 0
2 isend 3 2000 360 0
2 isend 3 3000 360 0
2 isend 0 4000 360 0
2 isend 0 5000 360 0
2 isend 1 7000 360 0
2 isend 1 6000 360 0
2 waitall 12
2 isend 3 3001 1470 0
2 irecv 3 3002 1470 0
2 wait 3 4 3001
2 wait 4 3 3002
2 isend 3 2002 245 0
2 irecv 3 2001 245 0
2 wait 3 4 2002
2 wait 4 3 2001
2 isend 0 5003 1470 0
2 irecv 0 5000 1470 0
2 wait 3 1 5003
2 wait 1 3 5000
2 isend 0 4000 245 0
2 irecv 0 4003 245 0
2 wait 3 1 4000
2 wait 1 3 4003
2 isend 1 6002 1470 0
2 irecv 1 6001 1470 0
2 wait 3 2 6002
2 wait 2 3 6001
2 isend 1 7001 245 0
2 irecv 1 7002 245 0
2 wait 3 2 7001
2 wait 2 3 7002
2 irecv 3 3000 360 0
2 irecv 3 2000 360 0
2 irecv 0 5000 360 0
2 irecv 0 4000 360 0
2 irecv 1 6000 360 0
2 irecv 1 7000 360 0
2 isend 3 2000 360 0
2 isend 3 3000 360 0
2 isend 0 4000 360 0
2 isend 0 5000 360 0
2 isend 1 7000 360 0
2 isend 1 6000 360 0
2 waitall 12
2 isend 3 3001 1470 0
2 irecv 3 3002 1470 0
2 wait 3 4 3001
2 wait 4 3 3002
2 isend 3 2002 245 0
2 irecv 3 2001 245 0
2 wait 3 4 2002
2 wait 4 3 2001
2 isend 0 5003 1470 0
2 irecv 0 5000 1470 0
2 wait 3 1 5003
2 wait 1 3 5000
2 isend 0 4000 245 0
2 irecv 0 4003 245 0
2 wait 3 1 4000
2 wait 1 3 4003
2 isend 1 6002 1470 0
2 irecv 1 6001 1470 0
2 wait 3 2 6002
2 wait 2 3 6001
2 isend 1 7001 245 0
2 irecv 1 7002 245 0
2 wait 3 2 7001
2 wait 2 3 7002
2 irecv 3 3000 360 0
2 irecv 3 2000 360 0
2 irecv 0 5000 360 0
2 irecv 0 4000 360 0
2 irecv 1 6000 360 0
2 irecv 1 7000 360 0
2 isend 3 2000 360 0
2 isend 3 3000 360 0
2 isend 0 4000 360 0
2 isend 0 5000 360 0
2 isend 1 7000 360 0
2 isend 1 6000 360 0
2 waitall 12
2 isend 3 3001 1470 0
2 irecv 3 3002 1470 0
2 wait 3 4 3001
2 wait 4 3 3002
2 isend 3 2002 245 0
2 irecv 3 2001 245 0
2 wait 3 4 2002
2 wait 4 3 2001
2 isend 0 5003 1470 0
2 irecv 0 5000 1470 0
2 wait 3 1 5003
2 wait 1 3 5000
2 isend 0 4000 245 0
2 irecv 0 4003 245 0
2 wait 3 1 4000
2 wait 1 3 4003
2 isend 1 6002 1470 0
2 irecv 1 6001 1470 0
2 wait 3 2 6002
2 wait 2 3 6001
2 isend 1 7001 245 0
2 irecv 1 7002 245 0
2 wait 3 2 7001
2 wait 2 3 7002
2 irecv 3 3000 360 0
2 irecv 3 2000 360 0
2 irecv 0 5000 360 0
2 irecv 0 4000 360 0
2 irecv 1 6000 360 0
2 irecv 1 7000 360 0
2 isend 3 2000 360 0
2 isend 3 3000 360 0
2 isend 0 4000 360 0
2 isend 0 5000 360 0
2 isend 1 7000 360 0
2 isend 1 6000 360 0
2 waitall 12
2 isend 3 3001 1470 0
2 irecv 3 3002 1470 0
2 wait 3 4 3001
2 wait 4 3 3002
2 isend 3 2002 245 0
2 irecv 3 2001 245 0
2 wait 3 4 2002
2 wait 4 3 2001
2 isend 0 5003 1470 0
2 irecv 0 5000 1470 0
2 wait 3 1 5003
2 wait 1 3 5000
2 isend 0 4000 245 0
2 irecv 0 4003 245 0
2 wait 3 1 4000
2 wait 1 3 4003
2 isend 1 6002 1470 0
2 irecv 1 6001 1470 0
2 wait 3 2 6002
2 wait 2 3 6001
2 isend 1 7001 245 0
2 irecv 1 7002 245 0
2 wait 3 2 7001
2 wait 2 3 7002
2 irecv 3 3000 360 0
2 irecv 3 2000 360 0
2 irecv 0 5000 360 0
2 irecv 0 4000 360 0
2 irecv 1 6000 360 0
2 irecv 1 7000 360 0
2 isend 3 2000 360 0
2 isend 3 3000 360 0
2 isend 0 4000 360 0
2 isend 0 5000 360 0
2 isend 1 7000 360 0
2 isend 1 6000 360 0
2 waitall 12
2 isend 3 3001 1470 0
2 irecv 3 3002 1470 0
2 wait 3 4 3001
2 wait 4 3 3002
2 isend 3 2002 245 0
2 irecv 3 2001 245 0
2 wait 3 4 2002
2 wait 4 3 2001
2 isend 0 5003 1470 0
2 irecv 0 5000 1470 0
2 wait 3 1 5003
2 wait 1 3 5000
2 isend 0 4000 245 0
2 irecv 0 4003 245 0
2 wait 3 1 4000
2 wait 1 3 4003
2 isend 1 6002 1470 0
2 irecv 1 6001 1470 0
2 wait 3 2 6002
2 wait 2 3 6001
2 isend 1 7001 245 0
2 irecv 1 7002 245 0
2 wait 3 2 7001
2 wait 2 3 7002
2 irecv 3 3000 360 0
2 irecv 3 2000 360 0
2 irecv 0 5000 360 0
2 irecv 0 4000 360 0
2 irecv 1 6000 360 0
2 irecv 1 7000 360 0
2 isend 3 2000 360 0
2 isend 3 3000 360 0
2 isend 0 4000 360 0
2 isend 0 5000 360 0
2 isend 1 7000 360 0
2 isend 1 6000 360 0
2 waitall 12
2 isend 3 3001 1470 0
2 irecv 3 3002 1470 0
2 wait 3 4 3001
2 wait 4 3 3002
2 isend 3 2002 245 0
2 irecv 3 2001 245 0
2 wait 3 4 2002
2 wait 4 3 2001
2 isend 0 5003 1470 0
2 irecv 0 5000 1470 0
2 wait 3 1 5003
2 wait 1 3 5000
2 isend 0 4000 245 0
2 irecv 0 4003 245 0
2 wait 3 1 4000
2 wait 1 3 4003
2 isend 1 6002 1470 0
2 irecv 1 6001 1470 0
2 wait 3 2 6002
2 wait 2 3 6001
2 isend 1 7001 245 0
2 irecv 1 7002 245 0
2 wait 3 2 7001
2 wait 2 3 7002
2 irecv 3 3000 360 0
2 irecv 3 2000 360 0
2 irecv 0 5000 360 0
2 irecv 0 4000 360 0
2 irecv 1 6000 360 0
2 irecv 1 7000 360 0
2 isend 3 2000 360 0
2 isend 3 3000 360 0
2 isend 0 4000 360 0
2 isend 0 5000 360 0
2 isend 1 7000 360 0
2 isend 1 6000 360 0
2 waitall 12
2 isend 3 3001 1470 0
2 irecv 3 3002 1470 0
2 wait 3 4 3001
2 wait 4 3 3002
2 isend 3 2002 245 0
2 irecv 3 2001 245 0
2 wait 3 4 2002
2 wait 4 3 2001
2 isend 0 5003 1470 0
2 irecv 0 5000 1470 0
2 wait 3 1 5003
2 wait 1 3 5000
2 isend 0 4000 245 0
2 irecv 0 4003 245 0
2 wait 3 1 4000
2 wait 1 3 4003
2 isend 1 6002 1470 0
2 irecv 1 6001 1470 0
2 wait 3 2 6002
2 wait 2 3 6001
2 isend 1 7001 245 0
2 irecv 1 7002 245 0
2 wait 3 2 7001
2 wait 2 3 7002
2 irecv 3 3000 360 0
2 irecv 3 2000 360 0
2 irecv 0 5000 360 0
2 irecv 0 4000 360 0
2 irecv 1 6000 360 0
2 irecv 1 7000 360 0
2 isend 3 2000 360 0
2 isend 3 3000 360 0
2 isend 0 4000 360 0
2 isend 0 5000 360 0
2 isend 1 7000 360 0
2 isend 1 6000 360 0
2 waitall 12
2 isend 3 3001 1470 0
2 irecv 3 3002 1470 0
2 wait 3 4 3001
2 wait 4 3 3002
2 isend 3 2002 245 0
2 irecv 3 2001 245 0
2 wait 3 4 2002
2 wait 4 3 2001
2 isend 0 5003 1470 0
2 irecv 0 5000 1470 0
2 wait 3 1 5003
2 wait 1 3 5000
2 isend 0 4000 245 0
2 irecv 0 4003 245 0
2 wait 3 1 4000
2 wait 1 3 4003
2 isend 1 6002 1470 0
2 irecv 1 6001 1470 0
2 wait 3 2 6002
2 wait 2 3 6001
2 isend 1 7001 245 0
2 irecv 1 7002 245 0
2 wait 3 2 7001
2 wait 2 3 7002
2 irecv 3 3000 360 0
2 irecv 3 2000 360 0
2 irecv 0 5000 360 0
2 irecv 0 4000 360 0
2 irecv 1 6000 360 0
2 irecv 1 7000 360 0
2 isend 3 2000 360 0
2 isend 3 3000 360 0
2 isend 0 4000 360 0
2 isend 0 5000 360 0
2 isend 1 7000 360 0
2 isend 1 6000 360 0
2 waitall 12
2 isend 3 3001 1470 0
2 irecv 3 3002 1470 0
2 wait 3 4 3001
2 wait 4 3 3002
2 isend 3 2002 245 0
2 irecv 3 2001 245 0
2 wait 3 4 2002
2 wait 4 3 2001
2 isend 0 5003 1470 0
2 irecv 0 5000 1470 0
2 wait 3 1 5003
2 wait 1 3 5000
2 isend 0 4000 245 0
2 irecv 0 4003 245 0
2 wait 3 1 4000
2 wait 1 3 4003
2 isend 1 6002 1470 0
2 irecv 1 6001 1470 0
2 wait 3 2 6002
2 wait 2 3 6001
2 isend 1 7001 245 0
2 irecv 1 7002 245 0
2 wait 3 2 7001
2 wait 2 3 7002
2 irecv 3 3000 360 0
2 irecv 3 2000 360 0
2 irecv 0 5000 360 0
2 irecv 0 4000 360 0
2 irecv 1 6000 360 0
2 irecv 1 7000 360 0
2 isend 3 2000 360 0
2 isend 3 3000 360 0
2 isend 0 4000 360 0
2 isend 0 5000 360 0
2 isend 1 7000 360 0
2 isend 1 6000 360 0
2 waitall 12
2 isend 3 3001 1470 0
2 irecv 3 3002 1470 0
2 wait 3 4 3001
2 wait 4 3 3002
2 isend 3 2002 245 0
2 irecv 3 2001 245 0
2 wait 3 4 2002
2 wait 4 3 2001
2 isend 0 5003 1470 0
2 irecv 0 5000 1470 0
2 wait 3 1 5003
2 wait 1 3 5000
2 isend 0 4000 245 0
2 irecv 0 4003 245 0
2 wait 3 1 4000
2 wait 1 3 4003
2 isend 1 6002 1470 0
2 irecv 1 6001 1470 0
2 wait 3 2 6002
2 wait 2 3 6001
2 isend 1 7001 245 0
2 irecv 1 7002 245 0
2 wait 3 2 7001
2 wait 2 3 7002
2 allreduce 5 0 0 
2 irecv 3 3000 360 0
2 irecv 3 2000 360 0
2 irecv 0 5000 360 0
2 irecv 0 4000 360 0
2 irecv 1 6000 360 0
2 irecv 1 7000 360 0
2 isend 3 2000 360 0
2 isend 3 3000 360 0
2 isend 0 4000 360 0
2 isend 0 5000 360 0
2 isend 1 7000 360 0
2 isend 1 6000 360 0
2 waitall 12
2 allreduce 5 0 0 
2 reduce 1 0 0 0 
2 barrier
2 finalize
