0 init
0 bcast 1 0 1 
0 allreduce 517 0 1 
0 alltoall 1 1 1 1
0 alltoallv 4096 48 60 56 72 52 56 52 60 76 60 76 56 44 52 52 84 32 68 60 92 76 36 56 132 72 44 64 68 52 64 72 84 52 48 108 96 60 60 36 72 108 84 44 68 52 92 36 60 60 60 52 40 72 56 56 88 56 56 72 40 64 76 56 88 4140 48 56 76 52 24 68 40 80 84 48 72 64 80 64 64 96 76 68 88 52 52 76 36 84 52 72 36 100 64 104 100 52 36 64 52 96 68 60 72 68 36 76 88 52 60 80 72 72 64 52 68 44 44 68 68 56 44 72 56 64 52 56 68 84 1 1
0 allreduce 517 0 1 
0 alltoall 1 1 1 1
0 alltoallv 4096 48 60 56 72 52 56 52 60 76 60 76 56 44 52 52 84 32 68 60 92 76 36 56 132 72 44 64 68 52 64 72 84 52 48 108 96 60 60 36 72 108 84 44 68 52 92 36 60 60 60 52 40 72 56 56 88 56 56 72 40 64 76 56 88 4140 48 56 76 52 24 68 40 80 84 48 72 64 80 64 64 96 76 68 88 52 52 76 36 84 52 72 36 100 64 104 100 52 36 64 52 96 68 60 72 68 36 76 88 52 60 80 72 72 64 52 68 44 44 68 68 56 44 72 56 64 52 56 68 84 1 1
0 allreduce 517 0 1 
0 alltoall 1 1 1 1
0 alltoallv 4096 52 60 56 72 52 56 52 60 76 56 76 56 44 52 52 84 32 68 60 92 76 36 56 132 72 44 64 68 52 64 72 84 52 48 108 92 60 60 36 72 108 84 44 68 52 92 36 60 60 60 52 40 72 56 56 88 56 56 72 40 64 76 56 92 4144 52 56 76 52 24 68 40 80 84 48 72 64 80 64 64 96 76 68 88 52 52 76 36 84 52 72 36 100 64 104 100 52 36 64 52 96 68 60 72 68 36 76 88 52 60 80 72 72 64 52 68 44 44 68 68 56 44 72 56 64 52 56 68 84 1 1
0 allreduce 517 0 1 
0 alltoall 1 1 1 1
0 alltoallv 4096 56 60 56 72 48 56 52 60 76 56 76 56 44 52 52 84 32 68 60 92 76 36 56 132 72 44 64 68 52 64 72 84 52 48 108 92 60 60 36 72 108 84 44 68 52 92 36 60 60 60 52 40 72 56 52 88 56 56 72 40 64 76 56 96 4148 56 56 76 52 24 68 40 80 84 48 72 64 80 64 64 96 76 68 88 52 52 76 36 84 52 72 36 100 64 104 100 52 36 64 52 96 68 60 72 68 36 76 88 52 60 80 72 72 64 52 68 44 44 68 68 56 44 72 56 64 52 56 68 84 1 1
0 allreduce 517 0 1 
0 alltoall 1 1 1 1
0 alltoallv 4096 60 60 56 72 48 56 52 60 76 56 76 56 44 52 52 84 32 68 60 92 76 36 56 132 72 44 60 68 52 64 72 84 52 48 108 92 60 60 36 72 104 84 44 68 52 92 36 60 60 60 52 40 72 56 52 88 56 56 72 40 64 76 56 100 4152 60 56 76 52 24 68 40 80 84 48 72 64 80 64 64 96 76 68 88 52 52 76 36 84 52 72 36 100 64 104 100 52 36 64 52 96 68 60 72 68 36 76 88 52 60 80 72 72 64 52 68 44 44 68 68 56 44 72 56 64 52 56 68 84 1 1
0 allreduce 517 0 1 
0 alltoall 1 1 1 1
0 alltoallv 4096 64 56 56 72 48 56 52 60 76 56 76 56 44 52 52 84 32 68 60 92 76 36 56 132 72 44 60 68 52 64 72 84 52 48 108 92 60 60 36 72 104 84 44 68 52 92 32 60 60 60 52 40 72 56 52 88 56 56 72 40 64 76 56 104 4156 64 56 76 52 24 68 40 80 84 48 72 64 80 64 64 96 76 68 88 52 52 76 36 84 52 72 36 100 64 104 100 52 36 64 52 96 68 60 72 68 36 76 88 52 60 80 72 72 64 52 68 44 44 68 68 56 44 72 56 64 52 56 68 84 1 1
0 allreduce 517 0 1 
0 alltoall 1 1 1 1
0 alltoallv 4096 68 56 56 72 48 56 52 60 76 56 76 56 40 52 52 84 32 68 60 92 76 32 56 132 72 44 60 68 52 64 72 84 52 48 108 92 60 60 36 72 104 84 44 68 52 92 32 60 60 60 52 40 72 56 52 88 56 56 72 40 64 76 56 108 4160 68 56 76 52 24 68 40 80 84 48 72 64 80 64 64 96 76 68 88 52 52 76 36 84 52 72 36 100 64 104 100 52 36 64 52 96 68 60 72 68 36 76 88 52 60 80 72 72 64 52 68 44 44 68 68 56 44 72 56 64 52 56 68 84 1 1
0 allreduce 517 0 1 
0 alltoall 1 1 1 1
0 alltoallv 4096 72 56 56 72 48 56 52 60 76 56 76 56 40 52 52 84 32 60 60 92 76 32 56 132 72 44 60 68 52 64 72 84 52 48 108 92 60 60 36 72 104 84 44 68 52 92 32 60 60 60 52 40 72 56 52 88 56 56 72 40 64 76 56 112 4164 72 56 76 52 24 68 40 80 84 48 72 64 80 64 64 96 76 68 88 52 52 76 36 84 52 72 36 100 64 104 100 52 36 64 52 96 68 60 72 68 36 76 88 52 60 80 72 72 64 52 68 44 44 68 68 56 44 72 56 64 52 56 68 84 1 1
0 allreduce 517 0 1 
0 alltoall 1 1 1 1
0 alltoallv 4096 76 56 56 72 48 56 52 60 76 56 76 56 40 52 52 84 32 60 60 92 76 32 56 128 72 44 60 68 52 64 72 84 52 48 108 92 60 60 32 72 104 84 44 68 52 92 32 60 60 60 52 40 72 56 52 88 56 56 72 40 64 76 56 116 4168 76 56 76 52 24 68 40 80 84 48 72 64 80 64 64 96 76 68 88 52 52 76 36 84 52 72 36 100 64 104 100 52 36 64 52 96 68 60 72 68 36 76 88 52 60 80 72 72 64 52 68 44 44 68 68 56 44 72 56 64 52 56 68 84 1 1
0 allreduce 517 0 1 
0 alltoall 1 1 1 1
0 alltoallv 4096 80 56 56 72 48 56 52 60 76 56 76 56 36 52 52 84 32 60 60 92 76 32 56 128 72 44 60 68 52 64 72 84 52 48 108 92 60 60 32 72 104 84 44 68 52 88 32 60 60 60 52 40 72 56 52 88 56 56 72 40 64 76 56 120 4172 80 56 76 52 24 68 40 80 84 48 72 64 80 64 64 96 76 68 88 52 52 76 36 84 52 72 36 100 64 104 100 52 36 64 52 96 68 60 72 68 36 76 88 52 60 80 72 72 64 52 68 44 44 68 68 56 44 72 56 64 52 56 68 84 1 1
0 allreduce 517 0 1 
0 alltoall 1 1 1 1
0 alltoallv 4096 84 56 56 72 48 56 52 60 76 56 76 56 36 52 52 84 32 60 60 92 68 32 56 128 72 44 60 68 52 64 72 84 52 48 108 92 60 60 32 72 104 84 44 68 52 88 32 60 60 60 52 40 72 56 52 88 56 56 72 40 64 76 56 124 4176 84 56 76 52 24 68 40 80 84 48 72 64 80 64 64 96 76 68 88 52 52 76 36 84 52 72 36 100 64 104 100 52 36 64 52 96 68 60 72 68 36 76 88 52 60 80 72 72 64 52 68 44 44 68 68 56 44 72 56 64 52 56 68 84 1 1
0 reduce 1 0 0 0 
0 send 1 1000 1 1
0 reduce 1 0 0 1 
0 finalize
