29 init
29 bcast 1 0 1 
29 allreduce 517 0 1 
29 alltoall 1 1 1 1
29 alltoallv 4096 104 60 32 68 76 56 60 84 52 68 72 60 88 60 40 68 64 44 48 96 56 52 44 80 60 64 64 40 88 40 52 48 64 76 64 68 72 80 92 72 52 84 68 44 88 52 56 68 68 28 68 16 64 72 76 96 76 36 56 84 64 68 52 84 3792 64 40 76 56 60 36 60 68 44 44 80 48 56 40 40 40 56 60 52 20 40 60 96 68 96 48 48 40 80 40 64 72 64 92 64 60 40 60 52 64 72 48 76 72 44 24 64 64 76 64 60 100 56 24 48 56 64 116 60 36 84 64 52 80 1 1
29 allreduce 517 0 1 
29 alltoall 1 1 1 1
29 alltoallv 4096 104 60 32 68 76 56 60 84 52 68 72 60 88 60 40 68 64 44 48 96 56 52 44 80 60 64 64 40 88 40 52 48 64 76 64 68 72 80 92 72 52 84 68 44 88 52 56 68 68 28 68 16 64 72 76 96 76 36 56 84 64 68 52 84 3792 64 40 76 56 60 36 60 68 44 44 80 48 56 40 40 40 56 60 52 20 40 60 96 68 96 48 48 40 80 40 64 72 64 92 64 60 40 60 52 64 72 48 76 72 44 24 64 64 76 64 60 100 56 24 48 56 64 116 60 36 84 64 52 80 1 1
29 allreduce 517 0 1 
29 alltoall 1 1 1 1
29 alltoallv 4096 104 60 32 68 76 56 60 84 52 68 72 60 88 60 40 68 64 44 48 96 56 52 44 80 60 64 64 40 88 40 52 48 64 76 64 68 72 80 92 72 52 84 68 44 88 52 56 68 68 28 68 16 64 72 76 96 76 36 56 84 64 68 52 84 3792 64 40 76 56 60 36 60 68 44 44 80 48 56 40 40 40 56 60 52 20 40 60 96 68 96 48 48 40 80 40 64 72 64 92 64 60 40 60 52 64 72 48 76 72 44 24 64 64 76 64 60 100 56 24 48 56 64 116 60 36 84 64 52 80 1 1
29 allreduce 517 0 1 
29 alltoall 1 1 1 1
29 alltoallv 4096 104 60 32 68 76 56 60 84 52 68 72 60 88 60 40 68 64 44 48 96 56 52 44 80 60 64 64 40 88 40 52 48 64 76 64 68 72 80 92 72 52 84 68 44 88 52 56 68 68 28 68 16 64 72 76 96 76 36 56 84 64 68 52 84 3792 64 40 76 56 60 36 60 68 44 44 80 48 56 40 40 40 56 60 52 20 40 60 96 68 96 48 48 40 80 40 64 72 64 92 64 60 40 60 52 64 72 48 76 72 44 24 64 64 76 64 60 100 56 24 48 56 64 116 60 36 84 64 52 80 1 1
29 allreduce 517 0 1 
29 alltoall 1 1 1 1
29 alltoallv 4096 104 60 32 68 76 56 60 84 52 68 72 60 88 60 40 68 64 44 48 96 56 52 44 80 60 64 64 40 88 40 52 48 64 76 64 68 72 80 92 72 52 84 68 44 88 52 56 68 68 28 68 16 64 72 76 96 76 36 56 84 64 68 52 84 3792 64 40 76 56 60 36 60 68 44 44 80 48 56 40 40 40 56 60 52 20 40 60 96 68 96 48 48 40 80 40 64 72 64 92 64 60 40 60 52 64 72 48 76 72 44 24 64 64 76 64 60 100 56 24 48 56 64 116 60 36 84 64 52 80 1 1
29 allreduce 517 0 1 
29 alltoall 1 1 1 1
29 alltoallv 4096 104 60 32 68 76 56 60 84 52 68 72 60 88 60 40 68 64 44 48 96 56 52 44 80 60 64 64 40 88 40 52 48 64 76 64 68 72 80 92 72 52 84 68 44 88 52 56 68 68 28 68 16 64 72 76 96 76 36 56 84 64 68 52 84 3792 64 40 76 56 60 36 60 68 44 44 80 48 56 40 40 40 56 60 52 20 40 60 96 68 96 48 48 40 80 40 64 72 64 92 64 60 40 60 52 64 72 48 76 72 44 24 64 64 76 64 60 100 56 24 48 56 64 116 60 36 84 64 52 80 1 1
29 allreduce 517 0 1 
29 alltoall 1 1 1 1
29 alltoallv 4096 104 60 32 68 76 56 60 84 52 68 72 60 88 60 40 68 64 44 48 96 56 52 44 80 60 64 64 40 88 40 52 48 64 76 64 68 72 80 92 72 52 84 68 44 88 52 56 68 68 28 68 16 64 72 76 96 76 36 56 84 64 68 52 84 3792 64 40 76 56 60 36 60 68 44 44 80 48 56 40 40 40 56 60 52 20 40 60 96 68 96 48 48 40 80 40 64 72 64 92 64 60 40 60 52 64 72 48 76 72 44 24 64 64 76 64 60 100 56 24 48 56 64 116 60 36 84 64 52 80 1 1
29 allreduce 517 0 1 
29 alltoall 1 1 1 1
29 alltoallv 4096 104 60 32 68 76 56 60 84 52 68 72 60 88 60 40 68 64 44 48 96 56 52 44 80 60 64 64 40 88 40 52 48 64 76 64 68 72 80 92 72 52 84 68 44 88 52 56 68 68 28 68 16 64 72 76 96 76 36 56 84 64 68 52 84 3792 64 40 76 56 60 36 60 68 44 44 80 48 56 40 40 40 56 60 52 20 40 60 96 68 96 48 48 40 80 40 64 72 64 92 64 60 40 60 52 64 72 48 76 72 44 24 64 64 76 64 60 100 56 24 48 56 64 116 60 36 84 64 52 80 1 1
29 allreduce 517 0 1 
29 alltoall 1 1 1 1
29 alltoallv 4096 104 60 32 68 76 56 60 84 52 68 72 60 88 60 40 68 64 44 48 96 56 52 44 80 60 64 64 40 88 40 52 48 64 76 64 68 72 80 92 72 52 84 68 44 88 52 56 68 68 28 68 16 64 72 76 96 76 36 56 84 64 68 52 84 3792 64 40 76 56 60 36 60 68 44 44 80 48 56 40 40 40 56 60 52 20 40 60 96 68 96 48 48 40 80 40 64 72 64 92 64 60 40 60 52 64 72 48 76 72 44 24 64 64 76 64 60 100 56 24 48 56 64 116 60 36 84 64 52 80 1 1
29 allreduce 517 0 1 
29 alltoall 1 1 1 1
29 alltoallv 4096 104 60 32 68 76 56 60 84 52 68 72 60 88 60 40 68 64 44 48 96 56 52 44 80 60 64 64 40 88 40 52 48 64 76 64 68 72 80 92 72 52 84 68 44 88 52 56 68 68 28 68 16 64 72 76 96 76 36 56 84 64 68 52 84 3792 64 40 76 56 60 36 60 68 44 44 80 48 56 40 40 40 56 60 52 20 40 60 96 68 96 48 48 40 80 40 64 72 64 92 64 60 40 60 52 64 72 48 76 72 44 24 64 64 76 64 60 100 56 24 48 56 64 116 60 36 84 64 52 80 1 1
29 allreduce 517 0 1 
29 alltoall 1 1 1 1
29 alltoallv 4096 104 60 32 68 76 56 60 84 52 68 72 60 88 60 40 68 64 44 48 96 56 52 44 80 60 64 64 40 88 40 52 48 64 76 64 68 72 80 92 72 52 84 68 44 88 52 56 68 68 28 68 16 64 72 76 96 76 36 56 84 64 68 52 84 3792 64 40 76 56 60 36 60 68 44 44 80 48 56 40 40 40 56 60 52 20 40 60 96 68 96 48 48 40 80 40 64 72 64 92 64 60 40 60 52 64 72 48 76 72 44 24 64 64 76 64 60 100 56 24 48 56 64 116 60 36 84 64 52 80 1 1
29 reduce 1 0 0 0 
29 irecv 28 1000 1 1
29 send 30 1000 1 1
29 wait 29 30 1000
29 reduce 1 0 0 1 
29 finalize
