7 init
7 bcast 1 0 1 
7 allreduce 517 0 1 
7 alltoall 1 1 1 1
7 alltoallv 4096 80 56 60 108 68 32 92 76 24 60 56 56 36 64 56 84 44 84 64 68 76 40 64 88 64 72 88 68 56 68 52 56 60 64 68 32 80 80 72 52 44 60 56 92 56 60 48 56 76 72 76 72 60 56 72 64 60 72 48 64 68 64 80 52 4332 60 68 28 72 92 72 72 76 84 80 60 68 60 80 52 80 96 72 80 56 76 44 88 56 72 64 100 56 48 84 92 100 100 48 40 60 68 84 56 68 72 40 56 68 76 44 68 48 60 96 80 28 84 52 64 56 96 80 60 60 56 36 76 64 1 1
7 allreduce 517 0 1 
7 alltoall 1 1 1 1
7 alltoallv 4096 80 56 60 108 68 32 92 76 24 60 56 56 36 64 56 84 44 84 64 68 76 40 64 88 64 72 88 68 56 68 52 56 60 64 68 32 80 80 72 52 44 60 56 92 56 60 48 56 76 72 76 72 60 56 72 64 60 72 48 64 68 64 80 52 4332 60 68 28 72 92 72 72 76 84 80 60 68 60 80 52 80 96 72 80 56 76 44 88 56 72 64 100 56 48 84 92 100 100 48 40 60 68 84 56 68 72 40 56 68 76 44 68 48 60 96 80 28 84 52 64 56 96 80 60 60 56 36 76 64 1 1
7 allreduce 517 0 1 
7 alltoall 1 1 1 1
7 alltoallv 4096 80 56 60 108 68 32 92 76 24 60 56 56 36 64 56 84 44 84 64 68 76 40 64 88 64 72 88 68 56 68 52 56 60 64 68 32 80 80 72 52 44 60 56 92 56 60 48 56 76 72 76 72 60 56 72 64 60 72 48 64 68 64 80 52 4332 60 68 28 72 92 72 72 76 84 80 60 68 60 80 52 80 96 72 80 56 76 44 88 56 72 64 100 56 48 84 92 100 100 48 40 60 68 84 56 68 72 40 56 68 76 44 68 48 60 96 80 28 84 52 64 56 96 80 60 60 56 36 76 64 1 1
7 allreduce 517 0 1 
7 alltoall 1 1 1 1
7 alltoallv 4096 80 56 60 108 68 32 92 76 24 60 56 56 36 64 56 84 44 84 64 68 76 40 64 88 64 72 88 68 56 68 52 56 60 64 68 32 80 80 72 52 44 60 56 92 56 60 48 56 76 72 76 72 60 56 72 64 60 72 48 64 68 64 80 52 4332 60 68 28 72 92 72 72 76 84 80 60 68 60 80 52 80 96 72 80 56 76 44 88 56 72 64 100 56 48 84 92 100 100 48 40 60 68 84 56 68 72 40 56 68 76 44 68 48 60 96 80 28 84 52 64 56 96 80 60 60 56 36 76 64 1 1
7 allreduce 517 0 1 
7 alltoall 1 1 1 1
7 alltoallv 4096 80 56 60 108 68 32 92 76 24 60 56 56 36 64 56 84 44 84 64 68 76 40 64 88 64 72 88 68 56 68 52 56 60 64 68 32 80 80 72 52 44 60 56 92 56 60 48 56 76 72 76 72 60 56 72 64 60 72 48 64 68 64 80 52 4332 60 68 28 72 92 72 72 76 84 80 60 68 60 80 52 80 96 72 80 56 76 44 88 56 72 64 100 56 48 84 92 100 100 48 40 60 68 84 56 68 72 40 56 68 76 44 68 48 60 96 80 28 84 52 64 56 96 80 60 60 56 36 76 64 1 1
7 allreduce 517 0 1 
7 alltoall 1 1 1 1
7 alltoallv 4096 80 56 60 108 68 32 92 76 24 60 56 56 36 64 56 84 44 84 64 68 76 40 64 88 64 72 88 68 56 68 52 56 60 64 68 32 80 80 72 52 44 60 56 92 56 60 48 56 76 72 76 72 60 56 72 64 60 72 48 64 68 64 80 52 4332 60 68 28 72 92 72 72 76 84 80 60 68 60 80 52 80 96 72 80 56 76 44 88 56 72 64 100 56 48 84 92 100 100 48 40 60 68 84 56 68 72 40 56 68 76 44 68 48 60 96 80 28 84 52 64 56 96 80 60 60 56 36 76 64 1 1
7 allreduce 517 0 1 
7 alltoall 1 1 1 1
7 alltoallv 4096 80 56 60 108 68 32 92 76 24 60 56 56 36 64 56 84 44 84 64 68 76 40 64 88 64 72 88 68 56 68 52 56 60 64 68 32 80 80 72 52 44 60 56 92 56 60 48 56 76 72 76 72 60 56 72 64 60 72 48 64 68 64 80 52 4332 60 68 28 72 92 72 72 76 84 80 60 68 60 80 52 80 96 72 80 56 76 44 88 56 72 64 100 56 48 84 92 100 100 48 40 60 68 84 56 68 72 40 56 68 76 44 68 48 60 96 80 28 84 52 64 56 96 80 60 60 56 36 76 64 1 1
7 allreduce 517 0 1 
7 alltoall 1 1 1 1
7 alltoallv 4096 80 56 60 108 68 32 92 76 24 60 56 56 36 64 56 84 44 84 64 68 76 40 64 88 64 72 88 68 56 68 52 56 60 64 68 32 80 80 72 52 44 60 56 92 56 60 48 56 76 72 76 72 60 56 72 64 60 72 48 64 68 64 80 52 4332 60 68 28 72 92 72 72 76 84 80 60 68 60 80 52 80 96 72 80 56 76 44 88 56 72 64 100 56 48 84 92 100 100 48 40 60 68 84 56 68 72 40 56 68 76 44 68 48 60 96 80 28 84 52 64 56 96 80 60 60 56 36 76 64 1 1
7 allreduce 517 0 1 
7 alltoall 1 1 1 1
7 alltoallv 4096 80 56 60 108 68 32 92 76 24 60 56 56 36 64 56 84 44 84 64 68 76 40 64 88 64 72 88 68 56 68 52 56 60 64 68 32 80 80 72 52 44 60 56 92 56 60 48 56 76 72 76 72 60 56 72 64 60 72 48 64 68 64 80 52 4332 60 68 28 72 92 72 72 76 84 80 60 68 60 80 52 80 96 72 80 56 76 44 88 56 72 64 100 56 48 84 92 100 100 48 40 60 68 84 56 68 72 40 56 68 76 44 68 48 60 96 80 28 84 52 64 56 96 80 60 60 56 36 76 64 1 1
7 allreduce 517 0 1 
7 alltoall 1 1 1 1
7 alltoallv 4096 80 56 60 108 68 32 92 76 24 60 56 56 36 64 56 84 44 84 64 68 76 40 64 88 64 72 88 68 56 68 52 56 60 64 68 32 80 80 72 52 44 60 56 92 56 60 48 56 76 72 76 72 60 56 72 64 60 72 48 64 68 64 80 52 4332 60 68 28 72 92 72 72 76 84 80 60 68 60 80 52 80 96 72 80 56 76 44 88 56 72 64 100 56 48 84 92 100 100 48 40 60 68 84 56 68 72 40 56 68 76 44 68 48 60 96 80 28 84 52 64 56 96 80 60 60 56 36 76 64 1 1
7 allreduce 517 0 1 
7 alltoall 1 1 1 1
7 alltoallv 4096 80 56 60 108 68 32 92 76 24 60 56 56 36 64 56 84 44 84 64 68 76 40 64 88 64 72 88 68 56 68 52 56 60 64 68 32 80 80 72 52 44 60 56 92 56 60 48 56 76 72 76 72 60 56 72 64 60 72 48 64 68 64 80 52 4332 60 68 28 72 92 72 72 76 84 80 60 68 60 80 52 80 96 72 80 56 76 44 88 56 72 64 100 56 48 84 92 100 100 48 40 60 68 84 56 68 72 40 56 68 76 44 68 48 60 96 80 28 84 52 64 56 96 80 60 60 56 36 76 64 1 1
7 reduce 1 0 0 0 
7 irecv 6 1000 1 1
7 send 8 1000 1 1
7 wait 7 8 1000
7 reduce 1 0 0 1 
7 finalize
