31 init
31 bcast 1 0 1 
31 allreduce 517 0 1 
31 alltoall 1 1 1 1
31 alltoallv 4096 52 48 56 68 56 36 64 100 52 56 72 48 60 92 56 60 60 96 44 72 60 72 56 80 56 48 92 56 60 72 60 72 56 44 48 48 64 40 84 60 80 52 72 52 68 52 48 80 80 72 72 56 88 76 68 104 56 80 64 40 80 64 56 60 4100 84 44 40 60 64 60 56 56 40 56 88 68 60 52 44 108 84 56 72 52 132 64 68 48 52 64 60 88 72 48 44 72 60 68 44 88 84 104 112 40 68 60 76 56 76 60 88 56 56 68 44 68 48 48 68 48 60 52 48 36 68 76 52 64 1 1
31 allreduce 517 0 1 
31 alltoall 1 1 1 1
31 alltoallv 4096 52 48 56 68 56 36 64 100 52 56 72 48 60 92 56 60 60 96 44 72 60 72 56 80 56 48 92 56 60 72 60 72 56 44 48 48 64 40 84 60 80 52 72 52 68 52 48 80 80 72 72 56 88 76 68 104 56 80 64 40 80 64 56 60 4100 84 44 40 60 64 60 56 56 40 56 88 68 60 52 44 108 84 56 72 52 132 64 68 48 52 64 60 88 72 48 44 72 60 68 44 88 84 104 112 40 68 60 76 56 76 60 88 56 56 68 44 68 48 48 68 48 60 52 48 36 68 76 52 64 1 1
31 allreduce 517 0 1 
31 alltoall 1 1 1 1
31 alltoallv 4096 52 48 56 68 56 36 64 100 52 56 72 48 60 92 56 60 60 96 44 72 60 72 56 80 56 48 92 56 60 72 60 72 56 44 48 48 64 40 84 60 80 52 72 52 68 52 48 80 80 72 72 56 88 76 68 104 56 80 64 40 80 64 56 60 4100 84 44 40 60 64 60 56 56 40 56 88 68 60 52 44 108 84 56 72 52 132 64 68 48 52 64 60 88 72 48 44 72 60 68 44 88 84 104 112 40 68 60 76 56 76 60 88 56 56 68 44 68 48 48 68 48 60 52 48 36 68 76 52 64 1 1
31 allreduce 517 0 1 
31 alltoall 1 1 1 1
31 alltoallv 4096 52 48 56 68 56 36 64 100 52 56 72 48 60 92 56 60 60 96 44 72 60 72 56 80 56 48 92 56 60 72 60 72 56 44 48 48 64 40 84 60 80 52 72 52 68 52 48 80 80 72 72 56 88 76 68 104 56 80 64 40 80 64 56 60 4100 84 44 40 60 64 60 56 56 40 56 88 68 60 52 44 108 84 56 72 52 132 64 68 48 52 64 60 88 72 48 44 72 60 68 44 88 84 104 112 40 68 60 76 56 76 60 88 56 56 68 44 68 48 48 68 48 60 52 48 36 68 76 52 64 1 1
31 allreduce 517 0 1 
31 alltoall 1 1 1 1
31 alltoallv 4096 52 48 56 68 56 36 64 100 52 56 72 48 60 92 56 60 60 96 44 72 60 72 56 80 56 48 92 56 60 72 60 72 56 44 48 48 64 40 84 60 80 52 72 52 68 52 48 80 80 72 72 56 88 76 68 104 56 80 64 40 80 64 56 60 4100 84 44 40 60 64 60 56 56 40 56 88 68 60 52 44 108 84 56 72 52 132 64 68 48 52 64 60 88 72 48 44 72 60 68 44 88 84 104 112 40 68 60 76 56 76 60 88 56 56 68 44 68 48 48 68 48 60 52 48 36 68 76 52 64 1 1
31 allreduce 517 0 1 
31 alltoall 1 1 1 1
31 alltoallv 4096 52 48 56 68 56 36 64 100 52 56 72 48 60 92 56 60 60 96 44 72 60 72 56 80 56 48 92 56 60 72 60 72 56 44 48 48 64 40 84 60 80 52 72 52 68 52 48 80 80 72 72 56 88 76 68 104 56 80 64 40 80 64 56 60 4100 84 44 40 60 64 60 56 56 40 56 88 68 60 52 44 108 84 56 72 52 132 64 68 48 52 64 60 88 72 48 44 72 60 68 44 88 84 104 112 40 68 60 76 56 76 60 88 56 56 68 44 68 48 48 68 48 60 52 48 36 68 76 52 64 1 1
31 allreduce 517 0 1 
31 alltoall 1 1 1 1
31 alltoallv 4096 52 48 56 68 56 36 64 100 52 56 72 48 60 92 56 60 60 96 44 72 60 72 56 80 56 48 92 56 60 72 60 72 56 44 48 48 64 40 84 60 80 52 72 52 68 52 48 80 80 72 72 56 88 76 68 104 56 80 64 40 80 64 56 60 4100 84 44 40 60 64 60 56 56 40 56 88 68 60 52 44 108 84 56 72 52 132 64 68 48 52 64 60 88 72 48 44 72 60 68 44 88 84 104 112 40 68 60 76 56 76 60 88 56 56 68 44 68 48 48 68 48 60 52 48 36 68 76 52 64 1 1
31 allreduce 517 0 1 
31 alltoall 1 1 1 1
31 alltoallv 4096 52 48 56 68 56 36 64 100 52 56 72 48 60 92 56 60 60 96 44 72 60 72 56 80 56 48 92 56 60 72 60 72 56 44 48 48 64 40 84 60 80 52 72 52 68 52 48 80 80 72 72 56 88 76 68 104 56 80 64 40 80 64 56 60 4100 84 44 40 60 64 60 56 56 40 56 88 68 60 52 44 108 84 56 72 52 132 64 68 48 52 64 60 88 72 48 44 72 60 68 44 88 84 104 112 40 68 60 76 56 76 60 88 56 56 68 44 68 48 48 68 48 60 52 48 36 68 76 52 64 1 1
31 allreduce 517 0 1 
31 alltoall 1 1 1 1
31 alltoallv 4096 52 48 56 68 56 36 64 100 52 56 72 48 60 92 56 60 60 96 44 72 60 72 56 80 56 48 92 56 60 72 60 72 56 44 48 48 64 40 84 60 80 52 72 52 68 52 48 80 80 72 72 56 88 76 68 104 56 80 64 40 80 64 56 60 4100 84 44 40 60 64 60 56 56 40 56 88 68 60 52 44 108 84 56 72 52 132 64 68 48 52 64 60 88 72 48 44 72 60 68 44 88 84 104 112 40 68 60 76 56 76 60 88 56 56 68 44 68 48 48 68 48 60 52 48 36 68 76 52 64 1 1
31 allreduce 517 0 1 
31 alltoall 1 1 1 1
31 alltoallv 4096 52 48 56 68 56 36 64 100 52 56 72 48 60 92 56 60 60 96 44 72 60 72 56 80 56 48 92 56 60 72 60 72 56 44 48 48 64 40 84 60 80 52 72 52 68 52 48 80 80 72 72 56 88 76 68 104 56 80 64 40 80 64 56 60 4100 84 44 40 60 64 60 56 56 40 56 88 68 60 52 44 108 84 56 72 52 132 64 68 48 52 64 60 88 72 48 44 72 60 68 44 88 84 104 112 40 68 60 76 56 76 60 88 56 56 68 44 68 48 48 68 48 60 52 48 36 68 76 52 64 1 1
31 allreduce 517 0 1 
31 alltoall 1 1 1 1
31 alltoallv 4096 52 48 56 68 56 36 64 100 52 56 72 48 60 92 56 60 60 96 44 72 60 72 56 80 56 48 92 56 60 72 60 72 56 44 48 48 64 40 84 60 80 52 72 52 68 52 48 80 80 72 72 56 88 76 68 104 56 80 64 40 80 64 56 60 4100 84 44 40 60 64 60 56 56 40 56 88 68 60 52 44 108 84 56 72 52 132 64 68 48 52 64 60 88 72 48 44 72 60 68 44 88 84 104 112 40 68 60 76 56 76 60 88 56 56 68 44 68 48 48 68 48 60 52 48 36 68 76 52 64 1 1
31 reduce 1 0 0 0 
31 irecv 30 1000 1 1
31 send 32 1000 1 1
31 wait 31 32 1000
31 reduce 1 0 0 1 
31 finalize
