58 init
58 bcast 1 0 1 
58 allreduce 517 0 1 
58 alltoall 1 1 1 1
58 alltoallv 4096 56 76 68 52 68 44 64 60 64 92 84 56 52 80 68 60 36 84 56 48 56 68 64 84 84 68 68 44 60 60 68 48 44 76 64 44 48 56 44 92 72 80 56 60 84 88 76 84 60 44 80 44 96 60 68 56 64 72 64 48 48 64 52 68 3920 72 52 56 96 40 92 64 48 76 44 68 76 100 60 80 84 40 56 64 80 48 68 80 56 36 44 68 20 48 56 56 64 68 80 76 48 76 76 44 80 76 44 60 52 52 64 48 64 92 76 68 72 40 52 52 56 40 40 64 48 48 64 48 60 1 1
58 allreduce 517 0 1 
58 alltoall 1 1 1 1
58 alltoallv 4096 56 76 68 52 68 44 64 60 64 92 84 56 52 80 68 60 36 84 56 48 56 68 64 84 84 68 68 44 60 60 68 48 44 76 64 44 48 56 44 92 72 80 56 60 84 88 76 84 60 44 80 44 96 60 68 56 64 72 64 48 48 64 52 68 3920 72 52 56 96 40 92 64 48 76 44 68 76 100 60 80 84 40 56 64 80 48 68 80 56 36 44 68 20 48 56 56 64 68 80 76 48 76 76 44 80 76 44 60 52 52 64 48 64 92 76 68 72 40 52 52 56 40 40 64 48 48 64 48 60 1 1
58 allreduce 517 0 1 
58 alltoall 1 1 1 1
58 alltoallv 4096 56 76 68 52 68 44 64 60 64 92 84 56 52 80 68 60 36 84 56 48 56 68 64 84 84 68 68 44 60 60 68 48 44 76 64 44 48 56 44 92 72 80 56 60 84 88 76 84 60 44 80 44 96 60 68 56 64 72 64 48 48 64 52 68 3920 72 52 56 96 40 92 64 48 76 44 68 76 100 60 80 84 40 56 64 80 48 68 80 56 36 44 68 20 48 56 56 64 68 80 76 48 76 76 44 80 76 44 60 52 52 64 48 64 92 76 68 72 40 52 52 56 40 40 64 48 48 64 48 60 1 1
58 allreduce 517 0 1 
58 alltoall 1 1 1 1
58 alltoallv 4096 56 76 68 52 68 44 64 60 64 92 84 56 52 80 68 60 36 84 56 48 56 68 64 84 84 68 68 44 60 60 68 48 44 76 64 44 48 56 44 92 72 80 56 60 84 88 76 84 60 44 80 44 96 60 68 56 64 72 64 48 48 64 52 68 3920 72 52 56 96 40 92 64 48 76 44 68 76 100 60 80 84 40 56 64 80 48 68 80 56 36 44 68 20 48 56 56 64 68 80 76 48 76 76 44 80 76 44 60 52 52 64 48 64 92 76 68 72 40 52 52 56 40 40 64 48 48 64 48 60 1 1
58 allreduce 517 0 1 
58 alltoall 1 1 1 1
58 alltoallv 4096 56 76 68 52 68 44 64 60 64 92 84 56 52 80 68 60 36 84 56 48 56 68 64 84 84 68 68 44 60 60 68 48 44 76 64 44 48 56 44 92 72 80 56 60 84 88 76 84 60 44 80 44 96 60 68 56 64 72 64 48 48 64 52 68 3920 72 52 56 96 40 92 64 48 76 44 68 76 100 60 80 84 40 56 64 80 48 68 80 56 36 44 68 20 48 56 56 64 68 80 76 48 76 76 44 80 76 44 60 52 52 64 48 64 92 76 68 72 40 52 52 56 40 40 64 48 48 64 48 60 1 1
58 allreduce 517 0 1 
58 alltoall 1 1 1 1
58 alltoallv 4096 56 76 68 52 68 44 64 60 64 92 84 56 52 80 68 60 36 84 56 48 56 68 64 84 84 68 68 44 60 60 68 48 44 76 64 44 48 56 44 92 72 80 56 60 84 88 76 84 60 44 80 44 96 60 68 56 64 72 64 48 48 64 52 68 3920 72 52 56 96 40 92 64 48 76 44 68 76 100 60 80 84 40 56 64 80 48 68 80 56 36 44 68 20 48 56 56 64 68 80 76 48 76 76 44 80 76 44 60 52 52 64 48 64 92 76 68 72 40 52 52 56 40 40 64 48 48 64 48 60 1 1
58 allreduce 517 0 1 
58 alltoall 1 1 1 1
58 alltoallv 4096 56 76 68 52 68 44 64 60 64 92 84 56 52 80 68 60 36 84 56 48 56 68 64 84 84 68 68 44 60 60 68 48 44 76 64 44 48 56 44 92 72 80 56 60 84 88 76 84 60 44 80 44 96 60 68 56 64 72 64 48 48 64 52 68 3920 72 52 56 96 40 92 64 48 76 44 68 76 100 60 80 84 40 56 64 80 48 68 80 56 36 44 68 20 48 56 56 64 68 80 76 48 76 76 44 80 76 44 60 52 52 64 48 64 92 76 68 72 40 52 52 56 40 40 64 48 48 64 48 60 1 1
58 allreduce 517 0 1 
58 alltoall 1 1 1 1
58 alltoallv 4096 56 76 68 52 68 44 64 60 64 92 84 56 52 80 68 60 36 84 56 48 56 68 64 84 84 68 68 44 60 60 68 48 44 76 64 44 48 56 44 92 72 80 56 60 84 88 76 84 60 44 80 44 96 60 68 56 64 72 64 48 48 64 52 68 3920 72 52 56 96 40 92 64 48 76 44 68 76 100 60 80 84 40 56 64 80 48 68 80 56 36 44 68 20 48 56 56 64 68 80 76 48 76 76 44 80 76 44 60 52 52 64 48 64 92 76 68 72 40 52 52 56 40 40 64 48 48 64 48 60 1 1
58 allreduce 517 0 1 
58 alltoall 1 1 1 1
58 alltoallv 4096 56 76 68 52 68 44 64 60 64 92 84 56 52 80 68 60 36 84 56 48 56 68 64 84 84 68 68 44 60 60 68 48 44 76 64 44 48 56 44 92 72 80 56 60 84 88 76 84 60 44 80 44 96 60 68 56 64 72 64 48 48 64 52 68 3920 72 52 56 96 40 92 64 48 76 44 68 76 100 60 80 84 40 56 64 80 48 68 80 56 36 44 68 20 48 56 56 64 68 80 76 48 76 76 44 80 76 44 60 52 52 64 48 64 92 76 68 72 40 52 52 56 40 40 64 48 48 64 48 60 1 1
58 allreduce 517 0 1 
58 alltoall 1 1 1 1
58 alltoallv 4096 56 76 68 52 68 44 64 60 64 92 84 56 52 80 68 60 36 84 56 48 56 68 64 84 84 68 68 44 60 60 68 48 44 76 64 44 48 56 44 92 72 80 56 60 84 88 76 84 60 44 80 44 96 60 68 56 64 72 64 48 48 64 52 68 3920 72 52 56 96 40 92 64 48 76 44 68 76 100 60 80 84 40 56 64 80 48 68 80 56 36 44 68 20 48 56 56 64 68 80 76 48 76 76 44 80 76 44 60 52 52 64 48 64 92 76 68 72 40 52 52 56 40 40 64 48 48 64 48 60 1 1
58 allreduce 517 0 1 
58 alltoall 1 1 1 1
58 alltoallv 4096 56 76 68 52 68 44 64 60 64 92 84 56 52 80 68 60 36 84 56 48 56 68 64 84 84 68 68 44 60 60 68 48 44 76 64 44 48 56 44 92 72 80 56 60 84 88 76 84 60 44 80 44 96 60 68 56 64 72 64 48 48 64 52 68 3920 72 52 56 96 40 92 64 48 76 44 68 76 100 60 80 84 40 56 64 80 48 68 80 56 36 44 68 20 48 56 56 64 68 80 76 48 76 76 44 80 76 44 60 52 52 64 48 64 92 76 68 72 40 52 52 56 40 40 64 48 48 64 48 60 1 1
58 reduce 1 0 0 0 
58 irecv 57 1000 1 1
58 send 59 1000 1 1
58 wait 58 59 1000
58 reduce 1 0 0 1 
58 finalize
