9 init
9 bcast 1 0 1 
9 allreduce 517 0 1 
9 alltoall 1 1 1 1
9 alltoallv 4096 48 52 72 48 76 84 60 80 76 92 76 84 56 92 76 80 68 88 44 76 56 72 48 84 56 60 44 80 32 44 36 56 72 56 40 64 76 76 60 76 60 52 56 24 88 64 32 64 68 48 64 56 88 68 68 88 92 64 44 60 52 44 88 48 4240 60 60 60 36 44 76 76 60 52 92 60 56 68 52 72 56 84 56 76 64 84 60 44 60 60 72 68 100 52 68 52 56 68 84 64 96 64 72 72 60 60 60 48 88 72 64 56 36 108 48 64 52 68 76 80 76 104 72 92 28 76 64 64 68 1 1
9 allreduce 517 0 1 
9 alltoall 1 1 1 1
9 alltoallv 4096 48 52 72 48 76 84 60 80 76 92 76 84 56 92 76 80 68 88 44 76 56 72 48 84 56 60 44 80 32 44 36 56 72 56 40 64 76 76 60 76 60 52 56 24 88 64 32 64 68 48 64 56 88 68 68 88 92 64 44 60 52 44 88 48 4240 60 60 60 36 44 76 76 60 52 92 60 56 68 52 72 56 84 56 76 64 84 60 44 60 60 72 68 100 52 68 52 56 68 84 64 96 64 72 72 60 60 60 48 88 72 64 56 36 108 48 64 52 68 76 80 76 104 72 92 28 76 64 64 68 1 1
9 allreduce 517 0 1 
9 alltoall 1 1 1 1
9 alltoallv 4096 48 52 72 48 76 84 60 80 76 92 76 84 56 92 76 80 68 88 44 76 56 72 48 84 56 60 44 80 32 44 36 56 72 56 40 64 76 76 60 76 60 52 56 24 88 64 32 64 68 48 64 56 88 68 68 88 92 64 44 60 52 44 88 48 4236 56 60 60 36 44 76 76 60 52 92 60 56 68 52 72 56 84 56 76 64 84 60 44 60 60 72 68 100 52 68 52 56 68 84 64 96 64 72 72 60 60 60 48 88 72 64 56 36 108 48 64 52 68 76 80 76 104 72 92 28 76 64 64 68 1 1
9 allreduce 517 0 1 
9 alltoall 1 1 1 1
9 alltoallv 4096 48 52 72 48 76 84 60 80 76 92 76 84 56 92 76 80 68 88 44 76 56 72 48 84 56 60 44 80 32 44 36 56 72 56 40 64 76 76 60 76 60 52 56 24 88 64 32 64 68 48 64 56 88 68 68 88 92 64 44 60 52 44 88 48 4236 56 60 60 36 44 76 76 60 52 92 60 56 68 52 72 56 84 56 76 64 84 60 44 60 60 72 68 100 52 68 52 56 68 84 64 96 64 72 72 60 60 60 48 88 72 64 56 36 108 48 64 52 68 76 80 76 104 72 92 28 76 64 64 68 1 1
9 allreduce 517 0 1 
9 alltoall 1 1 1 1
9 alltoallv 4096 48 52 72 48 76 84 60 80 76 92 76 84 56 92 76 80 68 88 44 76 56 72 48 84 56 60 44 80 32 44 36 56 72 56 40 64 76 76 60 76 60 52 56 24 88 64 32 64 68 48 64 56 88 68 68 88 92 64 44 60 52 44 88 48 4236 56 60 60 36 44 76 76 60 52 92 60 56 68 52 72 56 84 56 76 64 84 60 44 60 60 72 68 100 52 68 52 56 68 84 64 96 64 72 72 60 60 60 48 88 72 64 56 36 108 48 64 52 68 76 80 76 104 72 92 28 76 64 64 68 1 1
9 allreduce 517 0 1 
9 alltoall 1 1 1 1
9 alltoallv 4096 48 52 72 48 76 84 60 80 76 92 76 84 56 92 76 80 68 88 44 76 56 72 48 84 56 60 44 80 32 44 36 56 72 56 40 64 76 76 60 76 60 52 56 24 88 64 32 64 68 48 64 56 88 68 68 88 92 64 44 60 52 44 88 48 4236 56 60 60 36 44 76 76 60 52 92 60 56 68 52 72 56 84 56 76 64 84 60 44 60 60 72 68 100 52 68 52 56 68 84 64 96 64 72 72 60 60 60 48 88 72 64 56 36 108 48 64 52 68 76 80 76 104 72 92 28 76 64 64 68 1 1
9 allreduce 517 0 1 
9 alltoall 1 1 1 1
9 alltoallv 4096 48 52 72 48 76 84 60 80 76 92 76 84 56 92 76 80 68 88 44 76 56 72 48 84 56 60 44 80 32 44 36 56 72 56 40 64 76 76 60 76 60 52 56 24 88 64 32 64 68 48 64 56 88 68 68 88 92 64 44 60 52 44 88 48 4236 56 60 60 36 44 76 76 60 52 92 60 56 68 52 72 56 84 56 76 64 84 60 44 60 60 72 68 100 52 68 52 56 68 84 64 96 64 72 72 60 60 60 48 88 72 64 56 36 108 48 64 52 68 76 80 76 104 72 92 28 76 64 64 68 1 1
9 allreduce 517 0 1 
9 alltoall 1 1 1 1
9 alltoallv 4096 48 52 72 48 76 84 60 80 76 92 76 84 56 92 76 80 68 88 44 76 56 72 48 84 56 60 44 80 32 44 36 56 72 56 40 64 76 76 60 76 60 52 56 24 88 64 32 64 68 48 64 56 88 68 68 88 92 64 44 60 52 44 88 48 4236 56 60 60 36 44 76 76 60 52 92 60 56 68 52 72 56 84 56 76 64 84 60 44 60 60 72 68 100 52 68 52 56 68 84 64 96 64 72 72 60 60 60 48 88 72 64 56 36 108 48 64 52 68 76 80 76 104 72 92 28 76 64 64 68 1 1
9 allreduce 517 0 1 
9 alltoall 1 1 1 1
9 alltoallv 4096 48 52 72 48 76 84 60 80 76 92 76 84 56 92 76 80 68 88 44 76 56 72 48 84 56 60 44 80 32 44 36 56 72 56 40 64 76 76 60 76 60 52 56 24 88 64 32 64 68 48 64 56 88 68 68 88 92 64 44 60 52 44 88 48 4236 56 60 60 36 44 76 76 60 52 92 60 56 68 52 72 56 84 56 76 64 84 60 44 60 60 72 68 100 52 68 52 56 68 84 64 96 64 72 72 60 60 60 48 88 72 64 56 36 108 48 64 52 68 76 80 76 104 72 92 28 76 64 64 68 1 1
9 allreduce 517 0 1 
9 alltoall 1 1 1 1
9 alltoallv 4096 48 52 72 48 76 84 60 80 76 92 76 84 56 92 76 80 68 88 44 76 56 72 48 84 56 60 44 80 32 44 36 56 72 56 40 64 76 76 60 76 60 52 56 24 88 64 32 64 68 48 64 56 88 68 68 88 92 64 44 60 52 44 88 48 4236 56 60 60 36 44 76 76 60 52 92 60 56 68 52 72 56 84 56 76 64 84 60 44 60 60 72 68 100 52 68 52 56 68 84 64 96 64 72 72 60 60 60 48 88 72 64 56 36 108 48 64 52 68 76 80 76 104 72 92 28 76 64 64 68 1 1
9 allreduce 517 0 1 
9 alltoall 1 1 1 1
9 alltoallv 4096 48 52 72 48 76 84 60 80 76 92 76 84 56 92 76 80 68 88 44 76 56 72 48 84 56 60 44 80 32 44 36 56 72 56 40 64 76 76 60 76 60 52 56 24 88 64 32 64 68 48 64 56 88 68 68 88 92 64 44 60 52 44 88 48 4236 56 60 60 36 44 76 76 60 52 92 60 56 68 52 72 56 84 56 76 64 84 60 44 60 60 72 68 100 52 68 52 56 68 84 64 96 64 72 72 60 60 60 48 88 72 64 56 36 108 48 64 52 68 76 80 76 104 72 92 28 76 64 64 68 1 1
9 reduce 1 0 0 0 
9 irecv 8 1000 1 1
9 send 10 1000 1 1
9 wait 9 10 1000
9 reduce 1 0 0 1 
9 finalize
