23 init
23 bcast 1 0 1 
23 allreduce 517 0 1 
23 alltoall 1 1 1 1
23 alltoallv 4096 84 72 80 56 72 56 72 56 72 60 64 60 64 84 56 68 60 52 60 52 48 56 44 80 60 60 76 52 56 68 104 48 56 52 60 80 64 68 60 72 52 80 80 36 72 68 68 92 104 68 60 32 68 36 56 64 44 92 56 72 40 88 60 44 5256 132 100 92 100 60 68 84 88 84 84 84 52 92 80 96 116 48 84 100 68 80 48 84 80 60 80 116 68 116 80 76 80 104 52 68 64 44 72 100 64 100 88 84 72 64 96 88 116 80 80 52 64 104 80 72 112 72 76 84 100 72 64 96 92 1 1
23 allreduce 517 0 1 
23 alltoall 1 1 1 1
23 alltoallv 4096 84 72 80 56 72 56 72 56 72 60 64 60 64 84 56 68 60 52 60 52 48 56 44 80 60 60 76 52 56 68 104 48 56 52 60 80 64 68 60 72 52 80 80 36 72 68 68 92 104 68 60 32 68 36 56 64 44 92 56 72 40 88 60 44 5256 132 100 92 100 60 68 84 88 84 84 84 52 92 80 96 116 48 84 100 68 80 48 84 80 60 80 116 68 116 80 76 80 104 52 68 64 44 72 100 64 100 88 84 72 64 96 88 116 80 80 52 64 104 80 72 112 72 76 84 100 72 64 96 92 1 1
23 allreduce 517 0 1 
23 alltoall 1 1 1 1
23 alltoallv 4096 84 72 80 56 72 56 72 56 72 60 64 60 64 84 56 68 60 52 60 52 48 56 44 80 60 60 76 52 56 68 104 48 56 52 60 80 64 68 60 72 52 80 80 36 72 68 68 92 104 68 60 32 68 36 56 64 44 92 56 72 40 88 60 44 5256 132 100 92 100 60 68 84 88 84 84 84 52 92 80 96 116 48 84 100 68 80 48 84 80 60 80 116 68 116 80 76 80 104 52 68 64 44 72 100 64 100 88 84 72 64 96 88 116 80 80 52 64 104 80 72 112 72 76 84 100 72 64 96 92 1 1
23 allreduce 517 0 1 
23 alltoall 1 1 1 1
23 alltoallv 4096 84 72 80 56 72 56 72 56 72 60 64 60 64 84 56 68 60 52 60 52 48 56 44 80 60 60 76 52 56 68 104 48 56 52 60 80 64 68 60 72 52 80 80 36 72 68 68 92 104 68 60 32 68 36 56 64 44 92 56 72 40 88 60 44 5256 132 100 92 100 60 68 84 88 84 84 84 52 92 80 96 116 48 84 100 68 80 48 84 80 60 80 116 68 116 80 76 80 104 52 68 64 44 72 100 64 100 88 84 72 64 96 88 116 80 80 52 64 104 80 72 112 72 76 84 100 72 64 96 92 1 1
23 allreduce 517 0 1 
23 alltoall 1 1 1 1
23 alltoallv 4096 84 72 80 56 72 56 72 56 72 60 64 60 64 84 56 68 60 52 60 52 48 56 44 80 60 60 76 52 56 68 104 48 56 52 60 80 64 68 60 72 52 80 80 36 72 68 68 92 104 68 60 32 68 36 56 64 44 92 56 72 40 88 60 44 5256 132 100 92 100 60 68 84 88 84 84 84 52 92 80 96 116 48 84 100 68 80 48 84 80 60 80 116 68 116 80 76 80 104 52 68 64 44 72 100 64 100 88 84 72 64 96 88 116 80 80 52 64 104 80 72 112 72 76 84 100 72 64 96 92 1 1
23 allreduce 517 0 1 
23 alltoall 1 1 1 1
23 alltoallv 4096 84 72 80 56 72 56 72 56 72 60 64 60 64 84 56 68 60 52 60 52 48 56 44 80 60 60 76 52 56 68 104 48 56 52 60 80 64 68 60 72 52 80 80 36 72 68 68 92 104 68 60 32 68 36 56 64 44 92 56 72 40 88 60 44 5256 132 100 92 100 60 68 84 88 84 84 84 52 92 80 96 116 48 84 100 68 80 48 84 80 60 80 116 68 116 80 76 80 104 52 68 64 44 72 100 64 100 88 84 72 64 96 88 116 80 80 52 64 104 80 72 112 72 76 84 100 72 64 96 92 1 1
23 allreduce 517 0 1 
23 alltoall 1 1 1 1
23 alltoallv 4096 84 72 80 56 72 56 72 56 72 60 64 60 64 84 56 68 60 52 60 52 48 56 44 80 60 60 76 52 56 68 104 48 56 52 60 80 64 68 60 72 52 80 80 36 72 68 68 92 104 68 60 32 68 36 56 64 44 92 56 72 40 88 60 44 5256 132 100 92 100 60 68 84 88 84 84 84 52 92 80 96 116 48 84 100 68 80 48 84 80 60 80 116 68 116 80 76 80 104 52 68 64 44 72 100 64 100 88 84 72 64 96 88 116 80 80 52 64 104 80 72 112 72 76 84 100 72 64 96 92 1 1
23 allreduce 517 0 1 
23 alltoall 1 1 1 1
23 alltoallv 4096 84 72 80 56 72 56 72 56 72 60 64 60 64 84 56 68 60 52 60 52 48 56 44 80 60 60 76 52 56 68 104 48 56 52 60 80 64 68 60 72 52 80 80 36 72 68 68 92 104 68 60 32 68 36 56 64 44 92 56 72 40 88 60 44 5256 132 100 92 100 60 68 84 88 84 84 84 52 92 80 96 116 48 84 100 68 80 48 84 80 60 80 116 68 116 80 76 80 104 52 68 64 44 72 100 64 100 88 84 72 64 96 88 116 80 80 52 64 104 80 72 112 72 76 84 100 72 64 96 92 1 1
23 allreduce 517 0 1 
23 alltoall 1 1 1 1
23 alltoallv 4096 84 72 80 56 72 56 72 56 72 60 64 60 64 84 56 68 60 52 60 52 48 56 44 80 60 60 76 52 56 68 104 48 56 52 60 80 64 68 60 72 52 80 80 36 72 68 68 92 104 68 60 32 68 36 56 64 44 92 56 72 40 88 60 44 5252 128 100 92 100 60 68 84 88 84 84 84 52 92 80 96 116 48 84 100 68 80 48 84 80 60 80 116 68 116 80 76 80 104 52 68 64 44 72 100 64 100 88 84 72 64 96 88 116 80 80 52 64 104 80 72 112 72 76 84 100 72 64 96 92 1 1
23 allreduce 517 0 1 
23 alltoall 1 1 1 1
23 alltoallv 4096 84 72 80 56 72 56 72 56 72 60 64 60 64 84 56 68 60 52 60 52 48 56 44 80 60 60 76 52 56 68 104 48 56 52 60 80 64 68 60 72 52 80 80 36 72 68 68 92 104 68 60 32 68 36 56 64 44 92 56 72 40 88 60 44 5252 128 100 92 100 60 68 84 88 84 84 84 52 92 80 96 116 48 84 100 68 80 48 84 80 60 80 116 68 116 80 76 80 104 52 68 64 44 72 100 64 100 88 84 72 64 96 88 116 80 80 52 64 104 80 72 112 72 76 84 100 72 64 96 92 1 1
23 allreduce 517 0 1 
23 alltoall 1 1 1 1
23 alltoallv 4096 84 72 80 56 72 56 72 56 72 60 64 60 64 84 56 68 60 52 60 52 48 56 44 80 60 60 76 52 56 68 104 48 56 52 60 80 64 68 60 72 52 80 80 36 72 68 68 92 104 68 60 32 68 36 56 64 44 92 56 72 40 88 60 44 5252 128 100 92 100 60 68 84 88 84 84 84 52 92 80 96 116 48 84 100 68 80 48 84 80 60 80 116 68 116 80 76 80 104 52 68 64 44 72 100 64 100 88 84 72 64 96 88 116 80 80 52 64 104 80 72 112 72 76 84 100 72 64 96 92 1 1
23 reduce 1 0 0 0 
23 irecv 22 1000 1 1
23 send 24 1000 1 1
23 wait 23 24 1000
23 reduce 1 0 0 1 
23 finalize
