15 init
15 bcast 1 0 1 
15 allreduce 517 0 1 
15 alltoall 1 1 1 1
15 alltoallv 4096 96 32 80 76 68 48 68 80 72 56 64 60 68 44 68 64 60 60 44 68 56 64 80 116 52 84 64 48 64 40 68 108 88 56 52 44 60 52 60 60 36 44 56 64 84 68 64 76 52 36 68 76 48 64 56 80 88 80 84 48 52 52 60 68 4476 84 68 76 60 64 52 96 84 72 80 60 68 84 52 56 64 88 92 68 80 84 72 92 68 76 52 100 68 56 68 104 60 76 76 72 68 60 80 92 88 60 80 64 56 88 72 52 60 64 60 96 60 56 72 68 68 44 68 60 60 56 52 24 76 1 1
15 allreduce 517 0 1 
15 alltoall 1 1 1 1
15 alltoallv 4096 96 32 80 76 68 48 68 80 72 56 64 60 68 44 68 64 60 60 44 68 56 64 80 116 52 84 64 48 64 40 68 108 88 56 52 44 60 52 60 60 36 44 56 64 84 68 64 76 52 36 68 76 48 64 56 80 88 80 84 48 52 52 60 68 4476 84 68 76 60 64 52 96 84 72 80 60 68 84 52 56 64 88 92 68 80 84 72 92 68 76 52 100 68 56 68 104 60 76 76 72 68 60 80 92 88 60 80 64 56 88 72 52 60 64 60 96 60 56 72 68 68 44 68 60 60 56 52 24 76 1 1
15 allreduce 517 0 1 
15 alltoall 1 1 1 1
15 alltoallv 4096 96 32 80 76 68 48 68 80 72 56 64 60 68 44 68 64 60 60 44 68 56 64 80 116 52 84 64 48 64 40 68 108 88 56 52 44 60 52 60 60 36 44 56 64 84 68 64 76 52 36 68 76 48 64 56 80 88 80 84 48 52 52 60 68 4476 84 68 76 60 64 52 96 84 72 80 60 68 84 52 56 64 88 92 68 80 84 72 92 68 76 52 100 68 56 68 104 60 76 76 72 68 60 80 92 88 60 80 64 56 88 72 52 60 64 60 96 60 56 72 68 68 44 68 60 60 56 52 24 76 1 1
15 allreduce 517 0 1 
15 alltoall 1 1 1 1
15 alltoallv 4096 96 32 80 76 68 48 68 80 72 56 64 60 68 44 68 64 60 60 44 68 56 64 80 116 52 84 64 48 64 40 68 108 88 56 52 44 60 52 60 60 36 44 56 64 84 68 64 76 52 36 68 76 48 64 56 80 88 80 84 48 52 52 60 68 4476 84 68 76 60 64 52 96 84 72 80 60 68 84 52 56 64 88 92 68 80 84 72 92 68 76 52 100 68 56 68 104 60 76 76 72 68 60 80 92 88 60 80 64 56 88 72 52 60 64 60 96 60 56 72 68 68 44 68 60 60 56 52 24 76 1 1
15 allreduce 517 0 1 
15 alltoall 1 1 1 1
15 alltoallv 4096 96 32 80 76 68 48 68 80 72 56 64 60 68 44 68 64 60 60 44 68 56 64 80 116 52 84 64 48 64 40 68 108 88 56 52 44 60 52 60 60 36 44 56 64 84 68 64 76 52 36 68 76 48 64 56 80 88 80 84 48 52 52 60 68 4476 84 68 76 60 64 52 96 84 72 80 60 68 84 52 56 64 88 92 68 80 84 72 92 68 76 52 100 68 56 68 104 60 76 76 72 68 60 80 92 88 60 80 64 56 88 72 52 60 64 60 96 60 56 72 68 68 44 68 60 60 56 52 24 76 1 1
15 allreduce 517 0 1 
15 alltoall 1 1 1 1
15 alltoallv 4096 96 32 80 76 68 48 68 80 72 56 64 60 68 44 68 64 60 60 44 68 56 64 80 116 52 84 64 48 64 40 68 108 88 56 52 44 60 52 60 60 36 44 56 64 84 68 64 76 52 36 68 76 48 64 56 80 88 80 84 48 52 52 60 68 4476 84 68 76 60 64 52 96 84 72 80 60 68 84 52 56 64 88 92 68 80 84 72 92 68 76 52 100 68 56 68 104 60 76 76 72 68 60 80 92 88 60 80 64 56 88 72 52 60 64 60 96 60 56 72 68 68 44 68 60 60 56 52 24 76 1 1
15 allreduce 517 0 1 
15 alltoall 1 1 1 1
15 alltoallv 4096 96 32 80 76 68 48 68 80 72 56 64 60 68 44 68 64 60 60 44 68 56 64 80 116 52 84 64 48 64 40 68 108 88 56 52 44 60 52 60 60 36 44 56 64 84 68 64 76 52 36 68 76 48 64 56 80 88 80 84 48 52 52 60 68 4476 84 68 76 60 64 52 96 84 72 80 60 68 84 52 56 64 88 92 68 80 84 72 92 68 76 52 100 68 56 68 104 60 76 76 72 68 60 80 92 88 60 80 64 56 88 72 52 60 64 60 96 60 56 72 68 68 44 68 60 60 56 52 24 76 1 1
15 allreduce 517 0 1 
15 alltoall 1 1 1 1
15 alltoallv 4096 96 32 80 76 68 48 68 80 72 56 64 60 68 44 68 64 60 60 44 68 56 64 80 116 52 84 64 48 64 40 68 108 88 56 52 44 60 52 60 60 36 44 56 64 84 68 64 76 52 36 68 76 48 64 56 80 88 80 84 48 52 52 60 68 4476 84 68 76 60 64 52 96 84 72 80 60 68 84 52 56 64 88 92 68 80 84 72 92 68 76 52 100 68 56 68 104 60 76 76 72 68 60 80 92 88 60 80 64 56 88 72 52 60 64 60 96 60 56 72 68 68 44 68 60 60 56 52 24 76 1 1
15 allreduce 517 0 1 
15 alltoall 1 1 1 1
15 alltoallv 4096 96 32 80 76 68 48 68 80 72 56 64 60 68 44 68 64 60 60 44 68 56 64 80 116 52 84 64 48 64 40 68 108 88 56 52 44 60 52 60 60 36 44 56 64 84 68 64 76 52 36 68 76 48 64 56 80 88 80 84 48 52 52 60 68 4476 84 68 76 60 64 52 96 84 72 80 60 68 84 52 56 64 88 92 68 80 84 72 92 68 76 52 100 68 56 68 104 60 76 76 72 68 60 80 92 88 60 80 64 56 88 72 52 60 64 60 96 60 56 72 68 68 44 68 60 60 56 52 24 76 1 1
15 allreduce 517 0 1 
15 alltoall 1 1 1 1
15 alltoallv 4096 96 32 80 76 68 48 68 80 72 56 64 60 68 44 68 64 60 60 44 68 56 64 80 116 52 84 64 48 64 40 68 108 88 56 52 44 60 52 60 60 36 44 56 64 84 68 64 76 52 36 68 76 48 64 56 80 88 80 84 48 52 52 60 68 4476 84 68 76 60 64 52 96 84 72 80 60 68 84 52 56 64 88 92 68 80 84 72 92 68 76 52 100 68 56 68 104 60 76 76 72 68 60 80 92 88 60 80 64 56 88 72 52 60 64 60 96 60 56 72 68 68 44 68 60 60 56 52 24 76 1 1
15 allreduce 517 0 1 
15 alltoall 1 1 1 1
15 alltoallv 4096 96 32 80 76 68 48 68 80 72 56 64 60 68 44 68 64 60 60 44 68 56 64 80 116 52 84 64 48 64 40 68 108 88 56 52 44 60 52 60 60 36 44 56 64 84 68 64 76 52 36 68 76 48 64 56 80 88 80 84 48 52 52 60 68 4476 84 68 76 60 64 52 96 84 72 80 60 68 84 52 56 64 88 92 68 80 84 72 92 68 76 52 100 68 56 68 104 60 76 76 72 68 60 80 92 88 60 80 64 56 88 72 52 60 64 60 96 60 56 72 68 68 44 68 60 60 56 52 24 76 1 1
15 reduce 1 0 0 0 
15 irecv 14 1000 1 1
15 send 16 1000 1 1
15 wait 15 16 1000
15 reduce 1 0 0 1 
15 finalize
