38 init
38 bcast 1 0 1 
38 allreduce 517 0 1 
38 alltoall 1 1 1 1
38 alltoallv 4096 72 64 36 52 80 56 56 56 72 72 44 28 72 88 52 92 56 84 60 56 44 44 80 100 60 72 36 60 56 52 80 112 64 64 48 96 80 32 56 124 52 80 68 32 32 72 56 68 64 88 40 36 56 68 88 60 56 84 44 96 40 68 48 92 4052 36 68 52 68 72 60 56 72 72 60 76 56 60 92 40 60 76 80 56 76 56 52 48 60 64 64 40 40 76 92 40 84 52 60 68 52 60 100 56 56 60 80 64 40 88 92 72 68 76 72 72 64 48 84 56 60 68 48 44 48 64 56 64 56 1 1
38 allreduce 517 0 1 
38 alltoall 1 1 1 1
38 alltoallv 4096 72 64 36 52 80 56 56 56 72 72 44 28 72 88 52 92 56 84 60 56 44 44 80 100 60 72 36 60 56 52 80 112 64 64 48 96 80 32 56 124 52 80 68 32 32 72 56 68 64 88 40 36 56 68 88 60 56 84 44 96 40 68 48 92 4052 36 68 52 68 72 60 56 72 72 60 76 56 60 92 40 60 76 80 56 76 56 52 48 60 64 64 40 40 76 92 40 84 52 60 68 52 60 100 56 56 60 80 64 40 88 92 72 68 76 72 72 64 48 84 56 60 68 48 44 48 64 56 64 56 1 1
38 allreduce 517 0 1 
38 alltoall 1 1 1 1
38 alltoallv 4096 72 64 36 52 80 56 56 56 72 72 44 28 72 88 52 92 56 84 60 56 44 44 80 100 60 72 36 60 56 52 80 112 64 64 48 96 80 32 56 124 52 80 68 32 32 72 56 68 64 88 40 36 56 68 88 60 56 84 44 96 40 68 48 92 4052 36 68 52 68 72 60 56 72 72 60 76 56 60 92 40 60 76 80 56 76 56 52 48 60 64 64 40 40 76 92 40 84 52 60 68 52 60 100 56 56 60 80 64 40 88 92 72 68 76 72 72 64 48 84 56 60 68 48 44 48 64 56 64 56 1 1
38 allreduce 517 0 1 
38 alltoall 1 1 1 1
38 alltoallv 4096 72 64 36 52 80 56 56 56 72 72 44 28 72 88 52 92 56 84 60 56 44 44 80 100 60 72 36 60 56 52 80 112 64 64 48 96 80 32 56 124 52 80 68 32 32 72 56 68 64 88 40 36 56 68 88 60 56 84 44 96 40 68 48 92 4052 36 68 52 68 72 60 56 72 72 60 76 56 60 92 40 60 76 80 56 76 56 52 48 60 64 64 40 40 76 92 40 84 52 60 68 52 60 100 56 56 60 80 64 40 88 92 72 68 76 72 72 64 48 84 56 60 68 48 44 48 64 56 64 56 1 1
38 allreduce 517 0 1 
38 alltoall 1 1 1 1
38 alltoallv 4096 72 64 36 52 80 56 56 56 72 72 44 28 72 88 52 92 56 84 60 56 44 44 80 100 60 72 36 60 56 52 80 112 64 64 48 96 80 32 56 124 52 80 68 32 32 72 56 68 64 88 40 36 56 68 88 60 56 84 44 96 40 68 48 92 4052 36 68 52 68 72 60 56 72 72 60 76 56 60 92 40 60 76 80 56 76 56 52 48 60 64 64 40 40 76 92 40 84 52 60 68 52 60 100 56 56 60 80 64 40 88 92 72 68 76 72 72 64 48 84 56 60 68 48 44 48 64 56 64 56 1 1
38 allreduce 517 0 1 
38 alltoall 1 1 1 1
38 alltoallv 4096 72 64 36 52 80 56 56 56 72 72 44 28 72 88 52 92 56 84 60 56 44 44 80 100 60 72 36 60 56 52 80 112 64 64 48 96 80 32 56 124 52 80 68 32 32 72 56 68 64 88 40 36 56 68 88 60 56 84 44 96 40 68 48 92 4052 36 68 52 68 72 60 56 72 72 60 76 56 60 92 40 60 76 80 56 76 56 52 48 60 64 64 40 40 76 92 40 84 52 60 68 52 60 100 56 56 60 80 64 40 88 92 72 68 76 72 72 64 48 84 56 60 68 48 44 48 64 56 64 56 1 1
38 allreduce 517 0 1 
38 alltoall 1 1 1 1
38 alltoallv 4096 72 64 36 52 80 56 56 56 72 72 44 28 72 88 52 92 56 84 60 56 44 44 80 100 60 72 36 60 56 52 80 112 64 64 48 96 80 32 56 124 52 80 68 32 32 72 56 68 64 88 40 36 56 68 88 60 56 84 44 96 40 68 48 92 4052 36 68 52 68 72 60 56 72 72 60 76 56 60 92 40 60 76 80 56 76 56 52 48 60 64 64 40 40 76 92 40 84 52 60 68 52 60 100 56 56 60 80 64 40 88 92 72 68 76 72 72 64 48 84 56 60 68 48 44 48 64 56 64 56 1 1
38 allreduce 517 0 1 
38 alltoall 1 1 1 1
38 alltoallv 4096 72 64 36 52 80 56 56 56 72 72 44 28 72 88 52 92 56 84 60 56 44 44 80 100 60 72 36 60 56 52 80 112 64 64 48 96 80 32 56 124 52 80 68 32 32 72 56 68 64 88 40 36 56 68 88 60 56 84 44 96 40 68 48 92 4052 36 68 52 68 72 60 56 72 72 60 76 56 60 92 40 60 76 80 56 76 56 52 48 60 64 64 40 40 76 92 40 84 52 60 68 52 60 100 56 56 60 80 64 40 88 92 72 68 76 72 72 64 48 84 56 60 68 48 44 48 64 56 64 56 1 1
38 allreduce 517 0 1 
38 alltoall 1 1 1 1
38 alltoallv 4096 72 64 36 52 80 56 56 56 72 72 44 28 72 88 52 92 56 84 60 56 44 44 80 100 60 72 36 60 56 52 80 112 64 64 48 96 80 32 56 124 52 80 68 32 32 72 56 68 64 88 40 36 56 68 88 60 56 84 44 96 40 68 48 92 4048 32 68 52 68 72 60 56 72 72 60 76 56 60 92 40 60 76 80 56 76 56 52 48 60 64 64 40 40 76 92 40 84 52 60 68 52 60 100 56 56 60 80 64 40 88 92 72 68 76 72 72 64 48 84 56 60 68 48 44 48 64 56 64 56 1 1
38 allreduce 517 0 1 
38 alltoall 1 1 1 1
38 alltoallv 4096 72 64 36 52 80 56 56 56 72 72 44 28 72 88 52 92 56 84 60 56 44 44 80 100 60 72 36 60 56 52 80 112 64 64 48 96 80 32 56 124 52 80 68 32 32 72 56 68 64 88 40 36 56 68 88 60 56 84 44 96 40 68 48 92 4048 32 68 52 68 72 60 56 72 72 60 76 56 60 92 40 60 76 80 56 76 56 52 48 60 64 64 40 40 76 92 40 84 52 60 68 52 60 100 56 56 60 80 64 40 88 92 72 68 76 72 72 64 48 84 56 60 68 48 44 48 64 56 64 56 1 1
38 allreduce 517 0 1 
38 alltoall 1 1 1 1
38 alltoallv 4096 72 64 36 52 80 56 56 56 72 72 44 28 72 88 52 92 56 84 60 56 44 44 80 100 60 72 36 60 56 52 80 112 64 64 48 96 80 32 56 124 52 80 68 32 32 72 56 68 64 88 40 36 56 68 88 60 56 84 44 96 40 68 48 92 4048 32 68 52 68 72 60 56 72 72 60 76 56 60 92 40 60 76 80 56 76 56 52 48 60 64 64 40 40 76 92 40 84 52 60 68 52 60 100 56 56 60 80 64 40 88 92 72 68 76 72 72 64 48 84 56 60 68 48 44 48 64 56 64 56 1 1
38 reduce 1 0 0 0 
38 irecv 37 1000 1 1
38 send 39 1000 1 1
38 wait 38 39 1000
38 reduce 1 0 0 1 
38 finalize
