14 init
14 bcast 1 0 1 
14 allreduce 517 0 1 
14 alltoall 1 1 1 1
14 alltoallv 4096 64 52 56 68 68 44 60 52 56 72 72 76 60 92 56 56 56 68 72 68 68 44 52 96 92 80 52 80 40 40 80 44 84 56 72 72 52 84 40 60 60 60 68 40 88 68 48 68 64 60 84 80 76 40 72 76 36 48 80 60 56 84 72 52 3896 52 60 52 68 88 44 68 56 60 76 64 76 48 60 56 68 56 56 64 56 92 68 44 56 64 52 72 72 52 40 68 56 32 76 56 92 52 48 52 84 84 48 80 68 32 52 60 56 56 84 44 64 56 36 52 64 76 56 68 64 36 68 80 56 1 1
14 allreduce 517 0 1 
14 alltoall 1 1 1 1
14 alltoallv 4096 64 52 56 68 68 44 60 52 56 72 72 76 60 92 56 56 56 68 72 68 68 44 52 96 92 80 52 80 40 40 80 44 84 56 72 72 52 84 40 60 60 60 68 40 88 68 48 68 64 60 84 80 76 40 72 76 36 48 80 60 56 84 72 52 3896 52 60 52 68 88 44 68 56 60 76 64 76 48 60 56 68 56 56 64 56 92 68 44 56 64 52 72 72 52 40 68 56 32 76 56 92 52 48 52 84 84 48 80 68 32 52 60 56 56 84 44 64 56 36 52 64 76 56 68 64 36 68 80 56 1 1
14 allreduce 517 0 1 
14 alltoall 1 1 1 1
14 alltoallv 4096 64 52 56 68 68 44 60 52 56 72 72 76 60 92 56 56 56 68 72 68 68 44 52 96 92 80 52 80 40 40 80 44 84 56 72 72 52 84 40 60 60 60 68 40 88 68 48 68 64 60 84 80 76 40 72 76 36 48 80 60 56 84 72 52 3896 52 60 52 68 88 44 68 56 60 76 64 76 48 60 56 68 56 56 64 56 92 68 44 56 64 52 72 72 52 40 68 56 32 76 56 92 52 48 52 84 84 48 80 68 32 52 60 56 56 84 44 64 56 36 52 64 76 56 68 64 36 68 80 56 1 1
14 allreduce 517 0 1 
14 alltoall 1 1 1 1
14 alltoallv 4096 64 52 56 68 68 44 60 52 56 72 72 76 60 92 56 56 56 68 72 68 68 44 52 96 92 80 52 80 40 40 80 44 84 56 72 72 52 84 40 60 60 60 68 40 88 68 48 68 64 60 84 80 76 40 72 76 36 48 80 60 56 84 72 52 3896 52 60 52 68 88 44 68 56 60 76 64 76 48 60 56 68 56 56 64 56 92 68 44 56 64 52 72 72 52 40 68 56 32 76 56 92 52 48 52 84 84 48 80 68 32 52 60 56 56 84 44 64 56 36 52 64 76 56 68 64 36 68 80 56 1 1
14 allreduce 517 0 1 
14 alltoall 1 1 1 1
14 alltoallv 4096 64 52 56 68 68 44 60 52 56 72 72 76 60 92 56 56 56 68 72 68 68 44 52 96 92 80 52 80 40 40 80 44 84 56 72 72 52 84 40 60 60 60 68 40 88 68 48 68 64 60 84 80 76 40 72 76 36 48 80 60 56 84 72 52 3896 52 60 52 68 88 44 68 56 60 76 64 76 48 60 56 68 56 56 64 56 92 68 44 56 64 52 72 72 52 40 68 56 32 76 56 92 52 48 52 84 84 48 80 68 32 52 60 56 56 84 44 64 56 36 52 64 76 56 68 64 36 68 80 56 1 1
14 allreduce 517 0 1 
14 alltoall 1 1 1 1
14 alltoallv 4096 64 52 56 68 68 44 60 52 56 72 72 76 60 92 56 56 56 68 72 68 68 44 52 96 92 80 52 80 40 40 80 44 84 56 72 72 52 84 40 60 60 60 68 40 88 68 48 68 64 60 84 80 76 40 72 76 36 48 80 60 56 84 72 52 3896 52 60 52 68 88 44 68 56 60 76 64 76 48 60 56 68 56 56 64 56 92 68 44 56 64 52 72 72 52 40 68 56 32 76 56 92 52 48 52 84 84 48 80 68 32 52 60 56 56 84 44 64 56 36 52 64 76 56 68 64 36 68 80 56 1 1
14 allreduce 517 0 1 
14 alltoall 1 1 1 1
14 alltoallv 4096 64 52 56 68 68 44 60 52 56 72 72 76 60 92 56 56 56 68 72 68 68 44 52 96 92 80 52 80 40 40 80 44 84 56 72 72 52 84 40 60 60 60 68 40 88 68 48 68 64 60 84 80 76 40 72 76 36 48 80 60 56 84 72 52 3896 52 60 52 68 88 44 68 56 60 76 64 76 48 60 56 68 56 56 64 56 92 68 44 56 64 52 72 72 52 40 68 56 32 76 56 92 52 48 52 84 84 48 80 68 32 52 60 56 56 84 44 64 56 36 52 64 76 56 68 64 36 68 80 56 1 1
14 allreduce 517 0 1 
14 alltoall 1 1 1 1
14 alltoallv 4096 64 52 56 68 68 44 60 52 56 72 72 76 60 92 56 56 56 68 72 68 68 44 52 96 92 80 52 80 40 40 80 44 84 56 72 72 52 84 40 60 60 60 68 40 88 68 48 68 64 60 84 80 76 40 72 76 36 48 80 60 56 84 72 52 3896 52 60 52 68 88 44 68 56 60 76 64 76 48 60 56 68 56 56 64 56 92 68 44 56 64 52 72 72 52 40 68 56 32 76 56 92 52 48 52 84 84 48 80 68 32 52 60 56 56 84 44 64 56 36 52 64 76 56 68 64 36 68 80 56 1 1
14 allreduce 517 0 1 
14 alltoall 1 1 1 1
14 alltoallv 4096 64 52 56 68 68 44 60 52 56 72 72 76 60 92 56 56 56 68 72 68 68 44 52 96 92 80 52 80 40 40 80 44 84 56 72 72 52 84 40 60 60 60 68 40 88 68 48 68 64 60 84 80 76 40 72 76 36 48 80 60 56 84 72 52 3896 52 60 52 68 88 44 68 56 60 76 64 76 48 60 56 68 56 56 64 56 92 68 44 56 64 52 72 72 52 40 68 56 32 76 56 92 52 48 52 84 84 48 80 68 32 52 60 56 56 84 44 64 56 36 52 64 76 56 68 64 36 68 80 56 1 1
14 allreduce 517 0 1 
14 alltoall 1 1 1 1
14 alltoallv 4096 64 52 56 68 68 44 60 52 56 72 72 76 60 92 56 56 56 68 72 68 68 44 52 96 92 80 52 80 40 40 80 44 84 56 72 72 52 84 40 60 60 60 68 40 88 68 48 68 64 60 84 80 76 40 72 76 36 48 80 60 56 84 72 52 3896 52 60 52 68 88 44 68 56 60 76 64 76 48 60 56 68 56 56 64 56 92 68 44 56 64 52 72 72 52 40 68 56 32 76 56 92 52 48 52 84 84 48 80 68 32 52 60 56 56 84 44 64 56 36 52 64 76 56 68 64 36 68 80 56 1 1
14 allreduce 517 0 1 
14 alltoall 1 1 1 1
14 alltoallv 4096 64 52 56 68 68 44 60 52 56 72 72 76 60 92 56 56 56 68 72 68 68 44 52 96 92 80 52 80 40 40 80 44 84 56 72 72 52 84 40 60 60 60 68 40 88 68 48 68 64 60 84 80 76 40 72 76 36 48 80 60 56 84 72 52 3896 52 60 52 68 88 44 68 56 60 76 64 76 48 60 56 68 56 56 64 56 92 68 44 56 64 52 72 72 52 40 68 56 32 76 56 92 52 48 52 84 84 48 80 68 32 52 60 56 56 84 44 64 56 36 52 64 76 56 68 64 36 68 80 56 1 1
14 reduce 1 0 0 0 
14 irecv 13 1000 1 1
14 send 15 1000 1 1
14 wait 14 15 1000
14 reduce 1 0 0 1 
14 finalize
