49 init
49 bcast 1 0 1 
49 allreduce 517 0 1 
49 alltoall 1 1 1 1
49 alltoallv 4096 52 72 52 44 72 32 56 96 60 48 48 68 60 88 84 60 80 68 48 56 56 60 76 80 44 92 60 72 60 64 36 68 56 88 48 68 68 68 72 84 68 28 60 48 88 80 60 40 124 68 72 64 52 44 76 64 56 92 76 36 72 44 52 68 3960 60 72 56 56 72 52 32 72 64 48 64 48 72 96 60 36 68 84 52 60 36 72 40 68 68 56 68 36 100 28 76 72 60 52 60 72 60 76 88 60 60 60 76 56 52 52 40 64 76 68 56 68 84 116 64 52 48 52 44 48 64 48 80 60 1 1
49 allreduce 517 0 1 
49 alltoall 1 1 1 1
49 alltoallv 4096 52 72 52 44 72 32 56 96 60 48 48 68 60 88 84 60 80 68 48 56 56 60 76 80 44 92 60 72 60 64 36 68 56 88 48 68 68 68 72 84 68 28 60 48 88 80 60 40 124 68 72 64 52 44 76 64 56 92 76 36 72 44 52 68 3960 60 72 56 56 72 52 32 72 64 48 64 48 72 96 60 36 68 84 52 60 36 72 40 68 68 56 68 36 100 28 76 72 60 52 60 72 60 76 88 60 60 60 76 56 52 52 40 64 76 68 56 68 84 116 64 52 48 52 44 48 64 48 80 60 1 1
49 allreduce 517 0 1 
49 alltoall 1 1 1 1
49 alltoallv 4096 52 72 52 44 72 32 56 96 60 48 48 68 60 88 84 60 80 68 48 56 56 60 76 80 44 92 60 72 60 64 36 68 56 88 48 68 68 68 72 84 68 28 60 48 88 80 60 40 124 68 72 64 52 44 76 64 56 92 76 36 72 44 52 68 3960 60 72 56 56 72 52 32 72 64 48 64 48 72 96 60 36 68 84 52 60 36 72 40 68 68 56 68 36 100 28 76 72 60 52 60 72 60 76 88 60 60 60 76 56 52 52 40 64 76 68 56 68 84 116 64 52 48 52 44 48 64 48 80 60 1 1
49 allreduce 517 0 1 
49 alltoall 1 1 1 1
49 alltoallv 4096 52 72 52 44 72 32 56 96 60 48 48 68 60 88 84 60 80 68 48 56 56 60 76 80 44 92 60 72 60 64 36 68 56 88 48 68 68 68 72 84 68 28 60 48 88 80 60 40 124 68 72 64 52 44 76 64 56 92 76 36 72 44 52 68 3960 60 72 56 56 72 52 32 72 64 48 64 48 72 96 60 36 68 84 52 60 36 72 40 68 68 56 68 36 100 28 76 72 60 52 60 72 60 76 88 60 60 60 76 56 52 52 40 64 76 68 56 68 84 116 64 52 48 52 44 48 64 48 80 60 1 1
49 allreduce 517 0 1 
49 alltoall 1 1 1 1
49 alltoallv 4096 52 72 52 44 72 32 56 96 60 48 48 68 60 88 84 60 80 68 48 56 56 60 76 80 44 92 60 72 60 64 36 68 56 88 48 68 68 68 72 84 68 28 60 48 88 80 60 40 124 68 72 64 52 44 76 64 56 92 76 36 72 44 52 68 3960 60 72 56 56 72 52 32 72 64 48 64 48 72 96 60 36 68 84 52 60 36 72 40 68 68 56 68 36 100 28 76 72 60 52 60 72 60 76 88 60 60 60 76 56 52 52 40 64 76 68 56 68 84 116 64 52 48 52 44 48 64 48 80 60 1 1
49 allreduce 517 0 1 
49 alltoall 1 1 1 1
49 alltoallv 4096 52 72 52 44 72 32 56 96 60 48 48 68 60 88 84 60 80 68 48 56 56 60 76 80 44 92 60 72 60 64 36 68 56 88 48 68 68 68 72 84 68 28 60 48 88 80 60 40 124 68 72 64 52 44 76 64 56 92 76 36 72 44 52 68 3960 60 72 56 56 72 52 32 72 64 48 64 48 72 96 60 36 68 84 52 60 36 72 40 68 68 56 68 36 100 28 76 72 60 52 60 72 60 76 88 60 60 60 76 56 52 52 40 64 76 68 56 68 84 116 64 52 48 52 44 48 64 48 80 60 1 1
49 allreduce 517 0 1 
49 alltoall 1 1 1 1
49 alltoallv 4096 52 72 52 44 72 32 56 96 60 48 48 68 60 88 84 60 80 68 48 56 56 60 76 80 44 92 60 72 60 64 36 68 56 88 48 68 68 68 72 84 68 28 60 48 88 80 60 40 124 68 72 64 52 44 76 64 56 92 76 36 72 44 52 68 3960 60 72 56 56 72 52 32 72 64 48 64 48 72 96 60 36 68 84 52 60 36 72 40 68 68 56 68 36 100 28 76 72 60 52 60 72 60 76 88 60 60 60 76 56 52 52 40 64 76 68 56 68 84 116 64 52 48 52 44 48 64 48 80 60 1 1
49 allreduce 517 0 1 
49 alltoall 1 1 1 1
49 alltoallv 4096 52 72 52 44 72 32 56 96 60 48 48 68 60 88 84 60 80 68 48 56 56 60 76 80 44 92 60 72 60 64 36 68 56 88 48 68 68 68 72 84 68 28 60 48 88 80 60 40 124 68 72 64 52 44 76 64 56 92 76 36 72 44 52 68 3960 60 72 56 56 72 52 32 72 64 48 64 48 72 96 60 36 68 84 52 60 36 72 40 68 68 56 68 36 100 28 76 72 60 52 60 72 60 76 88 60 60 60 76 56 52 52 40 64 76 68 56 68 84 116 64 52 48 52 44 48 64 48 80 60 1 1
49 allreduce 517 0 1 
49 alltoall 1 1 1 1
49 alltoallv 4096 52 72 52 44 72 32 56 96 60 48 48 68 60 88 84 60 80 68 48 56 56 60 76 80 44 92 60 72 60 64 36 68 56 88 48 68 68 68 72 84 68 28 60 48 88 80 60 40 124 68 72 64 52 44 76 64 56 92 76 36 72 44 52 68 3960 60 72 56 56 72 52 32 72 64 48 64 48 72 96 60 36 68 84 52 60 36 72 40 68 68 56 68 36 100 28 76 72 60 52 60 72 60 76 88 60 60 60 76 56 52 52 40 64 76 68 56 68 84 116 64 52 48 52 44 48 64 48 80 60 1 1
49 allreduce 517 0 1 
49 alltoall 1 1 1 1
49 alltoallv 4096 52 72 52 44 72 32 56 96 60 48 48 68 60 88 84 60 80 68 48 56 56 60 76 80 44 92 60 72 60 64 36 68 56 88 48 68 68 68 72 84 68 28 60 48 88 80 60 40 124 68 72 64 52 44 76 64 56 92 76 36 72 44 52 68 3960 60 72 56 56 72 52 32 72 64 48 64 48 72 96 60 36 68 84 52 60 36 72 40 68 68 56 68 36 100 28 76 72 60 52 60 72 60 76 88 60 60 60 76 56 52 52 40 64 76 68 56 68 84 116 64 52 48 52 44 48 64 48 80 60 1 1
49 allreduce 517 0 1 
49 alltoall 1 1 1 1
49 alltoallv 4096 52 72 52 44 72 32 56 96 60 48 48 68 60 88 84 60 80 68 48 56 56 60 76 80 44 92 60 72 60 64 36 68 56 88 48 68 68 68 72 84 68 28 60 48 88 80 60 40 124 68 72 64 52 44 76 64 56 92 76 36 72 44 52 68 3960 60 72 56 56 72 52 32 72 64 48 64 48 72 96 60 36 68 84 52 60 36 72 40 68 68 56 68 36 100 28 76 72 60 52 60 72 60 76 88 60 60 60 76 56 52 52 40 64 76 68 56 68 84 116 64 52 48 52 44 48 64 48 80 60 1 1
49 reduce 1 0 0 0 
49 irecv 48 1000 1 1
49 send 50 1000 1 1
49 wait 49 50 1000
49 reduce 1 0 0 1 
49 finalize
