40 init
40 bcast 1 0 1 
40 allreduce 517 0 1 
40 alltoall 1 1 1 1
40 alltoallv 4096 36 68 80 72 60 56 72 72 60 60 88 40 76 84 84 60 40 64 48 76 52 52 60 100 48 68 68 88 48 72 60 68 48 80 60 68 68 76 60 80 52 56 72 48 60 96 48 72 60 60 64 64 76 24 48 76 52 44 76 44 76 56 80 72 3860 108 40 48 56 24 52 60 44 72 60 84 60 60 40 60 36 60 64 48 56 44 72 48 52 72 68 40 48 64 52 100 80 84 52 40 68 72 44 52 104 52 60 56 72 64 68 80 108 76 68 40 64 80 64 36 32 60 44 72 60 64 68 56 28 1 1
40 allreduce 517 0 1 
40 alltoall 1 1 1 1
40 alltoallv 4096 36 68 80 72 60 56 72 72 60 60 88 40 76 84 84 60 40 64 48 76 52 52 60 100 48 68 68 88 48 72 60 68 48 80 60 68 68 76 60 80 52 56 72 48 60 96 48 72 60 60 64 64 76 24 48 76 52 44 76 44 76 56 80 72 3860 108 40 48 56 24 52 60 44 72 60 84 60 60 40 60 36 60 64 48 56 44 72 48 52 72 68 40 48 64 52 100 80 84 52 40 68 72 44 52 104 52 60 56 72 64 68 80 108 76 68 40 64 80 64 36 32 60 44 72 60 64 68 56 28 1 1
40 allreduce 517 0 1 
40 alltoall 1 1 1 1
40 alltoallv 4096 36 68 80 72 60 56 72 72 60 60 88 40 76 84 84 60 40 64 48 76 52 52 60 100 48 68 68 88 48 72 60 68 48 80 60 68 68 76 60 80 52 56 72 48 60 96 48 72 60 60 64 64 76 24 48 76 52 44 76 44 76 56 80 72 3860 108 40 48 56 24 52 60 44 72 60 84 60 60 40 60 36 60 64 48 56 44 72 48 52 72 68 40 48 64 52 100 80 84 52 40 68 72 44 52 104 52 60 56 72 64 68 80 108 76 68 40 64 80 64 36 32 60 44 72 60 64 68 56 28 1 1
40 allreduce 517 0 1 
40 alltoall 1 1 1 1
40 alltoallv 4096 36 68 80 72 60 56 72 72 60 60 88 40 76 84 84 60 40 64 48 76 52 52 60 100 48 68 68 88 48 72 60 68 48 80 60 68 68 76 60 80 52 56 72 48 60 96 48 72 60 60 64 64 76 24 48 76 52 44 76 44 76 56 80 72 3860 108 40 48 56 24 52 60 44 72 60 84 60 60 40 60 36 60 64 48 56 44 72 48 52 72 68 40 48 64 52 100 80 84 52 40 68 72 44 52 104 52 60 56 72 64 68 80 108 76 68 40 64 80 64 36 32 60 44 72 60 64 68 56 28 1 1
40 allreduce 517 0 1 
40 alltoall 1 1 1 1
40 alltoallv 4096 36 68 80 72 60 56 72 72 60 60 88 40 76 84 84 60 40 64 48 76 52 52 60 100 48 68 68 88 48 72 60 68 48 80 60 68 68 76 60 80 52 56 72 48 60 96 48 72 60 60 64 64 76 24 48 76 52 44 76 44 76 56 80 72 3856 104 40 48 56 24 52 60 44 72 60 84 60 60 40 60 36 60 64 48 56 44 72 48 52 72 68 40 48 64 52 100 80 84 52 40 68 72 44 52 104 52 60 56 72 64 68 80 108 76 68 40 64 80 64 36 32 60 44 72 60 64 68 56 28 1 1
40 allreduce 517 0 1 
40 alltoall 1 1 1 1
40 alltoallv 4096 36 68 80 72 60 56 72 72 60 60 88 40 76 84 84 60 40 64 48 76 52 52 60 100 48 68 68 88 48 72 60 68 48 80 60 68 68 76 60 80 52 56 72 48 60 96 48 72 60 60 64 64 76 24 48 76 52 44 76 44 76 56 80 72 3856 104 40 48 56 24 52 60 44 72 60 84 60 60 40 60 36 60 64 48 56 44 72 48 52 72 68 40 48 64 52 100 80 84 52 40 68 72 44 52 104 52 60 56 72 64 68 80 108 76 68 40 64 80 64 36 32 60 44 72 60 64 68 56 28 1 1
40 allreduce 517 0 1 
40 alltoall 1 1 1 1
40 alltoallv 4096 36 68 80 72 60 56 72 72 60 60 88 40 76 84 84 60 40 64 48 76 52 52 60 100 48 68 68 88 48 72 60 68 48 80 60 68 68 76 60 80 52 56 72 48 60 96 48 72 60 60 64 64 76 24 48 76 52 44 76 44 76 56 80 72 3856 104 40 48 56 24 52 60 44 72 60 84 60 60 40 60 36 60 64 48 56 44 72 48 52 72 68 40 48 64 52 100 80 84 52 40 68 72 44 52 104 52 60 56 72 64 68 80 108 76 68 40 64 80 64 36 32 60 44 72 60 64 68 56 28 1 1
40 allreduce 517 0 1 
40 alltoall 1 1 1 1
40 alltoallv 4096 36 68 80 72 60 56 72 72 60 60 88 40 76 84 84 60 40 64 48 76 52 52 60 100 48 68 68 88 48 72 60 68 48 80 60 68 68 76 60 80 52 56 72 48 60 96 48 72 60 60 64 64 76 24 48 76 52 44 76 44 76 56 80 72 3856 104 40 48 56 24 52 60 44 72 60 84 60 60 40 60 36 60 64 48 56 44 72 48 52 72 68 40 48 64 52 100 80 84 52 40 68 72 44 52 104 52 60 56 72 64 68 80 108 76 68 40 64 80 64 36 32 60 44 72 60 64 68 56 28 1 1
40 allreduce 517 0 1 
40 alltoall 1 1 1 1
40 alltoallv 4096 36 68 80 72 60 56 72 72 60 60 88 40 76 84 84 60 40 64 48 76 52 52 60 100 48 68 68 88 48 72 60 68 48 80 60 68 68 76 60 80 52 56 72 48 60 96 48 72 60 60 64 64 76 24 48 76 52 44 76 44 76 56 80 72 3856 104 40 48 56 24 52 60 44 72 60 84 60 60 40 60 36 60 64 48 56 44 72 48 52 72 68 40 48 64 52 100 80 84 52 40 68 72 44 52 104 52 60 56 72 64 68 80 108 76 68 40 64 80 64 36 32 60 44 72 60 64 68 56 28 1 1
40 allreduce 517 0 1 
40 alltoall 1 1 1 1
40 alltoallv 4096 36 68 80 72 60 56 72 72 60 60 88 40 76 84 84 60 40 64 48 76 52 52 60 100 48 68 68 88 48 72 60 68 48 80 60 68 68 76 60 80 52 56 72 48 60 96 48 72 60 60 64 64 76 24 48 76 52 44 76 44 76 56 80 72 3856 104 40 48 56 24 52 60 44 72 60 84 60 60 40 60 36 60 64 48 56 44 72 48 52 72 68 40 48 64 52 100 80 84 52 40 68 72 44 52 104 52 60 56 72 64 68 80 108 76 68 40 64 80 64 36 32 60 44 72 60 64 68 56 28 1 1
40 allreduce 517 0 1 
40 alltoall 1 1 1 1
40 alltoallv 4096 36 68 80 72 60 56 72 72 60 60 88 40 76 84 84 60 40 64 48 76 52 52 60 100 48 68 68 88 48 72 60 68 48 80 60 68 68 76 60 80 52 56 72 48 60 96 48 72 60 60 64 64 76 24 48 76 52 44 76 44 76 56 80 72 3856 104 40 48 56 24 52 60 44 72 60 84 60 60 40 60 36 60 64 48 56 44 72 48 52 72 68 40 48 64 52 100 80 84 52 40 68 72 44 52 104 52 60 56 72 64 68 80 108 76 68 40 64 80 64 36 32 60 44 72 60 64 68 56 28 1 1
40 reduce 1 0 0 0 
40 irecv 39 1000 1 1
40 send 41 1000 1 1
40 wait 40 41 1000
40 reduce 1 0 0 1 
40 finalize
