35 init
35 bcast 1 0 1 
35 allreduce 517 0 1 
35 alltoall 1 1 1 1
35 alltoallv 4096 96 80 96 56 72 80 72 60 68 96 52 48 60 48 92 68 64 60 48 44 72 92 60 64 48 68 72 60 64 60 68 88 44 52 84 40 80 48 52 56 68 60 44 76 68 116 44 76 64 72 56 48 68 64 60 68 40 68 48 52 36 48 40 80 3972 96 104 40 84 52 36 60 32 60 64 52 68 40 60 72 44 108 80 72 56 60 56 16 80 68 76 32 56 48 68 68 48 60 100 44 40 84 60 96 72 68 44 32 40 56 56 56 56 76 68 76 48 84 56 52 60 76 44 44 92 56 96 44 80 1 1
35 allreduce 517 0 1 
35 alltoall 1 1 1 1
35 alltoallv 4096 96 80 96 56 72 80 72 60 68 96 52 48 60 48 92 68 64 60 48 44 72 92 60 64 48 68 72 60 64 60 68 88 44 52 84 40 80 48 52 56 68 60 44 76 68 116 44 76 64 72 56 48 68 64 60 68 40 68 48 52 36 48 40 80 3972 96 104 40 84 52 36 60 32 60 64 52 68 40 60 72 44 108 80 72 56 60 56 16 80 68 76 32 56 48 68 68 48 60 100 44 40 84 60 96 72 68 44 32 40 56 56 56 56 76 68 76 48 84 56 52 60 76 44 44 92 56 96 44 80 1 1
35 allreduce 517 0 1 
35 alltoall 1 1 1 1
35 alltoallv 4096 96 80 96 56 72 80 72 60 68 96 52 48 60 48 92 68 64 60 48 44 72 92 60 64 48 68 72 60 64 60 68 88 44 52 84 40 80 48 52 56 68 60 44 76 68 116 44 76 64 72 56 48 68 64 60 68 40 68 48 52 36 48 40 80 3968 92 104 40 84 52 36 60 32 60 64 52 68 40 60 72 44 108 80 72 56 60 56 16 80 68 76 32 56 48 68 68 48 60 100 44 40 84 60 96 72 68 44 32 40 56 56 56 56 76 68 76 48 84 56 52 60 76 44 44 92 56 96 44 80 1 1
35 allreduce 517 0 1 
35 alltoall 1 1 1 1
35 alltoallv 4096 96 80 96 56 72 80 72 60 68 96 52 48 60 48 92 68 64 60 48 44 72 92 60 64 48 68 72 60 64 60 68 88 44 52 84 40 80 48 52 56 68 60 44 76 68 116 44 76 64 72 56 48 68 64 60 68 40 68 48 52 36 48 40 80 3968 92 104 40 84 52 36 60 32 60 64 52 68 40 60 72 44 108 80 72 56 60 56 16 80 68 76 32 56 48 68 68 48 60 100 44 40 84 60 96 72 68 44 32 40 56 56 56 56 76 68 76 48 84 56 52 60 76 44 44 92 56 96 44 80 1 1
35 allreduce 517 0 1 
35 alltoall 1 1 1 1
35 alltoallv 4096 96 80 96 56 72 80 72 60 68 96 52 48 60 48 92 68 64 60 48 44 72 92 60 64 48 68 72 60 64 60 68 88 44 52 84 40 80 48 52 56 68 60 44 76 68 116 44 76 64 72 56 48 68 64 60 68 40 68 48 52 36 48 40 80 3968 92 104 40 84 52 36 60 32 60 64 52 68 40 60 72 44 108 80 72 56 60 56 16 80 68 76 32 56 48 68 68 48 60 100 44 40 84 60 96 72 68 44 32 40 56 56 56 56 76 68 76 48 84 56 52 60 76 44 44 92 56 96 44 80 1 1
35 allreduce 517 0 1 
35 alltoall 1 1 1 1
35 alltoallv 4096 96 80 96 56 72 80 72 60 68 96 52 48 60 48 92 68 64 60 48 44 72 92 60 64 48 68 72 60 64 60 68 88 44 52 84 40 80 48 52 56 68 60 44 76 68 116 44 76 64 72 56 48 68 64 60 68 40 68 48 52 36 48 40 80 3968 92 104 40 84 52 36 60 32 60 64 52 68 40 60 72 44 108 80 72 56 60 56 16 80 68 76 32 56 48 68 68 48 60 100 44 40 84 60 96 72 68 44 32 40 56 56 56 56 76 68 76 48 84 56 52 60 76 44 44 92 56 96 44 80 1 1
35 allreduce 517 0 1 
35 alltoall 1 1 1 1
35 alltoallv 4096 96 80 96 56 72 80 72 60 68 96 52 48 60 48 92 68 64 60 48 44 72 92 60 64 48 68 72 60 64 60 68 88 44 52 84 40 80 48 52 56 68 60 44 76 68 116 44 76 64 72 56 48 68 64 60 68 40 68 48 52 36 48 40 80 3968 92 104 40 84 52 36 60 32 60 64 52 68 40 60 72 44 108 80 72 56 60 56 16 80 68 76 32 56 48 68 68 48 60 100 44 40 84 60 96 72 68 44 32 40 56 56 56 56 76 68 76 48 84 56 52 60 76 44 44 92 56 96 44 80 1 1
35 allreduce 517 0 1 
35 alltoall 1 1 1 1
35 alltoallv 4096 96 80 96 56 72 80 72 60 68 96 52 48 60 48 92 68 64 60 48 44 72 92 60 64 48 68 72 60 64 60 68 88 44 52 84 40 80 48 52 56 68 60 44 76 68 116 44 76 64 72 56 48 68 64 60 68 40 68 48 52 36 48 40 80 3968 92 104 40 84 52 36 60 32 60 64 52 68 40 60 72 44 108 80 72 56 60 56 16 80 68 76 32 56 48 68 68 48 60 100 44 40 84 60 96 72 68 44 32 40 56 56 56 56 76 68 76 48 84 56 52 60 76 44 44 92 56 96 44 80 1 1
35 allreduce 517 0 1 
35 alltoall 1 1 1 1
35 alltoallv 4096 96 80 96 56 72 80 72 60 68 96 52 48 60 48 92 68 64 60 48 44 72 92 60 64 48 68 72 60 64 60 68 88 44 52 84 40 80 48 52 56 68 60 44 76 68 116 44 76 64 72 56 48 68 64 60 68 40 68 48 52 36 48 40 80 3968 92 104 40 84 52 36 60 32 60 64 52 68 40 60 72 44 108 80 72 56 60 56 16 80 68 76 32 56 48 68 68 48 60 100 44 40 84 60 96 72 68 44 32 40 56 56 56 56 76 68 76 48 84 56 52 60 76 44 44 92 56 96 44 80 1 1
35 allreduce 517 0 1 
35 alltoall 1 1 1 1
35 alltoallv 4096 96 80 96 56 72 80 72 60 68 96 52 48 60 48 92 68 64 60 48 44 72 92 60 64 48 68 72 60 64 60 68 88 44 52 84 40 80 48 52 56 68 60 44 76 68 116 44 76 64 72 56 48 68 64 60 68 40 68 48 52 36 48 40 80 3968 92 104 40 84 52 36 60 32 60 64 52 68 40 60 72 44 108 80 72 56 60 56 16 80 68 76 32 56 48 68 68 48 60 100 44 40 84 60 96 72 68 44 32 40 56 56 56 56 76 68 76 48 84 56 52 60 76 44 44 92 56 96 44 80 1 1
35 allreduce 517 0 1 
35 alltoall 1 1 1 1
35 alltoallv 4096 96 80 96 56 72 80 72 60 68 96 52 48 60 48 92 68 64 60 48 44 72 92 60 64 48 68 72 60 64 60 68 88 44 52 84 40 80 48 52 56 68 60 44 76 68 116 44 76 64 72 56 48 68 64 60 68 40 68 48 52 36 48 40 80 3968 92 104 40 84 52 36 60 32 60 64 52 68 40 60 72 44 108 80 72 56 60 56 16 80 68 76 32 56 48 68 68 48 60 100 44 40 84 60 96 72 68 44 32 40 56 56 56 56 76 68 76 48 84 56 52 60 76 44 44 92 56 96 44 80 1 1
35 reduce 1 0 0 0 
35 irecv 34 1000 1 1
35 send 36 1000 1 1
35 wait 35 36 1000
35 reduce 1 0 0 1 
35 finalize
