1 init
1 bcast 1 0 1 
1 allreduce 517 0 1 
1 alltoall 1 1 1 1
1 alltoallv 4096 56 68 64 52 80 100 48 68 60 60 52 64 80 80 60 68 68 64 32 88 56 72 80 100 96 68 48 44 72 40 48 44 68 68 72 104 72 60 68 72 40 56 60 76 56 84 56 76 60 72 68 64 76 40 60 80 24 52 52 40 40 68 60 72 4228 60 68 80 68 68 48 80 56 76 52 88 60 40 68 52 32 72 64 44 64 72 64 76 72 72 72 80 68 84 60 68 48 48 40 60 80 80 48 64 36 68 84 60 72 80 108 48 60 60 72 88 80 100 44 60 60 60 68 76 44 84 56 80 84 1 1
1 allreduce 517 0 1 
1 alltoall 1 1 1 1
1 alltoallv 4096 56 68 64 52 80 100 48 68 60 60 52 64 80 80 60 68 68 64 32 88 56 72 80 100 96 68 48 44 72 40 48 44 68 68 72 104 72 60 68 72 40 56 60 76 56 84 56 76 60 72 68 64 76 40 60 80 24 52 52 40 40 68 60 72 4228 60 68 80 68 68 48 80 56 76 52 88 60 40 68 52 32 72 64 44 64 72 64 76 72 72 72 80 68 84 60 68 48 48 40 60 80 80 48 64 36 68 84 60 72 80 108 48 60 60 72 88 80 100 44 60 60 60 68 76 44 84 56 80 84 1 1
1 allreduce 517 0 1 
1 alltoall 1 1 1 1
1 alltoallv 4096 56 68 64 52 80 100 48 68 60 60 52 64 80 80 60 68 68 64 32 88 56 72 80 100 96 68 48 44 72 40 48 44 68 68 72 104 72 60 68 72 40 56 60 76 56 84 56 76 60 72 68 64 76 40 60 80 24 52 52 40 40 68 60 72 4228 60 68 80 68 68 48 80 56 76 52 88 60 40 68 52 32 72 64 44 64 72 64 76 72 72 72 80 68 84 60 68 48 48 40 60 80 80 48 64 36 68 84 60 72 80 108 48 60 60 72 88 80 100 44 60 60 60 68 76 44 84 56 80 84 1 1
1 allreduce 517 0 1 
1 alltoall 1 1 1 1
1 alltoallv 4096 56 68 64 52 80 100 48 68 60 60 52 64 80 80 60 68 68 64 32 88 56 72 80 100 96 68 48 44 72 40 48 44 68 68 72 104 72 60 68 72 40 56 60 76 56 84 56 76 60 72 68 64 76 40 60 80 24 52 52 40 40 68 60 72 4228 60 68 80 68 68 48 80 56 76 52 88 60 40 68 52 32 72 64 44 64 72 64 76 72 72 72 80 68 84 60 68 48 48 40 60 80 80 48 64 36 68 84 60 72 80 108 48 60 60 72 88 80 100 44 60 60 60 68 76 44 84 56 80 84 1 1
1 allreduce 517 0 1 
1 alltoall 1 1 1 1
1 alltoallv 4096 56 68 64 52 80 100 48 68 60 60 52 64 80 80 60 68 68 64 32 88 56 72 80 100 96 68 48 44 72 40 48 44 68 68 72 104 72 60 68 72 40 56 60 76 56 84 56 76 60 72 68 64 76 40 60 80 24 52 52 40 40 68 60 72 4228 60 68 80 68 68 48 80 56 76 52 88 60 40 68 52 32 72 64 44 64 72 64 76 72 72 72 80 68 84 60 68 48 48 40 60 80 80 48 64 36 68 84 60 72 80 108 48 60 60 72 88 80 100 44 60 60 60 68 76 44 84 56 80 84 1 1
1 allreduce 517 0 1 
1 alltoall 1 1 1 1
1 alltoallv 4096 56 68 64 52 80 100 48 68 60 60 52 64 80 80 60 68 68 64 32 88 56 72 80 100 96 68 48 44 72 40 48 44 68 68 72 104 72 60 68 72 40 56 60 76 56 84 56 76 60 72 68 64 76 40 60 80 24 52 52 40 40 68 60 72 4224 56 68 80 68 68 48 80 56 76 52 88 60 40 68 52 32 72 64 44 64 72 64 76 72 72 72 80 68 84 60 68 48 48 40 60 80 80 48 64 36 68 84 60 72 80 108 48 60 60 72 88 80 100 44 60 60 60 68 76 44 84 56 80 84 1 1
1 allreduce 517 0 1 
1 alltoall 1 1 1 1
1 alltoallv 4096 56 68 64 52 80 100 48 68 60 60 52 64 80 80 60 68 68 64 32 88 56 72 80 100 96 68 48 44 72 40 48 44 68 68 72 104 72 60 68 72 40 56 60 76 56 84 56 76 60 72 68 64 76 40 60 80 24 52 52 40 40 68 60 72 4224 56 68 80 68 68 48 80 56 76 52 88 60 40 68 52 32 72 64 44 64 72 64 76 72 72 72 80 68 84 60 68 48 48 40 60 80 80 48 64 36 68 84 60 72 80 108 48 60 60 72 88 80 100 44 60 60 60 68 76 44 84 56 80 84 1 1
1 allreduce 517 0 1 
1 alltoall 1 1 1 1
1 alltoallv 4096 56 68 64 52 80 100 48 68 60 60 52 64 80 80 60 68 68 64 32 88 56 72 80 100 96 68 48 44 72 40 48 44 68 68 72 104 72 60 68 72 40 56 60 76 56 84 56 76 60 72 68 64 76 40 60 80 24 52 52 40 40 68 60 72 4224 56 68 80 68 68 48 80 56 76 52 88 60 40 68 52 32 72 64 44 64 72 64 76 72 72 72 80 68 84 60 68 48 48 40 60 80 80 48 64 36 68 84 60 72 80 108 48 60 60 72 88 80 100 44 60 60 60 68 76 44 84 56 80 84 1 1
1 allreduce 517 0 1 
1 alltoall 1 1 1 1
1 alltoallv 4096 56 68 64 52 80 100 48 68 60 60 52 64 80 80 60 68 68 64 32 88 56 72 80 100 96 68 48 44 72 40 48 44 68 68 72 104 72 60 68 72 40 56 60 76 56 84 56 76 60 72 68 64 76 40 60 80 24 52 52 40 40 68 60 72 4224 56 68 80 68 68 48 80 56 76 52 88 60 40 68 52 32 72 64 44 64 72 64 76 72 72 72 80 68 84 60 68 48 48 40 60 80 80 48 64 36 68 84 60 72 80 108 48 60 60 72 88 80 100 44 60 60 60 68 76 44 84 56 80 84 1 1
1 allreduce 517 0 1 
1 alltoall 1 1 1 1
1 alltoallv 4096 56 68 64 52 80 100 48 68 60 60 52 64 80 80 60 68 68 64 32 88 56 72 80 100 96 68 48 44 72 40 48 44 68 68 72 104 72 60 68 72 40 56 60 76 56 84 56 76 60 72 68 64 76 40 60 80 24 52 52 40 40 68 60 72 4224 56 68 80 68 68 48 80 56 76 52 88 60 40 68 52 32 72 64 44 64 72 64 76 72 72 72 80 68 84 60 68 48 48 40 60 80 80 48 64 36 68 84 60 72 80 108 48 60 60 72 88 80 100 44 60 60 60 68 76 44 84 56 80 84 1 1
1 allreduce 517 0 1 
1 alltoall 1 1 1 1
1 alltoallv 4096 56 68 64 52 80 100 48 68 60 60 52 64 80 80 60 68 68 64 32 88 56 72 80 100 96 68 48 44 72 40 48 44 68 68 72 104 72 60 68 72 40 56 60 76 56 84 56 76 60 72 68 64 76 40 60 80 24 52 52 40 40 68 60 72 4224 56 68 80 68 68 48 80 56 76 52 88 60 40 68 52 32 72 64 44 64 72 64 76 72 72 72 80 68 84 60 68 48 48 40 60 80 80 48 64 36 68 84 60 72 80 108 48 60 60 72 88 80 100 44 60 60 60 68 76 44 84 56 80 84 1 1
1 reduce 1 0 0 0 
1 irecv 0 1000 1 1
1 send 2 1000 1 1
1 wait 1 2 1000
1 reduce 1 0 0 1 
1 finalize
