17 init
17 bcast 1 0 1 
17 allreduce 517 0 1 
17 alltoall 1 1 1 1
17 alltoallv 4096 68 64 40 76 60 48 88 72 60 56 56 60 40 80 56 92 68 100 28 56 60 80 44 84 52 44 76 68 76 60 60 56 56 76 60 80 68 88 80 96 64 52 56 64 68 72 56 48 52 84 72 48 44 76 48 64 48 60 56 72 64 56 72 68 4668 68 64 64 48 76 48 80 84 64 88 36 76 60 44 68 60 60 100 76 64 88 120 104 52 64 68 60 60 52 44 80 96 56 64 88 60 84 88 84 80 64 84 48 96 80 100 88 80 56 68 52 100 56 64 92 76 64 64 84 104 76 84 100 68 1 1
17 allreduce 517 0 1 
17 alltoall 1 1 1 1
17 alltoallv 4096 68 64 40 76 60 48 88 72 60 56 56 60 40 80 56 92 68 100 28 56 60 80 44 84 52 44 76 68 76 60 60 56 56 76 60 80 68 88 80 96 64 52 56 64 68 72 56 48 52 84 72 48 44 76 48 64 48 60 56 72 64 56 72 68 4668 68 64 64 48 76 48 80 84 64 88 36 76 60 44 68 60 60 100 76 64 88 120 104 52 64 68 60 60 52 44 80 96 56 64 88 60 84 88 84 80 64 84 48 96 80 100 88 80 56 68 52 100 56 64 92 76 64 64 84 104 76 84 100 68 1 1
17 allreduce 517 0 1 
17 alltoall 1 1 1 1
17 alltoallv 4096 68 64 40 76 60 48 88 72 60 56 56 60 40 80 56 92 68 100 28 56 60 80 44 84 52 44 76 68 76 60 60 56 56 76 60 80 68 88 80 96 64 52 56 64 68 72 56 48 52 84 72 48 44 76 48 64 48 60 56 72 64 56 72 68 4668 68 64 64 48 76 48 80 84 64 88 36 76 60 44 68 60 60 100 76 64 88 120 104 52 64 68 60 60 52 44 80 96 56 64 88 60 84 88 84 80 64 84 48 96 80 100 88 80 56 68 52 100 56 64 92 76 64 64 84 104 76 84 100 68 1 1
17 allreduce 517 0 1 
17 alltoall 1 1 1 1
17 alltoallv 4096 68 64 40 76 60 48 88 72 60 56 56 60 40 80 56 92 68 100 28 56 60 80 44 84 52 44 76 68 76 60 60 56 56 76 60 80 68 88 80 96 64 52 56 64 68 72 56 48 52 84 72 48 44 76 48 64 48 60 56 72 64 56 72 68 4668 68 64 64 48 76 48 80 84 64 88 36 76 60 44 68 60 60 100 76 64 88 120 104 52 64 68 60 60 52 44 80 96 56 64 88 60 84 88 84 80 64 84 48 96 80 100 88 80 56 68 52 100 56 64 92 76 64 64 84 104 76 84 100 68 1 1
17 allreduce 517 0 1 
17 alltoall 1 1 1 1
17 alltoallv 4096 68 64 40 76 60 48 88 72 60 56 56 60 40 80 56 92 68 100 28 56 60 80 44 84 52 44 76 68 76 60 60 56 56 76 60 80 68 88 80 96 64 52 56 64 68 72 56 48 52 84 72 48 44 76 48 64 48 60 56 72 64 56 72 68 4668 68 64 64 48 76 48 80 84 64 88 36 76 60 44 68 60 60 100 76 64 88 120 104 52 64 68 60 60 52 44 80 96 56 64 88 60 84 88 84 80 64 84 48 96 80 100 88 80 56 68 52 100 56 64 92 76 64 64 84 104 76 84 100 68 1 1
17 allreduce 517 0 1 
17 alltoall 1 1 1 1
17 alltoallv 4096 68 64 40 76 60 48 88 72 60 56 56 60 40 80 56 92 68 100 28 56 60 80 44 84 52 44 76 68 76 60 60 56 56 76 60 80 68 88 80 96 64 52 56 64 68 72 56 48 52 84 72 48 44 76 48 64 48 60 56 72 64 56 72 68 4668 68 64 64 48 76 48 80 84 64 88 36 76 60 44 68 60 60 100 76 64 88 120 104 52 64 68 60 60 52 44 80 96 56 64 88 60 84 88 84 80 64 84 48 96 80 100 88 80 56 68 52 100 56 64 92 76 64 64 84 104 76 84 100 68 1 1
17 allreduce 517 0 1 
17 alltoall 1 1 1 1
17 alltoallv 4096 68 64 40 76 60 48 88 72 60 56 56 60 40 80 56 92 68 100 28 56 60 80 44 84 52 44 76 68 76 60 60 56 56 76 60 80 68 88 80 96 64 52 56 64 68 72 56 48 52 84 72 48 44 76 48 64 48 60 56 72 64 56 72 68 4668 68 64 64 48 76 48 80 84 64 88 36 76 60 44 68 60 60 100 76 64 88 120 104 52 64 68 60 60 52 44 80 96 56 64 88 60 84 88 84 80 64 84 48 96 80 100 88 80 56 68 52 100 56 64 92 76 64 64 84 104 76 84 100 68 1 1
17 allreduce 517 0 1 
17 alltoall 1 1 1 1
17 alltoallv 4096 68 64 40 76 60 48 88 72 60 56 56 60 40 80 56 92 68 100 28 56 60 80 44 84 52 44 76 68 76 60 60 56 56 76 60 80 68 88 80 96 64 52 56 64 68 72 56 48 52 84 72 48 44 76 48 64 48 60 56 72 64 56 72 68 4660 60 64 64 48 76 48 80 84 64 88 36 76 60 44 68 60 60 100 76 64 88 120 104 52 64 68 60 60 52 44 80 96 56 64 88 60 84 88 84 80 64 84 48 96 80 100 88 80 56 68 52 100 56 64 92 76 64 64 84 104 76 84 100 68 1 1
17 allreduce 517 0 1 
17 alltoall 1 1 1 1
17 alltoallv 4096 68 64 40 76 60 48 88 72 60 56 56 60 40 80 56 92 68 100 28 56 60 80 44 84 52 44 76 68 76 60 60 56 56 76 60 80 68 88 80 96 64 52 56 64 68 72 56 48 52 84 72 48 44 76 48 64 48 60 56 72 64 56 72 68 4660 60 64 64 48 76 48 80 84 64 88 36 76 60 44 68 60 60 100 76 64 88 120 104 52 64 68 60 60 52 44 80 96 56 64 88 60 84 88 84 80 64 84 48 96 80 100 88 80 56 68 52 100 56 64 92 76 64 64 84 104 76 84 100 68 1 1
17 allreduce 517 0 1 
17 alltoall 1 1 1 1
17 alltoallv 4096 68 64 40 76 60 48 88 72 60 56 56 60 40 80 56 92 68 100 28 56 60 80 44 84 52 44 76 68 76 60 60 56 56 76 60 80 68 88 80 96 64 52 56 64 68 72 56 48 52 84 72 48 44 76 48 64 48 60 56 72 64 56 72 68 4660 60 64 64 48 76 48 80 84 64 88 36 76 60 44 68 60 60 100 76 64 88 120 104 52 64 68 60 60 52 44 80 96 56 64 88 60 84 88 84 80 64 84 48 96 80 100 88 80 56 68 52 100 56 64 92 76 64 64 84 104 76 84 100 68 1 1
17 allreduce 517 0 1 
17 alltoall 1 1 1 1
17 alltoallv 4096 68 64 40 76 60 48 88 72 60 56 56 60 40 80 56 92 68 100 28 56 60 80 44 84 52 44 76 68 76 60 60 56 56 76 60 80 68 88 80 96 64 52 56 64 68 72 56 48 52 84 72 48 44 76 48 64 48 60 56 72 64 56 72 68 4660 60 64 64 48 76 48 80 84 64 88 36 76 60 44 68 60 60 100 76 64 88 120 104 52 64 68 60 60 52 44 80 96 56 64 88 60 84 88 84 80 64 84 48 96 80 100 88 80 56 68 52 100 56 64 92 76 64 64 84 104 76 84 100 68 1 1
17 reduce 1 0 0 0 
17 irecv 16 1000 1 1
17 send 18 1000 1 1
17 wait 17 18 1000
17 reduce 1 0 0 1 
17 finalize
