63 init
63 bcast 1 0 1 
63 allreduce 517 0 1 
63 alltoall 1 1 1 1
63 alltoallv 4096 84 84 76 60 68 76 64 64 88 68 80 84 48 84 56 76 32 68 48 108 100 68 36 92 48 52 52 72 52 80 64 64 72 72 48 80 40 60 56 80 28 60 48 56 100 48 48 56 64 60 64 92 52 64 72 44 44 56 60 40 40 76 68 52 4004 88 72 52 56 64 52 36 52 72 48 56 68 84 64 52 68 36 68 52 56 56 76 56 44 72 52 48 60 64 84 64 60 72 48 60 80 80 64 92 56 72 48 44 52 92 40 88 56 64 68 76 72 72 68 64 64 80 40 68 40 52 92 56 52 1 1
63 allreduce 517 0 1 
63 alltoall 1 1 1 1
63 alltoallv 4096 84 84 76 60 68 76 64 64 88 68 80 84 48 84 56 76 32 68 48 108 100 68 36 92 48 52 52 72 52 80 64 64 72 72 48 80 40 60 56 80 28 60 48 56 100 48 48 56 64 60 64 92 52 64 72 44 44 56 60 40 40 76 68 52 4004 88 72 52 56 64 52 36 52 72 48 56 68 84 64 52 68 36 68 52 56 56 76 56 44 72 52 48 60 64 84 64 60 72 48 60 80 80 64 92 56 72 48 44 52 92 40 88 56 64 68 76 72 72 68 64 64 80 40 68 40 52 92 56 52 1 1
63 allreduce 517 0 1 
63 alltoall 1 1 1 1
63 alltoallv 4096 84 84 76 60 68 76 64 64 88 68 80 84 48 84 56 76 32 68 48 108 100 68 36 92 48 52 52 72 52 80 64 64 72 72 48 80 40 60 56 80 28 60 48 56 100 48 48 56 64 60 64 92 52 64 72 44 44 56 60 40 40 76 68 52 4008 92 72 52 56 64 52 36 52 72 48 56 68 84 64 52 68 36 68 52 56 56 76 56 44 72 52 48 60 64 84 64 60 72 48 60 80 80 64 92 56 72 48 44 52 92 40 88 56 64 68 76 72 72 68 64 64 80 40 68 40 52 92 56 52 1 1
63 allreduce 517 0 1 
63 alltoall 1 1 1 1
63 alltoallv 4096 84 84 76 60 68 76 64 64 88 68 80 84 48 84 56 76 32 68 48 108 100 68 36 92 48 52 52 72 52 80 64 64 72 72 48 80 40 60 56 80 28 60 48 56 100 48 48 56 64 60 64 92 52 64 72 44 44 56 60 40 40 76 68 52 4012 96 72 52 56 64 52 36 52 72 48 56 68 84 64 52 68 36 68 52 56 56 76 56 44 72 52 48 60 64 84 64 60 72 48 60 80 80 64 92 56 72 48 44 52 92 40 88 56 64 68 76 72 72 68 64 64 80 40 68 40 52 92 56 52 1 1
63 allreduce 517 0 1 
63 alltoall 1 1 1 1
63 alltoallv 4096 84 84 76 60 68 76 64 64 88 68 80 84 48 84 56 76 32 68 48 108 100 68 36 92 48 52 52 72 52 80 64 64 72 72 48 80 40 60 56 80 28 60 48 56 100 48 48 56 64 60 64 92 52 64 72 44 44 56 60 40 40 76 68 52 4016 100 72 52 56 64 52 36 52 72 48 56 68 84 64 52 68 36 68 52 56 56 76 56 44 72 52 48 60 64 84 64 60 72 48 60 80 80 64 92 56 72 48 44 52 92 40 88 56 64 68 76 72 72 68 64 64 80 40 68 40 52 92 56 52 1 1
63 allreduce 517 0 1 
63 alltoall 1 1 1 1
63 alltoallv 4096 84 84 76 60 68 76 64 64 88 68 80 84 48 84 56 76 32 68 48 108 100 68 36 92 48 52 52 72 52 80 64 64 72 72 48 80 40 60 56 80 28 60 48 56 100 48 48 56 64 60 64 92 52 64 72 44 44 56 60 40 40 76 68 52 4020 104 72 52 56 64 52 36 52 72 48 56 68 84 64 52 68 36 68 52 56 56 76 56 44 72 52 48 60 64 84 64 60 72 48 60 80 80 64 92 56 72 48 44 52 92 40 88 56 64 68 76 72 72 68 64 64 80 40 68 40 52 92 56 52 1 1
63 allreduce 517 0 1 
63 alltoall 1 1 1 1
63 alltoallv 4096 84 84 76 60 68 76 64 64 88 68 80 84 48 84 56 76 32 68 48 108 100 68 36 92 48 52 52 72 52 80 64 64 72 72 48 80 40 60 56 80 28 60 48 56 100 48 48 56 64 60 64 92 52 64 72 44 44 56 60 40 40 76 68 52 4024 108 72 52 56 64 52 36 52 72 48 56 68 84 64 52 68 36 68 52 56 56 76 56 44 72 52 48 60 64 84 64 60 72 48 60 80 80 64 92 56 72 48 44 52 92 40 88 56 64 68 76 72 72 68 64 64 80 40 68 40 52 92 56 52 1 1
63 allreduce 517 0 1 
63 alltoall 1 1 1 1
63 alltoallv 4096 84 84 76 60 68 76 64 64 88 68 80 84 48 84 56 76 32 68 48 108 100 68 36 92 48 52 52 72 52 80 64 64 72 72 48 80 40 60 56 80 28 60 48 56 100 48 48 56 64 60 64 92 52 64 72 44 44 56 60 40 40 76 68 52 4028 112 72 52 56 64 52 36 52 72 48 56 68 84 64 52 68 36 68 52 56 56 76 56 44 72 52 48 60 64 84 64 60 72 48 60 80 80 64 92 56 72 48 44 52 92 40 88 56 64 68 76 72 72 68 64 64 80 40 68 40 52 92 56 52 1 1
63 allreduce 517 0 1 
63 alltoall 1 1 1 1
63 alltoallv 4096 84 84 76 60 68 76 64 64 88 68 80 84 48 84 56 76 32 68 48 108 100 68 36 92 48 52 52 72 52 80 64 64 72 72 48 80 40 60 56 80 28 60 48 56 100 48 48 56 64 60 64 92 52 64 72 44 44 56 60 40 40 76 68 52 4032 116 72 52 56 64 52 36 52 72 48 56 68 84 64 52 68 36 68 52 56 56 76 56 44 72 52 48 60 64 84 64 60 72 48 60 80 80 64 92 56 72 48 44 52 92 40 88 56 64 68 76 72 72 68 64 64 80 40 68 40 52 92 56 52 1 1
63 allreduce 517 0 1 
63 alltoall 1 1 1 1
63 alltoallv 4096 84 84 76 60 68 76 64 64 88 68 80 84 48 84 56 76 32 68 48 108 100 68 36 92 48 52 52 72 52 80 64 64 72 72 48 80 40 60 56 80 28 60 48 56 100 48 48 56 64 60 64 92 52 64 72 44 44 56 60 40 40 76 68 52 4036 120 72 52 56 64 52 36 52 72 48 56 68 84 64 52 68 36 68 52 56 56 76 56 44 72 52 48 60 64 84 64 60 72 48 60 80 80 64 92 56 72 48 44 52 92 40 88 56 64 68 76 72 72 68 64 64 80 40 68 40 52 92 56 52 1 1
63 allreduce 517 0 1 
63 alltoall 1 1 1 1
63 alltoallv 4096 84 84 76 60 68 76 64 64 88 68 80 84 48 84 56 76 32 68 48 108 100 68 36 92 48 52 52 72 52 80 64 64 72 72 48 80 40 60 56 80 28 60 48 56 100 48 48 56 64 60 64 92 52 64 72 44 44 56 60 40 40 76 68 52 4040 124 72 52 56 64 52 36 52 72 48 56 68 84 64 52 68 36 68 52 56 56 76 56 44 72 52 48 60 64 84 64 60 72 48 60 80 80 64 92 56 72 48 44 52 92 40 88 56 64 68 76 72 72 68 64 64 80 40 68 40 52 92 56 52 1 1
63 reduce 1 0 0 0 
63 irecv 62 1000 1 1
63 wait 63 64 1000
63 reduce 1 0 0 1 
63 finalize
