12 init
12 barrier
12 bcast 1 0 1 
12 bcast 1 0 1 
12 bcast 1 0 1 
12 bcast 1 0 1 
12 bcast 1 0 1 
12 bcast 8 0 1 
12 bcast 1 0 16 
12 barrier
12 allreduce 1 0 0 
12 allreduce 4 0 1 
12 allreduce 1 0 0 
12 allreduce 4 0 1 
12 allreduce 1 0 0 
12 allreduce 4 0 1 
12 allreduce 1 0 0 
12 allreduce 4 0 1 
12 allreduce 1 0 0 
12 allreduce 4 0 1 
12 allreduce 1 0 0 
12 allreduce 4 0 1 
12 allreduce 1 0 0 
12 allreduce 4 0 1 
12 allreduce 1 0 0 
12 allreduce 4 0 1 
12 allreduce 1 0 0 
12 allreduce 4 0 1 
12 allreduce 1 0 0 
12 allreduce 4 0 1 
12 allreduce 1 0 0 
12 allreduce 4 0 1 
12 allreduce 1 0 0 
12 allreduce 4 0 1 
12 allreduce 1 0 0 
12 allreduce 4 0 1 
12 allreduce 1 0 0 
12 allreduce 4 0 1 
12 allreduce 1 0 0 
12 allreduce 4 0 1 
12 allreduce 1 0 0 
12 allreduce 4 0 1 
12 allreduce 1 0 0 
12 allreduce 4 0 1 
12 allreduce 1 0 0 
12 allreduce 4 0 1 
12 allreduce 1 0 0 
12 allreduce 4 0 1 
12 allreduce 1 0 0 
12 allreduce 4 0 1 
12 barrier
12 irecv 13 1100 648 0
12 irecv 13 1300 648 0
12 send 13 1300 128 0
12 send 13 1100 128 0
12 wait 14 13 1100
12 wait 14 13 1300
12 irecv 14 2100 648 0
12 irecv 14 2300 648 0
12 send 14 2300 144 0
12 send 14 2100 144 0
12 wait 15 13 2100
12 wait 15 13 2300
12 irecv 0 3100 648 0
12 irecv 8 3300 648 0
12 send 0 3300 324 0
12 send 8 3100 324 0
12 wait 1 13 3100
12 wait 9 13 3300
12 allreduce 1 0 0 
12 allreduce 1 0 0 
12 irecv 13 1100 648 0
12 irecv 13 1300 648 0
12 send 13 1300 128 0
12 send 13 1100 128 0
12 wait 14 13 1100
12 wait 14 13 1300
12 irecv 14 2100 648 0
12 irecv 14 2300 648 0
12 send 14 2300 144 0
12 send 14 2100 144 0
12 wait 15 13 2100
12 wait 15 13 2300
12 irecv 0 3100 648 0
12 irecv 8 3300 648 0
12 send 0 3300 324 0
12 send 8 3100 324 0
12 wait 1 13 3100
12 wait 9 13 3300
12 allreduce 1 0 0 
12 allreduce 1 0 0 
12 irecv 13 1100 648 0
12 irecv 13 1300 648 0
12 send 13 1300 32 0
12 send 13 1100 32 0
12 wait 14 13 1100
12 wait 14 13 1300
12 irecv 14 2100 648 0
12 irecv 14 2300 648 0
12 send 14 2300 40 0
12 send 14 2100 40 0
12 wait 15 13 2100
12 wait 15 13 2300
12 irecv 0 3100 648 0
12 irecv 8 3300 648 0
12 send 0 3300 100 0
12 send 8 3100 100 0
12 wait 1 13 3100
12 wait 9 13 3300
12 irecv 13 1100 648 0
12 irecv 13 1300 648 0
12 send 13 1300 8 0
12 send 13 1100 8 0
12 wait 14 13 1100
12 wait 14 13 1300
12 irecv 14 2100 648 0
12 irecv 14 2300 648 0
12 send 14 2300 12 0
12 send 14 2100 12 0
12 wait 15 13 2100
12 wait 15 13 2300
12 irecv 0 3100 648 0
12 irecv 8 3300 648 0
12 send 0 3300 36 0
12 send 8 3100 36 0
12 wait 1 13 3100
12 wait 9 13 3300
12 irecv 13 1100 648 0
12 irecv 13 1300 648 0
12 send 13 1300 2 0
12 send 13 1100 2 0
12 wait 14 13 1100
12 wait 14 13 1300
12 irecv 14 2100 648 0
12 irecv 14 2300 648 0
12 send 14 2300 4 0
12 send 14 2100 4 0
12 wait 15 13 2100
12 wait 15 13 2300
12 irecv 0 3100 648 0
12 irecv 8 3300 648 0
12 send 0 3300 16 0
12 send 8 3100 16 0
12 wait 1 13 3100
12 wait 9 13 3300
12 irecv 13 1100 648 0
12 irecv 13 1300 648 0
12 send 13 1300 1 0
12 send 13 1100 1 0
12 wait 14 13 1100
12 wait 14 13 1300
12 irecv 14 2100 648 0
12 irecv 14 2300 648 0
12 send 14 2300 3 0
12 send 14 2100 3 0
12 wait 15 13 2100
12 wait 15 13 2300
12 irecv 4 3100 648 0
12 irecv 4 3300 648 0
12 send 4 3300 9 0
12 send 4 3100 9 0
12 wait 5 13 3100
12 wait 5 13 3300
12 irecv 13 1100 648 0
12 irecv 13 1300 648 0
12 send 13 1300 1 0
12 send 13 1100 1 0
12 wait 14 13 1100
12 wait 14 13 1300
12 irecv 14 2100 648 0
12 irecv 14 2300 648 0
12 send 14 2300 3 0
12 send 14 2100 3 0
12 wait 15 13 2100
12 wait 15 13 2300
12 irecv 4 3100 648 0
12 irecv 4 3300 648 0
12 send 4 3300 9 0
12 send 4 3100 9 0
12 wait 5 13 3100
12 wait 5 13 3300
12 send 0 3300 32 0
12 send 8 3100 16 0
12 irecv 13 1100 648 0
12 irecv 13 1300 648 0
12 send 13 1300 2 0
12 send 13 1100 2 0
12 wait 14 13 1100
12 wait 14 13 1300
12 irecv 14 2100 648 0
12 irecv 14 2300 648 0
12 send 14 2300 4 0
12 send 14 2100 4 0
12 wait 15 13 2100
12 wait 15 13 2300
12 irecv 0 3100 648 0
12 irecv 8 3300 648 0
12 send 0 3300 16 0
12 send 8 3100 16 0
12 wait 1 13 3100
12 wait 9 13 3300
12 irecv 13 1100 648 0
12 irecv 13 1300 648 0
12 send 13 1300 2 0
12 send 13 1100 2 0
12 wait 14 13 1100
12 wait 14 13 1300
12 irecv 14 2100 648 0
12 irecv 14 2300 648 0
12 send 14 2300 4 0
12 send 14 2100 4 0
12 wait 15 13 2100
12 wait 15 13 2300
12 irecv 0 3100 648 0
12 irecv 8 3300 648 0
12 send 0 3300 16 0
12 send 8 3100 16 0
12 wait 1 13 3100
12 wait 9 13 3300
12 irecv 13 1100 648 0
12 irecv 13 1300 648 0
12 send 13 1300 8 0
12 send 13 1100 8 0
12 wait 14 13 1100
12 wait 14 13 1300
12 irecv 14 2100 648 0
12 irecv 14 2300 648 0
12 send 14 2300 12 0
12 send 14 2100 12 0
12 wait 15 13 2100
12 wait 15 13 2300
12 irecv 0 3100 648 0
12 irecv 8 3300 648 0
12 send 0 3300 36 0
12 send 8 3100 36 0
12 wait 1 13 3100
12 wait 9 13 3300
12 irecv 13 1100 648 0
12 irecv 13 1300 648 0
12 send 13 1300 8 0
12 send 13 1100 8 0
12 wait 14 13 1100
12 wait 14 13 1300
12 irecv 14 2100 648 0
12 irecv 14 2300 648 0
12 send 14 2300 12 0
12 send 14 2100 12 0
12 wait 15 13 2100
12 wait 15 13 2300
12 irecv 0 3100 648 0
12 irecv 8 3300 648 0
12 send 0 3300 36 0
12 send 8 3100 36 0
12 wait 1 13 3100
12 wait 9 13 3300
12 irecv 13 1100 648 0
12 irecv 13 1300 648 0
12 send 13 1300 32 0
12 send 13 1100 32 0
12 wait 14 13 1100
12 wait 14 13 1300
12 irecv 14 2100 648 0
12 irecv 14 2300 648 0
12 send 14 2300 40 0
12 send 14 2100 40 0
12 wait 15 13 2100
12 wait 15 13 2300
12 irecv 0 3100 648 0
12 irecv 8 3300 648 0
12 send 0 3300 100 0
12 send 8 3100 100 0
12 wait 1 13 3100
12 wait 9 13 3300
12 irecv 13 1100 648 0
12 irecv 13 1300 648 0
12 send 13 1300 32 0
12 send 13 1100 32 0
12 wait 14 13 1100
12 wait 14 13 1300
12 irecv 14 2100 648 0
12 irecv 14 2300 648 0
12 send 14 2300 40 0
12 send 14 2100 40 0
12 wait 15 13 2100
12 wait 15 13 2300
12 irecv 0 3100 648 0
12 irecv 8 3300 648 0
12 send 0 3300 100 0
12 send 8 3100 100 0
12 wait 1 13 3100
12 wait 9 13 3300
12 irecv 13 1100 648 0
12 irecv 13 1300 648 0
12 send 13 1300 128 0
12 send 13 1100 128 0
12 wait 14 13 1100
12 wait 14 13 1300
12 irecv 14 2100 648 0
12 irecv 14 2300 648 0
12 send 14 2300 144 0
12 send 14 2100 144 0
12 wait 15 13 2100
12 wait 15 13 2300
12 irecv 0 3100 648 0
12 irecv 8 3300 648 0
12 send 0 3300 324 0
12 send 8 3100 324 0
12 wait 1 13 3100
12 wait 9 13 3300
12 irecv 13 1100 648 0
12 irecv 13 1300 648 0
12 send 13 1300 128 0
12 send 13 1100 128 0
12 wait 14 13 1100
12 wait 14 13 1300
12 irecv 14 2100 648 0
12 irecv 14 2300 648 0
12 send 14 2300 144 0
12 send 14 2100 144 0
12 wait 15 13 2100
12 wait 15 13 2300
12 irecv 0 3100 648 0
12 irecv 8 3300 648 0
12 send 0 3300 324 0
12 send 8 3100 324 0
12 wait 1 13 3100
12 wait 9 13 3300
12 irecv 13 1100 648 0
12 irecv 13 1300 648 0
12 send 13 1300 128 0
12 send 13 1100 128 0
12 wait 14 13 1100
12 wait 14 13 1300
12 irecv 14 2100 648 0
12 irecv 14 2300 648 0
12 send 14 2300 144 0
12 send 14 2100 144 0
12 wait 15 13 2100
12 wait 15 13 2300
12 irecv 0 3100 648 0
12 irecv 8 3300 648 0
12 send 0 3300 324 0
12 send 8 3100 324 0
12 wait 1 13 3100
12 wait 9 13 3300
12 barrier
12 allreduce 1 0 0 
12 allreduce 4 0 1 
12 allreduce 1 0 0 
12 allreduce 4 0 1 
12 allreduce 1 0 0 
12 allreduce 4 0 1 
12 allreduce 1 0 0 
12 allreduce 4 0 1 
12 allreduce 1 0 0 
12 allreduce 4 0 1 
12 allreduce 1 0 0 
12 allreduce 4 0 1 
12 allreduce 1 0 0 
12 allreduce 4 0 1 
12 allreduce 1 0 0 
12 allreduce 4 0 1 
12 allreduce 1 0 0 
12 allreduce 4 0 1 
12 allreduce 1 0 0 
12 allreduce 4 0 1 
12 allreduce 1 0 0 
12 allreduce 4 0 1 
12 allreduce 1 0 0 
12 allreduce 4 0 1 
12 allreduce 1 0 0 
12 allreduce 4 0 1 
12 allreduce 1 0 0 
12 allreduce 4 0 1 
12 allreduce 1 0 0 
12 allreduce 4 0 1 
12 allreduce 1 0 0 
12 allreduce 4 0 1 
12 allreduce 1 0 0 
12 allreduce 4 0 1 
12 allreduce 1 0 0 
12 allreduce 4 0 1 
12 allreduce 1 0 0 
12 allreduce 4 0 1 
12 allreduce 1 0 0 
12 allreduce 4 0 1 
12 barrier
12 irecv 13 1100 648 0
12 irecv 13 1300 648 0
12 send 13 1300 128 0
12 send 13 1100 128 0
12 wait 14 13 1100
12 wait 14 13 1300
12 irecv 14 2100 648 0
12 irecv 14 2300 648 0
12 send 14 2300 144 0
12 send 14 2100 144 0
12 wait 15 13 2100
12 wait 15 13 2300
12 irecv 0 3100 648 0
12 irecv 8 3300 648 0
12 send 0 3300 324 0
12 send 8 3100 324 0
12 wait 1 13 3100
12 wait 9 13 3300
12 barrier
12 irecv 13 1100 648 0
12 irecv 13 1300 648 0
12 send 13 1300 128 0
12 send 13 1100 128 0
12 wait 14 13 1100
12 wait 14 13 1300
12 irecv 14 2100 648 0
12 irecv 14 2300 648 0
12 send 14 2300 144 0
12 send 14 2100 144 0
12 wait 15 13 2100
12 wait 15 13 2300
12 irecv 0 3100 648 0
12 irecv 8 3300 648 0
12 send 0 3300 324 0
12 send 8 3100 324 0
12 wait 1 13 3100
12 wait 9 13 3300
12 allreduce 1 0 0 
12 allreduce 1 0 0 
12 irecv 13 1100 648 0
12 irecv 13 1300 648 0
12 send 13 1300 32 0
12 send 13 1100 32 0
12 wait 14 13 1100
12 wait 14 13 1300
12 irecv 14 2100 648 0
12 irecv 14 2300 648 0
12 send 14 2300 40 0
12 send 14 2100 40 0
12 wait 15 13 2100
12 wait 15 13 2300
12 irecv 0 3100 648 0
12 irecv 8 3300 648 0
12 send 0 3300 100 0
12 send 8 3100 100 0
12 wait 1 13 3100
12 wait 9 13 3300
12 irecv 13 1100 648 0
12 irecv 13 1300 648 0
12 send 13 1300 8 0
12 send 13 1100 8 0
12 wait 14 13 1100
12 wait 14 13 1300
12 irecv 14 2100 648 0
12 irecv 14 2300 648 0
12 send 14 2300 12 0
12 send 14 2100 12 0
12 wait 15 13 2100
12 wait 15 13 2300
12 irecv 0 3100 648 0
12 irecv 8 3300 648 0
12 send 0 3300 36 0
12 send 8 3100 36 0
12 wait 1 13 3100
12 wait 9 13 3300
12 irecv 13 1100 648 0
12 irecv 13 1300 648 0
12 send 13 1300 2 0
12 send 13 1100 2 0
12 wait 14 13 1100
12 wait 14 13 1300
12 irecv 14 2100 648 0
12 irecv 14 2300 648 0
12 send 14 2300 4 0
12 send 14 2100 4 0
12 wait 15 13 2100
12 wait 15 13 2300
12 irecv 0 3100 648 0
12 irecv 8 3300 648 0
12 send 0 3300 16 0
12 send 8 3100 16 0
12 wait 1 13 3100
12 wait 9 13 3300
12 irecv 13 1100 648 0
12 irecv 13 1300 648 0
12 send 13 1300 1 0
12 send 13 1100 1 0
12 wait 14 13 1100
12 wait 14 13 1300
12 irecv 14 2100 648 0
12 irecv 14 2300 648 0
12 send 14 2300 3 0
12 send 14 2100 3 0
12 wait 15 13 2100
12 wait 15 13 2300
12 irecv 4 3100 648 0
12 irecv 4 3300 648 0
12 send 4 3300 9 0
12 send 4 3100 9 0
12 wait 5 13 3100
12 wait 5 13 3300
12 irecv 13 1100 648 0
12 irecv 13 1300 648 0
12 send 13 1300 1 0
12 send 13 1100 1 0
12 wait 14 13 1100
12 wait 14 13 1300
12 irecv 14 2100 648 0
12 irecv 14 2300 648 0
12 send 14 2300 3 0
12 send 14 2100 3 0
12 wait 15 13 2100
12 wait 15 13 2300
12 irecv 4 3100 648 0
12 irecv 4 3300 648 0
12 send 4 3300 9 0
12 send 4 3100 9 0
12 wait 5 13 3100
12 wait 5 13 3300
12 send 0 3300 32 0
12 send 8 3100 16 0
12 irecv 13 1100 648 0
12 irecv 13 1300 648 0
12 send 13 1300 2 0
12 send 13 1100 2 0
12 wait 14 13 1100
12 wait 14 13 1300
12 irecv 14 2100 648 0
12 irecv 14 2300 648 0
12 send 14 2300 4 0
12 send 14 2100 4 0
12 wait 15 13 2100
12 wait 15 13 2300
12 irecv 0 3100 648 0
12 irecv 8 3300 648 0
12 send 0 3300 16 0
12 send 8 3100 16 0
12 wait 1 13 3100
12 wait 9 13 3300
12 irecv 13 1100 648 0
12 irecv 13 1300 648 0
12 send 13 1300 2 0
12 send 13 1100 2 0
12 wait 14 13 1100
12 wait 14 13 1300
12 irecv 14 2100 648 0
12 irecv 14 2300 648 0
12 send 14 2300 4 0
12 send 14 2100 4 0
12 wait 15 13 2100
12 wait 15 13 2300
12 irecv 0 3100 648 0
12 irecv 8 3300 648 0
12 send 0 3300 16 0
12 send 8 3100 16 0
12 wait 1 13 3100
12 wait 9 13 3300
12 irecv 13 1100 648 0
12 irecv 13 1300 648 0
12 send 13 1300 8 0
12 send 13 1100 8 0
12 wait 14 13 1100
12 wait 14 13 1300
12 irecv 14 2100 648 0
12 irecv 14 2300 648 0
12 send 14 2300 12 0
12 send 14 2100 12 0
12 wait 15 13 2100
12 wait 15 13 2300
12 irecv 0 3100 648 0
12 irecv 8 3300 648 0
12 send 0 3300 36 0
12 send 8 3100 36 0
12 wait 1 13 3100
12 wait 9 13 3300
12 irecv 13 1100 648 0
12 irecv 13 1300 648 0
12 send 13 1300 8 0
12 send 13 1100 8 0
12 wait 14 13 1100
12 wait 14 13 1300
12 irecv 14 2100 648 0
12 irecv 14 2300 648 0
12 send 14 2300 12 0
12 send 14 2100 12 0
12 wait 15 13 2100
12 wait 15 13 2300
12 irecv 0 3100 648 0
12 irecv 8 3300 648 0
12 send 0 3300 36 0
12 send 8 3100 36 0
12 wait 1 13 3100
12 wait 9 13 3300
12 irecv 13 1100 648 0
12 irecv 13 1300 648 0
12 send 13 1300 32 0
12 send 13 1100 32 0
12 wait 14 13 1100
12 wait 14 13 1300
12 irecv 14 2100 648 0
12 irecv 14 2300 648 0
12 send 14 2300 40 0
12 send 14 2100 40 0
12 wait 15 13 2100
12 wait 15 13 2300
12 irecv 0 3100 648 0
12 irecv 8 3300 648 0
12 send 0 3300 100 0
12 send 8 3100 100 0
12 wait 1 13 3100
12 wait 9 13 3300
12 irecv 13 1100 648 0
12 irecv 13 1300 648 0
12 send 13 1300 32 0
12 send 13 1100 32 0
12 wait 14 13 1100
12 wait 14 13 1300
12 irecv 14 2100 648 0
12 irecv 14 2300 648 0
12 send 14 2300 40 0
12 send 14 2100 40 0
12 wait 15 13 2100
12 wait 15 13 2300
12 irecv 0 3100 648 0
12 irecv 8 3300 648 0
12 send 0 3300 100 0
12 send 8 3100 100 0
12 wait 1 13 3100
12 wait 9 13 3300
12 irecv 13 1100 648 0
12 irecv 13 1300 648 0
12 send 13 1300 128 0
12 send 13 1100 128 0
12 wait 14 13 1100
12 wait 14 13 1300
12 irecv 14 2100 648 0
12 irecv 14 2300 648 0
12 send 14 2300 144 0
12 send 14 2100 144 0
12 wait 15 13 2100
12 wait 15 13 2300
12 irecv 0 3100 648 0
12 irecv 8 3300 648 0
12 send 0 3300 324 0
12 send 8 3100 324 0
12 wait 1 13 3100
12 wait 9 13 3300
12 irecv 13 1100 648 0
12 irecv 13 1300 648 0
12 send 13 1300 128 0
12 send 13 1100 128 0
12 wait 14 13 1100
12 wait 14 13 1300
12 irecv 14 2100 648 0
12 irecv 14 2300 648 0
12 send 14 2300 144 0
12 send 14 2100 144 0
12 wait 15 13 2100
12 wait 15 13 2300
12 irecv 0 3100 648 0
12 irecv 8 3300 648 0
12 send 0 3300 324 0
12 send 8 3100 324 0
12 wait 1 13 3100
12 wait 9 13 3300
12 irecv 13 1100 648 0
12 irecv 13 1300 648 0
12 send 13 1300 128 0
12 send 13 1100 128 0
12 wait 14 13 1100
12 wait 14 13 1300
12 irecv 14 2100 648 0
12 irecv 14 2300 648 0
12 send 14 2300 144 0
12 send 14 2100 144 0
12 wait 15 13 2100
12 wait 15 13 2300
12 irecv 0 3100 648 0
12 irecv 8 3300 648 0
12 send 0 3300 324 0
12 send 8 3100 324 0
12 wait 1 13 3100
12 wait 9 13 3300
12 irecv 13 1100 648 0
12 irecv 13 1300 648 0
12 send 13 1300 32 0
12 send 13 1100 32 0
12 wait 14 13 1100
12 wait 14 13 1300
12 irecv 14 2100 648 0
12 irecv 14 2300 648 0
12 send 14 2300 40 0
12 send 14 2100 40 0
12 wait 15 13 2100
12 wait 15 13 2300
12 irecv 0 3100 648 0
12 irecv 8 3300 648 0
12 send 0 3300 100 0
12 send 8 3100 100 0
12 wait 1 13 3100
12 wait 9 13 3300
12 irecv 13 1100 648 0
12 irecv 13 1300 648 0
12 send 13 1300 8 0
12 send 13 1100 8 0
12 wait 14 13 1100
12 wait 14 13 1300
12 irecv 14 2100 648 0
12 irecv 14 2300 648 0
12 send 14 2300 12 0
12 send 14 2100 12 0
12 wait 15 13 2100
12 wait 15 13 2300
12 irecv 0 3100 648 0
12 irecv 8 3300 648 0
12 send 0 3300 36 0
12 send 8 3100 36 0
12 wait 1 13 3100
12 wait 9 13 3300
12 irecv 13 1100 648 0
12 irecv 13 1300 648 0
12 send 13 1300 2 0
12 send 13 1100 2 0
12 wait 14 13 1100
12 wait 14 13 1300
12 irecv 14 2100 648 0
12 irecv 14 2300 648 0
12 send 14 2300 4 0
12 send 14 2100 4 0
12 wait 15 13 2100
12 wait 15 13 2300
12 irecv 0 3100 648 0
12 irecv 8 3300 648 0
12 send 0 3300 16 0
12 send 8 3100 16 0
12 wait 1 13 3100
12 wait 9 13 3300
12 irecv 13 1100 648 0
12 irecv 13 1300 648 0
12 send 13 1300 1 0
12 send 13 1100 1 0
12 wait 14 13 1100
12 wait 14 13 1300
12 irecv 14 2100 648 0
12 irecv 14 2300 648 0
12 send 14 2300 3 0
12 send 14 2100 3 0
12 wait 15 13 2100
12 wait 15 13 2300
12 irecv 4 3100 648 0
12 irecv 4 3300 648 0
12 send 4 3300 9 0
12 send 4 3100 9 0
12 wait 5 13 3100
12 wait 5 13 3300
12 irecv 13 1100 648 0
12 irecv 13 1300 648 0
12 send 13 1300 1 0
12 send 13 1100 1 0
12 wait 14 13 1100
12 wait 14 13 1300
12 irecv 14 2100 648 0
12 irecv 14 2300 648 0
12 send 14 2300 3 0
12 send 14 2100 3 0
12 wait 15 13 2100
12 wait 15 13 2300
12 irecv 4 3100 648 0
12 irecv 4 3300 648 0
12 send 4 3300 9 0
12 send 4 3100 9 0
12 wait 5 13 3100
12 wait 5 13 3300
12 send 0 3300 32 0
12 send 8 3100 16 0
12 irecv 13 1100 648 0
12 irecv 13 1300 648 0
12 send 13 1300 2 0
12 send 13 1100 2 0
12 wait 14 13 1100
12 wait 14 13 1300
12 irecv 14 2100 648 0
12 irecv 14 2300 648 0
12 send 14 2300 4 0
12 send 14 2100 4 0
12 wait 15 13 2100
12 wait 15 13 2300
12 irecv 0 3100 648 0
12 irecv 8 3300 648 0
12 send 0 3300 16 0
12 send 8 3100 16 0
12 wait 1 13 3100
12 wait 9 13 3300
12 irecv 13 1100 648 0
12 irecv 13 1300 648 0
12 send 13 1300 2 0
12 send 13 1100 2 0
12 wait 14 13 1100
12 wait 14 13 1300
12 irecv 14 2100 648 0
12 irecv 14 2300 648 0
12 send 14 2300 4 0
12 send 14 2100 4 0
12 wait 15 13 2100
12 wait 15 13 2300
12 irecv 0 3100 648 0
12 irecv 8 3300 648 0
12 send 0 3300 16 0
12 send 8 3100 16 0
12 wait 1 13 3100
12 wait 9 13 3300
12 irecv 13 1100 648 0
12 irecv 13 1300 648 0
12 send 13 1300 8 0
12 send 13 1100 8 0
12 wait 14 13 1100
12 wait 14 13 1300
12 irecv 14 2100 648 0
12 irecv 14 2300 648 0
12 send 14 2300 12 0
12 send 14 2100 12 0
12 wait 15 13 2100
12 wait 15 13 2300
12 irecv 0 3100 648 0
12 irecv 8 3300 648 0
12 send 0 3300 36 0
12 send 8 3100 36 0
12 wait 1 13 3100
12 wait 9 13 3300
12 irecv 13 1100 648 0
12 irecv 13 1300 648 0
12 send 13 1300 8 0
12 send 13 1100 8 0
12 wait 14 13 1100
12 wait 14 13 1300
12 irecv 14 2100 648 0
12 irecv 14 2300 648 0
12 send 14 2300 12 0
12 send 14 2100 12 0
12 wait 15 13 2100
12 wait 15 13 2300
12 irecv 0 3100 648 0
12 irecv 8 3300 648 0
12 send 0 3300 36 0
12 send 8 3100 36 0
12 wait 1 13 3100
12 wait 9 13 3300
12 irecv 13 1100 648 0
12 irecv 13 1300 648 0
12 send 13 1300 32 0
12 send 13 1100 32 0
12 wait 14 13 1100
12 wait 14 13 1300
12 irecv 14 2100 648 0
12 irecv 14 2300 648 0
12 send 14 2300 40 0
12 send 14 2100 40 0
12 wait 15 13 2100
12 wait 15 13 2300
12 irecv 0 3100 648 0
12 irecv 8 3300 648 0
12 send 0 3300 100 0
12 send 8 3100 100 0
12 wait 1 13 3100
12 wait 9 13 3300
12 irecv 13 1100 648 0
12 irecv 13 1300 648 0
12 send 13 1300 32 0
12 send 13 1100 32 0
12 wait 14 13 1100
12 wait 14 13 1300
12 irecv 14 2100 648 0
12 irecv 14 2300 648 0
12 send 14 2300 40 0
12 send 14 2100 40 0
12 wait 15 13 2100
12 wait 15 13 2300
12 irecv 0 3100 648 0
12 irecv 8 3300 648 0
12 send 0 3300 100 0
12 send 8 3100 100 0
12 wait 1 13 3100
12 wait 9 13 3300
12 irecv 13 1100 648 0
12 irecv 13 1300 648 0
12 send 13 1300 128 0
12 send 13 1100 128 0
12 wait 14 13 1100
12 wait 14 13 1300
12 irecv 14 2100 648 0
12 irecv 14 2300 648 0
12 send 14 2300 144 0
12 send 14 2100 144 0
12 wait 15 13 2100
12 wait 15 13 2300
12 irecv 0 3100 648 0
12 irecv 8 3300 648 0
12 send 0 3300 324 0
12 send 8 3100 324 0
12 wait 1 13 3100
12 wait 9 13 3300
12 irecv 13 1100 648 0
12 irecv 13 1300 648 0
12 send 13 1300 128 0
12 send 13 1100 128 0
12 wait 14 13 1100
12 wait 14 13 1300
12 irecv 14 2100 648 0
12 irecv 14 2300 648 0
12 send 14 2300 144 0
12 send 14 2100 144 0
12 wait 15 13 2100
12 wait 15 13 2300
12 irecv 0 3100 648 0
12 irecv 8 3300 648 0
12 send 0 3300 324 0
12 send 8 3100 324 0
12 wait 1 13 3100
12 wait 9 13 3300
12 irecv 13 1100 648 0
12 irecv 13 1300 648 0
12 send 13 1300 128 0
12 send 13 1100 128 0
12 wait 14 13 1100
12 wait 14 13 1300
12 irecv 14 2100 648 0
12 irecv 14 2300 648 0
12 send 14 2300 144 0
12 send 14 2100 144 0
12 wait 15 13 2100
12 wait 15 13 2300
12 irecv 0 3100 648 0
12 irecv 8 3300 648 0
12 send 0 3300 324 0
12 send 8 3100 324 0
12 wait 1 13 3100
12 wait 9 13 3300
12 irecv 13 1100 648 0
12 irecv 13 1300 648 0
12 send 13 1300 32 0
12 send 13 1100 32 0
12 wait 14 13 1100
12 wait 14 13 1300
12 irecv 14 2100 648 0
12 irecv 14 2300 648 0
12 send 14 2300 40 0
12 send 14 2100 40 0
12 wait 15 13 2100
12 wait 15 13 2300
12 irecv 0 3100 648 0
12 irecv 8 3300 648 0
12 send 0 3300 100 0
12 send 8 3100 100 0
12 wait 1 13 3100
12 wait 9 13 3300
12 irecv 13 1100 648 0
12 irecv 13 1300 648 0
12 send 13 1300 8 0
12 send 13 1100 8 0
12 wait 14 13 1100
12 wait 14 13 1300
12 irecv 14 2100 648 0
12 irecv 14 2300 648 0
12 send 14 2300 12 0
12 send 14 2100 12 0
12 wait 15 13 2100
12 wait 15 13 2300
12 irecv 0 3100 648 0
12 irecv 8 3300 648 0
12 send 0 3300 36 0
12 send 8 3100 36 0
12 wait 1 13 3100
12 wait 9 13 3300
12 irecv 13 1100 648 0
12 irecv 13 1300 648 0
12 send 13 1300 2 0
12 send 13 1100 2 0
12 wait 14 13 1100
12 wait 14 13 1300
12 irecv 14 2100 648 0
12 irecv 14 2300 648 0
12 send 14 2300 4 0
12 send 14 2100 4 0
12 wait 15 13 2100
12 wait 15 13 2300
12 irecv 0 3100 648 0
12 irecv 8 3300 648 0
12 send 0 3300 16 0
12 send 8 3100 16 0
12 wait 1 13 3100
12 wait 9 13 3300
12 irecv 13 1100 648 0
12 irecv 13 1300 648 0
12 send 13 1300 1 0
12 send 13 1100 1 0
12 wait 14 13 1100
12 wait 14 13 1300
12 irecv 14 2100 648 0
12 irecv 14 2300 648 0
12 send 14 2300 3 0
12 send 14 2100 3 0
12 wait 15 13 2100
12 wait 15 13 2300
12 irecv 4 3100 648 0
12 irecv 4 3300 648 0
12 send 4 3300 9 0
12 send 4 3100 9 0
12 wait 5 13 3100
12 wait 5 13 3300
12 irecv 13 1100 648 0
12 irecv 13 1300 648 0
12 send 13 1300 1 0
12 send 13 1100 1 0
12 wait 14 13 1100
12 wait 14 13 1300
12 irecv 14 2100 648 0
12 irecv 14 2300 648 0
12 send 14 2300 3 0
12 send 14 2100 3 0
12 wait 15 13 2100
12 wait 15 13 2300
12 irecv 4 3100 648 0
12 irecv 4 3300 648 0
12 send 4 3300 9 0
12 send 4 3100 9 0
12 wait 5 13 3100
12 wait 5 13 3300
12 send 0 3300 32 0
12 send 8 3100 16 0
12 irecv 13 1100 648 0
12 irecv 13 1300 648 0
12 send 13 1300 2 0
12 send 13 1100 2 0
12 wait 14 13 1100
12 wait 14 13 1300
12 irecv 14 2100 648 0
12 irecv 14 2300 648 0
12 send 14 2300 4 0
12 send 14 2100 4 0
12 wait 15 13 2100
12 wait 15 13 2300
12 irecv 0 3100 648 0
12 irecv 8 3300 648 0
12 send 0 3300 16 0
12 send 8 3100 16 0
12 wait 1 13 3100
12 wait 9 13 3300
12 irecv 13 1100 648 0
12 irecv 13 1300 648 0
12 send 13 1300 2 0
12 send 13 1100 2 0
12 wait 14 13 1100
12 wait 14 13 1300
12 irecv 14 2100 648 0
12 irecv 14 2300 648 0
12 send 14 2300 4 0
12 send 14 2100 4 0
12 wait 15 13 2100
12 wait 15 13 2300
12 irecv 0 3100 648 0
12 irecv 8 3300 648 0
12 send 0 3300 16 0
12 send 8 3100 16 0
12 wait 1 13 3100
12 wait 9 13 3300
12 irecv 13 1100 648 0
12 irecv 13 1300 648 0
12 send 13 1300 8 0
12 send 13 1100 8 0
12 wait 14 13 1100
12 wait 14 13 1300
12 irecv 14 2100 648 0
12 irecv 14 2300 648 0
12 send 14 2300 12 0
12 send 14 2100 12 0
12 wait 15 13 2100
12 wait 15 13 2300
12 irecv 0 3100 648 0
12 irecv 8 3300 648 0
12 send 0 3300 36 0
12 send 8 3100 36 0
12 wait 1 13 3100
12 wait 9 13 3300
12 irecv 13 1100 648 0
12 irecv 13 1300 648 0
12 send 13 1300 8 0
12 send 13 1100 8 0
12 wait 14 13 1100
12 wait 14 13 1300
12 irecv 14 2100 648 0
12 irecv 14 2300 648 0
12 send 14 2300 12 0
12 send 14 2100 12 0
12 wait 15 13 2100
12 wait 15 13 2300
12 irecv 0 3100 648 0
12 irecv 8 3300 648 0
12 send 0 3300 36 0
12 send 8 3100 36 0
12 wait 1 13 3100
12 wait 9 13 3300
12 irecv 13 1100 648 0
12 irecv 13 1300 648 0
12 send 13 1300 32 0
12 send 13 1100 32 0
12 wait 14 13 1100
12 wait 14 13 1300
12 irecv 14 2100 648 0
12 irecv 14 2300 648 0
12 send 14 2300 40 0
12 send 14 2100 40 0
12 wait 15 13 2100
12 wait 15 13 2300
12 irecv 0 3100 648 0
12 irecv 8 3300 648 0
12 send 0 3300 100 0
12 send 8 3100 100 0
12 wait 1 13 3100
12 wait 9 13 3300
12 irecv 13 1100 648 0
12 irecv 13 1300 648 0
12 send 13 1300 32 0
12 send 13 1100 32 0
12 wait 14 13 1100
12 wait 14 13 1300
12 irecv 14 2100 648 0
12 irecv 14 2300 648 0
12 send 14 2300 40 0
12 send 14 2100 40 0
12 wait 15 13 2100
12 wait 15 13 2300
12 irecv 0 3100 648 0
12 irecv 8 3300 648 0
12 send 0 3300 100 0
12 send 8 3100 100 0
12 wait 1 13 3100
12 wait 9 13 3300
12 irecv 13 1100 648 0
12 irecv 13 1300 648 0
12 send 13 1300 128 0
12 send 13 1100 128 0
12 wait 14 13 1100
12 wait 14 13 1300
12 irecv 14 2100 648 0
12 irecv 14 2300 648 0
12 send 14 2300 144 0
12 send 14 2100 144 0
12 wait 15 13 2100
12 wait 15 13 2300
12 irecv 0 3100 648 0
12 irecv 8 3300 648 0
12 send 0 3300 324 0
12 send 8 3100 324 0
12 wait 1 13 3100
12 wait 9 13 3300
12 irecv 13 1100 648 0
12 irecv 13 1300 648 0
12 send 13 1300 128 0
12 send 13 1100 128 0
12 wait 14 13 1100
12 wait 14 13 1300
12 irecv 14 2100 648 0
12 irecv 14 2300 648 0
12 send 14 2300 144 0
12 send 14 2100 144 0
12 wait 15 13 2100
12 wait 15 13 2300
12 irecv 0 3100 648 0
12 irecv 8 3300 648 0
12 send 0 3300 324 0
12 send 8 3100 324 0
12 wait 1 13 3100
12 wait 9 13 3300
12 irecv 13 1100 648 0
12 irecv 13 1300 648 0
12 send 13 1300 128 0
12 send 13 1100 128 0
12 wait 14 13 1100
12 wait 14 13 1300
12 irecv 14 2100 648 0
12 irecv 14 2300 648 0
12 send 14 2300 144 0
12 send 14 2100 144 0
12 wait 15 13 2100
12 wait 15 13 2300
12 irecv 0 3100 648 0
12 irecv 8 3300 648 0
12 send 0 3300 324 0
12 send 8 3100 324 0
12 wait 1 13 3100
12 wait 9 13 3300
12 irecv 13 1100 648 0
12 irecv 13 1300 648 0
12 send 13 1300 32 0
12 send 13 1100 32 0
12 wait 14 13 1100
12 wait 14 13 1300
12 irecv 14 2100 648 0
12 irecv 14 2300 648 0
12 send 14 2300 40 0
12 send 14 2100 40 0
12 wait 15 13 2100
12 wait 15 13 2300
12 irecv 0 3100 648 0
12 irecv 8 3300 648 0
12 send 0 3300 100 0
12 send 8 3100 100 0
12 wait 1 13 3100
12 wait 9 13 3300
12 irecv 13 1100 648 0
12 irecv 13 1300 648 0
12 send 13 1300 8 0
12 send 13 1100 8 0
12 wait 14 13 1100
12 wait 14 13 1300
12 irecv 14 2100 648 0
12 irecv 14 2300 648 0
12 send 14 2300 12 0
12 send 14 2100 12 0
12 wait 15 13 2100
12 wait 15 13 2300
12 irecv 0 3100 648 0
12 irecv 8 3300 648 0
12 send 0 3300 36 0
12 send 8 3100 36 0
12 wait 1 13 3100
12 wait 9 13 3300
12 irecv 13 1100 648 0
12 irecv 13 1300 648 0
12 send 13 1300 2 0
12 send 13 1100 2 0
12 wait 14 13 1100
12 wait 14 13 1300
12 irecv 14 2100 648 0
12 irecv 14 2300 648 0
12 send 14 2300 4 0
12 send 14 2100 4 0
12 wait 15 13 2100
12 wait 15 13 2300
12 irecv 0 3100 648 0
12 irecv 8 3300 648 0
12 send 0 3300 16 0
12 send 8 3100 16 0
12 wait 1 13 3100
12 wait 9 13 3300
12 irecv 13 1100 648 0
12 irecv 13 1300 648 0
12 send 13 1300 1 0
12 send 13 1100 1 0
12 wait 14 13 1100
12 wait 14 13 1300
12 irecv 14 2100 648 0
12 irecv 14 2300 648 0
12 send 14 2300 3 0
12 send 14 2100 3 0
12 wait 15 13 2100
12 wait 15 13 2300
12 irecv 4 3100 648 0
12 irecv 4 3300 648 0
12 send 4 3300 9 0
12 send 4 3100 9 0
12 wait 5 13 3100
12 wait 5 13 3300
12 irecv 13 1100 648 0
12 irecv 13 1300 648 0
12 send 13 1300 1 0
12 send 13 1100 1 0
12 wait 14 13 1100
12 wait 14 13 1300
12 irecv 14 2100 648 0
12 irecv 14 2300 648 0
12 send 14 2300 3 0
12 send 14 2100 3 0
12 wait 15 13 2100
12 wait 15 13 2300
12 irecv 4 3100 648 0
12 irecv 4 3300 648 0
12 send 4 3300 9 0
12 send 4 3100 9 0
12 wait 5 13 3100
12 wait 5 13 3300
12 send 0 3300 32 0
12 send 8 3100 16 0
12 irecv 13 1100 648 0
12 irecv 13 1300 648 0
12 send 13 1300 2 0
12 send 13 1100 2 0
12 wait 14 13 1100
12 wait 14 13 1300
12 irecv 14 2100 648 0
12 irecv 14 2300 648 0
12 send 14 2300 4 0
12 send 14 2100 4 0
12 wait 15 13 2100
12 wait 15 13 2300
12 irecv 0 3100 648 0
12 irecv 8 3300 648 0
12 send 0 3300 16 0
12 send 8 3100 16 0
12 wait 1 13 3100
12 wait 9 13 3300
12 irecv 13 1100 648 0
12 irecv 13 1300 648 0
12 send 13 1300 2 0
12 send 13 1100 2 0
12 wait 14 13 1100
12 wait 14 13 1300
12 irecv 14 2100 648 0
12 irecv 14 2300 648 0
12 send 14 2300 4 0
12 send 14 2100 4 0
12 wait 15 13 2100
12 wait 15 13 2300
12 irecv 0 3100 648 0
12 irecv 8 3300 648 0
12 send 0 3300 16 0
12 send 8 3100 16 0
12 wait 1 13 3100
12 wait 9 13 3300
12 irecv 13 1100 648 0
12 irecv 13 1300 648 0
12 send 13 1300 8 0
12 send 13 1100 8 0
12 wait 14 13 1100
12 wait 14 13 1300
12 irecv 14 2100 648 0
12 irecv 14 2300 648 0
12 send 14 2300 12 0
12 send 14 2100 12 0
12 wait 15 13 2100
12 wait 15 13 2300
12 irecv 0 3100 648 0
12 irecv 8 3300 648 0
12 send 0 3300 36 0
12 send 8 3100 36 0
12 wait 1 13 3100
12 wait 9 13 3300
12 irecv 13 1100 648 0
12 irecv 13 1300 648 0
12 send 13 1300 8 0
12 send 13 1100 8 0
12 wait 14 13 1100
12 wait 14 13 1300
12 irecv 14 2100 648 0
12 irecv 14 2300 648 0
12 send 14 2300 12 0
12 send 14 2100 12 0
12 wait 15 13 2100
12 wait 15 13 2300
12 irecv 0 3100 648 0
12 irecv 8 3300 648 0
12 send 0 3300 36 0
12 send 8 3100 36 0
12 wait 1 13 3100
12 wait 9 13 3300
12 irecv 13 1100 648 0
12 irecv 13 1300 648 0
12 send 13 1300 32 0
12 send 13 1100 32 0
12 wait 14 13 1100
12 wait 14 13 1300
12 irecv 14 2100 648 0
12 irecv 14 2300 648 0
12 send 14 2300 40 0
12 send 14 2100 40 0
12 wait 15 13 2100
12 wait 15 13 2300
12 irecv 0 3100 648 0
12 irecv 8 3300 648 0
12 send 0 3300 100 0
12 send 8 3100 100 0
12 wait 1 13 3100
12 wait 9 13 3300
12 irecv 13 1100 648 0
12 irecv 13 1300 648 0
12 send 13 1300 32 0
12 send 13 1100 32 0
12 wait 14 13 1100
12 wait 14 13 1300
12 irecv 14 2100 648 0
12 irecv 14 2300 648 0
12 send 14 2300 40 0
12 send 14 2100 40 0
12 wait 15 13 2100
12 wait 15 13 2300
12 irecv 0 3100 648 0
12 irecv 8 3300 648 0
12 send 0 3300 100 0
12 send 8 3100 100 0
12 wait 1 13 3100
12 wait 9 13 3300
12 irecv 13 1100 648 0
12 irecv 13 1300 648 0
12 send 13 1300 128 0
12 send 13 1100 128 0
12 wait 14 13 1100
12 wait 14 13 1300
12 irecv 14 2100 648 0
12 irecv 14 2300 648 0
12 send 14 2300 144 0
12 send 14 2100 144 0
12 wait 15 13 2100
12 wait 15 13 2300
12 irecv 0 3100 648 0
12 irecv 8 3300 648 0
12 send 0 3300 324 0
12 send 8 3100 324 0
12 wait 1 13 3100
12 wait 9 13 3300
12 irecv 13 1100 648 0
12 irecv 13 1300 648 0
12 send 13 1300 128 0
12 send 13 1100 128 0
12 wait 14 13 1100
12 wait 14 13 1300
12 irecv 14 2100 648 0
12 irecv 14 2300 648 0
12 send 14 2300 144 0
12 send 14 2100 144 0
12 wait 15 13 2100
12 wait 15 13 2300
12 irecv 0 3100 648 0
12 irecv 8 3300 648 0
12 send 0 3300 324 0
12 send 8 3100 324 0
12 wait 1 13 3100
12 wait 9 13 3300
12 irecv 13 1100 648 0
12 irecv 13 1300 648 0
12 send 13 1300 128 0
12 send 13 1100 128 0
12 wait 14 13 1100
12 wait 14 13 1300
12 irecv 14 2100 648 0
12 irecv 14 2300 648 0
12 send 14 2300 144 0
12 send 14 2100 144 0
12 wait 15 13 2100
12 wait 15 13 2300
12 irecv 0 3100 648 0
12 irecv 8 3300 648 0
12 send 0 3300 324 0
12 send 8 3100 324 0
12 wait 1 13 3100
12 wait 9 13 3300
12 allreduce 1 0 0 
12 allreduce 1 0 0 
12 reduce 1 0 0 0 
12 finalize
