14 init
14 barrier
14 bcast 1 0 1 
14 bcast 1 0 1 
14 bcast 1 0 1 
14 bcast 1 0 1 
14 bcast 1 0 1 
14 bcast 8 0 1 
14 bcast 1 0 16 
14 barrier
14 allreduce 1 0 0 
14 allreduce 4 0 1 
14 allreduce 1 0 0 
14 allreduce 4 0 1 
14 allreduce 1 0 0 
14 allreduce 4 0 1 
14 allreduce 1 0 0 
14 allreduce 4 0 1 
14 allreduce 1 0 0 
14 allreduce 4 0 1 
14 allreduce 1 0 0 
14 allreduce 4 0 1 
14 allreduce 1 0 0 
14 allreduce 4 0 1 
14 allreduce 1 0 0 
14 allreduce 4 0 1 
14 allreduce 1 0 0 
14 allreduce 4 0 1 
14 allreduce 1 0 0 
14 allreduce 4 0 1 
14 allreduce 1 0 0 
14 allreduce 4 0 1 
14 allreduce 1 0 0 
14 allreduce 4 0 1 
14 allreduce 1 0 0 
14 allreduce 4 0 1 
14 allreduce 1 0 0 
14 allreduce 4 0 1 
14 allreduce 1 0 0 
14 allreduce 4 0 1 
14 allreduce 1 0 0 
14 allreduce 4 0 1 
14 allreduce 1 0 0 
14 allreduce 4 0 1 
14 allreduce 1 0 0 
14 allreduce 4 0 1 
14 allreduce 1 0 0 
14 allreduce 4 0 1 
14 allreduce 1 0 0 
14 allreduce 4 0 1 
14 barrier
14 irecv 15 1100 648 0
14 irecv 15 1300 648 0
14 send 15 1300 128 0
14 send 15 1100 128 0
14 wait 16 15 1100
14 wait 16 15 1300
14 irecv 12 2100 648 0
14 irecv 12 2300 648 0
14 send 12 2300 144 0
14 send 12 2100 144 0
14 wait 13 15 2100
14 wait 13 15 2300
14 irecv 2 3100 648 0
14 irecv 10 3300 648 0
14 send 2 3300 324 0
14 send 10 3100 324 0
14 wait 3 15 3100
14 wait 11 15 3300
14 allreduce 1 0 0 
14 allreduce 1 0 0 
14 irecv 15 1100 648 0
14 irecv 15 1300 648 0
14 send 15 1300 128 0
14 send 15 1100 128 0
14 wait 16 15 1100
14 wait 16 15 1300
14 irecv 12 2100 648 0
14 irecv 12 2300 648 0
14 send 12 2300 144 0
14 send 12 2100 144 0
14 wait 13 15 2100
14 wait 13 15 2300
14 irecv 2 3100 648 0
14 irecv 10 3300 648 0
14 send 2 3300 324 0
14 send 10 3100 324 0
14 wait 3 15 3100
14 wait 11 15 3300
14 allreduce 1 0 0 
14 allreduce 1 0 0 
14 irecv 15 1100 648 0
14 irecv 15 1300 648 0
14 send 15 1300 32 0
14 send 15 1100 32 0
14 wait 16 15 1100
14 wait 16 15 1300
14 irecv 12 2100 648 0
14 irecv 12 2300 648 0
14 send 12 2300 40 0
14 send 12 2100 40 0
14 wait 13 15 2100
14 wait 13 15 2300
14 irecv 2 3100 648 0
14 irecv 10 3300 648 0
14 send 2 3300 100 0
14 send 10 3100 100 0
14 wait 3 15 3100
14 wait 11 15 3300
14 irecv 15 1100 648 0
14 irecv 15 1300 648 0
14 send 15 1300 8 0
14 send 15 1100 8 0
14 wait 16 15 1100
14 wait 16 15 1300
14 irecv 12 2100 648 0
14 irecv 12 2300 648 0
14 send 12 2300 12 0
14 send 12 2100 12 0
14 wait 13 15 2100
14 wait 13 15 2300
14 irecv 2 3100 648 0
14 irecv 10 3300 648 0
14 send 2 3300 36 0
14 send 10 3100 36 0
14 wait 3 15 3100
14 wait 11 15 3300
14 irecv 15 1100 648 0
14 irecv 15 1300 648 0
14 send 15 1300 2 0
14 send 15 1100 2 0
14 wait 16 15 1100
14 wait 16 15 1300
14 irecv 12 2100 648 0
14 irecv 12 2300 648 0
14 send 12 2300 4 0
14 send 12 2100 4 0
14 wait 13 15 2100
14 wait 13 15 2300
14 irecv 2 3100 648 0
14 irecv 10 3300 648 0
14 send 2 3300 16 0
14 send 10 3100 16 0
14 wait 3 15 3100
14 wait 11 15 3300
14 irecv 15 1100 648 0
14 irecv 15 1300 648 0
14 send 15 1300 1 0
14 send 15 1100 1 0
14 wait 16 15 1100
14 wait 16 15 1300
14 irecv 12 2100 648 0
14 irecv 12 2300 648 0
14 send 12 2300 3 0
14 send 12 2100 3 0
14 wait 13 15 2100
14 wait 13 15 2300
14 irecv 6 3100 648 0
14 irecv 6 3300 648 0
14 send 6 3300 9 0
14 send 6 3100 9 0
14 wait 7 15 3100
14 wait 7 15 3300
14 irecv 15 1100 648 0
14 irecv 15 1300 648 0
14 send 15 1300 1 0
14 send 15 1100 1 0
14 wait 16 15 1100
14 wait 16 15 1300
14 irecv 12 2100 648 0
14 irecv 12 2300 648 0
14 send 12 2300 3 0
14 send 12 2100 3 0
14 wait 13 15 2100
14 wait 13 15 2300
14 irecv 6 3100 648 0
14 irecv 6 3300 648 0
14 send 6 3300 9 0
14 send 6 3100 9 0
14 wait 7 15 3100
14 wait 7 15 3300
14 send 2 3300 32 0
14 send 10 3100 16 0
14 irecv 15 1100 648 0
14 irecv 15 1300 648 0
14 send 15 1300 2 0
14 send 15 1100 2 0
14 wait 16 15 1100
14 wait 16 15 1300
14 irecv 12 2100 648 0
14 irecv 12 2300 648 0
14 send 12 2300 4 0
14 send 12 2100 4 0
14 wait 13 15 2100
14 wait 13 15 2300
14 irecv 2 3100 648 0
14 irecv 10 3300 648 0
14 send 2 3300 16 0
14 send 10 3100 16 0
14 wait 3 15 3100
14 wait 11 15 3300
14 irecv 15 1100 648 0
14 irecv 15 1300 648 0
14 send 15 1300 2 0
14 send 15 1100 2 0
14 wait 16 15 1100
14 wait 16 15 1300
14 irecv 12 2100 648 0
14 irecv 12 2300 648 0
14 send 12 2300 4 0
14 send 12 2100 4 0
14 wait 13 15 2100
14 wait 13 15 2300
14 irecv 2 3100 648 0
14 irecv 10 3300 648 0
14 send 2 3300 16 0
14 send 10 3100 16 0
14 wait 3 15 3100
14 wait 11 15 3300
14 irecv 15 1100 648 0
14 irecv 15 1300 648 0
14 send 15 1300 8 0
14 send 15 1100 8 0
14 wait 16 15 1100
14 wait 16 15 1300
14 irecv 12 2100 648 0
14 irecv 12 2300 648 0
14 send 12 2300 12 0
14 send 12 2100 12 0
14 wait 13 15 2100
14 wait 13 15 2300
14 irecv 2 3100 648 0
14 irecv 10 3300 648 0
14 send 2 3300 36 0
14 send 10 3100 36 0
14 wait 3 15 3100
14 wait 11 15 3300
14 irecv 15 1100 648 0
14 irecv 15 1300 648 0
14 send 15 1300 8 0
14 send 15 1100 8 0
14 wait 16 15 1100
14 wait 16 15 1300
14 irecv 12 2100 648 0
14 irecv 12 2300 648 0
14 send 12 2300 12 0
14 send 12 2100 12 0
14 wait 13 15 2100
14 wait 13 15 2300
14 irecv 2 3100 648 0
14 irecv 10 3300 648 0
14 send 2 3300 36 0
14 send 10 3100 36 0
14 wait 3 15 3100
14 wait 11 15 3300
14 irecv 15 1100 648 0
14 irecv 15 1300 648 0
14 send 15 1300 32 0
14 send 15 1100 32 0
14 wait 16 15 1100
14 wait 16 15 1300
14 irecv 12 2100 648 0
14 irecv 12 2300 648 0
14 send 12 2300 40 0
14 send 12 2100 40 0
14 wait 13 15 2100
14 wait 13 15 2300
14 irecv 2 3100 648 0
14 irecv 10 3300 648 0
14 send 2 3300 100 0
14 send 10 3100 100 0
14 wait 3 15 3100
14 wait 11 15 3300
14 irecv 15 1100 648 0
14 irecv 15 1300 648 0
14 send 15 1300 32 0
14 send 15 1100 32 0
14 wait 16 15 1100
14 wait 16 15 1300
14 irecv 12 2100 648 0
14 irecv 12 2300 648 0
14 send 12 2300 40 0
14 send 12 2100 40 0
14 wait 13 15 2100
14 wait 13 15 2300
14 irecv 2 3100 648 0
14 irecv 10 3300 648 0
14 send 2 3300 100 0
14 send 10 3100 100 0
14 wait 3 15 3100
14 wait 11 15 3300
14 irecv 15 1100 648 0
14 irecv 15 1300 648 0
14 send 15 1300 128 0
14 send 15 1100 128 0
14 wait 16 15 1100
14 wait 16 15 1300
14 irecv 12 2100 648 0
14 irecv 12 2300 648 0
14 send 12 2300 144 0
14 send 12 2100 144 0
14 wait 13 15 2100
14 wait 13 15 2300
14 irecv 2 3100 648 0
14 irecv 10 3300 648 0
14 send 2 3300 324 0
14 send 10 3100 324 0
14 wait 3 15 3100
14 wait 11 15 3300
14 irecv 15 1100 648 0
14 irecv 15 1300 648 0
14 send 15 1300 128 0
14 send 15 1100 128 0
14 wait 16 15 1100
14 wait 16 15 1300
14 irecv 12 2100 648 0
14 irecv 12 2300 648 0
14 send 12 2300 144 0
14 send 12 2100 144 0
14 wait 13 15 2100
14 wait 13 15 2300
14 irecv 2 3100 648 0
14 irecv 10 3300 648 0
14 send 2 3300 324 0
14 send 10 3100 324 0
14 wait 3 15 3100
14 wait 11 15 3300
14 irecv 15 1100 648 0
14 irecv 15 1300 648 0
14 send 15 1300 128 0
14 send 15 1100 128 0
14 wait 16 15 1100
14 wait 16 15 1300
14 irecv 12 2100 648 0
14 irecv 12 2300 648 0
14 send 12 2300 144 0
14 send 12 2100 144 0
14 wait 13 15 2100
14 wait 13 15 2300
14 irecv 2 3100 648 0
14 irecv 10 3300 648 0
14 send 2 3300 324 0
14 send 10 3100 324 0
14 wait 3 15 3100
14 wait 11 15 3300
14 barrier
14 allreduce 1 0 0 
14 allreduce 4 0 1 
14 allreduce 1 0 0 
14 allreduce 4 0 1 
14 allreduce 1 0 0 
14 allreduce 4 0 1 
14 allreduce 1 0 0 
14 allreduce 4 0 1 
14 allreduce 1 0 0 
14 allreduce 4 0 1 
14 allreduce 1 0 0 
14 allreduce 4 0 1 
14 allreduce 1 0 0 
14 allreduce 4 0 1 
14 allreduce 1 0 0 
14 allreduce 4 0 1 
14 allreduce 1 0 0 
14 allreduce 4 0 1 
14 allreduce 1 0 0 
14 allreduce 4 0 1 
14 allreduce 1 0 0 
14 allreduce 4 0 1 
14 allreduce 1 0 0 
14 allreduce 4 0 1 
14 allreduce 1 0 0 
14 allreduce 4 0 1 
14 allreduce 1 0 0 
14 allreduce 4 0 1 
14 allreduce 1 0 0 
14 allreduce 4 0 1 
14 allreduce 1 0 0 
14 allreduce 4 0 1 
14 allreduce 1 0 0 
14 allreduce 4 0 1 
14 allreduce 1 0 0 
14 allreduce 4 0 1 
14 allreduce 1 0 0 
14 allreduce 4 0 1 
14 allreduce 1 0 0 
14 allreduce 4 0 1 
14 barrier
14 irecv 15 1100 648 0
14 irecv 15 1300 648 0
14 send 15 1300 128 0
14 send 15 1100 128 0
14 wait 16 15 1100
14 wait 16 15 1300
14 irecv 12 2100 648 0
14 irecv 12 2300 648 0
14 send 12 2300 144 0
14 send 12 2100 144 0
14 wait 13 15 2100
14 wait 13 15 2300
14 irecv 2 3100 648 0
14 irecv 10 3300 648 0
14 send 2 3300 324 0
14 send 10 3100 324 0
14 wait 3 15 3100
14 wait 11 15 3300
14 barrier
14 irecv 15 1100 648 0
14 irecv 15 1300 648 0
14 send 15 1300 128 0
14 send 15 1100 128 0
14 wait 16 15 1100
14 wait 16 15 1300
14 irecv 12 2100 648 0
14 irecv 12 2300 648 0
14 send 12 2300 144 0
14 send 12 2100 144 0
14 wait 13 15 2100
14 wait 13 15 2300
14 irecv 2 3100 648 0
14 irecv 10 3300 648 0
14 send 2 3300 324 0
14 send 10 3100 324 0
14 wait 3 15 3100
14 wait 11 15 3300
14 allreduce 1 0 0 
14 allreduce 1 0 0 
14 irecv 15 1100 648 0
14 irecv 15 1300 648 0
14 send 15 1300 32 0
14 send 15 1100 32 0
14 wait 16 15 1100
14 wait 16 15 1300
14 irecv 12 2100 648 0
14 irecv 12 2300 648 0
14 send 12 2300 40 0
14 send 12 2100 40 0
14 wait 13 15 2100
14 wait 13 15 2300
14 irecv 2 3100 648 0
14 irecv 10 3300 648 0
14 send 2 3300 100 0
14 send 10 3100 100 0
14 wait 3 15 3100
14 wait 11 15 3300
14 irecv 15 1100 648 0
14 irecv 15 1300 648 0
14 send 15 1300 8 0
14 send 15 1100 8 0
14 wait 16 15 1100
14 wait 16 15 1300
14 irecv 12 2100 648 0
14 irecv 12 2300 648 0
14 send 12 2300 12 0
14 send 12 2100 12 0
14 wait 13 15 2100
14 wait 13 15 2300
14 irecv 2 3100 648 0
14 irecv 10 3300 648 0
14 send 2 3300 36 0
14 send 10 3100 36 0
14 wait 3 15 3100
14 wait 11 15 3300
14 irecv 15 1100 648 0
14 irecv 15 1300 648 0
14 send 15 1300 2 0
14 send 15 1100 2 0
14 wait 16 15 1100
14 wait 16 15 1300
14 irecv 12 2100 648 0
14 irecv 12 2300 648 0
14 send 12 2300 4 0
14 send 12 2100 4 0
14 wait 13 15 2100
14 wait 13 15 2300
14 irecv 2 3100 648 0
14 irecv 10 3300 648 0
14 send 2 3300 16 0
14 send 10 3100 16 0
14 wait 3 15 3100
14 wait 11 15 3300
14 irecv 15 1100 648 0
14 irecv 15 1300 648 0
14 send 15 1300 1 0
14 send 15 1100 1 0
14 wait 16 15 1100
14 wait 16 15 1300
14 irecv 12 2100 648 0
14 irecv 12 2300 648 0
14 send 12 2300 3 0
14 send 12 2100 3 0
14 wait 13 15 2100
14 wait 13 15 2300
14 irecv 6 3100 648 0
14 irecv 6 3300 648 0
14 send 6 3300 9 0
14 send 6 3100 9 0
14 wait 7 15 3100
14 wait 7 15 3300
14 irecv 15 1100 648 0
14 irecv 15 1300 648 0
14 send 15 1300 1 0
14 send 15 1100 1 0
14 wait 16 15 1100
14 wait 16 15 1300
14 irecv 12 2100 648 0
14 irecv 12 2300 648 0
14 send 12 2300 3 0
14 send 12 2100 3 0
14 wait 13 15 2100
14 wait 13 15 2300
14 irecv 6 3100 648 0
14 irecv 6 3300 648 0
14 send 6 3300 9 0
14 send 6 3100 9 0
14 wait 7 15 3100
14 wait 7 15 3300
14 send 2 3300 32 0
14 send 10 3100 16 0
14 irecv 15 1100 648 0
14 irecv 15 1300 648 0
14 send 15 1300 2 0
14 send 15 1100 2 0
14 wait 16 15 1100
14 wait 16 15 1300
14 irecv 12 2100 648 0
14 irecv 12 2300 648 0
14 send 12 2300 4 0
14 send 12 2100 4 0
14 wait 13 15 2100
14 wait 13 15 2300
14 irecv 2 3100 648 0
14 irecv 10 3300 648 0
14 send 2 3300 16 0
14 send 10 3100 16 0
14 wait 3 15 3100
14 wait 11 15 3300
14 irecv 15 1100 648 0
14 irecv 15 1300 648 0
14 send 15 1300 2 0
14 send 15 1100 2 0
14 wait 16 15 1100
14 wait 16 15 1300
14 irecv 12 2100 648 0
14 irecv 12 2300 648 0
14 send 12 2300 4 0
14 send 12 2100 4 0
14 wait 13 15 2100
14 wait 13 15 2300
14 irecv 2 3100 648 0
14 irecv 10 3300 648 0
14 send 2 3300 16 0
14 send 10 3100 16 0
14 wait 3 15 3100
14 wait 11 15 3300
14 irecv 15 1100 648 0
14 irecv 15 1300 648 0
14 send 15 1300 8 0
14 send 15 1100 8 0
14 wait 16 15 1100
14 wait 16 15 1300
14 irecv 12 2100 648 0
14 irecv 12 2300 648 0
14 send 12 2300 12 0
14 send 12 2100 12 0
14 wait 13 15 2100
14 wait 13 15 2300
14 irecv 2 3100 648 0
14 irecv 10 3300 648 0
14 send 2 3300 36 0
14 send 10 3100 36 0
14 wait 3 15 3100
14 wait 11 15 3300
14 irecv 15 1100 648 0
14 irecv 15 1300 648 0
14 send 15 1300 8 0
14 send 15 1100 8 0
14 wait 16 15 1100
14 wait 16 15 1300
14 irecv 12 2100 648 0
14 irecv 12 2300 648 0
14 send 12 2300 12 0
14 send 12 2100 12 0
14 wait 13 15 2100
14 wait 13 15 2300
14 irecv 2 3100 648 0
14 irecv 10 3300 648 0
14 send 2 3300 36 0
14 send 10 3100 36 0
14 wait 3 15 3100
14 wait 11 15 3300
14 irecv 15 1100 648 0
14 irecv 15 1300 648 0
14 send 15 1300 32 0
14 send 15 1100 32 0
14 wait 16 15 1100
14 wait 16 15 1300
14 irecv 12 2100 648 0
14 irecv 12 2300 648 0
14 send 12 2300 40 0
14 send 12 2100 40 0
14 wait 13 15 2100
14 wait 13 15 2300
14 irecv 2 3100 648 0
14 irecv 10 3300 648 0
14 send 2 3300 100 0
14 send 10 3100 100 0
14 wait 3 15 3100
14 wait 11 15 3300
14 irecv 15 1100 648 0
14 irecv 15 1300 648 0
14 send 15 1300 32 0
14 send 15 1100 32 0
14 wait 16 15 1100
14 wait 16 15 1300
14 irecv 12 2100 648 0
14 irecv 12 2300 648 0
14 send 12 2300 40 0
14 send 12 2100 40 0
14 wait 13 15 2100
14 wait 13 15 2300
14 irecv 2 3100 648 0
14 irecv 10 3300 648 0
14 send 2 3300 100 0
14 send 10 3100 100 0
14 wait 3 15 3100
14 wait 11 15 3300
14 irecv 15 1100 648 0
14 irecv 15 1300 648 0
14 send 15 1300 128 0
14 send 15 1100 128 0
14 wait 16 15 1100
14 wait 16 15 1300
14 irecv 12 2100 648 0
14 irecv 12 2300 648 0
14 send 12 2300 144 0
14 send 12 2100 144 0
14 wait 13 15 2100
14 wait 13 15 2300
14 irecv 2 3100 648 0
14 irecv 10 3300 648 0
14 send 2 3300 324 0
14 send 10 3100 324 0
14 wait 3 15 3100
14 wait 11 15 3300
14 irecv 15 1100 648 0
14 irecv 15 1300 648 0
14 send 15 1300 128 0
14 send 15 1100 128 0
14 wait 16 15 1100
14 wait 16 15 1300
14 irecv 12 2100 648 0
14 irecv 12 2300 648 0
14 send 12 2300 144 0
14 send 12 2100 144 0
14 wait 13 15 2100
14 wait 13 15 2300
14 irecv 2 3100 648 0
14 irecv 10 3300 648 0
14 send 2 3300 324 0
14 send 10 3100 324 0
14 wait 3 15 3100
14 wait 11 15 3300
14 irecv 15 1100 648 0
14 irecv 15 1300 648 0
14 send 15 1300 128 0
14 send 15 1100 128 0
14 wait 16 15 1100
14 wait 16 15 1300
14 irecv 12 2100 648 0
14 irecv 12 2300 648 0
14 send 12 2300 144 0
14 send 12 2100 144 0
14 wait 13 15 2100
14 wait 13 15 2300
14 irecv 2 3100 648 0
14 irecv 10 3300 648 0
14 send 2 3300 324 0
14 send 10 3100 324 0
14 wait 3 15 3100
14 wait 11 15 3300
14 irecv 15 1100 648 0
14 irecv 15 1300 648 0
14 send 15 1300 32 0
14 send 15 1100 32 0
14 wait 16 15 1100
14 wait 16 15 1300
14 irecv 12 2100 648 0
14 irecv 12 2300 648 0
14 send 12 2300 40 0
14 send 12 2100 40 0
14 wait 13 15 2100
14 wait 13 15 2300
14 irecv 2 3100 648 0
14 irecv 10 3300 648 0
14 send 2 3300 100 0
14 send 10 3100 100 0
14 wait 3 15 3100
14 wait 11 15 3300
14 irecv 15 1100 648 0
14 irecv 15 1300 648 0
14 send 15 1300 8 0
14 send 15 1100 8 0
14 wait 16 15 1100
14 wait 16 15 1300
14 irecv 12 2100 648 0
14 irecv 12 2300 648 0
14 send 12 2300 12 0
14 send 12 2100 12 0
14 wait 13 15 2100
14 wait 13 15 2300
14 irecv 2 3100 648 0
14 irecv 10 3300 648 0
14 send 2 3300 36 0
14 send 10 3100 36 0
14 wait 3 15 3100
14 wait 11 15 3300
14 irecv 15 1100 648 0
14 irecv 15 1300 648 0
14 send 15 1300 2 0
14 send 15 1100 2 0
14 wait 16 15 1100
14 wait 16 15 1300
14 irecv 12 2100 648 0
14 irecv 12 2300 648 0
14 send 12 2300 4 0
14 send 12 2100 4 0
14 wait 13 15 2100
14 wait 13 15 2300
14 irecv 2 3100 648 0
14 irecv 10 3300 648 0
14 send 2 3300 16 0
14 send 10 3100 16 0
14 wait 3 15 3100
14 wait 11 15 3300
14 irecv 15 1100 648 0
14 irecv 15 1300 648 0
14 send 15 1300 1 0
14 send 15 1100 1 0
14 wait 16 15 1100
14 wait 16 15 1300
14 irecv 12 2100 648 0
14 irecv 12 2300 648 0
14 send 12 2300 3 0
14 send 12 2100 3 0
14 wait 13 15 2100
14 wait 13 15 2300
14 irecv 6 3100 648 0
14 irecv 6 3300 648 0
14 send 6 3300 9 0
14 send 6 3100 9 0
14 wait 7 15 3100
14 wait 7 15 3300
14 irecv 15 1100 648 0
14 irecv 15 1300 648 0
14 send 15 1300 1 0
14 send 15 1100 1 0
14 wait 16 15 1100
14 wait 16 15 1300
14 irecv 12 2100 648 0
14 irecv 12 2300 648 0
14 send 12 2300 3 0
14 send 12 2100 3 0
14 wait 13 15 2100
14 wait 13 15 2300
14 irecv 6 3100 648 0
14 irecv 6 3300 648 0
14 send 6 3300 9 0
14 send 6 3100 9 0
14 wait 7 15 3100
14 wait 7 15 3300
14 send 2 3300 32 0
14 send 10 3100 16 0
14 irecv 15 1100 648 0
14 irecv 15 1300 648 0
14 send 15 1300 2 0
14 send 15 1100 2 0
14 wait 16 15 1100
14 wait 16 15 1300
14 irecv 12 2100 648 0
14 irecv 12 2300 648 0
14 send 12 2300 4 0
14 send 12 2100 4 0
14 wait 13 15 2100
14 wait 13 15 2300
14 irecv 2 3100 648 0
14 irecv 10 3300 648 0
14 send 2 3300 16 0
14 send 10 3100 16 0
14 wait 3 15 3100
14 wait 11 15 3300
14 irecv 15 1100 648 0
14 irecv 15 1300 648 0
14 send 15 1300 2 0
14 send 15 1100 2 0
14 wait 16 15 1100
14 wait 16 15 1300
14 irecv 12 2100 648 0
14 irecv 12 2300 648 0
14 send 12 2300 4 0
14 send 12 2100 4 0
14 wait 13 15 2100
14 wait 13 15 2300
14 irecv 2 3100 648 0
14 irecv 10 3300 648 0
14 send 2 3300 16 0
14 send 10 3100 16 0
14 wait 3 15 3100
14 wait 11 15 3300
14 irecv 15 1100 648 0
14 irecv 15 1300 648 0
14 send 15 1300 8 0
14 send 15 1100 8 0
14 wait 16 15 1100
14 wait 16 15 1300
14 irecv 12 2100 648 0
14 irecv 12 2300 648 0
14 send 12 2300 12 0
14 send 12 2100 12 0
14 wait 13 15 2100
14 wait 13 15 2300
14 irecv 2 3100 648 0
14 irecv 10 3300 648 0
14 send 2 3300 36 0
14 send 10 3100 36 0
14 wait 3 15 3100
14 wait 11 15 3300
14 irecv 15 1100 648 0
14 irecv 15 1300 648 0
14 send 15 1300 8 0
14 send 15 1100 8 0
14 wait 16 15 1100
14 wait 16 15 1300
14 irecv 12 2100 648 0
14 irecv 12 2300 648 0
14 send 12 2300 12 0
14 send 12 2100 12 0
14 wait 13 15 2100
14 wait 13 15 2300
14 irecv 2 3100 648 0
14 irecv 10 3300 648 0
14 send 2 3300 36 0
14 send 10 3100 36 0
14 wait 3 15 3100
14 wait 11 15 3300
14 irecv 15 1100 648 0
14 irecv 15 1300 648 0
14 send 15 1300 32 0
14 send 15 1100 32 0
14 wait 16 15 1100
14 wait 16 15 1300
14 irecv 12 2100 648 0
14 irecv 12 2300 648 0
14 send 12 2300 40 0
14 send 12 2100 40 0
14 wait 13 15 2100
14 wait 13 15 2300
14 irecv 2 3100 648 0
14 irecv 10 3300 648 0
14 send 2 3300 100 0
14 send 10 3100 100 0
14 wait 3 15 3100
14 wait 11 15 3300
14 irecv 15 1100 648 0
14 irecv 15 1300 648 0
14 send 15 1300 32 0
14 send 15 1100 32 0
14 wait 16 15 1100
14 wait 16 15 1300
14 irecv 12 2100 648 0
14 irecv 12 2300 648 0
14 send 12 2300 40 0
14 send 12 2100 40 0
14 wait 13 15 2100
14 wait 13 15 2300
14 irecv 2 3100 648 0
14 irecv 10 3300 648 0
14 send 2 3300 100 0
14 send 10 3100 100 0
14 wait 3 15 3100
14 wait 11 15 3300
14 irecv 15 1100 648 0
14 irecv 15 1300 648 0
14 send 15 1300 128 0
14 send 15 1100 128 0
14 wait 16 15 1100
14 wait 16 15 1300
14 irecv 12 2100 648 0
14 irecv 12 2300 648 0
14 send 12 2300 144 0
14 send 12 2100 144 0
14 wait 13 15 2100
14 wait 13 15 2300
14 irecv 2 3100 648 0
14 irecv 10 3300 648 0
14 send 2 3300 324 0
14 send 10 3100 324 0
14 wait 3 15 3100
14 wait 11 15 3300
14 irecv 15 1100 648 0
14 irecv 15 1300 648 0
14 send 15 1300 128 0
14 send 15 1100 128 0
14 wait 16 15 1100
14 wait 16 15 1300
14 irecv 12 2100 648 0
14 irecv 12 2300 648 0
14 send 12 2300 144 0
14 send 12 2100 144 0
14 wait 13 15 2100
14 wait 13 15 2300
14 irecv 2 3100 648 0
14 irecv 10 3300 648 0
14 send 2 3300 324 0
14 send 10 3100 324 0
14 wait 3 15 3100
14 wait 11 15 3300
14 irecv 15 1100 648 0
14 irecv 15 1300 648 0
14 send 15 1300 128 0
14 send 15 1100 128 0
14 wait 16 15 1100
14 wait 16 15 1300
14 irecv 12 2100 648 0
14 irecv 12 2300 648 0
14 send 12 2300 144 0
14 send 12 2100 144 0
14 wait 13 15 2100
14 wait 13 15 2300
14 irecv 2 3100 648 0
14 irecv 10 3300 648 0
14 send 2 3300 324 0
14 send 10 3100 324 0
14 wait 3 15 3100
14 wait 11 15 3300
14 irecv 15 1100 648 0
14 irecv 15 1300 648 0
14 send 15 1300 32 0
14 send 15 1100 32 0
14 wait 16 15 1100
14 wait 16 15 1300
14 irecv 12 2100 648 0
14 irecv 12 2300 648 0
14 send 12 2300 40 0
14 send 12 2100 40 0
14 wait 13 15 2100
14 wait 13 15 2300
14 irecv 2 3100 648 0
14 irecv 10 3300 648 0
14 send 2 3300 100 0
14 send 10 3100 100 0
14 wait 3 15 3100
14 wait 11 15 3300
14 irecv 15 1100 648 0
14 irecv 15 1300 648 0
14 send 15 1300 8 0
14 send 15 1100 8 0
14 wait 16 15 1100
14 wait 16 15 1300
14 irecv 12 2100 648 0
14 irecv 12 2300 648 0
14 send 12 2300 12 0
14 send 12 2100 12 0
14 wait 13 15 2100
14 wait 13 15 2300
14 irecv 2 3100 648 0
14 irecv 10 3300 648 0
14 send 2 3300 36 0
14 send 10 3100 36 0
14 wait 3 15 3100
14 wait 11 15 3300
14 irecv 15 1100 648 0
14 irecv 15 1300 648 0
14 send 15 1300 2 0
14 send 15 1100 2 0
14 wait 16 15 1100
14 wait 16 15 1300
14 irecv 12 2100 648 0
14 irecv 12 2300 648 0
14 send 12 2300 4 0
14 send 12 2100 4 0
14 wait 13 15 2100
14 wait 13 15 2300
14 irecv 2 3100 648 0
14 irecv 10 3300 648 0
14 send 2 3300 16 0
14 send 10 3100 16 0
14 wait 3 15 3100
14 wait 11 15 3300
14 irecv 15 1100 648 0
14 irecv 15 1300 648 0
14 send 15 1300 1 0
14 send 15 1100 1 0
14 wait 16 15 1100
14 wait 16 15 1300
14 irecv 12 2100 648 0
14 irecv 12 2300 648 0
14 send 12 2300 3 0
14 send 12 2100 3 0
14 wait 13 15 2100
14 wait 13 15 2300
14 irecv 6 3100 648 0
14 irecv 6 3300 648 0
14 send 6 3300 9 0
14 send 6 3100 9 0
14 wait 7 15 3100
14 wait 7 15 3300
14 irecv 15 1100 648 0
14 irecv 15 1300 648 0
14 send 15 1300 1 0
14 send 15 1100 1 0
14 wait 16 15 1100
14 wait 16 15 1300
14 irecv 12 2100 648 0
14 irecv 12 2300 648 0
14 send 12 2300 3 0
14 send 12 2100 3 0
14 wait 13 15 2100
14 wait 13 15 2300
14 irecv 6 3100 648 0
14 irecv 6 3300 648 0
14 send 6 3300 9 0
14 send 6 3100 9 0
14 wait 7 15 3100
14 wait 7 15 3300
14 send 2 3300 32 0
14 send 10 3100 16 0
14 irecv 15 1100 648 0
14 irecv 15 1300 648 0
14 send 15 1300 2 0
14 send 15 1100 2 0
14 wait 16 15 1100
14 wait 16 15 1300
14 irecv 12 2100 648 0
14 irecv 12 2300 648 0
14 send 12 2300 4 0
14 send 12 2100 4 0
14 wait 13 15 2100
14 wait 13 15 2300
14 irecv 2 3100 648 0
14 irecv 10 3300 648 0
14 send 2 3300 16 0
14 send 10 3100 16 0
14 wait 3 15 3100
14 wait 11 15 3300
14 irecv 15 1100 648 0
14 irecv 15 1300 648 0
14 send 15 1300 2 0
14 send 15 1100 2 0
14 wait 16 15 1100
14 wait 16 15 1300
14 irecv 12 2100 648 0
14 irecv 12 2300 648 0
14 send 12 2300 4 0
14 send 12 2100 4 0
14 wait 13 15 2100
14 wait 13 15 2300
14 irecv 2 3100 648 0
14 irecv 10 3300 648 0
14 send 2 3300 16 0
14 send 10 3100 16 0
14 wait 3 15 3100
14 wait 11 15 3300
14 irecv 15 1100 648 0
14 irecv 15 1300 648 0
14 send 15 1300 8 0
14 send 15 1100 8 0
14 wait 16 15 1100
14 wait 16 15 1300
14 irecv 12 2100 648 0
14 irecv 12 2300 648 0
14 send 12 2300 12 0
14 send 12 2100 12 0
14 wait 13 15 2100
14 wait 13 15 2300
14 irecv 2 3100 648 0
14 irecv 10 3300 648 0
14 send 2 3300 36 0
14 send 10 3100 36 0
14 wait 3 15 3100
14 wait 11 15 3300
14 irecv 15 1100 648 0
14 irecv 15 1300 648 0
14 send 15 1300 8 0
14 send 15 1100 8 0
14 wait 16 15 1100
14 wait 16 15 1300
14 irecv 12 2100 648 0
14 irecv 12 2300 648 0
14 send 12 2300 12 0
14 send 12 2100 12 0
14 wait 13 15 2100
14 wait 13 15 2300
14 irecv 2 3100 648 0
14 irecv 10 3300 648 0
14 send 2 3300 36 0
14 send 10 3100 36 0
14 wait 3 15 3100
14 wait 11 15 3300
14 irecv 15 1100 648 0
14 irecv 15 1300 648 0
14 send 15 1300 32 0
14 send 15 1100 32 0
14 wait 16 15 1100
14 wait 16 15 1300
14 irecv 12 2100 648 0
14 irecv 12 2300 648 0
14 send 12 2300 40 0
14 send 12 2100 40 0
14 wait 13 15 2100
14 wait 13 15 2300
14 irecv 2 3100 648 0
14 irecv 10 3300 648 0
14 send 2 3300 100 0
14 send 10 3100 100 0
14 wait 3 15 3100
14 wait 11 15 3300
14 irecv 15 1100 648 0
14 irecv 15 1300 648 0
14 send 15 1300 32 0
14 send 15 1100 32 0
14 wait 16 15 1100
14 wait 16 15 1300
14 irecv 12 2100 648 0
14 irecv 12 2300 648 0
14 send 12 2300 40 0
14 send 12 2100 40 0
14 wait 13 15 2100
14 wait 13 15 2300
14 irecv 2 3100 648 0
14 irecv 10 3300 648 0
14 send 2 3300 100 0
14 send 10 3100 100 0
14 wait 3 15 3100
14 wait 11 15 3300
14 irecv 15 1100 648 0
14 irecv 15 1300 648 0
14 send 15 1300 128 0
14 send 15 1100 128 0
14 wait 16 15 1100
14 wait 16 15 1300
14 irecv 12 2100 648 0
14 irecv 12 2300 648 0
14 send 12 2300 144 0
14 send 12 2100 144 0
14 wait 13 15 2100
14 wait 13 15 2300
14 irecv 2 3100 648 0
14 irecv 10 3300 648 0
14 send 2 3300 324 0
14 send 10 3100 324 0
14 wait 3 15 3100
14 wait 11 15 3300
14 irecv 15 1100 648 0
14 irecv 15 1300 648 0
14 send 15 1300 128 0
14 send 15 1100 128 0
14 wait 16 15 1100
14 wait 16 15 1300
14 irecv 12 2100 648 0
14 irecv 12 2300 648 0
14 send 12 2300 144 0
14 send 12 2100 144 0
14 wait 13 15 2100
14 wait 13 15 2300
14 irecv 2 3100 648 0
14 irecv 10 3300 648 0
14 send 2 3300 324 0
14 send 10 3100 324 0
14 wait 3 15 3100
14 wait 11 15 3300
14 irecv 15 1100 648 0
14 irecv 15 1300 648 0
14 send 15 1300 128 0
14 send 15 1100 128 0
14 wait 16 15 1100
14 wait 16 15 1300
14 irecv 12 2100 648 0
14 irecv 12 2300 648 0
14 send 12 2300 144 0
14 send 12 2100 144 0
14 wait 13 15 2100
14 wait 13 15 2300
14 irecv 2 3100 648 0
14 irecv 10 3300 648 0
14 send 2 3300 324 0
14 send 10 3100 324 0
14 wait 3 15 3100
14 wait 11 15 3300
14 irecv 15 1100 648 0
14 irecv 15 1300 648 0
14 send 15 1300 32 0
14 send 15 1100 32 0
14 wait 16 15 1100
14 wait 16 15 1300
14 irecv 12 2100 648 0
14 irecv 12 2300 648 0
14 send 12 2300 40 0
14 send 12 2100 40 0
14 wait 13 15 2100
14 wait 13 15 2300
14 irecv 2 3100 648 0
14 irecv 10 3300 648 0
14 send 2 3300 100 0
14 send 10 3100 100 0
14 wait 3 15 3100
14 wait 11 15 3300
14 irecv 15 1100 648 0
14 irecv 15 1300 648 0
14 send 15 1300 8 0
14 send 15 1100 8 0
14 wait 16 15 1100
14 wait 16 15 1300
14 irecv 12 2100 648 0
14 irecv 12 2300 648 0
14 send 12 2300 12 0
14 send 12 2100 12 0
14 wait 13 15 2100
14 wait 13 15 2300
14 irecv 2 3100 648 0
14 irecv 10 3300 648 0
14 send 2 3300 36 0
14 send 10 3100 36 0
14 wait 3 15 3100
14 wait 11 15 3300
14 irecv 15 1100 648 0
14 irecv 15 1300 648 0
14 send 15 1300 2 0
14 send 15 1100 2 0
14 wait 16 15 1100
14 wait 16 15 1300
14 irecv 12 2100 648 0
14 irecv 12 2300 648 0
14 send 12 2300 4 0
14 send 12 2100 4 0
14 wait 13 15 2100
14 wait 13 15 2300
14 irecv 2 3100 648 0
14 irecv 10 3300 648 0
14 send 2 3300 16 0
14 send 10 3100 16 0
14 wait 3 15 3100
14 wait 11 15 3300
14 irecv 15 1100 648 0
14 irecv 15 1300 648 0
14 send 15 1300 1 0
14 send 15 1100 1 0
14 wait 16 15 1100
14 wait 16 15 1300
14 irecv 12 2100 648 0
14 irecv 12 2300 648 0
14 send 12 2300 3 0
14 send 12 2100 3 0
14 wait 13 15 2100
14 wait 13 15 2300
14 irecv 6 3100 648 0
14 irecv 6 3300 648 0
14 send 6 3300 9 0
14 send 6 3100 9 0
14 wait 7 15 3100
14 wait 7 15 3300
14 irecv 15 1100 648 0
14 irecv 15 1300 648 0
14 send 15 1300 1 0
14 send 15 1100 1 0
14 wait 16 15 1100
14 wait 16 15 1300
14 irecv 12 2100 648 0
14 irecv 12 2300 648 0
14 send 12 2300 3 0
14 send 12 2100 3 0
14 wait 13 15 2100
14 wait 13 15 2300
14 irecv 6 3100 648 0
14 irecv 6 3300 648 0
14 send 6 3300 9 0
14 send 6 3100 9 0
14 wait 7 15 3100
14 wait 7 15 3300
14 send 2 3300 32 0
14 send 10 3100 16 0
14 irecv 15 1100 648 0
14 irecv 15 1300 648 0
14 send 15 1300 2 0
14 send 15 1100 2 0
14 wait 16 15 1100
14 wait 16 15 1300
14 irecv 12 2100 648 0
14 irecv 12 2300 648 0
14 send 12 2300 4 0
14 send 12 2100 4 0
14 wait 13 15 2100
14 wait 13 15 2300
14 irecv 2 3100 648 0
14 irecv 10 3300 648 0
14 send 2 3300 16 0
14 send 10 3100 16 0
14 wait 3 15 3100
14 wait 11 15 3300
14 irecv 15 1100 648 0
14 irecv 15 1300 648 0
14 send 15 1300 2 0
14 send 15 1100 2 0
14 wait 16 15 1100
14 wait 16 15 1300
14 irecv 12 2100 648 0
14 irecv 12 2300 648 0
14 send 12 2300 4 0
14 send 12 2100 4 0
14 wait 13 15 2100
14 wait 13 15 2300
14 irecv 2 3100 648 0
14 irecv 10 3300 648 0
14 send 2 3300 16 0
14 send 10 3100 16 0
14 wait 3 15 3100
14 wait 11 15 3300
14 irecv 15 1100 648 0
14 irecv 15 1300 648 0
14 send 15 1300 8 0
14 send 15 1100 8 0
14 wait 16 15 1100
14 wait 16 15 1300
14 irecv 12 2100 648 0
14 irecv 12 2300 648 0
14 send 12 2300 12 0
14 send 12 2100 12 0
14 wait 13 15 2100
14 wait 13 15 2300
14 irecv 2 3100 648 0
14 irecv 10 3300 648 0
14 send 2 3300 36 0
14 send 10 3100 36 0
14 wait 3 15 3100
14 wait 11 15 3300
14 irecv 15 1100 648 0
14 irecv 15 1300 648 0
14 send 15 1300 8 0
14 send 15 1100 8 0
14 wait 16 15 1100
14 wait 16 15 1300
14 irecv 12 2100 648 0
14 irecv 12 2300 648 0
14 send 12 2300 12 0
14 send 12 2100 12 0
14 wait 13 15 2100
14 wait 13 15 2300
14 irecv 2 3100 648 0
14 irecv 10 3300 648 0
14 send 2 3300 36 0
14 send 10 3100 36 0
14 wait 3 15 3100
14 wait 11 15 3300
14 irecv 15 1100 648 0
14 irecv 15 1300 648 0
14 send 15 1300 32 0
14 send 15 1100 32 0
14 wait 16 15 1100
14 wait 16 15 1300
14 irecv 12 2100 648 0
14 irecv 12 2300 648 0
14 send 12 2300 40 0
14 send 12 2100 40 0
14 wait 13 15 2100
14 wait 13 15 2300
14 irecv 2 3100 648 0
14 irecv 10 3300 648 0
14 send 2 3300 100 0
14 send 10 3100 100 0
14 wait 3 15 3100
14 wait 11 15 3300
14 irecv 15 1100 648 0
14 irecv 15 1300 648 0
14 send 15 1300 32 0
14 send 15 1100 32 0
14 wait 16 15 1100
14 wait 16 15 1300
14 irecv 12 2100 648 0
14 irecv 12 2300 648 0
14 send 12 2300 40 0
14 send 12 2100 40 0
14 wait 13 15 2100
14 wait 13 15 2300
14 irecv 2 3100 648 0
14 irecv 10 3300 648 0
14 send 2 3300 100 0
14 send 10 3100 100 0
14 wait 3 15 3100
14 wait 11 15 3300
14 irecv 15 1100 648 0
14 irecv 15 1300 648 0
14 send 15 1300 128 0
14 send 15 1100 128 0
14 wait 16 15 1100
14 wait 16 15 1300
14 irecv 12 2100 648 0
14 irecv 12 2300 648 0
14 send 12 2300 144 0
14 send 12 2100 144 0
14 wait 13 15 2100
14 wait 13 15 2300
14 irecv 2 3100 648 0
14 irecv 10 3300 648 0
14 send 2 3300 324 0
14 send 10 3100 324 0
14 wait 3 15 3100
14 wait 11 15 3300
14 irecv 15 1100 648 0
14 irecv 15 1300 648 0
14 send 15 1300 128 0
14 send 15 1100 128 0
14 wait 16 15 1100
14 wait 16 15 1300
14 irecv 12 2100 648 0
14 irecv 12 2300 648 0
14 send 12 2300 144 0
14 send 12 2100 144 0
14 wait 13 15 2100
14 wait 13 15 2300
14 irecv 2 3100 648 0
14 irecv 10 3300 648 0
14 send 2 3300 324 0
14 send 10 3100 324 0
14 wait 3 15 3100
14 wait 11 15 3300
14 irecv 15 1100 648 0
14 irecv 15 1300 648 0
14 send 15 1300 128 0
14 send 15 1100 128 0
14 wait 16 15 1100
14 wait 16 15 1300
14 irecv 12 2100 648 0
14 irecv 12 2300 648 0
14 send 12 2300 144 0
14 send 12 2100 144 0
14 wait 13 15 2100
14 wait 13 15 2300
14 irecv 2 3100 648 0
14 irecv 10 3300 648 0
14 send 2 3300 324 0
14 send 10 3100 324 0
14 wait 3 15 3100
14 wait 11 15 3300
14 allreduce 1 0 0 
14 allreduce 1 0 0 
14 reduce 1 0 0 0 
14 finalize
