9 init
9 barrier
9 bcast 1 0 1 
9 bcast 1 0 1 
9 bcast 1 0 1 
9 bcast 1 0 1 
9 bcast 1 0 1 
9 bcast 8 0 1 
9 bcast 1 0 16 
9 barrier
9 allreduce 1 0 0 
9 allreduce 4 0 1 
9 allreduce 1 0 0 
9 allreduce 4 0 1 
9 allreduce 1 0 0 
9 allreduce 4 0 1 
9 allreduce 1 0 0 
9 allreduce 4 0 1 
9 allreduce 1 0 0 
9 allreduce 4 0 1 
9 allreduce 1 0 0 
9 allreduce 4 0 1 
9 allreduce 1 0 0 
9 allreduce 4 0 1 
9 allreduce 1 0 0 
9 allreduce 4 0 1 
9 allreduce 1 0 0 
9 allreduce 4 0 1 
9 allreduce 1 0 0 
9 allreduce 4 0 1 
9 allreduce 1 0 0 
9 allreduce 4 0 1 
9 allreduce 1 0 0 
9 allreduce 4 0 1 
9 allreduce 1 0 0 
9 allreduce 4 0 1 
9 allreduce 1 0 0 
9 allreduce 4 0 1 
9 allreduce 1 0 0 
9 allreduce 4 0 1 
9 allreduce 1 0 0 
9 allreduce 4 0 1 
9 allreduce 1 0 0 
9 allreduce 4 0 1 
9 allreduce 1 0 0 
9 allreduce 4 0 1 
9 allreduce 1 0 0 
9 allreduce 4 0 1 
9 allreduce 1 0 0 
9 allreduce 4 0 1 
9 barrier
9 irecv 8 1100 648 0
9 irecv 8 1300 648 0
9 send 8 1300 128 0
9 send 8 1100 128 0
9 wait 9 10 1100
9 wait 9 10 1300
9 irecv 11 2100 648 0
9 irecv 11 2300 648 0
9 send 11 2300 144 0
9 send 11 2100 144 0
9 wait 12 10 2100
9 wait 12 10 2300
9 irecv 13 3100 648 0
9 irecv 5 3300 648 0
9 send 13 3300 324 0
9 send 5 3100 324 0
9 wait 14 10 3100
9 wait 6 10 3300
9 allreduce 1 0 0 
9 allreduce 1 0 0 
9 irecv 8 1100 648 0
9 irecv 8 1300 648 0
9 send 8 1300 128 0
9 send 8 1100 128 0
9 wait 9 10 1100
9 wait 9 10 1300
9 irecv 11 2100 648 0
9 irecv 11 2300 648 0
9 send 11 2300 144 0
9 send 11 2100 144 0
9 wait 12 10 2100
9 wait 12 10 2300
9 irecv 13 3100 648 0
9 irecv 5 3300 648 0
9 send 13 3300 324 0
9 send 5 3100 324 0
9 wait 14 10 3100
9 wait 6 10 3300
9 allreduce 1 0 0 
9 allreduce 1 0 0 
9 irecv 8 1100 648 0
9 irecv 8 1300 648 0
9 send 8 1300 32 0
9 send 8 1100 32 0
9 wait 9 10 1100
9 wait 9 10 1300
9 irecv 11 2100 648 0
9 irecv 11 2300 648 0
9 send 11 2300 40 0
9 send 11 2100 40 0
9 wait 12 10 2100
9 wait 12 10 2300
9 irecv 13 3100 648 0
9 irecv 5 3300 648 0
9 send 13 3300 100 0
9 send 5 3100 100 0
9 wait 14 10 3100
9 wait 6 10 3300
9 irecv 8 1100 648 0
9 irecv 8 1300 648 0
9 send 8 1300 8 0
9 send 8 1100 8 0
9 wait 9 10 1100
9 wait 9 10 1300
9 irecv 11 2100 648 0
9 irecv 11 2300 648 0
9 send 11 2300 12 0
9 send 11 2100 12 0
9 wait 12 10 2100
9 wait 12 10 2300
9 irecv 13 3100 648 0
9 irecv 5 3300 648 0
9 send 13 3300 36 0
9 send 5 3100 36 0
9 wait 14 10 3100
9 wait 6 10 3300
9 irecv 8 1100 648 0
9 irecv 8 1300 648 0
9 send 8 1300 2 0
9 send 8 1100 2 0
9 wait 9 10 1100
9 wait 9 10 1300
9 irecv 11 2100 648 0
9 irecv 11 2300 648 0
9 send 11 2300 4 0
9 send 11 2100 4 0
9 wait 12 10 2100
9 wait 12 10 2300
9 irecv 13 3100 648 0
9 irecv 5 3300 648 0
9 send 13 3300 16 0
9 send 5 3100 16 0
9 wait 14 10 3100
9 wait 6 10 3300
9 irecv 13 3100 648 0
9 irecv 5 3300 648 0
9 wait 14 10 3100
9 wait 6 10 3300
9 irecv 8 1100 648 0
9 irecv 8 1300 648 0
9 send 8 1300 2 0
9 send 8 1100 2 0
9 wait 9 10 1100
9 wait 9 10 1300
9 irecv 11 2100 648 0
9 irecv 11 2300 648 0
9 send 11 2300 4 0
9 send 11 2100 4 0
9 wait 12 10 2100
9 wait 12 10 2300
9 irecv 13 3100 648 0
9 irecv 5 3300 648 0
9 send 13 3300 16 0
9 send 5 3100 16 0
9 wait 14 10 3100
9 wait 6 10 3300
9 irecv 8 1100 648 0
9 irecv 8 1300 648 0
9 send 8 1300 2 0
9 send 8 1100 2 0
9 wait 9 10 1100
9 wait 9 10 1300
9 irecv 11 2100 648 0
9 irecv 11 2300 648 0
9 send 11 2300 4 0
9 send 11 2100 4 0
9 wait 12 10 2100
9 wait 12 10 2300
9 irecv 13 3100 648 0
9 irecv 5 3300 648 0
9 send 13 3300 16 0
9 send 5 3100 16 0
9 wait 14 10 3100
9 wait 6 10 3300
9 irecv 8 1100 648 0
9 irecv 8 1300 648 0
9 send 8 1300 8 0
9 send 8 1100 8 0
9 wait 9 10 1100
9 wait 9 10 1300
9 irecv 11 2100 648 0
9 irecv 11 2300 648 0
9 send 11 2300 12 0
9 send 11 2100 12 0
9 wait 12 10 2100
9 wait 12 10 2300
9 irecv 13 3100 648 0
9 irecv 5 3300 648 0
9 send 13 3300 36 0
9 send 5 3100 36 0
9 wait 14 10 3100
9 wait 6 10 3300
9 irecv 8 1100 648 0
9 irecv 8 1300 648 0
9 send 8 1300 8 0
9 send 8 1100 8 0
9 wait 9 10 1100
9 wait 9 10 1300
9 irecv 11 2100 648 0
9 irecv 11 2300 648 0
9 send 11 2300 12 0
9 send 11 2100 12 0
9 wait 12 10 2100
9 wait 12 10 2300
9 irecv 13 3100 648 0
9 irecv 5 3300 648 0
9 send 13 3300 36 0
9 send 5 3100 36 0
9 wait 14 10 3100
9 wait 6 10 3300
9 irecv 8 1100 648 0
9 irecv 8 1300 648 0
9 send 8 1300 32 0
9 send 8 1100 32 0
9 wait 9 10 1100
9 wait 9 10 1300
9 irecv 11 2100 648 0
9 irecv 11 2300 648 0
9 send 11 2300 40 0
9 send 11 2100 40 0
9 wait 12 10 2100
9 wait 12 10 2300
9 irecv 13 3100 648 0
9 irecv 5 3300 648 0
9 send 13 3300 100 0
9 send 5 3100 100 0
9 wait 14 10 3100
9 wait 6 10 3300
9 irecv 8 1100 648 0
9 irecv 8 1300 648 0
9 send 8 1300 32 0
9 send 8 1100 32 0
9 wait 9 10 1100
9 wait 9 10 1300
9 irecv 11 2100 648 0
9 irecv 11 2300 648 0
9 send 11 2300 40 0
9 send 11 2100 40 0
9 wait 12 10 2100
9 wait 12 10 2300
9 irecv 13 3100 648 0
9 irecv 5 3300 648 0
9 send 13 3300 100 0
9 send 5 3100 100 0
9 wait 14 10 3100
9 wait 6 10 3300
9 irecv 8 1100 648 0
9 irecv 8 1300 648 0
9 send 8 1300 128 0
9 send 8 1100 128 0
9 wait 9 10 1100
9 wait 9 10 1300
9 irecv 11 2100 648 0
9 irecv 11 2300 648 0
9 send 11 2300 144 0
9 send 11 2100 144 0
9 wait 12 10 2100
9 wait 12 10 2300
9 irecv 13 3100 648 0
9 irecv 5 3300 648 0
9 send 13 3300 324 0
9 send 5 3100 324 0
9 wait 14 10 3100
9 wait 6 10 3300
9 irecv 8 1100 648 0
9 irecv 8 1300 648 0
9 send 8 1300 128 0
9 send 8 1100 128 0
9 wait 9 10 1100
9 wait 9 10 1300
9 irecv 11 2100 648 0
9 irecv 11 2300 648 0
9 send 11 2300 144 0
9 send 11 2100 144 0
9 wait 12 10 2100
9 wait 12 10 2300
9 irecv 13 3100 648 0
9 irecv 5 3300 648 0
9 send 13 3300 324 0
9 send 5 3100 324 0
9 wait 14 10 3100
9 wait 6 10 3300
9 irecv 8 1100 648 0
9 irecv 8 1300 648 0
9 send 8 1300 128 0
9 send 8 1100 128 0
9 wait 9 10 1100
9 wait 9 10 1300
9 irecv 11 2100 648 0
9 irecv 11 2300 648 0
9 send 11 2300 144 0
9 send 11 2100 144 0
9 wait 12 10 2100
9 wait 12 10 2300
9 irecv 13 3100 648 0
9 irecv 5 3300 648 0
9 send 13 3300 324 0
9 send 5 3100 324 0
9 wait 14 10 3100
9 wait 6 10 3300
9 barrier
9 allreduce 1 0 0 
9 allreduce 4 0 1 
9 allreduce 1 0 0 
9 allreduce 4 0 1 
9 allreduce 1 0 0 
9 allreduce 4 0 1 
9 allreduce 1 0 0 
9 allreduce 4 0 1 
9 allreduce 1 0 0 
9 allreduce 4 0 1 
9 allreduce 1 0 0 
9 allreduce 4 0 1 
9 allreduce 1 0 0 
9 allreduce 4 0 1 
9 allreduce 1 0 0 
9 allreduce 4 0 1 
9 allreduce 1 0 0 
9 allreduce 4 0 1 
9 allreduce 1 0 0 
9 allreduce 4 0 1 
9 allreduce 1 0 0 
9 allreduce 4 0 1 
9 allreduce 1 0 0 
9 allreduce 4 0 1 
9 allreduce 1 0 0 
9 allreduce 4 0 1 
9 allreduce 1 0 0 
9 allreduce 4 0 1 
9 allreduce 1 0 0 
9 allreduce 4 0 1 
9 allreduce 1 0 0 
9 allreduce 4 0 1 
9 allreduce 1 0 0 
9 allreduce 4 0 1 
9 allreduce 1 0 0 
9 allreduce 4 0 1 
9 allreduce 1 0 0 
9 allreduce 4 0 1 
9 allreduce 1 0 0 
9 allreduce 4 0 1 
9 barrier
9 irecv 8 1100 648 0
9 irecv 8 1300 648 0
9 send 8 1300 128 0
9 send 8 1100 128 0
9 wait 9 10 1100
9 wait 9 10 1300
9 irecv 11 2100 648 0
9 irecv 11 2300 648 0
9 send 11 2300 144 0
9 send 11 2100 144 0
9 wait 12 10 2100
9 wait 12 10 2300
9 irecv 13 3100 648 0
9 irecv 5 3300 648 0
9 send 13 3300 324 0
9 send 5 3100 324 0
9 wait 14 10 3100
9 wait 6 10 3300
9 barrier
9 irecv 8 1100 648 0
9 irecv 8 1300 648 0
9 send 8 1300 128 0
9 send 8 1100 128 0
9 wait 9 10 1100
9 wait 9 10 1300
9 irecv 11 2100 648 0
9 irecv 11 2300 648 0
9 send 11 2300 144 0
9 send 11 2100 144 0
9 wait 12 10 2100
9 wait 12 10 2300
9 irecv 13 3100 648 0
9 irecv 5 3300 648 0
9 send 13 3300 324 0
9 send 5 3100 324 0
9 wait 14 10 3100
9 wait 6 10 3300
9 allreduce 1 0 0 
9 allreduce 1 0 0 
9 irecv 8 1100 648 0
9 irecv 8 1300 648 0
9 send 8 1300 32 0
9 send 8 1100 32 0
9 wait 9 10 1100
9 wait 9 10 1300
9 irecv 11 2100 648 0
9 irecv 11 2300 648 0
9 send 11 2300 40 0
9 send 11 2100 40 0
9 wait 12 10 2100
9 wait 12 10 2300
9 irecv 13 3100 648 0
9 irecv 5 3300 648 0
9 send 13 3300 100 0
9 send 5 3100 100 0
9 wait 14 10 3100
9 wait 6 10 3300
9 irecv 8 1100 648 0
9 irecv 8 1300 648 0
9 send 8 1300 8 0
9 send 8 1100 8 0
9 wait 9 10 1100
9 wait 9 10 1300
9 irecv 11 2100 648 0
9 irecv 11 2300 648 0
9 send 11 2300 12 0
9 send 11 2100 12 0
9 wait 12 10 2100
9 wait 12 10 2300
9 irecv 13 3100 648 0
9 irecv 5 3300 648 0
9 send 13 3300 36 0
9 send 5 3100 36 0
9 wait 14 10 3100
9 wait 6 10 3300
9 irecv 8 1100 648 0
9 irecv 8 1300 648 0
9 send 8 1300 2 0
9 send 8 1100 2 0
9 wait 9 10 1100
9 wait 9 10 1300
9 irecv 11 2100 648 0
9 irecv 11 2300 648 0
9 send 11 2300 4 0
9 send 11 2100 4 0
9 wait 12 10 2100
9 wait 12 10 2300
9 irecv 13 3100 648 0
9 irecv 5 3300 648 0
9 send 13 3300 16 0
9 send 5 3100 16 0
9 wait 14 10 3100
9 wait 6 10 3300
9 irecv 13 3100 648 0
9 irecv 5 3300 648 0
9 wait 14 10 3100
9 wait 6 10 3300
9 irecv 8 1100 648 0
9 irecv 8 1300 648 0
9 send 8 1300 2 0
9 send 8 1100 2 0
9 wait 9 10 1100
9 wait 9 10 1300
9 irecv 11 2100 648 0
9 irecv 11 2300 648 0
9 send 11 2300 4 0
9 send 11 2100 4 0
9 wait 12 10 2100
9 wait 12 10 2300
9 irecv 13 3100 648 0
9 irecv 5 3300 648 0
9 send 13 3300 16 0
9 send 5 3100 16 0
9 wait 14 10 3100
9 wait 6 10 3300
9 irecv 8 1100 648 0
9 irecv 8 1300 648 0
9 send 8 1300 2 0
9 send 8 1100 2 0
9 wait 9 10 1100
9 wait 9 10 1300
9 irecv 11 2100 648 0
9 irecv 11 2300 648 0
9 send 11 2300 4 0
9 send 11 2100 4 0
9 wait 12 10 2100
9 wait 12 10 2300
9 irecv 13 3100 648 0
9 irecv 5 3300 648 0
9 send 13 3300 16 0
9 send 5 3100 16 0
9 wait 14 10 3100
9 wait 6 10 3300
9 irecv 8 1100 648 0
9 irecv 8 1300 648 0
9 send 8 1300 8 0
9 send 8 1100 8 0
9 wait 9 10 1100
9 wait 9 10 1300
9 irecv 11 2100 648 0
9 irecv 11 2300 648 0
9 send 11 2300 12 0
9 send 11 2100 12 0
9 wait 12 10 2100
9 wait 12 10 2300
9 irecv 13 3100 648 0
9 irecv 5 3300 648 0
9 send 13 3300 36 0
9 send 5 3100 36 0
9 wait 14 10 3100
9 wait 6 10 3300
9 irecv 8 1100 648 0
9 irecv 8 1300 648 0
9 send 8 1300 8 0
9 send 8 1100 8 0
9 wait 9 10 1100
9 wait 9 10 1300
9 irecv 11 2100 648 0
9 irecv 11 2300 648 0
9 send 11 2300 12 0
9 send 11 2100 12 0
9 wait 12 10 2100
9 wait 12 10 2300
9 irecv 13 3100 648 0
9 irecv 5 3300 648 0
9 send 13 3300 36 0
9 send 5 3100 36 0
9 wait 14 10 3100
9 wait 6 10 3300
9 irecv 8 1100 648 0
9 irecv 8 1300 648 0
9 send 8 1300 32 0
9 send 8 1100 32 0
9 wait 9 10 1100
9 wait 9 10 1300
9 irecv 11 2100 648 0
9 irecv 11 2300 648 0
9 send 11 2300 40 0
9 send 11 2100 40 0
9 wait 12 10 2100
9 wait 12 10 2300
9 irecv 13 3100 648 0
9 irecv 5 3300 648 0
9 send 13 3300 100 0
9 send 5 3100 100 0
9 wait 14 10 3100
9 wait 6 10 3300
9 irecv 8 1100 648 0
9 irecv 8 1300 648 0
9 send 8 1300 32 0
9 send 8 1100 32 0
9 wait 9 10 1100
9 wait 9 10 1300
9 irecv 11 2100 648 0
9 irecv 11 2300 648 0
9 send 11 2300 40 0
9 send 11 2100 40 0
9 wait 12 10 2100
9 wait 12 10 2300
9 irecv 13 3100 648 0
9 irecv 5 3300 648 0
9 send 13 3300 100 0
9 send 5 3100 100 0
9 wait 14 10 3100
9 wait 6 10 3300
9 irecv 8 1100 648 0
9 irecv 8 1300 648 0
9 send 8 1300 128 0
9 send 8 1100 128 0
9 wait 9 10 1100
9 wait 9 10 1300
9 irecv 11 2100 648 0
9 irecv 11 2300 648 0
9 send 11 2300 144 0
9 send 11 2100 144 0
9 wait 12 10 2100
9 wait 12 10 2300
9 irecv 13 3100 648 0
9 irecv 5 3300 648 0
9 send 13 3300 324 0
9 send 5 3100 324 0
9 wait 14 10 3100
9 wait 6 10 3300
9 irecv 8 1100 648 0
9 irecv 8 1300 648 0
9 send 8 1300 128 0
9 send 8 1100 128 0
9 wait 9 10 1100
9 wait 9 10 1300
9 irecv 11 2100 648 0
9 irecv 11 2300 648 0
9 send 11 2300 144 0
9 send 11 2100 144 0
9 wait 12 10 2100
9 wait 12 10 2300
9 irecv 13 3100 648 0
9 irecv 5 3300 648 0
9 send 13 3300 324 0
9 send 5 3100 324 0
9 wait 14 10 3100
9 wait 6 10 3300
9 irecv 8 1100 648 0
9 irecv 8 1300 648 0
9 send 8 1300 128 0
9 send 8 1100 128 0
9 wait 9 10 1100
9 wait 9 10 1300
9 irecv 11 2100 648 0
9 irecv 11 2300 648 0
9 send 11 2300 144 0
9 send 11 2100 144 0
9 wait 12 10 2100
9 wait 12 10 2300
9 irecv 13 3100 648 0
9 irecv 5 3300 648 0
9 send 13 3300 324 0
9 send 5 3100 324 0
9 wait 14 10 3100
9 wait 6 10 3300
9 irecv 8 1100 648 0
9 irecv 8 1300 648 0
9 send 8 1300 32 0
9 send 8 1100 32 0
9 wait 9 10 1100
9 wait 9 10 1300
9 irecv 11 2100 648 0
9 irecv 11 2300 648 0
9 send 11 2300 40 0
9 send 11 2100 40 0
9 wait 12 10 2100
9 wait 12 10 2300
9 irecv 13 3100 648 0
9 irecv 5 3300 648 0
9 send 13 3300 100 0
9 send 5 3100 100 0
9 wait 14 10 3100
9 wait 6 10 3300
9 irecv 8 1100 648 0
9 irecv 8 1300 648 0
9 send 8 1300 8 0
9 send 8 1100 8 0
9 wait 9 10 1100
9 wait 9 10 1300
9 irecv 11 2100 648 0
9 irecv 11 2300 648 0
9 send 11 2300 12 0
9 send 11 2100 12 0
9 wait 12 10 2100
9 wait 12 10 2300
9 irecv 13 3100 648 0
9 irecv 5 3300 648 0
9 send 13 3300 36 0
9 send 5 3100 36 0
9 wait 14 10 3100
9 compute 312.5
9 wait 6 10 3300
9 irecv 8 1100 648 0
9 irecv 8 1300 648 0
9 send 8 1300 2 0
9 send 8 1100 2 0
9 wait 9 10 1100
9 wait 9 10 1300
9 irecv 11 2100 648 0
9 irecv 11 2300 648 0
9 send 11 2300 4 0
9 send 11 2100 4 0
9 wait 12 10 2100
9 wait 12 10 2300
9 irecv 13 3100 648 0
9 irecv 5 3300 648 0
9 send 13 3300 16 0
9 send 5 3100 16 0
9 wait 14 10 3100
9 wait 6 10 3300
9 irecv 13 3100 648 0
9 irecv 5 3300 648 0
9 wait 14 10 3100
9 wait 6 10 3300
9 irecv 8 1100 648 0
9 irecv 8 1300 648 0
9 send 8 1300 2 0
9 send 8 1100 2 0
9 wait 9 10 1100
9 wait 9 10 1300
9 irecv 11 2100 648 0
9 irecv 11 2300 648 0
9 send 11 2300 4 0
9 send 11 2100 4 0
9 wait 12 10 2100
9 wait 12 10 2300
9 irecv 13 3100 648 0
9 irecv 5 3300 648 0
9 send 13 3300 16 0
9 send 5 3100 16 0
9 wait 14 10 3100
9 wait 6 10 3300
9 irecv 8 1100 648 0
9 irecv 8 1300 648 0
9 send 8 1300 2 0
9 send 8 1100 2 0
9 wait 9 10 1100
9 wait 9 10 1300
9 irecv 11 2100 648 0
9 irecv 11 2300 648 0
9 send 11 2300 4 0
9 send 11 2100 4 0
9 wait 12 10 2100
9 wait 12 10 2300
9 irecv 13 3100 648 0
9 irecv 5 3300 648 0
9 send 13 3300 16 0
9 send 5 3100 16 0
9 wait 14 10 3100
9 wait 6 10 3300
9 irecv 8 1100 648 0
9 irecv 8 1300 648 0
9 send 8 1300 8 0
9 send 8 1100 8 0
9 wait 9 10 1100
9 wait 9 10 1300
9 irecv 11 2100 648 0
9 irecv 11 2300 648 0
9 send 11 2300 12 0
9 send 11 2100 12 0
9 wait 12 10 2100
9 wait 12 10 2300
9 irecv 13 3100 648 0
9 irecv 5 3300 648 0
9 send 13 3300 36 0
9 send 5 3100 36 0
9 wait 14 10 3100
9 wait 6 10 3300
9 irecv 8 1100 648 0
9 irecv 8 1300 648 0
9 send 8 1300 8 0
9 send 8 1100 8 0
9 wait 9 10 1100
9 wait 9 10 1300
9 irecv 11 2100 648 0
9 irecv 11 2300 648 0
9 send 11 2300 12 0
9 send 11 2100 12 0
9 wait 12 10 2100
9 wait 12 10 2300
9 irecv 13 3100 648 0
9 irecv 5 3300 648 0
9 send 13 3300 36 0
9 send 5 3100 36 0
9 wait 14 10 3100
9 wait 6 10 3300
9 irecv 8 1100 648 0
9 irecv 8 1300 648 0
9 send 8 1300 32 0
9 send 8 1100 32 0
9 wait 9 10 1100
9 wait 9 10 1300
9 irecv 11 2100 648 0
9 irecv 11 2300 648 0
9 send 11 2300 40 0
9 send 11 2100 40 0
9 wait 12 10 2100
9 wait 12 10 2300
9 irecv 13 3100 648 0
9 irecv 5 3300 648 0
9 send 13 3300 100 0
9 send 5 3100 100 0
9 wait 14 10 3100
9 wait 6 10 3300
9 irecv 8 1100 648 0
9 irecv 8 1300 648 0
9 send 8 1300 32 0
9 send 8 1100 32 0
9 wait 9 10 1100
9 wait 9 10 1300
9 irecv 11 2100 648 0
9 irecv 11 2300 648 0
9 send 11 2300 40 0
9 send 11 2100 40 0
9 wait 12 10 2100
9 wait 12 10 2300
9 irecv 13 3100 648 0
9 irecv 5 3300 648 0
9 send 13 3300 100 0
9 send 5 3100 100 0
9 wait 14 10 3100
9 wait 6 10 3300
9 irecv 8 1100 648 0
9 irecv 8 1300 648 0
9 send 8 1300 128 0
9 send 8 1100 128 0
9 wait 9 10 1100
9 wait 9 10 1300
9 irecv 11 2100 648 0
9 irecv 11 2300 648 0
9 send 11 2300 144 0
9 send 11 2100 144 0
9 wait 12 10 2100
9 wait 12 10 2300
9 irecv 13 3100 648 0
9 irecv 5 3300 648 0
9 send 13 3300 324 0
9 send 5 3100 324 0
9 wait 14 10 3100
9 wait 6 10 3300
9 irecv 8 1100 648 0
9 irecv 8 1300 648 0
9 send 8 1300 128 0
9 send 8 1100 128 0
9 wait 9 10 1100
9 wait 9 10 1300
9 irecv 11 2100 648 0
9 irecv 11 2300 648 0
9 send 11 2300 144 0
9 send 11 2100 144 0
9 wait 12 10 2100
9 wait 12 10 2300
9 irecv 13 3100 648 0
9 irecv 5 3300 648 0
9 send 13 3300 324 0
9 send 5 3100 324 0
9 wait 14 10 3100
9 wait 6 10 3300
9 irecv 8 1100 648 0
9 irecv 8 1300 648 0
9 send 8 1300 128 0
9 send 8 1100 128 0
9 wait 9 10 1100
9 wait 9 10 1300
9 irecv 11 2100 648 0
9 irecv 11 2300 648 0
9 send 11 2300 144 0
9 send 11 2100 144 0
9 wait 12 10 2100
9 wait 12 10 2300
9 irecv 13 3100 648 0
9 irecv 5 3300 648 0
9 send 13 3300 324 0
9 send 5 3100 324 0
9 wait 14 10 3100
9 wait 6 10 3300
9 irecv 8 1100 648 0
9 irecv 8 1300 648 0
9 send 8 1300 32 0
9 send 8 1100 32 0
9 wait 9 10 1100
9 wait 9 10 1300
9 irecv 11 2100 648 0
9 irecv 11 2300 648 0
9 send 11 2300 40 0
9 send 11 2100 40 0
9 wait 12 10 2100
9 wait 12 10 2300
9 irecv 13 3100 648 0
9 irecv 5 3300 648 0
9 send 13 3300 100 0
9 send 5 3100 100 0
9 wait 14 10 3100
9 wait 6 10 3300
9 irecv 8 1100 648 0
9 irecv 8 1300 648 0
9 send 8 1300 8 0
9 send 8 1100 8 0
9 wait 9 10 1100
9 wait 9 10 1300
9 irecv 11 2100 648 0
9 irecv 11 2300 648 0
9 send 11 2300 12 0
9 send 11 2100 12 0
9 wait 12 10 2100
9 wait 12 10 2300
9 irecv 13 3100 648 0
9 irecv 5 3300 648 0
9 send 13 3300 36 0
9 send 5 3100 36 0
9 wait 14 10 3100
9 wait 6 10 3300
9 irecv 8 1100 648 0
9 irecv 8 1300 648 0
9 send 8 1300 2 0
9 send 8 1100 2 0
9 wait 9 10 1100
9 wait 9 10 1300
9 irecv 11 2100 648 0
9 irecv 11 2300 648 0
9 send 11 2300 4 0
9 send 11 2100 4 0
9 wait 12 10 2100
9 wait 12 10 2300
9 irecv 13 3100 648 0
9 irecv 5 3300 648 0
9 send 13 3300 16 0
9 send 5 3100 16 0
9 wait 14 10 3100
9 wait 6 10 3300
9 irecv 13 3100 648 0
9 irecv 5 3300 648 0
9 wait 14 10 3100
9 wait 6 10 3300
9 irecv 8 1100 648 0
9 irecv 8 1300 648 0
9 send 8 1300 2 0
9 send 8 1100 2 0
9 wait 9 10 1100
9 wait 9 10 1300
9 irecv 11 2100 648 0
9 irecv 11 2300 648 0
9 send 11 2300 4 0
9 send 11 2100 4 0
9 wait 12 10 2100
9 wait 12 10 2300
9 irecv 13 3100 648 0
9 irecv 5 3300 648 0
9 send 13 3300 16 0
9 send 5 3100 16 0
9 wait 14 10 3100
9 wait 6 10 3300
9 irecv 8 1100 648 0
9 irecv 8 1300 648 0
9 send 8 1300 2 0
9 send 8 1100 2 0
9 wait 9 10 1100
9 wait 9 10 1300
9 irecv 11 2100 648 0
9 irecv 11 2300 648 0
9 send 11 2300 4 0
9 send 11 2100 4 0
9 wait 12 10 2100
9 wait 12 10 2300
9 irecv 13 3100 648 0
9 irecv 5 3300 648 0
9 send 13 3300 16 0
9 send 5 3100 16 0
9 wait 14 10 3100
9 wait 6 10 3300
9 irecv 8 1100 648 0
9 irecv 8 1300 648 0
9 send 8 1300 8 0
9 send 8 1100 8 0
9 wait 9 10 1100
9 wait 9 10 1300
9 irecv 11 2100 648 0
9 irecv 11 2300 648 0
9 send 11 2300 12 0
9 send 11 2100 12 0
9 wait 12 10 2100
9 wait 12 10 2300
9 irecv 13 3100 648 0
9 irecv 5 3300 648 0
9 send 13 3300 36 0
9 send 5 3100 36 0
9 wait 14 10 3100
9 wait 6 10 3300
9 irecv 8 1100 648 0
9 irecv 8 1300 648 0
9 send 8 1300 8 0
9 send 8 1100 8 0
9 wait 9 10 1100
9 wait 9 10 1300
9 irecv 11 2100 648 0
9 irecv 11 2300 648 0
9 send 11 2300 12 0
9 send 11 2100 12 0
9 wait 12 10 2100
9 wait 12 10 2300
9 irecv 13 3100 648 0
9 irecv 5 3300 648 0
9 send 13 3300 36 0
9 send 5 3100 36 0
9 wait 14 10 3100
9 wait 6 10 3300
9 irecv 8 1100 648 0
9 irecv 8 1300 648 0
9 send 8 1300 32 0
9 send 8 1100 32 0
9 wait 9 10 1100
9 wait 9 10 1300
9 irecv 11 2100 648 0
9 irecv 11 2300 648 0
9 send 11 2300 40 0
9 send 11 2100 40 0
9 wait 12 10 2100
9 wait 12 10 2300
9 irecv 13 3100 648 0
9 irecv 5 3300 648 0
9 send 13 3300 100 0
9 send 5 3100 100 0
9 wait 14 10 3100
9 wait 6 10 3300
9 irecv 8 1100 648 0
9 irecv 8 1300 648 0
9 send 8 1300 32 0
9 send 8 1100 32 0
9 wait 9 10 1100
9 wait 9 10 1300
9 irecv 11 2100 648 0
9 irecv 11 2300 648 0
9 send 11 2300 40 0
9 send 11 2100 40 0
9 wait 12 10 2100
9 wait 12 10 2300
9 irecv 13 3100 648 0
9 irecv 5 3300 648 0
9 send 13 3300 100 0
9 send 5 3100 100 0
9 wait 14 10 3100
9 wait 6 10 3300
9 irecv 8 1100 648 0
9 irecv 8 1300 648 0
9 send 8 1300 128 0
9 send 8 1100 128 0
9 wait 9 10 1100
9 wait 9 10 1300
9 irecv 11 2100 648 0
9 irecv 11 2300 648 0
9 send 11 2300 144 0
9 send 11 2100 144 0
9 wait 12 10 2100
9 wait 12 10 2300
9 irecv 13 3100 648 0
9 irecv 5 3300 648 0
9 send 13 3300 324 0
9 send 5 3100 324 0
9 wait 14 10 3100
9 wait 6 10 3300
9 irecv 8 1100 648 0
9 irecv 8 1300 648 0
9 send 8 1300 128 0
9 send 8 1100 128 0
9 wait 9 10 1100
9 wait 9 10 1300
9 irecv 11 2100 648 0
9 irecv 11 2300 648 0
9 send 11 2300 144 0
9 send 11 2100 144 0
9 wait 12 10 2100
9 wait 12 10 2300
9 irecv 13 3100 648 0
9 irecv 5 3300 648 0
9 send 13 3300 324 0
9 send 5 3100 324 0
9 wait 14 10 3100
9 wait 6 10 3300
9 irecv 8 1100 648 0
9 irecv 8 1300 648 0
9 send 8 1300 128 0
9 send 8 1100 128 0
9 wait 9 10 1100
9 wait 9 10 1300
9 irecv 11 2100 648 0
9 irecv 11 2300 648 0
9 send 11 2300 144 0
9 send 11 2100 144 0
9 wait 12 10 2100
9 wait 12 10 2300
9 irecv 13 3100 648 0
9 irecv 5 3300 648 0
9 send 13 3300 324 0
9 send 5 3100 324 0
9 wait 14 10 3100
9 wait 6 10 3300
9 irecv 8 1100 648 0
9 irecv 8 1300 648 0
9 send 8 1300 32 0
9 send 8 1100 32 0
9 wait 9 10 1100
9 wait 9 10 1300
9 irecv 11 2100 648 0
9 irecv 11 2300 648 0
9 send 11 2300 40 0
9 send 11 2100 40 0
9 wait 12 10 2100
9 wait 12 10 2300
9 irecv 13 3100 648 0
9 irecv 5 3300 648 0
9 send 13 3300 100 0
9 send 5 3100 100 0
9 wait 14 10 3100
9 wait 6 10 3300
9 irecv 8 1100 648 0
9 irecv 8 1300 648 0
9 send 8 1300 8 0
9 send 8 1100 8 0
9 wait 9 10 1100
9 wait 9 10 1300
9 irecv 11 2100 648 0
9 irecv 11 2300 648 0
9 send 11 2300 12 0
9 send 11 2100 12 0
9 wait 12 10 2100
9 wait 12 10 2300
9 irecv 13 3100 648 0
9 irecv 5 3300 648 0
9 send 13 3300 36 0
9 send 5 3100 36 0
9 wait 14 10 3100
9 wait 6 10 3300
9 irecv 8 1100 648 0
9 irecv 8 1300 648 0
9 send 8 1300 2 0
9 send 8 1100 2 0
9 wait 9 10 1100
9 wait 9 10 1300
9 irecv 11 2100 648 0
9 irecv 11 2300 648 0
9 send 11 2300 4 0
9 send 11 2100 4 0
9 wait 12 10 2100
9 wait 12 10 2300
9 irecv 13 3100 648 0
9 irecv 5 3300 648 0
9 send 13 3300 16 0
9 send 5 3100 16 0
9 wait 14 10 3100
9 wait 6 10 3300
9 irecv 13 3100 648 0
9 irecv 5 3300 648 0
9 wait 14 10 3100
9 wait 6 10 3300
9 irecv 8 1100 648 0
9 irecv 8 1300 648 0
9 send 8 1300 2 0
9 send 8 1100 2 0
9 wait 9 10 1100
9 wait 9 10 1300
9 irecv 11 2100 648 0
9 irecv 11 2300 648 0
9 send 11 2300 4 0
9 send 11 2100 4 0
9 wait 12 10 2100
9 wait 12 10 2300
9 irecv 13 3100 648 0
9 irecv 5 3300 648 0
9 send 13 3300 16 0
9 send 5 3100 16 0
9 wait 14 10 3100
9 wait 6 10 3300
9 irecv 8 1100 648 0
9 irecv 8 1300 648 0
9 send 8 1300 2 0
9 send 8 1100 2 0
9 wait 9 10 1100
9 wait 9 10 1300
9 irecv 11 2100 648 0
9 irecv 11 2300 648 0
9 send 11 2300 4 0
9 send 11 2100 4 0
9 wait 12 10 2100
9 wait 12 10 2300
9 irecv 13 3100 648 0
9 irecv 5 3300 648 0
9 send 13 3300 16 0
9 send 5 3100 16 0
9 wait 14 10 3100
9 wait 6 10 3300
9 irecv 8 1100 648 0
9 irecv 8 1300 648 0
9 send 8 1300 8 0
9 send 8 1100 8 0
9 wait 9 10 1100
9 wait 9 10 1300
9 irecv 11 2100 648 0
9 irecv 11 2300 648 0
9 send 11 2300 12 0
9 send 11 2100 12 0
9 wait 12 10 2100
9 wait 12 10 2300
9 irecv 13 3100 648 0
9 irecv 5 3300 648 0
9 send 13 3300 36 0
9 send 5 3100 36 0
9 wait 14 10 3100
9 wait 6 10 3300
9 irecv 8 1100 648 0
9 irecv 8 1300 648 0
9 send 8 1300 8 0
9 send 8 1100 8 0
9 wait 9 10 1100
9 wait 9 10 1300
9 irecv 11 2100 648 0
9 irecv 11 2300 648 0
9 send 11 2300 12 0
9 send 11 2100 12 0
9 wait 12 10 2100
9 wait 12 10 2300
9 irecv 13 3100 648 0
9 irecv 5 3300 648 0
9 send 13 3300 36 0
9 send 5 3100 36 0
9 wait 14 10 3100
9 wait 6 10 3300
9 irecv 8 1100 648 0
9 irecv 8 1300 648 0
9 send 8 1300 32 0
9 send 8 1100 32 0
9 wait 9 10 1100
9 wait 9 10 1300
9 irecv 11 2100 648 0
9 irecv 11 2300 648 0
9 send 11 2300 40 0
9 send 11 2100 40 0
9 wait 12 10 2100
9 wait 12 10 2300
9 irecv 13 3100 648 0
9 irecv 5 3300 648 0
9 send 13 3300 100 0
9 send 5 3100 100 0
9 wait 14 10 3100
9 wait 6 10 3300
9 irecv 8 1100 648 0
9 irecv 8 1300 648 0
9 send 8 1300 32 0
9 send 8 1100 32 0
9 wait 9 10 1100
9 wait 9 10 1300
9 irecv 11 2100 648 0
9 irecv 11 2300 648 0
9 send 11 2300 40 0
9 send 11 2100 40 0
9 wait 12 10 2100
9 wait 12 10 2300
9 irecv 13 3100 648 0
9 irecv 5 3300 648 0
9 send 13 3300 100 0
9 send 5 3100 100 0
9 wait 14 10 3100
9 wait 6 10 3300
9 irecv 8 1100 648 0
9 irecv 8 1300 648 0
9 send 8 1300 128 0
9 send 8 1100 128 0
9 wait 9 10 1100
9 wait 9 10 1300
9 irecv 11 2100 648 0
9 irecv 11 2300 648 0
9 send 11 2300 144 0
9 send 11 2100 144 0
9 wait 12 10 2100
9 wait 12 10 2300
9 irecv 13 3100 648 0
9 irecv 5 3300 648 0
9 send 13 3300 324 0
9 send 5 3100 324 0
9 wait 14 10 3100
9 wait 6 10 3300
9 irecv 8 1100 648 0
9 irecv 8 1300 648 0
9 send 8 1300 128 0
9 send 8 1100 128 0
9 wait 9 10 1100
9 wait 9 10 1300
9 irecv 11 2100 648 0
9 irecv 11 2300 648 0
9 send 11 2300 144 0
9 send 11 2100 144 0
9 wait 12 10 2100
9 wait 12 10 2300
9 irecv 13 3100 648 0
9 irecv 5 3300 648 0
9 send 13 3300 324 0
9 send 5 3100 324 0
9 wait 14 10 3100
9 wait 6 10 3300
9 irecv 8 1100 648 0
9 irecv 8 1300 648 0
9 send 8 1300 128 0
9 send 8 1100 128 0
9 wait 9 10 1100
9 wait 9 10 1300
9 irecv 11 2100 648 0
9 irecv 11 2300 648 0
9 send 11 2300 144 0
9 send 11 2100 144 0
9 wait 12 10 2100
9 wait 12 10 2300
9 irecv 13 3100 648 0
9 irecv 5 3300 648 0
9 send 13 3300 324 0
9 send 5 3100 324 0
9 wait 14 10 3100
9 wait 6 10 3300
9 allreduce 1 0 0 
9 allreduce 1 0 0 
9 reduce 1 0 0 0 
9 finalize
