3 init
3 barrier
3 bcast 1 0 1 
3 bcast 1 0 1 
3 bcast 1 0 1 
3 bcast 1 0 1 
3 bcast 1 0 1 
3 bcast 8 0 1 
3 bcast 1 0 16 
3 barrier
3 allreduce 1 0 0 
3 allreduce 4 0 1 
3 allreduce 1 0 0 
3 allreduce 4 0 1 
3 allreduce 1 0 0 
3 allreduce 4 0 1 
3 allreduce 1 0 0 
3 allreduce 4 0 1 
3 allreduce 1 0 0 
3 allreduce 4 0 1 
3 allreduce 1 0 0 
3 allreduce 4 0 1 
3 allreduce 1 0 0 
3 allreduce 4 0 1 
3 allreduce 1 0 0 
3 allreduce 4 0 1 
3 allreduce 1 0 0 
3 allreduce 4 0 1 
3 allreduce 1 0 0 
3 allreduce 4 0 1 
3 allreduce 1 0 0 
3 allreduce 4 0 1 
3 allreduce 1 0 0 
3 allreduce 4 0 1 
3 allreduce 1 0 0 
3 allreduce 4 0 1 
3 allreduce 1 0 0 
3 allreduce 4 0 1 
3 allreduce 1 0 0 
3 allreduce 4 0 1 
3 allreduce 1 0 0 
3 allreduce 4 0 1 
3 allreduce 1 0 0 
3 allreduce 4 0 1 
3 allreduce 1 0 0 
3 allreduce 4 0 1 
3 allreduce 1 0 0 
3 allreduce 4 0 1 
3 allreduce 1 0 0 
3 allreduce 4 0 1 
3 barrier
3 irecv 2 1100 648 0
3 irecv 2 1300 648 0
3 send 2 1300 128 0
3 send 2 1100 128 0
3 wait 3 4 1100
3 wait 3 4 1300
3 irecv 1 2100 648 0
3 irecv 1 2300 648 0
3 send 1 2300 144 0
3 send 1 2100 144 0
3 wait 2 4 2100
3 wait 2 4 2300
3 irecv 7 3100 648 0
3 irecv 15 3300 648 0
3 send 7 3300 324 0
3 send 15 3100 324 0
3 wait 8 4 3100
3 wait 16 4 3300
3 allreduce 1 0 0 
3 allreduce 1 0 0 
3 irecv 2 1100 648 0
3 irecv 2 1300 648 0
3 send 2 1300 128 0
3 send 2 1100 128 0
3 wait 3 4 1100
3 wait 3 4 1300
3 irecv 1 2100 648 0
3 irecv 1 2300 648 0
3 send 1 2300 144 0
3 send 1 2100 144 0
3 wait 2 4 2100
3 wait 2 4 2300
3 irecv 7 3100 648 0
3 irecv 15 3300 648 0
3 send 7 3300 324 0
3 send 15 3100 324 0
3 wait 8 4 3100
3 wait 16 4 3300
3 allreduce 1 0 0 
3 allreduce 1 0 0 
3 irecv 2 1100 648 0
3 irecv 2 1300 648 0
3 send 2 1300 32 0
3 send 2 1100 32 0
3 wait 3 4 1100
3 wait 3 4 1300
3 irecv 1 2100 648 0
3 irecv 1 2300 648 0
3 send 1 2300 40 0
3 send 1 2100 40 0
3 wait 2 4 2100
3 wait 2 4 2300
3 irecv 7 3100 648 0
3 irecv 15 3300 648 0
3 send 7 3300 100 0
3 send 15 3100 100 0
3 wait 8 4 3100
3 wait 16 4 3300
3 irecv 2 1100 648 0
3 irecv 2 1300 648 0
3 send 2 1300 8 0
3 send 2 1100 8 0
3 wait 3 4 1100
3 wait 3 4 1300
3 irecv 1 2100 648 0
3 irecv 1 2300 648 0
3 send 1 2300 12 0
3 send 1 2100 12 0
3 wait 2 4 2100
3 wait 2 4 2300
3 irecv 7 3100 648 0
3 irecv 15 3300 648 0
3 send 7 3300 36 0
3 send 15 3100 36 0
3 wait 8 4 3100
3 wait 16 4 3300
3 irecv 2 1100 648 0
3 irecv 2 1300 648 0
3 send 2 1300 2 0
3 send 2 1100 2 0
3 wait 3 4 1100
3 wait 3 4 1300
3 irecv 1 2100 648 0
3 irecv 1 2300 648 0
3 send 1 2300 4 0
3 send 1 2100 4 0
3 wait 2 4 2100
3 wait 2 4 2300
3 irecv 7 3100 648 0
3 irecv 15 3300 648 0
3 send 7 3300 16 0
3 send 15 3100 16 0
3 wait 8 4 3100
3 wait 16 4 3300
3 irecv 7 3100 648 0
3 irecv 15 3300 648 0
3 wait 8 4 3100
3 wait 16 4 3300
3 irecv 2 1100 648 0
3 irecv 2 1300 648 0
3 send 2 1300 2 0
3 send 2 1100 2 0
3 wait 3 4 1100
3 wait 3 4 1300
3 irecv 1 2100 648 0
3 irecv 1 2300 648 0
3 send 1 2300 4 0
3 send 1 2100 4 0
3 wait 2 4 2100
3 wait 2 4 2300
3 irecv 7 3100 648 0
3 irecv 15 3300 648 0
3 send 7 3300 16 0
3 send 15 3100 16 0
3 wait 8 4 3100
3 wait 16 4 3300
3 irecv 2 1100 648 0
3 irecv 2 1300 648 0
3 send 2 1300 2 0
3 send 2 1100 2 0
3 wait 3 4 1100
3 wait 3 4 1300
3 irecv 1 2100 648 0
3 irecv 1 2300 648 0
3 send 1 2300 4 0
3 send 1 2100 4 0
3 wait 2 4 2100
3 wait 2 4 2300
3 irecv 7 3100 648 0
3 irecv 15 3300 648 0
3 send 7 3300 16 0
3 send 15 3100 16 0
3 wait 8 4 3100
3 wait 16 4 3300
3 irecv 2 1100 648 0
3 irecv 2 1300 648 0
3 send 2 1300 8 0
3 send 2 1100 8 0
3 wait 3 4 1100
3 wait 3 4 1300
3 irecv 1 2100 648 0
3 irecv 1 2300 648 0
3 send 1 2300 12 0
3 send 1 2100 12 0
3 wait 2 4 2100
3 wait 2 4 2300
3 irecv 7 3100 648 0
3 irecv 15 3300 648 0
3 send 7 3300 36 0
3 send 15 3100 36 0
3 wait 8 4 3100
3 wait 16 4 3300
3 irecv 2 1100 648 0
3 irecv 2 1300 648 0
3 send 2 1300 8 0
3 send 2 1100 8 0
3 wait 3 4 1100
3 wait 3 4 1300
3 irecv 1 2100 648 0
3 irecv 1 2300 648 0
3 send 1 2300 12 0
3 send 1 2100 12 0
3 wait 2 4 2100
3 wait 2 4 2300
3 irecv 7 3100 648 0
3 irecv 15 3300 648 0
3 send 7 3300 36 0
3 send 15 3100 36 0
3 wait 8 4 3100
3 wait 16 4 3300
3 irecv 2 1100 648 0
3 irecv 2 1300 648 0
3 send 2 1300 32 0
3 send 2 1100 32 0
3 wait 3 4 1100
3 wait 3 4 1300
3 irecv 1 2100 648 0
3 irecv 1 2300 648 0
3 send 1 2300 40 0
3 send 1 2100 40 0
3 wait 2 4 2100
3 wait 2 4 2300
3 irecv 7 3100 648 0
3 irecv 15 3300 648 0
3 send 7 3300 100 0
3 send 15 3100 100 0
3 wait 8 4 3100
3 wait 16 4 3300
3 irecv 2 1100 648 0
3 irecv 2 1300 648 0
3 send 2 1300 32 0
3 send 2 1100 32 0
3 wait 3 4 1100
3 wait 3 4 1300
3 irecv 1 2100 648 0
3 irecv 1 2300 648 0
3 send 1 2300 40 0
3 send 1 2100 40 0
3 wait 2 4 2100
3 wait 2 4 2300
3 irecv 7 3100 648 0
3 irecv 15 3300 648 0
3 send 7 3300 100 0
3 send 15 3100 100 0
3 wait 8 4 3100
3 wait 16 4 3300
3 irecv 2 1100 648 0
3 irecv 2 1300 648 0
3 send 2 1300 128 0
3 send 2 1100 128 0
3 wait 3 4 1100
3 wait 3 4 1300
3 irecv 1 2100 648 0
3 irecv 1 2300 648 0
3 send 1 2300 144 0
3 send 1 2100 144 0
3 wait 2 4 2100
3 wait 2 4 2300
3 irecv 7 3100 648 0
3 irecv 15 3300 648 0
3 send 7 3300 324 0
3 send 15 3100 324 0
3 wait 8 4 3100
3 wait 16 4 3300
3 irecv 2 1100 648 0
3 irecv 2 1300 648 0
3 send 2 1300 128 0
3 send 2 1100 128 0
3 wait 3 4 1100
3 wait 3 4 1300
3 irecv 1 2100 648 0
3 irecv 1 2300 648 0
3 send 1 2300 144 0
3 send 1 2100 144 0
3 wait 2 4 2100
3 wait 2 4 2300
3 irecv 7 3100 648 0
3 irecv 15 3300 648 0
3 send 7 3300 324 0
3 send 15 3100 324 0
3 wait 8 4 3100
3 wait 16 4 3300
3 irecv 2 1100 648 0
3 irecv 2 1300 648 0
3 send 2 1300 128 0
3 send 2 1100 128 0
3 wait 3 4 1100
3 wait 3 4 1300
3 irecv 1 2100 648 0
3 irecv 1 2300 648 0
3 send 1 2300 144 0
3 send 1 2100 144 0
3 wait 2 4 2100
3 wait 2 4 2300
3 irecv 7 3100 648 0
3 irecv 15 3300 648 0
3 send 7 3300 324 0
3 send 15 3100 324 0
3 wait 8 4 3100
3 wait 16 4 3300
3 barrier
3 allreduce 1 0 0 
3 allreduce 4 0 1 
3 allreduce 1 0 0 
3 allreduce 4 0 1 
3 allreduce 1 0 0 
3 allreduce 4 0 1 
3 allreduce 1 0 0 
3 allreduce 4 0 1 
3 allreduce 1 0 0 
3 allreduce 4 0 1 
3 allreduce 1 0 0 
3 allreduce 4 0 1 
3 allreduce 1 0 0 
3 allreduce 4 0 1 
3 allreduce 1 0 0 
3 allreduce 4 0 1 
3 allreduce 1 0 0 
3 allreduce 4 0 1 
3 allreduce 1 0 0 
3 allreduce 4 0 1 
3 allreduce 1 0 0 
3 allreduce 4 0 1 
3 allreduce 1 0 0 
3 allreduce 4 0 1 
3 allreduce 1 0 0 
3 allreduce 4 0 1 
3 allreduce 1 0 0 
3 allreduce 4 0 1 
3 allreduce 1 0 0 
3 allreduce 4 0 1 
3 allreduce 1 0 0 
3 allreduce 4 0 1 
3 allreduce 1 0 0 
3 allreduce 4 0 1 
3 allreduce 1 0 0 
3 allreduce 4 0 1 
3 allreduce 1 0 0 
3 allreduce 4 0 1 
3 allreduce 1 0 0 
3 allreduce 4 0 1 
3 barrier
3 irecv 2 1100 648 0
3 irecv 2 1300 648 0
3 send 2 1300 128 0
3 send 2 1100 128 0
3 wait 3 4 1100
3 wait 3 4 1300
3 irecv 1 2100 648 0
3 irecv 1 2300 648 0
3 send 1 2300 144 0
3 send 1 2100 144 0
3 wait 2 4 2100
3 wait 2 4 2300
3 irecv 7 3100 648 0
3 irecv 15 3300 648 0
3 send 7 3300 324 0
3 send 15 3100 324 0
3 wait 8 4 3100
3 wait 16 4 3300
3 barrier
3 irecv 2 1100 648 0
3 irecv 2 1300 648 0
3 send 2 1300 128 0
3 send 2 1100 128 0
3 wait 3 4 1100
3 wait 3 4 1300
3 irecv 1 2100 648 0
3 irecv 1 2300 648 0
3 send 1 2300 144 0
3 send 1 2100 144 0
3 wait 2 4 2100
3 wait 2 4 2300
3 irecv 7 3100 648 0
3 irecv 15 3300 648 0
3 send 7 3300 324 0
3 send 15 3100 324 0
3 wait 8 4 3100
3 wait 16 4 3300
3 allreduce 1 0 0 
3 allreduce 1 0 0 
3 irecv 2 1100 648 0
3 irecv 2 1300 648 0
3 send 2 1300 32 0
3 send 2 1100 32 0
3 wait 3 4 1100
3 wait 3 4 1300
3 irecv 1 2100 648 0
3 irecv 1 2300 648 0
3 send 1 2300 40 0
3 send 1 2100 40 0
3 wait 2 4 2100
3 wait 2 4 2300
3 irecv 7 3100 648 0
3 irecv 15 3300 648 0
3 send 7 3300 100 0
3 send 15 3100 100 0
3 wait 8 4 3100
3 wait 16 4 3300
3 irecv 2 1100 648 0
3 irecv 2 1300 648 0
3 send 2 1300 8 0
3 send 2 1100 8 0
3 wait 3 4 1100
3 wait 3 4 1300
3 irecv 1 2100 648 0
3 irecv 1 2300 648 0
3 send 1 2300 12 0
3 send 1 2100 12 0
3 wait 2 4 2100
3 wait 2 4 2300
3 irecv 7 3100 648 0
3 irecv 15 3300 648 0
3 send 7 3300 36 0
3 send 15 3100 36 0
3 wait 8 4 3100
3 wait 16 4 3300
3 irecv 2 1100 648 0
3 irecv 2 1300 648 0
3 send 2 1300 2 0
3 send 2 1100 2 0
3 wait 3 4 1100
3 wait 3 4 1300
3 irecv 1 2100 648 0
3 irecv 1 2300 648 0
3 send 1 2300 4 0
3 send 1 2100 4 0
3 wait 2 4 2100
3 wait 2 4 2300
3 irecv 7 3100 648 0
3 irecv 15 3300 648 0
3 send 7 3300 16 0
3 send 15 3100 16 0
3 wait 8 4 3100
3 wait 16 4 3300
3 irecv 7 3100 648 0
3 irecv 15 3300 648 0
3 wait 8 4 3100
3 wait 16 4 3300
3 irecv 2 1100 648 0
3 irecv 2 1300 648 0
3 send 2 1300 2 0
3 send 2 1100 2 0
3 wait 3 4 1100
3 wait 3 4 1300
3 irecv 1 2100 648 0
3 irecv 1 2300 648 0
3 send 1 2300 4 0
3 send 1 2100 4 0
3 wait 2 4 2100
3 wait 2 4 2300
3 irecv 7 3100 648 0
3 irecv 15 3300 648 0
3 send 7 3300 16 0
3 send 15 3100 16 0
3 wait 8 4 3100
3 wait 16 4 3300
3 irecv 2 1100 648 0
3 irecv 2 1300 648 0
3 send 2 1300 2 0
3 send 2 1100 2 0
3 wait 3 4 1100
3 wait 3 4 1300
3 irecv 1 2100 648 0
3 irecv 1 2300 648 0
3 send 1 2300 4 0
3 send 1 2100 4 0
3 wait 2 4 2100
3 wait 2 4 2300
3 irecv 7 3100 648 0
3 irecv 15 3300 648 0
3 send 7 3300 16 0
3 send 15 3100 16 0
3 wait 8 4 3100
3 wait 16 4 3300
3 irecv 2 1100 648 0
3 irecv 2 1300 648 0
3 send 2 1300 8 0
3 send 2 1100 8 0
3 wait 3 4 1100
3 wait 3 4 1300
3 irecv 1 2100 648 0
3 irecv 1 2300 648 0
3 send 1 2300 12 0
3 send 1 2100 12 0
3 wait 2 4 2100
3 wait 2 4 2300
3 irecv 7 3100 648 0
3 irecv 15 3300 648 0
3 send 7 3300 36 0
3 send 15 3100 36 0
3 wait 8 4 3100
3 wait 16 4 3300
3 irecv 2 1100 648 0
3 irecv 2 1300 648 0
3 send 2 1300 8 0
3 send 2 1100 8 0
3 wait 3 4 1100
3 wait 3 4 1300
3 irecv 1 2100 648 0
3 irecv 1 2300 648 0
3 send 1 2300 12 0
3 send 1 2100 12 0
3 wait 2 4 2100
3 wait 2 4 2300
3 irecv 7 3100 648 0
3 irecv 15 3300 648 0
3 send 7 3300 36 0
3 send 15 3100 36 0
3 wait 8 4 3100
3 wait 16 4 3300
3 irecv 2 1100 648 0
3 irecv 2 1300 648 0
3 send 2 1300 32 0
3 send 2 1100 32 0
3 wait 3 4 1100
3 wait 3 4 1300
3 irecv 1 2100 648 0
3 irecv 1 2300 648 0
3 send 1 2300 40 0
3 send 1 2100 40 0
3 wait 2 4 2100
3 wait 2 4 2300
3 irecv 7 3100 648 0
3 irecv 15 3300 648 0
3 send 7 3300 100 0
3 send 15 3100 100 0
3 wait 8 4 3100
3 wait 16 4 3300
3 irecv 2 1100 648 0
3 irecv 2 1300 648 0
3 send 2 1300 32 0
3 send 2 1100 32 0
3 wait 3 4 1100
3 wait 3 4 1300
3 irecv 1 2100 648 0
3 irecv 1 2300 648 0
3 send 1 2300 40 0
3 send 1 2100 40 0
3 wait 2 4 2100
3 wait 2 4 2300
3 irecv 7 3100 648 0
3 irecv 15 3300 648 0
3 send 7 3300 100 0
3 send 15 3100 100 0
3 wait 8 4 3100
3 wait 16 4 3300
3 irecv 2 1100 648 0
3 irecv 2 1300 648 0
3 send 2 1300 128 0
3 send 2 1100 128 0
3 wait 3 4 1100
3 wait 3 4 1300
3 irecv 1 2100 648 0
3 irecv 1 2300 648 0
3 send 1 2300 144 0
3 send 1 2100 144 0
3 wait 2 4 2100
3 wait 2 4 2300
3 irecv 7 3100 648 0
3 irecv 15 3300 648 0
3 send 7 3300 324 0
3 send 15 3100 324 0
3 wait 8 4 3100
3 wait 16 4 3300
3 irecv 2 1100 648 0
3 irecv 2 1300 648 0
3 send 2 1300 128 0
3 send 2 1100 128 0
3 wait 3 4 1100
3 wait 3 4 1300
3 irecv 1 2100 648 0
3 irecv 1 2300 648 0
3 send 1 2300 144 0
3 send 1 2100 144 0
3 wait 2 4 2100
3 wait 2 4 2300
3 irecv 7 3100 648 0
3 irecv 15 3300 648 0
3 send 7 3300 324 0
3 send 15 3100 324 0
3 wait 8 4 3100
3 wait 16 4 3300
3 irecv 2 1100 648 0
3 irecv 2 1300 648 0
3 send 2 1300 128 0
3 send 2 1100 128 0
3 wait 3 4 1100
3 wait 3 4 1300
3 irecv 1 2100 648 0
3 irecv 1 2300 648 0
3 send 1 2300 144 0
3 send 1 2100 144 0
3 wait 2 4 2100
3 wait 2 4 2300
3 irecv 7 3100 648 0
3 irecv 15 3300 648 0
3 send 7 3300 324 0
3 send 15 3100 324 0
3 wait 8 4 3100
3 wait 16 4 3300
3 irecv 2 1100 648 0
3 irecv 2 1300 648 0
3 send 2 1300 32 0
3 send 2 1100 32 0
3 wait 3 4 1100
3 wait 3 4 1300
3 irecv 1 2100 648 0
3 irecv 1 2300 648 0
3 send 1 2300 40 0
3 send 1 2100 40 0
3 wait 2 4 2100
3 wait 2 4 2300
3 irecv 7 3100 648 0
3 irecv 15 3300 648 0
3 send 7 3300 100 0
3 send 15 3100 100 0
3 wait 8 4 3100
3 wait 16 4 3300
3 irecv 2 1100 648 0
3 irecv 2 1300 648 0
3 send 2 1300 8 0
3 send 2 1100 8 0
3 wait 3 4 1100
3 wait 3 4 1300
3 irecv 1 2100 648 0
3 irecv 1 2300 648 0
3 send 1 2300 12 0
3 send 1 2100 12 0
3 wait 2 4 2100
3 wait 2 4 2300
3 irecv 7 3100 648 0
3 irecv 15 3300 648 0
3 send 7 3300 36 0
3 send 15 3100 36 0
3 wait 8 4 3100
3 wait 16 4 3300
3 irecv 2 1100 648 0
3 irecv 2 1300 648 0
3 send 2 1300 2 0
3 send 2 1100 2 0
3 wait 3 4 1100
3 wait 3 4 1300
3 irecv 1 2100 648 0
3 irecv 1 2300 648 0
3 send 1 2300 4 0
3 send 1 2100 4 0
3 wait 2 4 2100
3 wait 2 4 2300
3 irecv 7 3100 648 0
3 irecv 15 3300 648 0
3 send 7 3300 16 0
3 send 15 3100 16 0
3 wait 8 4 3100
3 wait 16 4 3300
3 irecv 7 3100 648 0
3 irecv 15 3300 648 0
3 wait 8 4 3100
3 wait 16 4 3300
3 irecv 2 1100 648 0
3 irecv 2 1300 648 0
3 send 2 1300 2 0
3 send 2 1100 2 0
3 wait 3 4 1100
3 wait 3 4 1300
3 irecv 1 2100 648 0
3 irecv 1 2300 648 0
3 send 1 2300 4 0
3 send 1 2100 4 0
3 wait 2 4 2100
3 wait 2 4 2300
3 irecv 7 3100 648 0
3 irecv 15 3300 648 0
3 send 7 3300 16 0
3 send 15 3100 16 0
3 wait 8 4 3100
3 wait 16 4 3300
3 irecv 2 1100 648 0
3 irecv 2 1300 648 0
3 send 2 1300 2 0
3 send 2 1100 2 0
3 wait 3 4 1100
3 wait 3 4 1300
3 irecv 1 2100 648 0
3 irecv 1 2300 648 0
3 send 1 2300 4 0
3 send 1 2100 4 0
3 wait 2 4 2100
3 wait 2 4 2300
3 irecv 7 3100 648 0
3 irecv 15 3300 648 0
3 send 7 3300 16 0
3 send 15 3100 16 0
3 wait 8 4 3100
3 wait 16 4 3300
3 irecv 2 1100 648 0
3 irecv 2 1300 648 0
3 send 2 1300 8 0
3 send 2 1100 8 0
3 wait 3 4 1100
3 wait 3 4 1300
3 irecv 1 2100 648 0
3 irecv 1 2300 648 0
3 send 1 2300 12 0
3 send 1 2100 12 0
3 wait 2 4 2100
3 wait 2 4 2300
3 irecv 7 3100 648 0
3 irecv 15 3300 648 0
3 send 7 3300 36 0
3 send 15 3100 36 0
3 wait 8 4 3100
3 wait 16 4 3300
3 irecv 2 1100 648 0
3 irecv 2 1300 648 0
3 send 2 1300 8 0
3 send 2 1100 8 0
3 wait 3 4 1100
3 wait 3 4 1300
3 irecv 1 2100 648 0
3 irecv 1 2300 648 0
3 send 1 2300 12 0
3 send 1 2100 12 0
3 wait 2 4 2100
3 wait 2 4 2300
3 irecv 7 3100 648 0
3 irecv 15 3300 648 0
3 send 7 3300 36 0
3 send 15 3100 36 0
3 wait 8 4 3100
3 wait 16 4 3300
3 irecv 2 1100 648 0
3 irecv 2 1300 648 0
3 send 2 1300 32 0
3 send 2 1100 32 0
3 wait 3 4 1100
3 wait 3 4 1300
3 irecv 1 2100 648 0
3 irecv 1 2300 648 0
3 send 1 2300 40 0
3 send 1 2100 40 0
3 wait 2 4 2100
3 wait 2 4 2300
3 irecv 7 3100 648 0
3 irecv 15 3300 648 0
3 send 7 3300 100 0
3 send 15 3100 100 0
3 wait 8 4 3100
3 wait 16 4 3300
3 irecv 2 1100 648 0
3 irecv 2 1300 648 0
3 send 2 1300 32 0
3 send 2 1100 32 0
3 wait 3 4 1100
3 wait 3 4 1300
3 irecv 1 2100 648 0
3 irecv 1 2300 648 0
3 send 1 2300 40 0
3 send 1 2100 40 0
3 wait 2 4 2100
3 wait 2 4 2300
3 irecv 7 3100 648 0
3 irecv 15 3300 648 0
3 send 7 3300 100 0
3 send 15 3100 100 0
3 wait 8 4 3100
3 wait 16 4 3300
3 irecv 2 1100 648 0
3 irecv 2 1300 648 0
3 send 2 1300 128 0
3 send 2 1100 128 0
3 wait 3 4 1100
3 wait 3 4 1300
3 irecv 1 2100 648 0
3 irecv 1 2300 648 0
3 send 1 2300 144 0
3 send 1 2100 144 0
3 wait 2 4 2100
3 wait 2 4 2300
3 irecv 7 3100 648 0
3 irecv 15 3300 648 0
3 send 7 3300 324 0
3 send 15 3100 324 0
3 wait 8 4 3100
3 wait 16 4 3300
3 irecv 2 1100 648 0
3 irecv 2 1300 648 0
3 send 2 1300 128 0
3 send 2 1100 128 0
3 wait 3 4 1100
3 wait 3 4 1300
3 irecv 1 2100 648 0
3 irecv 1 2300 648 0
3 send 1 2300 144 0
3 send 1 2100 144 0
3 wait 2 4 2100
3 wait 2 4 2300
3 irecv 7 3100 648 0
3 irecv 15 3300 648 0
3 send 7 3300 324 0
3 send 15 3100 324 0
3 wait 8 4 3100
3 wait 16 4 3300
3 irecv 2 1100 648 0
3 irecv 2 1300 648 0
3 send 2 1300 128 0
3 send 2 1100 128 0
3 wait 3 4 1100
3 wait 3 4 1300
3 irecv 1 2100 648 0
3 irecv 1 2300 648 0
3 send 1 2300 144 0
3 send 1 2100 144 0
3 wait 2 4 2100
3 wait 2 4 2300
3 irecv 7 3100 648 0
3 irecv 15 3300 648 0
3 send 7 3300 324 0
3 send 15 3100 324 0
3 wait 8 4 3100
3 wait 16 4 3300
3 irecv 2 1100 648 0
3 irecv 2 1300 648 0
3 send 2 1300 32 0
3 send 2 1100 32 0
3 wait 3 4 1100
3 wait 3 4 1300
3 irecv 1 2100 648 0
3 irecv 1 2300 648 0
3 send 1 2300 40 0
3 send 1 2100 40 0
3 wait 2 4 2100
3 wait 2 4 2300
3 irecv 7 3100 648 0
3 irecv 15 3300 648 0
3 send 7 3300 100 0
3 send 15 3100 100 0
3 wait 8 4 3100
3 wait 16 4 3300
3 irecv 2 1100 648 0
3 irecv 2 1300 648 0
3 send 2 1300 8 0
3 send 2 1100 8 0
3 wait 3 4 1100
3 wait 3 4 1300
3 irecv 1 2100 648 0
3 irecv 1 2300 648 0
3 send 1 2300 12 0
3 send 1 2100 12 0
3 wait 2 4 2100
3 wait 2 4 2300
3 irecv 7 3100 648 0
3 irecv 15 3300 648 0
3 send 7 3300 36 0
3 send 15 3100 36 0
3 wait 8 4 3100
3 wait 16 4 3300
3 irecv 2 1100 648 0
3 irecv 2 1300 648 0
3 send 2 1300 2 0
3 send 2 1100 2 0
3 wait 3 4 1100
3 wait 3 4 1300
3 irecv 1 2100 648 0
3 irecv 1 2300 648 0
3 send 1 2300 4 0
3 send 1 2100 4 0
3 wait 2 4 2100
3 wait 2 4 2300
3 irecv 7 3100 648 0
3 irecv 15 3300 648 0
3 send 7 3300 16 0
3 send 15 3100 16 0
3 wait 8 4 3100
3 wait 16 4 3300
3 irecv 7 3100 648 0
3 irecv 15 3300 648 0
3 wait 8 4 3100
3 wait 16 4 3300
3 irecv 2 1100 648 0
3 irecv 2 1300 648 0
3 send 2 1300 2 0
3 send 2 1100 2 0
3 wait 3 4 1100
3 wait 3 4 1300
3 irecv 1 2100 648 0
3 irecv 1 2300 648 0
3 send 1 2300 4 0
3 send 1 2100 4 0
3 wait 2 4 2100
3 wait 2 4 2300
3 irecv 7 3100 648 0
3 irecv 15 3300 648 0
3 send 7 3300 16 0
3 send 15 3100 16 0
3 wait 8 4 3100
3 wait 16 4 3300
3 irecv 2 1100 648 0
3 irecv 2 1300 648 0
3 send 2 1300 2 0
3 send 2 1100 2 0
3 wait 3 4 1100
3 wait 3 4 1300
3 irecv 1 2100 648 0
3 irecv 1 2300 648 0
3 send 1 2300 4 0
3 send 1 2100 4 0
3 wait 2 4 2100
3 wait 2 4 2300
3 irecv 7 3100 648 0
3 irecv 15 3300 648 0
3 send 7 3300 16 0
3 send 15 3100 16 0
3 wait 8 4 3100
3 wait 16 4 3300
3 irecv 2 1100 648 0
3 irecv 2 1300 648 0
3 send 2 1300 8 0
3 send 2 1100 8 0
3 wait 3 4 1100
3 wait 3 4 1300
3 irecv 1 2100 648 0
3 irecv 1 2300 648 0
3 send 1 2300 12 0
3 send 1 2100 12 0
3 wait 2 4 2100
3 wait 2 4 2300
3 irecv 7 3100 648 0
3 irecv 15 3300 648 0
3 send 7 3300 36 0
3 send 15 3100 36 0
3 wait 8 4 3100
3 wait 16 4 3300
3 irecv 2 1100 648 0
3 irecv 2 1300 648 0
3 send 2 1300 8 0
3 send 2 1100 8 0
3 wait 3 4 1100
3 wait 3 4 1300
3 irecv 1 2100 648 0
3 irecv 1 2300 648 0
3 send 1 2300 12 0
3 send 1 2100 12 0
3 wait 2 4 2100
3 wait 2 4 2300
3 irecv 7 3100 648 0
3 irecv 15 3300 648 0
3 send 7 3300 36 0
3 send 15 3100 36 0
3 wait 8 4 3100
3 wait 16 4 3300
3 irecv 2 1100 648 0
3 irecv 2 1300 648 0
3 send 2 1300 32 0
3 send 2 1100 32 0
3 wait 3 4 1100
3 wait 3 4 1300
3 irecv 1 2100 648 0
3 irecv 1 2300 648 0
3 send 1 2300 40 0
3 send 1 2100 40 0
3 wait 2 4 2100
3 wait 2 4 2300
3 irecv 7 3100 648 0
3 irecv 15 3300 648 0
3 send 7 3300 100 0
3 send 15 3100 100 0
3 wait 8 4 3100
3 wait 16 4 3300
3 irecv 2 1100 648 0
3 irecv 2 1300 648 0
3 send 2 1300 32 0
3 send 2 1100 32 0
3 wait 3 4 1100
3 wait 3 4 1300
3 irecv 1 2100 648 0
3 irecv 1 2300 648 0
3 send 1 2300 40 0
3 send 1 2100 40 0
3 wait 2 4 2100
3 wait 2 4 2300
3 irecv 7 3100 648 0
3 irecv 15 3300 648 0
3 send 7 3300 100 0
3 send 15 3100 100 0
3 wait 8 4 3100
3 wait 16 4 3300
3 irecv 2 1100 648 0
3 irecv 2 1300 648 0
3 send 2 1300 128 0
3 send 2 1100 128 0
3 wait 3 4 1100
3 wait 3 4 1300
3 irecv 1 2100 648 0
3 irecv 1 2300 648 0
3 send 1 2300 144 0
3 send 1 2100 144 0
3 wait 2 4 2100
3 wait 2 4 2300
3 irecv 7 3100 648 0
3 irecv 15 3300 648 0
3 send 7 3300 324 0
3 send 15 3100 324 0
3 wait 8 4 3100
3 wait 16 4 3300
3 irecv 2 1100 648 0
3 irecv 2 1300 648 0
3 send 2 1300 128 0
3 send 2 1100 128 0
3 wait 3 4 1100
3 wait 3 4 1300
3 irecv 1 2100 648 0
3 irecv 1 2300 648 0
3 send 1 2300 144 0
3 send 1 2100 144 0
3 wait 2 4 2100
3 wait 2 4 2300
3 irecv 7 3100 648 0
3 irecv 15 3300 648 0
3 send 7 3300 324 0
3 send 15 3100 324 0
3 wait 8 4 3100
3 wait 16 4 3300
3 irecv 2 1100 648 0
3 irecv 2 1300 648 0
3 send 2 1300 128 0
3 send 2 1100 128 0
3 wait 3 4 1100
3 wait 3 4 1300
3 irecv 1 2100 648 0
3 irecv 1 2300 648 0
3 send 1 2300 144 0
3 send 1 2100 144 0
3 wait 2 4 2100
3 wait 2 4 2300
3 irecv 7 3100 648 0
3 irecv 15 3300 648 0
3 send 7 3300 324 0
3 send 15 3100 324 0
3 wait 8 4 3100
3 wait 16 4 3300
3 irecv 2 1100 648 0
3 irecv 2 1300 648 0
3 send 2 1300 32 0
3 send 2 1100 32 0
3 wait 3 4 1100
3 wait 3 4 1300
3 irecv 1 2100 648 0
3 irecv 1 2300 648 0
3 send 1 2300 40 0
3 send 1 2100 40 0
3 wait 2 4 2100
3 wait 2 4 2300
3 irecv 7 3100 648 0
3 irecv 15 3300 648 0
3 send 7 3300 100 0
3 send 15 3100 100 0
3 wait 8 4 3100
3 wait 16 4 3300
3 irecv 2 1100 648 0
3 irecv 2 1300 648 0
3 send 2 1300 8 0
3 send 2 1100 8 0
3 wait 3 4 1100
3 wait 3 4 1300
3 irecv 1 2100 648 0
3 irecv 1 2300 648 0
3 send 1 2300 12 0
3 send 1 2100 12 0
3 wait 2 4 2100
3 wait 2 4 2300
3 irecv 7 3100 648 0
3 irecv 15 3300 648 0
3 send 7 3300 36 0
3 send 15 3100 36 0
3 wait 8 4 3100
3 wait 16 4 3300
3 irecv 2 1100 648 0
3 irecv 2 1300 648 0
3 send 2 1300 2 0
3 send 2 1100 2 0
3 wait 3 4 1100
3 wait 3 4 1300
3 irecv 1 2100 648 0
3 irecv 1 2300 648 0
3 send 1 2300 4 0
3 send 1 2100 4 0
3 wait 2 4 2100
3 wait 2 4 2300
3 irecv 7 3100 648 0
3 irecv 15 3300 648 0
3 send 7 3300 16 0
3 send 15 3100 16 0
3 wait 8 4 3100
3 wait 16 4 3300
3 irecv 7 3100 648 0
3 irecv 15 3300 648 0
3 wait 8 4 3100
3 wait 16 4 3300
3 irecv 2 1100 648 0
3 irecv 2 1300 648 0
3 send 2 1300 2 0
3 send 2 1100 2 0
3 wait 3 4 1100
3 wait 3 4 1300
3 irecv 1 2100 648 0
3 irecv 1 2300 648 0
3 send 1 2300 4 0
3 send 1 2100 4 0
3 wait 2 4 2100
3 wait 2 4 2300
3 irecv 7 3100 648 0
3 irecv 15 3300 648 0
3 send 7 3300 16 0
3 send 15 3100 16 0
3 wait 8 4 3100
3 wait 16 4 3300
3 irecv 2 1100 648 0
3 irecv 2 1300 648 0
3 send 2 1300 2 0
3 send 2 1100 2 0
3 wait 3 4 1100
3 wait 3 4 1300
3 irecv 1 2100 648 0
3 irecv 1 2300 648 0
3 send 1 2300 4 0
3 send 1 2100 4 0
3 wait 2 4 2100
3 wait 2 4 2300
3 irecv 7 3100 648 0
3 irecv 15 3300 648 0
3 send 7 3300 16 0
3 send 15 3100 16 0
3 wait 8 4 3100
3 wait 16 4 3300
3 irecv 2 1100 648 0
3 irecv 2 1300 648 0
3 send 2 1300 8 0
3 send 2 1100 8 0
3 wait 3 4 1100
3 wait 3 4 1300
3 irecv 1 2100 648 0
3 irecv 1 2300 648 0
3 send 1 2300 12 0
3 send 1 2100 12 0
3 wait 2 4 2100
3 wait 2 4 2300
3 irecv 7 3100 648 0
3 irecv 15 3300 648 0
3 send 7 3300 36 0
3 send 15 3100 36 0
3 wait 8 4 3100
3 wait 16 4 3300
3 irecv 2 1100 648 0
3 irecv 2 1300 648 0
3 send 2 1300 8 0
3 send 2 1100 8 0
3 wait 3 4 1100
3 wait 3 4 1300
3 irecv 1 2100 648 0
3 irecv 1 2300 648 0
3 send 1 2300 12 0
3 send 1 2100 12 0
3 wait 2 4 2100
3 wait 2 4 2300
3 irecv 7 3100 648 0
3 irecv 15 3300 648 0
3 send 7 3300 36 0
3 send 15 3100 36 0
3 wait 8 4 3100
3 wait 16 4 3300
3 irecv 2 1100 648 0
3 irecv 2 1300 648 0
3 send 2 1300 32 0
3 send 2 1100 32 0
3 wait 3 4 1100
3 wait 3 4 1300
3 irecv 1 2100 648 0
3 irecv 1 2300 648 0
3 send 1 2300 40 0
3 send 1 2100 40 0
3 wait 2 4 2100
3 wait 2 4 2300
3 irecv 7 3100 648 0
3 irecv 15 3300 648 0
3 send 7 3300 100 0
3 send 15 3100 100 0
3 wait 8 4 3100
3 wait 16 4 3300
3 irecv 2 1100 648 0
3 irecv 2 1300 648 0
3 send 2 1300 32 0
3 send 2 1100 32 0
3 wait 3 4 1100
3 wait 3 4 1300
3 irecv 1 2100 648 0
3 irecv 1 2300 648 0
3 send 1 2300 40 0
3 send 1 2100 40 0
3 wait 2 4 2100
3 wait 2 4 2300
3 irecv 7 3100 648 0
3 irecv 15 3300 648 0
3 send 7 3300 100 0
3 send 15 3100 100 0
3 wait 8 4 3100
3 wait 16 4 3300
3 irecv 2 1100 648 0
3 irecv 2 1300 648 0
3 send 2 1300 128 0
3 send 2 1100 128 0
3 wait 3 4 1100
3 wait 3 4 1300
3 irecv 1 2100 648 0
3 irecv 1 2300 648 0
3 send 1 2300 144 0
3 send 1 2100 144 0
3 wait 2 4 2100
3 wait 2 4 2300
3 irecv 7 3100 648 0
3 irecv 15 3300 648 0
3 send 7 3300 324 0
3 send 15 3100 324 0
3 wait 8 4 3100
3 wait 16 4 3300
3 irecv 2 1100 648 0
3 irecv 2 1300 648 0
3 send 2 1300 128 0
3 send 2 1100 128 0
3 wait 3 4 1100
3 wait 3 4 1300
3 irecv 1 2100 648 0
3 irecv 1 2300 648 0
3 send 1 2300 144 0
3 send 1 2100 144 0
3 wait 2 4 2100
3 wait 2 4 2300
3 irecv 7 3100 648 0
3 irecv 15 3300 648 0
3 send 7 3300 324 0
3 send 15 3100 324 0
3 wait 8 4 3100
3 wait 16 4 3300
3 irecv 2 1100 648 0
3 irecv 2 1300 648 0
3 send 2 1300 128 0
3 send 2 1100 128 0
3 wait 3 4 1100
3 wait 3 4 1300
3 irecv 1 2100 648 0
3 irecv 1 2300 648 0
3 send 1 2300 144 0
3 send 1 2100 144 0
3 wait 2 4 2100
3 wait 2 4 2300
3 irecv 7 3100 648 0
3 irecv 15 3300 648 0
3 send 7 3300 324 0
3 send 15 3100 324 0
3 wait 8 4 3100
3 wait 16 4 3300
3 allreduce 1 0 0 
3 allreduce 1 0 0 
3 reduce 1 0 0 0 
3 finalize
