7 init
7 barrier
7 bcast 1 0 1 
7 bcast 1 0 1 
7 bcast 1 0 1 
7 bcast 1 0 1 
7 bcast 1 0 1 
7 bcast 8 0 1 
7 bcast 1 0 16 
7 barrier
7 allreduce 1 0 0 
7 allreduce 4 0 1 
7 allreduce 1 0 0 
7 allreduce 4 0 1 
7 allreduce 1 0 0 
7 allreduce 4 0 1 
7 allreduce 1 0 0 
7 allreduce 4 0 1 
7 allreduce 1 0 0 
7 allreduce 4 0 1 
7 allreduce 1 0 0 
7 allreduce 4 0 1 
7 allreduce 1 0 0 
7 allreduce 4 0 1 
7 allreduce 1 0 0 
7 allreduce 4 0 1 
7 allreduce 1 0 0 
7 allreduce 4 0 1 
7 allreduce 1 0 0 
7 allreduce 4 0 1 
7 allreduce 1 0 0 
7 allreduce 4 0 1 
7 allreduce 1 0 0 
7 allreduce 4 0 1 
7 allreduce 1 0 0 
7 allreduce 4 0 1 
7 allreduce 1 0 0 
7 allreduce 4 0 1 
7 allreduce 1 0 0 
7 allreduce 4 0 1 
7 allreduce 1 0 0 
7 allreduce 4 0 1 
7 allreduce 1 0 0 
7 allreduce 4 0 1 
7 allreduce 1 0 0 
7 allreduce 4 0 1 
7 allreduce 1 0 0 
7 allreduce 4 0 1 
7 allreduce 1 0 0 
7 allreduce 4 0 1 
7 barrier
7 irecv 6 1100 648 0
7 irecv 6 1300 648 0
7 send 6 1300 128 0
7 send 6 1100 128 0
7 wait 7 8 1100
7 wait 7 8 1300
7 irecv 5 2100 648 0
7 irecv 5 2300 648 0
7 send 5 2300 144 0
7 send 5 2100 144 0
7 wait 6 8 2100
7 wait 6 8 2300
7 irecv 11 3100 648 0
7 irecv 3 3300 648 0
7 send 11 3300 324 0
7 send 3 3100 324 0
7 wait 12 8 3100
7 wait 4 8 3300
7 allreduce 1 0 0 
7 allreduce 1 0 0 
7 irecv 6 1100 648 0
7 irecv 6 1300 648 0
7 send 6 1300 128 0
7 send 6 1100 128 0
7 wait 7 8 1100
7 wait 7 8 1300
7 irecv 5 2100 648 0
7 irecv 5 2300 648 0
7 send 5 2300 144 0
7 send 5 2100 144 0
7 wait 6 8 2100
7 wait 6 8 2300
7 irecv 11 3100 648 0
7 irecv 3 3300 648 0
7 send 11 3300 324 0
7 send 3 3100 324 0
7 wait 12 8 3100
7 wait 4 8 3300
7 allreduce 1 0 0 
7 allreduce 1 0 0 
7 irecv 6 1100 648 0
7 irecv 6 1300 648 0
7 send 6 1300 32 0
7 send 6 1100 32 0
7 wait 7 8 1100
7 wait 7 8 1300
7 irecv 5 2100 648 0
7 irecv 5 2300 648 0
7 send 5 2300 40 0
7 send 5 2100 40 0
7 wait 6 8 2100
7 wait 6 8 2300
7 irecv 11 3100 648 0
7 irecv 3 3300 648 0
7 send 11 3300 100 0
7 send 3 3100 100 0
7 wait 12 8 3100
7 wait 4 8 3300
7 irecv 6 1100 648 0
7 irecv 6 1300 648 0
7 send 6 1300 8 0
7 send 6 1100 8 0
7 wait 7 8 1100
7 wait 7 8 1300
7 irecv 5 2100 648 0
7 irecv 5 2300 648 0
7 send 5 2300 12 0
7 send 5 2100 12 0
7 wait 6 8 2100
7 wait 6 8 2300
7 irecv 11 3100 648 0
7 irecv 3 3300 648 0
7 send 11 3300 36 0
7 send 3 3100 36 0
7 wait 12 8 3100
7 wait 4 8 3300
7 irecv 6 1100 648 0
7 irecv 6 1300 648 0
7 send 6 1300 2 0
7 send 6 1100 2 0
7 wait 7 8 1100
7 wait 7 8 1300
7 irecv 5 2100 648 0
7 irecv 5 2300 648 0
7 send 5 2300 4 0
7 send 5 2100 4 0
7 wait 6 8 2100
7 wait 6 8 2300
7 irecv 11 3100 648 0
7 irecv 3 3300 648 0
7 send 11 3300 16 0
7 send 3 3100 16 0
7 wait 12 8 3100
7 wait 4 8 3300
7 irecv 6 1100 648 0
7 irecv 6 1300 648 0
7 send 6 1300 1 0
7 send 6 1100 1 0
7 wait 7 8 1100
7 wait 7 8 1300
7 irecv 5 2100 648 0
7 irecv 5 2300 648 0
7 send 5 2300 3 0
7 send 5 2100 3 0
7 wait 6 8 2100
7 wait 6 8 2300
7 irecv 15 3100 648 0
7 irecv 15 3300 648 0
7 send 15 3300 9 0
7 send 15 3100 9 0
7 wait 16 8 3100
7 wait 16 8 3300
7 irecv 6 1100 648 0
7 irecv 6 1300 648 0
7 send 6 1300 1 0
7 send 6 1100 1 0
7 wait 7 8 1100
7 wait 7 8 1300
7 irecv 5 2100 648 0
7 irecv 5 2300 648 0
7 send 5 2300 3 0
7 send 5 2100 3 0
7 wait 6 8 2100
7 wait 6 8 2300
7 irecv 15 3100 648 0
7 irecv 15 3300 648 0
7 send 15 3300 9 0
7 send 15 3100 9 0
7 wait 16 8 3100
7 wait 16 8 3300
7 send 11 3300 32 0
7 send 3 3100 16 0
7 irecv 6 1100 648 0
7 irecv 6 1300 648 0
7 send 6 1300 2 0
7 send 6 1100 2 0
7 wait 7 8 1100
7 wait 7 8 1300
7 irecv 5 2100 648 0
7 irecv 5 2300 648 0
7 send 5 2300 4 0
7 send 5 2100 4 0
7 wait 6 8 2100
7 wait 6 8 2300
7 irecv 11 3100 648 0
7 irecv 3 3300 648 0
7 send 11 3300 16 0
7 send 3 3100 16 0
7 wait 12 8 3100
7 wait 4 8 3300
7 irecv 6 1100 648 0
7 irecv 6 1300 648 0
7 send 6 1300 2 0
7 send 6 1100 2 0
7 wait 7 8 1100
7 wait 7 8 1300
7 irecv 5 2100 648 0
7 irecv 5 2300 648 0
7 send 5 2300 4 0
7 send 5 2100 4 0
7 wait 6 8 2100
7 wait 6 8 2300
7 irecv 11 3100 648 0
7 irecv 3 3300 648 0
7 send 11 3300 16 0
7 send 3 3100 16 0
7 wait 12 8 3100
7 wait 4 8 3300
7 irecv 6 1100 648 0
7 irecv 6 1300 648 0
7 send 6 1300 8 0
7 send 6 1100 8 0
7 wait 7 8 1100
7 wait 7 8 1300
7 irecv 5 2100 648 0
7 irecv 5 2300 648 0
7 send 5 2300 12 0
7 send 5 2100 12 0
7 wait 6 8 2100
7 wait 6 8 2300
7 irecv 11 3100 648 0
7 irecv 3 3300 648 0
7 send 11 3300 36 0
7 send 3 3100 36 0
7 wait 12 8 3100
7 wait 4 8 3300
7 irecv 6 1100 648 0
7 irecv 6 1300 648 0
7 send 6 1300 8 0
7 send 6 1100 8 0
7 wait 7 8 1100
7 wait 7 8 1300
7 irecv 5 2100 648 0
7 irecv 5 2300 648 0
7 send 5 2300 12 0
7 send 5 2100 12 0
7 wait 6 8 2100
7 wait 6 8 2300
7 irecv 11 3100 648 0
7 irecv 3 3300 648 0
7 send 11 3300 36 0
7 send 3 3100 36 0
7 wait 12 8 3100
7 wait 4 8 3300
7 irecv 6 1100 648 0
7 irecv 6 1300 648 0
7 send 6 1300 32 0
7 send 6 1100 32 0
7 wait 7 8 1100
7 wait 7 8 1300
7 irecv 5 2100 648 0
7 irecv 5 2300 648 0
7 send 5 2300 40 0
7 send 5 2100 40 0
7 wait 6 8 2100
7 wait 6 8 2300
7 irecv 11 3100 648 0
7 irecv 3 3300 648 0
7 send 11 3300 100 0
7 send 3 3100 100 0
7 wait 12 8 3100
7 wait 4 8 3300
7 irecv 6 1100 648 0
7 irecv 6 1300 648 0
7 send 6 1300 32 0
7 send 6 1100 32 0
7 wait 7 8 1100
7 wait 7 8 1300
7 irecv 5 2100 648 0
7 irecv 5 2300 648 0
7 send 5 2300 40 0
7 send 5 2100 40 0
7 wait 6 8 2100
7 wait 6 8 2300
7 irecv 11 3100 648 0
7 irecv 3 3300 648 0
7 send 11 3300 100 0
7 send 3 3100 100 0
7 wait 12 8 3100
7 wait 4 8 3300
7 irecv 6 1100 648 0
7 irecv 6 1300 648 0
7 send 6 1300 128 0
7 send 6 1100 128 0
7 wait 7 8 1100
7 wait 7 8 1300
7 irecv 5 2100 648 0
7 irecv 5 2300 648 0
7 send 5 2300 144 0
7 send 5 2100 144 0
7 wait 6 8 2100
7 wait 6 8 2300
7 irecv 11 3100 648 0
7 irecv 3 3300 648 0
7 send 11 3300 324 0
7 send 3 3100 324 0
7 wait 12 8 3100
7 wait 4 8 3300
7 irecv 6 1100 648 0
7 irecv 6 1300 648 0
7 send 6 1300 128 0
7 send 6 1100 128 0
7 wait 7 8 1100
7 wait 7 8 1300
7 irecv 5 2100 648 0
7 irecv 5 2300 648 0
7 send 5 2300 144 0
7 send 5 2100 144 0
7 wait 6 8 2100
7 wait 6 8 2300
7 irecv 11 3100 648 0
7 irecv 3 3300 648 0
7 send 11 3300 324 0
7 send 3 3100 324 0
7 wait 12 8 3100
7 wait 4 8 3300
7 irecv 6 1100 648 0
7 irecv 6 1300 648 0
7 send 6 1300 128 0
7 send 6 1100 128 0
7 wait 7 8 1100
7 wait 7 8 1300
7 irecv 5 2100 648 0
7 irecv 5 2300 648 0
7 send 5 2300 144 0
7 send 5 2100 144 0
7 wait 6 8 2100
7 wait 6 8 2300
7 irecv 11 3100 648 0
7 irecv 3 3300 648 0
7 send 11 3300 324 0
7 send 3 3100 324 0
7 wait 12 8 3100
7 wait 4 8 3300
7 barrier
7 allreduce 1 0 0 
7 allreduce 4 0 1 
7 allreduce 1 0 0 
7 allreduce 4 0 1 
7 allreduce 1 0 0 
7 allreduce 4 0 1 
7 allreduce 1 0 0 
7 allreduce 4 0 1 
7 allreduce 1 0 0 
7 allreduce 4 0 1 
7 allreduce 1 0 0 
7 allreduce 4 0 1 
7 allreduce 1 0 0 
7 allreduce 4 0 1 
7 allreduce 1 0 0 
7 allreduce 4 0 1 
7 allreduce 1 0 0 
7 allreduce 4 0 1 
7 allreduce 1 0 0 
7 allreduce 4 0 1 
7 allreduce 1 0 0 
7 allreduce 4 0 1 
7 allreduce 1 0 0 
7 allreduce 4 0 1 
7 allreduce 1 0 0 
7 allreduce 4 0 1 
7 allreduce 1 0 0 
7 allreduce 4 0 1 
7 allreduce 1 0 0 
7 allreduce 4 0 1 
7 allreduce 1 0 0 
7 allreduce 4 0 1 
7 allreduce 1 0 0 
7 allreduce 4 0 1 
7 allreduce 1 0 0 
7 allreduce 4 0 1 
7 allreduce 1 0 0 
7 allreduce 4 0 1 
7 allreduce 1 0 0 
7 allreduce 4 0 1 
7 barrier
7 irecv 6 1100 648 0
7 irecv 6 1300 648 0
7 send 6 1300 128 0
7 send 6 1100 128 0
7 wait 7 8 1100
7 wait 7 8 1300
7 irecv 5 2100 648 0
7 irecv 5 2300 648 0
7 send 5 2300 144 0
7 send 5 2100 144 0
7 wait 6 8 2100
7 wait 6 8 2300
7 irecv 11 3100 648 0
7 irecv 3 3300 648 0
7 send 11 3300 324 0
7 send 3 3100 324 0
7 wait 12 8 3100
7 wait 4 8 3300
7 barrier
7 irecv 6 1100 648 0
7 irecv 6 1300 648 0
7 send 6 1300 128 0
7 send 6 1100 128 0
7 wait 7 8 1100
7 wait 7 8 1300
7 irecv 5 2100 648 0
7 irecv 5 2300 648 0
7 send 5 2300 144 0
7 send 5 2100 144 0
7 wait 6 8 2100
7 wait 6 8 2300
7 irecv 11 3100 648 0
7 irecv 3 3300 648 0
7 send 11 3300 324 0
7 send 3 3100 324 0
7 wait 12 8 3100
7 wait 4 8 3300
7 allreduce 1 0 0 
7 allreduce 1 0 0 
7 irecv 6 1100 648 0
7 irecv 6 1300 648 0
7 send 6 1300 32 0
7 send 6 1100 32 0
7 wait 7 8 1100
7 wait 7 8 1300
7 irecv 5 2100 648 0
7 irecv 5 2300 648 0
7 send 5 2300 40 0
7 send 5 2100 40 0
7 wait 6 8 2100
7 wait 6 8 2300
7 irecv 11 3100 648 0
7 irecv 3 3300 648 0
7 send 11 3300 100 0
7 send 3 3100 100 0
7 wait 12 8 3100
7 wait 4 8 3300
7 irecv 6 1100 648 0
7 irecv 6 1300 648 0
7 send 6 1300 8 0
7 send 6 1100 8 0
7 wait 7 8 1100
7 wait 7 8 1300
7 irecv 5 2100 648 0
7 irecv 5 2300 648 0
7 send 5 2300 12 0
7 send 5 2100 12 0
7 wait 6 8 2100
7 wait 6 8 2300
7 irecv 11 3100 648 0
7 irecv 3 3300 648 0
7 send 11 3300 36 0
7 send 3 3100 36 0
7 wait 12 8 3100
7 wait 4 8 3300
7 irecv 6 1100 648 0
7 irecv 6 1300 648 0
7 send 6 1300 2 0
7 send 6 1100 2 0
7 wait 7 8 1100
7 wait 7 8 1300
7 irecv 5 2100 648 0
7 irecv 5 2300 648 0
7 send 5 2300 4 0
7 send 5 2100 4 0
7 wait 6 8 2100
7 wait 6 8 2300
7 irecv 11 3100 648 0
7 irecv 3 3300 648 0
7 send 11 3300 16 0
7 send 3 3100 16 0
7 wait 12 8 3100
7 wait 4 8 3300
7 irecv 6 1100 648 0
7 irecv 6 1300 648 0
7 send 6 1300 1 0
7 send 6 1100 1 0
7 wait 7 8 1100
7 wait 7 8 1300
7 irecv 5 2100 648 0
7 irecv 5 2300 648 0
7 send 5 2300 3 0
7 send 5 2100 3 0
7 wait 6 8 2100
7 wait 6 8 2300
7 irecv 15 3100 648 0
7 irecv 15 3300 648 0
7 send 15 3300 9 0
7 send 15 3100 9 0
7 wait 16 8 3100
7 wait 16 8 3300
7 irecv 6 1100 648 0
7 irecv 6 1300 648 0
7 send 6 1300 1 0
7 send 6 1100 1 0
7 wait 7 8 1100
7 wait 7 8 1300
7 irecv 5 2100 648 0
7 irecv 5 2300 648 0
7 send 5 2300 3 0
7 send 5 2100 3 0
7 wait 6 8 2100
7 wait 6 8 2300
7 irecv 15 3100 648 0
7 irecv 15 3300 648 0
7 send 15 3300 9 0
7 send 15 3100 9 0
7 wait 16 8 3100
7 wait 16 8 3300
7 send 11 3300 32 0
7 send 3 3100 16 0
7 irecv 6 1100 648 0
7 irecv 6 1300 648 0
7 send 6 1300 2 0
7 send 6 1100 2 0
7 wait 7 8 1100
7 wait 7 8 1300
7 irecv 5 2100 648 0
7 irecv 5 2300 648 0
7 send 5 2300 4 0
7 send 5 2100 4 0
7 wait 6 8 2100
7 wait 6 8 2300
7 irecv 11 3100 648 0
7 irecv 3 3300 648 0
7 send 11 3300 16 0
7 send 3 3100 16 0
7 wait 12 8 3100
7 wait 4 8 3300
7 irecv 6 1100 648 0
7 irecv 6 1300 648 0
7 send 6 1300 2 0
7 send 6 1100 2 0
7 wait 7 8 1100
7 wait 7 8 1300
7 irecv 5 2100 648 0
7 irecv 5 2300 648 0
7 send 5 2300 4 0
7 send 5 2100 4 0
7 wait 6 8 2100
7 wait 6 8 2300
7 irecv 11 3100 648 0
7 irecv 3 3300 648 0
7 send 11 3300 16 0
7 send 3 3100 16 0
7 wait 12 8 3100
7 wait 4 8 3300
7 irecv 6 1100 648 0
7 irecv 6 1300 648 0
7 send 6 1300 8 0
7 send 6 1100 8 0
7 wait 7 8 1100
7 wait 7 8 1300
7 irecv 5 2100 648 0
7 irecv 5 2300 648 0
7 send 5 2300 12 0
7 send 5 2100 12 0
7 wait 6 8 2100
7 wait 6 8 2300
7 irecv 11 3100 648 0
7 irecv 3 3300 648 0
7 send 11 3300 36 0
7 send 3 3100 36 0
7 wait 12 8 3100
7 wait 4 8 3300
7 irecv 6 1100 648 0
7 irecv 6 1300 648 0
7 send 6 1300 8 0
7 send 6 1100 8 0
7 wait 7 8 1100
7 wait 7 8 1300
7 irecv 5 2100 648 0
7 irecv 5 2300 648 0
7 send 5 2300 12 0
7 send 5 2100 12 0
7 wait 6 8 2100
7 wait 6 8 2300
7 irecv 11 3100 648 0
7 irecv 3 3300 648 0
7 send 11 3300 36 0
7 send 3 3100 36 0
7 wait 12 8 3100
7 wait 4 8 3300
7 irecv 6 1100 648 0
7 irecv 6 1300 648 0
7 send 6 1300 32 0
7 send 6 1100 32 0
7 wait 7 8 1100
7 wait 7 8 1300
7 irecv 5 2100 648 0
7 irecv 5 2300 648 0
7 send 5 2300 40 0
7 send 5 2100 40 0
7 wait 6 8 2100
7 wait 6 8 2300
7 irecv 11 3100 648 0
7 irecv 3 3300 648 0
7 send 11 3300 100 0
7 send 3 3100 100 0
7 wait 12 8 3100
7 wait 4 8 3300
7 irecv 6 1100 648 0
7 irecv 6 1300 648 0
7 send 6 1300 32 0
7 send 6 1100 32 0
7 wait 7 8 1100
7 wait 7 8 1300
7 irecv 5 2100 648 0
7 irecv 5 2300 648 0
7 send 5 2300 40 0
7 send 5 2100 40 0
7 wait 6 8 2100
7 wait 6 8 2300
7 irecv 11 3100 648 0
7 irecv 3 3300 648 0
7 send 11 3300 100 0
7 send 3 3100 100 0
7 wait 12 8 3100
7 wait 4 8 3300
7 irecv 6 1100 648 0
7 irecv 6 1300 648 0
7 send 6 1300 128 0
7 send 6 1100 128 0
7 wait 7 8 1100
7 wait 7 8 1300
7 irecv 5 2100 648 0
7 irecv 5 2300 648 0
7 send 5 2300 144 0
7 send 5 2100 144 0
7 wait 6 8 2100
7 wait 6 8 2300
7 irecv 11 3100 648 0
7 irecv 3 3300 648 0
7 send 11 3300 324 0
7 send 3 3100 324 0
7 wait 12 8 3100
7 wait 4 8 3300
7 irecv 6 1100 648 0
7 irecv 6 1300 648 0
7 send 6 1300 128 0
7 send 6 1100 128 0
7 wait 7 8 1100
7 wait 7 8 1300
7 irecv 5 2100 648 0
7 irecv 5 2300 648 0
7 send 5 2300 144 0
7 send 5 2100 144 0
7 wait 6 8 2100
7 wait 6 8 2300
7 irecv 11 3100 648 0
7 irecv 3 3300 648 0
7 send 11 3300 324 0
7 send 3 3100 324 0
7 wait 12 8 3100
7 wait 4 8 3300
7 irecv 6 1100 648 0
7 irecv 6 1300 648 0
7 send 6 1300 128 0
7 send 6 1100 128 0
7 wait 7 8 1100
7 wait 7 8 1300
7 irecv 5 2100 648 0
7 irecv 5 2300 648 0
7 send 5 2300 144 0
7 send 5 2100 144 0
7 wait 6 8 2100
7 wait 6 8 2300
7 irecv 11 3100 648 0
7 irecv 3 3300 648 0
7 send 11 3300 324 0
7 send 3 3100 324 0
7 wait 12 8 3100
7 wait 4 8 3300
7 irecv 6 1100 648 0
7 irecv 6 1300 648 0
7 send 6 1300 32 0
7 send 6 1100 32 0
7 wait 7 8 1100
7 wait 7 8 1300
7 irecv 5 2100 648 0
7 irecv 5 2300 648 0
7 send 5 2300 40 0
7 send 5 2100 40 0
7 wait 6 8 2100
7 wait 6 8 2300
7 irecv 11 3100 648 0
7 irecv 3 3300 648 0
7 send 11 3300 100 0
7 send 3 3100 100 0
7 wait 12 8 3100
7 wait 4 8 3300
7 irecv 6 1100 648 0
7 irecv 6 1300 648 0
7 send 6 1300 8 0
7 send 6 1100 8 0
7 wait 7 8 1100
7 wait 7 8 1300
7 irecv 5 2100 648 0
7 irecv 5 2300 648 0
7 send 5 2300 12 0
7 send 5 2100 12 0
7 wait 6 8 2100
7 wait 6 8 2300
7 irecv 11 3100 648 0
7 irecv 3 3300 648 0
7 send 11 3300 36 0
7 send 3 3100 36 0
7 wait 12 8 3100
7 wait 4 8 3300
7 irecv 6 1100 648 0
7 irecv 6 1300 648 0
7 send 6 1300 2 0
7 send 6 1100 2 0
7 wait 7 8 1100
7 wait 7 8 1300
7 irecv 5 2100 648 0
7 irecv 5 2300 648 0
7 send 5 2300 4 0
7 send 5 2100 4 0
7 wait 6 8 2100
7 wait 6 8 2300
7 irecv 11 3100 648 0
7 irecv 3 3300 648 0
7 send 11 3300 16 0
7 send 3 3100 16 0
7 wait 12 8 3100
7 wait 4 8 3300
7 irecv 6 1100 648 0
7 irecv 6 1300 648 0
7 send 6 1300 1 0
7 send 6 1100 1 0
7 wait 7 8 1100
7 wait 7 8 1300
7 irecv 5 2100 648 0
7 irecv 5 2300 648 0
7 send 5 2300 3 0
7 send 5 2100 3 0
7 wait 6 8 2100
7 wait 6 8 2300
7 irecv 15 3100 648 0
7 irecv 15 3300 648 0
7 send 15 3300 9 0
7 send 15 3100 9 0
7 wait 16 8 3100
7 wait 16 8 3300
7 irecv 6 1100 648 0
7 irecv 6 1300 648 0
7 send 6 1300 1 0
7 send 6 1100 1 0
7 wait 7 8 1100
7 wait 7 8 1300
7 irecv 5 2100 648 0
7 irecv 5 2300 648 0
7 send 5 2300 3 0
7 send 5 2100 3 0
7 wait 6 8 2100
7 wait 6 8 2300
7 irecv 15 3100 648 0
7 irecv 15 3300 648 0
7 send 15 3300 9 0
7 send 15 3100 9 0
7 wait 16 8 3100
7 wait 16 8 3300
7 send 11 3300 32 0
7 send 3 3100 16 0
7 irecv 6 1100 648 0
7 irecv 6 1300 648 0
7 send 6 1300 2 0
7 send 6 1100 2 0
7 wait 7 8 1100
7 wait 7 8 1300
7 irecv 5 2100 648 0
7 irecv 5 2300 648 0
7 send 5 2300 4 0
7 send 5 2100 4 0
7 wait 6 8 2100
7 wait 6 8 2300
7 irecv 11 3100 648 0
7 irecv 3 3300 648 0
7 send 11 3300 16 0
7 send 3 3100 16 0
7 wait 12 8 3100
7 wait 4 8 3300
7 irecv 6 1100 648 0
7 irecv 6 1300 648 0
7 send 6 1300 2 0
7 send 6 1100 2 0
7 wait 7 8 1100
7 wait 7 8 1300
7 irecv 5 2100 648 0
7 irecv 5 2300 648 0
7 send 5 2300 4 0
7 send 5 2100 4 0
7 wait 6 8 2100
7 wait 6 8 2300
7 irecv 11 3100 648 0
7 irecv 3 3300 648 0
7 send 11 3300 16 0
7 send 3 3100 16 0
7 wait 12 8 3100
7 wait 4 8 3300
7 irecv 6 1100 648 0
7 irecv 6 1300 648 0
7 send 6 1300 8 0
7 send 6 1100 8 0
7 wait 7 8 1100
7 wait 7 8 1300
7 irecv 5 2100 648 0
7 irecv 5 2300 648 0
7 send 5 2300 12 0
7 send 5 2100 12 0
7 wait 6 8 2100
7 wait 6 8 2300
7 irecv 11 3100 648 0
7 irecv 3 3300 648 0
7 send 11 3300 36 0
7 send 3 3100 36 0
7 wait 12 8 3100
7 wait 4 8 3300
7 irecv 6 1100 648 0
7 irecv 6 1300 648 0
7 send 6 1300 8 0
7 send 6 1100 8 0
7 wait 7 8 1100
7 wait 7 8 1300
7 irecv 5 2100 648 0
7 irecv 5 2300 648 0
7 send 5 2300 12 0
7 send 5 2100 12 0
7 wait 6 8 2100
7 wait 6 8 2300
7 irecv 11 3100 648 0
7 irecv 3 3300 648 0
7 send 11 3300 36 0
7 send 3 3100 36 0
7 wait 12 8 3100
7 wait 4 8 3300
7 irecv 6 1100 648 0
7 irecv 6 1300 648 0
7 send 6 1300 32 0
7 send 6 1100 32 0
7 wait 7 8 1100
7 wait 7 8 1300
7 irecv 5 2100 648 0
7 irecv 5 2300 648 0
7 send 5 2300 40 0
7 send 5 2100 40 0
7 wait 6 8 2100
7 wait 6 8 2300
7 irecv 11 3100 648 0
7 irecv 3 3300 648 0
7 send 11 3300 100 0
7 send 3 3100 100 0
7 wait 12 8 3100
7 wait 4 8 3300
7 irecv 6 1100 648 0
7 irecv 6 1300 648 0
7 send 6 1300 32 0
7 send 6 1100 32 0
7 wait 7 8 1100
7 wait 7 8 1300
7 irecv 5 2100 648 0
7 irecv 5 2300 648 0
7 send 5 2300 40 0
7 send 5 2100 40 0
7 wait 6 8 2100
7 wait 6 8 2300
7 irecv 11 3100 648 0
7 irecv 3 3300 648 0
7 send 11 3300 100 0
7 send 3 3100 100 0
7 wait 12 8 3100
7 wait 4 8 3300
7 irecv 6 1100 648 0
7 irecv 6 1300 648 0
7 send 6 1300 128 0
7 send 6 1100 128 0
7 wait 7 8 1100
7 wait 7 8 1300
7 irecv 5 2100 648 0
7 irecv 5 2300 648 0
7 send 5 2300 144 0
7 send 5 2100 144 0
7 wait 6 8 2100
7 wait 6 8 2300
7 irecv 11 3100 648 0
7 irecv 3 3300 648 0
7 send 11 3300 324 0
7 send 3 3100 324 0
7 wait 12 8 3100
7 wait 4 8 3300
7 irecv 6 1100 648 0
7 irecv 6 1300 648 0
7 send 6 1300 128 0
7 send 6 1100 128 0
7 wait 7 8 1100
7 wait 7 8 1300
7 irecv 5 2100 648 0
7 irecv 5 2300 648 0
7 send 5 2300 144 0
7 send 5 2100 144 0
7 wait 6 8 2100
7 wait 6 8 2300
7 irecv 11 3100 648 0
7 irecv 3 3300 648 0
7 send 11 3300 324 0
7 send 3 3100 324 0
7 wait 12 8 3100
7 wait 4 8 3300
7 irecv 6 1100 648 0
7 irecv 6 1300 648 0
7 send 6 1300 128 0
7 send 6 1100 128 0
7 wait 7 8 1100
7 wait 7 8 1300
7 irecv 5 2100 648 0
7 irecv 5 2300 648 0
7 send 5 2300 144 0
7 send 5 2100 144 0
7 wait 6 8 2100
7 wait 6 8 2300
7 irecv 11 3100 648 0
7 irecv 3 3300 648 0
7 send 11 3300 324 0
7 send 3 3100 324 0
7 wait 12 8 3100
7 wait 4 8 3300
7 irecv 6 1100 648 0
7 irecv 6 1300 648 0
7 send 6 1300 32 0
7 send 6 1100 32 0
7 wait 7 8 1100
7 wait 7 8 1300
7 irecv 5 2100 648 0
7 irecv 5 2300 648 0
7 send 5 2300 40 0
7 send 5 2100 40 0
7 wait 6 8 2100
7 wait 6 8 2300
7 irecv 11 3100 648 0
7 irecv 3 3300 648 0
7 send 11 3300 100 0
7 send 3 3100 100 0
7 wait 12 8 3100
7 wait 4 8 3300
7 irecv 6 1100 648 0
7 irecv 6 1300 648 0
7 send 6 1300 8 0
7 send 6 1100 8 0
7 wait 7 8 1100
7 wait 7 8 1300
7 irecv 5 2100 648 0
7 irecv 5 2300 648 0
7 send 5 2300 12 0
7 send 5 2100 12 0
7 wait 6 8 2100
7 wait 6 8 2300
7 irecv 11 3100 648 0
7 irecv 3 3300 648 0
7 send 11 3300 36 0
7 send 3 3100 36 0
7 wait 12 8 3100
7 wait 4 8 3300
7 irecv 6 1100 648 0
7 irecv 6 1300 648 0
7 send 6 1300 2 0
7 send 6 1100 2 0
7 wait 7 8 1100
7 wait 7 8 1300
7 irecv 5 2100 648 0
7 irecv 5 2300 648 0
7 send 5 2300 4 0
7 send 5 2100 4 0
7 wait 6 8 2100
7 wait 6 8 2300
7 irecv 11 3100 648 0
7 irecv 3 3300 648 0
7 send 11 3300 16 0
7 send 3 3100 16 0
7 wait 12 8 3100
7 wait 4 8 3300
7 irecv 6 1100 648 0
7 irecv 6 1300 648 0
7 send 6 1300 1 0
7 send 6 1100 1 0
7 wait 7 8 1100
7 wait 7 8 1300
7 irecv 5 2100 648 0
7 irecv 5 2300 648 0
7 send 5 2300 3 0
7 send 5 2100 3 0
7 wait 6 8 2100
7 wait 6 8 2300
7 irecv 15 3100 648 0
7 irecv 15 3300 648 0
7 send 15 3300 9 0
7 send 15 3100 9 0
7 wait 16 8 3100
7 wait 16 8 3300
7 irecv 6 1100 648 0
7 irecv 6 1300 648 0
7 send 6 1300 1 0
7 send 6 1100 1 0
7 wait 7 8 1100
7 wait 7 8 1300
7 irecv 5 2100 648 0
7 irecv 5 2300 648 0
7 send 5 2300 3 0
7 send 5 2100 3 0
7 wait 6 8 2100
7 wait 6 8 2300
7 irecv 15 3100 648 0
7 irecv 15 3300 648 0
7 send 15 3300 9 0
7 send 15 3100 9 0
7 wait 16 8 3100
7 wait 16 8 3300
7 send 11 3300 32 0
7 send 3 3100 16 0
7 irecv 6 1100 648 0
7 irecv 6 1300 648 0
7 send 6 1300 2 0
7 send 6 1100 2 0
7 wait 7 8 1100
7 wait 7 8 1300
7 irecv 5 2100 648 0
7 irecv 5 2300 648 0
7 send 5 2300 4 0
7 send 5 2100 4 0
7 wait 6 8 2100
7 wait 6 8 2300
7 irecv 11 3100 648 0
7 irecv 3 3300 648 0
7 send 11 3300 16 0
7 send 3 3100 16 0
7 wait 12 8 3100
7 wait 4 8 3300
7 irecv 6 1100 648 0
7 irecv 6 1300 648 0
7 send 6 1300 2 0
7 send 6 1100 2 0
7 wait 7 8 1100
7 wait 7 8 1300
7 irecv 5 2100 648 0
7 irecv 5 2300 648 0
7 send 5 2300 4 0
7 send 5 2100 4 0
7 wait 6 8 2100
7 wait 6 8 2300
7 irecv 11 3100 648 0
7 irecv 3 3300 648 0
7 send 11 3300 16 0
7 send 3 3100 16 0
7 wait 12 8 3100
7 wait 4 8 3300
7 irecv 6 1100 648 0
7 irecv 6 1300 648 0
7 send 6 1300 8 0
7 send 6 1100 8 0
7 wait 7 8 1100
7 wait 7 8 1300
7 irecv 5 2100 648 0
7 irecv 5 2300 648 0
7 send 5 2300 12 0
7 send 5 2100 12 0
7 wait 6 8 2100
7 wait 6 8 2300
7 irecv 11 3100 648 0
7 irecv 3 3300 648 0
7 send 11 3300 36 0
7 send 3 3100 36 0
7 wait 12 8 3100
7 wait 4 8 3300
7 irecv 6 1100 648 0
7 irecv 6 1300 648 0
7 send 6 1300 8 0
7 send 6 1100 8 0
7 wait 7 8 1100
7 wait 7 8 1300
7 irecv 5 2100 648 0
7 irecv 5 2300 648 0
7 send 5 2300 12 0
7 send 5 2100 12 0
7 wait 6 8 2100
7 wait 6 8 2300
7 irecv 11 3100 648 0
7 irecv 3 3300 648 0
7 send 11 3300 36 0
7 send 3 3100 36 0
7 wait 12 8 3100
7 wait 4 8 3300
7 irecv 6 1100 648 0
7 irecv 6 1300 648 0
7 send 6 1300 32 0
7 send 6 1100 32 0
7 wait 7 8 1100
7 wait 7 8 1300
7 irecv 5 2100 648 0
7 irecv 5 2300 648 0
7 send 5 2300 40 0
7 send 5 2100 40 0
7 wait 6 8 2100
7 wait 6 8 2300
7 irecv 11 3100 648 0
7 irecv 3 3300 648 0
7 send 11 3300 100 0
7 send 3 3100 100 0
7 wait 12 8 3100
7 wait 4 8 3300
7 irecv 6 1100 648 0
7 irecv 6 1300 648 0
7 send 6 1300 32 0
7 send 6 1100 32 0
7 wait 7 8 1100
7 wait 7 8 1300
7 irecv 5 2100 648 0
7 irecv 5 2300 648 0
7 send 5 2300 40 0
7 send 5 2100 40 0
7 wait 6 8 2100
7 wait 6 8 2300
7 irecv 11 3100 648 0
7 irecv 3 3300 648 0
7 send 11 3300 100 0
7 send 3 3100 100 0
7 wait 12 8 3100
7 wait 4 8 3300
7 irecv 6 1100 648 0
7 irecv 6 1300 648 0
7 send 6 1300 128 0
7 send 6 1100 128 0
7 wait 7 8 1100
7 wait 7 8 1300
7 irecv 5 2100 648 0
7 irecv 5 2300 648 0
7 send 5 2300 144 0
7 send 5 2100 144 0
7 wait 6 8 2100
7 wait 6 8 2300
7 irecv 11 3100 648 0
7 irecv 3 3300 648 0
7 send 11 3300 324 0
7 send 3 3100 324 0
7 wait 12 8 3100
7 wait 4 8 3300
7 irecv 6 1100 648 0
7 irecv 6 1300 648 0
7 send 6 1300 128 0
7 send 6 1100 128 0
7 wait 7 8 1100
7 wait 7 8 1300
7 irecv 5 2100 648 0
7 irecv 5 2300 648 0
7 send 5 2300 144 0
7 send 5 2100 144 0
7 wait 6 8 2100
7 wait 6 8 2300
7 irecv 11 3100 648 0
7 irecv 3 3300 648 0
7 send 11 3300 324 0
7 send 3 3100 324 0
7 wait 12 8 3100
7 wait 4 8 3300
7 irecv 6 1100 648 0
7 irecv 6 1300 648 0
7 send 6 1300 128 0
7 send 6 1100 128 0
7 wait 7 8 1100
7 wait 7 8 1300
7 irecv 5 2100 648 0
7 irecv 5 2300 648 0
7 send 5 2300 144 0
7 send 5 2100 144 0
7 wait 6 8 2100
7 wait 6 8 2300
7 irecv 11 3100 648 0
7 irecv 3 3300 648 0
7 send 11 3300 324 0
7 send 3 3100 324 0
7 wait 12 8 3100
7 wait 4 8 3300
7 irecv 6 1100 648 0
7 irecv 6 1300 648 0
7 send 6 1300 32 0
7 send 6 1100 32 0
7 wait 7 8 1100
7 wait 7 8 1300
7 irecv 5 2100 648 0
7 irecv 5 2300 648 0
7 send 5 2300 40 0
7 send 5 2100 40 0
7 wait 6 8 2100
7 wait 6 8 2300
7 irecv 11 3100 648 0
7 irecv 3 3300 648 0
7 send 11 3300 100 0
7 send 3 3100 100 0
7 wait 12 8 3100
7 wait 4 8 3300
7 irecv 6 1100 648 0
7 irecv 6 1300 648 0
7 send 6 1300 8 0
7 send 6 1100 8 0
7 wait 7 8 1100
7 wait 7 8 1300
7 irecv 5 2100 648 0
7 irecv 5 2300 648 0
7 send 5 2300 12 0
7 send 5 2100 12 0
7 wait 6 8 2100
7 wait 6 8 2300
7 irecv 11 3100 648 0
7 irecv 3 3300 648 0
7 send 11 3300 36 0
7 send 3 3100 36 0
7 wait 12 8 3100
7 wait 4 8 3300
7 irecv 6 1100 648 0
7 irecv 6 1300 648 0
7 send 6 1300 2 0
7 send 6 1100 2 0
7 wait 7 8 1100
7 wait 7 8 1300
7 irecv 5 2100 648 0
7 irecv 5 2300 648 0
7 send 5 2300 4 0
7 send 5 2100 4 0
7 wait 6 8 2100
7 wait 6 8 2300
7 irecv 11 3100 648 0
7 irecv 3 3300 648 0
7 send 11 3300 16 0
7 send 3 3100 16 0
7 wait 12 8 3100
7 wait 4 8 3300
7 irecv 6 1100 648 0
7 irecv 6 1300 648 0
7 send 6 1300 1 0
7 send 6 1100 1 0
7 wait 7 8 1100
7 wait 7 8 1300
7 irecv 5 2100 648 0
7 irecv 5 2300 648 0
7 send 5 2300 3 0
7 send 5 2100 3 0
7 wait 6 8 2100
7 wait 6 8 2300
7 irecv 15 3100 648 0
7 irecv 15 3300 648 0
7 send 15 3300 9 0
7 send 15 3100 9 0
7 wait 16 8 3100
7 wait 16 8 3300
7 irecv 6 1100 648 0
7 irecv 6 1300 648 0
7 send 6 1300 1 0
7 send 6 1100 1 0
7 wait 7 8 1100
7 wait 7 8 1300
7 irecv 5 2100 648 0
7 irecv 5 2300 648 0
7 send 5 2300 3 0
7 send 5 2100 3 0
7 wait 6 8 2100
7 wait 6 8 2300
7 irecv 15 3100 648 0
7 irecv 15 3300 648 0
7 send 15 3300 9 0
7 send 15 3100 9 0
7 wait 16 8 3100
7 wait 16 8 3300
7 send 11 3300 32 0
7 send 3 3100 16 0
7 irecv 6 1100 648 0
7 irecv 6 1300 648 0
7 send 6 1300 2 0
7 send 6 1100 2 0
7 wait 7 8 1100
7 wait 7 8 1300
7 irecv 5 2100 648 0
7 irecv 5 2300 648 0
7 send 5 2300 4 0
7 send 5 2100 4 0
7 wait 6 8 2100
7 wait 6 8 2300
7 irecv 11 3100 648 0
7 irecv 3 3300 648 0
7 send 11 3300 16 0
7 send 3 3100 16 0
7 wait 12 8 3100
7 wait 4 8 3300
7 irecv 6 1100 648 0
7 irecv 6 1300 648 0
7 send 6 1300 2 0
7 send 6 1100 2 0
7 wait 7 8 1100
7 wait 7 8 1300
7 irecv 5 2100 648 0
7 irecv 5 2300 648 0
7 send 5 2300 4 0
7 send 5 2100 4 0
7 wait 6 8 2100
7 wait 6 8 2300
7 irecv 11 3100 648 0
7 irecv 3 3300 648 0
7 send 11 3300 16 0
7 send 3 3100 16 0
7 wait 12 8 3100
7 wait 4 8 3300
7 irecv 6 1100 648 0
7 irecv 6 1300 648 0
7 send 6 1300 8 0
7 send 6 1100 8 0
7 wait 7 8 1100
7 wait 7 8 1300
7 irecv 5 2100 648 0
7 irecv 5 2300 648 0
7 send 5 2300 12 0
7 send 5 2100 12 0
7 wait 6 8 2100
7 wait 6 8 2300
7 irecv 11 3100 648 0
7 irecv 3 3300 648 0
7 send 11 3300 36 0
7 send 3 3100 36 0
7 wait 12 8 3100
7 wait 4 8 3300
7 irecv 6 1100 648 0
7 irecv 6 1300 648 0
7 send 6 1300 8 0
7 send 6 1100 8 0
7 wait 7 8 1100
7 wait 7 8 1300
7 irecv 5 2100 648 0
7 irecv 5 2300 648 0
7 send 5 2300 12 0
7 send 5 2100 12 0
7 wait 6 8 2100
7 wait 6 8 2300
7 irecv 11 3100 648 0
7 irecv 3 3300 648 0
7 send 11 3300 36 0
7 send 3 3100 36 0
7 wait 12 8 3100
7 wait 4 8 3300
7 irecv 6 1100 648 0
7 irecv 6 1300 648 0
7 send 6 1300 32 0
7 send 6 1100 32 0
7 wait 7 8 1100
7 wait 7 8 1300
7 irecv 5 2100 648 0
7 irecv 5 2300 648 0
7 send 5 2300 40 0
7 send 5 2100 40 0
7 wait 6 8 2100
7 wait 6 8 2300
7 irecv 11 3100 648 0
7 irecv 3 3300 648 0
7 send 11 3300 100 0
7 send 3 3100 100 0
7 wait 12 8 3100
7 wait 4 8 3300
7 irecv 6 1100 648 0
7 irecv 6 1300 648 0
7 send 6 1300 32 0
7 send 6 1100 32 0
7 wait 7 8 1100
7 wait 7 8 1300
7 irecv 5 2100 648 0
7 irecv 5 2300 648 0
7 send 5 2300 40 0
7 send 5 2100 40 0
7 wait 6 8 2100
7 wait 6 8 2300
7 irecv 11 3100 648 0
7 irecv 3 3300 648 0
7 send 11 3300 100 0
7 send 3 3100 100 0
7 wait 12 8 3100
7 wait 4 8 3300
7 irecv 6 1100 648 0
7 irecv 6 1300 648 0
7 send 6 1300 128 0
7 send 6 1100 128 0
7 wait 7 8 1100
7 wait 7 8 1300
7 irecv 5 2100 648 0
7 irecv 5 2300 648 0
7 send 5 2300 144 0
7 send 5 2100 144 0
7 wait 6 8 2100
7 wait 6 8 2300
7 irecv 11 3100 648 0
7 irecv 3 3300 648 0
7 send 11 3300 324 0
7 send 3 3100 324 0
7 wait 12 8 3100
7 wait 4 8 3300
7 irecv 6 1100 648 0
7 irecv 6 1300 648 0
7 send 6 1300 128 0
7 send 6 1100 128 0
7 wait 7 8 1100
7 wait 7 8 1300
7 irecv 5 2100 648 0
7 irecv 5 2300 648 0
7 send 5 2300 144 0
7 send 5 2100 144 0
7 wait 6 8 2100
7 wait 6 8 2300
7 irecv 11 3100 648 0
7 irecv 3 3300 648 0
7 send 11 3300 324 0
7 send 3 3100 324 0
7 wait 12 8 3100
7 wait 4 8 3300
7 irecv 6 1100 648 0
7 irecv 6 1300 648 0
7 send 6 1300 128 0
7 send 6 1100 128 0
7 wait 7 8 1100
7 wait 7 8 1300
7 irecv 5 2100 648 0
7 irecv 5 2300 648 0
7 send 5 2300 144 0
7 send 5 2100 144 0
7 wait 6 8 2100
7 wait 6 8 2300
7 irecv 11 3100 648 0
7 irecv 3 3300 648 0
7 send 11 3300 324 0
7 send 3 3100 324 0
7 wait 12 8 3100
7 wait 4 8 3300
7 allreduce 1 0 0 
7 allreduce 1 0 0 
7 reduce 1 0 0 0 
7 finalize
