16 init
16 barrier
16 bcast 1 0 1 
16 bcast 1 0 1 
16 bcast 1 0 1 
16 bcast 1 0 1 
16 bcast 1 0 1 
16 bcast 8 0 1 
16 bcast 1 0 16 
16 barrier
16 allreduce 1 0 0 
16 allreduce 4 0 1 
16 allreduce 1 0 0 
16 allreduce 4 0 1 
16 allreduce 1 0 0 
16 allreduce 4 0 1 
16 allreduce 1 0 0 
16 allreduce 4 0 1 
16 allreduce 1 0 0 
16 allreduce 4 0 1 
16 allreduce 1 0 0 
16 allreduce 4 0 1 
16 allreduce 1 0 0 
16 allreduce 4 0 1 
16 allreduce 1 0 0 
16 allreduce 4 0 1 
16 allreduce 1 0 0 
16 allreduce 4 0 1 
16 allreduce 1 0 0 
16 allreduce 4 0 1 
16 allreduce 1 0 0 
16 allreduce 4 0 1 
16 allreduce 1 0 0 
16 allreduce 4 0 1 
16 allreduce 1 0 0 
16 allreduce 4 0 1 
16 allreduce 1 0 0 
16 allreduce 4 0 1 
16 allreduce 1 0 0 
16 allreduce 4 0 1 
16 allreduce 1 0 0 
16 allreduce 4 0 1 
16 allreduce 1 0 0 
16 allreduce 4 0 1 
16 allreduce 1 0 0 
16 allreduce 4 0 1 
16 allreduce 1 0 0 
16 allreduce 4 0 1 
16 allreduce 1 0 0 
16 allreduce 4 0 1 
16 barrier
16 irecv 17 1100 200 0
16 irecv 19 1300 200 0
16 send 17 1300 16 0
16 send 19 1100 16 0
16 wait 18 17 1100
16 wait 20 17 1300
16 irecv 20 2100 200 0
16 irecv 12 2300 200 0
16 send 20 2300 40 0
16 send 12 2100 40 0
16 wait 21 17 2100
16 wait 13 17 2300
16 irecv 48 3100 200 0
16 irecv 240 3300 200 0
16 send 48 3300 60 0
16 send 240 3100 60 0
16 wait 49 17 3100
16 wait 241 17 3300
16 allreduce 1 0 0 
16 allreduce 1 0 0 
16 irecv 17 1100 200 0
16 irecv 19 1300 200 0
16 send 17 1300 16 0
16 send 19 1100 16 0
16 wait 18 17 1100
16 wait 20 17 1300
16 irecv 20 2100 200 0
16 irecv 12 2300 200 0
16 send 20 2300 40 0
16 send 12 2100 40 0
16 wait 21 17 2100
16 wait 13 17 2300
16 irecv 48 3100 200 0
16 irecv 240 3300 200 0
16 send 48 3300 60 0
16 send 240 3100 60 0
16 wait 49 17 3100
16 wait 241 17 3300
16 allreduce 1 0 0 
16 allreduce 1 0 0 
16 irecv 17 1100 200 0
16 irecv 19 1300 200 0
16 send 17 1300 4 0
16 send 19 1100 4 0
16 wait 18 17 1100
16 wait 20 17 1300
16 irecv 20 2100 200 0
16 irecv 12 2300 200 0
16 send 20 2300 12 0
16 send 12 2100 12 0
16 wait 21 17 2100
16 wait 13 17 2300
16 irecv 48 3100 200 0
16 irecv 240 3300 200 0
16 send 48 3300 24 0
16 send 240 3100 24 0
16 wait 49 17 3100
16 wait 241 17 3300
16 irecv 17 1100 200 0
16 irecv 19 1300 200 0
16 send 17 1300 1 0
16 send 19 1100 1 0
16 wait 18 17 1100
16 wait 20 17 1300
16 irecv 20 2100 200 0
16 irecv 12 2300 200 0
16 send 20 2300 4 0
16 send 12 2100 4 0
16 wait 21 17 2100
16 wait 13 17 2300
16 irecv 48 3100 200 0
16 irecv 240 3300 200 0
16 send 48 3300 12 0
16 send 240 3100 12 0
16 wait 49 17 3100
16 wait 241 17 3300
16 irecv 17 1100 200 0
16 irecv 19 1300 200 0
16 wait 18 17 1100
16 wait 20 17 1300
16 irecv 20 2100 200 0
16 irecv 12 2300 200 0
16 wait 21 17 2100
16 wait 13 17 2300
16 irecv 48 3100 200 0
16 irecv 240 3300 200 0
16 wait 49 17 3100
16 wait 241 17 3300
16 irecv 17 1100 200 0
16 irecv 19 1300 200 0
16 send 17 1300 1 0
16 send 19 1100 1 0
16 wait 18 17 1100
16 wait 20 17 1300
16 irecv 20 2100 200 0
16 irecv 12 2300 200 0
16 send 20 2300 4 0
16 send 12 2100 4 0
16 wait 21 17 2100
16 wait 13 17 2300
16 irecv 48 3100 200 0
16 irecv 240 3300 200 0
16 send 48 3300 12 0
16 send 240 3100 12 0
16 wait 49 17 3100
16 wait 241 17 3300
16 irecv 17 1100 200 0
16 irecv 19 1300 200 0
16 send 17 1300 1 0
16 send 19 1100 1 0
16 wait 18 17 1100
16 wait 20 17 1300
16 irecv 20 2100 200 0
16 irecv 12 2300 200 0
16 send 20 2300 4 0
16 send 12 2100 4 0
16 wait 21 17 2100
16 wait 13 17 2300
16 irecv 48 3100 200 0
16 irecv 240 3300 200 0
16 send 48 3300 12 0
16 send 240 3100 12 0
16 wait 49 17 3100
16 wait 241 17 3300
16 irecv 17 1100 200 0
16 irecv 19 1300 200 0
16 send 17 1300 4 0
16 send 19 1100 4 0
16 wait 18 17 1100
16 wait 20 17 1300
16 irecv 20 2100 200 0
16 irecv 12 2300 200 0
16 send 20 2300 12 0
16 send 12 2100 12 0
16 wait 21 17 2100
16 wait 13 17 2300
16 irecv 48 3100 200 0
16 irecv 240 3300 200 0
16 send 48 3300 24 0
16 send 240 3100 24 0
16 wait 49 17 3100
16 wait 241 17 3300
16 irecv 17 1100 200 0
16 irecv 19 1300 200 0
16 send 17 1300 4 0
16 send 19 1100 4 0
16 wait 18 17 1100
16 wait 20 17 1300
16 irecv 20 2100 200 0
16 irecv 12 2300 200 0
16 send 20 2300 12 0
16 send 12 2100 12 0
16 wait 21 17 2100
16 wait 13 17 2300
16 irecv 48 3100 200 0
16 irecv 240 3300 200 0
16 send 48 3300 24 0
16 send 240 3100 24 0
16 wait 49 17 3100
16 wait 241 17 3300
16 irecv 17 1100 200 0
16 irecv 19 1300 200 0
16 send 17 1300 16 0
16 send 19 1100 16 0
16 wait 18 17 1100
16 wait 20 17 1300
16 irecv 20 2100 200 0
16 irecv 12 2300 200 0
16 send 20 2300 40 0
16 send 12 2100 40 0
16 wait 21 17 2100
16 wait 13 17 2300
16 irecv 48 3100 200 0
16 irecv 240 3300 200 0
16 send 48 3300 60 0
16 send 240 3100 60 0
16 wait 49 17 3100
16 wait 241 17 3300
16 irecv 17 1100 200 0
16 irecv 19 1300 200 0
16 send 17 1300 16 0
16 send 19 1100 16 0
16 wait 18 17 1100
16 wait 20 17 1300
16 irecv 20 2100 200 0
16 irecv 12 2300 200 0
16 send 20 2300 40 0
16 send 12 2100 40 0
16 wait 21 17 2100
16 wait 13 17 2300
16 irecv 48 3100 200 0
16 irecv 240 3300 200 0
16 send 48 3300 60 0
16 send 240 3100 60 0
16 wait 49 17 3100
16 wait 241 17 3300
16 irecv 17 1100 200 0
16 irecv 19 1300 200 0
16 send 17 1300 16 0
16 send 19 1100 16 0
16 wait 18 17 1100
16 wait 20 17 1300
16 irecv 20 2100 200 0
16 irecv 12 2300 200 0
16 send 20 2300 40 0
16 send 12 2100 40 0
16 wait 21 17 2100
16 wait 13 17 2300
16 irecv 48 3100 200 0
16 irecv 240 3300 200 0
16 send 48 3300 60 0
16 send 240 3100 60 0
16 wait 49 17 3100
16 wait 241 17 3300
16 barrier
16 allreduce 1 0 0 
16 allreduce 4 0 1 
16 allreduce 1 0 0 
16 allreduce 4 0 1 
16 allreduce 1 0 0 
16 allreduce 4 0 1 
16 allreduce 1 0 0 
16 allreduce 4 0 1 
16 allreduce 1 0 0 
16 allreduce 4 0 1 
16 allreduce 1 0 0 
16 allreduce 4 0 1 
16 allreduce 1 0 0 
16 allreduce 4 0 1 
16 allreduce 1 0 0 
16 allreduce 4 0 1 
16 allreduce 1 0 0 
16 allreduce 4 0 1 
16 allreduce 1 0 0 
16 allreduce 4 0 1 
16 allreduce 1 0 0 
16 allreduce 4 0 1 
16 allreduce 1 0 0 
16 allreduce 4 0 1 
16 allreduce 1 0 0 
16 allreduce 4 0 1 
16 allreduce 1 0 0 
16 allreduce 4 0 1 
16 allreduce 1 0 0 
16 allreduce 4 0 1 
16 allreduce 1 0 0 
16 allreduce 4 0 1 
16 allreduce 1 0 0 
16 allreduce 4 0 1 
16 allreduce 1 0 0 
16 allreduce 4 0 1 
16 allreduce 1 0 0 
16 allreduce 4 0 1 
16 allreduce 1 0 0 
16 allreduce 4 0 1 
16 barrier
16 irecv 17 1100 200 0
16 irecv 19 1300 200 0
16 send 17 1300 16 0
16 send 19 1100 16 0
16 wait 18 17 1100
16 wait 20 17 1300
16 irecv 20 2100 200 0
16 irecv 12 2300 200 0
16 send 20 2300 40 0
16 send 12 2100 40 0
16 wait 21 17 2100
16 wait 13 17 2300
16 irecv 48 3100 200 0
16 irecv 240 3300 200 0
16 send 48 3300 60 0
16 send 240 3100 60 0
16 wait 49 17 3100
16 wait 241 17 3300
16 barrier
16 irecv 17 1100 200 0
16 irecv 19 1300 200 0
16 send 17 1300 16 0
16 send 19 1100 16 0
16 wait 18 17 1100
16 wait 20 17 1300
16 irecv 20 2100 200 0
16 irecv 12 2300 200 0
16 send 20 2300 40 0
16 send 12 2100 40 0
16 wait 21 17 2100
16 wait 13 17 2300
16 irecv 48 3100 200 0
16 irecv 240 3300 200 0
16 send 48 3300 60 0
16 send 240 3100 60 0
16 wait 49 17 3100
16 wait 241 17 3300
16 allreduce 1 0 0 
16 allreduce 1 0 0 
16 irecv 17 1100 200 0
16 irecv 19 1300 200 0
16 send 17 1300 4 0
16 send 19 1100 4 0
16 wait 18 17 1100
16 wait 20 17 1300
16 irecv 20 2100 200 0
16 irecv 12 2300 200 0
16 send 20 2300 12 0
16 send 12 2100 12 0
16 wait 21 17 2100
16 wait 13 17 2300
16 irecv 48 3100 200 0
16 irecv 240 3300 200 0
16 send 48 3300 24 0
16 send 240 3100 24 0
16 wait 49 17 3100
16 wait 241 17 3300
16 irecv 17 1100 200 0
16 irecv 19 1300 200 0
16 send 17 1300 1 0
16 send 19 1100 1 0
16 wait 18 17 1100
16 wait 20 17 1300
16 irecv 20 2100 200 0
16 irecv 12 2300 200 0
16 send 20 2300 4 0
16 send 12 2100 4 0
16 wait 21 17 2100
16 wait 13 17 2300
16 irecv 48 3100 200 0
16 irecv 240 3300 200 0
16 send 48 3300 12 0
16 send 240 3100 12 0
16 wait 49 17 3100
16 wait 241 17 3300
16 irecv 17 1100 200 0
16 irecv 19 1300 200 0
16 wait 18 17 1100
16 wait 20 17 1300
16 irecv 20 2100 200 0
16 irecv 12 2300 200 0
16 wait 21 17 2100
16 wait 13 17 2300
16 irecv 48 3100 200 0
16 irecv 240 3300 200 0
16 wait 49 17 3100
16 wait 241 17 3300
16 irecv 17 1100 200 0
16 irecv 19 1300 200 0
16 send 17 1300 1 0
16 send 19 1100 1 0
16 wait 18 17 1100
16 wait 20 17 1300
16 irecv 20 2100 200 0
16 irecv 12 2300 200 0
16 send 20 2300 4 0
16 send 12 2100 4 0
16 wait 21 17 2100
16 wait 13 17 2300
16 irecv 48 3100 200 0
16 irecv 240 3300 200 0
16 send 48 3300 12 0
16 send 240 3100 12 0
16 wait 49 17 3100
16 wait 241 17 3300
16 irecv 17 1100 200 0
16 irecv 19 1300 200 0
16 send 17 1300 1 0
16 send 19 1100 1 0
16 wait 18 17 1100
16 wait 20 17 1300
16 irecv 20 2100 200 0
16 irecv 12 2300 200 0
16 send 20 2300 4 0
16 send 12 2100 4 0
16 wait 21 17 2100
16 wait 13 17 2300
16 irecv 48 3100 200 0
16 irecv 240 3300 200 0
16 send 48 3300 12 0
16 send 240 3100 12 0
16 wait 49 17 3100
16 wait 241 17 3300
16 irecv 17 1100 200 0
16 irecv 19 1300 200 0
16 send 17 1300 4 0
16 send 19 1100 4 0
16 wait 18 17 1100
16 wait 20 17 1300
16 irecv 20 2100 200 0
16 irecv 12 2300 200 0
16 send 20 2300 12 0
16 send 12 2100 12 0
16 wait 21 17 2100
16 wait 13 17 2300
16 irecv 48 3100 200 0
16 irecv 240 3300 200 0
16 send 48 3300 24 0
16 send 240 3100 24 0
16 wait 49 17 3100
16 wait 241 17 3300
16 irecv 17 1100 200 0
16 irecv 19 1300 200 0
16 send 17 1300 4 0
16 send 19 1100 4 0
16 wait 18 17 1100
16 wait 20 17 1300
16 irecv 20 2100 200 0
16 irecv 12 2300 200 0
16 send 20 2300 12 0
16 send 12 2100 12 0
16 wait 21 17 2100
16 wait 13 17 2300
16 irecv 48 3100 200 0
16 irecv 240 3300 200 0
16 send 48 3300 24 0
16 send 240 3100 24 0
16 wait 49 17 3100
16 wait 241 17 3300
16 irecv 17 1100 200 0
16 irecv 19 1300 200 0
16 send 17 1300 16 0
16 send 19 1100 16 0
16 wait 18 17 1100
16 wait 20 17 1300
16 irecv 20 2100 200 0
16 irecv 12 2300 200 0
16 send 20 2300 40 0
16 send 12 2100 40 0
16 wait 21 17 2100
16 wait 13 17 2300
16 irecv 48 3100 200 0
16 irecv 240 3300 200 0
16 send 48 3300 60 0
16 send 240 3100 60 0
16 wait 49 17 3100
16 wait 241 17 3300
16 irecv 17 1100 200 0
16 irecv 19 1300 200 0
16 send 17 1300 16 0
16 send 19 1100 16 0
16 wait 18 17 1100
16 wait 20 17 1300
16 irecv 20 2100 200 0
16 irecv 12 2300 200 0
16 send 20 2300 40 0
16 send 12 2100 40 0
16 wait 21 17 2100
16 wait 13 17 2300
16 irecv 48 3100 200 0
16 irecv 240 3300 200 0
16 send 48 3300 60 0
16 send 240 3100 60 0
16 wait 49 17 3100
16 wait 241 17 3300
16 irecv 17 1100 200 0
16 irecv 19 1300 200 0
16 send 17 1300 16 0
16 send 19 1100 16 0
16 wait 18 17 1100
16 wait 20 17 1300
16 irecv 20 2100 200 0
16 irecv 12 2300 200 0
16 send 20 2300 40 0
16 send 12 2100 40 0
16 wait 21 17 2100
16 wait 13 17 2300
16 irecv 48 3100 200 0
16 irecv 240 3300 200 0
16 send 48 3300 60 0
16 send 240 3100 60 0
16 wait 49 17 3100
16 wait 241 17 3300
16 irecv 17 1100 200 0
16 irecv 19 1300 200 0
16 send 17 1300 4 0
16 send 19 1100 4 0
16 wait 18 17 1100
16 wait 20 17 1300
16 irecv 20 2100 200 0
16 irecv 12 2300 200 0
16 send 20 2300 12 0
16 send 12 2100 12 0
16 wait 21 17 2100
16 wait 13 17 2300
16 irecv 48 3100 200 0
16 irecv 240 3300 200 0
16 send 48 3300 24 0
16 send 240 3100 24 0
16 wait 49 17 3100
16 wait 241 17 3300
16 irecv 17 1100 200 0
16 irecv 19 1300 200 0
16 send 17 1300 1 0
16 send 19 1100 1 0
16 wait 18 17 1100
16 wait 20 17 1300
16 irecv 20 2100 200 0
16 irecv 12 2300 200 0
16 send 20 2300 4 0
16 send 12 2100 4 0
16 wait 21 17 2100
16 wait 13 17 2300
16 irecv 48 3100 200 0
16 irecv 240 3300 200 0
16 send 48 3300 12 0
16 send 240 3100 12 0
16 wait 49 17 3100
16 wait 241 17 3300
16 irecv 17 1100 200 0
16 irecv 19 1300 200 0
16 wait 18 17 1100
16 wait 20 17 1300
16 irecv 20 2100 200 0
16 irecv 12 2300 200 0
16 wait 21 17 2100
16 wait 13 17 2300
16 irecv 48 3100 200 0
16 irecv 240 3300 200 0
16 wait 49 17 3100
16 wait 241 17 3300
16 irecv 17 1100 200 0
16 irecv 19 1300 200 0
16 send 17 1300 1 0
16 send 19 1100 1 0
16 wait 18 17 1100
16 wait 20 17 1300
16 irecv 20 2100 200 0
16 irecv 12 2300 200 0
16 send 20 2300 4 0
16 send 12 2100 4 0
16 wait 21 17 2100
16 wait 13 17 2300
16 irecv 48 3100 200 0
16 irecv 240 3300 200 0
16 send 48 3300 12 0
16 send 240 3100 12 0
16 wait 49 17 3100
16 wait 241 17 3300
16 irecv 17 1100 200 0
16 irecv 19 1300 200 0
16 send 17 1300 1 0
16 send 19 1100 1 0
16 wait 18 17 1100
16 wait 20 17 1300
16 irecv 20 2100 200 0
16 irecv 12 2300 200 0
16 send 20 2300 4 0
16 send 12 2100 4 0
16 wait 21 17 2100
16 wait 13 17 2300
16 irecv 48 3100 200 0
16 irecv 240 3300 200 0
16 send 48 3300 12 0
16 send 240 3100 12 0
16 wait 49 17 3100
16 wait 241 17 3300
16 irecv 17 1100 200 0
16 irecv 19 1300 200 0
16 send 17 1300 4 0
16 send 19 1100 4 0
16 wait 18 17 1100
16 wait 20 17 1300
16 irecv 20 2100 200 0
16 irecv 12 2300 200 0
16 send 20 2300 12 0
16 send 12 2100 12 0
16 wait 21 17 2100
16 wait 13 17 2300
16 irecv 48 3100 200 0
16 irecv 240 3300 200 0
16 send 48 3300 24 0
16 send 240 3100 24 0
16 wait 49 17 3100
16 wait 241 17 3300
16 irecv 17 1100 200 0
16 irecv 19 1300 200 0
16 send 17 1300 4 0
16 send 19 1100 4 0
16 wait 18 17 1100
16 wait 20 17 1300
16 irecv 20 2100 200 0
16 irecv 12 2300 200 0
16 send 20 2300 12 0
16 send 12 2100 12 0
16 wait 21 17 2100
16 wait 13 17 2300
16 irecv 48 3100 200 0
16 irecv 240 3300 200 0
16 send 48 3300 24 0
16 send 240 3100 24 0
16 wait 49 17 3100
16 wait 241 17 3300
16 irecv 17 1100 200 0
16 irecv 19 1300 200 0
16 send 17 1300 16 0
16 send 19 1100 16 0
16 wait 18 17 1100
16 wait 20 17 1300
16 irecv 20 2100 200 0
16 irecv 12 2300 200 0
16 send 20 2300 40 0
16 send 12 2100 40 0
16 wait 21 17 2100
16 wait 13 17 2300
16 irecv 48 3100 200 0
16 irecv 240 3300 200 0
16 send 48 3300 60 0
16 send 240 3100 60 0
16 wait 49 17 3100
16 wait 241 17 3300
16 irecv 17 1100 200 0
16 irecv 19 1300 200 0
16 send 17 1300 16 0
16 send 19 1100 16 0
16 wait 18 17 1100
16 wait 20 17 1300
16 irecv 20 2100 200 0
16 irecv 12 2300 200 0
16 send 20 2300 40 0
16 send 12 2100 40 0
16 wait 21 17 2100
16 wait 13 17 2300
16 irecv 48 3100 200 0
16 irecv 240 3300 200 0
16 send 48 3300 60 0
16 send 240 3100 60 0
16 wait 49 17 3100
16 wait 241 17 3300
16 irecv 17 1100 200 0
16 irecv 19 1300 200 0
16 send 17 1300 16 0
16 send 19 1100 16 0
16 wait 18 17 1100
16 wait 20 17 1300
16 irecv 20 2100 200 0
16 irecv 12 2300 200 0
16 send 20 2300 40 0
16 send 12 2100 40 0
16 wait 21 17 2100
16 wait 13 17 2300
16 irecv 48 3100 200 0
16 irecv 240 3300 200 0
16 send 48 3300 60 0
16 send 240 3100 60 0
16 wait 49 17 3100
16 wait 241 17 3300
16 irecv 17 1100 200 0
16 irecv 19 1300 200 0
16 send 17 1300 4 0
16 send 19 1100 4 0
16 wait 18 17 1100
16 wait 20 17 1300
16 irecv 20 2100 200 0
16 irecv 12 2300 200 0
16 send 20 2300 12 0
16 send 12 2100 12 0
16 wait 21 17 2100
16 wait 13 17 2300
16 irecv 48 3100 200 0
16 irecv 240 3300 200 0
16 send 48 3300 24 0
16 send 240 3100 24 0
16 wait 49 17 3100
16 wait 241 17 3300
16 irecv 17 1100 200 0
16 irecv 19 1300 200 0
16 send 17 1300 1 0
16 send 19 1100 1 0
16 wait 18 17 1100
16 wait 20 17 1300
16 irecv 20 2100 200 0
16 irecv 12 2300 200 0
16 send 20 2300 4 0
16 send 12 2100 4 0
16 wait 21 17 2100
16 wait 13 17 2300
16 irecv 48 3100 200 0
16 irecv 240 3300 200 0
16 send 48 3300 12 0
16 send 240 3100 12 0
16 wait 49 17 3100
16 wait 241 17 3300
16 irecv 17 1100 200 0
16 irecv 19 1300 200 0
16 wait 18 17 1100
16 wait 20 17 1300
16 irecv 20 2100 200 0
16 irecv 12 2300 200 0
16 wait 21 17 2100
16 wait 13 17 2300
16 irecv 48 3100 200 0
16 irecv 240 3300 200 0
16 wait 49 17 3100
16 wait 241 17 3300
16 irecv 17 1100 200 0
16 irecv 19 1300 200 0
16 send 17 1300 1 0
16 send 19 1100 1 0
16 wait 18 17 1100
16 wait 20 17 1300
16 irecv 20 2100 200 0
16 irecv 12 2300 200 0
16 send 20 2300 4 0
16 send 12 2100 4 0
16 wait 21 17 2100
16 wait 13 17 2300
16 irecv 48 3100 200 0
16 irecv 240 3300 200 0
16 send 48 3300 12 0
16 send 240 3100 12 0
16 wait 49 17 3100
16 wait 241 17 3300
16 irecv 17 1100 200 0
16 irecv 19 1300 200 0
16 send 17 1300 1 0
16 send 19 1100 1 0
16 wait 18 17 1100
16 wait 20 17 1300
16 irecv 20 2100 200 0
16 irecv 12 2300 200 0
16 send 20 2300 4 0
16 send 12 2100 4 0
16 wait 21 17 2100
16 wait 13 17 2300
16 irecv 48 3100 200 0
16 irecv 240 3300 200 0
16 send 48 3300 12 0
16 send 240 3100 12 0
16 wait 49 17 3100
16 wait 241 17 3300
16 irecv 17 1100 200 0
16 irecv 19 1300 200 0
16 send 17 1300 4 0
16 send 19 1100 4 0
16 wait 18 17 1100
16 wait 20 17 1300
16 irecv 20 2100 200 0
16 irecv 12 2300 200 0
16 send 20 2300 12 0
16 send 12 2100 12 0
16 wait 21 17 2100
16 wait 13 17 2300
16 irecv 48 3100 200 0
16 irecv 240 3300 200 0
16 send 48 3300 24 0
16 send 240 3100 24 0
16 wait 49 17 3100
16 wait 241 17 3300
16 irecv 17 1100 200 0
16 irecv 19 1300 200 0
16 send 17 1300 4 0
16 send 19 1100 4 0
16 wait 18 17 1100
16 wait 20 17 1300
16 irecv 20 2100 200 0
16 irecv 12 2300 200 0
16 send 20 2300 12 0
16 send 12 2100 12 0
16 wait 21 17 2100
16 wait 13 17 2300
16 irecv 48 3100 200 0
16 irecv 240 3300 200 0
16 send 48 3300 24 0
16 send 240 3100 24 0
16 wait 49 17 3100
16 wait 241 17 3300
16 irecv 17 1100 200 0
16 irecv 19 1300 200 0
16 send 17 1300 16 0
16 send 19 1100 16 0
16 wait 18 17 1100
16 wait 20 17 1300
16 irecv 20 2100 200 0
16 irecv 12 2300 200 0
16 send 20 2300 40 0
16 send 12 2100 40 0
16 wait 21 17 2100
16 wait 13 17 2300
16 irecv 48 3100 200 0
16 irecv 240 3300 200 0
16 send 48 3300 60 0
16 send 240 3100 60 0
16 wait 49 17 3100
16 wait 241 17 3300
16 irecv 17 1100 200 0
16 irecv 19 1300 200 0
16 send 17 1300 16 0
16 send 19 1100 16 0
16 wait 18 17 1100
16 wait 20 17 1300
16 irecv 20 2100 200 0
16 irecv 12 2300 200 0
16 send 20 2300 40 0
16 send 12 2100 40 0
16 wait 21 17 2100
16 wait 13 17 2300
16 irecv 48 3100 200 0
16 irecv 240 3300 200 0
16 send 48 3300 60 0
16 send 240 3100 60 0
16 wait 49 17 3100
16 wait 241 17 3300
16 irecv 17 1100 200 0
16 irecv 19 1300 200 0
16 send 17 1300 16 0
16 send 19 1100 16 0
16 wait 18 17 1100
16 wait 20 17 1300
16 irecv 20 2100 200 0
16 irecv 12 2300 200 0
16 send 20 2300 40 0
16 send 12 2100 40 0
16 wait 21 17 2100
16 wait 13 17 2300
16 irecv 48 3100 200 0
16 irecv 240 3300 200 0
16 send 48 3300 60 0
16 send 240 3100 60 0
16 wait 49 17 3100
16 wait 241 17 3300
16 irecv 17 1100 200 0
16 irecv 19 1300 200 0
16 send 17 1300 4 0
16 send 19 1100 4 0
16 wait 18 17 1100
16 wait 20 17 1300
16 irecv 20 2100 200 0
16 irecv 12 2300 200 0
16 send 20 2300 12 0
16 send 12 2100 12 0
16 wait 21 17 2100
16 wait 13 17 2300
16 irecv 48 3100 200 0
16 irecv 240 3300 200 0
16 send 48 3300 24 0
16 send 240 3100 24 0
16 wait 49 17 3100
16 wait 241 17 3300
16 irecv 17 1100 200 0
16 irecv 19 1300 200 0
16 send 17 1300 1 0
16 send 19 1100 1 0
16 wait 18 17 1100
16 wait 20 17 1300
16 irecv 20 2100 200 0
16 irecv 12 2300 200 0
16 send 20 2300 4 0
16 send 12 2100 4 0
16 wait 21 17 2100
16 wait 13 17 2300
16 irecv 48 3100 200 0
16 irecv 240 3300 200 0
16 send 48 3300 12 0
16 send 240 3100 12 0
16 wait 49 17 3100
16 wait 241 17 3300
16 irecv 17 1100 200 0
16 irecv 19 1300 200 0
16 wait 18 17 1100
16 wait 20 17 1300
16 irecv 20 2100 200 0
16 irecv 12 2300 200 0
16 wait 21 17 2100
16 wait 13 17 2300
16 irecv 48 3100 200 0
16 irecv 240 3300 200 0
16 wait 49 17 3100
16 wait 241 17 3300
16 irecv 17 1100 200 0
16 irecv 19 1300 200 0
16 send 17 1300 1 0
16 send 19 1100 1 0
16 wait 18 17 1100
16 wait 20 17 1300
16 irecv 20 2100 200 0
16 irecv 12 2300 200 0
16 send 20 2300 4 0
16 send 12 2100 4 0
16 wait 21 17 2100
16 wait 13 17 2300
16 irecv 48 3100 200 0
16 irecv 240 3300 200 0
16 send 48 3300 12 0
16 send 240 3100 12 0
16 wait 49 17 3100
16 wait 241 17 3300
16 irecv 17 1100 200 0
16 irecv 19 1300 200 0
16 send 17 1300 1 0
16 send 19 1100 1 0
16 wait 18 17 1100
16 wait 20 17 1300
16 irecv 20 2100 200 0
16 irecv 12 2300 200 0
16 send 20 2300 4 0
16 send 12 2100 4 0
16 wait 21 17 2100
16 wait 13 17 2300
16 irecv 48 3100 200 0
16 irecv 240 3300 200 0
16 send 48 3300 12 0
16 send 240 3100 12 0
16 wait 49 17 3100
16 wait 241 17 3300
16 irecv 17 1100 200 0
16 irecv 19 1300 200 0
16 send 17 1300 4 0
16 send 19 1100 4 0
16 wait 18 17 1100
16 wait 20 17 1300
16 irecv 20 2100 200 0
16 irecv 12 2300 200 0
16 send 20 2300 12 0
16 send 12 2100 12 0
16 wait 21 17 2100
16 wait 13 17 2300
16 irecv 48 3100 200 0
16 irecv 240 3300 200 0
16 send 48 3300 24 0
16 send 240 3100 24 0
16 wait 49 17 3100
16 wait 241 17 3300
16 irecv 17 1100 200 0
16 irecv 19 1300 200 0
16 send 17 1300 4 0
16 send 19 1100 4 0
16 wait 18 17 1100
16 wait 20 17 1300
16 irecv 20 2100 200 0
16 irecv 12 2300 200 0
16 send 20 2300 12 0
16 send 12 2100 12 0
16 wait 21 17 2100
16 wait 13 17 2300
16 irecv 48 3100 200 0
16 irecv 240 3300 200 0
16 send 48 3300 24 0
16 send 240 3100 24 0
16 wait 49 17 3100
16 wait 241 17 3300
16 irecv 17 1100 200 0
16 irecv 19 1300 200 0
16 send 17 1300 16 0
16 send 19 1100 16 0
16 wait 18 17 1100
16 wait 20 17 1300
16 irecv 20 2100 200 0
16 irecv 12 2300 200 0
16 send 20 2300 40 0
16 send 12 2100 40 0
16 wait 21 17 2100
16 wait 13 17 2300
16 irecv 48 3100 200 0
16 irecv 240 3300 200 0
16 send 48 3300 60 0
16 send 240 3100 60 0
16 wait 49 17 3100
16 wait 241 17 3300
16 irecv 17 1100 200 0
16 irecv 19 1300 200 0
16 send 17 1300 16 0
16 send 19 1100 16 0
16 wait 18 17 1100
16 wait 20 17 1300
16 irecv 20 2100 200 0
16 irecv 12 2300 200 0
16 send 20 2300 40 0
16 send 12 2100 40 0
16 wait 21 17 2100
16 wait 13 17 2300
16 irecv 48 3100 200 0
16 irecv 240 3300 200 0
16 send 48 3300 60 0
16 send 240 3100 60 0
16 wait 49 17 3100
16 wait 241 17 3300
16 irecv 17 1100 200 0
16 irecv 19 1300 200 0
16 send 17 1300 16 0
16 send 19 1100 16 0
16 wait 18 17 1100
16 wait 20 17 1300
16 irecv 20 2100 200 0
16 irecv 12 2300 200 0
16 send 20 2300 40 0
16 send 12 2100 40 0
16 wait 21 17 2100
16 wait 13 17 2300
16 irecv 48 3100 200 0
16 irecv 240 3300 200 0
16 send 48 3300 60 0
16 send 240 3100 60 0
16 wait 49 17 3100
16 wait 241 17 3300
16 allreduce 1 0 0 
16 allreduce 1 0 0 
16 reduce 1 0 0 0 
16 finalize
