217 init
217 barrier
217 bcast 1 0 1 
217 bcast 1 0 1 
217 bcast 1 0 1 
217 bcast 1 0 1 
217 bcast 1 0 1 
217 bcast 8 0 1 
217 bcast 1 0 16 
217 barrier
217 allreduce 1 0 0 
217 allreduce 4 0 1 
217 allreduce 1 0 0 
217 allreduce 4 0 1 
217 allreduce 1 0 0 
217 allreduce 4 0 1 
217 allreduce 1 0 0 
217 allreduce 4 0 1 
217 allreduce 1 0 0 
217 allreduce 4 0 1 
217 allreduce 1 0 0 
217 allreduce 4 0 1 
217 allreduce 1 0 0 
217 allreduce 4 0 1 
217 allreduce 1 0 0 
217 allreduce 4 0 1 
217 allreduce 1 0 0 
217 allreduce 4 0 1 
217 allreduce 1 0 0 
217 allreduce 4 0 1 
217 allreduce 1 0 0 
217 allreduce 4 0 1 
217 allreduce 1 0 0 
217 allreduce 4 0 1 
217 allreduce 1 0 0 
217 allreduce 4 0 1 
217 allreduce 1 0 0 
217 allreduce 4 0 1 
217 allreduce 1 0 0 
217 allreduce 4 0 1 
217 allreduce 1 0 0 
217 allreduce 4 0 1 
217 allreduce 1 0 0 
217 allreduce 4 0 1 
217 allreduce 1 0 0 
217 allreduce 4 0 1 
217 allreduce 1 0 0 
217 allreduce 4 0 1 
217 allreduce 1 0 0 
217 allreduce 4 0 1 
217 barrier
217 irecv 218 1100 200 0
217 irecv 216 1300 200 0
217 send 218 1300 16 0
217 send 216 1100 16 0
217 wait 219 218 1100
217 wait 217 218 1300
217 irecv 221 2100 200 0
217 irecv 213 2300 200 0
217 send 221 2300 40 0
217 send 213 2100 40 0
217 wait 222 218 2100
217 wait 214 218 2300
217 irecv 249 3100 200 0
217 irecv 185 3300 200 0
217 send 249 3300 60 0
217 send 185 3100 60 0
217 wait 250 218 3100
217 wait 186 218 3300
217 allreduce 1 0 0 
217 allreduce 1 0 0 
217 irecv 218 1100 200 0
217 irecv 216 1300 200 0
217 send 218 1300 16 0
217 send 216 1100 16 0
217 wait 219 218 1100
217 wait 217 218 1300
217 irecv 221 2100 200 0
217 irecv 213 2300 200 0
217 send 221 2300 40 0
217 send 213 2100 40 0
217 wait 222 218 2100
217 wait 214 218 2300
217 irecv 249 3100 200 0
217 irecv 185 3300 200 0
217 send 249 3300 60 0
217 send 185 3100 60 0
217 wait 250 218 3100
217 wait 186 218 3300
217 allreduce 1 0 0 
217 allreduce 1 0 0 
217 irecv 218 1100 200 0
217 irecv 216 1300 200 0
217 send 218 1300 4 0
217 send 216 1100 4 0
217 wait 219 218 1100
217 wait 217 218 1300
217 irecv 221 2100 200 0
217 irecv 213 2300 200 0
217 send 221 2300 12 0
217 send 213 2100 12 0
217 wait 222 218 2100
217 wait 214 218 2300
217 irecv 249 3100 200 0
217 irecv 185 3300 200 0
217 send 249 3300 24 0
217 send 185 3100 24 0
217 wait 250 218 3100
217 wait 186 218 3300
217 irecv 218 1100 200 0
217 irecv 216 1300 200 0
217 send 218 1300 1 0
217 send 216 1100 1 0
217 wait 219 218 1100
217 wait 217 218 1300
217 irecv 221 2100 200 0
217 irecv 213 2300 200 0
217 send 221 2300 4 0
217 send 213 2100 4 0
217 wait 222 218 2100
217 wait 214 218 2300
217 irecv 249 3100 200 0
217 irecv 185 3300 200 0
217 send 249 3300 12 0
217 send 185 3100 12 0
217 wait 250 218 3100
217 wait 186 218 3300
217 send 218 1300 8 0
217 send 216 1100 4 0
217 irecv 221 2100 200 0
217 irecv 213 2300 200 0
217 wait 222 218 2100
217 wait 214 218 2300
217 irecv 249 3100 200 0
217 irecv 185 3300 200 0
217 wait 250 218 3100
217 wait 186 218 3300
217 irecv 218 1100 200 0
217 irecv 216 1300 200 0
217 send 218 1300 1 0
217 send 216 1100 1 0
217 wait 219 218 1100
217 wait 217 218 1300
217 irecv 221 2100 200 0
217 irecv 213 2300 200 0
217 send 221 2300 4 0
217 send 213 2100 4 0
217 wait 222 218 2100
217 wait 214 218 2300
217 irecv 249 3100 200 0
217 irecv 185 3300 200 0
217 send 249 3300 12 0
217 send 185 3100 12 0
217 wait 250 218 3100
217 wait 186 218 3300
217 irecv 218 1100 200 0
217 irecv 216 1300 200 0
217 send 218 1300 1 0
217 send 216 1100 1 0
217 wait 219 218 1100
217 wait 217 218 1300
217 irecv 221 2100 200 0
217 irecv 213 2300 200 0
217 send 221 2300 4 0
217 send 213 2100 4 0
217 wait 222 218 2100
217 wait 214 218 2300
217 irecv 249 3100 200 0
217 irecv 185 3300 200 0
217 send 249 3300 12 0
217 send 185 3100 12 0
217 wait 250 218 3100
217 wait 186 218 3300
217 irecv 218 1100 200 0
217 irecv 216 1300 200 0
217 send 218 1300 4 0
217 send 216 1100 4 0
217 wait 219 218 1100
217 wait 217 218 1300
217 irecv 221 2100 200 0
217 irecv 213 2300 200 0
217 send 221 2300 12 0
217 send 213 2100 12 0
217 wait 222 218 2100
217 wait 214 218 2300
217 irecv 249 3100 200 0
217 irecv 185 3300 200 0
217 send 249 3300 24 0
217 send 185 3100 24 0
217 wait 250 218 3100
217 wait 186 218 3300
217 irecv 218 1100 200 0
217 irecv 216 1300 200 0
217 send 218 1300 4 0
217 send 216 1100 4 0
217 wait 219 218 1100
217 wait 217 218 1300
217 irecv 221 2100 200 0
217 irecv 213 2300 200 0
217 send 221 2300 12 0
217 send 213 2100 12 0
217 wait 222 218 2100
217 wait 214 218 2300
217 irecv 249 3100 200 0
217 irecv 185 3300 200 0
217 send 249 3300 24 0
217 send 185 3100 24 0
217 wait 250 218 3100
217 wait 186 218 3300
217 irecv 218 1100 200 0
217 irecv 216 1300 200 0
217 send 218 1300 16 0
217 compute 312.5
217 send 216 1100 16 0
217 wait 219 218 1100
217 wait 217 218 1300
217 irecv 221 2100 200 0
217 irecv 213 2300 200 0
217 send 221 2300 40 0
217 send 213 2100 40 0
217 wait 222 218 2100
217 wait 214 218 2300
217 irecv 249 3100 200 0
217 irecv 185 3300 200 0
217 send 249 3300 60 0
217 send 185 3100 60 0
217 wait 250 218 3100
217 wait 186 218 3300
217 irecv 218 1100 200 0
217 irecv 216 1300 200 0
217 send 218 1300 16 0
217 send 216 1100 16 0
217 wait 219 218 1100
217 wait 217 218 1300
217 irecv 221 2100 200 0
217 irecv 213 2300 200 0
217 send 221 2300 40 0
217 send 213 2100 40 0
217 wait 222 218 2100
217 wait 214 218 2300
217 irecv 249 3100 200 0
217 irecv 185 3300 200 0
217 send 249 3300 60 0
217 send 185 3100 60 0
217 wait 250 218 3100
217 wait 186 218 3300
217 irecv 218 1100 200 0
217 irecv 216 1300 200 0
217 send 218 1300 16 0
217 send 216 1100 16 0
217 wait 219 218 1100
217 wait 217 218 1300
217 irecv 221 2100 200 0
217 irecv 213 2300 200 0
217 send 221 2300 40 0
217 send 213 2100 40 0
217 wait 222 218 2100
217 wait 214 218 2300
217 irecv 249 3100 200 0
217 irecv 185 3300 200 0
217 send 249 3300 60 0
217 send 185 3100 60 0
217 wait 250 218 3100
217 wait 186 218 3300
217 barrier
217 allreduce 1 0 0 
217 allreduce 4 0 1 
217 allreduce 1 0 0 
217 allreduce 4 0 1 
217 allreduce 1 0 0 
217 allreduce 4 0 1 
217 allreduce 1 0 0 
217 allreduce 4 0 1 
217 allreduce 1 0 0 
217 allreduce 4 0 1 
217 allreduce 1 0 0 
217 allreduce 4 0 1 
217 allreduce 1 0 0 
217 allreduce 4 0 1 
217 allreduce 1 0 0 
217 allreduce 4 0 1 
217 allreduce 1 0 0 
217 allreduce 4 0 1 
217 allreduce 1 0 0 
217 allreduce 4 0 1 
217 allreduce 1 0 0 
217 allreduce 4 0 1 
217 allreduce 1 0 0 
217 allreduce 4 0 1 
217 allreduce 1 0 0 
217 allreduce 4 0 1 
217 allreduce 1 0 0 
217 allreduce 4 0 1 
217 allreduce 1 0 0 
217 allreduce 4 0 1 
217 allreduce 1 0 0 
217 allreduce 4 0 1 
217 allreduce 1 0 0 
217 allreduce 4 0 1 
217 allreduce 1 0 0 
217 allreduce 4 0 1 
217 allreduce 1 0 0 
217 allreduce 4 0 1 
217 allreduce 1 0 0 
217 allreduce 4 0 1 
217 barrier
217 irecv 218 1100 200 0
217 irecv 216 1300 200 0
217 send 218 1300 16 0
217 send 216 1100 16 0
217 wait 219 218 1100
217 wait 217 218 1300
217 irecv 221 2100 200 0
217 irecv 213 2300 200 0
217 send 221 2300 40 0
217 send 213 2100 40 0
217 wait 222 218 2100
217 wait 214 218 2300
217 irecv 249 3100 200 0
217 irecv 185 3300 200 0
217 send 249 3300 60 0
217 send 185 3100 60 0
217 wait 250 218 3100
217 wait 186 218 3300
217 barrier
217 irecv 218 1100 200 0
217 irecv 216 1300 200 0
217 send 218 1300 16 0
217 send 216 1100 16 0
217 wait 219 218 1100
217 wait 217 218 1300
217 irecv 221 2100 200 0
217 irecv 213 2300 200 0
217 send 221 2300 40 0
217 send 213 2100 40 0
217 wait 222 218 2100
217 wait 214 218 2300
217 irecv 249 3100 200 0
217 irecv 185 3300 200 0
217 send 249 3300 60 0
217 send 185 3100 60 0
217 wait 250 218 3100
217 wait 186 218 3300
217 allreduce 1 0 0 
217 allreduce 1 0 0 
217 irecv 218 1100 200 0
217 irecv 216 1300 200 0
217 send 218 1300 4 0
217 send 216 1100 4 0
217 wait 219 218 1100
217 wait 217 218 1300
217 irecv 221 2100 200 0
217 irecv 213 2300 200 0
217 send 221 2300 12 0
217 send 213 2100 12 0
217 wait 222 218 2100
217 wait 214 218 2300
217 irecv 249 3100 200 0
217 irecv 185 3300 200 0
217 send 249 3300 24 0
217 send 185 3100 24 0
217 wait 250 218 3100
217 wait 186 218 3300
217 irecv 218 1100 200 0
217 irecv 216 1300 200 0
217 send 218 1300 1 0
217 send 216 1100 1 0
217 wait 219 218 1100
217 wait 217 218 1300
217 irecv 221 2100 200 0
217 irecv 213 2300 200 0
217 send 221 2300 4 0
217 send 213 2100 4 0
217 wait 222 218 2100
217 wait 214 218 2300
217 irecv 249 3100 200 0
217 irecv 185 3300 200 0
217 send 249 3300 12 0
217 send 185 3100 12 0
217 wait 250 218 3100
217 wait 186 218 3300
217 send 218 1300 8 0
217 send 216 1100 4 0
217 irecv 221 2100 200 0
217 irecv 213 2300 200 0
217 wait 222 218 2100
217 wait 214 218 2300
217 irecv 249 3100 200 0
217 irecv 185 3300 200 0
217 wait 250 218 3100
217 wait 186 218 3300
217 irecv 218 1100 200 0
217 irecv 216 1300 200 0
217 send 218 1300 1 0
217 send 216 1100 1 0
217 wait 219 218 1100
217 wait 217 218 1300
217 irecv 221 2100 200 0
217 irecv 213 2300 200 0
217 send 221 2300 4 0
217 send 213 2100 4 0
217 wait 222 218 2100
217 wait 214 218 2300
217 irecv 249 3100 200 0
217 irecv 185 3300 200 0
217 send 249 3300 12 0
217 send 185 3100 12 0
217 wait 250 218 3100
217 wait 186 218 3300
217 irecv 218 1100 200 0
217 irecv 216 1300 200 0
217 send 218 1300 1 0
217 send 216 1100 1 0
217 wait 219 218 1100
217 wait 217 218 1300
217 irecv 221 2100 200 0
217 irecv 213 2300 200 0
217 send 221 2300 4 0
217 send 213 2100 4 0
217 wait 222 218 2100
217 wait 214 218 2300
217 irecv 249 3100 200 0
217 irecv 185 3300 200 0
217 send 249 3300 12 0
217 send 185 3100 12 0
217 wait 250 218 3100
217 wait 186 218 3300
217 irecv 218 1100 200 0
217 irecv 216 1300 200 0
217 send 218 1300 4 0
217 send 216 1100 4 0
217 wait 219 218 1100
217 wait 217 218 1300
217 irecv 221 2100 200 0
217 irecv 213 2300 200 0
217 send 221 2300 12 0
217 send 213 2100 12 0
217 wait 222 218 2100
217 wait 214 218 2300
217 irecv 249 3100 200 0
217 irecv 185 3300 200 0
217 send 249 3300 24 0
217 send 185 3100 24 0
217 wait 250 218 3100
217 wait 186 218 3300
217 irecv 218 1100 200 0
217 irecv 216 1300 200 0
217 send 218 1300 4 0
217 send 216 1100 4 0
217 wait 219 218 1100
217 wait 217 218 1300
217 irecv 221 2100 200 0
217 irecv 213 2300 200 0
217 send 221 2300 12 0
217 send 213 2100 12 0
217 wait 222 218 2100
217 wait 214 218 2300
217 irecv 249 3100 200 0
217 irecv 185 3300 200 0
217 send 249 3300 24 0
217 send 185 3100 24 0
217 wait 250 218 3100
217 wait 186 218 3300
217 irecv 218 1100 200 0
217 irecv 216 1300 200 0
217 send 218 1300 16 0
217 send 216 1100 16 0
217 wait 219 218 1100
217 wait 217 218 1300
217 irecv 221 2100 200 0
217 irecv 213 2300 200 0
217 send 221 2300 40 0
217 send 213 2100 40 0
217 wait 222 218 2100
217 wait 214 218 2300
217 irecv 249 3100 200 0
217 irecv 185 3300 200 0
217 send 249 3300 60 0
217 send 185 3100 60 0
217 wait 250 218 3100
217 wait 186 218 3300
217 irecv 218 1100 200 0
217 irecv 216 1300 200 0
217 send 218 1300 16 0
217 send 216 1100 16 0
217 wait 219 218 1100
217 wait 217 218 1300
217 irecv 221 2100 200 0
217 irecv 213 2300 200 0
217 send 221 2300 40 0
217 send 213 2100 40 0
217 wait 222 218 2100
217 wait 214 218 2300
217 irecv 249 3100 200 0
217 irecv 185 3300 200 0
217 send 249 3300 60 0
217 send 185 3100 60 0
217 wait 250 218 3100
217 wait 186 218 3300
217 irecv 218 1100 200 0
217 irecv 216 1300 200 0
217 send 218 1300 16 0
217 send 216 1100 16 0
217 wait 219 218 1100
217 wait 217 218 1300
217 irecv 221 2100 200 0
217 irecv 213 2300 200 0
217 send 221 2300 40 0
217 send 213 2100 40 0
217 wait 222 218 2100
217 wait 214 218 2300
217 irecv 249 3100 200 0
217 irecv 185 3300 200 0
217 send 249 3300 60 0
217 send 185 3100 60 0
217 wait 250 218 3100
217 wait 186 218 3300
217 irecv 218 1100 200 0
217 irecv 216 1300 200 0
217 send 218 1300 4 0
217 send 216 1100 4 0
217 wait 219 218 1100
217 wait 217 218 1300
217 irecv 221 2100 200 0
217 irecv 213 2300 200 0
217 send 221 2300 12 0
217 send 213 2100 12 0
217 wait 222 218 2100
217 wait 214 218 2300
217 irecv 249 3100 200 0
217 irecv 185 3300 200 0
217 send 249 3300 24 0
217 send 185 3100 24 0
217 wait 250 218 3100
217 wait 186 218 3300
217 irecv 218 1100 200 0
217 irecv 216 1300 200 0
217 send 218 1300 1 0
217 send 216 1100 1 0
217 wait 219 218 1100
217 wait 217 218 1300
217 irecv 221 2100 200 0
217 irecv 213 2300 200 0
217 send 221 2300 4 0
217 send 213 2100 4 0
217 wait 222 218 2100
217 wait 214 218 2300
217 irecv 249 3100 200 0
217 irecv 185 3300 200 0
217 send 249 3300 12 0
217 send 185 3100 12 0
217 wait 250 218 3100
217 wait 186 218 3300
217 send 218 1300 8 0
217 send 216 1100 4 0
217 irecv 221 2100 200 0
217 irecv 213 2300 200 0
217 wait 222 218 2100
217 wait 214 218 2300
217 irecv 249 3100 200 0
217 irecv 185 3300 200 0
217 wait 250 218 3100
217 wait 186 218 3300
217 irecv 218 1100 200 0
217 irecv 216 1300 200 0
217 send 218 1300 1 0
217 send 216 1100 1 0
217 wait 219 218 1100
217 wait 217 218 1300
217 irecv 221 2100 200 0
217 irecv 213 2300 200 0
217 send 221 2300 4 0
217 send 213 2100 4 0
217 wait 222 218 2100
217 wait 214 218 2300
217 irecv 249 3100 200 0
217 irecv 185 3300 200 0
217 send 249 3300 12 0
217 send 185 3100 12 0
217 wait 250 218 3100
217 wait 186 218 3300
217 irecv 218 1100 200 0
217 irecv 216 1300 200 0
217 send 218 1300 1 0
217 send 216 1100 1 0
217 wait 219 218 1100
217 wait 217 218 1300
217 irecv 221 2100 200 0
217 irecv 213 2300 200 0
217 send 221 2300 4 0
217 send 213 2100 4 0
217 wait 222 218 2100
217 wait 214 218 2300
217 irecv 249 3100 200 0
217 irecv 185 3300 200 0
217 send 249 3300 12 0
217 send 185 3100 12 0
217 wait 250 218 3100
217 wait 186 218 3300
217 irecv 218 1100 200 0
217 irecv 216 1300 200 0
217 send 218 1300 4 0
217 send 216 1100 4 0
217 wait 219 218 1100
217 wait 217 218 1300
217 irecv 221 2100 200 0
217 irecv 213 2300 200 0
217 send 221 2300 12 0
217 send 213 2100 12 0
217 wait 222 218 2100
217 wait 214 218 2300
217 irecv 249 3100 200 0
217 irecv 185 3300 200 0
217 send 249 3300 24 0
217 send 185 3100 24 0
217 wait 250 218 3100
217 wait 186 218 3300
217 irecv 218 1100 200 0
217 irecv 216 1300 200 0
217 send 218 1300 4 0
217 send 216 1100 4 0
217 wait 219 218 1100
217 wait 217 218 1300
217 irecv 221 2100 200 0
217 irecv 213 2300 200 0
217 send 221 2300 12 0
217 send 213 2100 12 0
217 wait 222 218 2100
217 wait 214 218 2300
217 irecv 249 3100 200 0
217 irecv 185 3300 200 0
217 send 249 3300 24 0
217 send 185 3100 24 0
217 wait 250 218 3100
217 wait 186 218 3300
217 irecv 218 1100 200 0
217 irecv 216 1300 200 0
217 send 218 1300 16 0
217 send 216 1100 16 0
217 wait 219 218 1100
217 wait 217 218 1300
217 irecv 221 2100 200 0
217 irecv 213 2300 200 0
217 send 221 2300 40 0
217 send 213 2100 40 0
217 wait 222 218 2100
217 wait 214 218 2300
217 irecv 249 3100 200 0
217 irecv 185 3300 200 0
217 send 249 3300 60 0
217 send 185 3100 60 0
217 wait 250 218 3100
217 wait 186 218 3300
217 irecv 218 1100 200 0
217 irecv 216 1300 200 0
217 send 218 1300 16 0
217 send 216 1100 16 0
217 wait 219 218 1100
217 wait 217 218 1300
217 irecv 221 2100 200 0
217 irecv 213 2300 200 0
217 send 221 2300 40 0
217 send 213 2100 40 0
217 wait 222 218 2100
217 wait 214 218 2300
217 irecv 249 3100 200 0
217 irecv 185 3300 200 0
217 send 249 3300 60 0
217 send 185 3100 60 0
217 wait 250 218 3100
217 wait 186 218 3300
217 irecv 218 1100 200 0
217 irecv 216 1300 200 0
217 send 218 1300 16 0
217 send 216 1100 16 0
217 wait 219 218 1100
217 wait 217 218 1300
217 irecv 221 2100 200 0
217 irecv 213 2300 200 0
217 send 221 2300 40 0
217 send 213 2100 40 0
217 wait 222 218 2100
217 wait 214 218 2300
217 irecv 249 3100 200 0
217 irecv 185 3300 200 0
217 send 249 3300 60 0
217 send 185 3100 60 0
217 wait 250 218 3100
217 wait 186 218 3300
217 irecv 218 1100 200 0
217 irecv 216 1300 200 0
217 send 218 1300 4 0
217 send 216 1100 4 0
217 wait 219 218 1100
217 wait 217 218 1300
217 irecv 221 2100 200 0
217 irecv 213 2300 200 0
217 send 221 2300 12 0
217 send 213 2100 12 0
217 wait 222 218 2100
217 wait 214 218 2300
217 irecv 249 3100 200 0
217 irecv 185 3300 200 0
217 send 249 3300 24 0
217 send 185 3100 24 0
217 wait 250 218 3100
217 wait 186 218 3300
217 irecv 218 1100 200 0
217 irecv 216 1300 200 0
217 send 218 1300 1 0
217 send 216 1100 1 0
217 wait 219 218 1100
217 wait 217 218 1300
217 irecv 221 2100 200 0
217 irecv 213 2300 200 0
217 send 221 2300 4 0
217 send 213 2100 4 0
217 wait 222 218 2100
217 wait 214 218 2300
217 irecv 249 3100 200 0
217 irecv 185 3300 200 0
217 send 249 3300 12 0
217 send 185 3100 12 0
217 wait 250 218 3100
217 wait 186 218 3300
217 send 218 1300 8 0
217 send 216 1100 4 0
217 irecv 221 2100 200 0
217 irecv 213 2300 200 0
217 wait 222 218 2100
217 wait 214 218 2300
217 irecv 249 3100 200 0
217 irecv 185 3300 200 0
217 wait 250 218 3100
217 wait 186 218 3300
217 irecv 218 1100 200 0
217 irecv 216 1300 200 0
217 send 218 1300 1 0
217 send 216 1100 1 0
217 wait 219 218 1100
217 wait 217 218 1300
217 irecv 221 2100 200 0
217 irecv 213 2300 200 0
217 send 221 2300 4 0
217 send 213 2100 4 0
217 wait 222 218 2100
217 wait 214 218 2300
217 irecv 249 3100 200 0
217 irecv 185 3300 200 0
217 send 249 3300 12 0
217 send 185 3100 12 0
217 wait 250 218 3100
217 wait 186 218 3300
217 irecv 218 1100 200 0
217 irecv 216 1300 200 0
217 send 218 1300 1 0
217 send 216 1100 1 0
217 wait 219 218 1100
217 wait 217 218 1300
217 irecv 221 2100 200 0
217 irecv 213 2300 200 0
217 send 221 2300 4 0
217 send 213 2100 4 0
217 wait 222 218 2100
217 wait 214 218 2300
217 irecv 249 3100 200 0
217 irecv 185 3300 200 0
217 send 249 3300 12 0
217 send 185 3100 12 0
217 wait 250 218 3100
217 wait 186 218 3300
217 irecv 218 1100 200 0
217 irecv 216 1300 200 0
217 send 218 1300 4 0
217 send 216 1100 4 0
217 wait 219 218 1100
217 wait 217 218 1300
217 irecv 221 2100 200 0
217 irecv 213 2300 200 0
217 send 221 2300 12 0
217 send 213 2100 12 0
217 wait 222 218 2100
217 wait 214 218 2300
217 irecv 249 3100 200 0
217 irecv 185 3300 200 0
217 send 249 3300 24 0
217 send 185 3100 24 0
217 wait 250 218 3100
217 wait 186 218 3300
217 irecv 218 1100 200 0
217 irecv 216 1300 200 0
217 send 218 1300 4 0
217 send 216 1100 4 0
217 wait 219 218 1100
217 wait 217 218 1300
217 irecv 221 2100 200 0
217 irecv 213 2300 200 0
217 send 221 2300 12 0
217 send 213 2100 12 0
217 wait 222 218 2100
217 wait 214 218 2300
217 irecv 249 3100 200 0
217 irecv 185 3300 200 0
217 send 249 3300 24 0
217 send 185 3100 24 0
217 wait 250 218 3100
217 wait 186 218 3300
217 irecv 218 1100 200 0
217 irecv 216 1300 200 0
217 send 218 1300 16 0
217 send 216 1100 16 0
217 wait 219 218 1100
217 wait 217 218 1300
217 irecv 221 2100 200 0
217 irecv 213 2300 200 0
217 send 221 2300 40 0
217 send 213 2100 40 0
217 wait 222 218 2100
217 wait 214 218 2300
217 irecv 249 3100 200 0
217 irecv 185 3300 200 0
217 send 249 3300 60 0
217 send 185 3100 60 0
217 wait 250 218 3100
217 wait 186 218 3300
217 irecv 218 1100 200 0
217 irecv 216 1300 200 0
217 send 218 1300 16 0
217 send 216 1100 16 0
217 wait 219 218 1100
217 wait 217 218 1300
217 irecv 221 2100 200 0
217 irecv 213 2300 200 0
217 send 221 2300 40 0
217 send 213 2100 40 0
217 wait 222 218 2100
217 wait 214 218 2300
217 irecv 249 3100 200 0
217 irecv 185 3300 200 0
217 send 249 3300 60 0
217 send 185 3100 60 0
217 wait 250 218 3100
217 wait 186 218 3300
217 irecv 218 1100 200 0
217 irecv 216 1300 200 0
217 send 218 1300 16 0
217 send 216 1100 16 0
217 wait 219 218 1100
217 wait 217 218 1300
217 irecv 221 2100 200 0
217 irecv 213 2300 200 0
217 send 221 2300 40 0
217 send 213 2100 40 0
217 wait 222 218 2100
217 wait 214 218 2300
217 irecv 249 3100 200 0
217 irecv 185 3300 200 0
217 send 249 3300 60 0
217 send 185 3100 60 0
217 wait 250 218 3100
217 wait 186 218 3300
217 irecv 218 1100 200 0
217 irecv 216 1300 200 0
217 send 218 1300 4 0
217 send 216 1100 4 0
217 wait 219 218 1100
217 wait 217 218 1300
217 irecv 221 2100 200 0
217 irecv 213 2300 200 0
217 send 221 2300 12 0
217 send 213 2100 12 0
217 wait 222 218 2100
217 wait 214 218 2300
217 irecv 249 3100 200 0
217 irecv 185 3300 200 0
217 send 249 3300 24 0
217 send 185 3100 24 0
217 wait 250 218 3100
217 wait 186 218 3300
217 irecv 218 1100 200 0
217 irecv 216 1300 200 0
217 send 218 1300 1 0
217 send 216 1100 1 0
217 wait 219 218 1100
217 wait 217 218 1300
217 irecv 221 2100 200 0
217 irecv 213 2300 200 0
217 send 221 2300 4 0
217 send 213 2100 4 0
217 wait 222 218 2100
217 wait 214 218 2300
217 irecv 249 3100 200 0
217 irecv 185 3300 200 0
217 send 249 3300 12 0
217 send 185 3100 12 0
217 wait 250 218 3100
217 wait 186 218 3300
217 send 218 1300 8 0
217 send 216 1100 4 0
217 irecv 221 2100 200 0
217 irecv 213 2300 200 0
217 wait 222 218 2100
217 wait 214 218 2300
217 irecv 249 3100 200 0
217 irecv 185 3300 200 0
217 wait 250 218 3100
217 wait 186 218 3300
217 irecv 218 1100 200 0
217 irecv 216 1300 200 0
217 send 218 1300 1 0
217 send 216 1100 1 0
217 wait 219 218 1100
217 wait 217 218 1300
217 irecv 221 2100 200 0
217 irecv 213 2300 200 0
217 send 221 2300 4 0
217 send 213 2100 4 0
217 wait 222 218 2100
217 wait 214 218 2300
217 irecv 249 3100 200 0
217 irecv 185 3300 200 0
217 send 249 3300 12 0
217 send 185 3100 12 0
217 wait 250 218 3100
217 wait 186 218 3300
217 irecv 218 1100 200 0
217 irecv 216 1300 200 0
217 send 218 1300 1 0
217 send 216 1100 1 0
217 wait 219 218 1100
217 wait 217 218 1300
217 irecv 221 2100 200 0
217 irecv 213 2300 200 0
217 send 221 2300 4 0
217 send 213 2100 4 0
217 wait 222 218 2100
217 wait 214 218 2300
217 irecv 249 3100 200 0
217 irecv 185 3300 200 0
217 send 249 3300 12 0
217 send 185 3100 12 0
217 wait 250 218 3100
217 wait 186 218 3300
217 irecv 218 1100 200 0
217 irecv 216 1300 200 0
217 send 218 1300 4 0
217 send 216 1100 4 0
217 wait 219 218 1100
217 wait 217 218 1300
217 irecv 221 2100 200 0
217 irecv 213 2300 200 0
217 send 221 2300 12 0
217 send 213 2100 12 0
217 wait 222 218 2100
217 wait 214 218 2300
217 irecv 249 3100 200 0
217 irecv 185 3300 200 0
217 send 249 3300 24 0
217 send 185 3100 24 0
217 wait 250 218 3100
217 wait 186 218 3300
217 irecv 218 1100 200 0
217 irecv 216 1300 200 0
217 send 218 1300 4 0
217 send 216 1100 4 0
217 wait 219 218 1100
217 wait 217 218 1300
217 irecv 221 2100 200 0
217 irecv 213 2300 200 0
217 send 221 2300 12 0
217 send 213 2100 12 0
217 wait 222 218 2100
217 wait 214 218 2300
217 irecv 249 3100 200 0
217 irecv 185 3300 200 0
217 send 249 3300 24 0
217 send 185 3100 24 0
217 wait 250 218 3100
217 wait 186 218 3300
217 irecv 218 1100 200 0
217 irecv 216 1300 200 0
217 send 218 1300 16 0
217 send 216 1100 16 0
217 wait 219 218 1100
217 wait 217 218 1300
217 irecv 221 2100 200 0
217 irecv 213 2300 200 0
217 send 221 2300 40 0
217 send 213 2100 40 0
217 wait 222 218 2100
217 wait 214 218 2300
217 irecv 249 3100 200 0
217 irecv 185 3300 200 0
217 send 249 3300 60 0
217 send 185 3100 60 0
217 wait 250 218 3100
217 wait 186 218 3300
217 irecv 218 1100 200 0
217 irecv 216 1300 200 0
217 send 218 1300 16 0
217 send 216 1100 16 0
217 wait 219 218 1100
217 wait 217 218 1300
217 irecv 221 2100 200 0
217 irecv 213 2300 200 0
217 send 221 2300 40 0
217 send 213 2100 40 0
217 wait 222 218 2100
217 wait 214 218 2300
217 irecv 249 3100 200 0
217 irecv 185 3300 200 0
217 send 249 3300 60 0
217 send 185 3100 60 0
217 wait 250 218 3100
217 wait 186 218 3300
217 irecv 218 1100 200 0
217 irecv 216 1300 200 0
217 send 218 1300 16 0
217 send 216 1100 16 0
217 wait 219 218 1100
217 wait 217 218 1300
217 irecv 221 2100 200 0
217 irecv 213 2300 200 0
217 send 221 2300 40 0
217 send 213 2100 40 0
217 wait 222 218 2100
217 wait 214 218 2300
217 irecv 249 3100 200 0
217 irecv 185 3300 200 0
217 send 249 3300 60 0
217 send 185 3100 60 0
217 wait 250 218 3100
217 wait 186 218 3300
217 allreduce 1 0 0 
217 allreduce 1 0 0 
217 reduce 1 0 0 0 
217 finalize
