133 init
133 barrier
133 bcast 1 0 1 
133 bcast 1 0 1 
133 bcast 1 0 1 
133 bcast 1 0 1 
133 bcast 1 0 1 
133 bcast 8 0 1 
133 bcast 1 0 16 
133 barrier
133 allreduce 1 0 0 
133 allreduce 4 0 1 
133 allreduce 1 0 0 
133 allreduce 4 0 1 
133 allreduce 1 0 0 
133 allreduce 4 0 1 
133 allreduce 1 0 0 
133 allreduce 4 0 1 
133 allreduce 1 0 0 
133 allreduce 4 0 1 
133 allreduce 1 0 0 
133 allreduce 4 0 1 
133 allreduce 1 0 0 
133 allreduce 4 0 1 
133 allreduce 1 0 0 
133 allreduce 4 0 1 
133 allreduce 1 0 0 
133 allreduce 4 0 1 
133 allreduce 1 0 0 
133 allreduce 4 0 1 
133 allreduce 1 0 0 
133 allreduce 4 0 1 
133 allreduce 1 0 0 
133 allreduce 4 0 1 
133 allreduce 1 0 0 
133 allreduce 4 0 1 
133 allreduce 1 0 0 
133 allreduce 4 0 1 
133 allreduce 1 0 0 
133 allreduce 4 0 1 
133 allreduce 1 0 0 
133 allreduce 4 0 1 
133 allreduce 1 0 0 
133 allreduce 4 0 1 
133 allreduce 1 0 0 
133 allreduce 4 0 1 
133 allreduce 1 0 0 
133 allreduce 4 0 1 
133 allreduce 1 0 0 
133 allreduce 4 0 1 
133 barrier
133 irecv 134 1100 200 0
133 irecv 132 1300 200 0
133 send 134 1300 16 0
133 send 132 1100 16 0
133 wait 135 134 1100
133 wait 133 134 1300
133 irecv 137 2100 200 0
133 irecv 129 2300 200 0
133 send 137 2300 40 0
133 send 129 2100 40 0
133 wait 138 134 2100
133 wait 130 134 2300
133 irecv 165 3100 200 0
133 irecv 101 3300 200 0
133 send 165 3300 60 0
133 send 101 3100 60 0
133 wait 166 134 3100
133 wait 102 134 3300
133 allreduce 1 0 0 
133 allreduce 1 0 0 
133 irecv 134 1100 200 0
133 irecv 132 1300 200 0
133 send 134 1300 16 0
133 send 132 1100 16 0
133 wait 135 134 1100
133 wait 133 134 1300
133 irecv 137 2100 200 0
133 irecv 129 2300 200 0
133 send 137 2300 40 0
133 send 129 2100 40 0
133 wait 138 134 2100
133 wait 130 134 2300
133 irecv 165 3100 200 0
133 irecv 101 3300 200 0
133 send 165 3300 60 0
133 send 101 3100 60 0
133 wait 166 134 3100
133 wait 102 134 3300
133 allreduce 1 0 0 
133 allreduce 1 0 0 
133 irecv 134 1100 200 0
133 irecv 132 1300 200 0
133 send 134 1300 4 0
133 send 132 1100 4 0
133 wait 135 134 1100
133 wait 133 134 1300
133 irecv 137 2100 200 0
133 irecv 129 2300 200 0
133 send 137 2300 12 0
133 send 129 2100 12 0
133 wait 138 134 2100
133 wait 130 134 2300
133 irecv 165 3100 200 0
133 irecv 101 3300 200 0
133 send 165 3300 24 0
133 send 101 3100 24 0
133 wait 166 134 3100
133 wait 102 134 3300
133 irecv 134 1100 200 0
133 irecv 132 1300 200 0
133 send 134 1300 1 0
133 send 132 1100 1 0
133 wait 135 134 1100
133 wait 133 134 1300
133 irecv 137 2100 200 0
133 irecv 129 2300 200 0
133 send 137 2300 4 0
133 send 129 2100 4 0
133 wait 138 134 2100
133 wait 130 134 2300
133 irecv 165 3100 200 0
133 irecv 101 3300 200 0
133 send 165 3300 12 0
133 send 101 3100 12 0
133 wait 166 134 3100
133 wait 102 134 3300
133 send 134 1300 12 0
133 send 132 1100 6 0
133 irecv 141 2100 200 0
133 irecv 157 2300 200 0
133 wait 142 134 2100
133 wait 158 134 2300
133 send 137 2300 24 0
133 send 129 2100 12 0
133 irecv 165 3100 200 0
133 irecv 101 3300 200 0
133 wait 166 134 3100
133 wait 102 134 3300
133 irecv 134 1100 200 0
133 irecv 132 1300 200 0
133 send 134 1300 1 0
133 send 132 1100 1 0
133 wait 135 134 1100
133 wait 133 134 1300
133 irecv 137 2100 200 0
133 irecv 129 2300 200 0
133 send 137 2300 4 0
133 send 129 2100 4 0
133 wait 138 134 2100
133 wait 130 134 2300
133 irecv 165 3100 200 0
133 irecv 101 3300 200 0
133 send 165 3300 12 0
133 send 101 3100 12 0
133 wait 166 134 3100
133 wait 102 134 3300
133 irecv 134 1100 200 0
133 irecv 132 1300 200 0
133 send 134 1300 1 0
133 send 132 1100 1 0
133 wait 135 134 1100
133 wait 133 134 1300
133 irecv 137 2100 200 0
133 irecv 129 2300 200 0
133 send 137 2300 4 0
133 send 129 2100 4 0
133 wait 138 134 2100
133 wait 130 134 2300
133 irecv 165 3100 200 0
133 irecv 101 3300 200 0
133 send 165 3300 12 0
133 send 101 3100 12 0
133 wait 166 134 3100
133 wait 102 134 3300
133 irecv 134 1100 200 0
133 irecv 132 1300 200 0
133 send 134 1300 4 0
133 send 132 1100 4 0
133 wait 135 134 1100
133 wait 133 134 1300
133 irecv 137 2100 200 0
133 irecv 129 2300 200 0
133 send 137 2300 12 0
133 send 129 2100 12 0
133 wait 138 134 2100
133 wait 130 134 2300
133 irecv 165 3100 200 0
133 irecv 101 3300 200 0
133 send 165 3300 24 0
133 send 101 3100 24 0
133 wait 166 134 3100
133 wait 102 134 3300
133 irecv 134 1100 200 0
133 irecv 132 1300 200 0
133 send 134 1300 4 0
133 send 132 1100 4 0
133 wait 135 134 1100
133 wait 133 134 1300
133 irecv 137 2100 200 0
133 irecv 129 2300 200 0
133 send 137 2300 12 0
133 send 129 2100 12 0
133 wait 138 134 2100
133 wait 130 134 2300
133 irecv 165 3100 200 0
133 irecv 101 3300 200 0
133 send 165 3300 24 0
133 send 101 3100 24 0
133 wait 166 134 3100
133 wait 102 134 3300
133 irecv 134 1100 200 0
133 irecv 132 1300 200 0
133 send 134 1300 16 0
133 send 132 1100 16 0
133 wait 135 134 1100
133 wait 133 134 1300
133 irecv 137 2100 200 0
133 irecv 129 2300 200 0
133 send 137 2300 40 0
133 send 129 2100 40 0
133 wait 138 134 2100
133 wait 130 134 2300
133 irecv 165 3100 200 0
133 irecv 101 3300 200 0
133 send 165 3300 60 0
133 send 101 3100 60 0
133 wait 166 134 3100
133 wait 102 134 3300
133 irecv 134 1100 200 0
133 irecv 132 1300 200 0
133 send 134 1300 16 0
133 send 132 1100 16 0
133 wait 135 134 1100
133 wait 133 134 1300
133 irecv 137 2100 200 0
133 irecv 129 2300 200 0
133 send 137 2300 40 0
133 send 129 2100 40 0
133 wait 138 134 2100
133 wait 130 134 2300
133 irecv 165 3100 200 0
133 irecv 101 3300 200 0
133 send 165 3300 60 0
133 send 101 3100 60 0
133 wait 166 134 3100
133 wait 102 134 3300
133 irecv 134 1100 200 0
133 irecv 132 1300 200 0
133 send 134 1300 16 0
133 send 132 1100 16 0
133 wait 135 134 1100
133 wait 133 134 1300
133 irecv 137 2100 200 0
133 irecv 129 2300 200 0
133 send 137 2300 40 0
133 send 129 2100 40 0
133 wait 138 134 2100
133 wait 130 134 2300
133 irecv 165 3100 200 0
133 irecv 101 3300 200 0
133 send 165 3300 60 0
133 send 101 3100 60 0
133 wait 166 134 3100
133 wait 102 134 3300
133 barrier
133 allreduce 1 0 0 
133 allreduce 4 0 1 
133 allreduce 1 0 0 
133 allreduce 4 0 1 
133 allreduce 1 0 0 
133 allreduce 4 0 1 
133 allreduce 1 0 0 
133 allreduce 4 0 1 
133 allreduce 1 0 0 
133 allreduce 4 0 1 
133 allreduce 1 0 0 
133 allreduce 4 0 1 
133 allreduce 1 0 0 
133 allreduce 4 0 1 
133 allreduce 1 0 0 
133 allreduce 4 0 1 
133 allreduce 1 0 0 
133 allreduce 4 0 1 
133 allreduce 1 0 0 
133 allreduce 4 0 1 
133 allreduce 1 0 0 
133 allreduce 4 0 1 
133 allreduce 1 0 0 
133 allreduce 4 0 1 
133 allreduce 1 0 0 
133 allreduce 4 0 1 
133 allreduce 1 0 0 
133 allreduce 4 0 1 
133 allreduce 1 0 0 
133 allreduce 4 0 1 
133 allreduce 1 0 0 
133 allreduce 4 0 1 
133 allreduce 1 0 0 
133 allreduce 4 0 1 
133 allreduce 1 0 0 
133 allreduce 4 0 1 
133 allreduce 1 0 0 
133 allreduce 4 0 1 
133 allreduce 1 0 0 
133 allreduce 4 0 1 
133 barrier
133 irecv 134 1100 200 0
133 irecv 132 1300 200 0
133 send 134 1300 16 0
133 send 132 1100 16 0
133 wait 135 134 1100
133 wait 133 134 1300
133 irecv 137 2100 200 0
133 irecv 129 2300 200 0
133 send 137 2300 40 0
133 send 129 2100 40 0
133 wait 138 134 2100
133 wait 130 134 2300
133 irecv 165 3100 200 0
133 irecv 101 3300 200 0
133 send 165 3300 60 0
133 send 101 3100 60 0
133 wait 166 134 3100
133 wait 102 134 3300
133 barrier
133 irecv 134 1100 200 0
133 irecv 132 1300 200 0
133 send 134 1300 16 0
133 send 132 1100 16 0
133 wait 135 134 1100
133 wait 133 134 1300
133 irecv 137 2100 200 0
133 irecv 129 2300 200 0
133 send 137 2300 40 0
133 send 129 2100 40 0
133 wait 138 134 2100
133 wait 130 134 2300
133 irecv 165 3100 200 0
133 irecv 101 3300 200 0
133 send 165 3300 60 0
133 send 101 3100 60 0
133 wait 166 134 3100
133 wait 102 134 3300
133 allreduce 1 0 0 
133 allreduce 1 0 0 
133 irecv 134 1100 200 0
133 irecv 132 1300 200 0
133 send 134 1300 4 0
133 send 132 1100 4 0
133 wait 135 134 1100
133 wait 133 134 1300
133 irecv 137 2100 200 0
133 irecv 129 2300 200 0
133 send 137 2300 12 0
133 send 129 2100 12 0
133 wait 138 134 2100
133 wait 130 134 2300
133 irecv 165 3100 200 0
133 irecv 101 3300 200 0
133 send 165 3300 24 0
133 send 101 3100 24 0
133 wait 166 134 3100
133 wait 102 134 3300
133 irecv 134 1100 200 0
133 irecv 132 1300 200 0
133 send 134 1300 1 0
133 send 132 1100 1 0
133 wait 135 134 1100
133 wait 133 134 1300
133 irecv 137 2100 200 0
133 irecv 129 2300 200 0
133 send 137 2300 4 0
133 send 129 2100 4 0
133 wait 138 134 2100
133 wait 130 134 2300
133 irecv 165 3100 200 0
133 irecv 101 3300 200 0
133 send 165 3300 12 0
133 send 101 3100 12 0
133 wait 166 134 3100
133 wait 102 134 3300
133 send 134 1300 12 0
133 send 132 1100 6 0
133 irecv 141 2100 200 0
133 irecv 157 2300 200 0
133 wait 142 134 2100
133 wait 158 134 2300
133 send 137 2300 24 0
133 send 129 2100 12 0
133 irecv 165 3100 200 0
133 irecv 101 3300 200 0
133 wait 166 134 3100
133 wait 102 134 3300
133 irecv 134 1100 200 0
133 irecv 132 1300 200 0
133 send 134 1300 1 0
133 send 132 1100 1 0
133 wait 135 134 1100
133 wait 133 134 1300
133 irecv 137 2100 200 0
133 irecv 129 2300 200 0
133 send 137 2300 4 0
133 send 129 2100 4 0
133 wait 138 134 2100
133 wait 130 134 2300
133 compute 312.5
133 irecv 165 3100 200 0
133 irecv 101 3300 200 0
133 send 165 3300 12 0
133 send 101 3100 12 0
133 wait 166 134 3100
133 wait 102 134 3300
133 irecv 134 1100 200 0
133 irecv 132 1300 200 0
133 send 134 1300 1 0
133 send 132 1100 1 0
133 wait 135 134 1100
133 wait 133 134 1300
133 irecv 137 2100 200 0
133 irecv 129 2300 200 0
133 send 137 2300 4 0
133 send 129 2100 4 0
133 wait 138 134 2100
133 wait 130 134 2300
133 irecv 165 3100 200 0
133 irecv 101 3300 200 0
133 send 165 3300 12 0
133 send 101 3100 12 0
133 wait 166 134 3100
133 wait 102 134 3300
133 irecv 134 1100 200 0
133 irecv 132 1300 200 0
133 send 134 1300 4 0
133 send 132 1100 4 0
133 wait 135 134 1100
133 wait 133 134 1300
133 irecv 137 2100 200 0
133 irecv 129 2300 200 0
133 send 137 2300 12 0
133 send 129 2100 12 0
133 wait 138 134 2100
133 wait 130 134 2300
133 irecv 165 3100 200 0
133 irecv 101 3300 200 0
133 send 165 3300 24 0
133 send 101 3100 24 0
133 wait 166 134 3100
133 wait 102 134 3300
133 irecv 134 1100 200 0
133 irecv 132 1300 200 0
133 send 134 1300 4 0
133 send 132 1100 4 0
133 wait 135 134 1100
133 wait 133 134 1300
133 irecv 137 2100 200 0
133 irecv 129 2300 200 0
133 send 137 2300 12 0
133 send 129 2100 12 0
133 wait 138 134 2100
133 wait 130 134 2300
133 irecv 165 3100 200 0
133 irecv 101 3300 200 0
133 send 165 3300 24 0
133 send 101 3100 24 0
133 wait 166 134 3100
133 wait 102 134 3300
133 irecv 134 1100 200 0
133 irecv 132 1300 200 0
133 send 134 1300 16 0
133 send 132 1100 16 0
133 wait 135 134 1100
133 wait 133 134 1300
133 irecv 137 2100 200 0
133 irecv 129 2300 200 0
133 send 137 2300 40 0
133 send 129 2100 40 0
133 wait 138 134 2100
133 wait 130 134 2300
133 irecv 165 3100 200 0
133 irecv 101 3300 200 0
133 send 165 3300 60 0
133 send 101 3100 60 0
133 wait 166 134 3100
133 wait 102 134 3300
133 irecv 134 1100 200 0
133 irecv 132 1300 200 0
133 send 134 1300 16 0
133 send 132 1100 16 0
133 wait 135 134 1100
133 wait 133 134 1300
133 irecv 137 2100 200 0
133 irecv 129 2300 200 0
133 send 137 2300 40 0
133 send 129 2100 40 0
133 wait 138 134 2100
133 wait 130 134 2300
133 irecv 165 3100 200 0
133 irecv 101 3300 200 0
133 send 165 3300 60 0
133 send 101 3100 60 0
133 wait 166 134 3100
133 wait 102 134 3300
133 irecv 134 1100 200 0
133 irecv 132 1300 200 0
133 send 134 1300 16 0
133 send 132 1100 16 0
133 wait 135 134 1100
133 wait 133 134 1300
133 irecv 137 2100 200 0
133 irecv 129 2300 200 0
133 send 137 2300 40 0
133 send 129 2100 40 0
133 wait 138 134 2100
133 wait 130 134 2300
133 irecv 165 3100 200 0
133 irecv 101 3300 200 0
133 send 165 3300 60 0
133 send 101 3100 60 0
133 wait 166 134 3100
133 wait 102 134 3300
133 irecv 134 1100 200 0
133 irecv 132 1300 200 0
133 send 134 1300 4 0
133 send 132 1100 4 0
133 wait 135 134 1100
133 wait 133 134 1300
133 irecv 137 2100 200 0
133 irecv 129 2300 200 0
133 send 137 2300 12 0
133 send 129 2100 12 0
133 wait 138 134 2100
133 wait 130 134 2300
133 irecv 165 3100 200 0
133 irecv 101 3300 200 0
133 send 165 3300 24 0
133 send 101 3100 24 0
133 wait 166 134 3100
133 wait 102 134 3300
133 irecv 134 1100 200 0
133 irecv 132 1300 200 0
133 send 134 1300 1 0
133 send 132 1100 1 0
133 wait 135 134 1100
133 wait 133 134 1300
133 irecv 137 2100 200 0
133 irecv 129 2300 200 0
133 send 137 2300 4 0
133 send 129 2100 4 0
133 wait 138 134 2100
133 wait 130 134 2300
133 irecv 165 3100 200 0
133 irecv 101 3300 200 0
133 send 165 3300 12 0
133 send 101 3100 12 0
133 wait 166 134 3100
133 wait 102 134 3300
133 send 134 1300 12 0
133 send 132 1100 6 0
133 irecv 141 2100 200 0
133 irecv 157 2300 200 0
133 wait 142 134 2100
133 wait 158 134 2300
133 send 137 2300 24 0
133 send 129 2100 12 0
133 irecv 165 3100 200 0
133 irecv 101 3300 200 0
133 wait 166 134 3100
133 wait 102 134 3300
133 irecv 134 1100 200 0
133 irecv 132 1300 200 0
133 send 134 1300 1 0
133 send 132 1100 1 0
133 wait 135 134 1100
133 wait 133 134 1300
133 irecv 137 2100 200 0
133 irecv 129 2300 200 0
133 send 137 2300 4 0
133 send 129 2100 4 0
133 wait 138 134 2100
133 wait 130 134 2300
133 irecv 165 3100 200 0
133 irecv 101 3300 200 0
133 send 165 3300 12 0
133 send 101 3100 12 0
133 wait 166 134 3100
133 wait 102 134 3300
133 irecv 134 1100 200 0
133 irecv 132 1300 200 0
133 send 134 1300 1 0
133 send 132 1100 1 0
133 wait 135 134 1100
133 wait 133 134 1300
133 irecv 137 2100 200 0
133 irecv 129 2300 200 0
133 send 137 2300 4 0
133 send 129 2100 4 0
133 wait 138 134 2100
133 wait 130 134 2300
133 irecv 165 3100 200 0
133 irecv 101 3300 200 0
133 send 165 3300 12 0
133 send 101 3100 12 0
133 wait 166 134 3100
133 wait 102 134 3300
133 irecv 134 1100 200 0
133 irecv 132 1300 200 0
133 send 134 1300 4 0
133 send 132 1100 4 0
133 wait 135 134 1100
133 wait 133 134 1300
133 irecv 137 2100 200 0
133 irecv 129 2300 200 0
133 send 137 2300 12 0
133 send 129 2100 12 0
133 wait 138 134 2100
133 wait 130 134 2300
133 irecv 165 3100 200 0
133 irecv 101 3300 200 0
133 send 165 3300 24 0
133 send 101 3100 24 0
133 wait 166 134 3100
133 wait 102 134 3300
133 irecv 134 1100 200 0
133 irecv 132 1300 200 0
133 send 134 1300 4 0
133 send 132 1100 4 0
133 wait 135 134 1100
133 wait 133 134 1300
133 irecv 137 2100 200 0
133 irecv 129 2300 200 0
133 send 137 2300 12 0
133 send 129 2100 12 0
133 wait 138 134 2100
133 wait 130 134 2300
133 irecv 165 3100 200 0
133 irecv 101 3300 200 0
133 send 165 3300 24 0
133 send 101 3100 24 0
133 wait 166 134 3100
133 wait 102 134 3300
133 irecv 134 1100 200 0
133 irecv 132 1300 200 0
133 send 134 1300 16 0
133 send 132 1100 16 0
133 wait 135 134 1100
133 wait 133 134 1300
133 irecv 137 2100 200 0
133 irecv 129 2300 200 0
133 send 137 2300 40 0
133 send 129 2100 40 0
133 wait 138 134 2100
133 wait 130 134 2300
133 irecv 165 3100 200 0
133 irecv 101 3300 200 0
133 send 165 3300 60 0
133 send 101 3100 60 0
133 wait 166 134 3100
133 wait 102 134 3300
133 irecv 134 1100 200 0
133 irecv 132 1300 200 0
133 send 134 1300 16 0
133 send 132 1100 16 0
133 wait 135 134 1100
133 wait 133 134 1300
133 irecv 137 2100 200 0
133 irecv 129 2300 200 0
133 send 137 2300 40 0
133 send 129 2100 40 0
133 wait 138 134 2100
133 wait 130 134 2300
133 irecv 165 3100 200 0
133 irecv 101 3300 200 0
133 send 165 3300 60 0
133 send 101 3100 60 0
133 wait 166 134 3100
133 wait 102 134 3300
133 irecv 134 1100 200 0
133 irecv 132 1300 200 0
133 send 134 1300 16 0
133 send 132 1100 16 0
133 wait 135 134 1100
133 wait 133 134 1300
133 irecv 137 2100 200 0
133 irecv 129 2300 200 0
133 send 137 2300 40 0
133 send 129 2100 40 0
133 wait 138 134 2100
133 wait 130 134 2300
133 irecv 165 3100 200 0
133 irecv 101 3300 200 0
133 send 165 3300 60 0
133 send 101 3100 60 0
133 wait 166 134 3100
133 wait 102 134 3300
133 irecv 134 1100 200 0
133 irecv 132 1300 200 0
133 send 134 1300 4 0
133 send 132 1100 4 0
133 wait 135 134 1100
133 wait 133 134 1300
133 irecv 137 2100 200 0
133 irecv 129 2300 200 0
133 send 137 2300 12 0
133 send 129 2100 12 0
133 wait 138 134 2100
133 wait 130 134 2300
133 irecv 165 3100 200 0
133 irecv 101 3300 200 0
133 send 165 3300 24 0
133 send 101 3100 24 0
133 wait 166 134 3100
133 wait 102 134 3300
133 irecv 134 1100 200 0
133 irecv 132 1300 200 0
133 send 134 1300 1 0
133 send 132 1100 1 0
133 wait 135 134 1100
133 wait 133 134 1300
133 irecv 137 2100 200 0
133 irecv 129 2300 200 0
133 send 137 2300 4 0
133 send 129 2100 4 0
133 wait 138 134 2100
133 wait 130 134 2300
133 irecv 165 3100 200 0
133 irecv 101 3300 200 0
133 send 165 3300 12 0
133 send 101 3100 12 0
133 wait 166 134 3100
133 wait 102 134 3300
133 send 134 1300 12 0
133 send 132 1100 6 0
133 irecv 141 2100 200 0
133 irecv 157 2300 200 0
133 wait 142 134 2100
133 wait 158 134 2300
133 send 137 2300 24 0
133 send 129 2100 12 0
133 irecv 165 3100 200 0
133 irecv 101 3300 200 0
133 wait 166 134 3100
133 wait 102 134 3300
133 irecv 134 1100 200 0
133 irecv 132 1300 200 0
133 send 134 1300 1 0
133 send 132 1100 1 0
133 wait 135 134 1100
133 wait 133 134 1300
133 irecv 137 2100 200 0
133 irecv 129 2300 200 0
133 send 137 2300 4 0
133 send 129 2100 4 0
133 wait 138 134 2100
133 wait 130 134 2300
133 irecv 165 3100 200 0
133 irecv 101 3300 200 0
133 send 165 3300 12 0
133 send 101 3100 12 0
133 wait 166 134 3100
133 wait 102 134 3300
133 irecv 134 1100 200 0
133 irecv 132 1300 200 0
133 send 134 1300 1 0
133 send 132 1100 1 0
133 wait 135 134 1100
133 wait 133 134 1300
133 irecv 137 2100 200 0
133 irecv 129 2300 200 0
133 send 137 2300 4 0
133 send 129 2100 4 0
133 wait 138 134 2100
133 wait 130 134 2300
133 irecv 165 3100 200 0
133 irecv 101 3300 200 0
133 send 165 3300 12 0
133 send 101 3100 12 0
133 wait 166 134 3100
133 wait 102 134 3300
133 irecv 134 1100 200 0
133 irecv 132 1300 200 0
133 send 134 1300 4 0
133 send 132 1100 4 0
133 wait 135 134 1100
133 wait 133 134 1300
133 irecv 137 2100 200 0
133 irecv 129 2300 200 0
133 send 137 2300 12 0
133 send 129 2100 12 0
133 wait 138 134 2100
133 wait 130 134 2300
133 irecv 165 3100 200 0
133 irecv 101 3300 200 0
133 send 165 3300 24 0
133 send 101 3100 24 0
133 wait 166 134 3100
133 wait 102 134 3300
133 irecv 134 1100 200 0
133 irecv 132 1300 200 0
133 send 134 1300 4 0
133 send 132 1100 4 0
133 wait 135 134 1100
133 wait 133 134 1300
133 irecv 137 2100 200 0
133 irecv 129 2300 200 0
133 send 137 2300 12 0
133 send 129 2100 12 0
133 wait 138 134 2100
133 wait 130 134 2300
133 irecv 165 3100 200 0
133 irecv 101 3300 200 0
133 send 165 3300 24 0
133 send 101 3100 24 0
133 wait 166 134 3100
133 wait 102 134 3300
133 irecv 134 1100 200 0
133 irecv 132 1300 200 0
133 send 134 1300 16 0
133 send 132 1100 16 0
133 wait 135 134 1100
133 wait 133 134 1300
133 irecv 137 2100 200 0
133 irecv 129 2300 200 0
133 send 137 2300 40 0
133 send 129 2100 40 0
133 wait 138 134 2100
133 wait 130 134 2300
133 irecv 165 3100 200 0
133 irecv 101 3300 200 0
133 send 165 3300 60 0
133 send 101 3100 60 0
133 wait 166 134 3100
133 wait 102 134 3300
133 irecv 134 1100 200 0
133 irecv 132 1300 200 0
133 send 134 1300 16 0
133 send 132 1100 16 0
133 wait 135 134 1100
133 wait 133 134 1300
133 irecv 137 2100 200 0
133 irecv 129 2300 200 0
133 send 137 2300 40 0
133 send 129 2100 40 0
133 wait 138 134 2100
133 wait 130 134 2300
133 irecv 165 3100 200 0
133 irecv 101 3300 200 0
133 send 165 3300 60 0
133 send 101 3100 60 0
133 wait 166 134 3100
133 wait 102 134 3300
133 irecv 134 1100 200 0
133 irecv 132 1300 200 0
133 send 134 1300 16 0
133 send 132 1100 16 0
133 wait 135 134 1100
133 wait 133 134 1300
133 irecv 137 2100 200 0
133 irecv 129 2300 200 0
133 send 137 2300 40 0
133 send 129 2100 40 0
133 wait 138 134 2100
133 wait 130 134 2300
133 irecv 165 3100 200 0
133 irecv 101 3300 200 0
133 send 165 3300 60 0
133 send 101 3100 60 0
133 wait 166 134 3100
133 wait 102 134 3300
133 irecv 134 1100 200 0
133 irecv 132 1300 200 0
133 send 134 1300 4 0
133 send 132 1100 4 0
133 wait 135 134 1100
133 wait 133 134 1300
133 irecv 137 2100 200 0
133 irecv 129 2300 200 0
133 send 137 2300 12 0
133 send 129 2100 12 0
133 wait 138 134 2100
133 wait 130 134 2300
133 irecv 165 3100 200 0
133 irecv 101 3300 200 0
133 send 165 3300 24 0
133 send 101 3100 24 0
133 wait 166 134 3100
133 wait 102 134 3300
133 irecv 134 1100 200 0
133 irecv 132 1300 200 0
133 send 134 1300 1 0
133 send 132 1100 1 0
133 wait 135 134 1100
133 wait 133 134 1300
133 irecv 137 2100 200 0
133 irecv 129 2300 200 0
133 send 137 2300 4 0
133 send 129 2100 4 0
133 wait 138 134 2100
133 wait 130 134 2300
133 irecv 165 3100 200 0
133 irecv 101 3300 200 0
133 send 165 3300 12 0
133 send 101 3100 12 0
133 wait 166 134 3100
133 wait 102 134 3300
133 send 134 1300 12 0
133 send 132 1100 6 0
133 irecv 141 2100 200 0
133 irecv 157 2300 200 0
133 wait 142 134 2100
133 wait 158 134 2300
133 send 137 2300 24 0
133 send 129 2100 12 0
133 irecv 165 3100 200 0
133 irecv 101 3300 200 0
133 wait 166 134 3100
133 wait 102 134 3300
133 irecv 134 1100 200 0
133 irecv 132 1300 200 0
133 send 134 1300 1 0
133 send 132 1100 1 0
133 wait 135 134 1100
133 wait 133 134 1300
133 irecv 137 2100 200 0
133 irecv 129 2300 200 0
133 send 137 2300 4 0
133 send 129 2100 4 0
133 wait 138 134 2100
133 wait 130 134 2300
133 irecv 165 3100 200 0
133 irecv 101 3300 200 0
133 send 165 3300 12 0
133 send 101 3100 12 0
133 wait 166 134 3100
133 wait 102 134 3300
133 irecv 134 1100 200 0
133 irecv 132 1300 200 0
133 send 134 1300 1 0
133 send 132 1100 1 0
133 wait 135 134 1100
133 wait 133 134 1300
133 irecv 137 2100 200 0
133 irecv 129 2300 200 0
133 send 137 2300 4 0
133 send 129 2100 4 0
133 wait 138 134 2100
133 wait 130 134 2300
133 irecv 165 3100 200 0
133 irecv 101 3300 200 0
133 send 165 3300 12 0
133 send 101 3100 12 0
133 wait 166 134 3100
133 wait 102 134 3300
133 irecv 134 1100 200 0
133 irecv 132 1300 200 0
133 send 134 1300 4 0
133 send 132 1100 4 0
133 wait 135 134 1100
133 wait 133 134 1300
133 irecv 137 2100 200 0
133 irecv 129 2300 200 0
133 send 137 2300 12 0
133 send 129 2100 12 0
133 wait 138 134 2100
133 wait 130 134 2300
133 irecv 165 3100 200 0
133 irecv 101 3300 200 0
133 send 165 3300 24 0
133 send 101 3100 24 0
133 wait 166 134 3100
133 wait 102 134 3300
133 irecv 134 1100 200 0
133 irecv 132 1300 200 0
133 send 134 1300 4 0
133 send 132 1100 4 0
133 wait 135 134 1100
133 wait 133 134 1300
133 irecv 137 2100 200 0
133 irecv 129 2300 200 0
133 send 137 2300 12 0
133 send 129 2100 12 0
133 wait 138 134 2100
133 wait 130 134 2300
133 irecv 165 3100 200 0
133 irecv 101 3300 200 0
133 send 165 3300 24 0
133 send 101 3100 24 0
133 wait 166 134 3100
133 wait 102 134 3300
133 irecv 134 1100 200 0
133 irecv 132 1300 200 0
133 send 134 1300 16 0
133 send 132 1100 16 0
133 wait 135 134 1100
133 wait 133 134 1300
133 irecv 137 2100 200 0
133 irecv 129 2300 200 0
133 send 137 2300 40 0
133 send 129 2100 40 0
133 wait 138 134 2100
133 wait 130 134 2300
133 irecv 165 3100 200 0
133 irecv 101 3300 200 0
133 send 165 3300 60 0
133 send 101 3100 60 0
133 wait 166 134 3100
133 wait 102 134 3300
133 irecv 134 1100 200 0
133 irecv 132 1300 200 0
133 send 134 1300 16 0
133 send 132 1100 16 0
133 wait 135 134 1100
133 wait 133 134 1300
133 irecv 137 2100 200 0
133 irecv 129 2300 200 0
133 send 137 2300 40 0
133 send 129 2100 40 0
133 wait 138 134 2100
133 wait 130 134 2300
133 irecv 165 3100 200 0
133 irecv 101 3300 200 0
133 send 165 3300 60 0
133 send 101 3100 60 0
133 wait 166 134 3100
133 wait 102 134 3300
133 irecv 134 1100 200 0
133 irecv 132 1300 200 0
133 send 134 1300 16 0
133 send 132 1100 16 0
133 wait 135 134 1100
133 wait 133 134 1300
133 irecv 137 2100 200 0
133 irecv 129 2300 200 0
133 send 137 2300 40 0
133 send 129 2100 40 0
133 wait 138 134 2100
133 wait 130 134 2300
133 irecv 165 3100 200 0
133 irecv 101 3300 200 0
133 send 165 3300 60 0
133 send 101 3100 60 0
133 wait 166 134 3100
133 wait 102 134 3300
133 allreduce 1 0 0 
133 allreduce 1 0 0 
133 reduce 1 0 0 0 
133 finalize
