59 init
59 barrier
59 bcast 1 0 1 
59 bcast 1 0 1 
59 bcast 1 0 1 
59 bcast 1 0 1 
59 bcast 1 0 1 
59 bcast 8 0 1 
59 bcast 1 0 16 
59 barrier
59 allreduce 1 0 0 
59 allreduce 4 0 1 
59 allreduce 1 0 0 
59 allreduce 4 0 1 
59 allreduce 1 0 0 
59 allreduce 4 0 1 
59 allreduce 1 0 0 
59 allreduce 4 0 1 
59 allreduce 1 0 0 
59 allreduce 4 0 1 
59 allreduce 1 0 0 
59 allreduce 4 0 1 
59 allreduce 1 0 0 
59 allreduce 4 0 1 
59 allreduce 1 0 0 
59 allreduce 4 0 1 
59 allreduce 1 0 0 
59 allreduce 4 0 1 
59 allreduce 1 0 0 
59 allreduce 4 0 1 
59 allreduce 1 0 0 
59 allreduce 4 0 1 
59 allreduce 1 0 0 
59 allreduce 4 0 1 
59 allreduce 1 0 0 
59 allreduce 4 0 1 
59 allreduce 1 0 0 
59 allreduce 4 0 1 
59 allreduce 1 0 0 
59 allreduce 4 0 1 
59 allreduce 1 0 0 
59 allreduce 4 0 1 
59 allreduce 1 0 0 
59 allreduce 4 0 1 
59 allreduce 1 0 0 
59 allreduce 4 0 1 
59 allreduce 1 0 0 
59 allreduce 4 0 1 
59 allreduce 1 0 0 
59 allreduce 4 0 1 
59 barrier
59 irecv 56 1100 200 0
59 irecv 58 1300 200 0
59 send 56 1300 16 0
59 send 58 1100 16 0
59 wait 57 60 1100
59 wait 59 60 1300
59 irecv 63 2100 200 0
59 irecv 55 2300 200 0
59 send 63 2300 40 0
59 send 55 2100 40 0
59 wait 64 60 2100
59 wait 56 60 2300
59 irecv 91 3100 200 0
59 irecv 27 3300 200 0
59 send 91 3300 60 0
59 send 27 3100 60 0
59 wait 92 60 3100
59 wait 28 60 3300
59 allreduce 1 0 0 
59 allreduce 1 0 0 
59 irecv 56 1100 200 0
59 irecv 58 1300 200 0
59 send 56 1300 16 0
59 send 58 1100 16 0
59 wait 57 60 1100
59 wait 59 60 1300
59 irecv 63 2100 200 0
59 irecv 55 2300 200 0
59 send 63 2300 40 0
59 send 55 2100 40 0
59 wait 64 60 2100
59 wait 56 60 2300
59 irecv 91 3100 200 0
59 irecv 27 3300 200 0
59 send 91 3300 60 0
59 send 27 3100 60 0
59 wait 92 60 3100
59 wait 28 60 3300
59 allreduce 1 0 0 
59 allreduce 1 0 0 
59 irecv 56 1100 200 0
59 irecv 58 1300 200 0
59 send 56 1300 4 0
59 send 58 1100 4 0
59 wait 57 60 1100
59 wait 59 60 1300
59 irecv 63 2100 200 0
59 irecv 55 2300 200 0
59 send 63 2300 12 0
59 send 55 2100 12 0
59 wait 64 60 2100
59 wait 56 60 2300
59 irecv 91 3100 200 0
59 irecv 27 3300 200 0
59 send 91 3300 24 0
59 send 27 3100 24 0
59 wait 92 60 3100
59 wait 28 60 3300
59 irecv 56 1100 200 0
59 irecv 58 1300 200 0
59 send 56 1300 1 0
59 send 58 1100 1 0
59 wait 57 60 1100
59 wait 59 60 1300
59 irecv 63 2100 200 0
59 irecv 55 2300 200 0
59 send 63 2300 4 0
59 send 55 2100 4 0
59 wait 64 60 2100
59 wait 56 60 2300
59 irecv 91 3100 200 0
59 irecv 27 3300 200 0
59 send 91 3300 12 0
59 send 27 3100 12 0
59 wait 92 60 3100
59 wait 28 60 3300
59 send 56 1300 12 0
59 send 58 1100 6 0
59 irecv 123 3100 200 0
59 irecv 251 3300 200 0
59 wait 124 60 3100
59 wait 252 60 3300
59 irecv 63 2100 200 0
59 irecv 55 2300 200 0
59 wait 64 60 2100
59 wait 56 60 2300
59 send 91 3300 24 0
59 send 27 3100 12 0
59 irecv 56 1100 200 0
59 irecv 58 1300 200 0
59 send 56 1300 1 0
59 send 58 1100 1 0
59 wait 57 60 1100
59 wait 59 60 1300
59 irecv 63 2100 200 0
59 irecv 55 2300 200 0
59 send 63 2300 4 0
59 send 55 2100 4 0
59 wait 64 60 2100
59 wait 56 60 2300
59 irecv 91 3100 200 0
59 irecv 27 3300 200 0
59 send 91 3300 12 0
59 send 27 3100 12 0
59 wait 92 60 3100
59 wait 28 60 3300
59 irecv 56 1100 200 0
59 irecv 58 1300 200 0
59 send 56 1300 1 0
59 send 58 1100 1 0
59 wait 57 60 1100
59 wait 59 60 1300
59 irecv 63 2100 200 0
59 irecv 55 2300 200 0
59 send 63 2300 4 0
59 send 55 2100 4 0
59 wait 64 60 2100
59 wait 56 60 2300
59 irecv 91 3100 200 0
59 irecv 27 3300 200 0
59 send 91 3300 12 0
59 send 27 3100 12 0
59 wait 92 60 3100
59 wait 28 60 3300
59 irecv 56 1100 200 0
59 irecv 58 1300 200 0
59 send 56 1300 4 0
59 send 58 1100 4 0
59 wait 57 60 1100
59 wait 59 60 1300
59 irecv 63 2100 200 0
59 irecv 55 2300 200 0
59 send 63 2300 12 0
59 send 55 2100 12 0
59 wait 64 60 2100
59 wait 56 60 2300
59 irecv 91 3100 200 0
59 irecv 27 3300 200 0
59 send 91 3300 24 0
59 send 27 3100 24 0
59 wait 92 60 3100
59 wait 28 60 3300
59 irecv 56 1100 200 0
59 irecv 58 1300 200 0
59 send 56 1300 4 0
59 send 58 1100 4 0
59 wait 57 60 1100
59 wait 59 60 1300
59 irecv 63 2100 200 0
59 irecv 55 2300 200 0
59 send 63 2300 12 0
59 send 55 2100 12 0
59 wait 64 60 2100
59 wait 56 60 2300
59 irecv 91 3100 200 0
59 irecv 27 3300 200 0
59 send 91 3300 24 0
59 send 27 3100 24 0
59 wait 92 60 3100
59 wait 28 60 3300
59 irecv 56 1100 200 0
59 irecv 58 1300 200 0
59 send 56 1300 16 0
59 send 58 1100 16 0
59 wait 57 60 1100
59 wait 59 60 1300
59 irecv 63 2100 200 0
59 irecv 55 2300 200 0
59 send 63 2300 40 0
59 send 55 2100 40 0
59 wait 64 60 2100
59 wait 56 60 2300
59 irecv 91 3100 200 0
59 irecv 27 3300 200 0
59 send 91 3300 60 0
59 send 27 3100 60 0
59 wait 92 60 3100
59 wait 28 60 3300
59 irecv 56 1100 200 0
59 irecv 58 1300 200 0
59 send 56 1300 16 0
59 send 58 1100 16 0
59 wait 57 60 1100
59 wait 59 60 1300
59 irecv 63 2100 200 0
59 irecv 55 2300 200 0
59 send 63 2300 40 0
59 send 55 2100 40 0
59 wait 64 60 2100
59 wait 56 60 2300
59 irecv 91 3100 200 0
59 irecv 27 3300 200 0
59 send 91 3300 60 0
59 send 27 3100 60 0
59 wait 92 60 3100
59 wait 28 60 3300
59 irecv 56 1100 200 0
59 irecv 58 1300 200 0
59 send 56 1300 16 0
59 send 58 1100 16 0
59 wait 57 60 1100
59 wait 59 60 1300
59 irecv 63 2100 200 0
59 irecv 55 2300 200 0
59 send 63 2300 40 0
59 send 55 2100 40 0
59 wait 64 60 2100
59 wait 56 60 2300
59 irecv 91 3100 200 0
59 irecv 27 3300 200 0
59 send 91 3300 60 0
59 send 27 3100 60 0
59 wait 92 60 3100
59 wait 28 60 3300
59 barrier
59 allreduce 1 0 0 
59 allreduce 4 0 1 
59 allreduce 1 0 0 
59 allreduce 4 0 1 
59 allreduce 1 0 0 
59 allreduce 4 0 1 
59 allreduce 1 0 0 
59 allreduce 4 0 1 
59 allreduce 1 0 0 
59 allreduce 4 0 1 
59 allreduce 1 0 0 
59 allreduce 4 0 1 
59 allreduce 1 0 0 
59 allreduce 4 0 1 
59 allreduce 1 0 0 
59 allreduce 4 0 1 
59 allreduce 1 0 0 
59 allreduce 4 0 1 
59 allreduce 1 0 0 
59 allreduce 4 0 1 
59 allreduce 1 0 0 
59 allreduce 4 0 1 
59 allreduce 1 0 0 
59 allreduce 4 0 1 
59 allreduce 1 0 0 
59 allreduce 4 0 1 
59 allreduce 1 0 0 
59 allreduce 4 0 1 
59 allreduce 1 0 0 
59 allreduce 4 0 1 
59 allreduce 1 0 0 
59 allreduce 4 0 1 
59 allreduce 1 0 0 
59 allreduce 4 0 1 
59 allreduce 1 0 0 
59 allreduce 4 0 1 
59 allreduce 1 0 0 
59 allreduce 4 0 1 
59 allreduce 1 0 0 
59 allreduce 4 0 1 
59 barrier
59 irecv 56 1100 200 0
59 irecv 58 1300 200 0
59 send 56 1300 16 0
59 send 58 1100 16 0
59 wait 57 60 1100
59 wait 59 60 1300
59 irecv 63 2100 200 0
59 irecv 55 2300 200 0
59 send 63 2300 40 0
59 send 55 2100 40 0
59 wait 64 60 2100
59 wait 56 60 2300
59 irecv 91 3100 200 0
59 irecv 27 3300 200 0
59 send 91 3300 60 0
59 send 27 3100 60 0
59 wait 92 60 3100
59 wait 28 60 3300
59 barrier
59 irecv 56 1100 200 0
59 irecv 58 1300 200 0
59 send 56 1300 16 0
59 send 58 1100 16 0
59 wait 57 60 1100
59 wait 59 60 1300
59 irecv 63 2100 200 0
59 irecv 55 2300 200 0
59 send 63 2300 40 0
59 send 55 2100 40 0
59 wait 64 60 2100
59 wait 56 60 2300
59 irecv 91 3100 200 0
59 irecv 27 3300 200 0
59 send 91 3300 60 0
59 send 27 3100 60 0
59 wait 92 60 3100
59 wait 28 60 3300
59 allreduce 1 0 0 
59 allreduce 1 0 0 
59 irecv 56 1100 200 0
59 irecv 58 1300 200 0
59 send 56 1300 4 0
59 send 58 1100 4 0
59 wait 57 60 1100
59 wait 59 60 1300
59 irecv 63 2100 200 0
59 irecv 55 2300 200 0
59 send 63 2300 12 0
59 send 55 2100 12 0
59 wait 64 60 2100
59 wait 56 60 2300
59 irecv 91 3100 200 0
59 irecv 27 3300 200 0
59 send 91 3300 24 0
59 send 27 3100 24 0
59 wait 92 60 3100
59 wait 28 60 3300
59 irecv 56 1100 200 0
59 irecv 58 1300 200 0
59 send 56 1300 1 0
59 send 58 1100 1 0
59 wait 57 60 1100
59 wait 59 60 1300
59 irecv 63 2100 200 0
59 irecv 55 2300 200 0
59 send 63 2300 4 0
59 send 55 2100 4 0
59 wait 64 60 2100
59 wait 56 60 2300
59 irecv 91 3100 200 0
59 irecv 27 3300 200 0
59 send 91 3300 12 0
59 send 27 3100 12 0
59 wait 92 60 3100
59 wait 28 60 3300
59 send 56 1300 12 0
59 send 58 1100 6 0
59 irecv 123 3100 200 0
59 irecv 251 3300 200 0
59 wait 124 60 3100
59 wait 252 60 3300
59 irecv 63 2100 200 0
59 irecv 55 2300 200 0
59 wait 64 60 2100
59 wait 56 60 2300
59 send 91 3300 24 0
59 send 27 3100 12 0
59 irecv 56 1100 200 0
59 irecv 58 1300 200 0
59 send 56 1300 1 0
59 send 58 1100 1 0
59 wait 57 60 1100
59 wait 59 60 1300
59 irecv 63 2100 200 0
59 irecv 55 2300 200 0
59 send 63 2300 4 0
59 send 55 2100 4 0
59 wait 64 60 2100
59 wait 56 60 2300
59 irecv 91 3100 200 0
59 irecv 27 3300 200 0
59 send 91 3300 12 0
59 send 27 3100 12 0
59 wait 92 60 3100
59 wait 28 60 3300
59 irecv 56 1100 200 0
59 irecv 58 1300 200 0
59 send 56 1300 1 0
59 send 58 1100 1 0
59 wait 57 60 1100
59 wait 59 60 1300
59 irecv 63 2100 200 0
59 irecv 55 2300 200 0
59 send 63 2300 4 0
59 send 55 2100 4 0
59 wait 64 60 2100
59 wait 56 60 2300
59 irecv 91 3100 200 0
59 irecv 27 3300 200 0
59 send 91 3300 12 0
59 send 27 3100 12 0
59 wait 92 60 3100
59 wait 28 60 3300
59 irecv 56 1100 200 0
59 irecv 58 1300 200 0
59 send 56 1300 4 0
59 send 58 1100 4 0
59 wait 57 60 1100
59 wait 59 60 1300
59 irecv 63 2100 200 0
59 irecv 55 2300 200 0
59 send 63 2300 12 0
59 send 55 2100 12 0
59 wait 64 60 2100
59 wait 56 60 2300
59 irecv 91 3100 200 0
59 irecv 27 3300 200 0
59 send 91 3300 24 0
59 send 27 3100 24 0
59 wait 92 60 3100
59 wait 28 60 3300
59 irecv 56 1100 200 0
59 irecv 58 1300 200 0
59 send 56 1300 4 0
59 send 58 1100 4 0
59 wait 57 60 1100
59 wait 59 60 1300
59 irecv 63 2100 200 0
59 irecv 55 2300 200 0
59 send 63 2300 12 0
59 send 55 2100 12 0
59 wait 64 60 2100
59 wait 56 60 2300
59 irecv 91 3100 200 0
59 irecv 27 3300 200 0
59 send 91 3300 24 0
59 send 27 3100 24 0
59 wait 92 60 3100
59 wait 28 60 3300
59 irecv 56 1100 200 0
59 irecv 58 1300 200 0
59 send 56 1300 16 0
59 send 58 1100 16 0
59 wait 57 60 1100
59 wait 59 60 1300
59 irecv 63 2100 200 0
59 irecv 55 2300 200 0
59 send 63 2300 40 0
59 send 55 2100 40 0
59 wait 64 60 2100
59 wait 56 60 2300
59 irecv 91 3100 200 0
59 irecv 27 3300 200 0
59 send 91 3300 60 0
59 send 27 3100 60 0
59 wait 92 60 3100
59 wait 28 60 3300
59 irecv 56 1100 200 0
59 irecv 58 1300 200 0
59 send 56 1300 16 0
59 send 58 1100 16 0
59 wait 57 60 1100
59 wait 59 60 1300
59 irecv 63 2100 200 0
59 irecv 55 2300 200 0
59 send 63 2300 40 0
59 send 55 2100 40 0
59 wait 64 60 2100
59 wait 56 60 2300
59 irecv 91 3100 200 0
59 irecv 27 3300 200 0
59 send 91 3300 60 0
59 send 27 3100 60 0
59 wait 92 60 3100
59 wait 28 60 3300
59 irecv 56 1100 200 0
59 irecv 58 1300 200 0
59 send 56 1300 16 0
59 send 58 1100 16 0
59 wait 57 60 1100
59 wait 59 60 1300
59 irecv 63 2100 200 0
59 irecv 55 2300 200 0
59 send 63 2300 40 0
59 send 55 2100 40 0
59 wait 64 60 2100
59 wait 56 60 2300
59 irecv 91 3100 200 0
59 irecv 27 3300 200 0
59 send 91 3300 60 0
59 send 27 3100 60 0
59 wait 92 60 3100
59 wait 28 60 3300
59 irecv 56 1100 200 0
59 irecv 58 1300 200 0
59 send 56 1300 4 0
59 send 58 1100 4 0
59 wait 57 60 1100
59 wait 59 60 1300
59 irecv 63 2100 200 0
59 irecv 55 2300 200 0
59 send 63 2300 12 0
59 send 55 2100 12 0
59 wait 64 60 2100
59 wait 56 60 2300
59 irecv 91 3100 200 0
59 irecv 27 3300 200 0
59 send 91 3300 24 0
59 send 27 3100 24 0
59 wait 92 60 3100
59 wait 28 60 3300
59 irecv 56 1100 200 0
59 irecv 58 1300 200 0
59 send 56 1300 1 0
59 send 58 1100 1 0
59 wait 57 60 1100
59 wait 59 60 1300
59 irecv 63 2100 200 0
59 irecv 55 2300 200 0
59 send 63 2300 4 0
59 send 55 2100 4 0
59 wait 64 60 2100
59 wait 56 60 2300
59 irecv 91 3100 200 0
59 irecv 27 3300 200 0
59 send 91 3300 12 0
59 send 27 3100 12 0
59 wait 92 60 3100
59 wait 28 60 3300
59 send 56 1300 12 0
59 send 58 1100 6 0
59 irecv 123 3100 200 0
59 irecv 251 3300 200 0
59 wait 124 60 3100
59 wait 252 60 3300
59 irecv 63 2100 200 0
59 irecv 55 2300 200 0
59 wait 64 60 2100
59 wait 56 60 2300
59 send 91 3300 24 0
59 send 27 3100 12 0
59 irecv 56 1100 200 0
59 irecv 58 1300 200 0
59 send 56 1300 1 0
59 send 58 1100 1 0
59 wait 57 60 1100
59 wait 59 60 1300
59 irecv 63 2100 200 0
59 irecv 55 2300 200 0
59 send 63 2300 4 0
59 send 55 2100 4 0
59 wait 64 60 2100
59 wait 56 60 2300
59 irecv 91 3100 200 0
59 irecv 27 3300 200 0
59 send 91 3300 12 0
59 send 27 3100 12 0
59 wait 92 60 3100
59 wait 28 60 3300
59 irecv 56 1100 200 0
59 irecv 58 1300 200 0
59 send 56 1300 1 0
59 send 58 1100 1 0
59 wait 57 60 1100
59 wait 59 60 1300
59 irecv 63 2100 200 0
59 irecv 55 2300 200 0
59 send 63 2300 4 0
59 send 55 2100 4 0
59 wait 64 60 2100
59 wait 56 60 2300
59 irecv 91 3100 200 0
59 irecv 27 3300 200 0
59 send 91 3300 12 0
59 send 27 3100 12 0
59 wait 92 60 3100
59 wait 28 60 3300
59 irecv 56 1100 200 0
59 irecv 58 1300 200 0
59 send 56 1300 4 0
59 send 58 1100 4 0
59 wait 57 60 1100
59 wait 59 60 1300
59 irecv 63 2100 200 0
59 irecv 55 2300 200 0
59 send 63 2300 12 0
59 send 55 2100 12 0
59 wait 64 60 2100
59 wait 56 60 2300
59 irecv 91 3100 200 0
59 irecv 27 3300 200 0
59 send 91 3300 24 0
59 send 27 3100 24 0
59 wait 92 60 3100
59 wait 28 60 3300
59 irecv 56 1100 200 0
59 irecv 58 1300 200 0
59 send 56 1300 4 0
59 send 58 1100 4 0
59 wait 57 60 1100
59 wait 59 60 1300
59 irecv 63 2100 200 0
59 irecv 55 2300 200 0
59 send 63 2300 12 0
59 send 55 2100 12 0
59 wait 64 60 2100
59 wait 56 60 2300
59 irecv 91 3100 200 0
59 irecv 27 3300 200 0
59 send 91 3300 24 0
59 send 27 3100 24 0
59 wait 92 60 3100
59 wait 28 60 3300
59 irecv 56 1100 200 0
59 irecv 58 1300 200 0
59 send 56 1300 16 0
59 send 58 1100 16 0
59 wait 57 60 1100
59 wait 59 60 1300
59 irecv 63 2100 200 0
59 irecv 55 2300 200 0
59 send 63 2300 40 0
59 send 55 2100 40 0
59 wait 64 60 2100
59 wait 56 60 2300
59 irecv 91 3100 200 0
59 irecv 27 3300 200 0
59 send 91 3300 60 0
59 send 27 3100 60 0
59 wait 92 60 3100
59 wait 28 60 3300
59 irecv 56 1100 200 0
59 irecv 58 1300 200 0
59 send 56 1300 16 0
59 send 58 1100 16 0
59 wait 57 60 1100
59 wait 59 60 1300
59 irecv 63 2100 200 0
59 irecv 55 2300 200 0
59 send 63 2300 40 0
59 send 55 2100 40 0
59 wait 64 60 2100
59 wait 56 60 2300
59 irecv 91 3100 200 0
59 irecv 27 3300 200 0
59 send 91 3300 60 0
59 send 27 3100 60 0
59 wait 92 60 3100
59 wait 28 60 3300
59 irecv 56 1100 200 0
59 irecv 58 1300 200 0
59 send 56 1300 16 0
59 send 58 1100 16 0
59 wait 57 60 1100
59 wait 59 60 1300
59 irecv 63 2100 200 0
59 irecv 55 2300 200 0
59 send 63 2300 40 0
59 send 55 2100 40 0
59 wait 64 60 2100
59 wait 56 60 2300
59 irecv 91 3100 200 0
59 irecv 27 3300 200 0
59 send 91 3300 60 0
59 send 27 3100 60 0
59 wait 92 60 3100
59 wait 28 60 3300
59 irecv 56 1100 200 0
59 irecv 58 1300 200 0
59 send 56 1300 4 0
59 send 58 1100 4 0
59 wait 57 60 1100
59 wait 59 60 1300
59 irecv 63 2100 200 0
59 irecv 55 2300 200 0
59 send 63 2300 12 0
59 send 55 2100 12 0
59 wait 64 60 2100
59 wait 56 60 2300
59 irecv 91 3100 200 0
59 irecv 27 3300 200 0
59 send 91 3300 24 0
59 send 27 3100 24 0
59 wait 92 60 3100
59 wait 28 60 3300
59 irecv 56 1100 200 0
59 irecv 58 1300 200 0
59 send 56 1300 1 0
59 send 58 1100 1 0
59 wait 57 60 1100
59 wait 59 60 1300
59 irecv 63 2100 200 0
59 irecv 55 2300 200 0
59 send 63 2300 4 0
59 send 55 2100 4 0
59 wait 64 60 2100
59 wait 56 60 2300
59 irecv 91 3100 200 0
59 irecv 27 3300 200 0
59 send 91 3300 12 0
59 send 27 3100 12 0
59 wait 92 60 3100
59 wait 28 60 3300
59 send 56 1300 12 0
59 send 58 1100 6 0
59 irecv 123 3100 200 0
59 irecv 251 3300 200 0
59 wait 124 60 3100
59 wait 252 60 3300
59 irecv 63 2100 200 0
59 irecv 55 2300 200 0
59 wait 64 60 2100
59 wait 56 60 2300
59 send 91 3300 24 0
59 send 27 3100 12 0
59 irecv 56 1100 200 0
59 irecv 58 1300 200 0
59 send 56 1300 1 0
59 send 58 1100 1 0
59 wait 57 60 1100
59 wait 59 60 1300
59 irecv 63 2100 200 0
59 irecv 55 2300 200 0
59 send 63 2300 4 0
59 send 55 2100 4 0
59 wait 64 60 2100
59 wait 56 60 2300
59 irecv 91 3100 200 0
59 irecv 27 3300 200 0
59 send 91 3300 12 0
59 send 27 3100 12 0
59 wait 92 60 3100
59 wait 28 60 3300
59 irecv 56 1100 200 0
59 irecv 58 1300 200 0
59 send 56 1300 1 0
59 send 58 1100 1 0
59 wait 57 60 1100
59 wait 59 60 1300
59 irecv 63 2100 200 0
59 irecv 55 2300 200 0
59 send 63 2300 4 0
59 send 55 2100 4 0
59 wait 64 60 2100
59 wait 56 60 2300
59 irecv 91 3100 200 0
59 irecv 27 3300 200 0
59 send 91 3300 12 0
59 send 27 3100 12 0
59 wait 92 60 3100
59 wait 28 60 3300
59 irecv 56 1100 200 0
59 irecv 58 1300 200 0
59 send 56 1300 4 0
59 send 58 1100 4 0
59 wait 57 60 1100
59 wait 59 60 1300
59 irecv 63 2100 200 0
59 irecv 55 2300 200 0
59 send 63 2300 12 0
59 send 55 2100 12 0
59 wait 64 60 2100
59 wait 56 60 2300
59 irecv 91 3100 200 0
59 irecv 27 3300 200 0
59 send 91 3300 24 0
59 send 27 3100 24 0
59 wait 92 60 3100
59 wait 28 60 3300
59 irecv 56 1100 200 0
59 irecv 58 1300 200 0
59 send 56 1300 4 0
59 send 58 1100 4 0
59 wait 57 60 1100
59 wait 59 60 1300
59 irecv 63 2100 200 0
59 irecv 55 2300 200 0
59 send 63 2300 12 0
59 send 55 2100 12 0
59 wait 64 60 2100
59 wait 56 60 2300
59 irecv 91 3100 200 0
59 irecv 27 3300 200 0
59 send 91 3300 24 0
59 send 27 3100 24 0
59 wait 92 60 3100
59 wait 28 60 3300
59 irecv 56 1100 200 0
59 irecv 58 1300 200 0
59 send 56 1300 16 0
59 send 58 1100 16 0
59 wait 57 60 1100
59 wait 59 60 1300
59 irecv 63 2100 200 0
59 irecv 55 2300 200 0
59 send 63 2300 40 0
59 send 55 2100 40 0
59 wait 64 60 2100
59 wait 56 60 2300
59 irecv 91 3100 200 0
59 irecv 27 3300 200 0
59 send 91 3300 60 0
59 send 27 3100 60 0
59 wait 92 60 3100
59 wait 28 60 3300
59 irecv 56 1100 200 0
59 irecv 58 1300 200 0
59 send 56 1300 16 0
59 send 58 1100 16 0
59 wait 57 60 1100
59 wait 59 60 1300
59 irecv 63 2100 200 0
59 irecv 55 2300 200 0
59 send 63 2300 40 0
59 send 55 2100 40 0
59 wait 64 60 2100
59 wait 56 60 2300
59 irecv 91 3100 200 0
59 irecv 27 3300 200 0
59 send 91 3300 60 0
59 send 27 3100 60 0
59 wait 92 60 3100
59 wait 28 60 3300
59 irecv 56 1100 200 0
59 irecv 58 1300 200 0
59 send 56 1300 16 0
59 send 58 1100 16 0
59 wait 57 60 1100
59 wait 59 60 1300
59 irecv 63 2100 200 0
59 irecv 55 2300 200 0
59 send 63 2300 40 0
59 send 55 2100 40 0
59 wait 64 60 2100
59 wait 56 60 2300
59 irecv 91 3100 200 0
59 irecv 27 3300 200 0
59 send 91 3300 60 0
59 send 27 3100 60 0
59 wait 92 60 3100
59 wait 28 60 3300
59 irecv 56 1100 200 0
59 irecv 58 1300 200 0
59 send 56 1300 4 0
59 send 58 1100 4 0
59 wait 57 60 1100
59 wait 59 60 1300
59 irecv 63 2100 200 0
59 irecv 55 2300 200 0
59 send 63 2300 12 0
59 send 55 2100 12 0
59 wait 64 60 2100
59 wait 56 60 2300
59 irecv 91 3100 200 0
59 irecv 27 3300 200 0
59 send 91 3300 24 0
59 send 27 3100 24 0
59 wait 92 60 3100
59 wait 28 60 3300
59 irecv 56 1100 200 0
59 irecv 58 1300 200 0
59 send 56 1300 1 0
59 send 58 1100 1 0
59 wait 57 60 1100
59 wait 59 60 1300
59 irecv 63 2100 200 0
59 irecv 55 2300 200 0
59 send 63 2300 4 0
59 send 55 2100 4 0
59 wait 64 60 2100
59 wait 56 60 2300
59 irecv 91 3100 200 0
59 irecv 27 3300 200 0
59 send 91 3300 12 0
59 send 27 3100 12 0
59 wait 92 60 3100
59 wait 28 60 3300
59 send 56 1300 12 0
59 send 58 1100 6 0
59 irecv 123 3100 200 0
59 irecv 251 3300 200 0
59 wait 124 60 3100
59 wait 252 60 3300
59 irecv 63 2100 200 0
59 irecv 55 2300 200 0
59 wait 64 60 2100
59 wait 56 60 2300
59 send 91 3300 24 0
59 send 27 3100 12 0
59 irecv 56 1100 200 0
59 irecv 58 1300 200 0
59 send 56 1300 1 0
59 send 58 1100 1 0
59 wait 57 60 1100
59 wait 59 60 1300
59 irecv 63 2100 200 0
59 irecv 55 2300 200 0
59 send 63 2300 4 0
59 send 55 2100 4 0
59 wait 64 60 2100
59 wait 56 60 2300
59 irecv 91 3100 200 0
59 irecv 27 3300 200 0
59 send 91 3300 12 0
59 send 27 3100 12 0
59 wait 92 60 3100
59 wait 28 60 3300
59 irecv 56 1100 200 0
59 irecv 58 1300 200 0
59 send 56 1300 1 0
59 send 58 1100 1 0
59 wait 57 60 1100
59 wait 59 60 1300
59 irecv 63 2100 200 0
59 irecv 55 2300 200 0
59 send 63 2300 4 0
59 send 55 2100 4 0
59 wait 64 60 2100
59 wait 56 60 2300
59 irecv 91 3100 200 0
59 irecv 27 3300 200 0
59 send 91 3300 12 0
59 send 27 3100 12 0
59 wait 92 60 3100
59 wait 28 60 3300
59 irecv 56 1100 200 0
59 irecv 58 1300 200 0
59 send 56 1300 4 0
59 send 58 1100 4 0
59 wait 57 60 1100
59 wait 59 60 1300
59 irecv 63 2100 200 0
59 irecv 55 2300 200 0
59 send 63 2300 12 0
59 send 55 2100 12 0
59 wait 64 60 2100
59 wait 56 60 2300
59 irecv 91 3100 200 0
59 irecv 27 3300 200 0
59 send 91 3300 24 0
59 send 27 3100 24 0
59 wait 92 60 3100
59 wait 28 60 3300
59 irecv 56 1100 200 0
59 irecv 58 1300 200 0
59 send 56 1300 4 0
59 send 58 1100 4 0
59 wait 57 60 1100
59 wait 59 60 1300
59 irecv 63 2100 200 0
59 irecv 55 2300 200 0
59 send 63 2300 12 0
59 send 55 2100 12 0
59 wait 64 60 2100
59 wait 56 60 2300
59 irecv 91 3100 200 0
59 irecv 27 3300 200 0
59 send 91 3300 24 0
59 send 27 3100 24 0
59 wait 92 60 3100
59 wait 28 60 3300
59 irecv 56 1100 200 0
59 irecv 58 1300 200 0
59 send 56 1300 16 0
59 send 58 1100 16 0
59 wait 57 60 1100
59 wait 59 60 1300
59 irecv 63 2100 200 0
59 irecv 55 2300 200 0
59 send 63 2300 40 0
59 send 55 2100 40 0
59 wait 64 60 2100
59 wait 56 60 2300
59 irecv 91 3100 200 0
59 irecv 27 3300 200 0
59 send 91 3300 60 0
59 send 27 3100 60 0
59 wait 92 60 3100
59 wait 28 60 3300
59 irecv 56 1100 200 0
59 irecv 58 1300 200 0
59 send 56 1300 16 0
59 send 58 1100 16 0
59 wait 57 60 1100
59 wait 59 60 1300
59 irecv 63 2100 200 0
59 irecv 55 2300 200 0
59 send 63 2300 40 0
59 send 55 2100 40 0
59 wait 64 60 2100
59 wait 56 60 2300
59 irecv 91 3100 200 0
59 irecv 27 3300 200 0
59 send 91 3300 60 0
59 send 27 3100 60 0
59 wait 92 60 3100
59 wait 28 60 3300
59 irecv 56 1100 200 0
59 irecv 58 1300 200 0
59 send 56 1300 16 0
59 send 58 1100 16 0
59 wait 57 60 1100
59 wait 59 60 1300
59 irecv 63 2100 200 0
59 irecv 55 2300 200 0
59 send 63 2300 40 0
59 send 55 2100 40 0
59 wait 64 60 2100
59 wait 56 60 2300
59 irecv 91 3100 200 0
59 irecv 27 3300 200 0
59 send 91 3300 60 0
59 send 27 3100 60 0
59 wait 92 60 3100
59 wait 28 60 3300
59 allreduce 1 0 0 
59 allreduce 1 0 0 
59 reduce 1 0 0 0 
59 finalize
