144 init
144 barrier
144 bcast 1 0 1 
144 bcast 1 0 1 
144 bcast 1 0 1 
144 bcast 1 0 1 
144 bcast 1 0 1 
144 bcast 8 0 1 
144 bcast 1 0 16 
144 barrier
144 allreduce 1 0 0 
144 allreduce 4 0 1 
144 allreduce 1 0 0 
144 allreduce 4 0 1 
144 allreduce 1 0 0 
144 allreduce 4 0 1 
144 allreduce 1 0 0 
144 allreduce 4 0 1 
144 allreduce 1 0 0 
144 allreduce 4 0 1 
144 allreduce 1 0 0 
144 allreduce 4 0 1 
144 allreduce 1 0 0 
144 allreduce 4 0 1 
144 allreduce 1 0 0 
144 allreduce 4 0 1 
144 allreduce 1 0 0 
144 allreduce 4 0 1 
144 allreduce 1 0 0 
144 allreduce 4 0 1 
144 allreduce 1 0 0 
144 allreduce 4 0 1 
144 allreduce 1 0 0 
144 allreduce 4 0 1 
144 allreduce 1 0 0 
144 allreduce 4 0 1 
144 allreduce 1 0 0 
144 allreduce 4 0 1 
144 allreduce 1 0 0 
144 allreduce 4 0 1 
144 allreduce 1 0 0 
144 allreduce 4 0 1 
144 allreduce 1 0 0 
144 allreduce 4 0 1 
144 allreduce 1 0 0 
144 allreduce 4 0 1 
144 allreduce 1 0 0 
144 allreduce 4 0 1 
144 allreduce 1 0 0 
144 allreduce 4 0 1 
144 barrier
144 irecv 145 1100 200 0
144 irecv 147 1300 200 0
144 send 145 1300 16 0
144 send 147 1100 16 0
144 wait 146 145 1100
144 wait 148 145 1300
144 irecv 148 2100 200 0
144 irecv 140 2300 200 0
144 send 148 2300 40 0
144 send 140 2100 40 0
144 wait 149 145 2100
144 wait 141 145 2300
144 irecv 176 3100 200 0
144 irecv 112 3300 200 0
144 send 176 3300 60 0
144 send 112 3100 60 0
144 wait 177 145 3100
144 wait 113 145 3300
144 allreduce 1 0 0 
144 allreduce 1 0 0 
144 irecv 145 1100 200 0
144 irecv 147 1300 200 0
144 send 145 1300 16 0
144 send 147 1100 16 0
144 wait 146 145 1100
144 wait 148 145 1300
144 irecv 148 2100 200 0
144 irecv 140 2300 200 0
144 send 148 2300 40 0
144 send 140 2100 40 0
144 wait 149 145 2100
144 wait 141 145 2300
144 irecv 176 3100 200 0
144 irecv 112 3300 200 0
144 send 176 3300 60 0
144 send 112 3100 60 0
144 wait 177 145 3100
144 wait 113 145 3300
144 allreduce 1 0 0 
144 allreduce 1 0 0 
144 irecv 145 1100 200 0
144 irecv 147 1300 200 0
144 send 145 1300 4 0
144 send 147 1100 4 0
144 wait 146 145 1100
144 wait 148 145 1300
144 irecv 148 2100 200 0
144 irecv 140 2300 200 0
144 send 148 2300 12 0
144 send 140 2100 12 0
144 wait 149 145 2100
144 wait 141 145 2300
144 irecv 176 3100 200 0
144 irecv 112 3300 200 0
144 send 176 3300 24 0
144 send 112 3100 24 0
144 wait 177 145 3100
144 wait 113 145 3300
144 irecv 145 1100 200 0
144 irecv 147 1300 200 0
144 send 145 1300 1 0
144 send 147 1100 1 0
144 wait 146 145 1100
144 wait 148 145 1300
144 irecv 148 2100 200 0
144 irecv 140 2300 200 0
144 send 148 2300 4 0
144 send 140 2100 4 0
144 wait 149 145 2100
144 wait 141 145 2300
144 irecv 176 3100 200 0
144 irecv 112 3300 200 0
144 send 176 3300 12 0
144 send 112 3100 12 0
144 wait 177 145 3100
144 wait 113 145 3300
144 irecv 145 1100 200 0
144 irecv 147 1300 200 0
144 wait 146 145 1100
144 wait 148 145 1300
144 irecv 148 2100 200 0
144 irecv 140 2300 200 0
144 wait 149 145 2100
144 wait 141 145 2300
144 irecv 176 3100 200 0
144 irecv 112 3300 200 0
144 wait 177 145 3100
144 wait 113 145 3300
144 irecv 145 1100 200 0
144 irecv 147 1300 200 0
144 send 145 1300 1 0
144 send 147 1100 1 0
144 wait 146 145 1100
144 wait 148 145 1300
144 irecv 148 2100 200 0
144 irecv 140 2300 200 0
144 send 148 2300 4 0
144 send 140 2100 4 0
144 wait 149 145 2100
144 wait 141 145 2300
144 irecv 176 3100 200 0
144 irecv 112 3300 200 0
144 send 176 3300 12 0
144 send 112 3100 12 0
144 wait 177 145 3100
144 wait 113 145 3300
144 irecv 145 1100 200 0
144 irecv 147 1300 200 0
144 send 145 1300 1 0
144 send 147 1100 1 0
144 wait 146 145 1100
144 wait 148 145 1300
144 irecv 148 2100 200 0
144 irecv 140 2300 200 0
144 send 148 2300 4 0
144 send 140 2100 4 0
144 wait 149 145 2100
144 wait 141 145 2300
144 irecv 176 3100 200 0
144 irecv 112 3300 200 0
144 send 176 3300 12 0
144 send 112 3100 12 0
144 wait 177 145 3100
144 wait 113 145 3300
144 irecv 145 1100 200 0
144 irecv 147 1300 200 0
144 send 145 1300 4 0
144 send 147 1100 4 0
144 wait 146 145 1100
144 wait 148 145 1300
144 irecv 148 2100 200 0
144 irecv 140 2300 200 0
144 send 148 2300 12 0
144 send 140 2100 12 0
144 wait 149 145 2100
144 wait 141 145 2300
144 irecv 176 3100 200 0
144 irecv 112 3300 200 0
144 send 176 3300 24 0
144 send 112 3100 24 0
144 wait 177 145 3100
144 wait 113 145 3300
144 irecv 145 1100 200 0
144 irecv 147 1300 200 0
144 send 145 1300 4 0
144 send 147 1100 4 0
144 wait 146 145 1100
144 wait 148 145 1300
144 irecv 148 2100 200 0
144 irecv 140 2300 200 0
144 send 148 2300 12 0
144 send 140 2100 12 0
144 wait 149 145 2100
144 wait 141 145 2300
144 irecv 176 3100 200 0
144 irecv 112 3300 200 0
144 send 176 3300 24 0
144 send 112 3100 24 0
144 wait 177 145 3100
144 wait 113 145 3300
144 irecv 145 1100 200 0
144 irecv 147 1300 200 0
144 send 145 1300 16 0
144 send 147 1100 16 0
144 wait 146 145 1100
144 wait 148 145 1300
144 irecv 148 2100 200 0
144 irecv 140 2300 200 0
144 send 148 2300 40 0
144 send 140 2100 40 0
144 wait 149 145 2100
144 wait 141 145 2300
144 irecv 176 3100 200 0
144 irecv 112 3300 200 0
144 send 176 3300 60 0
144 send 112 3100 60 0
144 wait 177 145 3100
144 wait 113 145 3300
144 irecv 145 1100 200 0
144 irecv 147 1300 200 0
144 send 145 1300 16 0
144 send 147 1100 16 0
144 wait 146 145 1100
144 wait 148 145 1300
144 irecv 148 2100 200 0
144 irecv 140 2300 200 0
144 send 148 2300 40 0
144 send 140 2100 40 0
144 wait 149 145 2100
144 wait 141 145 2300
144 irecv 176 3100 200 0
144 irecv 112 3300 200 0
144 send 176 3300 60 0
144 send 112 3100 60 0
144 wait 177 145 3100
144 wait 113 145 3300
144 irecv 145 1100 200 0
144 irecv 147 1300 200 0
144 send 145 1300 16 0
144 send 147 1100 16 0
144 wait 146 145 1100
144 wait 148 145 1300
144 irecv 148 2100 200 0
144 irecv 140 2300 200 0
144 send 148 2300 40 0
144 send 140 2100 40 0
144 wait 149 145 2100
144 wait 141 145 2300
144 irecv 176 3100 200 0
144 irecv 112 3300 200 0
144 send 176 3300 60 0
144 send 112 3100 60 0
144 wait 177 145 3100
144 wait 113 145 3300
144 barrier
144 allreduce 1 0 0 
144 allreduce 4 0 1 
144 allreduce 1 0 0 
144 allreduce 4 0 1 
144 allreduce 1 0 0 
144 allreduce 4 0 1 
144 allreduce 1 0 0 
144 allreduce 4 0 1 
144 allreduce 1 0 0 
144 allreduce 4 0 1 
144 allreduce 1 0 0 
144 allreduce 4 0 1 
144 allreduce 1 0 0 
144 allreduce 4 0 1 
144 allreduce 1 0 0 
144 allreduce 4 0 1 
144 allreduce 1 0 0 
144 allreduce 4 0 1 
144 allreduce 1 0 0 
144 allreduce 4 0 1 
144 allreduce 1 0 0 
144 allreduce 4 0 1 
144 allreduce 1 0 0 
144 allreduce 4 0 1 
144 allreduce 1 0 0 
144 allreduce 4 0 1 
144 allreduce 1 0 0 
144 allreduce 4 0 1 
144 allreduce 1 0 0 
144 allreduce 4 0 1 
144 allreduce 1 0 0 
144 allreduce 4 0 1 
144 allreduce 1 0 0 
144 allreduce 4 0 1 
144 allreduce 1 0 0 
144 allreduce 4 0 1 
144 allreduce 1 0 0 
144 allreduce 4 0 1 
144 allreduce 1 0 0 
144 allreduce 4 0 1 
144 barrier
144 irecv 145 1100 200 0
144 irecv 147 1300 200 0
144 send 145 1300 16 0
144 send 147 1100 16 0
144 wait 146 145 1100
144 wait 148 145 1300
144 irecv 148 2100 200 0
144 irecv 140 2300 200 0
144 send 148 2300 40 0
144 send 140 2100 40 0
144 wait 149 145 2100
144 wait 141 145 2300
144 irecv 176 3100 200 0
144 irecv 112 3300 200 0
144 send 176 3300 60 0
144 send 112 3100 60 0
144 wait 177 145 3100
144 wait 113 145 3300
144 barrier
144 irecv 145 1100 200 0
144 irecv 147 1300 200 0
144 send 145 1300 16 0
144 send 147 1100 16 0
144 wait 146 145 1100
144 wait 148 145 1300
144 irecv 148 2100 200 0
144 irecv 140 2300 200 0
144 send 148 2300 40 0
144 send 140 2100 40 0
144 wait 149 145 2100
144 wait 141 145 2300
144 irecv 176 3100 200 0
144 irecv 112 3300 200 0
144 send 176 3300 60 0
144 send 112 3100 60 0
144 wait 177 145 3100
144 wait 113 145 3300
144 allreduce 1 0 0 
144 allreduce 1 0 0 
144 irecv 145 1100 200 0
144 irecv 147 1300 200 0
144 send 145 1300 4 0
144 send 147 1100 4 0
144 wait 146 145 1100
144 wait 148 145 1300
144 irecv 148 2100 200 0
144 irecv 140 2300 200 0
144 send 148 2300 12 0
144 send 140 2100 12 0
144 wait 149 145 2100
144 wait 141 145 2300
144 irecv 176 3100 200 0
144 irecv 112 3300 200 0
144 send 176 3300 24 0
144 send 112 3100 24 0
144 wait 177 145 3100
144 wait 113 145 3300
144 irecv 145 1100 200 0
144 irecv 147 1300 200 0
144 send 145 1300 1 0
144 send 147 1100 1 0
144 wait 146 145 1100
144 wait 148 145 1300
144 irecv 148 2100 200 0
144 irecv 140 2300 200 0
144 send 148 2300 4 0
144 send 140 2100 4 0
144 wait 149 145 2100
144 wait 141 145 2300
144 irecv 176 3100 200 0
144 irecv 112 3300 200 0
144 send 176 3300 12 0
144 send 112 3100 12 0
144 wait 177 145 3100
144 wait 113 145 3300
144 irecv 145 1100 200 0
144 irecv 147 1300 200 0
144 wait 146 145 1100
144 wait 148 145 1300
144 irecv 148 2100 200 0
144 irecv 140 2300 200 0
144 wait 149 145 2100
144 wait 141 145 2300
144 irecv 176 3100 200 0
144 irecv 112 3300 200 0
144 wait 177 145 3100
144 wait 113 145 3300
144 irecv 145 1100 200 0
144 irecv 147 1300 200 0
144 send 145 1300 1 0
144 send 147 1100 1 0
144 wait 146 145 1100
144 wait 148 145 1300
144 irecv 148 2100 200 0
144 irecv 140 2300 200 0
144 send 148 2300 4 0
144 send 140 2100 4 0
144 wait 149 145 2100
144 wait 141 145 2300
144 irecv 176 3100 200 0
144 irecv 112 3300 200 0
144 send 176 3300 12 0
144 send 112 3100 12 0
144 wait 177 145 3100
144 wait 113 145 3300
144 irecv 145 1100 200 0
144 irecv 147 1300 200 0
144 send 145 1300 1 0
144 send 147 1100 1 0
144 wait 146 145 1100
144 wait 148 145 1300
144 irecv 148 2100 200 0
144 irecv 140 2300 200 0
144 send 148 2300 4 0
144 send 140 2100 4 0
144 wait 149 145 2100
144 wait 141 145 2300
144 irecv 176 3100 200 0
144 irecv 112 3300 200 0
144 send 176 3300 12 0
144 send 112 3100 12 0
144 wait 177 145 3100
144 wait 113 145 3300
144 irecv 145 1100 200 0
144 irecv 147 1300 200 0
144 send 145 1300 4 0
144 send 147 1100 4 0
144 wait 146 145 1100
144 wait 148 145 1300
144 irecv 148 2100 200 0
144 irecv 140 2300 200 0
144 send 148 2300 12 0
144 send 140 2100 12 0
144 wait 149 145 2100
144 wait 141 145 2300
144 irecv 176 3100 200 0
144 irecv 112 3300 200 0
144 send 176 3300 24 0
144 send 112 3100 24 0
144 wait 177 145 3100
144 wait 113 145 3300
144 irecv 145 1100 200 0
144 irecv 147 1300 200 0
144 send 145 1300 4 0
144 send 147 1100 4 0
144 wait 146 145 1100
144 wait 148 145 1300
144 irecv 148 2100 200 0
144 irecv 140 2300 200 0
144 send 148 2300 12 0
144 send 140 2100 12 0
144 wait 149 145 2100
144 wait 141 145 2300
144 irecv 176 3100 200 0
144 irecv 112 3300 200 0
144 send 176 3300 24 0
144 send 112 3100 24 0
144 wait 177 145 3100
144 wait 113 145 3300
144 irecv 145 1100 200 0
144 irecv 147 1300 200 0
144 send 145 1300 16 0
144 send 147 1100 16 0
144 wait 146 145 1100
144 wait 148 145 1300
144 irecv 148 2100 200 0
144 irecv 140 2300 200 0
144 send 148 2300 40 0
144 send 140 2100 40 0
144 wait 149 145 2100
144 wait 141 145 2300
144 irecv 176 3100 200 0
144 irecv 112 3300 200 0
144 send 176 3300 60 0
144 send 112 3100 60 0
144 wait 177 145 3100
144 wait 113 145 3300
144 irecv 145 1100 200 0
144 irecv 147 1300 200 0
144 send 145 1300 16 0
144 send 147 1100 16 0
144 wait 146 145 1100
144 wait 148 145 1300
144 irecv 148 2100 200 0
144 irecv 140 2300 200 0
144 send 148 2300 40 0
144 send 140 2100 40 0
144 wait 149 145 2100
144 wait 141 145 2300
144 irecv 176 3100 200 0
144 irecv 112 3300 200 0
144 send 176 3300 60 0
144 send 112 3100 60 0
144 wait 177 145 3100
144 wait 113 145 3300
144 irecv 145 1100 200 0
144 irecv 147 1300 200 0
144 send 145 1300 16 0
144 send 147 1100 16 0
144 wait 146 145 1100
144 wait 148 145 1300
144 irecv 148 2100 200 0
144 irecv 140 2300 200 0
144 send 148 2300 40 0
144 send 140 2100 40 0
144 wait 149 145 2100
144 wait 141 145 2300
144 irecv 176 3100 200 0
144 irecv 112 3300 200 0
144 send 176 3300 60 0
144 send 112 3100 60 0
144 wait 177 145 3100
144 wait 113 145 3300
144 irecv 145 1100 200 0
144 irecv 147 1300 200 0
144 send 145 1300 4 0
144 send 147 1100 4 0
144 wait 146 145 1100
144 wait 148 145 1300
144 irecv 148 2100 200 0
144 irecv 140 2300 200 0
144 send 148 2300 12 0
144 send 140 2100 12 0
144 wait 149 145 2100
144 wait 141 145 2300
144 irecv 176 3100 200 0
144 irecv 112 3300 200 0
144 send 176 3300 24 0
144 send 112 3100 24 0
144 wait 177 145 3100
144 wait 113 145 3300
144 irecv 145 1100 200 0
144 irecv 147 1300 200 0
144 send 145 1300 1 0
144 send 147 1100 1 0
144 wait 146 145 1100
144 wait 148 145 1300
144 irecv 148 2100 200 0
144 irecv 140 2300 200 0
144 send 148 2300 4 0
144 send 140 2100 4 0
144 wait 149 145 2100
144 wait 141 145 2300
144 irecv 176 3100 200 0
144 irecv 112 3300 200 0
144 send 176 3300 12 0
144 send 112 3100 12 0
144 wait 177 145 3100
144 wait 113 145 3300
144 irecv 145 1100 200 0
144 irecv 147 1300 200 0
144 wait 146 145 1100
144 wait 148 145 1300
144 irecv 148 2100 200 0
144 irecv 140 2300 200 0
144 wait 149 145 2100
144 wait 141 145 2300
144 irecv 176 3100 200 0
144 irecv 112 3300 200 0
144 wait 177 145 3100
144 wait 113 145 3300
144 irecv 145 1100 200 0
144 irecv 147 1300 200 0
144 send 145 1300 1 0
144 send 147 1100 1 0
144 wait 146 145 1100
144 wait 148 145 1300
144 irecv 148 2100 200 0
144 irecv 140 2300 200 0
144 send 148 2300 4 0
144 send 140 2100 4 0
144 wait 149 145 2100
144 wait 141 145 2300
144 irecv 176 3100 200 0
144 irecv 112 3300 200 0
144 send 176 3300 12 0
144 send 112 3100 12 0
144 wait 177 145 3100
144 wait 113 145 3300
144 irecv 145 1100 200 0
144 irecv 147 1300 200 0
144 send 145 1300 1 0
144 send 147 1100 1 0
144 wait 146 145 1100
144 wait 148 145 1300
144 irecv 148 2100 200 0
144 irecv 140 2300 200 0
144 send 148 2300 4 0
144 send 140 2100 4 0
144 wait 149 145 2100
144 wait 141 145 2300
144 irecv 176 3100 200 0
144 irecv 112 3300 200 0
144 send 176 3300 12 0
144 send 112 3100 12 0
144 wait 177 145 3100
144 wait 113 145 3300
144 irecv 145 1100 200 0
144 irecv 147 1300 200 0
144 send 145 1300 4 0
144 send 147 1100 4 0
144 wait 146 145 1100
144 wait 148 145 1300
144 irecv 148 2100 200 0
144 irecv 140 2300 200 0
144 send 148 2300 12 0
144 send 140 2100 12 0
144 wait 149 145 2100
144 wait 141 145 2300
144 irecv 176 3100 200 0
144 irecv 112 3300 200 0
144 send 176 3300 24 0
144 send 112 3100 24 0
144 wait 177 145 3100
144 wait 113 145 3300
144 irecv 145 1100 200 0
144 irecv 147 1300 200 0
144 send 145 1300 4 0
144 send 147 1100 4 0
144 wait 146 145 1100
144 wait 148 145 1300
144 irecv 148 2100 200 0
144 irecv 140 2300 200 0
144 send 148 2300 12 0
144 send 140 2100 12 0
144 wait 149 145 2100
144 wait 141 145 2300
144 irecv 176 3100 200 0
144 irecv 112 3300 200 0
144 send 176 3300 24 0
144 send 112 3100 24 0
144 wait 177 145 3100
144 wait 113 145 3300
144 irecv 145 1100 200 0
144 irecv 147 1300 200 0
144 send 145 1300 16 0
144 send 147 1100 16 0
144 wait 146 145 1100
144 wait 148 145 1300
144 irecv 148 2100 200 0
144 irecv 140 2300 200 0
144 send 148 2300 40 0
144 send 140 2100 40 0
144 wait 149 145 2100
144 wait 141 145 2300
144 irecv 176 3100 200 0
144 irecv 112 3300 200 0
144 send 176 3300 60 0
144 send 112 3100 60 0
144 wait 177 145 3100
144 wait 113 145 3300
144 irecv 145 1100 200 0
144 irecv 147 1300 200 0
144 send 145 1300 16 0
144 send 147 1100 16 0
144 wait 146 145 1100
144 wait 148 145 1300
144 irecv 148 2100 200 0
144 irecv 140 2300 200 0
144 send 148 2300 40 0
144 send 140 2100 40 0
144 wait 149 145 2100
144 wait 141 145 2300
144 irecv 176 3100 200 0
144 irecv 112 3300 200 0
144 send 176 3300 60 0
144 send 112 3100 60 0
144 wait 177 145 3100
144 wait 113 145 3300
144 irecv 145 1100 200 0
144 irecv 147 1300 200 0
144 send 145 1300 16 0
144 send 147 1100 16 0
144 wait 146 145 1100
144 wait 148 145 1300
144 irecv 148 2100 200 0
144 irecv 140 2300 200 0
144 send 148 2300 40 0
144 send 140 2100 40 0
144 wait 149 145 2100
144 wait 141 145 2300
144 irecv 176 3100 200 0
144 irecv 112 3300 200 0
144 send 176 3300 60 0
144 send 112 3100 60 0
144 wait 177 145 3100
144 wait 113 145 3300
144 irecv 145 1100 200 0
144 irecv 147 1300 200 0
144 send 145 1300 4 0
144 send 147 1100 4 0
144 wait 146 145 1100
144 wait 148 145 1300
144 irecv 148 2100 200 0
144 irecv 140 2300 200 0
144 send 148 2300 12 0
144 send 140 2100 12 0
144 wait 149 145 2100
144 wait 141 145 2300
144 irecv 176 3100 200 0
144 irecv 112 3300 200 0
144 send 176 3300 24 0
144 send 112 3100 24 0
144 wait 177 145 3100
144 wait 113 145 3300
144 irecv 145 1100 200 0
144 irecv 147 1300 200 0
144 send 145 1300 1 0
144 send 147 1100 1 0
144 wait 146 145 1100
144 wait 148 145 1300
144 irecv 148 2100 200 0
144 irecv 140 2300 200 0
144 send 148 2300 4 0
144 send 140 2100 4 0
144 wait 149 145 2100
144 wait 141 145 2300
144 irecv 176 3100 200 0
144 irecv 112 3300 200 0
144 send 176 3300 12 0
144 send 112 3100 12 0
144 wait 177 145 3100
144 wait 113 145 3300
144 irecv 145 1100 200 0
144 irecv 147 1300 200 0
144 wait 146 145 1100
144 wait 148 145 1300
144 irecv 148 2100 200 0
144 irecv 140 2300 200 0
144 wait 149 145 2100
144 wait 141 145 2300
144 irecv 176 3100 200 0
144 irecv 112 3300 200 0
144 wait 177 145 3100
144 wait 113 145 3300
144 irecv 145 1100 200 0
144 irecv 147 1300 200 0
144 send 145 1300 1 0
144 send 147 1100 1 0
144 wait 146 145 1100
144 wait 148 145 1300
144 irecv 148 2100 200 0
144 irecv 140 2300 200 0
144 send 148 2300 4 0
144 send 140 2100 4 0
144 wait 149 145 2100
144 wait 141 145 2300
144 irecv 176 3100 200 0
144 irecv 112 3300 200 0
144 send 176 3300 12 0
144 send 112 3100 12 0
144 wait 177 145 3100
144 wait 113 145 3300
144 irecv 145 1100 200 0
144 irecv 147 1300 200 0
144 send 145 1300 1 0
144 send 147 1100 1 0
144 wait 146 145 1100
144 wait 148 145 1300
144 irecv 148 2100 200 0
144 irecv 140 2300 200 0
144 send 148 2300 4 0
144 send 140 2100 4 0
144 wait 149 145 2100
144 wait 141 145 2300
144 irecv 176 3100 200 0
144 irecv 112 3300 200 0
144 send 176 3300 12 0
144 send 112 3100 12 0
144 wait 177 145 3100
144 wait 113 145 3300
144 irecv 145 1100 200 0
144 irecv 147 1300 200 0
144 send 145 1300 4 0
144 send 147 1100 4 0
144 wait 146 145 1100
144 wait 148 145 1300
144 irecv 148 2100 200 0
144 irecv 140 2300 200 0
144 send 148 2300 12 0
144 send 140 2100 12 0
144 wait 149 145 2100
144 wait 141 145 2300
144 irecv 176 3100 200 0
144 irecv 112 3300 200 0
144 send 176 3300 24 0
144 send 112 3100 24 0
144 wait 177 145 3100
144 wait 113 145 3300
144 irecv 145 1100 200 0
144 irecv 147 1300 200 0
144 send 145 1300 4 0
144 send 147 1100 4 0
144 wait 146 145 1100
144 wait 148 145 1300
144 irecv 148 2100 200 0
144 irecv 140 2300 200 0
144 send 148 2300 12 0
144 send 140 2100 12 0
144 wait 149 145 2100
144 wait 141 145 2300
144 irecv 176 3100 200 0
144 irecv 112 3300 200 0
144 send 176 3300 24 0
144 send 112 3100 24 0
144 wait 177 145 3100
144 wait 113 145 3300
144 irecv 145 1100 200 0
144 irecv 147 1300 200 0
144 send 145 1300 16 0
144 send 147 1100 16 0
144 wait 146 145 1100
144 wait 148 145 1300
144 irecv 148 2100 200 0
144 irecv 140 2300 200 0
144 send 148 2300 40 0
144 send 140 2100 40 0
144 wait 149 145 2100
144 wait 141 145 2300
144 irecv 176 3100 200 0
144 irecv 112 3300 200 0
144 send 176 3300 60 0
144 send 112 3100 60 0
144 wait 177 145 3100
144 wait 113 145 3300
144 irecv 145 1100 200 0
144 irecv 147 1300 200 0
144 send 145 1300 16 0
144 send 147 1100 16 0
144 wait 146 145 1100
144 wait 148 145 1300
144 irecv 148 2100 200 0
144 irecv 140 2300 200 0
144 send 148 2300 40 0
144 send 140 2100 40 0
144 wait 149 145 2100
144 wait 141 145 2300
144 irecv 176 3100 200 0
144 irecv 112 3300 200 0
144 send 176 3300 60 0
144 send 112 3100 60 0
144 wait 177 145 3100
144 wait 113 145 3300
144 irecv 145 1100 200 0
144 irecv 147 1300 200 0
144 send 145 1300 16 0
144 send 147 1100 16 0
144 wait 146 145 1100
144 wait 148 145 1300
144 irecv 148 2100 200 0
144 irecv 140 2300 200 0
144 send 148 2300 40 0
144 send 140 2100 40 0
144 wait 149 145 2100
144 wait 141 145 2300
144 irecv 176 3100 200 0
144 irecv 112 3300 200 0
144 send 176 3300 60 0
144 send 112 3100 60 0
144 wait 177 145 3100
144 wait 113 145 3300
144 irecv 145 1100 200 0
144 irecv 147 1300 200 0
144 send 145 1300 4 0
144 send 147 1100 4 0
144 wait 146 145 1100
144 wait 148 145 1300
144 irecv 148 2100 200 0
144 irecv 140 2300 200 0
144 send 148 2300 12 0
144 send 140 2100 12 0
144 wait 149 145 2100
144 wait 141 145 2300
144 irecv 176 3100 200 0
144 irecv 112 3300 200 0
144 send 176 3300 24 0
144 send 112 3100 24 0
144 wait 177 145 3100
144 wait 113 145 3300
144 irecv 145 1100 200 0
144 irecv 147 1300 200 0
144 send 145 1300 1 0
144 send 147 1100 1 0
144 wait 146 145 1100
144 wait 148 145 1300
144 irecv 148 2100 200 0
144 irecv 140 2300 200 0
144 send 148 2300 4 0
144 send 140 2100 4 0
144 wait 149 145 2100
144 wait 141 145 2300
144 irecv 176 3100 200 0
144 irecv 112 3300 200 0
144 send 176 3300 12 0
144 send 112 3100 12 0
144 wait 177 145 3100
144 wait 113 145 3300
144 irecv 145 1100 200 0
144 irecv 147 1300 200 0
144 wait 146 145 1100
144 wait 148 145 1300
144 irecv 148 2100 200 0
144 irecv 140 2300 200 0
144 wait 149 145 2100
144 wait 141 145 2300
144 irecv 176 3100 200 0
144 irecv 112 3300 200 0
144 wait 177 145 3100
144 wait 113 145 3300
144 irecv 145 1100 200 0
144 irecv 147 1300 200 0
144 send 145 1300 1 0
144 send 147 1100 1 0
144 wait 146 145 1100
144 wait 148 145 1300
144 irecv 148 2100 200 0
144 irecv 140 2300 200 0
144 send 148 2300 4 0
144 send 140 2100 4 0
144 wait 149 145 2100
144 wait 141 145 2300
144 irecv 176 3100 200 0
144 irecv 112 3300 200 0
144 send 176 3300 12 0
144 send 112 3100 12 0
144 wait 177 145 3100
144 wait 113 145 3300
144 irecv 145 1100 200 0
144 irecv 147 1300 200 0
144 send 145 1300 1 0
144 send 147 1100 1 0
144 wait 146 145 1100
144 wait 148 145 1300
144 irecv 148 2100 200 0
144 irecv 140 2300 200 0
144 send 148 2300 4 0
144 send 140 2100 4 0
144 wait 149 145 2100
144 wait 141 145 2300
144 irecv 176 3100 200 0
144 irecv 112 3300 200 0
144 send 176 3300 12 0
144 send 112 3100 12 0
144 wait 177 145 3100
144 wait 113 145 3300
144 irecv 145 1100 200 0
144 irecv 147 1300 200 0
144 send 145 1300 4 0
144 send 147 1100 4 0
144 wait 146 145 1100
144 wait 148 145 1300
144 irecv 148 2100 200 0
144 irecv 140 2300 200 0
144 send 148 2300 12 0
144 send 140 2100 12 0
144 wait 149 145 2100
144 wait 141 145 2300
144 irecv 176 3100 200 0
144 irecv 112 3300 200 0
144 send 176 3300 24 0
144 send 112 3100 24 0
144 wait 177 145 3100
144 wait 113 145 3300
144 irecv 145 1100 200 0
144 irecv 147 1300 200 0
144 send 145 1300 4 0
144 send 147 1100 4 0
144 wait 146 145 1100
144 wait 148 145 1300
144 irecv 148 2100 200 0
144 irecv 140 2300 200 0
144 send 148 2300 12 0
144 send 140 2100 12 0
144 wait 149 145 2100
144 wait 141 145 2300
144 irecv 176 3100 200 0
144 irecv 112 3300 200 0
144 send 176 3300 24 0
144 send 112 3100 24 0
144 wait 177 145 3100
144 wait 113 145 3300
144 irecv 145 1100 200 0
144 irecv 147 1300 200 0
144 send 145 1300 16 0
144 send 147 1100 16 0
144 wait 146 145 1100
144 wait 148 145 1300
144 irecv 148 2100 200 0
144 irecv 140 2300 200 0
144 send 148 2300 40 0
144 send 140 2100 40 0
144 wait 149 145 2100
144 wait 141 145 2300
144 irecv 176 3100 200 0
144 irecv 112 3300 200 0
144 send 176 3300 60 0
144 send 112 3100 60 0
144 wait 177 145 3100
144 wait 113 145 3300
144 irecv 145 1100 200 0
144 irecv 147 1300 200 0
144 send 145 1300 16 0
144 send 147 1100 16 0
144 wait 146 145 1100
144 wait 148 145 1300
144 irecv 148 2100 200 0
144 irecv 140 2300 200 0
144 send 148 2300 40 0
144 send 140 2100 40 0
144 wait 149 145 2100
144 wait 141 145 2300
144 irecv 176 3100 200 0
144 irecv 112 3300 200 0
144 send 176 3300 60 0
144 send 112 3100 60 0
144 wait 177 145 3100
144 wait 113 145 3300
144 irecv 145 1100 200 0
144 irecv 147 1300 200 0
144 send 145 1300 16 0
144 send 147 1100 16 0
144 wait 146 145 1100
144 wait 148 145 1300
144 irecv 148 2100 200 0
144 irecv 140 2300 200 0
144 send 148 2300 40 0
144 send 140 2100 40 0
144 wait 149 145 2100
144 wait 141 145 2300
144 irecv 176 3100 200 0
144 irecv 112 3300 200 0
144 send 176 3300 60 0
144 send 112 3100 60 0
144 wait 177 145 3100
144 wait 113 145 3300
144 allreduce 1 0 0 
144 allreduce 1 0 0 
144 reduce 1 0 0 0 
144 finalize
