223 init
223 barrier
223 bcast 1 0 1 
223 bcast 1 0 1 
223 bcast 1 0 1 
223 bcast 1 0 1 
223 bcast 1 0 1 
223 bcast 8 0 1 
223 bcast 1 0 16 
223 barrier
223 allreduce 1 0 0 
223 allreduce 4 0 1 
223 allreduce 1 0 0 
223 allreduce 4 0 1 
223 allreduce 1 0 0 
223 allreduce 4 0 1 
223 allreduce 1 0 0 
223 allreduce 4 0 1 
223 allreduce 1 0 0 
223 allreduce 4 0 1 
223 allreduce 1 0 0 
223 allreduce 4 0 1 
223 allreduce 1 0 0 
223 allreduce 4 0 1 
223 allreduce 1 0 0 
223 allreduce 4 0 1 
223 allreduce 1 0 0 
223 allreduce 4 0 1 
223 allreduce 1 0 0 
223 allreduce 4 0 1 
223 allreduce 1 0 0 
223 allreduce 4 0 1 
223 allreduce 1 0 0 
223 allreduce 4 0 1 
223 allreduce 1 0 0 
223 allreduce 4 0 1 
223 allreduce 1 0 0 
223 allreduce 4 0 1 
223 allreduce 1 0 0 
223 allreduce 4 0 1 
223 allreduce 1 0 0 
223 allreduce 4 0 1 
223 allreduce 1 0 0 
223 allreduce 4 0 1 
223 allreduce 1 0 0 
223 allreduce 4 0 1 
223 allreduce 1 0 0 
223 allreduce 4 0 1 
223 allreduce 1 0 0 
223 allreduce 4 0 1 
223 barrier
223 irecv 220 1100 200 0
223 irecv 222 1300 200 0
223 send 220 1300 16 0
223 send 222 1100 16 0
223 wait 221 224 1100
223 wait 223 224 1300
223 irecv 195 2100 200 0
223 irecv 219 2300 200 0
223 send 195 2300 40 0
223 send 219 2100 40 0
223 wait 196 224 2100
223 wait 220 224 2300
223 irecv 255 3100 200 0
223 irecv 191 3300 200 0
223 send 255 3300 60 0
223 send 191 3100 60 0
223 wait 256 224 3100
223 wait 192 224 3300
223 allreduce 1 0 0 
223 allreduce 1 0 0 
223 irecv 220 1100 200 0
223 irecv 222 1300 200 0
223 send 220 1300 16 0
223 send 222 1100 16 0
223 wait 221 224 1100
223 wait 223 224 1300
223 irecv 195 2100 200 0
223 irecv 219 2300 200 0
223 send 195 2300 40 0
223 send 219 2100 40 0
223 wait 196 224 2100
223 wait 220 224 2300
223 irecv 255 3100 200 0
223 irecv 191 3300 200 0
223 send 255 3300 60 0
223 send 191 3100 60 0
223 wait 256 224 3100
223 wait 192 224 3300
223 allreduce 1 0 0 
223 allreduce 1 0 0 
223 irecv 220 1100 200 0
223 irecv 222 1300 200 0
223 send 220 1300 4 0
223 send 222 1100 4 0
223 wait 221 224 1100
223 wait 223 224 1300
223 irecv 195 2100 200 0
223 irecv 219 2300 200 0
223 send 195 2300 12 0
223 send 219 2100 12 0
223 wait 196 224 2100
223 wait 220 224 2300
223 irecv 255 3100 200 0
223 irecv 191 3300 200 0
223 send 255 3300 24 0
223 send 191 3100 24 0
223 wait 256 224 3100
223 wait 192 224 3300
223 irecv 220 1100 200 0
223 irecv 222 1300 200 0
223 send 220 1300 1 0
223 send 222 1100 1 0
223 wait 221 224 1100
223 wait 223 224 1300
223 irecv 195 2100 200 0
223 irecv 219 2300 200 0
223 send 195 2300 4 0
223 send 219 2100 4 0
223 wait 196 224 2100
223 wait 220 224 2300
223 irecv 255 3100 200 0
223 irecv 191 3300 200 0
223 send 255 3300 12 0
223 send 191 3100 12 0
223 wait 256 224 3100
223 wait 192 224 3300
223 send 220 1300 12 0
223 send 222 1100 6 0
223 send 199 2300 12 0
223 send 215 2100 6 0
223 send 195 2300 24 0
223 send 219 2100 12 0
223 irecv 255 3100 200 0
223 irecv 191 3300 200 0
223 wait 256 224 3100
223 wait 192 224 3300
223 irecv 220 1100 200 0
223 irecv 222 1300 200 0
223 send 220 1300 1 0
223 send 222 1100 1 0
223 wait 221 224 1100
223 wait 223 224 1300
223 irecv 195 2100 200 0
223 irecv 219 2300 200 0
223 send 195 2300 4 0
223 send 219 2100 4 0
223 wait 196 224 2100
223 wait 220 224 2300
223 irecv 255 3100 200 0
223 irecv 191 3300 200 0
223 send 255 3300 12 0
223 send 191 3100 12 0
223 wait 256 224 3100
223 wait 192 224 3300
223 irecv 220 1100 200 0
223 irecv 222 1300 200 0
223 send 220 1300 1 0
223 send 222 1100 1 0
223 wait 221 224 1100
223 wait 223 224 1300
223 irecv 195 2100 200 0
223 irecv 219 2300 200 0
223 send 195 2300 4 0
223 send 219 2100 4 0
223 wait 196 224 2100
223 wait 220 224 2300
223 irecv 255 3100 200 0
223 irecv 191 3300 200 0
223 send 255 3300 12 0
223 send 191 3100 12 0
223 wait 256 224 3100
223 wait 192 224 3300
223 irecv 220 1100 200 0
223 irecv 222 1300 200 0
223 send 220 1300 4 0
223 send 222 1100 4 0
223 wait 221 224 1100
223 wait 223 224 1300
223 irecv 195 2100 200 0
223 irecv 219 2300 200 0
223 send 195 2300 12 0
223 send 219 2100 12 0
223 wait 196 224 2100
223 wait 220 224 2300
223 irecv 255 3100 200 0
223 irecv 191 3300 200 0
223 send 255 3300 24 0
223 send 191 3100 24 0
223 wait 256 224 3100
223 wait 192 224 3300
223 irecv 220 1100 200 0
223 irecv 222 1300 200 0
223 send 220 1300 4 0
223 send 222 1100 4 0
223 wait 221 224 1100
223 wait 223 224 1300
223 irecv 195 2100 200 0
223 irecv 219 2300 200 0
223 send 195 2300 12 0
223 send 219 2100 12 0
223 wait 196 224 2100
223 wait 220 224 2300
223 irecv 255 3100 200 0
223 irecv 191 3300 200 0
223 send 255 3300 24 0
223 send 191 3100 24 0
223 wait 256 224 3100
223 wait 192 224 3300
223 irecv 220 1100 200 0
223 irecv 222 1300 200 0
223 send 220 1300 16 0
223 send 222 1100 16 0
223 wait 221 224 1100
223 wait 223 224 1300
223 irecv 195 2100 200 0
223 irecv 219 2300 200 0
223 send 195 2300 40 0
223 send 219 2100 40 0
223 wait 196 224 2100
223 wait 220 224 2300
223 irecv 255 3100 200 0
223 irecv 191 3300 200 0
223 send 255 3300 60 0
223 send 191 3100 60 0
223 wait 256 224 3100
223 wait 192 224 3300
223 irecv 220 1100 200 0
223 irecv 222 1300 200 0
223 send 220 1300 16 0
223 send 222 1100 16 0
223 wait 221 224 1100
223 wait 223 224 1300
223 irecv 195 2100 200 0
223 irecv 219 2300 200 0
223 send 195 2300 40 0
223 send 219 2100 40 0
223 wait 196 224 2100
223 wait 220 224 2300
223 irecv 255 3100 200 0
223 irecv 191 3300 200 0
223 send 255 3300 60 0
223 send 191 3100 60 0
223 wait 256 224 3100
223 wait 192 224 3300
223 irecv 220 1100 200 0
223 irecv 222 1300 200 0
223 send 220 1300 16 0
223 send 222 1100 16 0
223 wait 221 224 1100
223 wait 223 224 1300
223 irecv 195 2100 200 0
223 irecv 219 2300 200 0
223 send 195 2300 40 0
223 send 219 2100 40 0
223 wait 196 224 2100
223 wait 220 224 2300
223 irecv 255 3100 200 0
223 irecv 191 3300 200 0
223 send 255 3300 60 0
223 send 191 3100 60 0
223 wait 256 224 3100
223 wait 192 224 3300
223 barrier
223 allreduce 1 0 0 
223 allreduce 4 0 1 
223 allreduce 1 0 0 
223 allreduce 4 0 1 
223 allreduce 1 0 0 
223 allreduce 4 0 1 
223 allreduce 1 0 0 
223 allreduce 4 0 1 
223 allreduce 1 0 0 
223 allreduce 4 0 1 
223 allreduce 1 0 0 
223 allreduce 4 0 1 
223 allreduce 1 0 0 
223 allreduce 4 0 1 
223 allreduce 1 0 0 
223 allreduce 4 0 1 
223 allreduce 1 0 0 
223 allreduce 4 0 1 
223 allreduce 1 0 0 
223 allreduce 4 0 1 
223 allreduce 1 0 0 
223 allreduce 4 0 1 
223 allreduce 1 0 0 
223 allreduce 4 0 1 
223 allreduce 1 0 0 
223 allreduce 4 0 1 
223 allreduce 1 0 0 
223 allreduce 4 0 1 
223 allreduce 1 0 0 
223 allreduce 4 0 1 
223 allreduce 1 0 0 
223 allreduce 4 0 1 
223 allreduce 1 0 0 
223 allreduce 4 0 1 
223 allreduce 1 0 0 
223 allreduce 4 0 1 
223 allreduce 1 0 0 
223 allreduce 4 0 1 
223 allreduce 1 0 0 
223 allreduce 4 0 1 
223 barrier
223 irecv 220 1100 200 0
223 irecv 222 1300 200 0
223 send 220 1300 16 0
223 send 222 1100 16 0
223 wait 221 224 1100
223 wait 223 224 1300
223 irecv 195 2100 200 0
223 irecv 219 2300 200 0
223 send 195 2300 40 0
223 send 219 2100 40 0
223 wait 196 224 2100
223 wait 220 224 2300
223 irecv 255 3100 200 0
223 irecv 191 3300 200 0
223 send 255 3300 60 0
223 send 191 3100 60 0
223 wait 256 224 3100
223 wait 192 224 3300
223 barrier
223 irecv 220 1100 200 0
223 irecv 222 1300 200 0
223 send 220 1300 16 0
223 send 222 1100 16 0
223 wait 221 224 1100
223 wait 223 224 1300
223 irecv 195 2100 200 0
223 irecv 219 2300 200 0
223 send 195 2300 40 0
223 send 219 2100 40 0
223 wait 196 224 2100
223 wait 220 224 2300
223 irecv 255 3100 200 0
223 irecv 191 3300 200 0
223 send 255 3300 60 0
223 send 191 3100 60 0
223 wait 256 224 3100
223 wait 192 224 3300
223 allreduce 1 0 0 
223 allreduce 1 0 0 
223 irecv 220 1100 200 0
223 irecv 222 1300 200 0
223 send 220 1300 4 0
223 send 222 1100 4 0
223 wait 221 224 1100
223 wait 223 224 1300
223 irecv 195 2100 200 0
223 irecv 219 2300 200 0
223 send 195 2300 12 0
223 send 219 2100 12 0
223 wait 196 224 2100
223 wait 220 224 2300
223 irecv 255 3100 200 0
223 irecv 191 3300 200 0
223 send 255 3300 24 0
223 send 191 3100 24 0
223 wait 256 224 3100
223 wait 192 224 3300
223 irecv 220 1100 200 0
223 irecv 222 1300 200 0
223 send 220 1300 1 0
223 send 222 1100 1 0
223 wait 221 224 1100
223 wait 223 224 1300
223 irecv 195 2100 200 0
223 irecv 219 2300 200 0
223 send 195 2300 4 0
223 send 219 2100 4 0
223 wait 196 224 2100
223 wait 220 224 2300
223 irecv 255 3100 200 0
223 irecv 191 3300 200 0
223 send 255 3300 12 0
223 send 191 3100 12 0
223 wait 256 224 3100
223 wait 192 224 3300
223 send 220 1300 12 0
223 send 222 1100 6 0
223 send 199 2300 12 0
223 send 215 2100 6 0
223 send 195 2300 24 0
223 send 219 2100 12 0
223 irecv 255 3100 200 0
223 irecv 191 3300 200 0
223 wait 256 224 3100
223 wait 192 224 3300
223 irecv 220 1100 200 0
223 irecv 222 1300 200 0
223 send 220 1300 1 0
223 send 222 1100 1 0
223 wait 221 224 1100
223 wait 223 224 1300
223 irecv 195 2100 200 0
223 irecv 219 2300 200 0
223 send 195 2300 4 0
223 send 219 2100 4 0
223 wait 196 224 2100
223 wait 220 224 2300
223 irecv 255 3100 200 0
223 irecv 191 3300 200 0
223 send 255 3300 12 0
223 send 191 3100 12 0
223 wait 256 224 3100
223 wait 192 224 3300
223 irecv 220 1100 200 0
223 irecv 222 1300 200 0
223 send 220 1300 1 0
223 send 222 1100 1 0
223 wait 221 224 1100
223 wait 223 224 1300
223 irecv 195 2100 200 0
223 irecv 219 2300 200 0
223 send 195 2300 4 0
223 send 219 2100 4 0
223 wait 196 224 2100
223 wait 220 224 2300
223 irecv 255 3100 200 0
223 irecv 191 3300 200 0
223 send 255 3300 12 0
223 send 191 3100 12 0
223 wait 256 224 3100
223 wait 192 224 3300
223 irecv 220 1100 200 0
223 irecv 222 1300 200 0
223 send 220 1300 4 0
223 send 222 1100 4 0
223 wait 221 224 1100
223 wait 223 224 1300
223 irecv 195 2100 200 0
223 irecv 219 2300 200 0
223 send 195 2300 12 0
223 send 219 2100 12 0
223 wait 196 224 2100
223 wait 220 224 2300
223 irecv 255 3100 200 0
223 irecv 191 3300 200 0
223 send 255 3300 24 0
223 send 191 3100 24 0
223 wait 256 224 3100
223 wait 192 224 3300
223 irecv 220 1100 200 0
223 irecv 222 1300 200 0
223 send 220 1300 4 0
223 send 222 1100 4 0
223 wait 221 224 1100
223 wait 223 224 1300
223 irecv 195 2100 200 0
223 irecv 219 2300 200 0
223 send 195 2300 12 0
223 send 219 2100 12 0
223 wait 196 224 2100
223 wait 220 224 2300
223 irecv 255 3100 200 0
223 irecv 191 3300 200 0
223 send 255 3300 24 0
223 send 191 3100 24 0
223 wait 256 224 3100
223 wait 192 224 3300
223 irecv 220 1100 200 0
223 irecv 222 1300 200 0
223 send 220 1300 16 0
223 send 222 1100 16 0
223 wait 221 224 1100
223 wait 223 224 1300
223 irecv 195 2100 200 0
223 irecv 219 2300 200 0
223 send 195 2300 40 0
223 send 219 2100 40 0
223 wait 196 224 2100
223 wait 220 224 2300
223 irecv 255 3100 200 0
223 irecv 191 3300 200 0
223 send 255 3300 60 0
223 send 191 3100 60 0
223 wait 256 224 3100
223 wait 192 224 3300
223 irecv 220 1100 200 0
223 irecv 222 1300 200 0
223 send 220 1300 16 0
223 send 222 1100 16 0
223 wait 221 224 1100
223 wait 223 224 1300
223 irecv 195 2100 200 0
223 irecv 219 2300 200 0
223 send 195 2300 40 0
223 send 219 2100 40 0
223 wait 196 224 2100
223 wait 220 224 2300
223 irecv 255 3100 200 0
223 irecv 191 3300 200 0
223 send 255 3300 60 0
223 send 191 3100 60 0
223 wait 256 224 3100
223 wait 192 224 3300
223 irecv 220 1100 200 0
223 irecv 222 1300 200 0
223 send 220 1300 16 0
223 send 222 1100 16 0
223 wait 221 224 1100
223 wait 223 224 1300
223 irecv 195 2100 200 0
223 irecv 219 2300 200 0
223 send 195 2300 40 0
223 send 219 2100 40 0
223 wait 196 224 2100
223 wait 220 224 2300
223 irecv 255 3100 200 0
223 irecv 191 3300 200 0
223 send 255 3300 60 0
223 send 191 3100 60 0
223 wait 256 224 3100
223 wait 192 224 3300
223 irecv 220 1100 200 0
223 irecv 222 1300 200 0
223 send 220 1300 4 0
223 send 222 1100 4 0
223 wait 221 224 1100
223 wait 223 224 1300
223 irecv 195 2100 200 0
223 irecv 219 2300 200 0
223 send 195 2300 12 0
223 send 219 2100 12 0
223 wait 196 224 2100
223 wait 220 224 2300
223 irecv 255 3100 200 0
223 irecv 191 3300 200 0
223 send 255 3300 24 0
223 send 191 3100 24 0
223 wait 256 224 3100
223 wait 192 224 3300
223 irecv 220 1100 200 0
223 irecv 222 1300 200 0
223 send 220 1300 1 0
223 send 222 1100 1 0
223 wait 221 224 1100
223 wait 223 224 1300
223 irecv 195 2100 200 0
223 irecv 219 2300 200 0
223 send 195 2300 4 0
223 send 219 2100 4 0
223 wait 196 224 2100
223 wait 220 224 2300
223 irecv 255 3100 200 0
223 irecv 191 3300 200 0
223 send 255 3300 12 0
223 send 191 3100 12 0
223 wait 256 224 3100
223 wait 192 224 3300
223 send 220 1300 12 0
223 send 222 1100 6 0
223 send 199 2300 12 0
223 send 215 2100 6 0
223 send 195 2300 24 0
223 send 219 2100 12 0
223 irecv 255 3100 200 0
223 irecv 191 3300 200 0
223 wait 256 224 3100
223 wait 192 224 3300
223 irecv 220 1100 200 0
223 irecv 222 1300 200 0
223 send 220 1300 1 0
223 send 222 1100 1 0
223 wait 221 224 1100
223 wait 223 224 1300
223 irecv 195 2100 200 0
223 irecv 219 2300 200 0
223 send 195 2300 4 0
223 send 219 2100 4 0
223 wait 196 224 2100
223 wait 220 224 2300
223 irecv 255 3100 200 0
223 irecv 191 3300 200 0
223 send 255 3300 12 0
223 send 191 3100 12 0
223 wait 256 224 3100
223 wait 192 224 3300
223 irecv 220 1100 200 0
223 irecv 222 1300 200 0
223 send 220 1300 1 0
223 send 222 1100 1 0
223 wait 221 224 1100
223 wait 223 224 1300
223 irecv 195 2100 200 0
223 irecv 219 2300 200 0
223 send 195 2300 4 0
223 send 219 2100 4 0
223 wait 196 224 2100
223 wait 220 224 2300
223 irecv 255 3100 200 0
223 irecv 191 3300 200 0
223 send 255 3300 12 0
223 send 191 3100 12 0
223 wait 256 224 3100
223 wait 192 224 3300
223 irecv 220 1100 200 0
223 irecv 222 1300 200 0
223 send 220 1300 4 0
223 send 222 1100 4 0
223 wait 221 224 1100
223 wait 223 224 1300
223 irecv 195 2100 200 0
223 irecv 219 2300 200 0
223 send 195 2300 12 0
223 send 219 2100 12 0
223 wait 196 224 2100
223 wait 220 224 2300
223 irecv 255 3100 200 0
223 irecv 191 3300 200 0
223 send 255 3300 24 0
223 send 191 3100 24 0
223 wait 256 224 3100
223 wait 192 224 3300
223 irecv 220 1100 200 0
223 irecv 222 1300 200 0
223 send 220 1300 4 0
223 send 222 1100 4 0
223 wait 221 224 1100
223 wait 223 224 1300
223 irecv 195 2100 200 0
223 irecv 219 2300 200 0
223 send 195 2300 12 0
223 send 219 2100 12 0
223 wait 196 224 2100
223 wait 220 224 2300
223 irecv 255 3100 200 0
223 irecv 191 3300 200 0
223 send 255 3300 24 0
223 send 191 3100 24 0
223 wait 256 224 3100
223 wait 192 224 3300
223 irecv 220 1100 200 0
223 irecv 222 1300 200 0
223 send 220 1300 16 0
223 send 222 1100 16 0
223 wait 221 224 1100
223 wait 223 224 1300
223 compute 312.5
223 irecv 195 2100 200 0
223 irecv 219 2300 200 0
223 send 195 2300 40 0
223 send 219 2100 40 0
223 wait 196 224 2100
223 wait 220 224 2300
223 irecv 255 3100 200 0
223 irecv 191 3300 200 0
223 send 255 3300 60 0
223 send 191 3100 60 0
223 wait 256 224 3100
223 wait 192 224 3300
223 irecv 220 1100 200 0
223 irecv 222 1300 200 0
223 send 220 1300 16 0
223 send 222 1100 16 0
223 wait 221 224 1100
223 wait 223 224 1300
223 irecv 195 2100 200 0
223 irecv 219 2300 200 0
223 send 195 2300 40 0
223 send 219 2100 40 0
223 wait 196 224 2100
223 wait 220 224 2300
223 irecv 255 3100 200 0
223 irecv 191 3300 200 0
223 send 255 3300 60 0
223 send 191 3100 60 0
223 wait 256 224 3100
223 wait 192 224 3300
223 irecv 220 1100 200 0
223 irecv 222 1300 200 0
223 send 220 1300 16 0
223 send 222 1100 16 0
223 wait 221 224 1100
223 wait 223 224 1300
223 irecv 195 2100 200 0
223 irecv 219 2300 200 0
223 send 195 2300 40 0
223 send 219 2100 40 0
223 wait 196 224 2100
223 wait 220 224 2300
223 irecv 255 3100 200 0
223 irecv 191 3300 200 0
223 send 255 3300 60 0
223 send 191 3100 60 0
223 wait 256 224 3100
223 wait 192 224 3300
223 irecv 220 1100 200 0
223 irecv 222 1300 200 0
223 send 220 1300 4 0
223 send 222 1100 4 0
223 wait 221 224 1100
223 wait 223 224 1300
223 irecv 195 2100 200 0
223 irecv 219 2300 200 0
223 send 195 2300 12 0
223 send 219 2100 12 0
223 wait 196 224 2100
223 wait 220 224 2300
223 irecv 255 3100 200 0
223 irecv 191 3300 200 0
223 send 255 3300 24 0
223 send 191 3100 24 0
223 wait 256 224 3100
223 wait 192 224 3300
223 irecv 220 1100 200 0
223 irecv 222 1300 200 0
223 send 220 1300 1 0
223 send 222 1100 1 0
223 wait 221 224 1100
223 wait 223 224 1300
223 irecv 195 2100 200 0
223 irecv 219 2300 200 0
223 send 195 2300 4 0
223 send 219 2100 4 0
223 wait 196 224 2100
223 wait 220 224 2300
223 irecv 255 3100 200 0
223 irecv 191 3300 200 0
223 send 255 3300 12 0
223 send 191 3100 12 0
223 wait 256 224 3100
223 wait 192 224 3300
223 send 220 1300 12 0
223 send 222 1100 6 0
223 send 199 2300 12 0
223 send 215 2100 6 0
223 send 195 2300 24 0
223 send 219 2100 12 0
223 irecv 255 3100 200 0
223 irecv 191 3300 200 0
223 wait 256 224 3100
223 wait 192 224 3300
223 irecv 220 1100 200 0
223 irecv 222 1300 200 0
223 send 220 1300 1 0
223 send 222 1100 1 0
223 wait 221 224 1100
223 wait 223 224 1300
223 irecv 195 2100 200 0
223 irecv 219 2300 200 0
223 send 195 2300 4 0
223 send 219 2100 4 0
223 wait 196 224 2100
223 wait 220 224 2300
223 irecv 255 3100 200 0
223 irecv 191 3300 200 0
223 send 255 3300 12 0
223 send 191 3100 12 0
223 wait 256 224 3100
223 wait 192 224 3300
223 irecv 220 1100 200 0
223 irecv 222 1300 200 0
223 send 220 1300 1 0
223 send 222 1100 1 0
223 wait 221 224 1100
223 wait 223 224 1300
223 irecv 195 2100 200 0
223 irecv 219 2300 200 0
223 send 195 2300 4 0
223 send 219 2100 4 0
223 wait 196 224 2100
223 wait 220 224 2300
223 irecv 255 3100 200 0
223 irecv 191 3300 200 0
223 send 255 3300 12 0
223 send 191 3100 12 0
223 wait 256 224 3100
223 wait 192 224 3300
223 irecv 220 1100 200 0
223 irecv 222 1300 200 0
223 send 220 1300 4 0
223 send 222 1100 4 0
223 wait 221 224 1100
223 wait 223 224 1300
223 irecv 195 2100 200 0
223 irecv 219 2300 200 0
223 send 195 2300 12 0
223 send 219 2100 12 0
223 wait 196 224 2100
223 wait 220 224 2300
223 irecv 255 3100 200 0
223 irecv 191 3300 200 0
223 send 255 3300 24 0
223 send 191 3100 24 0
223 wait 256 224 3100
223 wait 192 224 3300
223 irecv 220 1100 200 0
223 irecv 222 1300 200 0
223 send 220 1300 4 0
223 send 222 1100 4 0
223 wait 221 224 1100
223 wait 223 224 1300
223 irecv 195 2100 200 0
223 irecv 219 2300 200 0
223 send 195 2300 12 0
223 send 219 2100 12 0
223 wait 196 224 2100
223 wait 220 224 2300
223 irecv 255 3100 200 0
223 irecv 191 3300 200 0
223 send 255 3300 24 0
223 send 191 3100 24 0
223 wait 256 224 3100
223 wait 192 224 3300
223 irecv 220 1100 200 0
223 irecv 222 1300 200 0
223 send 220 1300 16 0
223 send 222 1100 16 0
223 wait 221 224 1100
223 wait 223 224 1300
223 irecv 195 2100 200 0
223 irecv 219 2300 200 0
223 send 195 2300 40 0
223 send 219 2100 40 0
223 wait 196 224 2100
223 wait 220 224 2300
223 irecv 255 3100 200 0
223 irecv 191 3300 200 0
223 send 255 3300 60 0
223 send 191 3100 60 0
223 wait 256 224 3100
223 wait 192 224 3300
223 irecv 220 1100 200 0
223 irecv 222 1300 200 0
223 send 220 1300 16 0
223 send 222 1100 16 0
223 wait 221 224 1100
223 wait 223 224 1300
223 irecv 195 2100 200 0
223 irecv 219 2300 200 0
223 send 195 2300 40 0
223 send 219 2100 40 0
223 wait 196 224 2100
223 wait 220 224 2300
223 irecv 255 3100 200 0
223 irecv 191 3300 200 0
223 send 255 3300 60 0
223 send 191 3100 60 0
223 wait 256 224 3100
223 wait 192 224 3300
223 irecv 220 1100 200 0
223 irecv 222 1300 200 0
223 send 220 1300 16 0
223 send 222 1100 16 0
223 wait 221 224 1100
223 wait 223 224 1300
223 irecv 195 2100 200 0
223 irecv 219 2300 200 0
223 send 195 2300 40 0
223 send 219 2100 40 0
223 wait 196 224 2100
223 wait 220 224 2300
223 irecv 255 3100 200 0
223 irecv 191 3300 200 0
223 send 255 3300 60 0
223 send 191 3100 60 0
223 wait 256 224 3100
223 wait 192 224 3300
223 irecv 220 1100 200 0
223 irecv 222 1300 200 0
223 send 220 1300 4 0
223 send 222 1100 4 0
223 wait 221 224 1100
223 wait 223 224 1300
223 irecv 195 2100 200 0
223 irecv 219 2300 200 0
223 send 195 2300 12 0
223 send 219 2100 12 0
223 wait 196 224 2100
223 wait 220 224 2300
223 irecv 255 3100 200 0
223 irecv 191 3300 200 0
223 send 255 3300 24 0
223 send 191 3100 24 0
223 wait 256 224 3100
223 wait 192 224 3300
223 irecv 220 1100 200 0
223 irecv 222 1300 200 0
223 send 220 1300 1 0
223 send 222 1100 1 0
223 wait 221 224 1100
223 wait 223 224 1300
223 irecv 195 2100 200 0
223 irecv 219 2300 200 0
223 send 195 2300 4 0
223 send 219 2100 4 0
223 wait 196 224 2100
223 wait 220 224 2300
223 irecv 255 3100 200 0
223 irecv 191 3300 200 0
223 send 255 3300 12 0
223 send 191 3100 12 0
223 wait 256 224 3100
223 wait 192 224 3300
223 send 220 1300 12 0
223 send 222 1100 6 0
223 send 199 2300 12 0
223 send 215 2100 6 0
223 send 195 2300 24 0
223 send 219 2100 12 0
223 irecv 255 3100 200 0
223 irecv 191 3300 200 0
223 wait 256 224 3100
223 wait 192 224 3300
223 irecv 220 1100 200 0
223 irecv 222 1300 200 0
223 send 220 1300 1 0
223 send 222 1100 1 0
223 wait 221 224 1100
223 wait 223 224 1300
223 irecv 195 2100 200 0
223 irecv 219 2300 200 0
223 send 195 2300 4 0
223 send 219 2100 4 0
223 wait 196 224 2100
223 wait 220 224 2300
223 irecv 255 3100 200 0
223 irecv 191 3300 200 0
223 send 255 3300 12 0
223 send 191 3100 12 0
223 wait 256 224 3100
223 wait 192 224 3300
223 irecv 220 1100 200 0
223 irecv 222 1300 200 0
223 send 220 1300 1 0
223 send 222 1100 1 0
223 wait 221 224 1100
223 wait 223 224 1300
223 irecv 195 2100 200 0
223 irecv 219 2300 200 0
223 send 195 2300 4 0
223 send 219 2100 4 0
223 wait 196 224 2100
223 wait 220 224 2300
223 irecv 255 3100 200 0
223 irecv 191 3300 200 0
223 send 255 3300 12 0
223 send 191 3100 12 0
223 wait 256 224 3100
223 wait 192 224 3300
223 irecv 220 1100 200 0
223 irecv 222 1300 200 0
223 send 220 1300 4 0
223 send 222 1100 4 0
223 wait 221 224 1100
223 wait 223 224 1300
223 irecv 195 2100 200 0
223 irecv 219 2300 200 0
223 send 195 2300 12 0
223 send 219 2100 12 0
223 wait 196 224 2100
223 wait 220 224 2300
223 irecv 255 3100 200 0
223 irecv 191 3300 200 0
223 send 255 3300 24 0
223 send 191 3100 24 0
223 wait 256 224 3100
223 wait 192 224 3300
223 irecv 220 1100 200 0
223 irecv 222 1300 200 0
223 send 220 1300 4 0
223 send 222 1100 4 0
223 wait 221 224 1100
223 wait 223 224 1300
223 irecv 195 2100 200 0
223 irecv 219 2300 200 0
223 send 195 2300 12 0
223 send 219 2100 12 0
223 wait 196 224 2100
223 wait 220 224 2300
223 irecv 255 3100 200 0
223 irecv 191 3300 200 0
223 send 255 3300 24 0
223 send 191 3100 24 0
223 wait 256 224 3100
223 wait 192 224 3300
223 irecv 220 1100 200 0
223 irecv 222 1300 200 0
223 send 220 1300 16 0
223 send 222 1100 16 0
223 wait 221 224 1100
223 wait 223 224 1300
223 irecv 195 2100 200 0
223 irecv 219 2300 200 0
223 send 195 2300 40 0
223 send 219 2100 40 0
223 wait 196 224 2100
223 wait 220 224 2300
223 irecv 255 3100 200 0
223 irecv 191 3300 200 0
223 send 255 3300 60 0
223 send 191 3100 60 0
223 wait 256 224 3100
223 wait 192 224 3300
223 irecv 220 1100 200 0
223 irecv 222 1300 200 0
223 send 220 1300 16 0
223 send 222 1100 16 0
223 wait 221 224 1100
223 wait 223 224 1300
223 irecv 195 2100 200 0
223 irecv 219 2300 200 0
223 send 195 2300 40 0
223 send 219 2100 40 0
223 wait 196 224 2100
223 wait 220 224 2300
223 irecv 255 3100 200 0
223 irecv 191 3300 200 0
223 send 255 3300 60 0
223 send 191 3100 60 0
223 wait 256 224 3100
223 wait 192 224 3300
223 irecv 220 1100 200 0
223 irecv 222 1300 200 0
223 send 220 1300 16 0
223 send 222 1100 16 0
223 wait 221 224 1100
223 wait 223 224 1300
223 irecv 195 2100 200 0
223 irecv 219 2300 200 0
223 send 195 2300 40 0
223 send 219 2100 40 0
223 wait 196 224 2100
223 wait 220 224 2300
223 irecv 255 3100 200 0
223 irecv 191 3300 200 0
223 send 255 3300 60 0
223 send 191 3100 60 0
223 wait 256 224 3100
223 wait 192 224 3300
223 allreduce 1 0 0 
223 allreduce 1 0 0 
223 reduce 1 0 0 0 
223 finalize
