148 init
148 barrier
148 bcast 1 0 1 
148 bcast 1 0 1 
148 bcast 1 0 1 
148 bcast 1 0 1 
148 bcast 1 0 1 
148 bcast 8 0 1 
148 bcast 1 0 16 
148 barrier
148 allreduce 1 0 0 
148 allreduce 4 0 1 
148 allreduce 1 0 0 
148 allreduce 4 0 1 
148 allreduce 1 0 0 
148 allreduce 4 0 1 
148 allreduce 1 0 0 
148 allreduce 4 0 1 
148 allreduce 1 0 0 
148 allreduce 4 0 1 
148 allreduce 1 0 0 
148 allreduce 4 0 1 
148 allreduce 1 0 0 
148 allreduce 4 0 1 
148 allreduce 1 0 0 
148 allreduce 4 0 1 
148 allreduce 1 0 0 
148 allreduce 4 0 1 
148 allreduce 1 0 0 
148 allreduce 4 0 1 
148 allreduce 1 0 0 
148 allreduce 4 0 1 
148 allreduce 1 0 0 
148 allreduce 4 0 1 
148 allreduce 1 0 0 
148 allreduce 4 0 1 
148 allreduce 1 0 0 
148 allreduce 4 0 1 
148 allreduce 1 0 0 
148 allreduce 4 0 1 
148 allreduce 1 0 0 
148 allreduce 4 0 1 
148 allreduce 1 0 0 
148 allreduce 4 0 1 
148 allreduce 1 0 0 
148 allreduce 4 0 1 
148 allreduce 1 0 0 
148 allreduce 4 0 1 
148 allreduce 1 0 0 
148 allreduce 4 0 1 
148 barrier
148 irecv 149 1100 200 0
148 irecv 151 1300 200 0
148 send 149 1300 16 0
148 send 151 1100 16 0
148 wait 150 149 1100
148 wait 152 149 1300
148 irecv 152 2100 200 0
148 irecv 144 2300 200 0
148 send 152 2300 40 0
148 send 144 2100 40 0
148 wait 153 149 2100
148 wait 145 149 2300
148 irecv 180 3100 200 0
148 irecv 116 3300 200 0
148 send 180 3300 60 0
148 send 116 3100 60 0
148 wait 181 149 3100
148 wait 117 149 3300
148 allreduce 1 0 0 
148 allreduce 1 0 0 
148 irecv 149 1100 200 0
148 irecv 151 1300 200 0
148 send 149 1300 16 0
148 send 151 1100 16 0
148 wait 150 149 1100
148 wait 152 149 1300
148 irecv 152 2100 200 0
148 irecv 144 2300 200 0
148 send 152 2300 40 0
148 send 144 2100 40 0
148 wait 153 149 2100
148 wait 145 149 2300
148 irecv 180 3100 200 0
148 irecv 116 3300 200 0
148 send 180 3300 60 0
148 send 116 3100 60 0
148 wait 181 149 3100
148 wait 117 149 3300
148 allreduce 1 0 0 
148 allreduce 1 0 0 
148 irecv 149 1100 200 0
148 irecv 151 1300 200 0
148 send 149 1300 4 0
148 send 151 1100 4 0
148 wait 150 149 1100
148 wait 152 149 1300
148 irecv 152 2100 200 0
148 irecv 144 2300 200 0
148 send 152 2300 12 0
148 send 144 2100 12 0
148 wait 153 149 2100
148 wait 145 149 2300
148 irecv 180 3100 200 0
148 irecv 116 3300 200 0
148 send 180 3300 24 0
148 send 116 3100 24 0
148 wait 181 149 3100
148 wait 117 149 3300
148 irecv 149 1100 200 0
148 irecv 151 1300 200 0
148 send 149 1300 1 0
148 send 151 1100 1 0
148 wait 150 149 1100
148 wait 152 149 1300
148 irecv 152 2100 200 0
148 irecv 144 2300 200 0
148 send 152 2300 4 0
148 send 144 2100 4 0
148 wait 153 149 2100
148 wait 145 149 2300
148 irecv 180 3100 200 0
148 irecv 116 3300 200 0
148 send 180 3300 12 0
148 send 116 3100 12 0
148 wait 181 149 3100
148 wait 117 149 3300
148 irecv 149 1100 200 0
148 irecv 151 1300 200 0
148 wait 150 149 1100
148 wait 152 149 1300
148 irecv 156 2100 200 0
148 irecv 140 2300 200 0
148 wait 157 149 2100
148 wait 141 149 2300
148 send 152 2300 24 0
148 send 144 2100 12 0
148 irecv 180 3100 200 0
148 irecv 116 3300 200 0
148 wait 181 149 3100
148 wait 117 149 3300
148 irecv 149 1100 200 0
148 irecv 151 1300 200 0
148 send 149 1300 1 0
148 send 151 1100 1 0
148 wait 150 149 1100
148 wait 152 149 1300
148 irecv 152 2100 200 0
148 irecv 144 2300 200 0
148 send 152 2300 4 0
148 send 144 2100 4 0
148 wait 153 149 2100
148 wait 145 149 2300
148 irecv 180 3100 200 0
148 irecv 116 3300 200 0
148 send 180 3300 12 0
148 send 116 3100 12 0
148 wait 181 149 3100
148 wait 117 149 3300
148 irecv 149 1100 200 0
148 irecv 151 1300 200 0
148 send 149 1300 1 0
148 send 151 1100 1 0
148 wait 150 149 1100
148 wait 152 149 1300
148 irecv 152 2100 200 0
148 irecv 144 2300 200 0
148 send 152 2300 4 0
148 send 144 2100 4 0
148 wait 153 149 2100
148 wait 145 149 2300
148 irecv 180 3100 200 0
148 irecv 116 3300 200 0
148 send 180 3300 12 0
148 send 116 3100 12 0
148 wait 181 149 3100
148 wait 117 149 3300
148 irecv 149 1100 200 0
148 irecv 151 1300 200 0
148 send 149 1300 4 0
148 send 151 1100 4 0
148 wait 150 149 1100
148 wait 152 149 1300
148 irecv 152 2100 200 0
148 irecv 144 2300 200 0
148 send 152 2300 12 0
148 send 144 2100 12 0
148 wait 153 149 2100
148 wait 145 149 2300
148 irecv 180 3100 200 0
148 irecv 116 3300 200 0
148 send 180 3300 24 0
148 send 116 3100 24 0
148 wait 181 149 3100
148 wait 117 149 3300
148 irecv 149 1100 200 0
148 irecv 151 1300 200 0
148 send 149 1300 4 0
148 send 151 1100 4 0
148 wait 150 149 1100
148 wait 152 149 1300
148 irecv 152 2100 200 0
148 irecv 144 2300 200 0
148 send 152 2300 12 0
148 send 144 2100 12 0
148 wait 153 149 2100
148 wait 145 149 2300
148 irecv 180 3100 200 0
148 irecv 116 3300 200 0
148 send 180 3300 24 0
148 send 116 3100 24 0
148 wait 181 149 3100
148 wait 117 149 3300
148 irecv 149 1100 200 0
148 irecv 151 1300 200 0
148 send 149 1300 16 0
148 send 151 1100 16 0
148 wait 150 149 1100
148 wait 152 149 1300
148 irecv 152 2100 200 0
148 irecv 144 2300 200 0
148 send 152 2300 40 0
148 send 144 2100 40 0
148 wait 153 149 2100
148 wait 145 149 2300
148 irecv 180 3100 200 0
148 irecv 116 3300 200 0
148 send 180 3300 60 0
148 send 116 3100 60 0
148 wait 181 149 3100
148 wait 117 149 3300
148 irecv 149 1100 200 0
148 irecv 151 1300 200 0
148 send 149 1300 16 0
148 send 151 1100 16 0
148 wait 150 149 1100
148 wait 152 149 1300
148 irecv 152 2100 200 0
148 irecv 144 2300 200 0
148 send 152 2300 40 0
148 send 144 2100 40 0
148 wait 153 149 2100
148 wait 145 149 2300
148 irecv 180 3100 200 0
148 irecv 116 3300 200 0
148 send 180 3300 60 0
148 send 116 3100 60 0
148 wait 181 149 3100
148 wait 117 149 3300
148 irecv 149 1100 200 0
148 irecv 151 1300 200 0
148 send 149 1300 16 0
148 send 151 1100 16 0
148 wait 150 149 1100
148 wait 152 149 1300
148 irecv 152 2100 200 0
148 irecv 144 2300 200 0
148 send 152 2300 40 0
148 send 144 2100 40 0
148 wait 153 149 2100
148 wait 145 149 2300
148 irecv 180 3100 200 0
148 irecv 116 3300 200 0
148 send 180 3300 60 0
148 send 116 3100 60 0
148 wait 181 149 3100
148 wait 117 149 3300
148 barrier
148 allreduce 1 0 0 
148 allreduce 4 0 1 
148 allreduce 1 0 0 
148 allreduce 4 0 1 
148 allreduce 1 0 0 
148 allreduce 4 0 1 
148 allreduce 1 0 0 
148 allreduce 4 0 1 
148 allreduce 1 0 0 
148 allreduce 4 0 1 
148 allreduce 1 0 0 
148 allreduce 4 0 1 
148 allreduce 1 0 0 
148 allreduce 4 0 1 
148 allreduce 1 0 0 
148 allreduce 4 0 1 
148 allreduce 1 0 0 
148 allreduce 4 0 1 
148 allreduce 1 0 0 
148 allreduce 4 0 1 
148 allreduce 1 0 0 
148 allreduce 4 0 1 
148 allreduce 1 0 0 
148 allreduce 4 0 1 
148 allreduce 1 0 0 
148 allreduce 4 0 1 
148 allreduce 1 0 0 
148 allreduce 4 0 1 
148 allreduce 1 0 0 
148 allreduce 4 0 1 
148 allreduce 1 0 0 
148 allreduce 4 0 1 
148 allreduce 1 0 0 
148 allreduce 4 0 1 
148 allreduce 1 0 0 
148 allreduce 4 0 1 
148 allreduce 1 0 0 
148 allreduce 4 0 1 
148 allreduce 1 0 0 
148 allreduce 4 0 1 
148 barrier
148 irecv 149 1100 200 0
148 irecv 151 1300 200 0
148 send 149 1300 16 0
148 send 151 1100 16 0
148 wait 150 149 1100
148 wait 152 149 1300
148 irecv 152 2100 200 0
148 irecv 144 2300 200 0
148 send 152 2300 40 0
148 send 144 2100 40 0
148 wait 153 149 2100
148 wait 145 149 2300
148 irecv 180 3100 200 0
148 irecv 116 3300 200 0
148 send 180 3300 60 0
148 send 116 3100 60 0
148 wait 181 149 3100
148 wait 117 149 3300
148 barrier
148 irecv 149 1100 200 0
148 irecv 151 1300 200 0
148 send 149 1300 16 0
148 send 151 1100 16 0
148 wait 150 149 1100
148 wait 152 149 1300
148 irecv 152 2100 200 0
148 irecv 144 2300 200 0
148 send 152 2300 40 0
148 send 144 2100 40 0
148 wait 153 149 2100
148 wait 145 149 2300
148 irecv 180 3100 200 0
148 irecv 116 3300 200 0
148 send 180 3300 60 0
148 send 116 3100 60 0
148 wait 181 149 3100
148 wait 117 149 3300
148 allreduce 1 0 0 
148 allreduce 1 0 0 
148 irecv 149 1100 200 0
148 irecv 151 1300 200 0
148 send 149 1300 4 0
148 send 151 1100 4 0
148 wait 150 149 1100
148 wait 152 149 1300
148 irecv 152 2100 200 0
148 irecv 144 2300 200 0
148 send 152 2300 12 0
148 send 144 2100 12 0
148 wait 153 149 2100
148 wait 145 149 2300
148 irecv 180 3100 200 0
148 irecv 116 3300 200 0
148 send 180 3300 24 0
148 send 116 3100 24 0
148 wait 181 149 3100
148 wait 117 149 3300
148 irecv 149 1100 200 0
148 irecv 151 1300 200 0
148 send 149 1300 1 0
148 send 151 1100 1 0
148 wait 150 149 1100
148 wait 152 149 1300
148 irecv 152 2100 200 0
148 irecv 144 2300 200 0
148 send 152 2300 4 0
148 send 144 2100 4 0
148 wait 153 149 2100
148 wait 145 149 2300
148 irecv 180 3100 200 0
148 irecv 116 3300 200 0
148 send 180 3300 12 0
148 send 116 3100 12 0
148 wait 181 149 3100
148 wait 117 149 3300
148 irecv 149 1100 200 0
148 irecv 151 1300 200 0
148 wait 150 149 1100
148 wait 152 149 1300
148 irecv 156 2100 200 0
148 irecv 140 2300 200 0
148 wait 157 149 2100
148 wait 141 149 2300
148 send 152 2300 24 0
148 send 144 2100 12 0
148 irecv 180 3100 200 0
148 irecv 116 3300 200 0
148 wait 181 149 3100
148 wait 117 149 3300
148 irecv 149 1100 200 0
148 irecv 151 1300 200 0
148 send 149 1300 1 0
148 send 151 1100 1 0
148 wait 150 149 1100
148 wait 152 149 1300
148 irecv 152 2100 200 0
148 irecv 144 2300 200 0
148 send 152 2300 4 0
148 send 144 2100 4 0
148 wait 153 149 2100
148 wait 145 149 2300
148 irecv 180 3100 200 0
148 irecv 116 3300 200 0
148 send 180 3300 12 0
148 send 116 3100 12 0
148 wait 181 149 3100
148 wait 117 149 3300
148 irecv 149 1100 200 0
148 irecv 151 1300 200 0
148 send 149 1300 1 0
148 send 151 1100 1 0
148 wait 150 149 1100
148 wait 152 149 1300
148 irecv 152 2100 200 0
148 irecv 144 2300 200 0
148 send 152 2300 4 0
148 send 144 2100 4 0
148 wait 153 149 2100
148 wait 145 149 2300
148 irecv 180 3100 200 0
148 irecv 116 3300 200 0
148 send 180 3300 12 0
148 send 116 3100 12 0
148 wait 181 149 3100
148 wait 117 149 3300
148 irecv 149 1100 200 0
148 irecv 151 1300 200 0
148 send 149 1300 4 0
148 send 151 1100 4 0
148 wait 150 149 1100
148 wait 152 149 1300
148 irecv 152 2100 200 0
148 irecv 144 2300 200 0
148 send 152 2300 12 0
148 send 144 2100 12 0
148 wait 153 149 2100
148 wait 145 149 2300
148 irecv 180 3100 200 0
148 irecv 116 3300 200 0
148 send 180 3300 24 0
148 send 116 3100 24 0
148 wait 181 149 3100
148 wait 117 149 3300
148 irecv 149 1100 200 0
148 irecv 151 1300 200 0
148 send 149 1300 4 0
148 send 151 1100 4 0
148 wait 150 149 1100
148 wait 152 149 1300
148 irecv 152 2100 200 0
148 irecv 144 2300 200 0
148 send 152 2300 12 0
148 send 144 2100 12 0
148 wait 153 149 2100
148 wait 145 149 2300
148 irecv 180 3100 200 0
148 irecv 116 3300 200 0
148 send 180 3300 24 0
148 send 116 3100 24 0
148 wait 181 149 3100
148 wait 117 149 3300
148 irecv 149 1100 200 0
148 irecv 151 1300 200 0
148 send 149 1300 16 0
148 send 151 1100 16 0
148 wait 150 149 1100
148 wait 152 149 1300
148 irecv 152 2100 200 0
148 irecv 144 2300 200 0
148 send 152 2300 40 0
148 send 144 2100 40 0
148 wait 153 149 2100
148 wait 145 149 2300
148 irecv 180 3100 200 0
148 irecv 116 3300 200 0
148 send 180 3300 60 0
148 send 116 3100 60 0
148 wait 181 149 3100
148 wait 117 149 3300
148 irecv 149 1100 200 0
148 irecv 151 1300 200 0
148 send 149 1300 16 0
148 send 151 1100 16 0
148 wait 150 149 1100
148 wait 152 149 1300
148 irecv 152 2100 200 0
148 irecv 144 2300 200 0
148 send 152 2300 40 0
148 send 144 2100 40 0
148 wait 153 149 2100
148 wait 145 149 2300
148 irecv 180 3100 200 0
148 irecv 116 3300 200 0
148 send 180 3300 60 0
148 send 116 3100 60 0
148 wait 181 149 3100
148 wait 117 149 3300
148 irecv 149 1100 200 0
148 irecv 151 1300 200 0
148 send 149 1300 16 0
148 send 151 1100 16 0
148 wait 150 149 1100
148 wait 152 149 1300
148 irecv 152 2100 200 0
148 irecv 144 2300 200 0
148 send 152 2300 40 0
148 send 144 2100 40 0
148 wait 153 149 2100
148 wait 145 149 2300
148 irecv 180 3100 200 0
148 irecv 116 3300 200 0
148 send 180 3300 60 0
148 send 116 3100 60 0
148 wait 181 149 3100
148 wait 117 149 3300
148 irecv 149 1100 200 0
148 irecv 151 1300 200 0
148 send 149 1300 4 0
148 send 151 1100 4 0
148 wait 150 149 1100
148 wait 152 149 1300
148 irecv 152 2100 200 0
148 irecv 144 2300 200 0
148 send 152 2300 12 0
148 send 144 2100 12 0
148 wait 153 149 2100
148 wait 145 149 2300
148 irecv 180 3100 200 0
148 irecv 116 3300 200 0
148 send 180 3300 24 0
148 send 116 3100 24 0
148 wait 181 149 3100
148 wait 117 149 3300
148 irecv 149 1100 200 0
148 irecv 151 1300 200 0
148 send 149 1300 1 0
148 send 151 1100 1 0
148 wait 150 149 1100
148 wait 152 149 1300
148 irecv 152 2100 200 0
148 irecv 144 2300 200 0
148 compute 312.5
148 send 152 2300 4 0
148 send 144 2100 4 0
148 wait 153 149 2100
148 wait 145 149 2300
148 irecv 180 3100 200 0
148 irecv 116 3300 200 0
148 send 180 3300 12 0
148 send 116 3100 12 0
148 wait 181 149 3100
148 wait 117 149 3300
148 irecv 149 1100 200 0
148 irecv 151 1300 200 0
148 wait 150 149 1100
148 wait 152 149 1300
148 irecv 156 2100 200 0
148 irecv 140 2300 200 0
148 wait 157 149 2100
148 wait 141 149 2300
148 send 152 2300 24 0
148 send 144 2100 12 0
148 irecv 180 3100 200 0
148 irecv 116 3300 200 0
148 wait 181 149 3100
148 wait 117 149 3300
148 irecv 149 1100 200 0
148 irecv 151 1300 200 0
148 send 149 1300 1 0
148 send 151 1100 1 0
148 wait 150 149 1100
148 wait 152 149 1300
148 irecv 152 2100 200 0
148 irecv 144 2300 200 0
148 send 152 2300 4 0
148 send 144 2100 4 0
148 wait 153 149 2100
148 wait 145 149 2300
148 irecv 180 3100 200 0
148 irecv 116 3300 200 0
148 send 180 3300 12 0
148 send 116 3100 12 0
148 wait 181 149 3100
148 wait 117 149 3300
148 irecv 149 1100 200 0
148 irecv 151 1300 200 0
148 send 149 1300 1 0
148 send 151 1100 1 0
148 wait 150 149 1100
148 wait 152 149 1300
148 irecv 152 2100 200 0
148 irecv 144 2300 200 0
148 send 152 2300 4 0
148 send 144 2100 4 0
148 wait 153 149 2100
148 wait 145 149 2300
148 irecv 180 3100 200 0
148 irecv 116 3300 200 0
148 send 180 3300 12 0
148 send 116 3100 12 0
148 wait 181 149 3100
148 wait 117 149 3300
148 irecv 149 1100 200 0
148 irecv 151 1300 200 0
148 send 149 1300 4 0
148 send 151 1100 4 0
148 wait 150 149 1100
148 wait 152 149 1300
148 irecv 152 2100 200 0
148 irecv 144 2300 200 0
148 send 152 2300 12 0
148 send 144 2100 12 0
148 wait 153 149 2100
148 wait 145 149 2300
148 irecv 180 3100 200 0
148 irecv 116 3300 200 0
148 send 180 3300 24 0
148 send 116 3100 24 0
148 wait 181 149 3100
148 wait 117 149 3300
148 irecv 149 1100 200 0
148 irecv 151 1300 200 0
148 send 149 1300 4 0
148 send 151 1100 4 0
148 wait 150 149 1100
148 wait 152 149 1300
148 irecv 152 2100 200 0
148 irecv 144 2300 200 0
148 send 152 2300 12 0
148 send 144 2100 12 0
148 wait 153 149 2100
148 wait 145 149 2300
148 irecv 180 3100 200 0
148 irecv 116 3300 200 0
148 send 180 3300 24 0
148 send 116 3100 24 0
148 wait 181 149 3100
148 wait 117 149 3300
148 irecv 149 1100 200 0
148 irecv 151 1300 200 0
148 send 149 1300 16 0
148 send 151 1100 16 0
148 wait 150 149 1100
148 wait 152 149 1300
148 irecv 152 2100 200 0
148 irecv 144 2300 200 0
148 send 152 2300 40 0
148 send 144 2100 40 0
148 wait 153 149 2100
148 wait 145 149 2300
148 irecv 180 3100 200 0
148 irecv 116 3300 200 0
148 send 180 3300 60 0
148 send 116 3100 60 0
148 wait 181 149 3100
148 wait 117 149 3300
148 irecv 149 1100 200 0
148 irecv 151 1300 200 0
148 send 149 1300 16 0
148 send 151 1100 16 0
148 wait 150 149 1100
148 wait 152 149 1300
148 irecv 152 2100 200 0
148 irecv 144 2300 200 0
148 send 152 2300 40 0
148 send 144 2100 40 0
148 wait 153 149 2100
148 wait 145 149 2300
148 irecv 180 3100 200 0
148 irecv 116 3300 200 0
148 send 180 3300 60 0
148 send 116 3100 60 0
148 wait 181 149 3100
148 wait 117 149 3300
148 irecv 149 1100 200 0
148 irecv 151 1300 200 0
148 send 149 1300 16 0
148 send 151 1100 16 0
148 wait 150 149 1100
148 wait 152 149 1300
148 irecv 152 2100 200 0
148 irecv 144 2300 200 0
148 send 152 2300 40 0
148 send 144 2100 40 0
148 wait 153 149 2100
148 wait 145 149 2300
148 irecv 180 3100 200 0
148 irecv 116 3300 200 0
148 send 180 3300 60 0
148 send 116 3100 60 0
148 wait 181 149 3100
148 wait 117 149 3300
148 irecv 149 1100 200 0
148 irecv 151 1300 200 0
148 send 149 1300 4 0
148 send 151 1100 4 0
148 wait 150 149 1100
148 wait 152 149 1300
148 irecv 152 2100 200 0
148 irecv 144 2300 200 0
148 send 152 2300 12 0
148 send 144 2100 12 0
148 wait 153 149 2100
148 wait 145 149 2300
148 irecv 180 3100 200 0
148 irecv 116 3300 200 0
148 send 180 3300 24 0
148 send 116 3100 24 0
148 wait 181 149 3100
148 wait 117 149 3300
148 irecv 149 1100 200 0
148 irecv 151 1300 200 0
148 send 149 1300 1 0
148 send 151 1100 1 0
148 wait 150 149 1100
148 wait 152 149 1300
148 irecv 152 2100 200 0
148 irecv 144 2300 200 0
148 send 152 2300 4 0
148 send 144 2100 4 0
148 wait 153 149 2100
148 wait 145 149 2300
148 irecv 180 3100 200 0
148 irecv 116 3300 200 0
148 send 180 3300 12 0
148 send 116 3100 12 0
148 wait 181 149 3100
148 wait 117 149 3300
148 irecv 149 1100 200 0
148 irecv 151 1300 200 0
148 wait 150 149 1100
148 wait 152 149 1300
148 irecv 156 2100 200 0
148 irecv 140 2300 200 0
148 wait 157 149 2100
148 wait 141 149 2300
148 send 152 2300 24 0
148 send 144 2100 12 0
148 irecv 180 3100 200 0
148 irecv 116 3300 200 0
148 wait 181 149 3100
148 wait 117 149 3300
148 irecv 149 1100 200 0
148 irecv 151 1300 200 0
148 send 149 1300 1 0
148 send 151 1100 1 0
148 wait 150 149 1100
148 wait 152 149 1300
148 irecv 152 2100 200 0
148 irecv 144 2300 200 0
148 send 152 2300 4 0
148 send 144 2100 4 0
148 wait 153 149 2100
148 wait 145 149 2300
148 irecv 180 3100 200 0
148 irecv 116 3300 200 0
148 send 180 3300 12 0
148 send 116 3100 12 0
148 wait 181 149 3100
148 wait 117 149 3300
148 irecv 149 1100 200 0
148 irecv 151 1300 200 0
148 send 149 1300 1 0
148 send 151 1100 1 0
148 wait 150 149 1100
148 wait 152 149 1300
148 irecv 152 2100 200 0
148 irecv 144 2300 200 0
148 send 152 2300 4 0
148 send 144 2100 4 0
148 wait 153 149 2100
148 wait 145 149 2300
148 irecv 180 3100 200 0
148 irecv 116 3300 200 0
148 send 180 3300 12 0
148 send 116 3100 12 0
148 wait 181 149 3100
148 wait 117 149 3300
148 irecv 149 1100 200 0
148 irecv 151 1300 200 0
148 send 149 1300 4 0
148 send 151 1100 4 0
148 wait 150 149 1100
148 wait 152 149 1300
148 irecv 152 2100 200 0
148 irecv 144 2300 200 0
148 send 152 2300 12 0
148 send 144 2100 12 0
148 wait 153 149 2100
148 wait 145 149 2300
148 irecv 180 3100 200 0
148 irecv 116 3300 200 0
148 send 180 3300 24 0
148 send 116 3100 24 0
148 wait 181 149 3100
148 wait 117 149 3300
148 irecv 149 1100 200 0
148 irecv 151 1300 200 0
148 send 149 1300 4 0
148 send 151 1100 4 0
148 wait 150 149 1100
148 wait 152 149 1300
148 irecv 152 2100 200 0
148 irecv 144 2300 200 0
148 send 152 2300 12 0
148 send 144 2100 12 0
148 wait 153 149 2100
148 wait 145 149 2300
148 irecv 180 3100 200 0
148 irecv 116 3300 200 0
148 send 180 3300 24 0
148 send 116 3100 24 0
148 wait 181 149 3100
148 wait 117 149 3300
148 irecv 149 1100 200 0
148 irecv 151 1300 200 0
148 send 149 1300 16 0
148 send 151 1100 16 0
148 wait 150 149 1100
148 wait 152 149 1300
148 irecv 152 2100 200 0
148 irecv 144 2300 200 0
148 send 152 2300 40 0
148 send 144 2100 40 0
148 wait 153 149 2100
148 wait 145 149 2300
148 irecv 180 3100 200 0
148 irecv 116 3300 200 0
148 send 180 3300 60 0
148 send 116 3100 60 0
148 wait 181 149 3100
148 wait 117 149 3300
148 irecv 149 1100 200 0
148 irecv 151 1300 200 0
148 send 149 1300 16 0
148 send 151 1100 16 0
148 wait 150 149 1100
148 wait 152 149 1300
148 irecv 152 2100 200 0
148 irecv 144 2300 200 0
148 send 152 2300 40 0
148 send 144 2100 40 0
148 wait 153 149 2100
148 wait 145 149 2300
148 irecv 180 3100 200 0
148 irecv 116 3300 200 0
148 send 180 3300 60 0
148 send 116 3100 60 0
148 wait 181 149 3100
148 wait 117 149 3300
148 irecv 149 1100 200 0
148 irecv 151 1300 200 0
148 send 149 1300 16 0
148 send 151 1100 16 0
148 wait 150 149 1100
148 wait 152 149 1300
148 irecv 152 2100 200 0
148 irecv 144 2300 200 0
148 send 152 2300 40 0
148 send 144 2100 40 0
148 wait 153 149 2100
148 wait 145 149 2300
148 irecv 180 3100 200 0
148 irecv 116 3300 200 0
148 send 180 3300 60 0
148 send 116 3100 60 0
148 wait 181 149 3100
148 wait 117 149 3300
148 irecv 149 1100 200 0
148 irecv 151 1300 200 0
148 send 149 1300 4 0
148 send 151 1100 4 0
148 wait 150 149 1100
148 wait 152 149 1300
148 irecv 152 2100 200 0
148 irecv 144 2300 200 0
148 send 152 2300 12 0
148 send 144 2100 12 0
148 wait 153 149 2100
148 wait 145 149 2300
148 irecv 180 3100 200 0
148 irecv 116 3300 200 0
148 send 180 3300 24 0
148 send 116 3100 24 0
148 wait 181 149 3100
148 wait 117 149 3300
148 irecv 149 1100 200 0
148 irecv 151 1300 200 0
148 send 149 1300 1 0
148 send 151 1100 1 0
148 wait 150 149 1100
148 wait 152 149 1300
148 irecv 152 2100 200 0
148 irecv 144 2300 200 0
148 send 152 2300 4 0
148 send 144 2100 4 0
148 wait 153 149 2100
148 wait 145 149 2300
148 irecv 180 3100 200 0
148 irecv 116 3300 200 0
148 send 180 3300 12 0
148 send 116 3100 12 0
148 wait 181 149 3100
148 wait 117 149 3300
148 irecv 149 1100 200 0
148 irecv 151 1300 200 0
148 wait 150 149 1100
148 wait 152 149 1300
148 irecv 156 2100 200 0
148 irecv 140 2300 200 0
148 wait 157 149 2100
148 wait 141 149 2300
148 send 152 2300 24 0
148 send 144 2100 12 0
148 irecv 180 3100 200 0
148 irecv 116 3300 200 0
148 wait 181 149 3100
148 wait 117 149 3300
148 irecv 149 1100 200 0
148 irecv 151 1300 200 0
148 send 149 1300 1 0
148 send 151 1100 1 0
148 wait 150 149 1100
148 wait 152 149 1300
148 irecv 152 2100 200 0
148 irecv 144 2300 200 0
148 send 152 2300 4 0
148 send 144 2100 4 0
148 wait 153 149 2100
148 wait 145 149 2300
148 irecv 180 3100 200 0
148 irecv 116 3300 200 0
148 send 180 3300 12 0
148 send 116 3100 12 0
148 wait 181 149 3100
148 wait 117 149 3300
148 irecv 149 1100 200 0
148 irecv 151 1300 200 0
148 send 149 1300 1 0
148 send 151 1100 1 0
148 wait 150 149 1100
148 wait 152 149 1300
148 irecv 152 2100 200 0
148 irecv 144 2300 200 0
148 send 152 2300 4 0
148 send 144 2100 4 0
148 wait 153 149 2100
148 wait 145 149 2300
148 irecv 180 3100 200 0
148 irecv 116 3300 200 0
148 send 180 3300 12 0
148 send 116 3100 12 0
148 wait 181 149 3100
148 wait 117 149 3300
148 irecv 149 1100 200 0
148 irecv 151 1300 200 0
148 send 149 1300 4 0
148 send 151 1100 4 0
148 wait 150 149 1100
148 wait 152 149 1300
148 irecv 152 2100 200 0
148 irecv 144 2300 200 0
148 send 152 2300 12 0
148 send 144 2100 12 0
148 wait 153 149 2100
148 wait 145 149 2300
148 irecv 180 3100 200 0
148 irecv 116 3300 200 0
148 send 180 3300 24 0
148 send 116 3100 24 0
148 wait 181 149 3100
148 wait 117 149 3300
148 irecv 149 1100 200 0
148 irecv 151 1300 200 0
148 send 149 1300 4 0
148 send 151 1100 4 0
148 wait 150 149 1100
148 wait 152 149 1300
148 irecv 152 2100 200 0
148 irecv 144 2300 200 0
148 send 152 2300 12 0
148 send 144 2100 12 0
148 wait 153 149 2100
148 wait 145 149 2300
148 irecv 180 3100 200 0
148 irecv 116 3300 200 0
148 send 180 3300 24 0
148 send 116 3100 24 0
148 wait 181 149 3100
148 wait 117 149 3300
148 irecv 149 1100 200 0
148 irecv 151 1300 200 0
148 send 149 1300 16 0
148 send 151 1100 16 0
148 wait 150 149 1100
148 wait 152 149 1300
148 irecv 152 2100 200 0
148 irecv 144 2300 200 0
148 send 152 2300 40 0
148 send 144 2100 40 0
148 wait 153 149 2100
148 wait 145 149 2300
148 irecv 180 3100 200 0
148 irecv 116 3300 200 0
148 send 180 3300 60 0
148 send 116 3100 60 0
148 wait 181 149 3100
148 wait 117 149 3300
148 irecv 149 1100 200 0
148 irecv 151 1300 200 0
148 send 149 1300 16 0
148 send 151 1100 16 0
148 wait 150 149 1100
148 wait 152 149 1300
148 irecv 152 2100 200 0
148 irecv 144 2300 200 0
148 send 152 2300 40 0
148 send 144 2100 40 0
148 wait 153 149 2100
148 wait 145 149 2300
148 irecv 180 3100 200 0
148 irecv 116 3300 200 0
148 send 180 3300 60 0
148 send 116 3100 60 0
148 wait 181 149 3100
148 wait 117 149 3300
148 irecv 149 1100 200 0
148 irecv 151 1300 200 0
148 send 149 1300 16 0
148 send 151 1100 16 0
148 wait 150 149 1100
148 wait 152 149 1300
148 irecv 152 2100 200 0
148 irecv 144 2300 200 0
148 send 152 2300 40 0
148 send 144 2100 40 0
148 wait 153 149 2100
148 wait 145 149 2300
148 irecv 180 3100 200 0
148 irecv 116 3300 200 0
148 send 180 3300 60 0
148 send 116 3100 60 0
148 wait 181 149 3100
148 wait 117 149 3300
148 allreduce 1 0 0 
148 allreduce 1 0 0 
148 reduce 1 0 0 0 
148 finalize
