189 init
189 barrier
189 bcast 1 0 1 
189 bcast 1 0 1 
189 bcast 1 0 1 
189 bcast 1 0 1 
189 bcast 1 0 1 
189 bcast 8 0 1 
189 bcast 1 0 16 
189 barrier
189 allreduce 1 0 0 
189 allreduce 4 0 1 
189 allreduce 1 0 0 
189 allreduce 4 0 1 
189 allreduce 1 0 0 
189 allreduce 4 0 1 
189 allreduce 1 0 0 
189 allreduce 4 0 1 
189 allreduce 1 0 0 
189 allreduce 4 0 1 
189 allreduce 1 0 0 
189 allreduce 4 0 1 
189 allreduce 1 0 0 
189 allreduce 4 0 1 
189 allreduce 1 0 0 
189 allreduce 4 0 1 
189 allreduce 1 0 0 
189 allreduce 4 0 1 
189 allreduce 1 0 0 
189 allreduce 4 0 1 
189 allreduce 1 0 0 
189 allreduce 4 0 1 
189 allreduce 1 0 0 
189 allreduce 4 0 1 
189 allreduce 1 0 0 
189 allreduce 4 0 1 
189 allreduce 1 0 0 
189 allreduce 4 0 1 
189 allreduce 1 0 0 
189 allreduce 4 0 1 
189 allreduce 1 0 0 
189 allreduce 4 0 1 
189 allreduce 1 0 0 
189 allreduce 4 0 1 
189 allreduce 1 0 0 
189 allreduce 4 0 1 
189 allreduce 1 0 0 
189 allreduce 4 0 1 
189 allreduce 1 0 0 
189 allreduce 4 0 1 
189 barrier
189 irecv 190 1100 200 0
189 irecv 188 1300 200 0
189 send 190 1300 16 0
189 send 188 1100 16 0
189 wait 191 190 1100
189 wait 189 190 1300
189 irecv 161 2100 200 0
189 irecv 185 2300 200 0
189 send 161 2300 40 0
189 send 185 2100 40 0
189 wait 162 190 2100
189 wait 186 190 2300
189 irecv 221 3100 200 0
189 irecv 157 3300 200 0
189 send 221 3300 60 0
189 send 157 3100 60 0
189 wait 222 190 3100
189 wait 158 190 3300
189 allreduce 1 0 0 
189 allreduce 1 0 0 
189 irecv 190 1100 200 0
189 irecv 188 1300 200 0
189 send 190 1300 16 0
189 send 188 1100 16 0
189 wait 191 190 1100
189 wait 189 190 1300
189 irecv 161 2100 200 0
189 irecv 185 2300 200 0
189 send 161 2300 40 0
189 send 185 2100 40 0
189 wait 162 190 2100
189 wait 186 190 2300
189 irecv 221 3100 200 0
189 irecv 157 3300 200 0
189 send 221 3300 60 0
189 send 157 3100 60 0
189 wait 222 190 3100
189 wait 158 190 3300
189 allreduce 1 0 0 
189 allreduce 1 0 0 
189 irecv 190 1100 200 0
189 irecv 188 1300 200 0
189 send 190 1300 4 0
189 send 188 1100 4 0
189 wait 191 190 1100
189 wait 189 190 1300
189 irecv 161 2100 200 0
189 irecv 185 2300 200 0
189 send 161 2300 12 0
189 send 185 2100 12 0
189 wait 162 190 2100
189 wait 186 190 2300
189 irecv 221 3100 200 0
189 irecv 157 3300 200 0
189 send 221 3300 24 0
189 send 157 3100 24 0
189 wait 222 190 3100
189 wait 158 190 3300
189 irecv 190 1100 200 0
189 irecv 188 1300 200 0
189 send 190 1300 1 0
189 send 188 1100 1 0
189 wait 191 190 1100
189 wait 189 190 1300
189 irecv 161 2100 200 0
189 irecv 185 2300 200 0
189 send 161 2300 4 0
189 send 185 2100 4 0
189 wait 162 190 2100
189 wait 186 190 2300
189 irecv 221 3100 200 0
189 irecv 157 3300 200 0
189 send 221 3300 12 0
189 send 157 3100 12 0
189 wait 222 190 3100
189 wait 158 190 3300
189 irecv 190 1100 200 0
189 irecv 188 1300 200 0
189 send 190 1300 1 0
189 send 188 1100 1 0
189 wait 191 190 1100
189 wait 189 190 1300
189 irecv 165 2100 200 0
189 irecv 181 2300 200 0
189 send 165 2300 3 0
189 send 181 2100 3 0
189 wait 166 190 2100
189 wait 182 190 2300
189 irecv 253 3100 200 0
189 irecv 125 3300 200 0
189 send 253 3300 9 0
189 send 125 3100 9 0
189 wait 254 190 3100
189 wait 126 190 3300
189 send 190 1300 18 0
189 send 188 1100 9 0
189 send 165 2300 18 0
189 send 181 2100 9 0
189 irecv 253 3100 200 0
189 irecv 125 3300 200 0
189 wait 254 190 3100
189 wait 126 190 3300
189 irecv 190 1100 200 0
189 irecv 188 1300 200 0
189 send 190 1300 1 0
189 send 188 1100 1 0
189 wait 191 190 1100
189 wait 189 190 1300
189 irecv 165 2100 200 0
189 irecv 181 2300 200 0
189 send 165 2300 3 0
189 send 181 2100 3 0
189 wait 166 190 2100
189 wait 182 190 2300
189 irecv 253 3100 200 0
189 irecv 125 3300 200 0
189 send 253 3300 9 0
189 send 125 3100 9 0
189 wait 254 190 3100
189 wait 126 190 3300
189 irecv 190 1100 200 0
189 irecv 188 1300 200 0
189 send 190 1300 1 0
189 send 188 1100 1 0
189 wait 191 190 1100
189 wait 189 190 1300
189 irecv 165 2100 200 0
189 irecv 181 2300 200 0
189 send 165 2300 3 0
189 send 181 2100 3 0
189 wait 166 190 2100
189 wait 182 190 2300
189 irecv 253 3100 200 0
189 irecv 125 3300 200 0
189 send 253 3300 9 0
189 send 125 3100 9 0
189 wait 254 190 3100
189 wait 126 190 3300
189 send 161 2300 24 0
189 send 185 2100 12 0
189 send 221 3300 24 0
189 send 157 3100 12 0
189 irecv 190 1100 200 0
189 irecv 188 1300 200 0
189 send 190 1300 1 0
189 send 188 1100 1 0
189 wait 191 190 1100
189 wait 189 190 1300
189 irecv 161 2100 200 0
189 irecv 185 2300 200 0
189 send 161 2300 4 0
189 send 185 2100 4 0
189 wait 162 190 2100
189 wait 186 190 2300
189 irecv 221 3100 200 0
189 irecv 157 3300 200 0
189 send 221 3300 12 0
189 send 157 3100 12 0
189 wait 222 190 3100
189 wait 158 190 3300
189 irecv 190 1100 200 0
189 irecv 188 1300 200 0
189 send 190 1300 1 0
189 send 188 1100 1 0
189 wait 191 190 1100
189 wait 189 190 1300
189 irecv 161 2100 200 0
189 irecv 185 2300 200 0
189 send 161 2300 4 0
189 send 185 2100 4 0
189 wait 162 190 2100
189 wait 186 190 2300
189 irecv 221 3100 200 0
189 irecv 157 3300 200 0
189 send 221 3300 12 0
189 send 157 3100 12 0
189 wait 222 190 3100
189 wait 158 190 3300
189 irecv 190 1100 200 0
189 irecv 188 1300 200 0
189 send 190 1300 4 0
189 send 188 1100 4 0
189 wait 191 190 1100
189 wait 189 190 1300
189 irecv 161 2100 200 0
189 irecv 185 2300 200 0
189 send 161 2300 12 0
189 send 185 2100 12 0
189 wait 162 190 2100
189 wait 186 190 2300
189 irecv 221 3100 200 0
189 irecv 157 3300 200 0
189 send 221 3300 24 0
189 send 157 3100 24 0
189 wait 222 190 3100
189 wait 158 190 3300
189 irecv 190 1100 200 0
189 irecv 188 1300 200 0
189 send 190 1300 4 0
189 send 188 1100 4 0
189 wait 191 190 1100
189 wait 189 190 1300
189 irecv 161 2100 200 0
189 irecv 185 2300 200 0
189 send 161 2300 12 0
189 send 185 2100 12 0
189 wait 162 190 2100
189 wait 186 190 2300
189 irecv 221 3100 200 0
189 irecv 157 3300 200 0
189 send 221 3300 24 0
189 send 157 3100 24 0
189 wait 222 190 3100
189 wait 158 190 3300
189 irecv 190 1100 200 0
189 irecv 188 1300 200 0
189 send 190 1300 16 0
189 send 188 1100 16 0
189 wait 191 190 1100
189 wait 189 190 1300
189 irecv 161 2100 200 0
189 irecv 185 2300 200 0
189 send 161 2300 40 0
189 send 185 2100 40 0
189 wait 162 190 2100
189 wait 186 190 2300
189 irecv 221 3100 200 0
189 irecv 157 3300 200 0
189 send 221 3300 60 0
189 send 157 3100 60 0
189 wait 222 190 3100
189 wait 158 190 3300
189 irecv 190 1100 200 0
189 irecv 188 1300 200 0
189 send 190 1300 16 0
189 send 188 1100 16 0
189 wait 191 190 1100
189 wait 189 190 1300
189 irecv 161 2100 200 0
189 irecv 185 2300 200 0
189 send 161 2300 40 0
189 send 185 2100 40 0
189 wait 162 190 2100
189 wait 186 190 2300
189 irecv 221 3100 200 0
189 irecv 157 3300 200 0
189 send 221 3300 60 0
189 send 157 3100 60 0
189 wait 222 190 3100
189 wait 158 190 3300
189 irecv 190 1100 200 0
189 irecv 188 1300 200 0
189 send 190 1300 16 0
189 send 188 1100 16 0
189 wait 191 190 1100
189 wait 189 190 1300
189 irecv 161 2100 200 0
189 irecv 185 2300 200 0
189 send 161 2300 40 0
189 send 185 2100 40 0
189 wait 162 190 2100
189 wait 186 190 2300
189 irecv 221 3100 200 0
189 irecv 157 3300 200 0
189 send 221 3300 60 0
189 send 157 3100 60 0
189 wait 222 190 3100
189 wait 158 190 3300
189 barrier
189 allreduce 1 0 0 
189 allreduce 4 0 1 
189 allreduce 1 0 0 
189 allreduce 4 0 1 
189 allreduce 1 0 0 
189 allreduce 4 0 1 
189 allreduce 1 0 0 
189 allreduce 4 0 1 
189 allreduce 1 0 0 
189 allreduce 4 0 1 
189 allreduce 1 0 0 
189 allreduce 4 0 1 
189 allreduce 1 0 0 
189 allreduce 4 0 1 
189 allreduce 1 0 0 
189 allreduce 4 0 1 
189 allreduce 1 0 0 
189 allreduce 4 0 1 
189 allreduce 1 0 0 
189 allreduce 4 0 1 
189 allreduce 1 0 0 
189 allreduce 4 0 1 
189 allreduce 1 0 0 
189 allreduce 4 0 1 
189 allreduce 1 0 0 
189 allreduce 4 0 1 
189 allreduce 1 0 0 
189 allreduce 4 0 1 
189 allreduce 1 0 0 
189 allreduce 4 0 1 
189 allreduce 1 0 0 
189 allreduce 4 0 1 
189 allreduce 1 0 0 
189 allreduce 4 0 1 
189 allreduce 1 0 0 
189 allreduce 4 0 1 
189 allreduce 1 0 0 
189 allreduce 4 0 1 
189 allreduce 1 0 0 
189 allreduce 4 0 1 
189 barrier
189 irecv 190 1100 200 0
189 irecv 188 1300 200 0
189 send 190 1300 16 0
189 send 188 1100 16 0
189 wait 191 190 1100
189 wait 189 190 1300
189 irecv 161 2100 200 0
189 irecv 185 2300 200 0
189 send 161 2300 40 0
189 send 185 2100 40 0
189 wait 162 190 2100
189 wait 186 190 2300
189 irecv 221 3100 200 0
189 irecv 157 3300 200 0
189 send 221 3300 60 0
189 send 157 3100 60 0
189 wait 222 190 3100
189 wait 158 190 3300
189 barrier
189 irecv 190 1100 200 0
189 irecv 188 1300 200 0
189 send 190 1300 16 0
189 send 188 1100 16 0
189 wait 191 190 1100
189 wait 189 190 1300
189 irecv 161 2100 200 0
189 irecv 185 2300 200 0
189 send 161 2300 40 0
189 send 185 2100 40 0
189 wait 162 190 2100
189 wait 186 190 2300
189 irecv 221 3100 200 0
189 irecv 157 3300 200 0
189 send 221 3300 60 0
189 send 157 3100 60 0
189 wait 222 190 3100
189 wait 158 190 3300
189 allreduce 1 0 0 
189 allreduce 1 0 0 
189 irecv 190 1100 200 0
189 irecv 188 1300 200 0
189 send 190 1300 4 0
189 send 188 1100 4 0
189 wait 191 190 1100
189 wait 189 190 1300
189 irecv 161 2100 200 0
189 irecv 185 2300 200 0
189 send 161 2300 12 0
189 send 185 2100 12 0
189 wait 162 190 2100
189 wait 186 190 2300
189 irecv 221 3100 200 0
189 irecv 157 3300 200 0
189 send 221 3300 24 0
189 send 157 3100 24 0
189 wait 222 190 3100
189 wait 158 190 3300
189 irecv 190 1100 200 0
189 irecv 188 1300 200 0
189 send 190 1300 1 0
189 send 188 1100 1 0
189 wait 191 190 1100
189 wait 189 190 1300
189 irecv 161 2100 200 0
189 irecv 185 2300 200 0
189 send 161 2300 4 0
189 send 185 2100 4 0
189 wait 162 190 2100
189 wait 186 190 2300
189 irecv 221 3100 200 0
189 irecv 157 3300 200 0
189 send 221 3300 12 0
189 send 157 3100 12 0
189 wait 222 190 3100
189 wait 158 190 3300
189 irecv 190 1100 200 0
189 irecv 188 1300 200 0
189 send 190 1300 1 0
189 send 188 1100 1 0
189 wait 191 190 1100
189 wait 189 190 1300
189 irecv 165 2100 200 0
189 irecv 181 2300 200 0
189 send 165 2300 3 0
189 send 181 2100 3 0
189 wait 166 190 2100
189 wait 182 190 2300
189 irecv 253 3100 200 0
189 irecv 125 3300 200 0
189 send 253 3300 9 0
189 send 125 3100 9 0
189 wait 254 190 3100
189 wait 126 190 3300
189 send 190 1300 18 0
189 send 188 1100 9 0
189 send 165 2300 18 0
189 send 181 2100 9 0
189 irecv 253 3100 200 0
189 irecv 125 3300 200 0
189 wait 254 190 3100
189 wait 126 190 3300
189 irecv 190 1100 200 0
189 irecv 188 1300 200 0
189 send 190 1300 1 0
189 send 188 1100 1 0
189 wait 191 190 1100
189 wait 189 190 1300
189 irecv 165 2100 200 0
189 irecv 181 2300 200 0
189 send 165 2300 3 0
189 send 181 2100 3 0
189 wait 166 190 2100
189 wait 182 190 2300
189 irecv 253 3100 200 0
189 irecv 125 3300 200 0
189 send 253 3300 9 0
189 send 125 3100 9 0
189 wait 254 190 3100
189 wait 126 190 3300
189 irecv 190 1100 200 0
189 irecv 188 1300 200 0
189 send 190 1300 1 0
189 send 188 1100 1 0
189 wait 191 190 1100
189 wait 189 190 1300
189 irecv 165 2100 200 0
189 irecv 181 2300 200 0
189 send 165 2300 3 0
189 send 181 2100 3 0
189 wait 166 190 2100
189 wait 182 190 2300
189 irecv 253 3100 200 0
189 irecv 125 3300 200 0
189 send 253 3300 9 0
189 send 125 3100 9 0
189 wait 254 190 3100
189 wait 126 190 3300
189 send 161 2300 24 0
189 send 185 2100 12 0
189 send 221 3300 24 0
189 send 157 3100 12 0
189 irecv 190 1100 200 0
189 irecv 188 1300 200 0
189 send 190 1300 1 0
189 send 188 1100 1 0
189 wait 191 190 1100
189 wait 189 190 1300
189 irecv 161 2100 200 0
189 irecv 185 2300 200 0
189 send 161 2300 4 0
189 send 185 2100 4 0
189 wait 162 190 2100
189 wait 186 190 2300
189 irecv 221 3100 200 0
189 irecv 157 3300 200 0
189 send 221 3300 12 0
189 send 157 3100 12 0
189 wait 222 190 3100
189 wait 158 190 3300
189 irecv 190 1100 200 0
189 irecv 188 1300 200 0
189 send 190 1300 1 0
189 send 188 1100 1 0
189 wait 191 190 1100
189 wait 189 190 1300
189 irecv 161 2100 200 0
189 irecv 185 2300 200 0
189 send 161 2300 4 0
189 send 185 2100 4 0
189 wait 162 190 2100
189 wait 186 190 2300
189 irecv 221 3100 200 0
189 irecv 157 3300 200 0
189 send 221 3300 12 0
189 send 157 3100 12 0
189 wait 222 190 3100
189 wait 158 190 3300
189 irecv 190 1100 200 0
189 irecv 188 1300 200 0
189 send 190 1300 4 0
189 send 188 1100 4 0
189 wait 191 190 1100
189 wait 189 190 1300
189 irecv 161 2100 200 0
189 irecv 185 2300 200 0
189 send 161 2300 12 0
189 send 185 2100 12 0
189 wait 162 190 2100
189 wait 186 190 2300
189 irecv 221 3100 200 0
189 irecv 157 3300 200 0
189 send 221 3300 24 0
189 send 157 3100 24 0
189 wait 222 190 3100
189 wait 158 190 3300
189 irecv 190 1100 200 0
189 irecv 188 1300 200 0
189 send 190 1300 4 0
189 send 188 1100 4 0
189 wait 191 190 1100
189 wait 189 190 1300
189 irecv 161 2100 200 0
189 irecv 185 2300 200 0
189 send 161 2300 12 0
189 send 185 2100 12 0
189 wait 162 190 2100
189 wait 186 190 2300
189 irecv 221 3100 200 0
189 irecv 157 3300 200 0
189 send 221 3300 24 0
189 send 157 3100 24 0
189 wait 222 190 3100
189 wait 158 190 3300
189 irecv 190 1100 200 0
189 irecv 188 1300 200 0
189 send 190 1300 16 0
189 send 188 1100 16 0
189 wait 191 190 1100
189 wait 189 190 1300
189 irecv 161 2100 200 0
189 irecv 185 2300 200 0
189 send 161 2300 40 0
189 send 185 2100 40 0
189 wait 162 190 2100
189 wait 186 190 2300
189 irecv 221 3100 200 0
189 irecv 157 3300 200 0
189 send 221 3300 60 0
189 send 157 3100 60 0
189 wait 222 190 3100
189 wait 158 190 3300
189 irecv 190 1100 200 0
189 irecv 188 1300 200 0
189 send 190 1300 16 0
189 send 188 1100 16 0
189 wait 191 190 1100
189 wait 189 190 1300
189 irecv 161 2100 200 0
189 irecv 185 2300 200 0
189 send 161 2300 40 0
189 send 185 2100 40 0
189 wait 162 190 2100
189 wait 186 190 2300
189 irecv 221 3100 200 0
189 irecv 157 3300 200 0
189 send 221 3300 60 0
189 send 157 3100 60 0
189 wait 222 190 3100
189 wait 158 190 3300
189 irecv 190 1100 200 0
189 irecv 188 1300 200 0
189 send 190 1300 16 0
189 send 188 1100 16 0
189 wait 191 190 1100
189 wait 189 190 1300
189 irecv 161 2100 200 0
189 irecv 185 2300 200 0
189 send 161 2300 40 0
189 send 185 2100 40 0
189 wait 162 190 2100
189 wait 186 190 2300
189 irecv 221 3100 200 0
189 irecv 157 3300 200 0
189 send 221 3300 60 0
189 send 157 3100 60 0
189 wait 222 190 3100
189 wait 158 190 3300
189 irecv 190 1100 200 0
189 irecv 188 1300 200 0
189 send 190 1300 4 0
189 send 188 1100 4 0
189 wait 191 190 1100
189 wait 189 190 1300
189 irecv 161 2100 200 0
189 irecv 185 2300 200 0
189 send 161 2300 12 0
189 send 185 2100 12 0
189 wait 162 190 2100
189 wait 186 190 2300
189 irecv 221 3100 200 0
189 irecv 157 3300 200 0
189 send 221 3300 24 0
189 send 157 3100 24 0
189 wait 222 190 3100
189 wait 158 190 3300
189 irecv 190 1100 200 0
189 irecv 188 1300 200 0
189 send 190 1300 1 0
189 send 188 1100 1 0
189 wait 191 190 1100
189 wait 189 190 1300
189 irecv 161 2100 200 0
189 irecv 185 2300 200 0
189 send 161 2300 4 0
189 send 185 2100 4 0
189 wait 162 190 2100
189 wait 186 190 2300
189 irecv 221 3100 200 0
189 irecv 157 3300 200 0
189 send 221 3300 12 0
189 send 157 3100 12 0
189 wait 222 190 3100
189 wait 158 190 3300
189 irecv 190 1100 200 0
189 irecv 188 1300 200 0
189 send 190 1300 1 0
189 send 188 1100 1 0
189 wait 191 190 1100
189 wait 189 190 1300
189 irecv 165 2100 200 0
189 irecv 181 2300 200 0
189 send 165 2300 3 0
189 send 181 2100 3 0
189 wait 166 190 2100
189 wait 182 190 2300
189 irecv 253 3100 200 0
189 irecv 125 3300 200 0
189 send 253 3300 9 0
189 send 125 3100 9 0
189 wait 254 190 3100
189 wait 126 190 3300
189 send 190 1300 18 0
189 send 188 1100 9 0
189 send 165 2300 18 0
189 send 181 2100 9 0
189 irecv 253 3100 200 0
189 irecv 125 3300 200 0
189 wait 254 190 3100
189 wait 126 190 3300
189 irecv 190 1100 200 0
189 irecv 188 1300 200 0
189 send 190 1300 1 0
189 send 188 1100 1 0
189 wait 191 190 1100
189 wait 189 190 1300
189 irecv 165 2100 200 0
189 irecv 181 2300 200 0
189 send 165 2300 3 0
189 send 181 2100 3 0
189 wait 166 190 2100
189 wait 182 190 2300
189 irecv 253 3100 200 0
189 irecv 125 3300 200 0
189 send 253 3300 9 0
189 send 125 3100 9 0
189 wait 254 190 3100
189 wait 126 190 3300
189 irecv 190 1100 200 0
189 irecv 188 1300 200 0
189 send 190 1300 1 0
189 send 188 1100 1 0
189 wait 191 190 1100
189 wait 189 190 1300
189 irecv 165 2100 200 0
189 irecv 181 2300 200 0
189 send 165 2300 3 0
189 send 181 2100 3 0
189 wait 166 190 2100
189 wait 182 190 2300
189 irecv 253 3100 200 0
189 irecv 125 3300 200 0
189 send 253 3300 9 0
189 send 125 3100 9 0
189 wait 254 190 3100
189 wait 126 190 3300
189 send 161 2300 24 0
189 send 185 2100 12 0
189 send 221 3300 24 0
189 send 157 3100 12 0
189 irecv 190 1100 200 0
189 irecv 188 1300 200 0
189 send 190 1300 1 0
189 send 188 1100 1 0
189 wait 191 190 1100
189 wait 189 190 1300
189 irecv 161 2100 200 0
189 irecv 185 2300 200 0
189 send 161 2300 4 0
189 send 185 2100 4 0
189 wait 162 190 2100
189 wait 186 190 2300
189 irecv 221 3100 200 0
189 irecv 157 3300 200 0
189 send 221 3300 12 0
189 send 157 3100 12 0
189 wait 222 190 3100
189 wait 158 190 3300
189 irecv 190 1100 200 0
189 irecv 188 1300 200 0
189 send 190 1300 1 0
189 send 188 1100 1 0
189 wait 191 190 1100
189 wait 189 190 1300
189 irecv 161 2100 200 0
189 irecv 185 2300 200 0
189 send 161 2300 4 0
189 send 185 2100 4 0
189 wait 162 190 2100
189 wait 186 190 2300
189 irecv 221 3100 200 0
189 irecv 157 3300 200 0
189 send 221 3300 12 0
189 send 157 3100 12 0
189 wait 222 190 3100
189 wait 158 190 3300
189 irecv 190 1100 200 0
189 irecv 188 1300 200 0
189 send 190 1300 4 0
189 send 188 1100 4 0
189 wait 191 190 1100
189 wait 189 190 1300
189 irecv 161 2100 200 0
189 irecv 185 2300 200 0
189 send 161 2300 12 0
189 send 185 2100 12 0
189 wait 162 190 2100
189 wait 186 190 2300
189 irecv 221 3100 200 0
189 irecv 157 3300 200 0
189 send 221 3300 24 0
189 send 157 3100 24 0
189 wait 222 190 3100
189 wait 158 190 3300
189 irecv 190 1100 200 0
189 irecv 188 1300 200 0
189 send 190 1300 4 0
189 send 188 1100 4 0
189 wait 191 190 1100
189 wait 189 190 1300
189 irecv 161 2100 200 0
189 irecv 185 2300 200 0
189 send 161 2300 12 0
189 send 185 2100 12 0
189 wait 162 190 2100
189 wait 186 190 2300
189 irecv 221 3100 200 0
189 irecv 157 3300 200 0
189 send 221 3300 24 0
189 send 157 3100 24 0
189 wait 222 190 3100
189 wait 158 190 3300
189 irecv 190 1100 200 0
189 irecv 188 1300 200 0
189 send 190 1300 16 0
189 send 188 1100 16 0
189 wait 191 190 1100
189 wait 189 190 1300
189 irecv 161 2100 200 0
189 irecv 185 2300 200 0
189 send 161 2300 40 0
189 send 185 2100 40 0
189 wait 162 190 2100
189 wait 186 190 2300
189 irecv 221 3100 200 0
189 irecv 157 3300 200 0
189 send 221 3300 60 0
189 send 157 3100 60 0
189 wait 222 190 3100
189 wait 158 190 3300
189 irecv 190 1100 200 0
189 irecv 188 1300 200 0
189 send 190 1300 16 0
189 send 188 1100 16 0
189 wait 191 190 1100
189 wait 189 190 1300
189 irecv 161 2100 200 0
189 irecv 185 2300 200 0
189 send 161 2300 40 0
189 send 185 2100 40 0
189 wait 162 190 2100
189 wait 186 190 2300
189 irecv 221 3100 200 0
189 irecv 157 3300 200 0
189 send 221 3300 60 0
189 send 157 3100 60 0
189 wait 222 190 3100
189 wait 158 190 3300
189 irecv 190 1100 200 0
189 irecv 188 1300 200 0
189 send 190 1300 16 0
189 send 188 1100 16 0
189 wait 191 190 1100
189 wait 189 190 1300
189 irecv 161 2100 200 0
189 irecv 185 2300 200 0
189 send 161 2300 40 0
189 send 185 2100 40 0
189 wait 162 190 2100
189 wait 186 190 2300
189 irecv 221 3100 200 0
189 irecv 157 3300 200 0
189 send 221 3300 60 0
189 send 157 3100 60 0
189 wait 222 190 3100
189 wait 158 190 3300
189 irecv 190 1100 200 0
189 irecv 188 1300 200 0
189 send 190 1300 4 0
189 send 188 1100 4 0
189 wait 191 190 1100
189 wait 189 190 1300
189 irecv 161 2100 200 0
189 irecv 185 2300 200 0
189 send 161 2300 12 0
189 send 185 2100 12 0
189 wait 162 190 2100
189 wait 186 190 2300
189 irecv 221 3100 200 0
189 irecv 157 3300 200 0
189 send 221 3300 24 0
189 send 157 3100 24 0
189 wait 222 190 3100
189 wait 158 190 3300
189 irecv 190 1100 200 0
189 irecv 188 1300 200 0
189 send 190 1300 1 0
189 send 188 1100 1 0
189 wait 191 190 1100
189 wait 189 190 1300
189 irecv 161 2100 200 0
189 irecv 185 2300 200 0
189 send 161 2300 4 0
189 send 185 2100 4 0
189 wait 162 190 2100
189 wait 186 190 2300
189 irecv 221 3100 200 0
189 irecv 157 3300 200 0
189 send 221 3300 12 0
189 send 157 3100 12 0
189 wait 222 190 3100
189 wait 158 190 3300
189 irecv 190 1100 200 0
189 irecv 188 1300 200 0
189 send 190 1300 1 0
189 send 188 1100 1 0
189 wait 191 190 1100
189 wait 189 190 1300
189 irecv 165 2100 200 0
189 irecv 181 2300 200 0
189 send 165 2300 3 0
189 send 181 2100 3 0
189 wait 166 190 2100
189 wait 182 190 2300
189 irecv 253 3100 200 0
189 irecv 125 3300 200 0
189 send 253 3300 9 0
189 send 125 3100 9 0
189 wait 254 190 3100
189 wait 126 190 3300
189 send 190 1300 18 0
189 send 188 1100 9 0
189 send 165 2300 18 0
189 send 181 2100 9 0
189 irecv 253 3100 200 0
189 irecv 125 3300 200 0
189 wait 254 190 3100
189 wait 126 190 3300
189 irecv 190 1100 200 0
189 irecv 188 1300 200 0
189 send 190 1300 1 0
189 send 188 1100 1 0
189 wait 191 190 1100
189 wait 189 190 1300
189 irecv 165 2100 200 0
189 irecv 181 2300 200 0
189 send 165 2300 3 0
189 send 181 2100 3 0
189 wait 166 190 2100
189 wait 182 190 2300
189 irecv 253 3100 200 0
189 irecv 125 3300 200 0
189 send 253 3300 9 0
189 send 125 3100 9 0
189 wait 254 190 3100
189 wait 126 190 3300
189 irecv 190 1100 200 0
189 irecv 188 1300 200 0
189 send 190 1300 1 0
189 send 188 1100 1 0
189 wait 191 190 1100
189 wait 189 190 1300
189 irecv 165 2100 200 0
189 irecv 181 2300 200 0
189 send 165 2300 3 0
189 send 181 2100 3 0
189 wait 166 190 2100
189 wait 182 190 2300
189 irecv 253 3100 200 0
189 irecv 125 3300 200 0
189 send 253 3300 9 0
189 send 125 3100 9 0
189 wait 254 190 3100
189 wait 126 190 3300
189 send 161 2300 24 0
189 send 185 2100 12 0
189 send 221 3300 24 0
189 send 157 3100 12 0
189 irecv 190 1100 200 0
189 irecv 188 1300 200 0
189 send 190 1300 1 0
189 send 188 1100 1 0
189 wait 191 190 1100
189 wait 189 190 1300
189 irecv 161 2100 200 0
189 irecv 185 2300 200 0
189 send 161 2300 4 0
189 send 185 2100 4 0
189 wait 162 190 2100
189 wait 186 190 2300
189 irecv 221 3100 200 0
189 irecv 157 3300 200 0
189 send 221 3300 12 0
189 send 157 3100 12 0
189 wait 222 190 3100
189 wait 158 190 3300
189 irecv 190 1100 200 0
189 irecv 188 1300 200 0
189 send 190 1300 1 0
189 send 188 1100 1 0
189 wait 191 190 1100
189 wait 189 190 1300
189 irecv 161 2100 200 0
189 irecv 185 2300 200 0
189 send 161 2300 4 0
189 send 185 2100 4 0
189 wait 162 190 2100
189 wait 186 190 2300
189 irecv 221 3100 200 0
189 irecv 157 3300 200 0
189 send 221 3300 12 0
189 send 157 3100 12 0
189 wait 222 190 3100
189 wait 158 190 3300
189 irecv 190 1100 200 0
189 irecv 188 1300 200 0
189 send 190 1300 4 0
189 send 188 1100 4 0
189 wait 191 190 1100
189 wait 189 190 1300
189 irecv 161 2100 200 0
189 irecv 185 2300 200 0
189 send 161 2300 12 0
189 send 185 2100 12 0
189 wait 162 190 2100
189 wait 186 190 2300
189 irecv 221 3100 200 0
189 irecv 157 3300 200 0
189 send 221 3300 24 0
189 send 157 3100 24 0
189 wait 222 190 3100
189 wait 158 190 3300
189 irecv 190 1100 200 0
189 irecv 188 1300 200 0
189 send 190 1300 4 0
189 send 188 1100 4 0
189 wait 191 190 1100
189 wait 189 190 1300
189 irecv 161 2100 200 0
189 irecv 185 2300 200 0
189 send 161 2300 12 0
189 send 185 2100 12 0
189 wait 162 190 2100
189 wait 186 190 2300
189 irecv 221 3100 200 0
189 irecv 157 3300 200 0
189 send 221 3300 24 0
189 send 157 3100 24 0
189 wait 222 190 3100
189 wait 158 190 3300
189 irecv 190 1100 200 0
189 irecv 188 1300 200 0
189 send 190 1300 16 0
189 send 188 1100 16 0
189 wait 191 190 1100
189 wait 189 190 1300
189 irecv 161 2100 200 0
189 irecv 185 2300 200 0
189 send 161 2300 40 0
189 send 185 2100 40 0
189 wait 162 190 2100
189 wait 186 190 2300
189 irecv 221 3100 200 0
189 irecv 157 3300 200 0
189 send 221 3300 60 0
189 send 157 3100 60 0
189 wait 222 190 3100
189 wait 158 190 3300
189 irecv 190 1100 200 0
189 irecv 188 1300 200 0
189 send 190 1300 16 0
189 send 188 1100 16 0
189 wait 191 190 1100
189 wait 189 190 1300
189 irecv 161 2100 200 0
189 irecv 185 2300 200 0
189 send 161 2300 40 0
189 send 185 2100 40 0
189 wait 162 190 2100
189 wait 186 190 2300
189 irecv 221 3100 200 0
189 irecv 157 3300 200 0
189 send 221 3300 60 0
189 send 157 3100 60 0
189 wait 222 190 3100
189 wait 158 190 3300
189 irecv 190 1100 200 0
189 irecv 188 1300 200 0
189 send 190 1300 16 0
189 send 188 1100 16 0
189 wait 191 190 1100
189 wait 189 190 1300
189 irecv 161 2100 200 0
189 irecv 185 2300 200 0
189 send 161 2300 40 0
189 send 185 2100 40 0
189 wait 162 190 2100
189 wait 186 190 2300
189 irecv 221 3100 200 0
189 irecv 157 3300 200 0
189 send 221 3300 60 0
189 send 157 3100 60 0
189 wait 222 190 3100
189 wait 158 190 3300
189 irecv 190 1100 200 0
189 irecv 188 1300 200 0
189 send 190 1300 4 0
189 send 188 1100 4 0
189 wait 191 190 1100
189 wait 189 190 1300
189 irecv 161 2100 200 0
189 irecv 185 2300 200 0
189 send 161 2300 12 0
189 send 185 2100 12 0
189 wait 162 190 2100
189 wait 186 190 2300
189 irecv 221 3100 200 0
189 irecv 157 3300 200 0
189 send 221 3300 24 0
189 send 157 3100 24 0
189 wait 222 190 3100
189 wait 158 190 3300
189 irecv 190 1100 200 0
189 irecv 188 1300 200 0
189 send 190 1300 1 0
189 send 188 1100 1 0
189 wait 191 190 1100
189 wait 189 190 1300
189 irecv 161 2100 200 0
189 irecv 185 2300 200 0
189 send 161 2300 4 0
189 send 185 2100 4 0
189 wait 162 190 2100
189 wait 186 190 2300
189 irecv 221 3100 200 0
189 irecv 157 3300 200 0
189 send 221 3300 12 0
189 send 157 3100 12 0
189 wait 222 190 3100
189 wait 158 190 3300
189 irecv 190 1100 200 0
189 irecv 188 1300 200 0
189 send 190 1300 1 0
189 send 188 1100 1 0
189 wait 191 190 1100
189 wait 189 190 1300
189 irecv 165 2100 200 0
189 irecv 181 2300 200 0
189 send 165 2300 3 0
189 send 181 2100 3 0
189 wait 166 190 2100
189 wait 182 190 2300
189 irecv 253 3100 200 0
189 irecv 125 3300 200 0
189 send 253 3300 9 0
189 send 125 3100 9 0
189 wait 254 190 3100
189 wait 126 190 3300
189 send 190 1300 18 0
189 send 188 1100 9 0
189 send 165 2300 18 0
189 send 181 2100 9 0
189 irecv 253 3100 200 0
189 irecv 125 3300 200 0
189 wait 254 190 3100
189 wait 126 190 3300
189 irecv 190 1100 200 0
189 irecv 188 1300 200 0
189 send 190 1300 1 0
189 send 188 1100 1 0
189 wait 191 190 1100
189 wait 189 190 1300
189 irecv 165 2100 200 0
189 irecv 181 2300 200 0
189 send 165 2300 3 0
189 send 181 2100 3 0
189 wait 166 190 2100
189 wait 182 190 2300
189 irecv 253 3100 200 0
189 irecv 125 3300 200 0
189 send 253 3300 9 0
189 send 125 3100 9 0
189 wait 254 190 3100
189 wait 126 190 3300
189 irecv 190 1100 200 0
189 irecv 188 1300 200 0
189 send 190 1300 1 0
189 send 188 1100 1 0
189 wait 191 190 1100
189 wait 189 190 1300
189 irecv 165 2100 200 0
189 irecv 181 2300 200 0
189 send 165 2300 3 0
189 send 181 2100 3 0
189 wait 166 190 2100
189 wait 182 190 2300
189 irecv 253 3100 200 0
189 irecv 125 3300 200 0
189 send 253 3300 9 0
189 send 125 3100 9 0
189 wait 254 190 3100
189 wait 126 190 3300
189 send 161 2300 24 0
189 send 185 2100 12 0
189 send 221 3300 24 0
189 send 157 3100 12 0
189 irecv 190 1100 200 0
189 irecv 188 1300 200 0
189 send 190 1300 1 0
189 send 188 1100 1 0
189 wait 191 190 1100
189 wait 189 190 1300
189 irecv 161 2100 200 0
189 irecv 185 2300 200 0
189 send 161 2300 4 0
189 send 185 2100 4 0
189 wait 162 190 2100
189 wait 186 190 2300
189 irecv 221 3100 200 0
189 irecv 157 3300 200 0
189 send 221 3300 12 0
189 send 157 3100 12 0
189 wait 222 190 3100
189 wait 158 190 3300
189 irecv 190 1100 200 0
189 irecv 188 1300 200 0
189 send 190 1300 1 0
189 send 188 1100 1 0
189 wait 191 190 1100
189 wait 189 190 1300
189 irecv 161 2100 200 0
189 irecv 185 2300 200 0
189 send 161 2300 4 0
189 send 185 2100 4 0
189 wait 162 190 2100
189 wait 186 190 2300
189 irecv 221 3100 200 0
189 irecv 157 3300 200 0
189 send 221 3300 12 0
189 send 157 3100 12 0
189 wait 222 190 3100
189 wait 158 190 3300
189 irecv 190 1100 200 0
189 irecv 188 1300 200 0
189 send 190 1300 4 0
189 send 188 1100 4 0
189 wait 191 190 1100
189 wait 189 190 1300
189 irecv 161 2100 200 0
189 irecv 185 2300 200 0
189 send 161 2300 12 0
189 send 185 2100 12 0
189 wait 162 190 2100
189 wait 186 190 2300
189 irecv 221 3100 200 0
189 irecv 157 3300 200 0
189 send 221 3300 24 0
189 send 157 3100 24 0
189 wait 222 190 3100
189 wait 158 190 3300
189 irecv 190 1100 200 0
189 irecv 188 1300 200 0
189 send 190 1300 4 0
189 send 188 1100 4 0
189 wait 191 190 1100
189 wait 189 190 1300
189 irecv 161 2100 200 0
189 irecv 185 2300 200 0
189 send 161 2300 12 0
189 send 185 2100 12 0
189 wait 162 190 2100
189 wait 186 190 2300
189 irecv 221 3100 200 0
189 irecv 157 3300 200 0
189 send 221 3300 24 0
189 send 157 3100 24 0
189 wait 222 190 3100
189 wait 158 190 3300
189 irecv 190 1100 200 0
189 irecv 188 1300 200 0
189 send 190 1300 16 0
189 send 188 1100 16 0
189 wait 191 190 1100
189 wait 189 190 1300
189 irecv 161 2100 200 0
189 irecv 185 2300 200 0
189 send 161 2300 40 0
189 send 185 2100 40 0
189 wait 162 190 2100
189 wait 186 190 2300
189 irecv 221 3100 200 0
189 irecv 157 3300 200 0
189 send 221 3300 60 0
189 send 157 3100 60 0
189 wait 222 190 3100
189 wait 158 190 3300
189 irecv 190 1100 200 0
189 irecv 188 1300 200 0
189 send 190 1300 16 0
189 send 188 1100 16 0
189 wait 191 190 1100
189 wait 189 190 1300
189 irecv 161 2100 200 0
189 irecv 185 2300 200 0
189 send 161 2300 40 0
189 send 185 2100 40 0
189 wait 162 190 2100
189 wait 186 190 2300
189 irecv 221 3100 200 0
189 irecv 157 3300 200 0
189 send 221 3300 60 0
189 send 157 3100 60 0
189 wait 222 190 3100
189 wait 158 190 3300
189 irecv 190 1100 200 0
189 irecv 188 1300 200 0
189 send 190 1300 16 0
189 send 188 1100 16 0
189 wait 191 190 1100
189 wait 189 190 1300
189 irecv 161 2100 200 0
189 irecv 185 2300 200 0
189 send 161 2300 40 0
189 send 185 2100 40 0
189 wait 162 190 2100
189 wait 186 190 2300
189 irecv 221 3100 200 0
189 irecv 157 3300 200 0
189 send 221 3300 60 0
189 send 157 3100 60 0
189 wait 222 190 3100
189 wait 158 190 3300
189 allreduce 1 0 0 
189 allreduce 1 0 0 
189 reduce 1 0 0 0 
189 finalize
