84 init
84 barrier
84 bcast 1 0 1 
84 bcast 1 0 1 
84 bcast 1 0 1 
84 bcast 1 0 1 
84 bcast 1 0 1 
84 bcast 8 0 1 
84 bcast 1 0 16 
84 barrier
84 allreduce 1 0 0 
84 allreduce 4 0 1 
84 allreduce 1 0 0 
84 allreduce 4 0 1 
84 allreduce 1 0 0 
84 allreduce 4 0 1 
84 allreduce 1 0 0 
84 allreduce 4 0 1 
84 allreduce 1 0 0 
84 allreduce 4 0 1 
84 allreduce 1 0 0 
84 allreduce 4 0 1 
84 allreduce 1 0 0 
84 allreduce 4 0 1 
84 allreduce 1 0 0 
84 allreduce 4 0 1 
84 allreduce 1 0 0 
84 allreduce 4 0 1 
84 allreduce 1 0 0 
84 allreduce 4 0 1 
84 allreduce 1 0 0 
84 allreduce 4 0 1 
84 allreduce 1 0 0 
84 allreduce 4 0 1 
84 allreduce 1 0 0 
84 allreduce 4 0 1 
84 allreduce 1 0 0 
84 allreduce 4 0 1 
84 allreduce 1 0 0 
84 allreduce 4 0 1 
84 allreduce 1 0 0 
84 allreduce 4 0 1 
84 allreduce 1 0 0 
84 allreduce 4 0 1 
84 allreduce 1 0 0 
84 allreduce 4 0 1 
84 allreduce 1 0 0 
84 allreduce 4 0 1 
84 allreduce 1 0 0 
84 allreduce 4 0 1 
84 barrier
84 irecv 85 1100 200 0
84 irecv 87 1300 200 0
84 send 85 1300 16 0
84 send 87 1100 16 0
84 wait 86 85 1100
84 wait 88 85 1300
84 irecv 88 2100 200 0
84 irecv 80 2300 200 0
84 send 88 2300 40 0
84 send 80 2100 40 0
84 wait 89 85 2100
84 wait 81 85 2300
84 irecv 116 3100 200 0
84 irecv 52 3300 200 0
84 send 116 3300 60 0
84 send 52 3100 60 0
84 wait 117 85 3100
84 wait 53 85 3300
84 allreduce 1 0 0 
84 allreduce 1 0 0 
84 irecv 85 1100 200 0
84 irecv 87 1300 200 0
84 send 85 1300 16 0
84 send 87 1100 16 0
84 wait 86 85 1100
84 wait 88 85 1300
84 irecv 88 2100 200 0
84 irecv 80 2300 200 0
84 send 88 2300 40 0
84 send 80 2100 40 0
84 wait 89 85 2100
84 wait 81 85 2300
84 irecv 116 3100 200 0
84 irecv 52 3300 200 0
84 send 116 3300 60 0
84 send 52 3100 60 0
84 wait 117 85 3100
84 wait 53 85 3300
84 allreduce 1 0 0 
84 allreduce 1 0 0 
84 irecv 85 1100 200 0
84 irecv 87 1300 200 0
84 send 85 1300 4 0
84 send 87 1100 4 0
84 wait 86 85 1100
84 wait 88 85 1300
84 irecv 88 2100 200 0
84 irecv 80 2300 200 0
84 send 88 2300 12 0
84 send 80 2100 12 0
84 wait 89 85 2100
84 wait 81 85 2300
84 irecv 116 3100 200 0
84 irecv 52 3300 200 0
84 send 116 3300 24 0
84 send 52 3100 24 0
84 wait 117 85 3100
84 wait 53 85 3300
84 irecv 85 1100 200 0
84 irecv 87 1300 200 0
84 send 85 1300 1 0
84 send 87 1100 1 0
84 wait 86 85 1100
84 wait 88 85 1300
84 irecv 88 2100 200 0
84 irecv 80 2300 200 0
84 send 88 2300 4 0
84 send 80 2100 4 0
84 wait 89 85 2100
84 wait 81 85 2300
84 irecv 116 3100 200 0
84 irecv 52 3300 200 0
84 send 116 3300 12 0
84 send 52 3100 12 0
84 wait 117 85 3100
84 wait 53 85 3300
84 irecv 85 1100 200 0
84 irecv 87 1300 200 0
84 wait 86 85 1100
84 wait 88 85 1300
84 irecv 92 2100 200 0
84 irecv 76 2300 200 0
84 wait 93 85 2100
84 wait 77 85 2300
84 send 88 2300 24 0
84 send 80 2100 12 0
84 irecv 116 3100 200 0
84 irecv 52 3300 200 0
84 wait 117 85 3100
84 wait 53 85 3300
84 irecv 85 1100 200 0
84 irecv 87 1300 200 0
84 send 85 1300 1 0
84 send 87 1100 1 0
84 wait 86 85 1100
84 wait 88 85 1300
84 irecv 88 2100 200 0
84 irecv 80 2300 200 0
84 send 88 2300 4 0
84 send 80 2100 4 0
84 wait 89 85 2100
84 wait 81 85 2300
84 irecv 116 3100 200 0
84 irecv 52 3300 200 0
84 send 116 3300 12 0
84 send 52 3100 12 0
84 wait 117 85 3100
84 wait 53 85 3300
84 irecv 85 1100 200 0
84 irecv 87 1300 200 0
84 send 85 1300 1 0
84 send 87 1100 1 0
84 wait 86 85 1100
84 wait 88 85 1300
84 irecv 88 2100 200 0
84 irecv 80 2300 200 0
84 send 88 2300 4 0
84 send 80 2100 4 0
84 wait 89 85 2100
84 wait 81 85 2300
84 irecv 116 3100 200 0
84 irecv 52 3300 200 0
84 send 116 3300 12 0
84 send 52 3100 12 0
84 wait 117 85 3100
84 wait 53 85 3300
84 irecv 85 1100 200 0
84 irecv 87 1300 200 0
84 send 85 1300 4 0
84 send 87 1100 4 0
84 wait 86 85 1100
84 wait 88 85 1300
84 irecv 88 2100 200 0
84 irecv 80 2300 200 0
84 send 88 2300 12 0
84 send 80 2100 12 0
84 wait 89 85 2100
84 wait 81 85 2300
84 irecv 116 3100 200 0
84 irecv 52 3300 200 0
84 send 116 3300 24 0
84 send 52 3100 24 0
84 wait 117 85 3100
84 wait 53 85 3300
84 irecv 85 1100 200 0
84 irecv 87 1300 200 0
84 send 85 1300 4 0
84 send 87 1100 4 0
84 wait 86 85 1100
84 wait 88 85 1300
84 irecv 88 2100 200 0
84 irecv 80 2300 200 0
84 send 88 2300 12 0
84 send 80 2100 12 0
84 wait 89 85 2100
84 wait 81 85 2300
84 irecv 116 3100 200 0
84 irecv 52 3300 200 0
84 send 116 3300 24 0
84 send 52 3100 24 0
84 wait 117 85 3100
84 wait 53 85 3300
84 irecv 85 1100 200 0
84 irecv 87 1300 200 0
84 send 85 1300 16 0
84 send 87 1100 16 0
84 wait 86 85 1100
84 wait 88 85 1300
84 irecv 88 2100 200 0
84 irecv 80 2300 200 0
84 send 88 2300 40 0
84 send 80 2100 40 0
84 wait 89 85 2100
84 wait 81 85 2300
84 irecv 116 3100 200 0
84 irecv 52 3300 200 0
84 send 116 3300 60 0
84 send 52 3100 60 0
84 wait 117 85 3100
84 wait 53 85 3300
84 irecv 85 1100 200 0
84 irecv 87 1300 200 0
84 send 85 1300 16 0
84 send 87 1100 16 0
84 wait 86 85 1100
84 wait 88 85 1300
84 irecv 88 2100 200 0
84 irecv 80 2300 200 0
84 send 88 2300 40 0
84 send 80 2100 40 0
84 wait 89 85 2100
84 wait 81 85 2300
84 irecv 116 3100 200 0
84 irecv 52 3300 200 0
84 send 116 3300 60 0
84 send 52 3100 60 0
84 wait 117 85 3100
84 wait 53 85 3300
84 irecv 85 1100 200 0
84 irecv 87 1300 200 0
84 send 85 1300 16 0
84 send 87 1100 16 0
84 wait 86 85 1100
84 wait 88 85 1300
84 irecv 88 2100 200 0
84 irecv 80 2300 200 0
84 send 88 2300 40 0
84 send 80 2100 40 0
84 wait 89 85 2100
84 wait 81 85 2300
84 irecv 116 3100 200 0
84 irecv 52 3300 200 0
84 send 116 3300 60 0
84 send 52 3100 60 0
84 wait 117 85 3100
84 wait 53 85 3300
84 barrier
84 allreduce 1 0 0 
84 allreduce 4 0 1 
84 allreduce 1 0 0 
84 allreduce 4 0 1 
84 allreduce 1 0 0 
84 allreduce 4 0 1 
84 allreduce 1 0 0 
84 allreduce 4 0 1 
84 allreduce 1 0 0 
84 allreduce 4 0 1 
84 allreduce 1 0 0 
84 allreduce 4 0 1 
84 allreduce 1 0 0 
84 allreduce 4 0 1 
84 allreduce 1 0 0 
84 allreduce 4 0 1 
84 allreduce 1 0 0 
84 allreduce 4 0 1 
84 allreduce 1 0 0 
84 allreduce 4 0 1 
84 allreduce 1 0 0 
84 allreduce 4 0 1 
84 allreduce 1 0 0 
84 allreduce 4 0 1 
84 allreduce 1 0 0 
84 allreduce 4 0 1 
84 allreduce 1 0 0 
84 allreduce 4 0 1 
84 allreduce 1 0 0 
84 allreduce 4 0 1 
84 allreduce 1 0 0 
84 allreduce 4 0 1 
84 allreduce 1 0 0 
84 allreduce 4 0 1 
84 allreduce 1 0 0 
84 allreduce 4 0 1 
84 allreduce 1 0 0 
84 allreduce 4 0 1 
84 allreduce 1 0 0 
84 allreduce 4 0 1 
84 barrier
84 irecv 85 1100 200 0
84 irecv 87 1300 200 0
84 send 85 1300 16 0
84 send 87 1100 16 0
84 wait 86 85 1100
84 wait 88 85 1300
84 irecv 88 2100 200 0
84 irecv 80 2300 200 0
84 send 88 2300 40 0
84 send 80 2100 40 0
84 wait 89 85 2100
84 wait 81 85 2300
84 irecv 116 3100 200 0
84 irecv 52 3300 200 0
84 send 116 3300 60 0
84 send 52 3100 60 0
84 wait 117 85 3100
84 wait 53 85 3300
84 barrier
84 irecv 85 1100 200 0
84 irecv 87 1300 200 0
84 send 85 1300 16 0
84 send 87 1100 16 0
84 wait 86 85 1100
84 wait 88 85 1300
84 irecv 88 2100 200 0
84 irecv 80 2300 200 0
84 send 88 2300 40 0
84 send 80 2100 40 0
84 wait 89 85 2100
84 wait 81 85 2300
84 irecv 116 3100 200 0
84 irecv 52 3300 200 0
84 send 116 3300 60 0
84 send 52 3100 60 0
84 wait 117 85 3100
84 wait 53 85 3300
84 allreduce 1 0 0 
84 allreduce 1 0 0 
84 irecv 85 1100 200 0
84 irecv 87 1300 200 0
84 send 85 1300 4 0
84 send 87 1100 4 0
84 wait 86 85 1100
84 wait 88 85 1300
84 irecv 88 2100 200 0
84 irecv 80 2300 200 0
84 send 88 2300 12 0
84 send 80 2100 12 0
84 wait 89 85 2100
84 wait 81 85 2300
84 irecv 116 3100 200 0
84 irecv 52 3300 200 0
84 send 116 3300 24 0
84 send 52 3100 24 0
84 wait 117 85 3100
84 wait 53 85 3300
84 irecv 85 1100 200 0
84 irecv 87 1300 200 0
84 send 85 1300 1 0
84 send 87 1100 1 0
84 wait 86 85 1100
84 wait 88 85 1300
84 irecv 88 2100 200 0
84 irecv 80 2300 200 0
84 send 88 2300 4 0
84 send 80 2100 4 0
84 wait 89 85 2100
84 wait 81 85 2300
84 irecv 116 3100 200 0
84 irecv 52 3300 200 0
84 send 116 3300 12 0
84 send 52 3100 12 0
84 wait 117 85 3100
84 wait 53 85 3300
84 irecv 85 1100 200 0
84 irecv 87 1300 200 0
84 wait 86 85 1100
84 wait 88 85 1300
84 irecv 92 2100 200 0
84 irecv 76 2300 200 0
84 wait 93 85 2100
84 wait 77 85 2300
84 send 88 2300 24 0
84 send 80 2100 12 0
84 irecv 116 3100 200 0
84 irecv 52 3300 200 0
84 wait 117 85 3100
84 wait 53 85 3300
84 irecv 85 1100 200 0
84 irecv 87 1300 200 0
84 send 85 1300 1 0
84 send 87 1100 1 0
84 wait 86 85 1100
84 wait 88 85 1300
84 irecv 88 2100 200 0
84 irecv 80 2300 200 0
84 send 88 2300 4 0
84 send 80 2100 4 0
84 wait 89 85 2100
84 wait 81 85 2300
84 irecv 116 3100 200 0
84 irecv 52 3300 200 0
84 send 116 3300 12 0
84 send 52 3100 12 0
84 wait 117 85 3100
84 wait 53 85 3300
84 irecv 85 1100 200 0
84 irecv 87 1300 200 0
84 send 85 1300 1 0
84 send 87 1100 1 0
84 wait 86 85 1100
84 wait 88 85 1300
84 irecv 88 2100 200 0
84 irecv 80 2300 200 0
84 send 88 2300 4 0
84 send 80 2100 4 0
84 wait 89 85 2100
84 wait 81 85 2300
84 irecv 116 3100 200 0
84 irecv 52 3300 200 0
84 send 116 3300 12 0
84 send 52 3100 12 0
84 wait 117 85 3100
84 wait 53 85 3300
84 irecv 85 1100 200 0
84 irecv 87 1300 200 0
84 send 85 1300 4 0
84 send 87 1100 4 0
84 wait 86 85 1100
84 wait 88 85 1300
84 irecv 88 2100 200 0
84 irecv 80 2300 200 0
84 send 88 2300 12 0
84 send 80 2100 12 0
84 wait 89 85 2100
84 wait 81 85 2300
84 irecv 116 3100 200 0
84 irecv 52 3300 200 0
84 send 116 3300 24 0
84 send 52 3100 24 0
84 wait 117 85 3100
84 wait 53 85 3300
84 irecv 85 1100 200 0
84 irecv 87 1300 200 0
84 send 85 1300 4 0
84 send 87 1100 4 0
84 wait 86 85 1100
84 wait 88 85 1300
84 irecv 88 2100 200 0
84 irecv 80 2300 200 0
84 send 88 2300 12 0
84 send 80 2100 12 0
84 wait 89 85 2100
84 wait 81 85 2300
84 irecv 116 3100 200 0
84 irecv 52 3300 200 0
84 send 116 3300 24 0
84 send 52 3100 24 0
84 wait 117 85 3100
84 wait 53 85 3300
84 irecv 85 1100 200 0
84 irecv 87 1300 200 0
84 send 85 1300 16 0
84 send 87 1100 16 0
84 wait 86 85 1100
84 wait 88 85 1300
84 irecv 88 2100 200 0
84 irecv 80 2300 200 0
84 send 88 2300 40 0
84 send 80 2100 40 0
84 wait 89 85 2100
84 wait 81 85 2300
84 irecv 116 3100 200 0
84 irecv 52 3300 200 0
84 send 116 3300 60 0
84 send 52 3100 60 0
84 wait 117 85 3100
84 wait 53 85 3300
84 irecv 85 1100 200 0
84 irecv 87 1300 200 0
84 send 85 1300 16 0
84 send 87 1100 16 0
84 wait 86 85 1100
84 wait 88 85 1300
84 irecv 88 2100 200 0
84 irecv 80 2300 200 0
84 send 88 2300 40 0
84 send 80 2100 40 0
84 wait 89 85 2100
84 wait 81 85 2300
84 irecv 116 3100 200 0
84 irecv 52 3300 200 0
84 send 116 3300 60 0
84 send 52 3100 60 0
84 wait 117 85 3100
84 wait 53 85 3300
84 irecv 85 1100 200 0
84 irecv 87 1300 200 0
84 send 85 1300 16 0
84 send 87 1100 16 0
84 wait 86 85 1100
84 wait 88 85 1300
84 irecv 88 2100 200 0
84 irecv 80 2300 200 0
84 send 88 2300 40 0
84 send 80 2100 40 0
84 wait 89 85 2100
84 wait 81 85 2300
84 irecv 116 3100 200 0
84 irecv 52 3300 200 0
84 send 116 3300 60 0
84 send 52 3100 60 0
84 wait 117 85 3100
84 wait 53 85 3300
84 irecv 85 1100 200 0
84 irecv 87 1300 200 0
84 send 85 1300 4 0
84 send 87 1100 4 0
84 wait 86 85 1100
84 wait 88 85 1300
84 irecv 88 2100 200 0
84 irecv 80 2300 200 0
84 send 88 2300 12 0
84 send 80 2100 12 0
84 wait 89 85 2100
84 wait 81 85 2300
84 irecv 116 3100 200 0
84 irecv 52 3300 200 0
84 send 116 3300 24 0
84 send 52 3100 24 0
84 wait 117 85 3100
84 wait 53 85 3300
84 irecv 85 1100 200 0
84 irecv 87 1300 200 0
84 send 85 1300 1 0
84 send 87 1100 1 0
84 wait 86 85 1100
84 wait 88 85 1300
84 irecv 88 2100 200 0
84 irecv 80 2300 200 0
84 send 88 2300 4 0
84 send 80 2100 4 0
84 wait 89 85 2100
84 wait 81 85 2300
84 irecv 116 3100 200 0
84 irecv 52 3300 200 0
84 send 116 3300 12 0
84 send 52 3100 12 0
84 wait 117 85 3100
84 wait 53 85 3300
84 irecv 85 1100 200 0
84 irecv 87 1300 200 0
84 wait 86 85 1100
84 wait 88 85 1300
84 irecv 92 2100 200 0
84 irecv 76 2300 200 0
84 wait 93 85 2100
84 wait 77 85 2300
84 send 88 2300 24 0
84 send 80 2100 12 0
84 irecv 116 3100 200 0
84 irecv 52 3300 200 0
84 wait 117 85 3100
84 wait 53 85 3300
84 irecv 85 1100 200 0
84 irecv 87 1300 200 0
84 send 85 1300 1 0
84 send 87 1100 1 0
84 wait 86 85 1100
84 wait 88 85 1300
84 irecv 88 2100 200 0
84 irecv 80 2300 200 0
84 send 88 2300 4 0
84 send 80 2100 4 0
84 wait 89 85 2100
84 wait 81 85 2300
84 irecv 116 3100 200 0
84 irecv 52 3300 200 0
84 send 116 3300 12 0
84 send 52 3100 12 0
84 wait 117 85 3100
84 wait 53 85 3300
84 irecv 85 1100 200 0
84 irecv 87 1300 200 0
84 send 85 1300 1 0
84 send 87 1100 1 0
84 wait 86 85 1100
84 wait 88 85 1300
84 irecv 88 2100 200 0
84 irecv 80 2300 200 0
84 send 88 2300 4 0
84 send 80 2100 4 0
84 wait 89 85 2100
84 wait 81 85 2300
84 irecv 116 3100 200 0
84 irecv 52 3300 200 0
84 send 116 3300 12 0
84 send 52 3100 12 0
84 wait 117 85 3100
84 wait 53 85 3300
84 irecv 85 1100 200 0
84 irecv 87 1300 200 0
84 send 85 1300 4 0
84 send 87 1100 4 0
84 wait 86 85 1100
84 wait 88 85 1300
84 irecv 88 2100 200 0
84 irecv 80 2300 200 0
84 send 88 2300 12 0
84 send 80 2100 12 0
84 wait 89 85 2100
84 wait 81 85 2300
84 irecv 116 3100 200 0
84 irecv 52 3300 200 0
84 send 116 3300 24 0
84 send 52 3100 24 0
84 wait 117 85 3100
84 wait 53 85 3300
84 irecv 85 1100 200 0
84 irecv 87 1300 200 0
84 send 85 1300 4 0
84 send 87 1100 4 0
84 wait 86 85 1100
84 wait 88 85 1300
84 irecv 88 2100 200 0
84 irecv 80 2300 200 0
84 send 88 2300 12 0
84 send 80 2100 12 0
84 wait 89 85 2100
84 wait 81 85 2300
84 irecv 116 3100 200 0
84 irecv 52 3300 200 0
84 send 116 3300 24 0
84 send 52 3100 24 0
84 wait 117 85 3100
84 wait 53 85 3300
84 irecv 85 1100 200 0
84 irecv 87 1300 200 0
84 send 85 1300 16 0
84 send 87 1100 16 0
84 wait 86 85 1100
84 wait 88 85 1300
84 irecv 88 2100 200 0
84 irecv 80 2300 200 0
84 send 88 2300 40 0
84 send 80 2100 40 0
84 wait 89 85 2100
84 wait 81 85 2300
84 irecv 116 3100 200 0
84 irecv 52 3300 200 0
84 send 116 3300 60 0
84 send 52 3100 60 0
84 wait 117 85 3100
84 wait 53 85 3300
84 irecv 85 1100 200 0
84 irecv 87 1300 200 0
84 send 85 1300 16 0
84 send 87 1100 16 0
84 wait 86 85 1100
84 wait 88 85 1300
84 irecv 88 2100 200 0
84 irecv 80 2300 200 0
84 send 88 2300 40 0
84 send 80 2100 40 0
84 wait 89 85 2100
84 wait 81 85 2300
84 irecv 116 3100 200 0
84 irecv 52 3300 200 0
84 send 116 3300 60 0
84 send 52 3100 60 0
84 wait 117 85 3100
84 wait 53 85 3300
84 irecv 85 1100 200 0
84 irecv 87 1300 200 0
84 send 85 1300 16 0
84 send 87 1100 16 0
84 wait 86 85 1100
84 wait 88 85 1300
84 irecv 88 2100 200 0
84 irecv 80 2300 200 0
84 send 88 2300 40 0
84 send 80 2100 40 0
84 wait 89 85 2100
84 wait 81 85 2300
84 irecv 116 3100 200 0
84 irecv 52 3300 200 0
84 send 116 3300 60 0
84 send 52 3100 60 0
84 wait 117 85 3100
84 wait 53 85 3300
84 irecv 85 1100 200 0
84 irecv 87 1300 200 0
84 send 85 1300 4 0
84 send 87 1100 4 0
84 wait 86 85 1100
84 wait 88 85 1300
84 irecv 88 2100 200 0
84 irecv 80 2300 200 0
84 send 88 2300 12 0
84 send 80 2100 12 0
84 wait 89 85 2100
84 wait 81 85 2300
84 irecv 116 3100 200 0
84 irecv 52 3300 200 0
84 send 116 3300 24 0
84 send 52 3100 24 0
84 wait 117 85 3100
84 wait 53 85 3300
84 irecv 85 1100 200 0
84 irecv 87 1300 200 0
84 send 85 1300 1 0
84 send 87 1100 1 0
84 wait 86 85 1100
84 wait 88 85 1300
84 irecv 88 2100 200 0
84 irecv 80 2300 200 0
84 send 88 2300 4 0
84 send 80 2100 4 0
84 wait 89 85 2100
84 wait 81 85 2300
84 irecv 116 3100 200 0
84 irecv 52 3300 200 0
84 send 116 3300 12 0
84 send 52 3100 12 0
84 wait 117 85 3100
84 wait 53 85 3300
84 irecv 85 1100 200 0
84 irecv 87 1300 200 0
84 wait 86 85 1100
84 wait 88 85 1300
84 irecv 92 2100 200 0
84 irecv 76 2300 200 0
84 wait 93 85 2100
84 wait 77 85 2300
84 send 88 2300 24 0
84 send 80 2100 12 0
84 irecv 116 3100 200 0
84 irecv 52 3300 200 0
84 wait 117 85 3100
84 wait 53 85 3300
84 irecv 85 1100 200 0
84 irecv 87 1300 200 0
84 send 85 1300 1 0
84 send 87 1100 1 0
84 wait 86 85 1100
84 wait 88 85 1300
84 irecv 88 2100 200 0
84 irecv 80 2300 200 0
84 send 88 2300 4 0
84 send 80 2100 4 0
84 wait 89 85 2100
84 wait 81 85 2300
84 irecv 116 3100 200 0
84 irecv 52 3300 200 0
84 send 116 3300 12 0
84 send 52 3100 12 0
84 wait 117 85 3100
84 wait 53 85 3300
84 irecv 85 1100 200 0
84 irecv 87 1300 200 0
84 send 85 1300 1 0
84 send 87 1100 1 0
84 wait 86 85 1100
84 wait 88 85 1300
84 irecv 88 2100 200 0
84 irecv 80 2300 200 0
84 send 88 2300 4 0
84 send 80 2100 4 0
84 wait 89 85 2100
84 wait 81 85 2300
84 irecv 116 3100 200 0
84 irecv 52 3300 200 0
84 send 116 3300 12 0
84 send 52 3100 12 0
84 wait 117 85 3100
84 wait 53 85 3300
84 irecv 85 1100 200 0
84 irecv 87 1300 200 0
84 send 85 1300 4 0
84 send 87 1100 4 0
84 wait 86 85 1100
84 wait 88 85 1300
84 irecv 88 2100 200 0
84 irecv 80 2300 200 0
84 send 88 2300 12 0
84 send 80 2100 12 0
84 wait 89 85 2100
84 wait 81 85 2300
84 irecv 116 3100 200 0
84 irecv 52 3300 200 0
84 send 116 3300 24 0
84 send 52 3100 24 0
84 wait 117 85 3100
84 wait 53 85 3300
84 irecv 85 1100 200 0
84 irecv 87 1300 200 0
84 send 85 1300 4 0
84 send 87 1100 4 0
84 wait 86 85 1100
84 wait 88 85 1300
84 irecv 88 2100 200 0
84 irecv 80 2300 200 0
84 send 88 2300 12 0
84 send 80 2100 12 0
84 wait 89 85 2100
84 wait 81 85 2300
84 irecv 116 3100 200 0
84 irecv 52 3300 200 0
84 send 116 3300 24 0
84 send 52 3100 24 0
84 wait 117 85 3100
84 wait 53 85 3300
84 irecv 85 1100 200 0
84 irecv 87 1300 200 0
84 send 85 1300 16 0
84 send 87 1100 16 0
84 wait 86 85 1100
84 wait 88 85 1300
84 irecv 88 2100 200 0
84 irecv 80 2300 200 0
84 send 88 2300 40 0
84 send 80 2100 40 0
84 wait 89 85 2100
84 wait 81 85 2300
84 irecv 116 3100 200 0
84 irecv 52 3300 200 0
84 send 116 3300 60 0
84 send 52 3100 60 0
84 wait 117 85 3100
84 wait 53 85 3300
84 irecv 85 1100 200 0
84 irecv 87 1300 200 0
84 send 85 1300 16 0
84 send 87 1100 16 0
84 wait 86 85 1100
84 wait 88 85 1300
84 irecv 88 2100 200 0
84 irecv 80 2300 200 0
84 send 88 2300 40 0
84 send 80 2100 40 0
84 wait 89 85 2100
84 wait 81 85 2300
84 irecv 116 3100 200 0
84 irecv 52 3300 200 0
84 send 116 3300 60 0
84 send 52 3100 60 0
84 wait 117 85 3100
84 wait 53 85 3300
84 irecv 85 1100 200 0
84 irecv 87 1300 200 0
84 send 85 1300 16 0
84 send 87 1100 16 0
84 wait 86 85 1100
84 wait 88 85 1300
84 irecv 88 2100 200 0
84 irecv 80 2300 200 0
84 send 88 2300 40 0
84 send 80 2100 40 0
84 wait 89 85 2100
84 wait 81 85 2300
84 irecv 116 3100 200 0
84 irecv 52 3300 200 0
84 send 116 3300 60 0
84 send 52 3100 60 0
84 wait 117 85 3100
84 wait 53 85 3300
84 irecv 85 1100 200 0
84 irecv 87 1300 200 0
84 send 85 1300 4 0
84 send 87 1100 4 0
84 wait 86 85 1100
84 wait 88 85 1300
84 irecv 88 2100 200 0
84 irecv 80 2300 200 0
84 send 88 2300 12 0
84 send 80 2100 12 0
84 wait 89 85 2100
84 wait 81 85 2300
84 irecv 116 3100 200 0
84 irecv 52 3300 200 0
84 send 116 3300 24 0
84 send 52 3100 24 0
84 wait 117 85 3100
84 wait 53 85 3300
84 irecv 85 1100 200 0
84 irecv 87 1300 200 0
84 send 85 1300 1 0
84 send 87 1100 1 0
84 wait 86 85 1100
84 wait 88 85 1300
84 irecv 88 2100 200 0
84 irecv 80 2300 200 0
84 send 88 2300 4 0
84 send 80 2100 4 0
84 wait 89 85 2100
84 wait 81 85 2300
84 irecv 116 3100 200 0
84 irecv 52 3300 200 0
84 send 116 3300 12 0
84 send 52 3100 12 0
84 wait 117 85 3100
84 wait 53 85 3300
84 irecv 85 1100 200 0
84 irecv 87 1300 200 0
84 wait 86 85 1100
84 wait 88 85 1300
84 irecv 92 2100 200 0
84 irecv 76 2300 200 0
84 wait 93 85 2100
84 wait 77 85 2300
84 send 88 2300 24 0
84 send 80 2100 12 0
84 irecv 116 3100 200 0
84 irecv 52 3300 200 0
84 wait 117 85 3100
84 wait 53 85 3300
84 irecv 85 1100 200 0
84 irecv 87 1300 200 0
84 send 85 1300 1 0
84 send 87 1100 1 0
84 wait 86 85 1100
84 wait 88 85 1300
84 irecv 88 2100 200 0
84 irecv 80 2300 200 0
84 send 88 2300 4 0
84 send 80 2100 4 0
84 wait 89 85 2100
84 wait 81 85 2300
84 irecv 116 3100 200 0
84 irecv 52 3300 200 0
84 send 116 3300 12 0
84 send 52 3100 12 0
84 wait 117 85 3100
84 wait 53 85 3300
84 irecv 85 1100 200 0
84 irecv 87 1300 200 0
84 send 85 1300 1 0
84 send 87 1100 1 0
84 wait 86 85 1100
84 wait 88 85 1300
84 irecv 88 2100 200 0
84 irecv 80 2300 200 0
84 send 88 2300 4 0
84 send 80 2100 4 0
84 wait 89 85 2100
84 wait 81 85 2300
84 irecv 116 3100 200 0
84 irecv 52 3300 200 0
84 send 116 3300 12 0
84 send 52 3100 12 0
84 wait 117 85 3100
84 wait 53 85 3300
84 irecv 85 1100 200 0
84 irecv 87 1300 200 0
84 send 85 1300 4 0
84 send 87 1100 4 0
84 wait 86 85 1100
84 wait 88 85 1300
84 irecv 88 2100 200 0
84 irecv 80 2300 200 0
84 send 88 2300 12 0
84 send 80 2100 12 0
84 wait 89 85 2100
84 wait 81 85 2300
84 irecv 116 3100 200 0
84 irecv 52 3300 200 0
84 send 116 3300 24 0
84 send 52 3100 24 0
84 wait 117 85 3100
84 wait 53 85 3300
84 irecv 85 1100 200 0
84 irecv 87 1300 200 0
84 send 85 1300 4 0
84 send 87 1100 4 0
84 wait 86 85 1100
84 wait 88 85 1300
84 irecv 88 2100 200 0
84 irecv 80 2300 200 0
84 send 88 2300 12 0
84 send 80 2100 12 0
84 wait 89 85 2100
84 wait 81 85 2300
84 irecv 116 3100 200 0
84 irecv 52 3300 200 0
84 send 116 3300 24 0
84 send 52 3100 24 0
84 wait 117 85 3100
84 wait 53 85 3300
84 irecv 85 1100 200 0
84 irecv 87 1300 200 0
84 send 85 1300 16 0
84 send 87 1100 16 0
84 wait 86 85 1100
84 wait 88 85 1300
84 irecv 88 2100 200 0
84 irecv 80 2300 200 0
84 send 88 2300 40 0
84 send 80 2100 40 0
84 wait 89 85 2100
84 wait 81 85 2300
84 irecv 116 3100 200 0
84 irecv 52 3300 200 0
84 send 116 3300 60 0
84 send 52 3100 60 0
84 wait 117 85 3100
84 wait 53 85 3300
84 irecv 85 1100 200 0
84 irecv 87 1300 200 0
84 send 85 1300 16 0
84 send 87 1100 16 0
84 wait 86 85 1100
84 wait 88 85 1300
84 irecv 88 2100 200 0
84 irecv 80 2300 200 0
84 send 88 2300 40 0
84 send 80 2100 40 0
84 wait 89 85 2100
84 wait 81 85 2300
84 irecv 116 3100 200 0
84 irecv 52 3300 200 0
84 send 116 3300 60 0
84 send 52 3100 60 0
84 wait 117 85 3100
84 wait 53 85 3300
84 irecv 85 1100 200 0
84 irecv 87 1300 200 0
84 send 85 1300 16 0
84 send 87 1100 16 0
84 wait 86 85 1100
84 wait 88 85 1300
84 irecv 88 2100 200 0
84 irecv 80 2300 200 0
84 send 88 2300 40 0
84 send 80 2100 40 0
84 wait 89 85 2100
84 wait 81 85 2300
84 irecv 116 3100 200 0
84 irecv 52 3300 200 0
84 send 116 3300 60 0
84 send 52 3100 60 0
84 wait 117 85 3100
84 wait 53 85 3300
84 allreduce 1 0 0 
84 allreduce 1 0 0 
84 reduce 1 0 0 0 
84 finalize
