8 init
8 barrier
8 bcast 1 0 1 
8 bcast 1 0 1 
8 bcast 1 0 1 
8 bcast 1 0 1 
8 bcast 1 0 1 
8 bcast 8 0 1 
8 bcast 1 0 16 
8 barrier
8 allreduce 1 0 0 
8 allreduce 4 0 1 
8 allreduce 1 0 0 
8 allreduce 4 0 1 
8 allreduce 1 0 0 
8 allreduce 4 0 1 
8 allreduce 1 0 0 
8 allreduce 4 0 1 
8 allreduce 1 0 0 
8 allreduce 4 0 1 
8 allreduce 1 0 0 
8 allreduce 4 0 1 
8 allreduce 1 0 0 
8 allreduce 4 0 1 
8 allreduce 1 0 0 
8 allreduce 4 0 1 
8 allreduce 1 0 0 
8 allreduce 4 0 1 
8 allreduce 1 0 0 
8 allreduce 4 0 1 
8 allreduce 1 0 0 
8 allreduce 4 0 1 
8 allreduce 1 0 0 
8 allreduce 4 0 1 
8 allreduce 1 0 0 
8 allreduce 4 0 1 
8 allreduce 1 0 0 
8 allreduce 4 0 1 
8 allreduce 1 0 0 
8 allreduce 4 0 1 
8 allreduce 1 0 0 
8 allreduce 4 0 1 
8 allreduce 1 0 0 
8 allreduce 4 0 1 
8 allreduce 1 0 0 
8 allreduce 4 0 1 
8 allreduce 1 0 0 
8 allreduce 4 0 1 
8 allreduce 1 0 0 
8 allreduce 4 0 1 
8 barrier
8 irecv 9 1100 200 0
8 irecv 11 1300 200 0
8 send 9 1300 16 0
8 send 11 1100 16 0
8 wait 10 9 1100
8 wait 12 9 1300
8 irecv 12 2100 200 0
8 irecv 4 2300 200 0
8 send 12 2300 40 0
8 send 4 2100 40 0
8 wait 13 9 2100
8 wait 5 9 2300
8 irecv 40 3100 200 0
8 irecv 232 3300 200 0
8 send 40 3300 60 0
8 send 232 3100 60 0
8 wait 41 9 3100
8 wait 233 9 3300
8 allreduce 1 0 0 
8 allreduce 1 0 0 
8 irecv 9 1100 200 0
8 irecv 11 1300 200 0
8 send 9 1300 16 0
8 send 11 1100 16 0
8 wait 10 9 1100
8 wait 12 9 1300
8 irecv 12 2100 200 0
8 irecv 4 2300 200 0
8 send 12 2300 40 0
8 send 4 2100 40 0
8 wait 13 9 2100
8 wait 5 9 2300
8 irecv 40 3100 200 0
8 irecv 232 3300 200 0
8 send 40 3300 60 0
8 send 232 3100 60 0
8 wait 41 9 3100
8 wait 233 9 3300
8 allreduce 1 0 0 
8 allreduce 1 0 0 
8 irecv 9 1100 200 0
8 irecv 11 1300 200 0
8 send 9 1300 4 0
8 send 11 1100 4 0
8 wait 10 9 1100
8 wait 12 9 1300
8 irecv 12 2100 200 0
8 irecv 4 2300 200 0
8 send 12 2300 12 0
8 send 4 2100 12 0
8 wait 13 9 2100
8 wait 5 9 2300
8 irecv 40 3100 200 0
8 irecv 232 3300 200 0
8 send 40 3300 24 0
8 send 232 3100 24 0
8 wait 41 9 3100
8 wait 233 9 3300
8 irecv 9 1100 200 0
8 irecv 11 1300 200 0
8 send 9 1300 1 0
8 send 11 1100 1 0
8 wait 10 9 1100
8 wait 12 9 1300
8 irecv 12 2100 200 0
8 irecv 4 2300 200 0
8 send 12 2300 4 0
8 send 4 2100 4 0
8 wait 13 9 2100
8 wait 5 9 2300
8 irecv 40 3100 200 0
8 irecv 232 3300 200 0
8 send 40 3300 12 0
8 send 232 3100 12 0
8 wait 41 9 3100
8 wait 233 9 3300
8 irecv 9 1100 200 0
8 irecv 11 1300 200 0
8 wait 10 9 1100
8 wait 12 9 1300
8 irecv 12 2100 200 0
8 irecv 4 2300 200 0
8 wait 13 9 2100
8 wait 5 9 2300
8 irecv 40 3100 200 0
8 irecv 232 3300 200 0
8 wait 41 9 3100
8 wait 233 9 3300
8 irecv 9 1100 200 0
8 irecv 11 1300 200 0
8 send 9 1300 1 0
8 send 11 1100 1 0
8 wait 10 9 1100
8 wait 12 9 1300
8 irecv 12 2100 200 0
8 irecv 4 2300 200 0
8 send 12 2300 4 0
8 send 4 2100 4 0
8 wait 13 9 2100
8 wait 5 9 2300
8 irecv 40 3100 200 0
8 irecv 232 3300 200 0
8 send 40 3300 12 0
8 send 232 3100 12 0
8 wait 41 9 3100
8 wait 233 9 3300
8 irecv 9 1100 200 0
8 irecv 11 1300 200 0
8 send 9 1300 1 0
8 send 11 1100 1 0
8 wait 10 9 1100
8 wait 12 9 1300
8 irecv 12 2100 200 0
8 irecv 4 2300 200 0
8 send 12 2300 4 0
8 send 4 2100 4 0
8 wait 13 9 2100
8 wait 5 9 2300
8 irecv 40 3100 200 0
8 irecv 232 3300 200 0
8 send 40 3300 12 0
8 send 232 3100 12 0
8 wait 41 9 3100
8 wait 233 9 3300
8 irecv 9 1100 200 0
8 irecv 11 1300 200 0
8 send 9 1300 4 0
8 send 11 1100 4 0
8 wait 10 9 1100
8 wait 12 9 1300
8 irecv 12 2100 200 0
8 irecv 4 2300 200 0
8 send 12 2300 12 0
8 send 4 2100 12 0
8 wait 13 9 2100
8 wait 5 9 2300
8 irecv 40 3100 200 0
8 irecv 232 3300 200 0
8 send 40 3300 24 0
8 send 232 3100 24 0
8 wait 41 9 3100
8 wait 233 9 3300
8 irecv 9 1100 200 0
8 irecv 11 1300 200 0
8 send 9 1300 4 0
8 send 11 1100 4 0
8 wait 10 9 1100
8 wait 12 9 1300
8 irecv 12 2100 200 0
8 irecv 4 2300 200 0
8 send 12 2300 12 0
8 send 4 2100 12 0
8 wait 13 9 2100
8 wait 5 9 2300
8 irecv 40 3100 200 0
8 irecv 232 3300 200 0
8 send 40 3300 24 0
8 send 232 3100 24 0
8 wait 41 9 3100
8 wait 233 9 3300
8 irecv 9 1100 200 0
8 irecv 11 1300 200 0
8 send 9 1300 16 0
8 send 11 1100 16 0
8 wait 10 9 1100
8 wait 12 9 1300
8 irecv 12 2100 200 0
8 irecv 4 2300 200 0
8 send 12 2300 40 0
8 send 4 2100 40 0
8 wait 13 9 2100
8 wait 5 9 2300
8 irecv 40 3100 200 0
8 irecv 232 3300 200 0
8 send 40 3300 60 0
8 send 232 3100 60 0
8 wait 41 9 3100
8 wait 233 9 3300
8 irecv 9 1100 200 0
8 irecv 11 1300 200 0
8 send 9 1300 16 0
8 send 11 1100 16 0
8 wait 10 9 1100
8 wait 12 9 1300
8 irecv 12 2100 200 0
8 irecv 4 2300 200 0
8 send 12 2300 40 0
8 send 4 2100 40 0
8 wait 13 9 2100
8 wait 5 9 2300
8 irecv 40 3100 200 0
8 irecv 232 3300 200 0
8 send 40 3300 60 0
8 send 232 3100 60 0
8 wait 41 9 3100
8 wait 233 9 3300
8 irecv 9 1100 200 0
8 irecv 11 1300 200 0
8 send 9 1300 16 0
8 send 11 1100 16 0
8 wait 10 9 1100
8 wait 12 9 1300
8 irecv 12 2100 200 0
8 irecv 4 2300 200 0
8 send 12 2300 40 0
8 send 4 2100 40 0
8 wait 13 9 2100
8 wait 5 9 2300
8 irecv 40 3100 200 0
8 irecv 232 3300 200 0
8 send 40 3300 60 0
8 send 232 3100 60 0
8 wait 41 9 3100
8 wait 233 9 3300
8 barrier
8 allreduce 1 0 0 
8 allreduce 4 0 1 
8 allreduce 1 0 0 
8 allreduce 4 0 1 
8 allreduce 1 0 0 
8 allreduce 4 0 1 
8 allreduce 1 0 0 
8 allreduce 4 0 1 
8 allreduce 1 0 0 
8 allreduce 4 0 1 
8 allreduce 1 0 0 
8 allreduce 4 0 1 
8 allreduce 1 0 0 
8 allreduce 4 0 1 
8 allreduce 1 0 0 
8 allreduce 4 0 1 
8 allreduce 1 0 0 
8 allreduce 4 0 1 
8 allreduce 1 0 0 
8 allreduce 4 0 1 
8 allreduce 1 0 0 
8 allreduce 4 0 1 
8 allreduce 1 0 0 
8 allreduce 4 0 1 
8 allreduce 1 0 0 
8 allreduce 4 0 1 
8 allreduce 1 0 0 
8 allreduce 4 0 1 
8 allreduce 1 0 0 
8 allreduce 4 0 1 
8 allreduce 1 0 0 
8 allreduce 4 0 1 
8 allreduce 1 0 0 
8 allreduce 4 0 1 
8 allreduce 1 0 0 
8 allreduce 4 0 1 
8 allreduce 1 0 0 
8 allreduce 4 0 1 
8 allreduce 1 0 0 
8 allreduce 4 0 1 
8 barrier
8 irecv 9 1100 200 0
8 irecv 11 1300 200 0
8 send 9 1300 16 0
8 send 11 1100 16 0
8 wait 10 9 1100
8 wait 12 9 1300
8 irecv 12 2100 200 0
8 irecv 4 2300 200 0
8 send 12 2300 40 0
8 send 4 2100 40 0
8 wait 13 9 2100
8 wait 5 9 2300
8 irecv 40 3100 200 0
8 irecv 232 3300 200 0
8 send 40 3300 60 0
8 send 232 3100 60 0
8 wait 41 9 3100
8 wait 233 9 3300
8 barrier
8 irecv 9 1100 200 0
8 irecv 11 1300 200 0
8 send 9 1300 16 0
8 send 11 1100 16 0
8 wait 10 9 1100
8 wait 12 9 1300
8 irecv 12 2100 200 0
8 irecv 4 2300 200 0
8 send 12 2300 40 0
8 send 4 2100 40 0
8 wait 13 9 2100
8 wait 5 9 2300
8 irecv 40 3100 200 0
8 irecv 232 3300 200 0
8 send 40 3300 60 0
8 send 232 3100 60 0
8 wait 41 9 3100
8 wait 233 9 3300
8 allreduce 1 0 0 
8 allreduce 1 0 0 
8 irecv 9 1100 200 0
8 irecv 11 1300 200 0
8 send 9 1300 4 0
8 send 11 1100 4 0
8 wait 10 9 1100
8 wait 12 9 1300
8 irecv 12 2100 200 0
8 irecv 4 2300 200 0
8 send 12 2300 12 0
8 send 4 2100 12 0
8 wait 13 9 2100
8 wait 5 9 2300
8 irecv 40 3100 200 0
8 irecv 232 3300 200 0
8 send 40 3300 24 0
8 send 232 3100 24 0
8 wait 41 9 3100
8 wait 233 9 3300
8 irecv 9 1100 200 0
8 irecv 11 1300 200 0
8 send 9 1300 1 0
8 send 11 1100 1 0
8 wait 10 9 1100
8 wait 12 9 1300
8 irecv 12 2100 200 0
8 irecv 4 2300 200 0
8 send 12 2300 4 0
8 send 4 2100 4 0
8 wait 13 9 2100
8 wait 5 9 2300
8 irecv 40 3100 200 0
8 irecv 232 3300 200 0
8 send 40 3300 12 0
8 send 232 3100 12 0
8 wait 41 9 3100
8 wait 233 9 3300
8 irecv 9 1100 200 0
8 irecv 11 1300 200 0
8 wait 10 9 1100
8 wait 12 9 1300
8 irecv 12 2100 200 0
8 irecv 4 2300 200 0
8 wait 13 9 2100
8 wait 5 9 2300
8 irecv 40 3100 200 0
8 irecv 232 3300 200 0
8 wait 41 9 3100
8 wait 233 9 3300
8 irecv 9 1100 200 0
8 irecv 11 1300 200 0
8 send 9 1300 1 0
8 send 11 1100 1 0
8 wait 10 9 1100
8 wait 12 9 1300
8 irecv 12 2100 200 0
8 irecv 4 2300 200 0
8 send 12 2300 4 0
8 send 4 2100 4 0
8 wait 13 9 2100
8 wait 5 9 2300
8 irecv 40 3100 200 0
8 irecv 232 3300 200 0
8 send 40 3300 12 0
8 send 232 3100 12 0
8 wait 41 9 3100
8 wait 233 9 3300
8 irecv 9 1100 200 0
8 irecv 11 1300 200 0
8 send 9 1300 1 0
8 send 11 1100 1 0
8 wait 10 9 1100
8 wait 12 9 1300
8 irecv 12 2100 200 0
8 irecv 4 2300 200 0
8 send 12 2300 4 0
8 send 4 2100 4 0
8 wait 13 9 2100
8 wait 5 9 2300
8 irecv 40 3100 200 0
8 irecv 232 3300 200 0
8 send 40 3300 12 0
8 send 232 3100 12 0
8 wait 41 9 3100
8 wait 233 9 3300
8 irecv 9 1100 200 0
8 irecv 11 1300 200 0
8 send 9 1300 4 0
8 send 11 1100 4 0
8 wait 10 9 1100
8 wait 12 9 1300
8 irecv 12 2100 200 0
8 irecv 4 2300 200 0
8 send 12 2300 12 0
8 send 4 2100 12 0
8 wait 13 9 2100
8 wait 5 9 2300
8 irecv 40 3100 200 0
8 irecv 232 3300 200 0
8 send 40 3300 24 0
8 send 232 3100 24 0
8 wait 41 9 3100
8 wait 233 9 3300
8 irecv 9 1100 200 0
8 irecv 11 1300 200 0
8 send 9 1300 4 0
8 send 11 1100 4 0
8 wait 10 9 1100
8 wait 12 9 1300
8 irecv 12 2100 200 0
8 irecv 4 2300 200 0
8 send 12 2300 12 0
8 send 4 2100 12 0
8 wait 13 9 2100
8 wait 5 9 2300
8 irecv 40 3100 200 0
8 irecv 232 3300 200 0
8 send 40 3300 24 0
8 send 232 3100 24 0
8 wait 41 9 3100
8 wait 233 9 3300
8 irecv 9 1100 200 0
8 irecv 11 1300 200 0
8 send 9 1300 16 0
8 send 11 1100 16 0
8 wait 10 9 1100
8 wait 12 9 1300
8 irecv 12 2100 200 0
8 irecv 4 2300 200 0
8 send 12 2300 40 0
8 send 4 2100 40 0
8 wait 13 9 2100
8 wait 5 9 2300
8 irecv 40 3100 200 0
8 irecv 232 3300 200 0
8 send 40 3300 60 0
8 send 232 3100 60 0
8 wait 41 9 3100
8 wait 233 9 3300
8 irecv 9 1100 200 0
8 irecv 11 1300 200 0
8 send 9 1300 16 0
8 send 11 1100 16 0
8 wait 10 9 1100
8 wait 12 9 1300
8 irecv 12 2100 200 0
8 irecv 4 2300 200 0
8 send 12 2300 40 0
8 send 4 2100 40 0
8 wait 13 9 2100
8 wait 5 9 2300
8 irecv 40 3100 200 0
8 irecv 232 3300 200 0
8 send 40 3300 60 0
8 send 232 3100 60 0
8 wait 41 9 3100
8 wait 233 9 3300
8 irecv 9 1100 200 0
8 irecv 11 1300 200 0
8 send 9 1300 16 0
8 send 11 1100 16 0
8 wait 10 9 1100
8 wait 12 9 1300
8 irecv 12 2100 200 0
8 irecv 4 2300 200 0
8 send 12 2300 40 0
8 send 4 2100 40 0
8 wait 13 9 2100
8 wait 5 9 2300
8 irecv 40 3100 200 0
8 irecv 232 3300 200 0
8 send 40 3300 60 0
8 send 232 3100 60 0
8 wait 41 9 3100
8 wait 233 9 3300
8 irecv 9 1100 200 0
8 irecv 11 1300 200 0
8 send 9 1300 4 0
8 send 11 1100 4 0
8 wait 10 9 1100
8 wait 12 9 1300
8 irecv 12 2100 200 0
8 irecv 4 2300 200 0
8 send 12 2300 12 0
8 send 4 2100 12 0
8 wait 13 9 2100
8 wait 5 9 2300
8 irecv 40 3100 200 0
8 irecv 232 3300 200 0
8 send 40 3300 24 0
8 send 232 3100 24 0
8 wait 41 9 3100
8 wait 233 9 3300
8 irecv 9 1100 200 0
8 irecv 11 1300 200 0
8 send 9 1300 1 0
8 send 11 1100 1 0
8 wait 10 9 1100
8 wait 12 9 1300
8 irecv 12 2100 200 0
8 irecv 4 2300 200 0
8 send 12 2300 4 0
8 send 4 2100 4 0
8 wait 13 9 2100
8 wait 5 9 2300
8 irecv 40 3100 200 0
8 irecv 232 3300 200 0
8 send 40 3300 12 0
8 send 232 3100 12 0
8 wait 41 9 3100
8 wait 233 9 3300
8 irecv 9 1100 200 0
8 irecv 11 1300 200 0
8 wait 10 9 1100
8 wait 12 9 1300
8 irecv 12 2100 200 0
8 irecv 4 2300 200 0
8 wait 13 9 2100
8 wait 5 9 2300
8 irecv 40 3100 200 0
8 irecv 232 3300 200 0
8 wait 41 9 3100
8 wait 233 9 3300
8 irecv 9 1100 200 0
8 irecv 11 1300 200 0
8 send 9 1300 1 0
8 send 11 1100 1 0
8 wait 10 9 1100
8 wait 12 9 1300
8 irecv 12 2100 200 0
8 irecv 4 2300 200 0
8 send 12 2300 4 0
8 send 4 2100 4 0
8 wait 13 9 2100
8 wait 5 9 2300
8 irecv 40 3100 200 0
8 irecv 232 3300 200 0
8 send 40 3300 12 0
8 send 232 3100 12 0
8 wait 41 9 3100
8 wait 233 9 3300
8 irecv 9 1100 200 0
8 irecv 11 1300 200 0
8 send 9 1300 1 0
8 send 11 1100 1 0
8 wait 10 9 1100
8 wait 12 9 1300
8 irecv 12 2100 200 0
8 irecv 4 2300 200 0
8 send 12 2300 4 0
8 send 4 2100 4 0
8 wait 13 9 2100
8 wait 5 9 2300
8 irecv 40 3100 200 0
8 irecv 232 3300 200 0
8 send 40 3300 12 0
8 send 232 3100 12 0
8 wait 41 9 3100
8 wait 233 9 3300
8 irecv 9 1100 200 0
8 irecv 11 1300 200 0
8 send 9 1300 4 0
8 send 11 1100 4 0
8 wait 10 9 1100
8 wait 12 9 1300
8 irecv 12 2100 200 0
8 irecv 4 2300 200 0
8 send 12 2300 12 0
8 send 4 2100 12 0
8 wait 13 9 2100
8 wait 5 9 2300
8 irecv 40 3100 200 0
8 irecv 232 3300 200 0
8 send 40 3300 24 0
8 send 232 3100 24 0
8 wait 41 9 3100
8 wait 233 9 3300
8 irecv 9 1100 200 0
8 irecv 11 1300 200 0
8 send 9 1300 4 0
8 send 11 1100 4 0
8 wait 10 9 1100
8 wait 12 9 1300
8 irecv 12 2100 200 0
8 irecv 4 2300 200 0
8 send 12 2300 12 0
8 send 4 2100 12 0
8 wait 13 9 2100
8 wait 5 9 2300
8 irecv 40 3100 200 0
8 irecv 232 3300 200 0
8 send 40 3300 24 0
8 send 232 3100 24 0
8 wait 41 9 3100
8 wait 233 9 3300
8 irecv 9 1100 200 0
8 irecv 11 1300 200 0
8 send 9 1300 16 0
8 send 11 1100 16 0
8 wait 10 9 1100
8 wait 12 9 1300
8 irecv 12 2100 200 0
8 irecv 4 2300 200 0
8 send 12 2300 40 0
8 send 4 2100 40 0
8 wait 13 9 2100
8 wait 5 9 2300
8 irecv 40 3100 200 0
8 irecv 232 3300 200 0
8 send 40 3300 60 0
8 send 232 3100 60 0
8 wait 41 9 3100
8 wait 233 9 3300
8 irecv 9 1100 200 0
8 irecv 11 1300 200 0
8 send 9 1300 16 0
8 send 11 1100 16 0
8 wait 10 9 1100
8 wait 12 9 1300
8 irecv 12 2100 200 0
8 irecv 4 2300 200 0
8 send 12 2300 40 0
8 send 4 2100 40 0
8 wait 13 9 2100
8 wait 5 9 2300
8 irecv 40 3100 200 0
8 irecv 232 3300 200 0
8 send 40 3300 60 0
8 send 232 3100 60 0
8 wait 41 9 3100
8 wait 233 9 3300
8 irecv 9 1100 200 0
8 irecv 11 1300 200 0
8 send 9 1300 16 0
8 send 11 1100 16 0
8 wait 10 9 1100
8 wait 12 9 1300
8 irecv 12 2100 200 0
8 irecv 4 2300 200 0
8 send 12 2300 40 0
8 send 4 2100 40 0
8 wait 13 9 2100
8 wait 5 9 2300
8 irecv 40 3100 200 0
8 irecv 232 3300 200 0
8 send 40 3300 60 0
8 send 232 3100 60 0
8 wait 41 9 3100
8 wait 233 9 3300
8 irecv 9 1100 200 0
8 irecv 11 1300 200 0
8 send 9 1300 4 0
8 send 11 1100 4 0
8 wait 10 9 1100
8 wait 12 9 1300
8 irecv 12 2100 200 0
8 irecv 4 2300 200 0
8 send 12 2300 12 0
8 send 4 2100 12 0
8 wait 13 9 2100
8 wait 5 9 2300
8 irecv 40 3100 200 0
8 irecv 232 3300 200 0
8 send 40 3300 24 0
8 send 232 3100 24 0
8 wait 41 9 3100
8 wait 233 9 3300
8 irecv 9 1100 200 0
8 irecv 11 1300 200 0
8 send 9 1300 1 0
8 send 11 1100 1 0
8 wait 10 9 1100
8 wait 12 9 1300
8 irecv 12 2100 200 0
8 irecv 4 2300 200 0
8 send 12 2300 4 0
8 send 4 2100 4 0
8 wait 13 9 2100
8 wait 5 9 2300
8 irecv 40 3100 200 0
8 irecv 232 3300 200 0
8 send 40 3300 12 0
8 send 232 3100 12 0
8 wait 41 9 3100
8 wait 233 9 3300
8 irecv 9 1100 200 0
8 irecv 11 1300 200 0
8 wait 10 9 1100
8 wait 12 9 1300
8 irecv 12 2100 200 0
8 irecv 4 2300 200 0
8 wait 13 9 2100
8 wait 5 9 2300
8 irecv 40 3100 200 0
8 irecv 232 3300 200 0
8 wait 41 9 3100
8 wait 233 9 3300
8 irecv 9 1100 200 0
8 irecv 11 1300 200 0
8 send 9 1300 1 0
8 send 11 1100 1 0
8 wait 10 9 1100
8 wait 12 9 1300
8 irecv 12 2100 200 0
8 irecv 4 2300 200 0
8 send 12 2300 4 0
8 send 4 2100 4 0
8 wait 13 9 2100
8 wait 5 9 2300
8 irecv 40 3100 200 0
8 irecv 232 3300 200 0
8 send 40 3300 12 0
8 send 232 3100 12 0
8 wait 41 9 3100
8 wait 233 9 3300
8 irecv 9 1100 200 0
8 irecv 11 1300 200 0
8 send 9 1300 1 0
8 send 11 1100 1 0
8 wait 10 9 1100
8 wait 12 9 1300
8 irecv 12 2100 200 0
8 irecv 4 2300 200 0
8 send 12 2300 4 0
8 send 4 2100 4 0
8 wait 13 9 2100
8 wait 5 9 2300
8 irecv 40 3100 200 0
8 irecv 232 3300 200 0
8 send 40 3300 12 0
8 send 232 3100 12 0
8 wait 41 9 3100
8 wait 233 9 3300
8 irecv 9 1100 200 0
8 irecv 11 1300 200 0
8 send 9 1300 4 0
8 send 11 1100 4 0
8 wait 10 9 1100
8 wait 12 9 1300
8 irecv 12 2100 200 0
8 irecv 4 2300 200 0
8 send 12 2300 12 0
8 send 4 2100 12 0
8 wait 13 9 2100
8 wait 5 9 2300
8 irecv 40 3100 200 0
8 irecv 232 3300 200 0
8 send 40 3300 24 0
8 send 232 3100 24 0
8 wait 41 9 3100
8 wait 233 9 3300
8 irecv 9 1100 200 0
8 irecv 11 1300 200 0
8 send 9 1300 4 0
8 send 11 1100 4 0
8 wait 10 9 1100
8 wait 12 9 1300
8 irecv 12 2100 200 0
8 irecv 4 2300 200 0
8 send 12 2300 12 0
8 send 4 2100 12 0
8 wait 13 9 2100
8 wait 5 9 2300
8 irecv 40 3100 200 0
8 irecv 232 3300 200 0
8 send 40 3300 24 0
8 send 232 3100 24 0
8 wait 41 9 3100
8 wait 233 9 3300
8 irecv 9 1100 200 0
8 irecv 11 1300 200 0
8 send 9 1300 16 0
8 send 11 1100 16 0
8 wait 10 9 1100
8 wait 12 9 1300
8 irecv 12 2100 200 0
8 irecv 4 2300 200 0
8 send 12 2300 40 0
8 send 4 2100 40 0
8 wait 13 9 2100
8 wait 5 9 2300
8 irecv 40 3100 200 0
8 irecv 232 3300 200 0
8 send 40 3300 60 0
8 send 232 3100 60 0
8 wait 41 9 3100
8 wait 233 9 3300
8 irecv 9 1100 200 0
8 irecv 11 1300 200 0
8 send 9 1300 16 0
8 send 11 1100 16 0
8 wait 10 9 1100
8 wait 12 9 1300
8 irecv 12 2100 200 0
8 irecv 4 2300 200 0
8 send 12 2300 40 0
8 send 4 2100 40 0
8 wait 13 9 2100
8 wait 5 9 2300
8 irecv 40 3100 200 0
8 irecv 232 3300 200 0
8 send 40 3300 60 0
8 send 232 3100 60 0
8 wait 41 9 3100
8 wait 233 9 3300
8 irecv 9 1100 200 0
8 irecv 11 1300 200 0
8 send 9 1300 16 0
8 send 11 1100 16 0
8 wait 10 9 1100
8 wait 12 9 1300
8 irecv 12 2100 200 0
8 irecv 4 2300 200 0
8 send 12 2300 40 0
8 send 4 2100 40 0
8 wait 13 9 2100
8 wait 5 9 2300
8 irecv 40 3100 200 0
8 irecv 232 3300 200 0
8 send 40 3300 60 0
8 send 232 3100 60 0
8 wait 41 9 3100
8 wait 233 9 3300
8 irecv 9 1100 200 0
8 irecv 11 1300 200 0
8 send 9 1300 4 0
8 send 11 1100 4 0
8 wait 10 9 1100
8 wait 12 9 1300
8 irecv 12 2100 200 0
8 irecv 4 2300 200 0
8 send 12 2300 12 0
8 send 4 2100 12 0
8 wait 13 9 2100
8 wait 5 9 2300
8 irecv 40 3100 200 0
8 irecv 232 3300 200 0
8 send 40 3300 24 0
8 send 232 3100 24 0
8 wait 41 9 3100
8 wait 233 9 3300
8 irecv 9 1100 200 0
8 irecv 11 1300 200 0
8 send 9 1300 1 0
8 send 11 1100 1 0
8 wait 10 9 1100
8 wait 12 9 1300
8 irecv 12 2100 200 0
8 irecv 4 2300 200 0
8 send 12 2300 4 0
8 send 4 2100 4 0
8 wait 13 9 2100
8 wait 5 9 2300
8 irecv 40 3100 200 0
8 irecv 232 3300 200 0
8 send 40 3300 12 0
8 send 232 3100 12 0
8 wait 41 9 3100
8 wait 233 9 3300
8 irecv 9 1100 200 0
8 irecv 11 1300 200 0
8 wait 10 9 1100
8 wait 12 9 1300
8 irecv 12 2100 200 0
8 irecv 4 2300 200 0
8 wait 13 9 2100
8 wait 5 9 2300
8 irecv 40 3100 200 0
8 irecv 232 3300 200 0
8 wait 41 9 3100
8 wait 233 9 3300
8 irecv 9 1100 200 0
8 irecv 11 1300 200 0
8 send 9 1300 1 0
8 send 11 1100 1 0
8 wait 10 9 1100
8 wait 12 9 1300
8 irecv 12 2100 200 0
8 irecv 4 2300 200 0
8 send 12 2300 4 0
8 send 4 2100 4 0
8 wait 13 9 2100
8 wait 5 9 2300
8 irecv 40 3100 200 0
8 irecv 232 3300 200 0
8 send 40 3300 12 0
8 send 232 3100 12 0
8 wait 41 9 3100
8 wait 233 9 3300
8 irecv 9 1100 200 0
8 irecv 11 1300 200 0
8 send 9 1300 1 0
8 send 11 1100 1 0
8 wait 10 9 1100
8 wait 12 9 1300
8 irecv 12 2100 200 0
8 irecv 4 2300 200 0
8 send 12 2300 4 0
8 send 4 2100 4 0
8 wait 13 9 2100
8 wait 5 9 2300
8 irecv 40 3100 200 0
8 irecv 232 3300 200 0
8 send 40 3300 12 0
8 send 232 3100 12 0
8 wait 41 9 3100
8 wait 233 9 3300
8 irecv 9 1100 200 0
8 irecv 11 1300 200 0
8 send 9 1300 4 0
8 send 11 1100 4 0
8 wait 10 9 1100
8 wait 12 9 1300
8 irecv 12 2100 200 0
8 irecv 4 2300 200 0
8 send 12 2300 12 0
8 send 4 2100 12 0
8 wait 13 9 2100
8 wait 5 9 2300
8 irecv 40 3100 200 0
8 irecv 232 3300 200 0
8 send 40 3300 24 0
8 send 232 3100 24 0
8 wait 41 9 3100
8 wait 233 9 3300
8 irecv 9 1100 200 0
8 irecv 11 1300 200 0
8 send 9 1300 4 0
8 send 11 1100 4 0
8 wait 10 9 1100
8 wait 12 9 1300
8 irecv 12 2100 200 0
8 irecv 4 2300 200 0
8 send 12 2300 12 0
8 send 4 2100 12 0
8 wait 13 9 2100
8 wait 5 9 2300
8 irecv 40 3100 200 0
8 irecv 232 3300 200 0
8 send 40 3300 24 0
8 send 232 3100 24 0
8 wait 41 9 3100
8 wait 233 9 3300
8 irecv 9 1100 200 0
8 irecv 11 1300 200 0
8 send 9 1300 16 0
8 send 11 1100 16 0
8 wait 10 9 1100
8 wait 12 9 1300
8 irecv 12 2100 200 0
8 irecv 4 2300 200 0
8 send 12 2300 40 0
8 send 4 2100 40 0
8 wait 13 9 2100
8 wait 5 9 2300
8 irecv 40 3100 200 0
8 irecv 232 3300 200 0
8 send 40 3300 60 0
8 send 232 3100 60 0
8 wait 41 9 3100
8 wait 233 9 3300
8 irecv 9 1100 200 0
8 irecv 11 1300 200 0
8 send 9 1300 16 0
8 send 11 1100 16 0
8 wait 10 9 1100
8 wait 12 9 1300
8 irecv 12 2100 200 0
8 irecv 4 2300 200 0
8 send 12 2300 40 0
8 send 4 2100 40 0
8 wait 13 9 2100
8 wait 5 9 2300
8 irecv 40 3100 200 0
8 irecv 232 3300 200 0
8 send 40 3300 60 0
8 send 232 3100 60 0
8 wait 41 9 3100
8 wait 233 9 3300
8 irecv 9 1100 200 0
8 irecv 11 1300 200 0
8 send 9 1300 16 0
8 send 11 1100 16 0
8 wait 10 9 1100
8 wait 12 9 1300
8 irecv 12 2100 200 0
8 irecv 4 2300 200 0
8 send 12 2300 40 0
8 send 4 2100 40 0
8 wait 13 9 2100
8 wait 5 9 2300
8 irecv 40 3100 200 0
8 irecv 232 3300 200 0
8 send 40 3300 60 0
8 send 232 3100 60 0
8 wait 41 9 3100
8 wait 233 9 3300
8 allreduce 1 0 0 
8 allreduce 1 0 0 
8 reduce 1 0 0 0 
8 finalize
