216 init
216 barrier
216 bcast 1 0 1 
216 bcast 1 0 1 
216 bcast 1 0 1 
216 bcast 1 0 1 
216 bcast 1 0 1 
216 bcast 8 0 1 
216 bcast 1 0 16 
216 barrier
216 allreduce 1 0 0 
216 allreduce 4 0 1 
216 allreduce 1 0 0 
216 allreduce 4 0 1 
216 allreduce 1 0 0 
216 allreduce 4 0 1 
216 allreduce 1 0 0 
216 allreduce 4 0 1 
216 allreduce 1 0 0 
216 allreduce 4 0 1 
216 allreduce 1 0 0 
216 allreduce 4 0 1 
216 allreduce 1 0 0 
216 allreduce 4 0 1 
216 allreduce 1 0 0 
216 allreduce 4 0 1 
216 allreduce 1 0 0 
216 allreduce 4 0 1 
216 allreduce 1 0 0 
216 allreduce 4 0 1 
216 allreduce 1 0 0 
216 allreduce 4 0 1 
216 allreduce 1 0 0 
216 allreduce 4 0 1 
216 allreduce 1 0 0 
216 allreduce 4 0 1 
216 allreduce 1 0 0 
216 allreduce 4 0 1 
216 allreduce 1 0 0 
216 allreduce 4 0 1 
216 allreduce 1 0 0 
216 allreduce 4 0 1 
216 allreduce 1 0 0 
216 allreduce 4 0 1 
216 allreduce 1 0 0 
216 allreduce 4 0 1 
216 allreduce 1 0 0 
216 allreduce 4 0 1 
216 allreduce 1 0 0 
216 allreduce 4 0 1 
216 barrier
216 irecv 217 1100 200 0
216 irecv 219 1300 200 0
216 send 217 1300 16 0
216 send 219 1100 16 0
216 wait 218 217 1100
216 wait 220 217 1300
216 irecv 220 2100 200 0
216 irecv 212 2300 200 0
216 send 220 2300 40 0
216 send 212 2100 40 0
216 wait 221 217 2100
216 wait 213 217 2300
216 irecv 248 3100 200 0
216 irecv 184 3300 200 0
216 send 248 3300 60 0
216 send 184 3100 60 0
216 wait 249 217 3100
216 wait 185 217 3300
216 allreduce 1 0 0 
216 allreduce 1 0 0 
216 irecv 217 1100 200 0
216 irecv 219 1300 200 0
216 send 217 1300 16 0
216 send 219 1100 16 0
216 wait 218 217 1100
216 wait 220 217 1300
216 irecv 220 2100 200 0
216 irecv 212 2300 200 0
216 send 220 2300 40 0
216 send 212 2100 40 0
216 wait 221 217 2100
216 wait 213 217 2300
216 irecv 248 3100 200 0
216 irecv 184 3300 200 0
216 send 248 3300 60 0
216 send 184 3100 60 0
216 wait 249 217 3100
216 wait 185 217 3300
216 allreduce 1 0 0 
216 allreduce 1 0 0 
216 irecv 217 1100 200 0
216 irecv 219 1300 200 0
216 send 217 1300 4 0
216 send 219 1100 4 0
216 wait 218 217 1100
216 wait 220 217 1300
216 irecv 220 2100 200 0
216 irecv 212 2300 200 0
216 send 220 2300 12 0
216 send 212 2100 12 0
216 wait 221 217 2100
216 wait 213 217 2300
216 irecv 248 3100 200 0
216 irecv 184 3300 200 0
216 send 248 3300 24 0
216 send 184 3100 24 0
216 wait 249 217 3100
216 wait 185 217 3300
216 irecv 217 1100 200 0
216 irecv 219 1300 200 0
216 send 217 1300 1 0
216 send 219 1100 1 0
216 wait 218 217 1100
216 wait 220 217 1300
216 irecv 220 2100 200 0
216 irecv 212 2300 200 0
216 send 220 2300 4 0
216 send 212 2100 4 0
216 wait 221 217 2100
216 wait 213 217 2300
216 irecv 248 3100 200 0
216 irecv 184 3300 200 0
216 send 248 3300 12 0
216 send 184 3100 12 0
216 wait 249 217 3100
216 wait 185 217 3300
216 irecv 217 1100 200 0
216 irecv 219 1300 200 0
216 wait 218 217 1100
216 wait 220 217 1300
216 irecv 220 2100 200 0
216 irecv 212 2300 200 0
216 wait 221 217 2100
216 wait 213 217 2300
216 irecv 248 3100 200 0
216 irecv 184 3300 200 0
216 wait 249 217 3100
216 wait 185 217 3300
216 irecv 217 1100 200 0
216 irecv 219 1300 200 0
216 send 217 1300 1 0
216 send 219 1100 1 0
216 wait 218 217 1100
216 wait 220 217 1300
216 irecv 220 2100 200 0
216 irecv 212 2300 200 0
216 send 220 2300 4 0
216 send 212 2100 4 0
216 wait 221 217 2100
216 wait 213 217 2300
216 irecv 248 3100 200 0
216 irecv 184 3300 200 0
216 send 248 3300 12 0
216 send 184 3100 12 0
216 wait 249 217 3100
216 wait 185 217 3300
216 irecv 217 1100 200 0
216 irecv 219 1300 200 0
216 send 217 1300 1 0
216 send 219 1100 1 0
216 wait 218 217 1100
216 wait 220 217 1300
216 irecv 220 2100 200 0
216 irecv 212 2300 200 0
216 send 220 2300 4 0
216 send 212 2100 4 0
216 wait 221 217 2100
216 wait 213 217 2300
216 irecv 248 3100 200 0
216 irecv 184 3300 200 0
216 send 248 3300 12 0
216 send 184 3100 12 0
216 wait 249 217 3100
216 wait 185 217 3300
216 irecv 217 1100 200 0
216 irecv 219 1300 200 0
216 send 217 1300 4 0
216 send 219 1100 4 0
216 wait 218 217 1100
216 wait 220 217 1300
216 irecv 220 2100 200 0
216 irecv 212 2300 200 0
216 send 220 2300 12 0
216 send 212 2100 12 0
216 wait 221 217 2100
216 wait 213 217 2300
216 irecv 248 3100 200 0
216 irecv 184 3300 200 0
216 send 248 3300 24 0
216 send 184 3100 24 0
216 wait 249 217 3100
216 wait 185 217 3300
216 irecv 217 1100 200 0
216 irecv 219 1300 200 0
216 send 217 1300 4 0
216 send 219 1100 4 0
216 wait 218 217 1100
216 wait 220 217 1300
216 irecv 220 2100 200 0
216 irecv 212 2300 200 0
216 send 220 2300 12 0
216 send 212 2100 12 0
216 wait 221 217 2100
216 wait 213 217 2300
216 irecv 248 3100 200 0
216 irecv 184 3300 200 0
216 send 248 3300 24 0
216 send 184 3100 24 0
216 wait 249 217 3100
216 wait 185 217 3300
216 irecv 217 1100 200 0
216 irecv 219 1300 200 0
216 send 217 1300 16 0
216 send 219 1100 16 0
216 wait 218 217 1100
216 wait 220 217 1300
216 irecv 220 2100 200 0
216 irecv 212 2300 200 0
216 send 220 2300 40 0
216 send 212 2100 40 0
216 wait 221 217 2100
216 wait 213 217 2300
216 irecv 248 3100 200 0
216 irecv 184 3300 200 0
216 send 248 3300 60 0
216 send 184 3100 60 0
216 wait 249 217 3100
216 wait 185 217 3300
216 irecv 217 1100 200 0
216 irecv 219 1300 200 0
216 send 217 1300 16 0
216 send 219 1100 16 0
216 wait 218 217 1100
216 wait 220 217 1300
216 irecv 220 2100 200 0
216 irecv 212 2300 200 0
216 send 220 2300 40 0
216 send 212 2100 40 0
216 wait 221 217 2100
216 wait 213 217 2300
216 irecv 248 3100 200 0
216 irecv 184 3300 200 0
216 send 248 3300 60 0
216 send 184 3100 60 0
216 wait 249 217 3100
216 wait 185 217 3300
216 irecv 217 1100 200 0
216 irecv 219 1300 200 0
216 send 217 1300 16 0
216 send 219 1100 16 0
216 wait 218 217 1100
216 wait 220 217 1300
216 irecv 220 2100 200 0
216 irecv 212 2300 200 0
216 send 220 2300 40 0
216 send 212 2100 40 0
216 wait 221 217 2100
216 wait 213 217 2300
216 irecv 248 3100 200 0
216 irecv 184 3300 200 0
216 send 248 3300 60 0
216 send 184 3100 60 0
216 wait 249 217 3100
216 wait 185 217 3300
216 barrier
216 allreduce 1 0 0 
216 allreduce 4 0 1 
216 allreduce 1 0 0 
216 allreduce 4 0 1 
216 allreduce 1 0 0 
216 allreduce 4 0 1 
216 allreduce 1 0 0 
216 allreduce 4 0 1 
216 allreduce 1 0 0 
216 allreduce 4 0 1 
216 allreduce 1 0 0 
216 allreduce 4 0 1 
216 allreduce 1 0 0 
216 allreduce 4 0 1 
216 allreduce 1 0 0 
216 allreduce 4 0 1 
216 allreduce 1 0 0 
216 allreduce 4 0 1 
216 allreduce 1 0 0 
216 allreduce 4 0 1 
216 allreduce 1 0 0 
216 allreduce 4 0 1 
216 allreduce 1 0 0 
216 allreduce 4 0 1 
216 allreduce 1 0 0 
216 allreduce 4 0 1 
216 allreduce 1 0 0 
216 allreduce 4 0 1 
216 allreduce 1 0 0 
216 allreduce 4 0 1 
216 allreduce 1 0 0 
216 allreduce 4 0 1 
216 allreduce 1 0 0 
216 allreduce 4 0 1 
216 allreduce 1 0 0 
216 allreduce 4 0 1 
216 allreduce 1 0 0 
216 allreduce 4 0 1 
216 allreduce 1 0 0 
216 allreduce 4 0 1 
216 barrier
216 irecv 217 1100 200 0
216 irecv 219 1300 200 0
216 send 217 1300 16 0
216 send 219 1100 16 0
216 wait 218 217 1100
216 wait 220 217 1300
216 irecv 220 2100 200 0
216 irecv 212 2300 200 0
216 send 220 2300 40 0
216 send 212 2100 40 0
216 wait 221 217 2100
216 wait 213 217 2300
216 irecv 248 3100 200 0
216 irecv 184 3300 200 0
216 send 248 3300 60 0
216 send 184 3100 60 0
216 wait 249 217 3100
216 wait 185 217 3300
216 barrier
216 irecv 217 1100 200 0
216 irecv 219 1300 200 0
216 send 217 1300 16 0
216 send 219 1100 16 0
216 wait 218 217 1100
216 wait 220 217 1300
216 irecv 220 2100 200 0
216 irecv 212 2300 200 0
216 send 220 2300 40 0
216 send 212 2100 40 0
216 wait 221 217 2100
216 wait 213 217 2300
216 irecv 248 3100 200 0
216 irecv 184 3300 200 0
216 send 248 3300 60 0
216 send 184 3100 60 0
216 wait 249 217 3100
216 wait 185 217 3300
216 allreduce 1 0 0 
216 allreduce 1 0 0 
216 irecv 217 1100 200 0
216 irecv 219 1300 200 0
216 send 217 1300 4 0
216 send 219 1100 4 0
216 wait 218 217 1100
216 wait 220 217 1300
216 irecv 220 2100 200 0
216 irecv 212 2300 200 0
216 send 220 2300 12 0
216 send 212 2100 12 0
216 wait 221 217 2100
216 wait 213 217 2300
216 irecv 248 3100 200 0
216 irecv 184 3300 200 0
216 send 248 3300 24 0
216 send 184 3100 24 0
216 wait 249 217 3100
216 wait 185 217 3300
216 irecv 217 1100 200 0
216 irecv 219 1300 200 0
216 send 217 1300 1 0
216 send 219 1100 1 0
216 wait 218 217 1100
216 wait 220 217 1300
216 irecv 220 2100 200 0
216 irecv 212 2300 200 0
216 send 220 2300 4 0
216 send 212 2100 4 0
216 wait 221 217 2100
216 wait 213 217 2300
216 irecv 248 3100 200 0
216 irecv 184 3300 200 0
216 send 248 3300 12 0
216 send 184 3100 12 0
216 wait 249 217 3100
216 wait 185 217 3300
216 irecv 217 1100 200 0
216 irecv 219 1300 200 0
216 wait 218 217 1100
216 wait 220 217 1300
216 irecv 220 2100 200 0
216 irecv 212 2300 200 0
216 wait 221 217 2100
216 wait 213 217 2300
216 irecv 248 3100 200 0
216 irecv 184 3300 200 0
216 wait 249 217 3100
216 wait 185 217 3300
216 irecv 217 1100 200 0
216 irecv 219 1300 200 0
216 send 217 1300 1 0
216 send 219 1100 1 0
216 wait 218 217 1100
216 wait 220 217 1300
216 irecv 220 2100 200 0
216 irecv 212 2300 200 0
216 send 220 2300 4 0
216 send 212 2100 4 0
216 wait 221 217 2100
216 wait 213 217 2300
216 irecv 248 3100 200 0
216 irecv 184 3300 200 0
216 send 248 3300 12 0
216 send 184 3100 12 0
216 wait 249 217 3100
216 wait 185 217 3300
216 irecv 217 1100 200 0
216 irecv 219 1300 200 0
216 send 217 1300 1 0
216 send 219 1100 1 0
216 wait 218 217 1100
216 wait 220 217 1300
216 irecv 220 2100 200 0
216 irecv 212 2300 200 0
216 send 220 2300 4 0
216 send 212 2100 4 0
216 wait 221 217 2100
216 wait 213 217 2300
216 irecv 248 3100 200 0
216 irecv 184 3300 200 0
216 send 248 3300 12 0
216 send 184 3100 12 0
216 wait 249 217 3100
216 wait 185 217 3300
216 irecv 217 1100 200 0
216 irecv 219 1300 200 0
216 send 217 1300 4 0
216 send 219 1100 4 0
216 wait 218 217 1100
216 wait 220 217 1300
216 irecv 220 2100 200 0
216 irecv 212 2300 200 0
216 send 220 2300 12 0
216 send 212 2100 12 0
216 wait 221 217 2100
216 wait 213 217 2300
216 irecv 248 3100 200 0
216 irecv 184 3300 200 0
216 send 248 3300 24 0
216 send 184 3100 24 0
216 wait 249 217 3100
216 wait 185 217 3300
216 irecv 217 1100 200 0
216 irecv 219 1300 200 0
216 send 217 1300 4 0
216 send 219 1100 4 0
216 wait 218 217 1100
216 wait 220 217 1300
216 irecv 220 2100 200 0
216 irecv 212 2300 200 0
216 send 220 2300 12 0
216 send 212 2100 12 0
216 wait 221 217 2100
216 wait 213 217 2300
216 irecv 248 3100 200 0
216 irecv 184 3300 200 0
216 send 248 3300 24 0
216 send 184 3100 24 0
216 wait 249 217 3100
216 wait 185 217 3300
216 irecv 217 1100 200 0
216 irecv 219 1300 200 0
216 send 217 1300 16 0
216 send 219 1100 16 0
216 wait 218 217 1100
216 wait 220 217 1300
216 irecv 220 2100 200 0
216 irecv 212 2300 200 0
216 send 220 2300 40 0
216 send 212 2100 40 0
216 wait 221 217 2100
216 wait 213 217 2300
216 irecv 248 3100 200 0
216 irecv 184 3300 200 0
216 send 248 3300 60 0
216 send 184 3100 60 0
216 wait 249 217 3100
216 wait 185 217 3300
216 irecv 217 1100 200 0
216 irecv 219 1300 200 0
216 send 217 1300 16 0
216 send 219 1100 16 0
216 wait 218 217 1100
216 wait 220 217 1300
216 irecv 220 2100 200 0
216 irecv 212 2300 200 0
216 send 220 2300 40 0
216 send 212 2100 40 0
216 wait 221 217 2100
216 wait 213 217 2300
216 irecv 248 3100 200 0
216 irecv 184 3300 200 0
216 send 248 3300 60 0
216 send 184 3100 60 0
216 wait 249 217 3100
216 wait 185 217 3300
216 irecv 217 1100 200 0
216 irecv 219 1300 200 0
216 send 217 1300 16 0
216 send 219 1100 16 0
216 wait 218 217 1100
216 wait 220 217 1300
216 irecv 220 2100 200 0
216 irecv 212 2300 200 0
216 send 220 2300 40 0
216 send 212 2100 40 0
216 wait 221 217 2100
216 wait 213 217 2300
216 irecv 248 3100 200 0
216 irecv 184 3300 200 0
216 send 248 3300 60 0
216 send 184 3100 60 0
216 wait 249 217 3100
216 wait 185 217 3300
216 irecv 217 1100 200 0
216 irecv 219 1300 200 0
216 send 217 1300 4 0
216 send 219 1100 4 0
216 wait 218 217 1100
216 wait 220 217 1300
216 irecv 220 2100 200 0
216 irecv 212 2300 200 0
216 send 220 2300 12 0
216 send 212 2100 12 0
216 wait 221 217 2100
216 wait 213 217 2300
216 irecv 248 3100 200 0
216 irecv 184 3300 200 0
216 send 248 3300 24 0
216 send 184 3100 24 0
216 wait 249 217 3100
216 wait 185 217 3300
216 irecv 217 1100 200 0
216 irecv 219 1300 200 0
216 send 217 1300 1 0
216 send 219 1100 1 0
216 wait 218 217 1100
216 wait 220 217 1300
216 irecv 220 2100 200 0
216 irecv 212 2300 200 0
216 send 220 2300 4 0
216 send 212 2100 4 0
216 wait 221 217 2100
216 wait 213 217 2300
216 irecv 248 3100 200 0
216 irecv 184 3300 200 0
216 send 248 3300 12 0
216 send 184 3100 12 0
216 wait 249 217 3100
216 wait 185 217 3300
216 irecv 217 1100 200 0
216 irecv 219 1300 200 0
216 wait 218 217 1100
216 wait 220 217 1300
216 irecv 220 2100 200 0
216 irecv 212 2300 200 0
216 wait 221 217 2100
216 wait 213 217 2300
216 irecv 248 3100 200 0
216 irecv 184 3300 200 0
216 wait 249 217 3100
216 wait 185 217 3300
216 irecv 217 1100 200 0
216 irecv 219 1300 200 0
216 send 217 1300 1 0
216 send 219 1100 1 0
216 wait 218 217 1100
216 wait 220 217 1300
216 irecv 220 2100 200 0
216 irecv 212 2300 200 0
216 send 220 2300 4 0
216 send 212 2100 4 0
216 wait 221 217 2100
216 wait 213 217 2300
216 irecv 248 3100 200 0
216 irecv 184 3300 200 0
216 send 248 3300 12 0
216 send 184 3100 12 0
216 wait 249 217 3100
216 wait 185 217 3300
216 irecv 217 1100 200 0
216 irecv 219 1300 200 0
216 send 217 1300 1 0
216 send 219 1100 1 0
216 wait 218 217 1100
216 wait 220 217 1300
216 irecv 220 2100 200 0
216 irecv 212 2300 200 0
216 send 220 2300 4 0
216 send 212 2100 4 0
216 wait 221 217 2100
216 wait 213 217 2300
216 irecv 248 3100 200 0
216 irecv 184 3300 200 0
216 send 248 3300 12 0
216 send 184 3100 12 0
216 wait 249 217 3100
216 wait 185 217 3300
216 irecv 217 1100 200 0
216 irecv 219 1300 200 0
216 send 217 1300 4 0
216 send 219 1100 4 0
216 wait 218 217 1100
216 wait 220 217 1300
216 irecv 220 2100 200 0
216 irecv 212 2300 200 0
216 send 220 2300 12 0
216 send 212 2100 12 0
216 wait 221 217 2100
216 wait 213 217 2300
216 irecv 248 3100 200 0
216 irecv 184 3300 200 0
216 send 248 3300 24 0
216 send 184 3100 24 0
216 wait 249 217 3100
216 wait 185 217 3300
216 irecv 217 1100 200 0
216 irecv 219 1300 200 0
216 send 217 1300 4 0
216 send 219 1100 4 0
216 wait 218 217 1100
216 wait 220 217 1300
216 irecv 220 2100 200 0
216 irecv 212 2300 200 0
216 send 220 2300 12 0
216 send 212 2100 12 0
216 wait 221 217 2100
216 wait 213 217 2300
216 irecv 248 3100 200 0
216 irecv 184 3300 200 0
216 send 248 3300 24 0
216 send 184 3100 24 0
216 wait 249 217 3100
216 wait 185 217 3300
216 irecv 217 1100 200 0
216 irecv 219 1300 200 0
216 send 217 1300 16 0
216 send 219 1100 16 0
216 wait 218 217 1100
216 wait 220 217 1300
216 irecv 220 2100 200 0
216 irecv 212 2300 200 0
216 send 220 2300 40 0
216 send 212 2100 40 0
216 wait 221 217 2100
216 wait 213 217 2300
216 irecv 248 3100 200 0
216 irecv 184 3300 200 0
216 send 248 3300 60 0
216 send 184 3100 60 0
216 wait 249 217 3100
216 wait 185 217 3300
216 irecv 217 1100 200 0
216 irecv 219 1300 200 0
216 send 217 1300 16 0
216 send 219 1100 16 0
216 wait 218 217 1100
216 wait 220 217 1300
216 irecv 220 2100 200 0
216 irecv 212 2300 200 0
216 send 220 2300 40 0
216 send 212 2100 40 0
216 wait 221 217 2100
216 wait 213 217 2300
216 irecv 248 3100 200 0
216 irecv 184 3300 200 0
216 send 248 3300 60 0
216 send 184 3100 60 0
216 wait 249 217 3100
216 wait 185 217 3300
216 irecv 217 1100 200 0
216 irecv 219 1300 200 0
216 send 217 1300 16 0
216 send 219 1100 16 0
216 wait 218 217 1100
216 wait 220 217 1300
216 irecv 220 2100 200 0
216 irecv 212 2300 200 0
216 send 220 2300 40 0
216 send 212 2100 40 0
216 wait 221 217 2100
216 wait 213 217 2300
216 irecv 248 3100 200 0
216 irecv 184 3300 200 0
216 send 248 3300 60 0
216 send 184 3100 60 0
216 wait 249 217 3100
216 wait 185 217 3300
216 irecv 217 1100 200 0
216 irecv 219 1300 200 0
216 send 217 1300 4 0
216 send 219 1100 4 0
216 wait 218 217 1100
216 wait 220 217 1300
216 irecv 220 2100 200 0
216 irecv 212 2300 200 0
216 send 220 2300 12 0
216 send 212 2100 12 0
216 wait 221 217 2100
216 wait 213 217 2300
216 irecv 248 3100 200 0
216 irecv 184 3300 200 0
216 send 248 3300 24 0
216 send 184 3100 24 0
216 wait 249 217 3100
216 wait 185 217 3300
216 irecv 217 1100 200 0
216 irecv 219 1300 200 0
216 send 217 1300 1 0
216 send 219 1100 1 0
216 wait 218 217 1100
216 wait 220 217 1300
216 irecv 220 2100 200 0
216 irecv 212 2300 200 0
216 send 220 2300 4 0
216 send 212 2100 4 0
216 wait 221 217 2100
216 wait 213 217 2300
216 irecv 248 3100 200 0
216 irecv 184 3300 200 0
216 send 248 3300 12 0
216 send 184 3100 12 0
216 wait 249 217 3100
216 wait 185 217 3300
216 irecv 217 1100 200 0
216 irecv 219 1300 200 0
216 wait 218 217 1100
216 wait 220 217 1300
216 irecv 220 2100 200 0
216 irecv 212 2300 200 0
216 wait 221 217 2100
216 wait 213 217 2300
216 irecv 248 3100 200 0
216 irecv 184 3300 200 0
216 wait 249 217 3100
216 wait 185 217 3300
216 irecv 217 1100 200 0
216 irecv 219 1300 200 0
216 send 217 1300 1 0
216 send 219 1100 1 0
216 wait 218 217 1100
216 wait 220 217 1300
216 irecv 220 2100 200 0
216 irecv 212 2300 200 0
216 send 220 2300 4 0
216 send 212 2100 4 0
216 wait 221 217 2100
216 wait 213 217 2300
216 irecv 248 3100 200 0
216 irecv 184 3300 200 0
216 send 248 3300 12 0
216 send 184 3100 12 0
216 wait 249 217 3100
216 wait 185 217 3300
216 irecv 217 1100 200 0
216 irecv 219 1300 200 0
216 send 217 1300 1 0
216 send 219 1100 1 0
216 wait 218 217 1100
216 wait 220 217 1300
216 irecv 220 2100 200 0
216 irecv 212 2300 200 0
216 send 220 2300 4 0
216 send 212 2100 4 0
216 wait 221 217 2100
216 wait 213 217 2300
216 irecv 248 3100 200 0
216 irecv 184 3300 200 0
216 send 248 3300 12 0
216 send 184 3100 12 0
216 wait 249 217 3100
216 wait 185 217 3300
216 irecv 217 1100 200 0
216 irecv 219 1300 200 0
216 send 217 1300 4 0
216 send 219 1100 4 0
216 wait 218 217 1100
216 wait 220 217 1300
216 irecv 220 2100 200 0
216 irecv 212 2300 200 0
216 send 220 2300 12 0
216 send 212 2100 12 0
216 wait 221 217 2100
216 wait 213 217 2300
216 irecv 248 3100 200 0
216 irecv 184 3300 200 0
216 send 248 3300 24 0
216 send 184 3100 24 0
216 wait 249 217 3100
216 wait 185 217 3300
216 irecv 217 1100 200 0
216 irecv 219 1300 200 0
216 send 217 1300 4 0
216 send 219 1100 4 0
216 wait 218 217 1100
216 wait 220 217 1300
216 irecv 220 2100 200 0
216 irecv 212 2300 200 0
216 send 220 2300 12 0
216 send 212 2100 12 0
216 wait 221 217 2100
216 wait 213 217 2300
216 irecv 248 3100 200 0
216 irecv 184 3300 200 0
216 send 248 3300 24 0
216 send 184 3100 24 0
216 wait 249 217 3100
216 wait 185 217 3300
216 irecv 217 1100 200 0
216 irecv 219 1300 200 0
216 send 217 1300 16 0
216 send 219 1100 16 0
216 wait 218 217 1100
216 wait 220 217 1300
216 irecv 220 2100 200 0
216 irecv 212 2300 200 0
216 send 220 2300 40 0
216 send 212 2100 40 0
216 wait 221 217 2100
216 wait 213 217 2300
216 irecv 248 3100 200 0
216 irecv 184 3300 200 0
216 send 248 3300 60 0
216 send 184 3100 60 0
216 wait 249 217 3100
216 wait 185 217 3300
216 irecv 217 1100 200 0
216 irecv 219 1300 200 0
216 send 217 1300 16 0
216 send 219 1100 16 0
216 wait 218 217 1100
216 wait 220 217 1300
216 irecv 220 2100 200 0
216 irecv 212 2300 200 0
216 send 220 2300 40 0
216 send 212 2100 40 0
216 wait 221 217 2100
216 wait 213 217 2300
216 irecv 248 3100 200 0
216 irecv 184 3300 200 0
216 send 248 3300 60 0
216 send 184 3100 60 0
216 wait 249 217 3100
216 wait 185 217 3300
216 irecv 217 1100 200 0
216 irecv 219 1300 200 0
216 send 217 1300 16 0
216 send 219 1100 16 0
216 wait 218 217 1100
216 wait 220 217 1300
216 irecv 220 2100 200 0
216 irecv 212 2300 200 0
216 send 220 2300 40 0
216 send 212 2100 40 0
216 wait 221 217 2100
216 wait 213 217 2300
216 irecv 248 3100 200 0
216 irecv 184 3300 200 0
216 send 248 3300 60 0
216 send 184 3100 60 0
216 wait 249 217 3100
216 wait 185 217 3300
216 irecv 217 1100 200 0
216 irecv 219 1300 200 0
216 send 217 1300 4 0
216 send 219 1100 4 0
216 wait 218 217 1100
216 wait 220 217 1300
216 irecv 220 2100 200 0
216 irecv 212 2300 200 0
216 send 220 2300 12 0
216 send 212 2100 12 0
216 wait 221 217 2100
216 wait 213 217 2300
216 irecv 248 3100 200 0
216 irecv 184 3300 200 0
216 send 248 3300 24 0
216 send 184 3100 24 0
216 wait 249 217 3100
216 wait 185 217 3300
216 irecv 217 1100 200 0
216 irecv 219 1300 200 0
216 send 217 1300 1 0
216 send 219 1100 1 0
216 wait 218 217 1100
216 wait 220 217 1300
216 irecv 220 2100 200 0
216 irecv 212 2300 200 0
216 send 220 2300 4 0
216 send 212 2100 4 0
216 wait 221 217 2100
216 wait 213 217 2300
216 irecv 248 3100 200 0
216 irecv 184 3300 200 0
216 send 248 3300 12 0
216 send 184 3100 12 0
216 wait 249 217 3100
216 wait 185 217 3300
216 irecv 217 1100 200 0
216 irecv 219 1300 200 0
216 wait 218 217 1100
216 wait 220 217 1300
216 irecv 220 2100 200 0
216 irecv 212 2300 200 0
216 wait 221 217 2100
216 wait 213 217 2300
216 irecv 248 3100 200 0
216 irecv 184 3300 200 0
216 wait 249 217 3100
216 wait 185 217 3300
216 irecv 217 1100 200 0
216 irecv 219 1300 200 0
216 send 217 1300 1 0
216 send 219 1100 1 0
216 wait 218 217 1100
216 wait 220 217 1300
216 irecv 220 2100 200 0
216 irecv 212 2300 200 0
216 send 220 2300 4 0
216 send 212 2100 4 0
216 wait 221 217 2100
216 wait 213 217 2300
216 irecv 248 3100 200 0
216 irecv 184 3300 200 0
216 send 248 3300 12 0
216 send 184 3100 12 0
216 wait 249 217 3100
216 wait 185 217 3300
216 irecv 217 1100 200 0
216 irecv 219 1300 200 0
216 send 217 1300 1 0
216 send 219 1100 1 0
216 wait 218 217 1100
216 wait 220 217 1300
216 irecv 220 2100 200 0
216 irecv 212 2300 200 0
216 send 220 2300 4 0
216 send 212 2100 4 0
216 wait 221 217 2100
216 wait 213 217 2300
216 irecv 248 3100 200 0
216 irecv 184 3300 200 0
216 send 248 3300 12 0
216 send 184 3100 12 0
216 wait 249 217 3100
216 wait 185 217 3300
216 irecv 217 1100 200 0
216 irecv 219 1300 200 0
216 send 217 1300 4 0
216 send 219 1100 4 0
216 wait 218 217 1100
216 wait 220 217 1300
216 irecv 220 2100 200 0
216 irecv 212 2300 200 0
216 send 220 2300 12 0
216 send 212 2100 12 0
216 wait 221 217 2100
216 wait 213 217 2300
216 irecv 248 3100 200 0
216 irecv 184 3300 200 0
216 send 248 3300 24 0
216 send 184 3100 24 0
216 wait 249 217 3100
216 wait 185 217 3300
216 irecv 217 1100 200 0
216 irecv 219 1300 200 0
216 send 217 1300 4 0
216 send 219 1100 4 0
216 wait 218 217 1100
216 wait 220 217 1300
216 irecv 220 2100 200 0
216 irecv 212 2300 200 0
216 send 220 2300 12 0
216 send 212 2100 12 0
216 wait 221 217 2100
216 wait 213 217 2300
216 irecv 248 3100 200 0
216 irecv 184 3300 200 0
216 send 248 3300 24 0
216 send 184 3100 24 0
216 wait 249 217 3100
216 wait 185 217 3300
216 irecv 217 1100 200 0
216 irecv 219 1300 200 0
216 send 217 1300 16 0
216 send 219 1100 16 0
216 wait 218 217 1100
216 wait 220 217 1300
216 irecv 220 2100 200 0
216 irecv 212 2300 200 0
216 send 220 2300 40 0
216 send 212 2100 40 0
216 wait 221 217 2100
216 wait 213 217 2300
216 irecv 248 3100 200 0
216 irecv 184 3300 200 0
216 send 248 3300 60 0
216 send 184 3100 60 0
216 wait 249 217 3100
216 wait 185 217 3300
216 irecv 217 1100 200 0
216 irecv 219 1300 200 0
216 send 217 1300 16 0
216 send 219 1100 16 0
216 wait 218 217 1100
216 wait 220 217 1300
216 irecv 220 2100 200 0
216 irecv 212 2300 200 0
216 send 220 2300 40 0
216 send 212 2100 40 0
216 wait 221 217 2100
216 wait 213 217 2300
216 irecv 248 3100 200 0
216 irecv 184 3300 200 0
216 send 248 3300 60 0
216 send 184 3100 60 0
216 wait 249 217 3100
216 wait 185 217 3300
216 irecv 217 1100 200 0
216 irecv 219 1300 200 0
216 send 217 1300 16 0
216 send 219 1100 16 0
216 wait 218 217 1100
216 wait 220 217 1300
216 irecv 220 2100 200 0
216 irecv 212 2300 200 0
216 send 220 2300 40 0
216 send 212 2100 40 0
216 wait 221 217 2100
216 wait 213 217 2300
216 irecv 248 3100 200 0
216 irecv 184 3300 200 0
216 send 248 3300 60 0
216 send 184 3100 60 0
216 wait 249 217 3100
216 wait 185 217 3300
216 allreduce 1 0 0 
216 allreduce 1 0 0 
216 reduce 1 0 0 0 
216 finalize
