97 init
97 barrier
97 bcast 1 0 1 
97 bcast 1 0 1 
97 bcast 1 0 1 
97 bcast 1 0 1 
97 bcast 1 0 1 
97 bcast 8 0 1 
97 bcast 1 0 16 
97 barrier
97 allreduce 1 0 0 
97 allreduce 4 0 1 
97 allreduce 1 0 0 
97 allreduce 4 0 1 
97 allreduce 1 0 0 
97 allreduce 4 0 1 
97 allreduce 1 0 0 
97 allreduce 4 0 1 
97 allreduce 1 0 0 
97 allreduce 4 0 1 
97 allreduce 1 0 0 
97 allreduce 4 0 1 
97 allreduce 1 0 0 
97 allreduce 4 0 1 
97 allreduce 1 0 0 
97 allreduce 4 0 1 
97 allreduce 1 0 0 
97 allreduce 4 0 1 
97 allreduce 1 0 0 
97 allreduce 4 0 1 
97 allreduce 1 0 0 
97 allreduce 4 0 1 
97 allreduce 1 0 0 
97 allreduce 4 0 1 
97 allreduce 1 0 0 
97 allreduce 4 0 1 
97 allreduce 1 0 0 
97 allreduce 4 0 1 
97 allreduce 1 0 0 
97 allreduce 4 0 1 
97 allreduce 1 0 0 
97 allreduce 4 0 1 
97 allreduce 1 0 0 
97 allreduce 4 0 1 
97 allreduce 1 0 0 
97 allreduce 4 0 1 
97 allreduce 1 0 0 
97 allreduce 4 0 1 
97 allreduce 1 0 0 
97 allreduce 4 0 1 
97 barrier
97 irecv 98 1100 200 0
97 irecv 96 1300 200 0
97 send 98 1300 16 0
97 send 96 1100 16 0
97 wait 99 98 1100
97 wait 97 98 1300
97 irecv 101 2100 200 0
97 irecv 125 2300 200 0
97 send 101 2300 40 0
97 send 125 2100 40 0
97 wait 102 98 2100
97 wait 126 98 2300
97 irecv 129 3100 200 0
97 irecv 65 3300 200 0
97 send 129 3300 60 0
97 send 65 3100 60 0
97 wait 130 98 3100
97 wait 66 98 3300
97 allreduce 1 0 0 
97 allreduce 1 0 0 
97 irecv 98 1100 200 0
97 irecv 96 1300 200 0
97 send 98 1300 16 0
97 send 96 1100 16 0
97 wait 99 98 1100
97 wait 97 98 1300
97 irecv 101 2100 200 0
97 irecv 125 2300 200 0
97 send 101 2300 40 0
97 send 125 2100 40 0
97 wait 102 98 2100
97 wait 126 98 2300
97 irecv 129 3100 200 0
97 irecv 65 3300 200 0
97 send 129 3300 60 0
97 send 65 3100 60 0
97 wait 130 98 3100
97 wait 66 98 3300
97 allreduce 1 0 0 
97 allreduce 1 0 0 
97 irecv 98 1100 200 0
97 irecv 96 1300 200 0
97 send 98 1300 4 0
97 send 96 1100 4 0
97 wait 99 98 1100
97 wait 97 98 1300
97 irecv 101 2100 200 0
97 irecv 125 2300 200 0
97 send 101 2300 12 0
97 send 125 2100 12 0
97 wait 102 98 2100
97 wait 126 98 2300
97 irecv 129 3100 200 0
97 irecv 65 3300 200 0
97 send 129 3300 24 0
97 send 65 3100 24 0
97 wait 130 98 3100
97 wait 66 98 3300
97 irecv 98 1100 200 0
97 irecv 96 1300 200 0
97 send 98 1300 1 0
97 send 96 1100 1 0
97 wait 99 98 1100
97 wait 97 98 1300
97 irecv 101 2100 200 0
97 irecv 125 2300 200 0
97 send 101 2300 4 0
97 send 125 2100 4 0
97 wait 102 98 2100
97 wait 126 98 2300
97 irecv 129 3100 200 0
97 irecv 65 3300 200 0
97 send 129 3300 12 0
97 send 65 3100 12 0
97 wait 130 98 3100
97 wait 66 98 3300
97 send 98 1300 12 0
97 send 96 1100 6 0
97 send 161 3300 12 0
97 send 33 3100 6 0
97 irecv 101 2100 200 0
97 irecv 125 2300 200 0
97 wait 102 98 2100
97 wait 126 98 2300
97 send 129 3300 24 0
97 send 65 3100 12 0
97 irecv 98 1100 200 0
97 irecv 96 1300 200 0
97 send 98 1300 1 0
97 send 96 1100 1 0
97 wait 99 98 1100
97 wait 97 98 1300
97 irecv 101 2100 200 0
97 irecv 125 2300 200 0
97 send 101 2300 4 0
97 send 125 2100 4 0
97 wait 102 98 2100
97 wait 126 98 2300
97 irecv 129 3100 200 0
97 irecv 65 3300 200 0
97 send 129 3300 12 0
97 send 65 3100 12 0
97 wait 130 98 3100
97 wait 66 98 3300
97 irecv 98 1100 200 0
97 irecv 96 1300 200 0
97 send 98 1300 1 0
97 send 96 1100 1 0
97 wait 99 98 1100
97 wait 97 98 1300
97 irecv 101 2100 200 0
97 irecv 125 2300 200 0
97 send 101 2300 4 0
97 send 125 2100 4 0
97 wait 102 98 2100
97 wait 126 98 2300
97 irecv 129 3100 200 0
97 irecv 65 3300 200 0
97 send 129 3300 12 0
97 send 65 3100 12 0
97 wait 130 98 3100
97 wait 66 98 3300
97 irecv 98 1100 200 0
97 irecv 96 1300 200 0
97 send 98 1300 4 0
97 send 96 1100 4 0
97 wait 99 98 1100
97 wait 97 98 1300
97 irecv 101 2100 200 0
97 irecv 125 2300 200 0
97 send 101 2300 12 0
97 send 125 2100 12 0
97 wait 102 98 2100
97 wait 126 98 2300
97 irecv 129 3100 200 0
97 irecv 65 3300 200 0
97 send 129 3300 24 0
97 send 65 3100 24 0
97 wait 130 98 3100
97 wait 66 98 3300
97 irecv 98 1100 200 0
97 irecv 96 1300 200 0
97 send 98 1300 4 0
97 send 96 1100 4 0
97 wait 99 98 1100
97 wait 97 98 1300
97 irecv 101 2100 200 0
97 irecv 125 2300 200 0
97 send 101 2300 12 0
97 send 125 2100 12 0
97 wait 102 98 2100
97 wait 126 98 2300
97 irecv 129 3100 200 0
97 irecv 65 3300 200 0
97 send 129 3300 24 0
97 send 65 3100 24 0
97 wait 130 98 3100
97 wait 66 98 3300
97 irecv 98 1100 200 0
97 irecv 96 1300 200 0
97 send 98 1300 16 0
97 send 96 1100 16 0
97 wait 99 98 1100
97 wait 97 98 1300
97 irecv 101 2100 200 0
97 irecv 125 2300 200 0
97 send 101 2300 40 0
97 send 125 2100 40 0
97 wait 102 98 2100
97 wait 126 98 2300
97 irecv 129 3100 200 0
97 irecv 65 3300 200 0
97 send 129 3300 60 0
97 send 65 3100 60 0
97 wait 130 98 3100
97 wait 66 98 3300
97 irecv 98 1100 200 0
97 irecv 96 1300 200 0
97 send 98 1300 16 0
97 send 96 1100 16 0
97 wait 99 98 1100
97 wait 97 98 1300
97 irecv 101 2100 200 0
97 irecv 125 2300 200 0
97 send 101 2300 40 0
97 send 125 2100 40 0
97 wait 102 98 2100
97 wait 126 98 2300
97 irecv 129 3100 200 0
97 irecv 65 3300 200 0
97 send 129 3300 60 0
97 send 65 3100 60 0
97 wait 130 98 3100
97 wait 66 98 3300
97 irecv 98 1100 200 0
97 irecv 96 1300 200 0
97 send 98 1300 16 0
97 send 96 1100 16 0
97 wait 99 98 1100
97 wait 97 98 1300
97 irecv 101 2100 200 0
97 irecv 125 2300 200 0
97 send 101 2300 40 0
97 send 125 2100 40 0
97 wait 102 98 2100
97 wait 126 98 2300
97 irecv 129 3100 200 0
97 irecv 65 3300 200 0
97 send 129 3300 60 0
97 send 65 3100 60 0
97 wait 130 98 3100
97 wait 66 98 3300
97 barrier
97 allreduce 1 0 0 
97 allreduce 4 0 1 
97 allreduce 1 0 0 
97 allreduce 4 0 1 
97 allreduce 1 0 0 
97 allreduce 4 0 1 
97 allreduce 1 0 0 
97 allreduce 4 0 1 
97 allreduce 1 0 0 
97 allreduce 4 0 1 
97 allreduce 1 0 0 
97 allreduce 4 0 1 
97 allreduce 1 0 0 
97 allreduce 4 0 1 
97 allreduce 1 0 0 
97 allreduce 4 0 1 
97 allreduce 1 0 0 
97 allreduce 4 0 1 
97 allreduce 1 0 0 
97 allreduce 4 0 1 
97 allreduce 1 0 0 
97 allreduce 4 0 1 
97 allreduce 1 0 0 
97 allreduce 4 0 1 
97 allreduce 1 0 0 
97 allreduce 4 0 1 
97 allreduce 1 0 0 
97 allreduce 4 0 1 
97 allreduce 1 0 0 
97 allreduce 4 0 1 
97 allreduce 1 0 0 
97 allreduce 4 0 1 
97 allreduce 1 0 0 
97 allreduce 4 0 1 
97 allreduce 1 0 0 
97 allreduce 4 0 1 
97 allreduce 1 0 0 
97 allreduce 4 0 1 
97 allreduce 1 0 0 
97 allreduce 4 0 1 
97 barrier
97 irecv 98 1100 200 0
97 irecv 96 1300 200 0
97 send 98 1300 16 0
97 send 96 1100 16 0
97 wait 99 98 1100
97 wait 97 98 1300
97 irecv 101 2100 200 0
97 irecv 125 2300 200 0
97 send 101 2300 40 0
97 send 125 2100 40 0
97 wait 102 98 2100
97 wait 126 98 2300
97 irecv 129 3100 200 0
97 irecv 65 3300 200 0
97 send 129 3300 60 0
97 send 65 3100 60 0
97 wait 130 98 3100
97 wait 66 98 3300
97 barrier
97 irecv 98 1100 200 0
97 irecv 96 1300 200 0
97 send 98 1300 16 0
97 send 96 1100 16 0
97 wait 99 98 1100
97 wait 97 98 1300
97 irecv 101 2100 200 0
97 irecv 125 2300 200 0
97 send 101 2300 40 0
97 send 125 2100 40 0
97 wait 102 98 2100
97 wait 126 98 2300
97 irecv 129 3100 200 0
97 irecv 65 3300 200 0
97 send 129 3300 60 0
97 send 65 3100 60 0
97 wait 130 98 3100
97 wait 66 98 3300
97 allreduce 1 0 0 
97 allreduce 1 0 0 
97 irecv 98 1100 200 0
97 irecv 96 1300 200 0
97 send 98 1300 4 0
97 send 96 1100 4 0
97 wait 99 98 1100
97 wait 97 98 1300
97 irecv 101 2100 200 0
97 irecv 125 2300 200 0
97 send 101 2300 12 0
97 send 125 2100 12 0
97 wait 102 98 2100
97 wait 126 98 2300
97 irecv 129 3100 200 0
97 irecv 65 3300 200 0
97 send 129 3300 24 0
97 send 65 3100 24 0
97 wait 130 98 3100
97 wait 66 98 3300
97 irecv 98 1100 200 0
97 irecv 96 1300 200 0
97 send 98 1300 1 0
97 send 96 1100 1 0
97 wait 99 98 1100
97 wait 97 98 1300
97 irecv 101 2100 200 0
97 irecv 125 2300 200 0
97 send 101 2300 4 0
97 send 125 2100 4 0
97 wait 102 98 2100
97 wait 126 98 2300
97 irecv 129 3100 200 0
97 irecv 65 3300 200 0
97 send 129 3300 12 0
97 send 65 3100 12 0
97 wait 130 98 3100
97 wait 66 98 3300
97 send 98 1300 12 0
97 send 96 1100 6 0
97 send 161 3300 12 0
97 send 33 3100 6 0
97 irecv 101 2100 200 0
97 irecv 125 2300 200 0
97 wait 102 98 2100
97 wait 126 98 2300
97 send 129 3300 24 0
97 send 65 3100 12 0
97 irecv 98 1100 200 0
97 irecv 96 1300 200 0
97 send 98 1300 1 0
97 send 96 1100 1 0
97 wait 99 98 1100
97 wait 97 98 1300
97 irecv 101 2100 200 0
97 irecv 125 2300 200 0
97 send 101 2300 4 0
97 send 125 2100 4 0
97 wait 102 98 2100
97 wait 126 98 2300
97 irecv 129 3100 200 0
97 irecv 65 3300 200 0
97 send 129 3300 12 0
97 send 65 3100 12 0
97 wait 130 98 3100
97 wait 66 98 3300
97 irecv 98 1100 200 0
97 irecv 96 1300 200 0
97 send 98 1300 1 0
97 send 96 1100 1 0
97 wait 99 98 1100
97 wait 97 98 1300
97 irecv 101 2100 200 0
97 irecv 125 2300 200 0
97 send 101 2300 4 0
97 send 125 2100 4 0
97 wait 102 98 2100
97 wait 126 98 2300
97 irecv 129 3100 200 0
97 irecv 65 3300 200 0
97 send 129 3300 12 0
97 send 65 3100 12 0
97 wait 130 98 3100
97 wait 66 98 3300
97 irecv 98 1100 200 0
97 irecv 96 1300 200 0
97 send 98 1300 4 0
97 send 96 1100 4 0
97 wait 99 98 1100
97 wait 97 98 1300
97 irecv 101 2100 200 0
97 irecv 125 2300 200 0
97 send 101 2300 12 0
97 send 125 2100 12 0
97 wait 102 98 2100
97 wait 126 98 2300
97 irecv 129 3100 200 0
97 irecv 65 3300 200 0
97 send 129 3300 24 0
97 send 65 3100 24 0
97 wait 130 98 3100
97 wait 66 98 3300
97 irecv 98 1100 200 0
97 irecv 96 1300 200 0
97 send 98 1300 4 0
97 send 96 1100 4 0
97 wait 99 98 1100
97 wait 97 98 1300
97 irecv 101 2100 200 0
97 irecv 125 2300 200 0
97 send 101 2300 12 0
97 send 125 2100 12 0
97 wait 102 98 2100
97 wait 126 98 2300
97 irecv 129 3100 200 0
97 irecv 65 3300 200 0
97 send 129 3300 24 0
97 send 65 3100 24 0
97 wait 130 98 3100
97 wait 66 98 3300
97 irecv 98 1100 200 0
97 irecv 96 1300 200 0
97 send 98 1300 16 0
97 send 96 1100 16 0
97 wait 99 98 1100
97 wait 97 98 1300
97 irecv 101 2100 200 0
97 irecv 125 2300 200 0
97 send 101 2300 40 0
97 send 125 2100 40 0
97 wait 102 98 2100
97 wait 126 98 2300
97 irecv 129 3100 200 0
97 irecv 65 3300 200 0
97 send 129 3300 60 0
97 send 65 3100 60 0
97 wait 130 98 3100
97 wait 66 98 3300
97 irecv 98 1100 200 0
97 irecv 96 1300 200 0
97 send 98 1300 16 0
97 send 96 1100 16 0
97 wait 99 98 1100
97 wait 97 98 1300
97 irecv 101 2100 200 0
97 irecv 125 2300 200 0
97 send 101 2300 40 0
97 send 125 2100 40 0
97 wait 102 98 2100
97 wait 126 98 2300
97 irecv 129 3100 200 0
97 irecv 65 3300 200 0
97 send 129 3300 60 0
97 send 65 3100 60 0
97 wait 130 98 3100
97 wait 66 98 3300
97 irecv 98 1100 200 0
97 irecv 96 1300 200 0
97 send 98 1300 16 0
97 send 96 1100 16 0
97 wait 99 98 1100
97 wait 97 98 1300
97 irecv 101 2100 200 0
97 irecv 125 2300 200 0
97 send 101 2300 40 0
97 send 125 2100 40 0
97 wait 102 98 2100
97 wait 126 98 2300
97 irecv 129 3100 200 0
97 irecv 65 3300 200 0
97 send 129 3300 60 0
97 send 65 3100 60 0
97 wait 130 98 3100
97 wait 66 98 3300
97 irecv 98 1100 200 0
97 irecv 96 1300 200 0
97 send 98 1300 4 0
97 send 96 1100 4 0
97 wait 99 98 1100
97 wait 97 98 1300
97 irecv 101 2100 200 0
97 irecv 125 2300 200 0
97 send 101 2300 12 0
97 send 125 2100 12 0
97 wait 102 98 2100
97 wait 126 98 2300
97 irecv 129 3100 200 0
97 irecv 65 3300 200 0
97 send 129 3300 24 0
97 send 65 3100 24 0
97 wait 130 98 3100
97 wait 66 98 3300
97 irecv 98 1100 200 0
97 irecv 96 1300 200 0
97 send 98 1300 1 0
97 send 96 1100 1 0
97 wait 99 98 1100
97 wait 97 98 1300
97 irecv 101 2100 200 0
97 irecv 125 2300 200 0
97 send 101 2300 4 0
97 send 125 2100 4 0
97 wait 102 98 2100
97 wait 126 98 2300
97 irecv 129 3100 200 0
97 irecv 65 3300 200 0
97 send 129 3300 12 0
97 send 65 3100 12 0
97 wait 130 98 3100
97 wait 66 98 3300
97 send 98 1300 12 0
97 send 96 1100 6 0
97 send 161 3300 12 0
97 send 33 3100 6 0
97 irecv 101 2100 200 0
97 irecv 125 2300 200 0
97 wait 102 98 2100
97 wait 126 98 2300
97 send 129 3300 24 0
97 send 65 3100 12 0
97 irecv 98 1100 200 0
97 irecv 96 1300 200 0
97 send 98 1300 1 0
97 send 96 1100 1 0
97 wait 99 98 1100
97 wait 97 98 1300
97 irecv 101 2100 200 0
97 irecv 125 2300 200 0
97 send 101 2300 4 0
97 send 125 2100 4 0
97 wait 102 98 2100
97 wait 126 98 2300
97 irecv 129 3100 200 0
97 irecv 65 3300 200 0
97 send 129 3300 12 0
97 send 65 3100 12 0
97 wait 130 98 3100
97 wait 66 98 3300
97 irecv 98 1100 200 0
97 irecv 96 1300 200 0
97 send 98 1300 1 0
97 send 96 1100 1 0
97 wait 99 98 1100
97 wait 97 98 1300
97 irecv 101 2100 200 0
97 irecv 125 2300 200 0
97 send 101 2300 4 0
97 send 125 2100 4 0
97 wait 102 98 2100
97 wait 126 98 2300
97 irecv 129 3100 200 0
97 irecv 65 3300 200 0
97 send 129 3300 12 0
97 send 65 3100 12 0
97 wait 130 98 3100
97 wait 66 98 3300
97 irecv 98 1100 200 0
97 irecv 96 1300 200 0
97 send 98 1300 4 0
97 send 96 1100 4 0
97 wait 99 98 1100
97 wait 97 98 1300
97 irecv 101 2100 200 0
97 irecv 125 2300 200 0
97 send 101 2300 12 0
97 send 125 2100 12 0
97 wait 102 98 2100
97 wait 126 98 2300
97 irecv 129 3100 200 0
97 irecv 65 3300 200 0
97 send 129 3300 24 0
97 send 65 3100 24 0
97 wait 130 98 3100
97 wait 66 98 3300
97 irecv 98 1100 200 0
97 irecv 96 1300 200 0
97 send 98 1300 4 0
97 send 96 1100 4 0
97 wait 99 98 1100
97 wait 97 98 1300
97 irecv 101 2100 200 0
97 irecv 125 2300 200 0
97 send 101 2300 12 0
97 send 125 2100 12 0
97 wait 102 98 2100
97 wait 126 98 2300
97 irecv 129 3100 200 0
97 irecv 65 3300 200 0
97 send 129 3300 24 0
97 send 65 3100 24 0
97 wait 130 98 3100
97 wait 66 98 3300
97 irecv 98 1100 200 0
97 irecv 96 1300 200 0
97 send 98 1300 16 0
97 send 96 1100 16 0
97 wait 99 98 1100
97 wait 97 98 1300
97 irecv 101 2100 200 0
97 irecv 125 2300 200 0
97 send 101 2300 40 0
97 send 125 2100 40 0
97 wait 102 98 2100
97 wait 126 98 2300
97 irecv 129 3100 200 0
97 irecv 65 3300 200 0
97 send 129 3300 60 0
97 send 65 3100 60 0
97 wait 130 98 3100
97 wait 66 98 3300
97 irecv 98 1100 200 0
97 irecv 96 1300 200 0
97 send 98 1300 16 0
97 send 96 1100 16 0
97 wait 99 98 1100
97 wait 97 98 1300
97 irecv 101 2100 200 0
97 irecv 125 2300 200 0
97 send 101 2300 40 0
97 send 125 2100 40 0
97 wait 102 98 2100
97 wait 126 98 2300
97 irecv 129 3100 200 0
97 irecv 65 3300 200 0
97 send 129 3300 60 0
97 send 65 3100 60 0
97 wait 130 98 3100
97 wait 66 98 3300
97 irecv 98 1100 200 0
97 irecv 96 1300 200 0
97 send 98 1300 16 0
97 send 96 1100 16 0
97 wait 99 98 1100
97 wait 97 98 1300
97 irecv 101 2100 200 0
97 irecv 125 2300 200 0
97 send 101 2300 40 0
97 send 125 2100 40 0
97 wait 102 98 2100
97 wait 126 98 2300
97 irecv 129 3100 200 0
97 irecv 65 3300 200 0
97 send 129 3300 60 0
97 send 65 3100 60 0
97 wait 130 98 3100
97 wait 66 98 3300
97 irecv 98 1100 200 0
97 irecv 96 1300 200 0
97 send 98 1300 4 0
97 send 96 1100 4 0
97 wait 99 98 1100
97 wait 97 98 1300
97 irecv 101 2100 200 0
97 irecv 125 2300 200 0
97 send 101 2300 12 0
97 send 125 2100 12 0
97 wait 102 98 2100
97 wait 126 98 2300
97 irecv 129 3100 200 0
97 irecv 65 3300 200 0
97 send 129 3300 24 0
97 send 65 3100 24 0
97 wait 130 98 3100
97 wait 66 98 3300
97 irecv 98 1100 200 0
97 irecv 96 1300 200 0
97 send 98 1300 1 0
97 send 96 1100 1 0
97 wait 99 98 1100
97 wait 97 98 1300
97 irecv 101 2100 200 0
97 irecv 125 2300 200 0
97 send 101 2300 4 0
97 send 125 2100 4 0
97 wait 102 98 2100
97 wait 126 98 2300
97 irecv 129 3100 200 0
97 irecv 65 3300 200 0
97 send 129 3300 12 0
97 send 65 3100 12 0
97 wait 130 98 3100
97 wait 66 98 3300
97 send 98 1300 12 0
97 send 96 1100 6 0
97 send 161 3300 12 0
97 send 33 3100 6 0
97 irecv 101 2100 200 0
97 irecv 125 2300 200 0
97 wait 102 98 2100
97 wait 126 98 2300
97 send 129 3300 24 0
97 send 65 3100 12 0
97 irecv 98 1100 200 0
97 irecv 96 1300 200 0
97 send 98 1300 1 0
97 send 96 1100 1 0
97 wait 99 98 1100
97 wait 97 98 1300
97 irecv 101 2100 200 0
97 irecv 125 2300 200 0
97 send 101 2300 4 0
97 send 125 2100 4 0
97 wait 102 98 2100
97 wait 126 98 2300
97 irecv 129 3100 200 0
97 irecv 65 3300 200 0
97 send 129 3300 12 0
97 send 65 3100 12 0
97 wait 130 98 3100
97 wait 66 98 3300
97 irecv 98 1100 200 0
97 irecv 96 1300 200 0
97 send 98 1300 1 0
97 send 96 1100 1 0
97 wait 99 98 1100
97 wait 97 98 1300
97 irecv 101 2100 200 0
97 irecv 125 2300 200 0
97 send 101 2300 4 0
97 send 125 2100 4 0
97 wait 102 98 2100
97 wait 126 98 2300
97 irecv 129 3100 200 0
97 irecv 65 3300 200 0
97 send 129 3300 12 0
97 send 65 3100 12 0
97 wait 130 98 3100
97 wait 66 98 3300
97 irecv 98 1100 200 0
97 irecv 96 1300 200 0
97 send 98 1300 4 0
97 send 96 1100 4 0
97 wait 99 98 1100
97 wait 97 98 1300
97 irecv 101 2100 200 0
97 irecv 125 2300 200 0
97 send 101 2300 12 0
97 send 125 2100 12 0
97 wait 102 98 2100
97 wait 126 98 2300
97 irecv 129 3100 200 0
97 irecv 65 3300 200 0
97 send 129 3300 24 0
97 send 65 3100 24 0
97 wait 130 98 3100
97 wait 66 98 3300
97 irecv 98 1100 200 0
97 irecv 96 1300 200 0
97 send 98 1300 4 0
97 send 96 1100 4 0
97 wait 99 98 1100
97 wait 97 98 1300
97 irecv 101 2100 200 0
97 irecv 125 2300 200 0
97 send 101 2300 12 0
97 send 125 2100 12 0
97 wait 102 98 2100
97 wait 126 98 2300
97 irecv 129 3100 200 0
97 irecv 65 3300 200 0
97 send 129 3300 24 0
97 send 65 3100 24 0
97 wait 130 98 3100
97 wait 66 98 3300
97 irecv 98 1100 200 0
97 irecv 96 1300 200 0
97 send 98 1300 16 0
97 send 96 1100 16 0
97 wait 99 98 1100
97 wait 97 98 1300
97 irecv 101 2100 200 0
97 irecv 125 2300 200 0
97 send 101 2300 40 0
97 send 125 2100 40 0
97 wait 102 98 2100
97 wait 126 98 2300
97 irecv 129 3100 200 0
97 irecv 65 3300 200 0
97 send 129 3300 60 0
97 send 65 3100 60 0
97 wait 130 98 3100
97 wait 66 98 3300
97 irecv 98 1100 200 0
97 irecv 96 1300 200 0
97 send 98 1300 16 0
97 send 96 1100 16 0
97 wait 99 98 1100
97 wait 97 98 1300
97 irecv 101 2100 200 0
97 irecv 125 2300 200 0
97 send 101 2300 40 0
97 send 125 2100 40 0
97 wait 102 98 2100
97 wait 126 98 2300
97 irecv 129 3100 200 0
97 irecv 65 3300 200 0
97 send 129 3300 60 0
97 send 65 3100 60 0
97 wait 130 98 3100
97 wait 66 98 3300
97 irecv 98 1100 200 0
97 irecv 96 1300 200 0
97 send 98 1300 16 0
97 send 96 1100 16 0
97 wait 99 98 1100
97 wait 97 98 1300
97 irecv 101 2100 200 0
97 irecv 125 2300 200 0
97 send 101 2300 40 0
97 send 125 2100 40 0
97 wait 102 98 2100
97 wait 126 98 2300
97 irecv 129 3100 200 0
97 irecv 65 3300 200 0
97 send 129 3300 60 0
97 send 65 3100 60 0
97 wait 130 98 3100
97 wait 66 98 3300
97 irecv 98 1100 200 0
97 irecv 96 1300 200 0
97 send 98 1300 4 0
97 send 96 1100 4 0
97 wait 99 98 1100
97 wait 97 98 1300
97 irecv 101 2100 200 0
97 irecv 125 2300 200 0
97 send 101 2300 12 0
97 send 125 2100 12 0
97 wait 102 98 2100
97 wait 126 98 2300
97 irecv 129 3100 200 0
97 irecv 65 3300 200 0
97 send 129 3300 24 0
97 send 65 3100 24 0
97 wait 130 98 3100
97 wait 66 98 3300
97 irecv 98 1100 200 0
97 irecv 96 1300 200 0
97 send 98 1300 1 0
97 send 96 1100 1 0
97 wait 99 98 1100
97 wait 97 98 1300
97 irecv 101 2100 200 0
97 irecv 125 2300 200 0
97 send 101 2300 4 0
97 send 125 2100 4 0
97 wait 102 98 2100
97 wait 126 98 2300
97 irecv 129 3100 200 0
97 irecv 65 3300 200 0
97 send 129 3300 12 0
97 send 65 3100 12 0
97 wait 130 98 3100
97 wait 66 98 3300
97 send 98 1300 12 0
97 send 96 1100 6 0
97 send 161 3300 12 0
97 send 33 3100 6 0
97 irecv 101 2100 200 0
97 irecv 125 2300 200 0
97 wait 102 98 2100
97 wait 126 98 2300
97 send 129 3300 24 0
97 send 65 3100 12 0
97 irecv 98 1100 200 0
97 irecv 96 1300 200 0
97 send 98 1300 1 0
97 send 96 1100 1 0
97 wait 99 98 1100
97 wait 97 98 1300
97 irecv 101 2100 200 0
97 irecv 125 2300 200 0
97 send 101 2300 4 0
97 send 125 2100 4 0
97 wait 102 98 2100
97 wait 126 98 2300
97 irecv 129 3100 200 0
97 irecv 65 3300 200 0
97 send 129 3300 12 0
97 send 65 3100 12 0
97 wait 130 98 3100
97 wait 66 98 3300
97 irecv 98 1100 200 0
97 irecv 96 1300 200 0
97 send 98 1300 1 0
97 send 96 1100 1 0
97 wait 99 98 1100
97 wait 97 98 1300
97 irecv 101 2100 200 0
97 irecv 125 2300 200 0
97 send 101 2300 4 0
97 send 125 2100 4 0
97 wait 102 98 2100
97 wait 126 98 2300
97 irecv 129 3100 200 0
97 irecv 65 3300 200 0
97 send 129 3300 12 0
97 send 65 3100 12 0
97 wait 130 98 3100
97 wait 66 98 3300
97 irecv 98 1100 200 0
97 irecv 96 1300 200 0
97 send 98 1300 4 0
97 send 96 1100 4 0
97 wait 99 98 1100
97 wait 97 98 1300
97 irecv 101 2100 200 0
97 irecv 125 2300 200 0
97 send 101 2300 12 0
97 send 125 2100 12 0
97 wait 102 98 2100
97 wait 126 98 2300
97 irecv 129 3100 200 0
97 irecv 65 3300 200 0
97 send 129 3300 24 0
97 send 65 3100 24 0
97 wait 130 98 3100
97 wait 66 98 3300
97 irecv 98 1100 200 0
97 irecv 96 1300 200 0
97 send 98 1300 4 0
97 send 96 1100 4 0
97 wait 99 98 1100
97 wait 97 98 1300
97 irecv 101 2100 200 0
97 irecv 125 2300 200 0
97 send 101 2300 12 0
97 send 125 2100 12 0
97 wait 102 98 2100
97 wait 126 98 2300
97 irecv 129 3100 200 0
97 irecv 65 3300 200 0
97 send 129 3300 24 0
97 send 65 3100 24 0
97 wait 130 98 3100
97 wait 66 98 3300
97 irecv 98 1100 200 0
97 irecv 96 1300 200 0
97 send 98 1300 16 0
97 send 96 1100 16 0
97 wait 99 98 1100
97 wait 97 98 1300
97 irecv 101 2100 200 0
97 irecv 125 2300 200 0
97 send 101 2300 40 0
97 send 125 2100 40 0
97 wait 102 98 2100
97 wait 126 98 2300
97 irecv 129 3100 200 0
97 irecv 65 3300 200 0
97 send 129 3300 60 0
97 send 65 3100 60 0
97 wait 130 98 3100
97 wait 66 98 3300
97 irecv 98 1100 200 0
97 irecv 96 1300 200 0
97 send 98 1300 16 0
97 send 96 1100 16 0
97 wait 99 98 1100
97 wait 97 98 1300
97 irecv 101 2100 200 0
97 irecv 125 2300 200 0
97 send 101 2300 40 0
97 send 125 2100 40 0
97 wait 102 98 2100
97 wait 126 98 2300
97 irecv 129 3100 200 0
97 irecv 65 3300 200 0
97 send 129 3300 60 0
97 send 65 3100 60 0
97 wait 130 98 3100
97 wait 66 98 3300
97 irecv 98 1100 200 0
97 irecv 96 1300 200 0
97 send 98 1300 16 0
97 send 96 1100 16 0
97 wait 99 98 1100
97 wait 97 98 1300
97 irecv 101 2100 200 0
97 irecv 125 2300 200 0
97 send 101 2300 40 0
97 send 125 2100 40 0
97 wait 102 98 2100
97 wait 126 98 2300
97 irecv 129 3100 200 0
97 irecv 65 3300 200 0
97 send 129 3300 60 0
97 send 65 3100 60 0
97 wait 130 98 3100
97 wait 66 98 3300
97 allreduce 1 0 0 
97 allreduce 1 0 0 
97 reduce 1 0 0 0 
97 finalize
