36 init
36 barrier
36 bcast 1 0 1 
36 bcast 1 0 1 
36 bcast 1 0 1 
36 bcast 1 0 1 
36 bcast 1 0 1 
36 bcast 8 0 1 
36 bcast 1 0 16 
36 barrier
36 allreduce 1 0 0 
36 allreduce 4 0 1 
36 allreduce 1 0 0 
36 allreduce 4 0 1 
36 allreduce 1 0 0 
36 allreduce 4 0 1 
36 allreduce 1 0 0 
36 allreduce 4 0 1 
36 allreduce 1 0 0 
36 allreduce 4 0 1 
36 allreduce 1 0 0 
36 allreduce 4 0 1 
36 allreduce 1 0 0 
36 allreduce 4 0 1 
36 allreduce 1 0 0 
36 allreduce 4 0 1 
36 allreduce 1 0 0 
36 allreduce 4 0 1 
36 allreduce 1 0 0 
36 allreduce 4 0 1 
36 allreduce 1 0 0 
36 allreduce 4 0 1 
36 allreduce 1 0 0 
36 allreduce 4 0 1 
36 allreduce 1 0 0 
36 allreduce 4 0 1 
36 allreduce 1 0 0 
36 allreduce 4 0 1 
36 allreduce 1 0 0 
36 allreduce 4 0 1 
36 allreduce 1 0 0 
36 allreduce 4 0 1 
36 allreduce 1 0 0 
36 allreduce 4 0 1 
36 allreduce 1 0 0 
36 allreduce 4 0 1 
36 allreduce 1 0 0 
36 allreduce 4 0 1 
36 allreduce 1 0 0 
36 allreduce 4 0 1 
36 barrier
36 irecv 37 1100 200 0
36 irecv 39 1300 200 0
36 send 37 1300 16 0
36 send 39 1100 16 0
36 wait 38 37 1100
36 wait 40 37 1300
36 irecv 40 2100 200 0
36 irecv 32 2300 200 0
36 send 40 2300 40 0
36 send 32 2100 40 0
36 wait 41 37 2100
36 wait 33 37 2300
36 irecv 68 3100 200 0
36 irecv 4 3300 200 0
36 send 68 3300 60 0
36 send 4 3100 60 0
36 wait 69 37 3100
36 wait 5 37 3300
36 allreduce 1 0 0 
36 allreduce 1 0 0 
36 irecv 37 1100 200 0
36 irecv 39 1300 200 0
36 send 37 1300 16 0
36 send 39 1100 16 0
36 wait 38 37 1100
36 wait 40 37 1300
36 irecv 40 2100 200 0
36 irecv 32 2300 200 0
36 send 40 2300 40 0
36 send 32 2100 40 0
36 wait 41 37 2100
36 wait 33 37 2300
36 irecv 68 3100 200 0
36 irecv 4 3300 200 0
36 send 68 3300 60 0
36 send 4 3100 60 0
36 wait 69 37 3100
36 wait 5 37 3300
36 allreduce 1 0 0 
36 allreduce 1 0 0 
36 irecv 37 1100 200 0
36 irecv 39 1300 200 0
36 send 37 1300 4 0
36 send 39 1100 4 0
36 wait 38 37 1100
36 wait 40 37 1300
36 irecv 40 2100 200 0
36 irecv 32 2300 200 0
36 send 40 2300 12 0
36 send 32 2100 12 0
36 wait 41 37 2100
36 wait 33 37 2300
36 irecv 68 3100 200 0
36 irecv 4 3300 200 0
36 send 68 3300 24 0
36 send 4 3100 24 0
36 wait 69 37 3100
36 wait 5 37 3300
36 irecv 37 1100 200 0
36 irecv 39 1300 200 0
36 send 37 1300 1 0
36 send 39 1100 1 0
36 wait 38 37 1100
36 wait 40 37 1300
36 irecv 40 2100 200 0
36 irecv 32 2300 200 0
36 send 40 2300 4 0
36 send 32 2100 4 0
36 wait 41 37 2100
36 wait 33 37 2300
36 irecv 68 3100 200 0
36 irecv 4 3300 200 0
36 send 68 3300 12 0
36 send 4 3100 12 0
36 wait 69 37 3100
36 wait 5 37 3300
36 irecv 37 1100 200 0
36 irecv 39 1300 200 0
36 send 37 1300 1 0
36 send 39 1100 1 0
36 wait 38 37 1100
36 wait 40 37 1300
36 irecv 44 2100 200 0
36 irecv 60 2300 200 0
36 send 44 2300 3 0
36 send 60 2100 3 0
36 wait 45 37 2100
36 wait 61 37 2300
36 irecv 100 3100 200 0
36 irecv 228 3300 200 0
36 send 100 3300 9 0
36 send 228 3100 9 0
36 wait 101 37 3100
36 wait 229 37 3300
36 irecv 37 1100 200 0
36 irecv 39 1300 200 0
36 wait 38 37 1100
36 wait 40 37 1300
36 irecv 44 2100 200 0
36 irecv 60 2300 200 0
36 wait 45 37 2100
36 wait 61 37 2300
36 irecv 100 3100 200 0
36 irecv 228 3300 200 0
36 wait 101 37 3100
36 wait 229 37 3300
36 irecv 37 1100 200 0
36 irecv 39 1300 200 0
36 send 37 1300 1 0
36 send 39 1100 1 0
36 wait 38 37 1100
36 wait 40 37 1300
36 irecv 44 2100 200 0
36 irecv 60 2300 200 0
36 send 44 2300 3 0
36 send 60 2100 3 0
36 wait 45 37 2100
36 wait 61 37 2300
36 irecv 100 3100 200 0
36 irecv 228 3300 200 0
36 send 100 3300 9 0
36 send 228 3100 9 0
36 wait 101 37 3100
36 wait 229 37 3300
36 irecv 37 1100 200 0
36 irecv 39 1300 200 0
36 send 37 1300 1 0
36 send 39 1100 1 0
36 wait 38 37 1100
36 wait 40 37 1300
36 irecv 44 2100 200 0
36 irecv 60 2300 200 0
36 send 44 2300 3 0
36 send 60 2100 3 0
36 wait 45 37 2100
36 wait 61 37 2300
36 irecv 100 3100 200 0
36 irecv 228 3300 200 0
36 send 100 3300 9 0
36 send 228 3100 9 0
36 wait 101 37 3100
36 wait 229 37 3300
36 send 40 2300 24 0
36 send 32 2100 12 0
36 send 68 3300 24 0
36 send 4 3100 12 0
36 irecv 37 1100 200 0
36 irecv 39 1300 200 0
36 send 37 1300 1 0
36 send 39 1100 1 0
36 wait 38 37 1100
36 wait 40 37 1300
36 irecv 40 2100 200 0
36 irecv 32 2300 200 0
36 send 40 2300 4 0
36 send 32 2100 4 0
36 wait 41 37 2100
36 wait 33 37 2300
36 irecv 68 3100 200 0
36 irecv 4 3300 200 0
36 send 68 3300 12 0
36 send 4 3100 12 0
36 wait 69 37 3100
36 wait 5 37 3300
36 irecv 37 1100 200 0
36 irecv 39 1300 200 0
36 send 37 1300 1 0
36 send 39 1100 1 0
36 wait 38 37 1100
36 wait 40 37 1300
36 irecv 40 2100 200 0
36 irecv 32 2300 200 0
36 send 40 2300 4 0
36 send 32 2100 4 0
36 wait 41 37 2100
36 wait 33 37 2300
36 irecv 68 3100 200 0
36 irecv 4 3300 200 0
36 send 68 3300 12 0
36 send 4 3100 12 0
36 wait 69 37 3100
36 wait 5 37 3300
36 irecv 37 1100 200 0
36 irecv 39 1300 200 0
36 send 37 1300 4 0
36 send 39 1100 4 0
36 wait 38 37 1100
36 wait 40 37 1300
36 irecv 40 2100 200 0
36 irecv 32 2300 200 0
36 send 40 2300 12 0
36 send 32 2100 12 0
36 wait 41 37 2100
36 wait 33 37 2300
36 irecv 68 3100 200 0
36 irecv 4 3300 200 0
36 send 68 3300 24 0
36 send 4 3100 24 0
36 wait 69 37 3100
36 wait 5 37 3300
36 irecv 37 1100 200 0
36 irecv 39 1300 200 0
36 send 37 1300 4 0
36 send 39 1100 4 0
36 wait 38 37 1100
36 wait 40 37 1300
36 irecv 40 2100 200 0
36 irecv 32 2300 200 0
36 send 40 2300 12 0
36 send 32 2100 12 0
36 wait 41 37 2100
36 wait 33 37 2300
36 irecv 68 3100 200 0
36 irecv 4 3300 200 0
36 send 68 3300 24 0
36 send 4 3100 24 0
36 wait 69 37 3100
36 wait 5 37 3300
36 irecv 37 1100 200 0
36 irecv 39 1300 200 0
36 send 37 1300 16 0
36 send 39 1100 16 0
36 wait 38 37 1100
36 wait 40 37 1300
36 irecv 40 2100 200 0
36 irecv 32 2300 200 0
36 send 40 2300 40 0
36 send 32 2100 40 0
36 wait 41 37 2100
36 wait 33 37 2300
36 irecv 68 3100 200 0
36 irecv 4 3300 200 0
36 send 68 3300 60 0
36 send 4 3100 60 0
36 wait 69 37 3100
36 wait 5 37 3300
36 irecv 37 1100 200 0
36 irecv 39 1300 200 0
36 send 37 1300 16 0
36 send 39 1100 16 0
36 wait 38 37 1100
36 wait 40 37 1300
36 irecv 40 2100 200 0
36 irecv 32 2300 200 0
36 send 40 2300 40 0
36 send 32 2100 40 0
36 wait 41 37 2100
36 wait 33 37 2300
36 irecv 68 3100 200 0
36 irecv 4 3300 200 0
36 send 68 3300 60 0
36 send 4 3100 60 0
36 wait 69 37 3100
36 wait 5 37 3300
36 irecv 37 1100 200 0
36 irecv 39 1300 200 0
36 send 37 1300 16 0
36 send 39 1100 16 0
36 wait 38 37 1100
36 wait 40 37 1300
36 irecv 40 2100 200 0
36 irecv 32 2300 200 0
36 send 40 2300 40 0
36 send 32 2100 40 0
36 wait 41 37 2100
36 wait 33 37 2300
36 irecv 68 3100 200 0
36 irecv 4 3300 200 0
36 send 68 3300 60 0
36 send 4 3100 60 0
36 wait 69 37 3100
36 wait 5 37 3300
36 barrier
36 allreduce 1 0 0 
36 allreduce 4 0 1 
36 allreduce 1 0 0 
36 allreduce 4 0 1 
36 allreduce 1 0 0 
36 allreduce 4 0 1 
36 allreduce 1 0 0 
36 allreduce 4 0 1 
36 allreduce 1 0 0 
36 allreduce 4 0 1 
36 allreduce 1 0 0 
36 allreduce 4 0 1 
36 allreduce 1 0 0 
36 allreduce 4 0 1 
36 allreduce 1 0 0 
36 allreduce 4 0 1 
36 allreduce 1 0 0 
36 allreduce 4 0 1 
36 allreduce 1 0 0 
36 allreduce 4 0 1 
36 allreduce 1 0 0 
36 allreduce 4 0 1 
36 allreduce 1 0 0 
36 allreduce 4 0 1 
36 allreduce 1 0 0 
36 allreduce 4 0 1 
36 allreduce 1 0 0 
36 allreduce 4 0 1 
36 allreduce 1 0 0 
36 allreduce 4 0 1 
36 allreduce 1 0 0 
36 allreduce 4 0 1 
36 allreduce 1 0 0 
36 allreduce 4 0 1 
36 allreduce 1 0 0 
36 allreduce 4 0 1 
36 allreduce 1 0 0 
36 allreduce 4 0 1 
36 allreduce 1 0 0 
36 allreduce 4 0 1 
36 barrier
36 irecv 37 1100 200 0
36 irecv 39 1300 200 0
36 send 37 1300 16 0
36 send 39 1100 16 0
36 wait 38 37 1100
36 wait 40 37 1300
36 irecv 40 2100 200 0
36 irecv 32 2300 200 0
36 send 40 2300 40 0
36 send 32 2100 40 0
36 wait 41 37 2100
36 wait 33 37 2300
36 irecv 68 3100 200 0
36 irecv 4 3300 200 0
36 send 68 3300 60 0
36 send 4 3100 60 0
36 wait 69 37 3100
36 wait 5 37 3300
36 barrier
36 irecv 37 1100 200 0
36 irecv 39 1300 200 0
36 send 37 1300 16 0
36 send 39 1100 16 0
36 wait 38 37 1100
36 wait 40 37 1300
36 irecv 40 2100 200 0
36 irecv 32 2300 200 0
36 send 40 2300 40 0
36 send 32 2100 40 0
36 wait 41 37 2100
36 wait 33 37 2300
36 irecv 68 3100 200 0
36 irecv 4 3300 200 0
36 send 68 3300 60 0
36 send 4 3100 60 0
36 wait 69 37 3100
36 wait 5 37 3300
36 allreduce 1 0 0 
36 allreduce 1 0 0 
36 irecv 37 1100 200 0
36 irecv 39 1300 200 0
36 send 37 1300 4 0
36 send 39 1100 4 0
36 wait 38 37 1100
36 wait 40 37 1300
36 irecv 40 2100 200 0
36 irecv 32 2300 200 0
36 send 40 2300 12 0
36 send 32 2100 12 0
36 wait 41 37 2100
36 wait 33 37 2300
36 irecv 68 3100 200 0
36 irecv 4 3300 200 0
36 send 68 3300 24 0
36 send 4 3100 24 0
36 wait 69 37 3100
36 wait 5 37 3300
36 irecv 37 1100 200 0
36 irecv 39 1300 200 0
36 send 37 1300 1 0
36 send 39 1100 1 0
36 wait 38 37 1100
36 wait 40 37 1300
36 irecv 40 2100 200 0
36 irecv 32 2300 200 0
36 send 40 2300 4 0
36 send 32 2100 4 0
36 wait 41 37 2100
36 wait 33 37 2300
36 irecv 68 3100 200 0
36 irecv 4 3300 200 0
36 send 68 3300 12 0
36 send 4 3100 12 0
36 wait 69 37 3100
36 wait 5 37 3300
36 irecv 37 1100 200 0
36 irecv 39 1300 200 0
36 send 37 1300 1 0
36 send 39 1100 1 0
36 wait 38 37 1100
36 wait 40 37 1300
36 irecv 44 2100 200 0
36 irecv 60 2300 200 0
36 send 44 2300 3 0
36 send 60 2100 3 0
36 wait 45 37 2100
36 wait 61 37 2300
36 irecv 100 3100 200 0
36 irecv 228 3300 200 0
36 send 100 3300 9 0
36 send 228 3100 9 0
36 wait 101 37 3100
36 wait 229 37 3300
36 irecv 37 1100 200 0
36 irecv 39 1300 200 0
36 wait 38 37 1100
36 wait 40 37 1300
36 irecv 44 2100 200 0
36 irecv 60 2300 200 0
36 wait 45 37 2100
36 wait 61 37 2300
36 irecv 100 3100 200 0
36 irecv 228 3300 200 0
36 wait 101 37 3100
36 wait 229 37 3300
36 irecv 37 1100 200 0
36 irecv 39 1300 200 0
36 send 37 1300 1 0
36 send 39 1100 1 0
36 wait 38 37 1100
36 wait 40 37 1300
36 irecv 44 2100 200 0
36 irecv 60 2300 200 0
36 send 44 2300 3 0
36 send 60 2100 3 0
36 wait 45 37 2100
36 wait 61 37 2300
36 irecv 100 3100 200 0
36 irecv 228 3300 200 0
36 send 100 3300 9 0
36 send 228 3100 9 0
36 wait 101 37 3100
36 wait 229 37 3300
36 irecv 37 1100 200 0
36 irecv 39 1300 200 0
36 send 37 1300 1 0
36 send 39 1100 1 0
36 wait 38 37 1100
36 wait 40 37 1300
36 irecv 44 2100 200 0
36 irecv 60 2300 200 0
36 send 44 2300 3 0
36 send 60 2100 3 0
36 wait 45 37 2100
36 wait 61 37 2300
36 irecv 100 3100 200 0
36 irecv 228 3300 200 0
36 send 100 3300 9 0
36 send 228 3100 9 0
36 wait 101 37 3100
36 wait 229 37 3300
36 send 40 2300 24 0
36 send 32 2100 12 0
36 send 68 3300 24 0
36 send 4 3100 12 0
36 irecv 37 1100 200 0
36 irecv 39 1300 200 0
36 send 37 1300 1 0
36 send 39 1100 1 0
36 wait 38 37 1100
36 wait 40 37 1300
36 irecv 40 2100 200 0
36 irecv 32 2300 200 0
36 send 40 2300 4 0
36 send 32 2100 4 0
36 wait 41 37 2100
36 wait 33 37 2300
36 irecv 68 3100 200 0
36 irecv 4 3300 200 0
36 send 68 3300 12 0
36 send 4 3100 12 0
36 wait 69 37 3100
36 wait 5 37 3300
36 irecv 37 1100 200 0
36 irecv 39 1300 200 0
36 send 37 1300 1 0
36 send 39 1100 1 0
36 wait 38 37 1100
36 wait 40 37 1300
36 irecv 40 2100 200 0
36 irecv 32 2300 200 0
36 send 40 2300 4 0
36 send 32 2100 4 0
36 wait 41 37 2100
36 wait 33 37 2300
36 irecv 68 3100 200 0
36 irecv 4 3300 200 0
36 send 68 3300 12 0
36 send 4 3100 12 0
36 wait 69 37 3100
36 wait 5 37 3300
36 irecv 37 1100 200 0
36 irecv 39 1300 200 0
36 send 37 1300 4 0
36 send 39 1100 4 0
36 wait 38 37 1100
36 wait 40 37 1300
36 irecv 40 2100 200 0
36 irecv 32 2300 200 0
36 send 40 2300 12 0
36 send 32 2100 12 0
36 wait 41 37 2100
36 wait 33 37 2300
36 irecv 68 3100 200 0
36 irecv 4 3300 200 0
36 send 68 3300 24 0
36 send 4 3100 24 0
36 wait 69 37 3100
36 wait 5 37 3300
36 irecv 37 1100 200 0
36 irecv 39 1300 200 0
36 send 37 1300 4 0
36 send 39 1100 4 0
36 wait 38 37 1100
36 wait 40 37 1300
36 irecv 40 2100 200 0
36 irecv 32 2300 200 0
36 send 40 2300 12 0
36 send 32 2100 12 0
36 wait 41 37 2100
36 wait 33 37 2300
36 irecv 68 3100 200 0
36 irecv 4 3300 200 0
36 send 68 3300 24 0
36 send 4 3100 24 0
36 wait 69 37 3100
36 wait 5 37 3300
36 irecv 37 1100 200 0
36 irecv 39 1300 200 0
36 send 37 1300 16 0
36 send 39 1100 16 0
36 wait 38 37 1100
36 wait 40 37 1300
36 irecv 40 2100 200 0
36 irecv 32 2300 200 0
36 send 40 2300 40 0
36 send 32 2100 40 0
36 wait 41 37 2100
36 wait 33 37 2300
36 irecv 68 3100 200 0
36 irecv 4 3300 200 0
36 send 68 3300 60 0
36 send 4 3100 60 0
36 wait 69 37 3100
36 wait 5 37 3300
36 irecv 37 1100 200 0
36 irecv 39 1300 200 0
36 send 37 1300 16 0
36 send 39 1100 16 0
36 wait 38 37 1100
36 wait 40 37 1300
36 irecv 40 2100 200 0
36 irecv 32 2300 200 0
36 send 40 2300 40 0
36 send 32 2100 40 0
36 wait 41 37 2100
36 wait 33 37 2300
36 irecv 68 3100 200 0
36 irecv 4 3300 200 0
36 send 68 3300 60 0
36 send 4 3100 60 0
36 wait 69 37 3100
36 wait 5 37 3300
36 irecv 37 1100 200 0
36 irecv 39 1300 200 0
36 send 37 1300 16 0
36 send 39 1100 16 0
36 wait 38 37 1100
36 wait 40 37 1300
36 irecv 40 2100 200 0
36 irecv 32 2300 200 0
36 send 40 2300 40 0
36 send 32 2100 40 0
36 wait 41 37 2100
36 wait 33 37 2300
36 irecv 68 3100 200 0
36 irecv 4 3300 200 0
36 send 68 3300 60 0
36 send 4 3100 60 0
36 wait 69 37 3100
36 wait 5 37 3300
36 irecv 37 1100 200 0
36 irecv 39 1300 200 0
36 send 37 1300 4 0
36 send 39 1100 4 0
36 wait 38 37 1100
36 wait 40 37 1300
36 irecv 40 2100 200 0
36 irecv 32 2300 200 0
36 send 40 2300 12 0
36 send 32 2100 12 0
36 wait 41 37 2100
36 wait 33 37 2300
36 irecv 68 3100 200 0
36 irecv 4 3300 200 0
36 send 68 3300 24 0
36 send 4 3100 24 0
36 wait 69 37 3100
36 wait 5 37 3300
36 irecv 37 1100 200 0
36 irecv 39 1300 200 0
36 send 37 1300 1 0
36 send 39 1100 1 0
36 wait 38 37 1100
36 wait 40 37 1300
36 irecv 40 2100 200 0
36 irecv 32 2300 200 0
36 send 40 2300 4 0
36 send 32 2100 4 0
36 wait 41 37 2100
36 wait 33 37 2300
36 irecv 68 3100 200 0
36 irecv 4 3300 200 0
36 send 68 3300 12 0
36 send 4 3100 12 0
36 wait 69 37 3100
36 wait 5 37 3300
36 irecv 37 1100 200 0
36 irecv 39 1300 200 0
36 send 37 1300 1 0
36 send 39 1100 1 0
36 wait 38 37 1100
36 wait 40 37 1300
36 irecv 44 2100 200 0
36 irecv 60 2300 200 0
36 send 44 2300 3 0
36 send 60 2100 3 0
36 wait 45 37 2100
36 wait 61 37 2300
36 irecv 100 3100 200 0
36 irecv 228 3300 200 0
36 send 100 3300 9 0
36 send 228 3100 9 0
36 wait 101 37 3100
36 wait 229 37 3300
36 irecv 37 1100 200 0
36 irecv 39 1300 200 0
36 wait 38 37 1100
36 wait 40 37 1300
36 irecv 44 2100 200 0
36 irecv 60 2300 200 0
36 wait 45 37 2100
36 wait 61 37 2300
36 irecv 100 3100 200 0
36 irecv 228 3300 200 0
36 wait 101 37 3100
36 wait 229 37 3300
36 irecv 37 1100 200 0
36 irecv 39 1300 200 0
36 send 37 1300 1 0
36 send 39 1100 1 0
36 wait 38 37 1100
36 wait 40 37 1300
36 irecv 44 2100 200 0
36 irecv 60 2300 200 0
36 send 44 2300 3 0
36 send 60 2100 3 0
36 wait 45 37 2100
36 wait 61 37 2300
36 irecv 100 3100 200 0
36 irecv 228 3300 200 0
36 send 100 3300 9 0
36 send 228 3100 9 0
36 wait 101 37 3100
36 wait 229 37 3300
36 irecv 37 1100 200 0
36 irecv 39 1300 200 0
36 send 37 1300 1 0
36 send 39 1100 1 0
36 wait 38 37 1100
36 wait 40 37 1300
36 irecv 44 2100 200 0
36 irecv 60 2300 200 0
36 send 44 2300 3 0
36 send 60 2100 3 0
36 wait 45 37 2100
36 wait 61 37 2300
36 irecv 100 3100 200 0
36 irecv 228 3300 200 0
36 send 100 3300 9 0
36 send 228 3100 9 0
36 wait 101 37 3100
36 wait 229 37 3300
36 send 40 2300 24 0
36 send 32 2100 12 0
36 send 68 3300 24 0
36 send 4 3100 12 0
36 irecv 37 1100 200 0
36 irecv 39 1300 200 0
36 send 37 1300 1 0
36 send 39 1100 1 0
36 wait 38 37 1100
36 wait 40 37 1300
36 irecv 40 2100 200 0
36 irecv 32 2300 200 0
36 send 40 2300 4 0
36 send 32 2100 4 0
36 wait 41 37 2100
36 wait 33 37 2300
36 irecv 68 3100 200 0
36 irecv 4 3300 200 0
36 send 68 3300 12 0
36 send 4 3100 12 0
36 wait 69 37 3100
36 wait 5 37 3300
36 irecv 37 1100 200 0
36 irecv 39 1300 200 0
36 send 37 1300 1 0
36 send 39 1100 1 0
36 wait 38 37 1100
36 wait 40 37 1300
36 irecv 40 2100 200 0
36 irecv 32 2300 200 0
36 send 40 2300 4 0
36 send 32 2100 4 0
36 wait 41 37 2100
36 wait 33 37 2300
36 irecv 68 3100 200 0
36 irecv 4 3300 200 0
36 send 68 3300 12 0
36 send 4 3100 12 0
36 wait 69 37 3100
36 wait 5 37 3300
36 irecv 37 1100 200 0
36 irecv 39 1300 200 0
36 send 37 1300 4 0
36 send 39 1100 4 0
36 wait 38 37 1100
36 wait 40 37 1300
36 irecv 40 2100 200 0
36 irecv 32 2300 200 0
36 send 40 2300 12 0
36 send 32 2100 12 0
36 wait 41 37 2100
36 wait 33 37 2300
36 irecv 68 3100 200 0
36 irecv 4 3300 200 0
36 send 68 3300 24 0
36 send 4 3100 24 0
36 wait 69 37 3100
36 wait 5 37 3300
36 irecv 37 1100 200 0
36 irecv 39 1300 200 0
36 send 37 1300 4 0
36 send 39 1100 4 0
36 wait 38 37 1100
36 wait 40 37 1300
36 irecv 40 2100 200 0
36 irecv 32 2300 200 0
36 send 40 2300 12 0
36 send 32 2100 12 0
36 wait 41 37 2100
36 wait 33 37 2300
36 irecv 68 3100 200 0
36 irecv 4 3300 200 0
36 send 68 3300 24 0
36 send 4 3100 24 0
36 wait 69 37 3100
36 wait 5 37 3300
36 irecv 37 1100 200 0
36 irecv 39 1300 200 0
36 send 37 1300 16 0
36 send 39 1100 16 0
36 wait 38 37 1100
36 wait 40 37 1300
36 irecv 40 2100 200 0
36 irecv 32 2300 200 0
36 send 40 2300 40 0
36 send 32 2100 40 0
36 wait 41 37 2100
36 wait 33 37 2300
36 irecv 68 3100 200 0
36 irecv 4 3300 200 0
36 send 68 3300 60 0
36 send 4 3100 60 0
36 wait 69 37 3100
36 wait 5 37 3300
36 irecv 37 1100 200 0
36 irecv 39 1300 200 0
36 send 37 1300 16 0
36 send 39 1100 16 0
36 wait 38 37 1100
36 wait 40 37 1300
36 irecv 40 2100 200 0
36 irecv 32 2300 200 0
36 send 40 2300 40 0
36 send 32 2100 40 0
36 wait 41 37 2100
36 wait 33 37 2300
36 irecv 68 3100 200 0
36 irecv 4 3300 200 0
36 send 68 3300 60 0
36 send 4 3100 60 0
36 wait 69 37 3100
36 wait 5 37 3300
36 irecv 37 1100 200 0
36 irecv 39 1300 200 0
36 send 37 1300 16 0
36 send 39 1100 16 0
36 wait 38 37 1100
36 wait 40 37 1300
36 irecv 40 2100 200 0
36 irecv 32 2300 200 0
36 send 40 2300 40 0
36 send 32 2100 40 0
36 wait 41 37 2100
36 wait 33 37 2300
36 irecv 68 3100 200 0
36 irecv 4 3300 200 0
36 send 68 3300 60 0
36 send 4 3100 60 0
36 wait 69 37 3100
36 wait 5 37 3300
36 irecv 37 1100 200 0
36 irecv 39 1300 200 0
36 send 37 1300 4 0
36 send 39 1100 4 0
36 wait 38 37 1100
36 wait 40 37 1300
36 irecv 40 2100 200 0
36 irecv 32 2300 200 0
36 send 40 2300 12 0
36 send 32 2100 12 0
36 wait 41 37 2100
36 wait 33 37 2300
36 irecv 68 3100 200 0
36 irecv 4 3300 200 0
36 send 68 3300 24 0
36 send 4 3100 24 0
36 wait 69 37 3100
36 wait 5 37 3300
36 irecv 37 1100 200 0
36 irecv 39 1300 200 0
36 send 37 1300 1 0
36 send 39 1100 1 0
36 wait 38 37 1100
36 wait 40 37 1300
36 irecv 40 2100 200 0
36 irecv 32 2300 200 0
36 send 40 2300 4 0
36 send 32 2100 4 0
36 wait 41 37 2100
36 wait 33 37 2300
36 irecv 68 3100 200 0
36 irecv 4 3300 200 0
36 send 68 3300 12 0
36 send 4 3100 12 0
36 wait 69 37 3100
36 wait 5 37 3300
36 irecv 37 1100 200 0
36 irecv 39 1300 200 0
36 send 37 1300 1 0
36 send 39 1100 1 0
36 wait 38 37 1100
36 wait 40 37 1300
36 irecv 44 2100 200 0
36 irecv 60 2300 200 0
36 send 44 2300 3 0
36 send 60 2100 3 0
36 wait 45 37 2100
36 wait 61 37 2300
36 irecv 100 3100 200 0
36 irecv 228 3300 200 0
36 send 100 3300 9 0
36 send 228 3100 9 0
36 wait 101 37 3100
36 wait 229 37 3300
36 irecv 37 1100 200 0
36 irecv 39 1300 200 0
36 wait 38 37 1100
36 wait 40 37 1300
36 irecv 44 2100 200 0
36 irecv 60 2300 200 0
36 wait 45 37 2100
36 wait 61 37 2300
36 irecv 100 3100 200 0
36 irecv 228 3300 200 0
36 wait 101 37 3100
36 wait 229 37 3300
36 irecv 37 1100 200 0
36 irecv 39 1300 200 0
36 send 37 1300 1 0
36 send 39 1100 1 0
36 wait 38 37 1100
36 wait 40 37 1300
36 irecv 44 2100 200 0
36 irecv 60 2300 200 0
36 send 44 2300 3 0
36 send 60 2100 3 0
36 wait 45 37 2100
36 wait 61 37 2300
36 irecv 100 3100 200 0
36 irecv 228 3300 200 0
36 send 100 3300 9 0
36 send 228 3100 9 0
36 wait 101 37 3100
36 wait 229 37 3300
36 irecv 37 1100 200 0
36 irecv 39 1300 200 0
36 send 37 1300 1 0
36 send 39 1100 1 0
36 wait 38 37 1100
36 wait 40 37 1300
36 irecv 44 2100 200 0
36 irecv 60 2300 200 0
36 send 44 2300 3 0
36 send 60 2100 3 0
36 wait 45 37 2100
36 wait 61 37 2300
36 irecv 100 3100 200 0
36 irecv 228 3300 200 0
36 send 100 3300 9 0
36 send 228 3100 9 0
36 wait 101 37 3100
36 wait 229 37 3300
36 send 40 2300 24 0
36 send 32 2100 12 0
36 send 68 3300 24 0
36 send 4 3100 12 0
36 irecv 37 1100 200 0
36 irecv 39 1300 200 0
36 send 37 1300 1 0
36 send 39 1100 1 0
36 wait 38 37 1100
36 wait 40 37 1300
36 irecv 40 2100 200 0
36 irecv 32 2300 200 0
36 send 40 2300 4 0
36 send 32 2100 4 0
36 wait 41 37 2100
36 wait 33 37 2300
36 irecv 68 3100 200 0
36 irecv 4 3300 200 0
36 send 68 3300 12 0
36 send 4 3100 12 0
36 wait 69 37 3100
36 wait 5 37 3300
36 irecv 37 1100 200 0
36 irecv 39 1300 200 0
36 send 37 1300 1 0
36 send 39 1100 1 0
36 wait 38 37 1100
36 wait 40 37 1300
36 irecv 40 2100 200 0
36 irecv 32 2300 200 0
36 send 40 2300 4 0
36 send 32 2100 4 0
36 wait 41 37 2100
36 wait 33 37 2300
36 irecv 68 3100 200 0
36 irecv 4 3300 200 0
36 send 68 3300 12 0
36 send 4 3100 12 0
36 wait 69 37 3100
36 wait 5 37 3300
36 irecv 37 1100 200 0
36 irecv 39 1300 200 0
36 send 37 1300 4 0
36 send 39 1100 4 0
36 wait 38 37 1100
36 wait 40 37 1300
36 irecv 40 2100 200 0
36 irecv 32 2300 200 0
36 send 40 2300 12 0
36 send 32 2100 12 0
36 wait 41 37 2100
36 wait 33 37 2300
36 irecv 68 3100 200 0
36 irecv 4 3300 200 0
36 send 68 3300 24 0
36 send 4 3100 24 0
36 wait 69 37 3100
36 wait 5 37 3300
36 irecv 37 1100 200 0
36 irecv 39 1300 200 0
36 send 37 1300 4 0
36 send 39 1100 4 0
36 wait 38 37 1100
36 wait 40 37 1300
36 irecv 40 2100 200 0
36 irecv 32 2300 200 0
36 send 40 2300 12 0
36 send 32 2100 12 0
36 wait 41 37 2100
36 wait 33 37 2300
36 irecv 68 3100 200 0
36 irecv 4 3300 200 0
36 send 68 3300 24 0
36 send 4 3100 24 0
36 wait 69 37 3100
36 wait 5 37 3300
36 irecv 37 1100 200 0
36 irecv 39 1300 200 0
36 send 37 1300 16 0
36 send 39 1100 16 0
36 wait 38 37 1100
36 wait 40 37 1300
36 irecv 40 2100 200 0
36 irecv 32 2300 200 0
36 send 40 2300 40 0
36 send 32 2100 40 0
36 wait 41 37 2100
36 wait 33 37 2300
36 irecv 68 3100 200 0
36 irecv 4 3300 200 0
36 send 68 3300 60 0
36 send 4 3100 60 0
36 wait 69 37 3100
36 wait 5 37 3300
36 irecv 37 1100 200 0
36 irecv 39 1300 200 0
36 send 37 1300 16 0
36 send 39 1100 16 0
36 wait 38 37 1100
36 wait 40 37 1300
36 irecv 40 2100 200 0
36 irecv 32 2300 200 0
36 send 40 2300 40 0
36 send 32 2100 40 0
36 wait 41 37 2100
36 wait 33 37 2300
36 irecv 68 3100 200 0
36 irecv 4 3300 200 0
36 send 68 3300 60 0
36 send 4 3100 60 0
36 wait 69 37 3100
36 wait 5 37 3300
36 irecv 37 1100 200 0
36 irecv 39 1300 200 0
36 send 37 1300 16 0
36 send 39 1100 16 0
36 wait 38 37 1100
36 wait 40 37 1300
36 irecv 40 2100 200 0
36 irecv 32 2300 200 0
36 send 40 2300 40 0
36 send 32 2100 40 0
36 wait 41 37 2100
36 wait 33 37 2300
36 irecv 68 3100 200 0
36 irecv 4 3300 200 0
36 send 68 3300 60 0
36 send 4 3100 60 0
36 wait 69 37 3100
36 wait 5 37 3300
36 irecv 37 1100 200 0
36 irecv 39 1300 200 0
36 send 37 1300 4 0
36 send 39 1100 4 0
36 wait 38 37 1100
36 wait 40 37 1300
36 irecv 40 2100 200 0
36 irecv 32 2300 200 0
36 send 40 2300 12 0
36 send 32 2100 12 0
36 wait 41 37 2100
36 wait 33 37 2300
36 irecv 68 3100 200 0
36 irecv 4 3300 200 0
36 send 68 3300 24 0
36 send 4 3100 24 0
36 wait 69 37 3100
36 wait 5 37 3300
36 irecv 37 1100 200 0
36 irecv 39 1300 200 0
36 send 37 1300 1 0
36 send 39 1100 1 0
36 wait 38 37 1100
36 wait 40 37 1300
36 irecv 40 2100 200 0
36 irecv 32 2300 200 0
36 send 40 2300 4 0
36 send 32 2100 4 0
36 wait 41 37 2100
36 wait 33 37 2300
36 irecv 68 3100 200 0
36 irecv 4 3300 200 0
36 send 68 3300 12 0
36 send 4 3100 12 0
36 wait 69 37 3100
36 wait 5 37 3300
36 irecv 37 1100 200 0
36 irecv 39 1300 200 0
36 send 37 1300 1 0
36 send 39 1100 1 0
36 wait 38 37 1100
36 wait 40 37 1300
36 irecv 44 2100 200 0
36 irecv 60 2300 200 0
36 send 44 2300 3 0
36 send 60 2100 3 0
36 wait 45 37 2100
36 wait 61 37 2300
36 irecv 100 3100 200 0
36 irecv 228 3300 200 0
36 send 100 3300 9 0
36 send 228 3100 9 0
36 wait 101 37 3100
36 wait 229 37 3300
36 irecv 37 1100 200 0
36 irecv 39 1300 200 0
36 wait 38 37 1100
36 wait 40 37 1300
36 irecv 44 2100 200 0
36 irecv 60 2300 200 0
36 wait 45 37 2100
36 wait 61 37 2300
36 irecv 100 3100 200 0
36 irecv 228 3300 200 0
36 wait 101 37 3100
36 wait 229 37 3300
36 irecv 37 1100 200 0
36 irecv 39 1300 200 0
36 send 37 1300 1 0
36 send 39 1100 1 0
36 wait 38 37 1100
36 wait 40 37 1300
36 irecv 44 2100 200 0
36 irecv 60 2300 200 0
36 send 44 2300 3 0
36 send 60 2100 3 0
36 wait 45 37 2100
36 wait 61 37 2300
36 irecv 100 3100 200 0
36 irecv 228 3300 200 0
36 send 100 3300 9 0
36 send 228 3100 9 0
36 wait 101 37 3100
36 wait 229 37 3300
36 irecv 37 1100 200 0
36 irecv 39 1300 200 0
36 send 37 1300 1 0
36 send 39 1100 1 0
36 wait 38 37 1100
36 wait 40 37 1300
36 irecv 44 2100 200 0
36 irecv 60 2300 200 0
36 send 44 2300 3 0
36 send 60 2100 3 0
36 wait 45 37 2100
36 wait 61 37 2300
36 irecv 100 3100 200 0
36 irecv 228 3300 200 0
36 send 100 3300 9 0
36 send 228 3100 9 0
36 wait 101 37 3100
36 wait 229 37 3300
36 send 40 2300 24 0
36 send 32 2100 12 0
36 send 68 3300 24 0
36 send 4 3100 12 0
36 irecv 37 1100 200 0
36 irecv 39 1300 200 0
36 send 37 1300 1 0
36 send 39 1100 1 0
36 wait 38 37 1100
36 wait 40 37 1300
36 irecv 40 2100 200 0
36 irecv 32 2300 200 0
36 send 40 2300 4 0
36 send 32 2100 4 0
36 wait 41 37 2100
36 wait 33 37 2300
36 irecv 68 3100 200 0
36 irecv 4 3300 200 0
36 send 68 3300 12 0
36 send 4 3100 12 0
36 wait 69 37 3100
36 wait 5 37 3300
36 irecv 37 1100 200 0
36 irecv 39 1300 200 0
36 send 37 1300 1 0
36 send 39 1100 1 0
36 wait 38 37 1100
36 wait 40 37 1300
36 irecv 40 2100 200 0
36 irecv 32 2300 200 0
36 send 40 2300 4 0
36 send 32 2100 4 0
36 wait 41 37 2100
36 wait 33 37 2300
36 irecv 68 3100 200 0
36 irecv 4 3300 200 0
36 send 68 3300 12 0
36 send 4 3100 12 0
36 wait 69 37 3100
36 wait 5 37 3300
36 irecv 37 1100 200 0
36 irecv 39 1300 200 0
36 send 37 1300 4 0
36 send 39 1100 4 0
36 wait 38 37 1100
36 wait 40 37 1300
36 irecv 40 2100 200 0
36 irecv 32 2300 200 0
36 send 40 2300 12 0
36 send 32 2100 12 0
36 wait 41 37 2100
36 wait 33 37 2300
36 irecv 68 3100 200 0
36 irecv 4 3300 200 0
36 send 68 3300 24 0
36 send 4 3100 24 0
36 wait 69 37 3100
36 wait 5 37 3300
36 irecv 37 1100 200 0
36 irecv 39 1300 200 0
36 send 37 1300 4 0
36 send 39 1100 4 0
36 wait 38 37 1100
36 wait 40 37 1300
36 irecv 40 2100 200 0
36 irecv 32 2300 200 0
36 send 40 2300 12 0
36 send 32 2100 12 0
36 wait 41 37 2100
36 wait 33 37 2300
36 irecv 68 3100 200 0
36 irecv 4 3300 200 0
36 send 68 3300 24 0
36 send 4 3100 24 0
36 wait 69 37 3100
36 wait 5 37 3300
36 irecv 37 1100 200 0
36 irecv 39 1300 200 0
36 send 37 1300 16 0
36 send 39 1100 16 0
36 wait 38 37 1100
36 wait 40 37 1300
36 irecv 40 2100 200 0
36 irecv 32 2300 200 0
36 send 40 2300 40 0
36 send 32 2100 40 0
36 wait 41 37 2100
36 wait 33 37 2300
36 irecv 68 3100 200 0
36 irecv 4 3300 200 0
36 send 68 3300 60 0
36 send 4 3100 60 0
36 wait 69 37 3100
36 wait 5 37 3300
36 irecv 37 1100 200 0
36 irecv 39 1300 200 0
36 send 37 1300 16 0
36 send 39 1100 16 0
36 wait 38 37 1100
36 wait 40 37 1300
36 irecv 40 2100 200 0
36 irecv 32 2300 200 0
36 send 40 2300 40 0
36 send 32 2100 40 0
36 wait 41 37 2100
36 wait 33 37 2300
36 irecv 68 3100 200 0
36 irecv 4 3300 200 0
36 send 68 3300 60 0
36 send 4 3100 60 0
36 wait 69 37 3100
36 wait 5 37 3300
36 irecv 37 1100 200 0
36 irecv 39 1300 200 0
36 send 37 1300 16 0
36 send 39 1100 16 0
36 wait 38 37 1100
36 wait 40 37 1300
36 irecv 40 2100 200 0
36 irecv 32 2300 200 0
36 send 40 2300 40 0
36 send 32 2100 40 0
36 wait 41 37 2100
36 wait 33 37 2300
36 irecv 68 3100 200 0
36 irecv 4 3300 200 0
36 send 68 3300 60 0
36 send 4 3100 60 0
36 wait 69 37 3100
36 wait 5 37 3300
36 allreduce 1 0 0 
36 allreduce 1 0 0 
36 reduce 1 0 0 0 
36 finalize
