26 init
26 barrier
26 bcast 1 0 1 
26 bcast 1 0 1 
26 bcast 1 0 1 
26 bcast 1 0 1 
26 bcast 1 0 1 
26 bcast 8 0 1 
26 bcast 1 0 16 
26 barrier
26 allreduce 1 0 0 
26 allreduce 4 0 1 
26 allreduce 1 0 0 
26 allreduce 4 0 1 
26 allreduce 1 0 0 
26 allreduce 4 0 1 
26 allreduce 1 0 0 
26 allreduce 4 0 1 
26 allreduce 1 0 0 
26 allreduce 4 0 1 
26 allreduce 1 0 0 
26 allreduce 4 0 1 
26 allreduce 1 0 0 
26 allreduce 4 0 1 
26 allreduce 1 0 0 
26 allreduce 4 0 1 
26 allreduce 1 0 0 
26 allreduce 4 0 1 
26 allreduce 1 0 0 
26 allreduce 4 0 1 
26 allreduce 1 0 0 
26 allreduce 4 0 1 
26 allreduce 1 0 0 
26 allreduce 4 0 1 
26 allreduce 1 0 0 
26 allreduce 4 0 1 
26 allreduce 1 0 0 
26 allreduce 4 0 1 
26 allreduce 1 0 0 
26 allreduce 4 0 1 
26 allreduce 1 0 0 
26 allreduce 4 0 1 
26 allreduce 1 0 0 
26 allreduce 4 0 1 
26 allreduce 1 0 0 
26 allreduce 4 0 1 
26 allreduce 1 0 0 
26 allreduce 4 0 1 
26 allreduce 1 0 0 
26 allreduce 4 0 1 
26 barrier
26 irecv 27 1100 200 0
26 irecv 25 1300 200 0
26 send 27 1300 16 0
26 send 25 1100 16 0
26 wait 28 27 1100
26 wait 26 27 1300
26 irecv 30 2100 200 0
26 irecv 22 2300 200 0
26 send 30 2300 40 0
26 send 22 2100 40 0
26 wait 31 27 2100
26 wait 23 27 2300
26 irecv 58 3100 200 0
26 irecv 250 3300 200 0
26 send 58 3300 60 0
26 send 250 3100 60 0
26 wait 59 27 3100
26 wait 251 27 3300
26 allreduce 1 0 0 
26 allreduce 1 0 0 
26 irecv 27 1100 200 0
26 irecv 25 1300 200 0
26 send 27 1300 16 0
26 send 25 1100 16 0
26 wait 28 27 1100
26 wait 26 27 1300
26 irecv 30 2100 200 0
26 irecv 22 2300 200 0
26 send 30 2300 40 0
26 send 22 2100 40 0
26 wait 31 27 2100
26 wait 23 27 2300
26 irecv 58 3100 200 0
26 irecv 250 3300 200 0
26 send 58 3300 60 0
26 send 250 3100 60 0
26 wait 59 27 3100
26 wait 251 27 3300
26 allreduce 1 0 0 
26 allreduce 1 0 0 
26 irecv 27 1100 200 0
26 irecv 25 1300 200 0
26 send 27 1300 4 0
26 send 25 1100 4 0
26 wait 28 27 1100
26 wait 26 27 1300
26 irecv 30 2100 200 0
26 irecv 22 2300 200 0
26 send 30 2300 12 0
26 send 22 2100 12 0
26 wait 31 27 2100
26 wait 23 27 2300
26 irecv 58 3100 200 0
26 irecv 250 3300 200 0
26 send 58 3300 24 0
26 send 250 3100 24 0
26 wait 59 27 3100
26 wait 251 27 3300
26 irecv 27 1100 200 0
26 irecv 25 1300 200 0
26 send 27 1300 1 0
26 send 25 1100 1 0
26 wait 28 27 1100
26 wait 26 27 1300
26 irecv 30 2100 200 0
26 irecv 22 2300 200 0
26 send 30 2300 4 0
26 send 22 2100 4 0
26 wait 31 27 2100
26 wait 23 27 2300
26 irecv 58 3100 200 0
26 irecv 250 3300 200 0
26 send 58 3300 12 0
26 send 250 3100 12 0
26 wait 59 27 3100
26 wait 251 27 3300
26 irecv 27 1100 200 0
26 irecv 25 1300 200 0
26 wait 28 27 1100
26 wait 26 27 1300
26 irecv 30 2100 200 0
26 irecv 22 2300 200 0
26 wait 31 27 2100
26 wait 23 27 2300
26 irecv 58 3100 200 0
26 irecv 250 3300 200 0
26 wait 59 27 3100
26 wait 251 27 3300
26 irecv 27 1100 200 0
26 irecv 25 1300 200 0
26 send 27 1300 1 0
26 send 25 1100 1 0
26 wait 28 27 1100
26 wait 26 27 1300
26 irecv 30 2100 200 0
26 irecv 22 2300 200 0
26 send 30 2300 4 0
26 send 22 2100 4 0
26 wait 31 27 2100
26 wait 23 27 2300
26 irecv 58 3100 200 0
26 irecv 250 3300 200 0
26 send 58 3300 12 0
26 send 250 3100 12 0
26 wait 59 27 3100
26 wait 251 27 3300
26 irecv 27 1100 200 0
26 irecv 25 1300 200 0
26 send 27 1300 1 0
26 send 25 1100 1 0
26 wait 28 27 1100
26 wait 26 27 1300
26 irecv 30 2100 200 0
26 irecv 22 2300 200 0
26 send 30 2300 4 0
26 send 22 2100 4 0
26 wait 31 27 2100
26 wait 23 27 2300
26 irecv 58 3100 200 0
26 irecv 250 3300 200 0
26 send 58 3300 12 0
26 send 250 3100 12 0
26 wait 59 27 3100
26 wait 251 27 3300
26 irecv 27 1100 200 0
26 irecv 25 1300 200 0
26 send 27 1300 4 0
26 send 25 1100 4 0
26 wait 28 27 1100
26 wait 26 27 1300
26 irecv 30 2100 200 0
26 irecv 22 2300 200 0
26 send 30 2300 12 0
26 send 22 2100 12 0
26 wait 31 27 2100
26 wait 23 27 2300
26 irecv 58 3100 200 0
26 irecv 250 3300 200 0
26 send 58 3300 24 0
26 send 250 3100 24 0
26 wait 59 27 3100
26 wait 251 27 3300
26 irecv 27 1100 200 0
26 irecv 25 1300 200 0
26 send 27 1300 4 0
26 send 25 1100 4 0
26 wait 28 27 1100
26 wait 26 27 1300
26 irecv 30 2100 200 0
26 irecv 22 2300 200 0
26 send 30 2300 12 0
26 send 22 2100 12 0
26 wait 31 27 2100
26 wait 23 27 2300
26 irecv 58 3100 200 0
26 irecv 250 3300 200 0
26 send 58 3300 24 0
26 send 250 3100 24 0
26 wait 59 27 3100
26 wait 251 27 3300
26 irecv 27 1100 200 0
26 irecv 25 1300 200 0
26 send 27 1300 16 0
26 send 25 1100 16 0
26 wait 28 27 1100
26 wait 26 27 1300
26 irecv 30 2100 200 0
26 irecv 22 2300 200 0
26 send 30 2300 40 0
26 send 22 2100 40 0
26 wait 31 27 2100
26 wait 23 27 2300
26 irecv 58 3100 200 0
26 irecv 250 3300 200 0
26 send 58 3300 60 0
26 send 250 3100 60 0
26 wait 59 27 3100
26 wait 251 27 3300
26 irecv 27 1100 200 0
26 irecv 25 1300 200 0
26 send 27 1300 16 0
26 send 25 1100 16 0
26 wait 28 27 1100
26 wait 26 27 1300
26 irecv 30 2100 200 0
26 irecv 22 2300 200 0
26 send 30 2300 40 0
26 send 22 2100 40 0
26 wait 31 27 2100
26 wait 23 27 2300
26 irecv 58 3100 200 0
26 irecv 250 3300 200 0
26 send 58 3300 60 0
26 send 250 3100 60 0
26 wait 59 27 3100
26 wait 251 27 3300
26 irecv 27 1100 200 0
26 irecv 25 1300 200 0
26 send 27 1300 16 0
26 send 25 1100 16 0
26 wait 28 27 1100
26 wait 26 27 1300
26 irecv 30 2100 200 0
26 irecv 22 2300 200 0
26 send 30 2300 40 0
26 send 22 2100 40 0
26 wait 31 27 2100
26 wait 23 27 2300
26 irecv 58 3100 200 0
26 irecv 250 3300 200 0
26 send 58 3300 60 0
26 send 250 3100 60 0
26 wait 59 27 3100
26 wait 251 27 3300
26 barrier
26 allreduce 1 0 0 
26 allreduce 4 0 1 
26 allreduce 1 0 0 
26 allreduce 4 0 1 
26 allreduce 1 0 0 
26 allreduce 4 0 1 
26 allreduce 1 0 0 
26 allreduce 4 0 1 
26 allreduce 1 0 0 
26 allreduce 4 0 1 
26 allreduce 1 0 0 
26 allreduce 4 0 1 
26 allreduce 1 0 0 
26 allreduce 4 0 1 
26 allreduce 1 0 0 
26 allreduce 4 0 1 
26 allreduce 1 0 0 
26 allreduce 4 0 1 
26 allreduce 1 0 0 
26 allreduce 4 0 1 
26 allreduce 1 0 0 
26 allreduce 4 0 1 
26 allreduce 1 0 0 
26 allreduce 4 0 1 
26 allreduce 1 0 0 
26 allreduce 4 0 1 
26 allreduce 1 0 0 
26 allreduce 4 0 1 
26 allreduce 1 0 0 
26 allreduce 4 0 1 
26 allreduce 1 0 0 
26 allreduce 4 0 1 
26 allreduce 1 0 0 
26 allreduce 4 0 1 
26 allreduce 1 0 0 
26 allreduce 4 0 1 
26 allreduce 1 0 0 
26 allreduce 4 0 1 
26 allreduce 1 0 0 
26 allreduce 4 0 1 
26 barrier
26 irecv 27 1100 200 0
26 irecv 25 1300 200 0
26 send 27 1300 16 0
26 send 25 1100 16 0
26 wait 28 27 1100
26 wait 26 27 1300
26 irecv 30 2100 200 0
26 irecv 22 2300 200 0
26 send 30 2300 40 0
26 send 22 2100 40 0
26 wait 31 27 2100
26 wait 23 27 2300
26 irecv 58 3100 200 0
26 irecv 250 3300 200 0
26 send 58 3300 60 0
26 send 250 3100 60 0
26 wait 59 27 3100
26 wait 251 27 3300
26 barrier
26 irecv 27 1100 200 0
26 irecv 25 1300 200 0
26 send 27 1300 16 0
26 send 25 1100 16 0
26 wait 28 27 1100
26 wait 26 27 1300
26 irecv 30 2100 200 0
26 irecv 22 2300 200 0
26 send 30 2300 40 0
26 send 22 2100 40 0
26 wait 31 27 2100
26 wait 23 27 2300
26 irecv 58 3100 200 0
26 irecv 250 3300 200 0
26 send 58 3300 60 0
26 send 250 3100 60 0
26 wait 59 27 3100
26 wait 251 27 3300
26 allreduce 1 0 0 
26 allreduce 1 0 0 
26 irecv 27 1100 200 0
26 irecv 25 1300 200 0
26 send 27 1300 4 0
26 send 25 1100 4 0
26 wait 28 27 1100
26 wait 26 27 1300
26 irecv 30 2100 200 0
26 irecv 22 2300 200 0
26 send 30 2300 12 0
26 send 22 2100 12 0
26 wait 31 27 2100
26 wait 23 27 2300
26 irecv 58 3100 200 0
26 irecv 250 3300 200 0
26 send 58 3300 24 0
26 send 250 3100 24 0
26 wait 59 27 3100
26 wait 251 27 3300
26 irecv 27 1100 200 0
26 irecv 25 1300 200 0
26 send 27 1300 1 0
26 send 25 1100 1 0
26 wait 28 27 1100
26 wait 26 27 1300
26 irecv 30 2100 200 0
26 irecv 22 2300 200 0
26 send 30 2300 4 0
26 send 22 2100 4 0
26 wait 31 27 2100
26 wait 23 27 2300
26 irecv 58 3100 200 0
26 irecv 250 3300 200 0
26 send 58 3300 12 0
26 send 250 3100 12 0
26 wait 59 27 3100
26 wait 251 27 3300
26 irecv 27 1100 200 0
26 irecv 25 1300 200 0
26 wait 28 27 1100
26 wait 26 27 1300
26 irecv 30 2100 200 0
26 irecv 22 2300 200 0
26 wait 31 27 2100
26 wait 23 27 2300
26 irecv 58 3100 200 0
26 irecv 250 3300 200 0
26 wait 59 27 3100
26 wait 251 27 3300
26 irecv 27 1100 200 0
26 irecv 25 1300 200 0
26 send 27 1300 1 0
26 send 25 1100 1 0
26 wait 28 27 1100
26 wait 26 27 1300
26 irecv 30 2100 200 0
26 irecv 22 2300 200 0
26 send 30 2300 4 0
26 send 22 2100 4 0
26 wait 31 27 2100
26 wait 23 27 2300
26 irecv 58 3100 200 0
26 irecv 250 3300 200 0
26 send 58 3300 12 0
26 send 250 3100 12 0
26 wait 59 27 3100
26 wait 251 27 3300
26 irecv 27 1100 200 0
26 irecv 25 1300 200 0
26 send 27 1300 1 0
26 send 25 1100 1 0
26 wait 28 27 1100
26 wait 26 27 1300
26 irecv 30 2100 200 0
26 irecv 22 2300 200 0
26 send 30 2300 4 0
26 send 22 2100 4 0
26 wait 31 27 2100
26 wait 23 27 2300
26 irecv 58 3100 200 0
26 irecv 250 3300 200 0
26 send 58 3300 12 0
26 send 250 3100 12 0
26 wait 59 27 3100
26 wait 251 27 3300
26 irecv 27 1100 200 0
26 irecv 25 1300 200 0
26 send 27 1300 4 0
26 send 25 1100 4 0
26 wait 28 27 1100
26 wait 26 27 1300
26 irecv 30 2100 200 0
26 irecv 22 2300 200 0
26 send 30 2300 12 0
26 send 22 2100 12 0
26 wait 31 27 2100
26 wait 23 27 2300
26 irecv 58 3100 200 0
26 irecv 250 3300 200 0
26 send 58 3300 24 0
26 send 250 3100 24 0
26 wait 59 27 3100
26 wait 251 27 3300
26 irecv 27 1100 200 0
26 irecv 25 1300 200 0
26 send 27 1300 4 0
26 send 25 1100 4 0
26 wait 28 27 1100
26 wait 26 27 1300
26 irecv 30 2100 200 0
26 irecv 22 2300 200 0
26 send 30 2300 12 0
26 send 22 2100 12 0
26 wait 31 27 2100
26 wait 23 27 2300
26 irecv 58 3100 200 0
26 irecv 250 3300 200 0
26 send 58 3300 24 0
26 send 250 3100 24 0
26 wait 59 27 3100
26 wait 251 27 3300
26 irecv 27 1100 200 0
26 irecv 25 1300 200 0
26 send 27 1300 16 0
26 send 25 1100 16 0
26 wait 28 27 1100
26 wait 26 27 1300
26 irecv 30 2100 200 0
26 irecv 22 2300 200 0
26 send 30 2300 40 0
26 send 22 2100 40 0
26 wait 31 27 2100
26 wait 23 27 2300
26 irecv 58 3100 200 0
26 irecv 250 3300 200 0
26 send 58 3300 60 0
26 send 250 3100 60 0
26 wait 59 27 3100
26 wait 251 27 3300
26 irecv 27 1100 200 0
26 irecv 25 1300 200 0
26 send 27 1300 16 0
26 send 25 1100 16 0
26 wait 28 27 1100
26 wait 26 27 1300
26 irecv 30 2100 200 0
26 irecv 22 2300 200 0
26 send 30 2300 40 0
26 send 22 2100 40 0
26 wait 31 27 2100
26 wait 23 27 2300
26 irecv 58 3100 200 0
26 irecv 250 3300 200 0
26 send 58 3300 60 0
26 send 250 3100 60 0
26 wait 59 27 3100
26 wait 251 27 3300
26 irecv 27 1100 200 0
26 irecv 25 1300 200 0
26 send 27 1300 16 0
26 send 25 1100 16 0
26 wait 28 27 1100
26 wait 26 27 1300
26 irecv 30 2100 200 0
26 irecv 22 2300 200 0
26 send 30 2300 40 0
26 send 22 2100 40 0
26 wait 31 27 2100
26 wait 23 27 2300
26 irecv 58 3100 200 0
26 irecv 250 3300 200 0
26 send 58 3300 60 0
26 send 250 3100 60 0
26 wait 59 27 3100
26 wait 251 27 3300
26 irecv 27 1100 200 0
26 irecv 25 1300 200 0
26 send 27 1300 4 0
26 send 25 1100 4 0
26 wait 28 27 1100
26 wait 26 27 1300
26 irecv 30 2100 200 0
26 irecv 22 2300 200 0
26 send 30 2300 12 0
26 send 22 2100 12 0
26 wait 31 27 2100
26 wait 23 27 2300
26 irecv 58 3100 200 0
26 irecv 250 3300 200 0
26 send 58 3300 24 0
26 send 250 3100 24 0
26 wait 59 27 3100
26 wait 251 27 3300
26 irecv 27 1100 200 0
26 irecv 25 1300 200 0
26 send 27 1300 1 0
26 send 25 1100 1 0
26 wait 28 27 1100
26 wait 26 27 1300
26 irecv 30 2100 200 0
26 irecv 22 2300 200 0
26 send 30 2300 4 0
26 send 22 2100 4 0
26 wait 31 27 2100
26 wait 23 27 2300
26 irecv 58 3100 200 0
26 compute 312.5
26 irecv 250 3300 200 0
26 send 58 3300 12 0
26 send 250 3100 12 0
26 wait 59 27 3100
26 wait 251 27 3300
26 irecv 27 1100 200 0
26 irecv 25 1300 200 0
26 wait 28 27 1100
26 wait 26 27 1300
26 irecv 30 2100 200 0
26 irecv 22 2300 200 0
26 wait 31 27 2100
26 wait 23 27 2300
26 irecv 58 3100 200 0
26 irecv 250 3300 200 0
26 wait 59 27 3100
26 wait 251 27 3300
26 irecv 27 1100 200 0
26 irecv 25 1300 200 0
26 send 27 1300 1 0
26 send 25 1100 1 0
26 wait 28 27 1100
26 wait 26 27 1300
26 irecv 30 2100 200 0
26 irecv 22 2300 200 0
26 send 30 2300 4 0
26 send 22 2100 4 0
26 wait 31 27 2100
26 wait 23 27 2300
26 irecv 58 3100 200 0
26 irecv 250 3300 200 0
26 send 58 3300 12 0
26 send 250 3100 12 0
26 wait 59 27 3100
26 wait 251 27 3300
26 irecv 27 1100 200 0
26 irecv 25 1300 200 0
26 send 27 1300 1 0
26 send 25 1100 1 0
26 wait 28 27 1100
26 wait 26 27 1300
26 irecv 30 2100 200 0
26 irecv 22 2300 200 0
26 send 30 2300 4 0
26 send 22 2100 4 0
26 wait 31 27 2100
26 wait 23 27 2300
26 irecv 58 3100 200 0
26 irecv 250 3300 200 0
26 send 58 3300 12 0
26 send 250 3100 12 0
26 wait 59 27 3100
26 wait 251 27 3300
26 irecv 27 1100 200 0
26 irecv 25 1300 200 0
26 send 27 1300 4 0
26 send 25 1100 4 0
26 wait 28 27 1100
26 wait 26 27 1300
26 irecv 30 2100 200 0
26 irecv 22 2300 200 0
26 send 30 2300 12 0
26 send 22 2100 12 0
26 wait 31 27 2100
26 wait 23 27 2300
26 irecv 58 3100 200 0
26 irecv 250 3300 200 0
26 send 58 3300 24 0
26 send 250 3100 24 0
26 wait 59 27 3100
26 wait 251 27 3300
26 irecv 27 1100 200 0
26 irecv 25 1300 200 0
26 send 27 1300 4 0
26 send 25 1100 4 0
26 wait 28 27 1100
26 wait 26 27 1300
26 irecv 30 2100 200 0
26 irecv 22 2300 200 0
26 send 30 2300 12 0
26 send 22 2100 12 0
26 wait 31 27 2100
26 wait 23 27 2300
26 irecv 58 3100 200 0
26 irecv 250 3300 200 0
26 send 58 3300 24 0
26 send 250 3100 24 0
26 wait 59 27 3100
26 wait 251 27 3300
26 irecv 27 1100 200 0
26 irecv 25 1300 200 0
26 send 27 1300 16 0
26 send 25 1100 16 0
26 wait 28 27 1100
26 wait 26 27 1300
26 irecv 30 2100 200 0
26 irecv 22 2300 200 0
26 send 30 2300 40 0
26 send 22 2100 40 0
26 wait 31 27 2100
26 wait 23 27 2300
26 irecv 58 3100 200 0
26 irecv 250 3300 200 0
26 send 58 3300 60 0
26 send 250 3100 60 0
26 wait 59 27 3100
26 wait 251 27 3300
26 irecv 27 1100 200 0
26 irecv 25 1300 200 0
26 send 27 1300 16 0
26 send 25 1100 16 0
26 wait 28 27 1100
26 wait 26 27 1300
26 irecv 30 2100 200 0
26 irecv 22 2300 200 0
26 send 30 2300 40 0
26 send 22 2100 40 0
26 wait 31 27 2100
26 wait 23 27 2300
26 irecv 58 3100 200 0
26 irecv 250 3300 200 0
26 send 58 3300 60 0
26 send 250 3100 60 0
26 wait 59 27 3100
26 wait 251 27 3300
26 irecv 27 1100 200 0
26 irecv 25 1300 200 0
26 send 27 1300 16 0
26 send 25 1100 16 0
26 wait 28 27 1100
26 wait 26 27 1300
26 irecv 30 2100 200 0
26 irecv 22 2300 200 0
26 send 30 2300 40 0
26 send 22 2100 40 0
26 wait 31 27 2100
26 wait 23 27 2300
26 irecv 58 3100 200 0
26 irecv 250 3300 200 0
26 send 58 3300 60 0
26 send 250 3100 60 0
26 wait 59 27 3100
26 wait 251 27 3300
26 irecv 27 1100 200 0
26 irecv 25 1300 200 0
26 send 27 1300 4 0
26 send 25 1100 4 0
26 wait 28 27 1100
26 wait 26 27 1300
26 irecv 30 2100 200 0
26 irecv 22 2300 200 0
26 send 30 2300 12 0
26 send 22 2100 12 0
26 wait 31 27 2100
26 wait 23 27 2300
26 irecv 58 3100 200 0
26 irecv 250 3300 200 0
26 send 58 3300 24 0
26 send 250 3100 24 0
26 wait 59 27 3100
26 wait 251 27 3300
26 irecv 27 1100 200 0
26 irecv 25 1300 200 0
26 send 27 1300 1 0
26 send 25 1100 1 0
26 wait 28 27 1100
26 wait 26 27 1300
26 irecv 30 2100 200 0
26 irecv 22 2300 200 0
26 send 30 2300 4 0
26 send 22 2100 4 0
26 wait 31 27 2100
26 wait 23 27 2300
26 irecv 58 3100 200 0
26 irecv 250 3300 200 0
26 send 58 3300 12 0
26 send 250 3100 12 0
26 wait 59 27 3100
26 wait 251 27 3300
26 irecv 27 1100 200 0
26 irecv 25 1300 200 0
26 wait 28 27 1100
26 wait 26 27 1300
26 irecv 30 2100 200 0
26 irecv 22 2300 200 0
26 wait 31 27 2100
26 wait 23 27 2300
26 irecv 58 3100 200 0
26 irecv 250 3300 200 0
26 wait 59 27 3100
26 wait 251 27 3300
26 irecv 27 1100 200 0
26 irecv 25 1300 200 0
26 send 27 1300 1 0
26 send 25 1100 1 0
26 wait 28 27 1100
26 wait 26 27 1300
26 irecv 30 2100 200 0
26 irecv 22 2300 200 0
26 send 30 2300 4 0
26 send 22 2100 4 0
26 wait 31 27 2100
26 wait 23 27 2300
26 irecv 58 3100 200 0
26 irecv 250 3300 200 0
26 send 58 3300 12 0
26 send 250 3100 12 0
26 wait 59 27 3100
26 wait 251 27 3300
26 irecv 27 1100 200 0
26 irecv 25 1300 200 0
26 send 27 1300 1 0
26 send 25 1100 1 0
26 wait 28 27 1100
26 wait 26 27 1300
26 irecv 30 2100 200 0
26 irecv 22 2300 200 0
26 send 30 2300 4 0
26 send 22 2100 4 0
26 wait 31 27 2100
26 wait 23 27 2300
26 irecv 58 3100 200 0
26 irecv 250 3300 200 0
26 send 58 3300 12 0
26 send 250 3100 12 0
26 wait 59 27 3100
26 wait 251 27 3300
26 irecv 27 1100 200 0
26 irecv 25 1300 200 0
26 send 27 1300 4 0
26 send 25 1100 4 0
26 wait 28 27 1100
26 wait 26 27 1300
26 irecv 30 2100 200 0
26 irecv 22 2300 200 0
26 send 30 2300 12 0
26 send 22 2100 12 0
26 wait 31 27 2100
26 wait 23 27 2300
26 irecv 58 3100 200 0
26 irecv 250 3300 200 0
26 send 58 3300 24 0
26 send 250 3100 24 0
26 wait 59 27 3100
26 wait 251 27 3300
26 irecv 27 1100 200 0
26 irecv 25 1300 200 0
26 send 27 1300 4 0
26 send 25 1100 4 0
26 wait 28 27 1100
26 wait 26 27 1300
26 irecv 30 2100 200 0
26 irecv 22 2300 200 0
26 send 30 2300 12 0
26 send 22 2100 12 0
26 wait 31 27 2100
26 wait 23 27 2300
26 irecv 58 3100 200 0
26 irecv 250 3300 200 0
26 send 58 3300 24 0
26 send 250 3100 24 0
26 wait 59 27 3100
26 wait 251 27 3300
26 irecv 27 1100 200 0
26 irecv 25 1300 200 0
26 send 27 1300 16 0
26 send 25 1100 16 0
26 wait 28 27 1100
26 wait 26 27 1300
26 irecv 30 2100 200 0
26 irecv 22 2300 200 0
26 send 30 2300 40 0
26 send 22 2100 40 0
26 wait 31 27 2100
26 wait 23 27 2300
26 irecv 58 3100 200 0
26 irecv 250 3300 200 0
26 send 58 3300 60 0
26 send 250 3100 60 0
26 wait 59 27 3100
26 wait 251 27 3300
26 irecv 27 1100 200 0
26 irecv 25 1300 200 0
26 send 27 1300 16 0
26 send 25 1100 16 0
26 wait 28 27 1100
26 wait 26 27 1300
26 irecv 30 2100 200 0
26 irecv 22 2300 200 0
26 send 30 2300 40 0
26 send 22 2100 40 0
26 wait 31 27 2100
26 wait 23 27 2300
26 irecv 58 3100 200 0
26 irecv 250 3300 200 0
26 send 58 3300 60 0
26 send 250 3100 60 0
26 wait 59 27 3100
26 wait 251 27 3300
26 irecv 27 1100 200 0
26 irecv 25 1300 200 0
26 send 27 1300 16 0
26 send 25 1100 16 0
26 wait 28 27 1100
26 wait 26 27 1300
26 irecv 30 2100 200 0
26 irecv 22 2300 200 0
26 send 30 2300 40 0
26 send 22 2100 40 0
26 wait 31 27 2100
26 wait 23 27 2300
26 irecv 58 3100 200 0
26 irecv 250 3300 200 0
26 send 58 3300 60 0
26 send 250 3100 60 0
26 wait 59 27 3100
26 wait 251 27 3300
26 irecv 27 1100 200 0
26 irecv 25 1300 200 0
26 send 27 1300 4 0
26 send 25 1100 4 0
26 wait 28 27 1100
26 wait 26 27 1300
26 irecv 30 2100 200 0
26 irecv 22 2300 200 0
26 send 30 2300 12 0
26 send 22 2100 12 0
26 wait 31 27 2100
26 wait 23 27 2300
26 irecv 58 3100 200 0
26 irecv 250 3300 200 0
26 send 58 3300 24 0
26 send 250 3100 24 0
26 wait 59 27 3100
26 wait 251 27 3300
26 irecv 27 1100 200 0
26 irecv 25 1300 200 0
26 send 27 1300 1 0
26 send 25 1100 1 0
26 wait 28 27 1100
26 wait 26 27 1300
26 irecv 30 2100 200 0
26 irecv 22 2300 200 0
26 send 30 2300 4 0
26 send 22 2100 4 0
26 wait 31 27 2100
26 wait 23 27 2300
26 irecv 58 3100 200 0
26 irecv 250 3300 200 0
26 send 58 3300 12 0
26 send 250 3100 12 0
26 wait 59 27 3100
26 wait 251 27 3300
26 irecv 27 1100 200 0
26 irecv 25 1300 200 0
26 wait 28 27 1100
26 wait 26 27 1300
26 irecv 30 2100 200 0
26 irecv 22 2300 200 0
26 wait 31 27 2100
26 wait 23 27 2300
26 irecv 58 3100 200 0
26 irecv 250 3300 200 0
26 wait 59 27 3100
26 wait 251 27 3300
26 irecv 27 1100 200 0
26 irecv 25 1300 200 0
26 send 27 1300 1 0
26 send 25 1100 1 0
26 wait 28 27 1100
26 wait 26 27 1300
26 irecv 30 2100 200 0
26 irecv 22 2300 200 0
26 send 30 2300 4 0
26 send 22 2100 4 0
26 wait 31 27 2100
26 wait 23 27 2300
26 irecv 58 3100 200 0
26 irecv 250 3300 200 0
26 send 58 3300 12 0
26 send 250 3100 12 0
26 wait 59 27 3100
26 wait 251 27 3300
26 irecv 27 1100 200 0
26 irecv 25 1300 200 0
26 send 27 1300 1 0
26 send 25 1100 1 0
26 wait 28 27 1100
26 wait 26 27 1300
26 irecv 30 2100 200 0
26 irecv 22 2300 200 0
26 send 30 2300 4 0
26 send 22 2100 4 0
26 wait 31 27 2100
26 wait 23 27 2300
26 irecv 58 3100 200 0
26 irecv 250 3300 200 0
26 send 58 3300 12 0
26 send 250 3100 12 0
26 wait 59 27 3100
26 wait 251 27 3300
26 irecv 27 1100 200 0
26 irecv 25 1300 200 0
26 send 27 1300 4 0
26 send 25 1100 4 0
26 wait 28 27 1100
26 wait 26 27 1300
26 irecv 30 2100 200 0
26 irecv 22 2300 200 0
26 send 30 2300 12 0
26 send 22 2100 12 0
26 wait 31 27 2100
26 wait 23 27 2300
26 irecv 58 3100 200 0
26 irecv 250 3300 200 0
26 send 58 3300 24 0
26 send 250 3100 24 0
26 wait 59 27 3100
26 wait 251 27 3300
26 irecv 27 1100 200 0
26 irecv 25 1300 200 0
26 send 27 1300 4 0
26 send 25 1100 4 0
26 wait 28 27 1100
26 wait 26 27 1300
26 irecv 30 2100 200 0
26 irecv 22 2300 200 0
26 send 30 2300 12 0
26 send 22 2100 12 0
26 wait 31 27 2100
26 wait 23 27 2300
26 irecv 58 3100 200 0
26 irecv 250 3300 200 0
26 send 58 3300 24 0
26 send 250 3100 24 0
26 wait 59 27 3100
26 wait 251 27 3300
26 irecv 27 1100 200 0
26 irecv 25 1300 200 0
26 send 27 1300 16 0
26 send 25 1100 16 0
26 wait 28 27 1100
26 wait 26 27 1300
26 irecv 30 2100 200 0
26 irecv 22 2300 200 0
26 send 30 2300 40 0
26 send 22 2100 40 0
26 wait 31 27 2100
26 wait 23 27 2300
26 irecv 58 3100 200 0
26 irecv 250 3300 200 0
26 send 58 3300 60 0
26 send 250 3100 60 0
26 wait 59 27 3100
26 wait 251 27 3300
26 irecv 27 1100 200 0
26 irecv 25 1300 200 0
26 send 27 1300 16 0
26 send 25 1100 16 0
26 wait 28 27 1100
26 wait 26 27 1300
26 irecv 30 2100 200 0
26 irecv 22 2300 200 0
26 send 30 2300 40 0
26 send 22 2100 40 0
26 wait 31 27 2100
26 wait 23 27 2300
26 irecv 58 3100 200 0
26 irecv 250 3300 200 0
26 send 58 3300 60 0
26 send 250 3100 60 0
26 wait 59 27 3100
26 wait 251 27 3300
26 irecv 27 1100 200 0
26 irecv 25 1300 200 0
26 send 27 1300 16 0
26 send 25 1100 16 0
26 wait 28 27 1100
26 wait 26 27 1300
26 irecv 30 2100 200 0
26 irecv 22 2300 200 0
26 send 30 2300 40 0
26 send 22 2100 40 0
26 wait 31 27 2100
26 wait 23 27 2300
26 irecv 58 3100 200 0
26 irecv 250 3300 200 0
26 send 58 3300 60 0
26 send 250 3100 60 0
26 wait 59 27 3100
26 wait 251 27 3300
26 allreduce 1 0 0 
26 allreduce 1 0 0 
26 reduce 1 0 0 0 
26 finalize
