204 init
204 barrier
204 bcast 1 0 1 
204 bcast 1 0 1 
204 bcast 1 0 1 
204 bcast 1 0 1 
204 bcast 1 0 1 
204 bcast 8 0 1 
204 bcast 1 0 16 
204 barrier
204 allreduce 1 0 0 
204 allreduce 4 0 1 
204 allreduce 1 0 0 
204 allreduce 4 0 1 
204 allreduce 1 0 0 
204 allreduce 4 0 1 
204 allreduce 1 0 0 
204 allreduce 4 0 1 
204 allreduce 1 0 0 
204 allreduce 4 0 1 
204 allreduce 1 0 0 
204 allreduce 4 0 1 
204 allreduce 1 0 0 
204 allreduce 4 0 1 
204 allreduce 1 0 0 
204 allreduce 4 0 1 
204 allreduce 1 0 0 
204 allreduce 4 0 1 
204 allreduce 1 0 0 
204 allreduce 4 0 1 
204 allreduce 1 0 0 
204 allreduce 4 0 1 
204 allreduce 1 0 0 
204 allreduce 4 0 1 
204 allreduce 1 0 0 
204 allreduce 4 0 1 
204 allreduce 1 0 0 
204 allreduce 4 0 1 
204 allreduce 1 0 0 
204 allreduce 4 0 1 
204 allreduce 1 0 0 
204 allreduce 4 0 1 
204 allreduce 1 0 0 
204 allreduce 4 0 1 
204 allreduce 1 0 0 
204 allreduce 4 0 1 
204 allreduce 1 0 0 
204 allreduce 4 0 1 
204 allreduce 1 0 0 
204 allreduce 4 0 1 
204 barrier
204 irecv 205 1100 200 0
204 irecv 207 1300 200 0
204 send 205 1300 16 0
204 send 207 1100 16 0
204 wait 206 205 1100
204 wait 208 205 1300
204 irecv 208 2100 200 0
204 irecv 200 2300 200 0
204 send 208 2300 40 0
204 send 200 2100 40 0
204 wait 209 205 2100
204 wait 201 205 2300
204 irecv 236 3100 200 0
204 irecv 172 3300 200 0
204 send 236 3300 60 0
204 send 172 3100 60 0
204 wait 237 205 3100
204 wait 173 205 3300
204 allreduce 1 0 0 
204 allreduce 1 0 0 
204 irecv 205 1100 200 0
204 irecv 207 1300 200 0
204 send 205 1300 16 0
204 send 207 1100 16 0
204 wait 206 205 1100
204 wait 208 205 1300
204 irecv 208 2100 200 0
204 irecv 200 2300 200 0
204 send 208 2300 40 0
204 send 200 2100 40 0
204 wait 209 205 2100
204 wait 201 205 2300
204 irecv 236 3100 200 0
204 irecv 172 3300 200 0
204 send 236 3300 60 0
204 send 172 3100 60 0
204 wait 237 205 3100
204 wait 173 205 3300
204 allreduce 1 0 0 
204 allreduce 1 0 0 
204 irecv 205 1100 200 0
204 irecv 207 1300 200 0
204 send 205 1300 4 0
204 send 207 1100 4 0
204 wait 206 205 1100
204 wait 208 205 1300
204 irecv 208 2100 200 0
204 irecv 200 2300 200 0
204 send 208 2300 12 0
204 send 200 2100 12 0
204 wait 209 205 2100
204 wait 201 205 2300
204 irecv 236 3100 200 0
204 irecv 172 3300 200 0
204 send 236 3300 24 0
204 send 172 3100 24 0
204 wait 237 205 3100
204 wait 173 205 3300
204 irecv 205 1100 200 0
204 irecv 207 1300 200 0
204 send 205 1300 1 0
204 send 207 1100 1 0
204 wait 206 205 1100
204 wait 208 205 1300
204 irecv 208 2100 200 0
204 irecv 200 2300 200 0
204 send 208 2300 4 0
204 send 200 2100 4 0
204 wait 209 205 2100
204 wait 201 205 2300
204 irecv 236 3100 200 0
204 irecv 172 3300 200 0
204 send 236 3300 12 0
204 send 172 3100 12 0
204 wait 237 205 3100
204 wait 173 205 3300
204 irecv 205 1100 200 0
204 irecv 207 1300 200 0
204 wait 206 205 1100
204 wait 208 205 1300
204 send 212 2300 12 0
204 send 196 2100 6 0
204 send 208 2300 24 0
204 send 200 2100 12 0
204 irecv 236 3100 200 0
204 irecv 172 3300 200 0
204 wait 237 205 3100
204 wait 173 205 3300
204 irecv 205 1100 200 0
204 irecv 207 1300 200 0
204 send 205 1300 1 0
204 send 207 1100 1 0
204 wait 206 205 1100
204 wait 208 205 1300
204 irecv 208 2100 200 0
204 irecv 200 2300 200 0
204 send 208 2300 4 0
204 send 200 2100 4 0
204 wait 209 205 2100
204 wait 201 205 2300
204 irecv 236 3100 200 0
204 irecv 172 3300 200 0
204 send 236 3300 12 0
204 send 172 3100 12 0
204 wait 237 205 3100
204 wait 173 205 3300
204 irecv 205 1100 200 0
204 irecv 207 1300 200 0
204 send 205 1300 1 0
204 send 207 1100 1 0
204 wait 206 205 1100
204 wait 208 205 1300
204 irecv 208 2100 200 0
204 irecv 200 2300 200 0
204 send 208 2300 4 0
204 send 200 2100 4 0
204 wait 209 205 2100
204 wait 201 205 2300
204 irecv 236 3100 200 0
204 irecv 172 3300 200 0
204 send 236 3300 12 0
204 send 172 3100 12 0
204 wait 237 205 3100
204 wait 173 205 3300
204 irecv 205 1100 200 0
204 irecv 207 1300 200 0
204 send 205 1300 4 0
204 send 207 1100 4 0
204 wait 206 205 1100
204 wait 208 205 1300
204 irecv 208 2100 200 0
204 irecv 200 2300 200 0
204 send 208 2300 12 0
204 send 200 2100 12 0
204 wait 209 205 2100
204 wait 201 205 2300
204 irecv 236 3100 200 0
204 irecv 172 3300 200 0
204 send 236 3300 24 0
204 send 172 3100 24 0
204 wait 237 205 3100
204 wait 173 205 3300
204 irecv 205 1100 200 0
204 irecv 207 1300 200 0
204 send 205 1300 4 0
204 send 207 1100 4 0
204 wait 206 205 1100
204 wait 208 205 1300
204 irecv 208 2100 200 0
204 irecv 200 2300 200 0
204 send 208 2300 12 0
204 send 200 2100 12 0
204 wait 209 205 2100
204 wait 201 205 2300
204 irecv 236 3100 200 0
204 irecv 172 3300 200 0
204 send 236 3300 24 0
204 send 172 3100 24 0
204 wait 237 205 3100
204 wait 173 205 3300
204 irecv 205 1100 200 0
204 irecv 207 1300 200 0
204 send 205 1300 16 0
204 send 207 1100 16 0
204 wait 206 205 1100
204 wait 208 205 1300
204 irecv 208 2100 200 0
204 irecv 200 2300 200 0
204 send 208 2300 40 0
204 send 200 2100 40 0
204 wait 209 205 2100
204 wait 201 205 2300
204 irecv 236 3100 200 0
204 irecv 172 3300 200 0
204 send 236 3300 60 0
204 send 172 3100 60 0
204 wait 237 205 3100
204 wait 173 205 3300
204 irecv 205 1100 200 0
204 irecv 207 1300 200 0
204 send 205 1300 16 0
204 send 207 1100 16 0
204 wait 206 205 1100
204 wait 208 205 1300
204 irecv 208 2100 200 0
204 irecv 200 2300 200 0
204 send 208 2300 40 0
204 send 200 2100 40 0
204 wait 209 205 2100
204 wait 201 205 2300
204 irecv 236 3100 200 0
204 irecv 172 3300 200 0
204 send 236 3300 60 0
204 send 172 3100 60 0
204 wait 237 205 3100
204 wait 173 205 3300
204 irecv 205 1100 200 0
204 irecv 207 1300 200 0
204 send 205 1300 16 0
204 send 207 1100 16 0
204 wait 206 205 1100
204 wait 208 205 1300
204 irecv 208 2100 200 0
204 irecv 200 2300 200 0
204 send 208 2300 40 0
204 send 200 2100 40 0
204 wait 209 205 2100
204 wait 201 205 2300
204 irecv 236 3100 200 0
204 irecv 172 3300 200 0
204 send 236 3300 60 0
204 send 172 3100 60 0
204 wait 237 205 3100
204 wait 173 205 3300
204 barrier
204 allreduce 1 0 0 
204 allreduce 4 0 1 
204 allreduce 1 0 0 
204 allreduce 4 0 1 
204 allreduce 1 0 0 
204 allreduce 4 0 1 
204 allreduce 1 0 0 
204 allreduce 4 0 1 
204 allreduce 1 0 0 
204 allreduce 4 0 1 
204 allreduce 1 0 0 
204 allreduce 4 0 1 
204 allreduce 1 0 0 
204 allreduce 4 0 1 
204 allreduce 1 0 0 
204 allreduce 4 0 1 
204 allreduce 1 0 0 
204 allreduce 4 0 1 
204 allreduce 1 0 0 
204 allreduce 4 0 1 
204 allreduce 1 0 0 
204 allreduce 4 0 1 
204 allreduce 1 0 0 
204 allreduce 4 0 1 
204 allreduce 1 0 0 
204 allreduce 4 0 1 
204 allreduce 1 0 0 
204 allreduce 4 0 1 
204 allreduce 1 0 0 
204 allreduce 4 0 1 
204 allreduce 1 0 0 
204 allreduce 4 0 1 
204 allreduce 1 0 0 
204 allreduce 4 0 1 
204 allreduce 1 0 0 
204 allreduce 4 0 1 
204 allreduce 1 0 0 
204 allreduce 4 0 1 
204 allreduce 1 0 0 
204 allreduce 4 0 1 
204 barrier
204 irecv 205 1100 200 0
204 irecv 207 1300 200 0
204 send 205 1300 16 0
204 send 207 1100 16 0
204 wait 206 205 1100
204 wait 208 205 1300
204 irecv 208 2100 200 0
204 irecv 200 2300 200 0
204 send 208 2300 40 0
204 send 200 2100 40 0
204 wait 209 205 2100
204 wait 201 205 2300
204 irecv 236 3100 200 0
204 irecv 172 3300 200 0
204 send 236 3300 60 0
204 send 172 3100 60 0
204 wait 237 205 3100
204 wait 173 205 3300
204 barrier
204 irecv 205 1100 200 0
204 irecv 207 1300 200 0
204 send 205 1300 16 0
204 send 207 1100 16 0
204 wait 206 205 1100
204 wait 208 205 1300
204 irecv 208 2100 200 0
204 irecv 200 2300 200 0
204 send 208 2300 40 0
204 send 200 2100 40 0
204 wait 209 205 2100
204 wait 201 205 2300
204 irecv 236 3100 200 0
204 irecv 172 3300 200 0
204 send 236 3300 60 0
204 send 172 3100 60 0
204 wait 237 205 3100
204 wait 173 205 3300
204 allreduce 1 0 0 
204 allreduce 1 0 0 
204 irecv 205 1100 200 0
204 irecv 207 1300 200 0
204 send 205 1300 4 0
204 send 207 1100 4 0
204 wait 206 205 1100
204 wait 208 205 1300
204 irecv 208 2100 200 0
204 irecv 200 2300 200 0
204 send 208 2300 12 0
204 send 200 2100 12 0
204 wait 209 205 2100
204 wait 201 205 2300
204 irecv 236 3100 200 0
204 irecv 172 3300 200 0
204 send 236 3300 24 0
204 send 172 3100 24 0
204 wait 237 205 3100
204 wait 173 205 3300
204 irecv 205 1100 200 0
204 irecv 207 1300 200 0
204 send 205 1300 1 0
204 send 207 1100 1 0
204 wait 206 205 1100
204 wait 208 205 1300
204 irecv 208 2100 200 0
204 irecv 200 2300 200 0
204 send 208 2300 4 0
204 send 200 2100 4 0
204 wait 209 205 2100
204 wait 201 205 2300
204 irecv 236 3100 200 0
204 irecv 172 3300 200 0
204 send 236 3300 12 0
204 send 172 3100 12 0
204 wait 237 205 3100
204 wait 173 205 3300
204 irecv 205 1100 200 0
204 irecv 207 1300 200 0
204 wait 206 205 1100
204 wait 208 205 1300
204 send 212 2300 12 0
204 send 196 2100 6 0
204 send 208 2300 24 0
204 send 200 2100 12 0
204 irecv 236 3100 200 0
204 irecv 172 3300 200 0
204 wait 237 205 3100
204 wait 173 205 3300
204 irecv 205 1100 200 0
204 irecv 207 1300 200 0
204 send 205 1300 1 0
204 send 207 1100 1 0
204 wait 206 205 1100
204 wait 208 205 1300
204 irecv 208 2100 200 0
204 irecv 200 2300 200 0
204 send 208 2300 4 0
204 send 200 2100 4 0
204 wait 209 205 2100
204 wait 201 205 2300
204 irecv 236 3100 200 0
204 irecv 172 3300 200 0
204 send 236 3300 12 0
204 send 172 3100 12 0
204 wait 237 205 3100
204 wait 173 205 3300
204 irecv 205 1100 200 0
204 irecv 207 1300 200 0
204 send 205 1300 1 0
204 send 207 1100 1 0
204 wait 206 205 1100
204 wait 208 205 1300
204 irecv 208 2100 200 0
204 irecv 200 2300 200 0
204 send 208 2300 4 0
204 send 200 2100 4 0
204 wait 209 205 2100
204 wait 201 205 2300
204 irecv 236 3100 200 0
204 irecv 172 3300 200 0
204 send 236 3300 12 0
204 send 172 3100 12 0
204 wait 237 205 3100
204 wait 173 205 3300
204 irecv 205 1100 200 0
204 irecv 207 1300 200 0
204 send 205 1300 4 0
204 send 207 1100 4 0
204 wait 206 205 1100
204 wait 208 205 1300
204 irecv 208 2100 200 0
204 irecv 200 2300 200 0
204 send 208 2300 12 0
204 send 200 2100 12 0
204 wait 209 205 2100
204 wait 201 205 2300
204 irecv 236 3100 200 0
204 irecv 172 3300 200 0
204 send 236 3300 24 0
204 send 172 3100 24 0
204 wait 237 205 3100
204 wait 173 205 3300
204 irecv 205 1100 200 0
204 irecv 207 1300 200 0
204 send 205 1300 4 0
204 send 207 1100 4 0
204 wait 206 205 1100
204 wait 208 205 1300
204 irecv 208 2100 200 0
204 irecv 200 2300 200 0
204 send 208 2300 12 0
204 send 200 2100 12 0
204 wait 209 205 2100
204 wait 201 205 2300
204 irecv 236 3100 200 0
204 irecv 172 3300 200 0
204 send 236 3300 24 0
204 send 172 3100 24 0
204 wait 237 205 3100
204 wait 173 205 3300
204 irecv 205 1100 200 0
204 irecv 207 1300 200 0
204 send 205 1300 16 0
204 send 207 1100 16 0
204 wait 206 205 1100
204 wait 208 205 1300
204 irecv 208 2100 200 0
204 irecv 200 2300 200 0
204 send 208 2300 40 0
204 send 200 2100 40 0
204 wait 209 205 2100
204 wait 201 205 2300
204 irecv 236 3100 200 0
204 irecv 172 3300 200 0
204 send 236 3300 60 0
204 send 172 3100 60 0
204 wait 237 205 3100
204 wait 173 205 3300
204 irecv 205 1100 200 0
204 irecv 207 1300 200 0
204 send 205 1300 16 0
204 send 207 1100 16 0
204 wait 206 205 1100
204 wait 208 205 1300
204 irecv 208 2100 200 0
204 irecv 200 2300 200 0
204 send 208 2300 40 0
204 send 200 2100 40 0
204 wait 209 205 2100
204 wait 201 205 2300
204 irecv 236 3100 200 0
204 irecv 172 3300 200 0
204 send 236 3300 60 0
204 send 172 3100 60 0
204 wait 237 205 3100
204 wait 173 205 3300
204 irecv 205 1100 200 0
204 irecv 207 1300 200 0
204 send 205 1300 16 0
204 send 207 1100 16 0
204 wait 206 205 1100
204 wait 208 205 1300
204 irecv 208 2100 200 0
204 irecv 200 2300 200 0
204 send 208 2300 40 0
204 send 200 2100 40 0
204 wait 209 205 2100
204 wait 201 205 2300
204 irecv 236 3100 200 0
204 irecv 172 3300 200 0
204 send 236 3300 60 0
204 send 172 3100 60 0
204 wait 237 205 3100
204 wait 173 205 3300
204 irecv 205 1100 200 0
204 irecv 207 1300 200 0
204 send 205 1300 4 0
204 send 207 1100 4 0
204 wait 206 205 1100
204 wait 208 205 1300
204 irecv 208 2100 200 0
204 irecv 200 2300 200 0
204 send 208 2300 12 0
204 send 200 2100 12 0
204 wait 209 205 2100
204 wait 201 205 2300
204 irecv 236 3100 200 0
204 irecv 172 3300 200 0
204 send 236 3300 24 0
204 send 172 3100 24 0
204 wait 237 205 3100
204 wait 173 205 3300
204 irecv 205 1100 200 0
204 irecv 207 1300 200 0
204 send 205 1300 1 0
204 send 207 1100 1 0
204 wait 206 205 1100
204 wait 208 205 1300
204 irecv 208 2100 200 0
204 irecv 200 2300 200 0
204 send 208 2300 4 0
204 send 200 2100 4 0
204 wait 209 205 2100
204 wait 201 205 2300
204 irecv 236 3100 200 0
204 irecv 172 3300 200 0
204 send 236 3300 12 0
204 send 172 3100 12 0
204 wait 237 205 3100
204 wait 173 205 3300
204 irecv 205 1100 200 0
204 irecv 207 1300 200 0
204 wait 206 205 1100
204 wait 208 205 1300
204 send 212 2300 12 0
204 send 196 2100 6 0
204 send 208 2300 24 0
204 send 200 2100 12 0
204 irecv 236 3100 200 0
204 irecv 172 3300 200 0
204 wait 237 205 3100
204 wait 173 205 3300
204 irecv 205 1100 200 0
204 irecv 207 1300 200 0
204 send 205 1300 1 0
204 send 207 1100 1 0
204 wait 206 205 1100
204 wait 208 205 1300
204 irecv 208 2100 200 0
204 irecv 200 2300 200 0
204 send 208 2300 4 0
204 send 200 2100 4 0
204 wait 209 205 2100
204 wait 201 205 2300
204 irecv 236 3100 200 0
204 irecv 172 3300 200 0
204 send 236 3300 12 0
204 send 172 3100 12 0
204 wait 237 205 3100
204 wait 173 205 3300
204 irecv 205 1100 200 0
204 irecv 207 1300 200 0
204 send 205 1300 1 0
204 send 207 1100 1 0
204 wait 206 205 1100
204 wait 208 205 1300
204 irecv 208 2100 200 0
204 irecv 200 2300 200 0
204 send 208 2300 4 0
204 send 200 2100 4 0
204 wait 209 205 2100
204 wait 201 205 2300
204 irecv 236 3100 200 0
204 irecv 172 3300 200 0
204 send 236 3300 12 0
204 send 172 3100 12 0
204 wait 237 205 3100
204 wait 173 205 3300
204 irecv 205 1100 200 0
204 irecv 207 1300 200 0
204 send 205 1300 4 0
204 send 207 1100 4 0
204 wait 206 205 1100
204 wait 208 205 1300
204 irecv 208 2100 200 0
204 irecv 200 2300 200 0
204 send 208 2300 12 0
204 send 200 2100 12 0
204 wait 209 205 2100
204 wait 201 205 2300
204 irecv 236 3100 200 0
204 irecv 172 3300 200 0
204 send 236 3300 24 0
204 send 172 3100 24 0
204 wait 237 205 3100
204 wait 173 205 3300
204 irecv 205 1100 200 0
204 irecv 207 1300 200 0
204 send 205 1300 4 0
204 send 207 1100 4 0
204 wait 206 205 1100
204 wait 208 205 1300
204 irecv 208 2100 200 0
204 irecv 200 2300 200 0
204 send 208 2300 12 0
204 send 200 2100 12 0
204 wait 209 205 2100
204 wait 201 205 2300
204 irecv 236 3100 200 0
204 irecv 172 3300 200 0
204 send 236 3300 24 0
204 send 172 3100 24 0
204 wait 237 205 3100
204 wait 173 205 3300
204 irecv 205 1100 200 0
204 irecv 207 1300 200 0
204 send 205 1300 16 0
204 send 207 1100 16 0
204 wait 206 205 1100
204 wait 208 205 1300
204 irecv 208 2100 200 0
204 irecv 200 2300 200 0
204 send 208 2300 40 0
204 send 200 2100 40 0
204 wait 209 205 2100
204 wait 201 205 2300
204 irecv 236 3100 200 0
204 irecv 172 3300 200 0
204 send 236 3300 60 0
204 send 172 3100 60 0
204 wait 237 205 3100
204 wait 173 205 3300
204 irecv 205 1100 200 0
204 irecv 207 1300 200 0
204 send 205 1300 16 0
204 send 207 1100 16 0
204 wait 206 205 1100
204 wait 208 205 1300
204 irecv 208 2100 200 0
204 irecv 200 2300 200 0
204 send 208 2300 40 0
204 send 200 2100 40 0
204 wait 209 205 2100
204 wait 201 205 2300
204 irecv 236 3100 200 0
204 irecv 172 3300 200 0
204 send 236 3300 60 0
204 send 172 3100 60 0
204 wait 237 205 3100
204 wait 173 205 3300
204 irecv 205 1100 200 0
204 irecv 207 1300 200 0
204 send 205 1300 16 0
204 send 207 1100 16 0
204 wait 206 205 1100
204 wait 208 205 1300
204 irecv 208 2100 200 0
204 irecv 200 2300 200 0
204 send 208 2300 40 0
204 send 200 2100 40 0
204 wait 209 205 2100
204 wait 201 205 2300
204 irecv 236 3100 200 0
204 irecv 172 3300 200 0
204 send 236 3300 60 0
204 send 172 3100 60 0
204 wait 237 205 3100
204 wait 173 205 3300
204 irecv 205 1100 200 0
204 irecv 207 1300 200 0
204 send 205 1300 4 0
204 send 207 1100 4 0
204 wait 206 205 1100
204 wait 208 205 1300
204 irecv 208 2100 200 0
204 irecv 200 2300 200 0
204 send 208 2300 12 0
204 send 200 2100 12 0
204 wait 209 205 2100
204 wait 201 205 2300
204 irecv 236 3100 200 0
204 irecv 172 3300 200 0
204 send 236 3300 24 0
204 send 172 3100 24 0
204 wait 237 205 3100
204 wait 173 205 3300
204 irecv 205 1100 200 0
204 irecv 207 1300 200 0
204 send 205 1300 1 0
204 send 207 1100 1 0
204 wait 206 205 1100
204 wait 208 205 1300
204 irecv 208 2100 200 0
204 irecv 200 2300 200 0
204 send 208 2300 4 0
204 send 200 2100 4 0
204 wait 209 205 2100
204 wait 201 205 2300
204 irecv 236 3100 200 0
204 irecv 172 3300 200 0
204 send 236 3300 12 0
204 send 172 3100 12 0
204 wait 237 205 3100
204 wait 173 205 3300
204 irecv 205 1100 200 0
204 irecv 207 1300 200 0
204 wait 206 205 1100
204 wait 208 205 1300
204 send 212 2300 12 0
204 send 196 2100 6 0
204 send 208 2300 24 0
204 send 200 2100 12 0
204 irecv 236 3100 200 0
204 irecv 172 3300 200 0
204 wait 237 205 3100
204 wait 173 205 3300
204 irecv 205 1100 200 0
204 irecv 207 1300 200 0
204 send 205 1300 1 0
204 send 207 1100 1 0
204 wait 206 205 1100
204 wait 208 205 1300
204 irecv 208 2100 200 0
204 irecv 200 2300 200 0
204 send 208 2300 4 0
204 send 200 2100 4 0
204 wait 209 205 2100
204 wait 201 205 2300
204 irecv 236 3100 200 0
204 irecv 172 3300 200 0
204 send 236 3300 12 0
204 send 172 3100 12 0
204 wait 237 205 3100
204 wait 173 205 3300
204 irecv 205 1100 200 0
204 irecv 207 1300 200 0
204 send 205 1300 1 0
204 send 207 1100 1 0
204 wait 206 205 1100
204 wait 208 205 1300
204 irecv 208 2100 200 0
204 irecv 200 2300 200 0
204 send 208 2300 4 0
204 send 200 2100 4 0
204 wait 209 205 2100
204 wait 201 205 2300
204 irecv 236 3100 200 0
204 irecv 172 3300 200 0
204 send 236 3300 12 0
204 send 172 3100 12 0
204 wait 237 205 3100
204 wait 173 205 3300
204 irecv 205 1100 200 0
204 irecv 207 1300 200 0
204 send 205 1300 4 0
204 send 207 1100 4 0
204 wait 206 205 1100
204 wait 208 205 1300
204 irecv 208 2100 200 0
204 irecv 200 2300 200 0
204 send 208 2300 12 0
204 send 200 2100 12 0
204 wait 209 205 2100
204 wait 201 205 2300
204 irecv 236 3100 200 0
204 irecv 172 3300 200 0
204 send 236 3300 24 0
204 send 172 3100 24 0
204 wait 237 205 3100
204 wait 173 205 3300
204 irecv 205 1100 200 0
204 irecv 207 1300 200 0
204 send 205 1300 4 0
204 send 207 1100 4 0
204 wait 206 205 1100
204 wait 208 205 1300
204 irecv 208 2100 200 0
204 irecv 200 2300 200 0
204 send 208 2300 12 0
204 send 200 2100 12 0
204 wait 209 205 2100
204 wait 201 205 2300
204 irecv 236 3100 200 0
204 irecv 172 3300 200 0
204 send 236 3300 24 0
204 send 172 3100 24 0
204 wait 237 205 3100
204 wait 173 205 3300
204 irecv 205 1100 200 0
204 irecv 207 1300 200 0
204 send 205 1300 16 0
204 send 207 1100 16 0
204 wait 206 205 1100
204 wait 208 205 1300
204 irecv 208 2100 200 0
204 irecv 200 2300 200 0
204 send 208 2300 40 0
204 send 200 2100 40 0
204 wait 209 205 2100
204 wait 201 205 2300
204 irecv 236 3100 200 0
204 irecv 172 3300 200 0
204 send 236 3300 60 0
204 send 172 3100 60 0
204 wait 237 205 3100
204 wait 173 205 3300
204 irecv 205 1100 200 0
204 irecv 207 1300 200 0
204 send 205 1300 16 0
204 send 207 1100 16 0
204 wait 206 205 1100
204 wait 208 205 1300
204 irecv 208 2100 200 0
204 irecv 200 2300 200 0
204 send 208 2300 40 0
204 send 200 2100 40 0
204 wait 209 205 2100
204 wait 201 205 2300
204 irecv 236 3100 200 0
204 irecv 172 3300 200 0
204 send 236 3300 60 0
204 send 172 3100 60 0
204 wait 237 205 3100
204 wait 173 205 3300
204 irecv 205 1100 200 0
204 irecv 207 1300 200 0
204 send 205 1300 16 0
204 send 207 1100 16 0
204 wait 206 205 1100
204 wait 208 205 1300
204 irecv 208 2100 200 0
204 irecv 200 2300 200 0
204 send 208 2300 40 0
204 send 200 2100 40 0
204 wait 209 205 2100
204 wait 201 205 2300
204 irecv 236 3100 200 0
204 irecv 172 3300 200 0
204 send 236 3300 60 0
204 send 172 3100 60 0
204 wait 237 205 3100
204 wait 173 205 3300
204 irecv 205 1100 200 0
204 irecv 207 1300 200 0
204 send 205 1300 4 0
204 send 207 1100 4 0
204 wait 206 205 1100
204 wait 208 205 1300
204 irecv 208 2100 200 0
204 irecv 200 2300 200 0
204 send 208 2300 12 0
204 send 200 2100 12 0
204 wait 209 205 2100
204 wait 201 205 2300
204 irecv 236 3100 200 0
204 irecv 172 3300 200 0
204 send 236 3300 24 0
204 send 172 3100 24 0
204 wait 237 205 3100
204 wait 173 205 3300
204 irecv 205 1100 200 0
204 irecv 207 1300 200 0
204 send 205 1300 1 0
204 send 207 1100 1 0
204 wait 206 205 1100
204 wait 208 205 1300
204 irecv 208 2100 200 0
204 irecv 200 2300 200 0
204 send 208 2300 4 0
204 send 200 2100 4 0
204 wait 209 205 2100
204 wait 201 205 2300
204 irecv 236 3100 200 0
204 irecv 172 3300 200 0
204 send 236 3300 12 0
204 send 172 3100 12 0
204 wait 237 205 3100
204 wait 173 205 3300
204 irecv 205 1100 200 0
204 irecv 207 1300 200 0
204 wait 206 205 1100
204 wait 208 205 1300
204 send 212 2300 12 0
204 send 196 2100 6 0
204 send 208 2300 24 0
204 send 200 2100 12 0
204 irecv 236 3100 200 0
204 irecv 172 3300 200 0
204 wait 237 205 3100
204 wait 173 205 3300
204 irecv 205 1100 200 0
204 irecv 207 1300 200 0
204 send 205 1300 1 0
204 send 207 1100 1 0
204 wait 206 205 1100
204 wait 208 205 1300
204 irecv 208 2100 200 0
204 irecv 200 2300 200 0
204 send 208 2300 4 0
204 send 200 2100 4 0
204 wait 209 205 2100
204 wait 201 205 2300
204 irecv 236 3100 200 0
204 irecv 172 3300 200 0
204 send 236 3300 12 0
204 send 172 3100 12 0
204 wait 237 205 3100
204 wait 173 205 3300
204 irecv 205 1100 200 0
204 irecv 207 1300 200 0
204 send 205 1300 1 0
204 send 207 1100 1 0
204 wait 206 205 1100
204 wait 208 205 1300
204 irecv 208 2100 200 0
204 irecv 200 2300 200 0
204 send 208 2300 4 0
204 send 200 2100 4 0
204 wait 209 205 2100
204 wait 201 205 2300
204 irecv 236 3100 200 0
204 irecv 172 3300 200 0
204 send 236 3300 12 0
204 send 172 3100 12 0
204 wait 237 205 3100
204 wait 173 205 3300
204 irecv 205 1100 200 0
204 irecv 207 1300 200 0
204 send 205 1300 4 0
204 send 207 1100 4 0
204 wait 206 205 1100
204 wait 208 205 1300
204 irecv 208 2100 200 0
204 irecv 200 2300 200 0
204 send 208 2300 12 0
204 send 200 2100 12 0
204 wait 209 205 2100
204 wait 201 205 2300
204 irecv 236 3100 200 0
204 irecv 172 3300 200 0
204 send 236 3300 24 0
204 send 172 3100 24 0
204 wait 237 205 3100
204 wait 173 205 3300
204 irecv 205 1100 200 0
204 irecv 207 1300 200 0
204 send 205 1300 4 0
204 send 207 1100 4 0
204 wait 206 205 1100
204 wait 208 205 1300
204 irecv 208 2100 200 0
204 irecv 200 2300 200 0
204 send 208 2300 12 0
204 send 200 2100 12 0
204 wait 209 205 2100
204 wait 201 205 2300
204 irecv 236 3100 200 0
204 irecv 172 3300 200 0
204 send 236 3300 24 0
204 send 172 3100 24 0
204 wait 237 205 3100
204 wait 173 205 3300
204 irecv 205 1100 200 0
204 irecv 207 1300 200 0
204 send 205 1300 16 0
204 send 207 1100 16 0
204 wait 206 205 1100
204 wait 208 205 1300
204 irecv 208 2100 200 0
204 irecv 200 2300 200 0
204 send 208 2300 40 0
204 send 200 2100 40 0
204 wait 209 205 2100
204 wait 201 205 2300
204 irecv 236 3100 200 0
204 irecv 172 3300 200 0
204 send 236 3300 60 0
204 send 172 3100 60 0
204 wait 237 205 3100
204 wait 173 205 3300
204 irecv 205 1100 200 0
204 irecv 207 1300 200 0
204 send 205 1300 16 0
204 send 207 1100 16 0
204 wait 206 205 1100
204 wait 208 205 1300
204 irecv 208 2100 200 0
204 irecv 200 2300 200 0
204 send 208 2300 40 0
204 send 200 2100 40 0
204 wait 209 205 2100
204 wait 201 205 2300
204 irecv 236 3100 200 0
204 irecv 172 3300 200 0
204 send 236 3300 60 0
204 send 172 3100 60 0
204 wait 237 205 3100
204 wait 173 205 3300
204 irecv 205 1100 200 0
204 irecv 207 1300 200 0
204 send 205 1300 16 0
204 send 207 1100 16 0
204 wait 206 205 1100
204 wait 208 205 1300
204 irecv 208 2100 200 0
204 irecv 200 2300 200 0
204 send 208 2300 40 0
204 send 200 2100 40 0
204 wait 209 205 2100
204 wait 201 205 2300
204 irecv 236 3100 200 0
204 irecv 172 3300 200 0
204 send 236 3300 60 0
204 send 172 3100 60 0
204 wait 237 205 3100
204 wait 173 205 3300
204 allreduce 1 0 0 
204 allreduce 1 0 0 
204 reduce 1 0 0 0 
204 finalize
