235 init
235 barrier
235 bcast 1 0 1 
235 bcast 1 0 1 
235 bcast 1 0 1 
235 bcast 1 0 1 
235 bcast 1 0 1 
235 bcast 8 0 1 
235 bcast 1 0 16 
235 barrier
235 allreduce 1 0 0 
235 allreduce 4 0 1 
235 allreduce 1 0 0 
235 allreduce 4 0 1 
235 allreduce 1 0 0 
235 allreduce 4 0 1 
235 allreduce 1 0 0 
235 allreduce 4 0 1 
235 allreduce 1 0 0 
235 allreduce 4 0 1 
235 allreduce 1 0 0 
235 allreduce 4 0 1 
235 allreduce 1 0 0 
235 allreduce 4 0 1 
235 allreduce 1 0 0 
235 allreduce 4 0 1 
235 allreduce 1 0 0 
235 allreduce 4 0 1 
235 allreduce 1 0 0 
235 allreduce 4 0 1 
235 allreduce 1 0 0 
235 allreduce 4 0 1 
235 allreduce 1 0 0 
235 allreduce 4 0 1 
235 allreduce 1 0 0 
235 allreduce 4 0 1 
235 allreduce 1 0 0 
235 allreduce 4 0 1 
235 allreduce 1 0 0 
235 allreduce 4 0 1 
235 allreduce 1 0 0 
235 allreduce 4 0 1 
235 allreduce 1 0 0 
235 allreduce 4 0 1 
235 allreduce 1 0 0 
235 allreduce 4 0 1 
235 allreduce 1 0 0 
235 allreduce 4 0 1 
235 allreduce 1 0 0 
235 allreduce 4 0 1 
235 barrier
235 irecv 232 1100 200 0
235 irecv 234 1300 200 0
235 send 232 1300 16 0
235 send 234 1100 16 0
235 wait 233 236 1100
235 wait 235 236 1300
235 irecv 239 2100 200 0
235 irecv 231 2300 200 0
235 send 239 2300 40 0
235 send 231 2100 40 0
235 wait 240 236 2100
235 wait 232 236 2300
235 irecv 11 3100 200 0
235 irecv 203 3300 200 0
235 send 11 3300 60 0
235 send 203 3100 60 0
235 wait 12 236 3100
235 wait 204 236 3300
235 allreduce 1 0 0 
235 allreduce 1 0 0 
235 irecv 232 1100 200 0
235 irecv 234 1300 200 0
235 send 232 1300 16 0
235 send 234 1100 16 0
235 wait 233 236 1100
235 wait 235 236 1300
235 irecv 239 2100 200 0
235 irecv 231 2300 200 0
235 send 239 2300 40 0
235 send 231 2100 40 0
235 wait 240 236 2100
235 wait 232 236 2300
235 irecv 11 3100 200 0
235 irecv 203 3300 200 0
235 send 11 3300 60 0
235 send 203 3100 60 0
235 wait 12 236 3100
235 wait 204 236 3300
235 allreduce 1 0 0 
235 allreduce 1 0 0 
235 irecv 232 1100 200 0
235 irecv 234 1300 200 0
235 send 232 1300 4 0
235 send 234 1100 4 0
235 wait 233 236 1100
235 wait 235 236 1300
235 irecv 239 2100 200 0
235 irecv 231 2300 200 0
235 send 239 2300 12 0
235 send 231 2100 12 0
235 wait 240 236 2100
235 wait 232 236 2300
235 irecv 11 3100 200 0
235 irecv 203 3300 200 0
235 send 11 3300 24 0
235 send 203 3100 24 0
235 wait 12 236 3100
235 wait 204 236 3300
235 irecv 232 1100 200 0
235 irecv 234 1300 200 0
235 send 232 1300 1 0
235 send 234 1100 1 0
235 wait 233 236 1100
235 wait 235 236 1300
235 irecv 239 2100 200 0
235 irecv 231 2300 200 0
235 send 239 2300 4 0
235 send 231 2100 4 0
235 wait 240 236 2100
235 wait 232 236 2300
235 irecv 11 3100 200 0
235 irecv 203 3300 200 0
235 send 11 3300 12 0
235 send 203 3100 12 0
235 wait 12 236 3100
235 wait 204 236 3300
235 send 232 1300 12 0
235 send 234 1100 6 0
235 send 43 3300 12 0
235 send 171 3100 6 0
235 irecv 239 2100 200 0
235 irecv 231 2300 200 0
235 wait 240 236 2100
235 wait 232 236 2300
235 send 11 3300 24 0
235 send 203 3100 12 0
235 irecv 232 1100 200 0
235 irecv 234 1300 200 0
235 send 232 1300 1 0
235 send 234 1100 1 0
235 wait 233 236 1100
235 wait 235 236 1300
235 irecv 239 2100 200 0
235 irecv 231 2300 200 0
235 send 239 2300 4 0
235 send 231 2100 4 0
235 wait 240 236 2100
235 wait 232 236 2300
235 irecv 11 3100 200 0
235 irecv 203 3300 200 0
235 send 11 3300 12 0
235 send 203 3100 12 0
235 wait 12 236 3100
235 wait 204 236 3300
235 irecv 232 1100 200 0
235 irecv 234 1300 200 0
235 send 232 1300 1 0
235 send 234 1100 1 0
235 wait 233 236 1100
235 wait 235 236 1300
235 irecv 239 2100 200 0
235 irecv 231 2300 200 0
235 send 239 2300 4 0
235 send 231 2100 4 0
235 wait 240 236 2100
235 wait 232 236 2300
235 irecv 11 3100 200 0
235 irecv 203 3300 200 0
235 send 11 3300 12 0
235 send 203 3100 12 0
235 wait 12 236 3100
235 wait 204 236 3300
235 irecv 232 1100 200 0
235 irecv 234 1300 200 0
235 send 232 1300 4 0
235 send 234 1100 4 0
235 wait 233 236 1100
235 wait 235 236 1300
235 irecv 239 2100 200 0
235 irecv 231 2300 200 0
235 send 239 2300 12 0
235 send 231 2100 12 0
235 wait 240 236 2100
235 wait 232 236 2300
235 irecv 11 3100 200 0
235 irecv 203 3300 200 0
235 send 11 3300 24 0
235 send 203 3100 24 0
235 wait 12 236 3100
235 wait 204 236 3300
235 irecv 232 1100 200 0
235 irecv 234 1300 200 0
235 send 232 1300 4 0
235 send 234 1100 4 0
235 wait 233 236 1100
235 wait 235 236 1300
235 irecv 239 2100 200 0
235 irecv 231 2300 200 0
235 send 239 2300 12 0
235 send 231 2100 12 0
235 wait 240 236 2100
235 wait 232 236 2300
235 irecv 11 3100 200 0
235 irecv 203 3300 200 0
235 send 11 3300 24 0
235 send 203 3100 24 0
235 wait 12 236 3100
235 wait 204 236 3300
235 irecv 232 1100 200 0
235 irecv 234 1300 200 0
235 send 232 1300 16 0
235 send 234 1100 16 0
235 wait 233 236 1100
235 wait 235 236 1300
235 irecv 239 2100 200 0
235 irecv 231 2300 200 0
235 send 239 2300 40 0
235 send 231 2100 40 0
235 wait 240 236 2100
235 wait 232 236 2300
235 irecv 11 3100 200 0
235 irecv 203 3300 200 0
235 send 11 3300 60 0
235 send 203 3100 60 0
235 wait 12 236 3100
235 wait 204 236 3300
235 irecv 232 1100 200 0
235 irecv 234 1300 200 0
235 send 232 1300 16 0
235 send 234 1100 16 0
235 wait 233 236 1100
235 wait 235 236 1300
235 irecv 239 2100 200 0
235 irecv 231 2300 200 0
235 send 239 2300 40 0
235 send 231 2100 40 0
235 wait 240 236 2100
235 wait 232 236 2300
235 irecv 11 3100 200 0
235 irecv 203 3300 200 0
235 send 11 3300 60 0
235 send 203 3100 60 0
235 wait 12 236 3100
235 wait 204 236 3300
235 irecv 232 1100 200 0
235 irecv 234 1300 200 0
235 send 232 1300 16 0
235 send 234 1100 16 0
235 wait 233 236 1100
235 wait 235 236 1300
235 irecv 239 2100 200 0
235 irecv 231 2300 200 0
235 send 239 2300 40 0
235 send 231 2100 40 0
235 wait 240 236 2100
235 wait 232 236 2300
235 irecv 11 3100 200 0
235 irecv 203 3300 200 0
235 send 11 3300 60 0
235 send 203 3100 60 0
235 wait 12 236 3100
235 wait 204 236 3300
235 barrier
235 allreduce 1 0 0 
235 allreduce 4 0 1 
235 allreduce 1 0 0 
235 allreduce 4 0 1 
235 allreduce 1 0 0 
235 allreduce 4 0 1 
235 allreduce 1 0 0 
235 allreduce 4 0 1 
235 allreduce 1 0 0 
235 allreduce 4 0 1 
235 allreduce 1 0 0 
235 allreduce 4 0 1 
235 allreduce 1 0 0 
235 allreduce 4 0 1 
235 allreduce 1 0 0 
235 allreduce 4 0 1 
235 allreduce 1 0 0 
235 allreduce 4 0 1 
235 allreduce 1 0 0 
235 allreduce 4 0 1 
235 allreduce 1 0 0 
235 allreduce 4 0 1 
235 allreduce 1 0 0 
235 allreduce 4 0 1 
235 allreduce 1 0 0 
235 allreduce 4 0 1 
235 allreduce 1 0 0 
235 allreduce 4 0 1 
235 allreduce 1 0 0 
235 allreduce 4 0 1 
235 allreduce 1 0 0 
235 allreduce 4 0 1 
235 allreduce 1 0 0 
235 allreduce 4 0 1 
235 allreduce 1 0 0 
235 allreduce 4 0 1 
235 allreduce 1 0 0 
235 allreduce 4 0 1 
235 allreduce 1 0 0 
235 allreduce 4 0 1 
235 barrier
235 irecv 232 1100 200 0
235 irecv 234 1300 200 0
235 send 232 1300 16 0
235 send 234 1100 16 0
235 wait 233 236 1100
235 wait 235 236 1300
235 irecv 239 2100 200 0
235 irecv 231 2300 200 0
235 send 239 2300 40 0
235 send 231 2100 40 0
235 wait 240 236 2100
235 wait 232 236 2300
235 irecv 11 3100 200 0
235 irecv 203 3300 200 0
235 send 11 3300 60 0
235 send 203 3100 60 0
235 wait 12 236 3100
235 wait 204 236 3300
235 barrier
235 irecv 232 1100 200 0
235 irecv 234 1300 200 0
235 send 232 1300 16 0
235 send 234 1100 16 0
235 wait 233 236 1100
235 wait 235 236 1300
235 irecv 239 2100 200 0
235 irecv 231 2300 200 0
235 send 239 2300 40 0
235 send 231 2100 40 0
235 wait 240 236 2100
235 wait 232 236 2300
235 irecv 11 3100 200 0
235 irecv 203 3300 200 0
235 send 11 3300 60 0
235 send 203 3100 60 0
235 wait 12 236 3100
235 wait 204 236 3300
235 allreduce 1 0 0 
235 allreduce 1 0 0 
235 irecv 232 1100 200 0
235 irecv 234 1300 200 0
235 send 232 1300 4 0
235 send 234 1100 4 0
235 wait 233 236 1100
235 wait 235 236 1300
235 irecv 239 2100 200 0
235 irecv 231 2300 200 0
235 send 239 2300 12 0
235 send 231 2100 12 0
235 wait 240 236 2100
235 wait 232 236 2300
235 irecv 11 3100 200 0
235 irecv 203 3300 200 0
235 send 11 3300 24 0
235 send 203 3100 24 0
235 wait 12 236 3100
235 wait 204 236 3300
235 irecv 232 1100 200 0
235 irecv 234 1300 200 0
235 send 232 1300 1 0
235 send 234 1100 1 0
235 wait 233 236 1100
235 wait 235 236 1300
235 irecv 239 2100 200 0
235 irecv 231 2300 200 0
235 send 239 2300 4 0
235 send 231 2100 4 0
235 wait 240 236 2100
235 wait 232 236 2300
235 irecv 11 3100 200 0
235 irecv 203 3300 200 0
235 send 11 3300 12 0
235 send 203 3100 12 0
235 wait 12 236 3100
235 wait 204 236 3300
235 send 232 1300 12 0
235 send 234 1100 6 0
235 send 43 3300 12 0
235 send 171 3100 6 0
235 irecv 239 2100 200 0
235 irecv 231 2300 200 0
235 wait 240 236 2100
235 wait 232 236 2300
235 send 11 3300 24 0
235 send 203 3100 12 0
235 irecv 232 1100 200 0
235 irecv 234 1300 200 0
235 send 232 1300 1 0
235 send 234 1100 1 0
235 wait 233 236 1100
235 wait 235 236 1300
235 irecv 239 2100 200 0
235 irecv 231 2300 200 0
235 send 239 2300 4 0
235 send 231 2100 4 0
235 wait 240 236 2100
235 wait 232 236 2300
235 irecv 11 3100 200 0
235 irecv 203 3300 200 0
235 send 11 3300 12 0
235 send 203 3100 12 0
235 wait 12 236 3100
235 wait 204 236 3300
235 irecv 232 1100 200 0
235 irecv 234 1300 200 0
235 send 232 1300 1 0
235 send 234 1100 1 0
235 wait 233 236 1100
235 wait 235 236 1300
235 irecv 239 2100 200 0
235 irecv 231 2300 200 0
235 send 239 2300 4 0
235 send 231 2100 4 0
235 wait 240 236 2100
235 wait 232 236 2300
235 irecv 11 3100 200 0
235 irecv 203 3300 200 0
235 send 11 3300 12 0
235 send 203 3100 12 0
235 wait 12 236 3100
235 wait 204 236 3300
235 irecv 232 1100 200 0
235 irecv 234 1300 200 0
235 send 232 1300 4 0
235 send 234 1100 4 0
235 wait 233 236 1100
235 wait 235 236 1300
235 irecv 239 2100 200 0
235 irecv 231 2300 200 0
235 send 239 2300 12 0
235 send 231 2100 12 0
235 wait 240 236 2100
235 wait 232 236 2300
235 irecv 11 3100 200 0
235 irecv 203 3300 200 0
235 send 11 3300 24 0
235 send 203 3100 24 0
235 wait 12 236 3100
235 wait 204 236 3300
235 irecv 232 1100 200 0
235 irecv 234 1300 200 0
235 send 232 1300 4 0
235 send 234 1100 4 0
235 wait 233 236 1100
235 wait 235 236 1300
235 irecv 239 2100 200 0
235 irecv 231 2300 200 0
235 send 239 2300 12 0
235 send 231 2100 12 0
235 wait 240 236 2100
235 wait 232 236 2300
235 irecv 11 3100 200 0
235 irecv 203 3300 200 0
235 send 11 3300 24 0
235 send 203 3100 24 0
235 wait 12 236 3100
235 wait 204 236 3300
235 irecv 232 1100 200 0
235 irecv 234 1300 200 0
235 send 232 1300 16 0
235 send 234 1100 16 0
235 wait 233 236 1100
235 wait 235 236 1300
235 irecv 239 2100 200 0
235 irecv 231 2300 200 0
235 send 239 2300 40 0
235 send 231 2100 40 0
235 wait 240 236 2100
235 wait 232 236 2300
235 irecv 11 3100 200 0
235 irecv 203 3300 200 0
235 send 11 3300 60 0
235 send 203 3100 60 0
235 wait 12 236 3100
235 wait 204 236 3300
235 irecv 232 1100 200 0
235 irecv 234 1300 200 0
235 send 232 1300 16 0
235 send 234 1100 16 0
235 wait 233 236 1100
235 wait 235 236 1300
235 irecv 239 2100 200 0
235 irecv 231 2300 200 0
235 send 239 2300 40 0
235 send 231 2100 40 0
235 wait 240 236 2100
235 wait 232 236 2300
235 irecv 11 3100 200 0
235 irecv 203 3300 200 0
235 send 11 3300 60 0
235 send 203 3100 60 0
235 wait 12 236 3100
235 wait 204 236 3300
235 irecv 232 1100 200 0
235 irecv 234 1300 200 0
235 send 232 1300 16 0
235 send 234 1100 16 0
235 wait 233 236 1100
235 wait 235 236 1300
235 irecv 239 2100 200 0
235 irecv 231 2300 200 0
235 send 239 2300 40 0
235 send 231 2100 40 0
235 wait 240 236 2100
235 wait 232 236 2300
235 irecv 11 3100 200 0
235 irecv 203 3300 200 0
235 send 11 3300 60 0
235 send 203 3100 60 0
235 wait 12 236 3100
235 wait 204 236 3300
235 irecv 232 1100 200 0
235 irecv 234 1300 200 0
235 send 232 1300 4 0
235 send 234 1100 4 0
235 wait 233 236 1100
235 wait 235 236 1300
235 irecv 239 2100 200 0
235 irecv 231 2300 200 0
235 send 239 2300 12 0
235 send 231 2100 12 0
235 wait 240 236 2100
235 wait 232 236 2300
235 irecv 11 3100 200 0
235 irecv 203 3300 200 0
235 send 11 3300 24 0
235 send 203 3100 24 0
235 wait 12 236 3100
235 wait 204 236 3300
235 irecv 232 1100 200 0
235 irecv 234 1300 200 0
235 send 232 1300 1 0
235 send 234 1100 1 0
235 wait 233 236 1100
235 wait 235 236 1300
235 irecv 239 2100 200 0
235 irecv 231 2300 200 0
235 send 239 2300 4 0
235 send 231 2100 4 0
235 wait 240 236 2100
235 wait 232 236 2300
235 irecv 11 3100 200 0
235 irecv 203 3300 200 0
235 send 11 3300 12 0
235 send 203 3100 12 0
235 wait 12 236 3100
235 wait 204 236 3300
235 send 232 1300 12 0
235 send 234 1100 6 0
235 send 43 3300 12 0
235 send 171 3100 6 0
235 irecv 239 2100 200 0
235 irecv 231 2300 200 0
235 wait 240 236 2100
235 wait 232 236 2300
235 send 11 3300 24 0
235 send 203 3100 12 0
235 irecv 232 1100 200 0
235 irecv 234 1300 200 0
235 send 232 1300 1 0
235 send 234 1100 1 0
235 wait 233 236 1100
235 wait 235 236 1300
235 irecv 239 2100 200 0
235 irecv 231 2300 200 0
235 send 239 2300 4 0
235 send 231 2100 4 0
235 wait 240 236 2100
235 wait 232 236 2300
235 irecv 11 3100 200 0
235 irecv 203 3300 200 0
235 send 11 3300 12 0
235 send 203 3100 12 0
235 wait 12 236 3100
235 wait 204 236 3300
235 irecv 232 1100 200 0
235 irecv 234 1300 200 0
235 send 232 1300 1 0
235 send 234 1100 1 0
235 wait 233 236 1100
235 wait 235 236 1300
235 irecv 239 2100 200 0
235 irecv 231 2300 200 0
235 send 239 2300 4 0
235 send 231 2100 4 0
235 wait 240 236 2100
235 wait 232 236 2300
235 irecv 11 3100 200 0
235 irecv 203 3300 200 0
235 send 11 3300 12 0
235 send 203 3100 12 0
235 wait 12 236 3100
235 wait 204 236 3300
235 irecv 232 1100 200 0
235 irecv 234 1300 200 0
235 send 232 1300 4 0
235 send 234 1100 4 0
235 wait 233 236 1100
235 wait 235 236 1300
235 irecv 239 2100 200 0
235 irecv 231 2300 200 0
235 send 239 2300 12 0
235 send 231 2100 12 0
235 wait 240 236 2100
235 wait 232 236 2300
235 irecv 11 3100 200 0
235 irecv 203 3300 200 0
235 send 11 3300 24 0
235 send 203 3100 24 0
235 wait 12 236 3100
235 wait 204 236 3300
235 irecv 232 1100 200 0
235 irecv 234 1300 200 0
235 send 232 1300 4 0
235 send 234 1100 4 0
235 wait 233 236 1100
235 wait 235 236 1300
235 irecv 239 2100 200 0
235 irecv 231 2300 200 0
235 send 239 2300 12 0
235 send 231 2100 12 0
235 wait 240 236 2100
235 wait 232 236 2300
235 irecv 11 3100 200 0
235 irecv 203 3300 200 0
235 send 11 3300 24 0
235 send 203 3100 24 0
235 wait 12 236 3100
235 wait 204 236 3300
235 irecv 232 1100 200 0
235 irecv 234 1300 200 0
235 send 232 1300 16 0
235 send 234 1100 16 0
235 wait 233 236 1100
235 wait 235 236 1300
235 irecv 239 2100 200 0
235 irecv 231 2300 200 0
235 send 239 2300 40 0
235 send 231 2100 40 0
235 wait 240 236 2100
235 wait 232 236 2300
235 irecv 11 3100 200 0
235 irecv 203 3300 200 0
235 send 11 3300 60 0
235 send 203 3100 60 0
235 wait 12 236 3100
235 wait 204 236 3300
235 irecv 232 1100 200 0
235 irecv 234 1300 200 0
235 send 232 1300 16 0
235 send 234 1100 16 0
235 wait 233 236 1100
235 wait 235 236 1300
235 irecv 239 2100 200 0
235 irecv 231 2300 200 0
235 send 239 2300 40 0
235 send 231 2100 40 0
235 wait 240 236 2100
235 wait 232 236 2300
235 irecv 11 3100 200 0
235 irecv 203 3300 200 0
235 send 11 3300 60 0
235 send 203 3100 60 0
235 wait 12 236 3100
235 wait 204 236 3300
235 irecv 232 1100 200 0
235 irecv 234 1300 200 0
235 send 232 1300 16 0
235 send 234 1100 16 0
235 wait 233 236 1100
235 wait 235 236 1300
235 irecv 239 2100 200 0
235 irecv 231 2300 200 0
235 send 239 2300 40 0
235 send 231 2100 40 0
235 wait 240 236 2100
235 wait 232 236 2300
235 irecv 11 3100 200 0
235 irecv 203 3300 200 0
235 send 11 3300 60 0
235 send 203 3100 60 0
235 wait 12 236 3100
235 wait 204 236 3300
235 irecv 232 1100 200 0
235 irecv 234 1300 200 0
235 send 232 1300 4 0
235 send 234 1100 4 0
235 wait 233 236 1100
235 wait 235 236 1300
235 irecv 239 2100 200 0
235 irecv 231 2300 200 0
235 send 239 2300 12 0
235 send 231 2100 12 0
235 wait 240 236 2100
235 wait 232 236 2300
235 irecv 11 3100 200 0
235 irecv 203 3300 200 0
235 send 11 3300 24 0
235 send 203 3100 24 0
235 wait 12 236 3100
235 wait 204 236 3300
235 irecv 232 1100 200 0
235 irecv 234 1300 200 0
235 send 232 1300 1 0
235 send 234 1100 1 0
235 wait 233 236 1100
235 wait 235 236 1300
235 irecv 239 2100 200 0
235 irecv 231 2300 200 0
235 send 239 2300 4 0
235 send 231 2100 4 0
235 wait 240 236 2100
235 wait 232 236 2300
235 irecv 11 3100 200 0
235 irecv 203 3300 200 0
235 send 11 3300 12 0
235 send 203 3100 12 0
235 wait 12 236 3100
235 wait 204 236 3300
235 send 232 1300 12 0
235 send 234 1100 6 0
235 send 43 3300 12 0
235 send 171 3100 6 0
235 irecv 239 2100 200 0
235 irecv 231 2300 200 0
235 wait 240 236 2100
235 wait 232 236 2300
235 send 11 3300 24 0
235 send 203 3100 12 0
235 irecv 232 1100 200 0
235 irecv 234 1300 200 0
235 send 232 1300 1 0
235 send 234 1100 1 0
235 wait 233 236 1100
235 wait 235 236 1300
235 irecv 239 2100 200 0
235 irecv 231 2300 200 0
235 send 239 2300 4 0
235 send 231 2100 4 0
235 wait 240 236 2100
235 wait 232 236 2300
235 irecv 11 3100 200 0
235 irecv 203 3300 200 0
235 send 11 3300 12 0
235 send 203 3100 12 0
235 wait 12 236 3100
235 wait 204 236 3300
235 irecv 232 1100 200 0
235 irecv 234 1300 200 0
235 send 232 1300 1 0
235 send 234 1100 1 0
235 wait 233 236 1100
235 wait 235 236 1300
235 irecv 239 2100 200 0
235 irecv 231 2300 200 0
235 send 239 2300 4 0
235 send 231 2100 4 0
235 wait 240 236 2100
235 wait 232 236 2300
235 irecv 11 3100 200 0
235 irecv 203 3300 200 0
235 send 11 3300 12 0
235 send 203 3100 12 0
235 wait 12 236 3100
235 wait 204 236 3300
235 irecv 232 1100 200 0
235 irecv 234 1300 200 0
235 send 232 1300 4 0
235 send 234 1100 4 0
235 wait 233 236 1100
235 wait 235 236 1300
235 irecv 239 2100 200 0
235 irecv 231 2300 200 0
235 send 239 2300 12 0
235 send 231 2100 12 0
235 wait 240 236 2100
235 wait 232 236 2300
235 irecv 11 3100 200 0
235 irecv 203 3300 200 0
235 send 11 3300 24 0
235 send 203 3100 24 0
235 wait 12 236 3100
235 wait 204 236 3300
235 irecv 232 1100 200 0
235 irecv 234 1300 200 0
235 send 232 1300 4 0
235 send 234 1100 4 0
235 wait 233 236 1100
235 wait 235 236 1300
235 irecv 239 2100 200 0
235 irecv 231 2300 200 0
235 send 239 2300 12 0
235 send 231 2100 12 0
235 wait 240 236 2100
235 wait 232 236 2300
235 irecv 11 3100 200 0
235 irecv 203 3300 200 0
235 send 11 3300 24 0
235 send 203 3100 24 0
235 wait 12 236 3100
235 wait 204 236 3300
235 irecv 232 1100 200 0
235 irecv 234 1300 200 0
235 send 232 1300 16 0
235 send 234 1100 16 0
235 wait 233 236 1100
235 wait 235 236 1300
235 irecv 239 2100 200 0
235 irecv 231 2300 200 0
235 send 239 2300 40 0
235 send 231 2100 40 0
235 wait 240 236 2100
235 wait 232 236 2300
235 irecv 11 3100 200 0
235 irecv 203 3300 200 0
235 send 11 3300 60 0
235 send 203 3100 60 0
235 wait 12 236 3100
235 wait 204 236 3300
235 irecv 232 1100 200 0
235 irecv 234 1300 200 0
235 send 232 1300 16 0
235 send 234 1100 16 0
235 wait 233 236 1100
235 wait 235 236 1300
235 irecv 239 2100 200 0
235 irecv 231 2300 200 0
235 send 239 2300 40 0
235 send 231 2100 40 0
235 wait 240 236 2100
235 wait 232 236 2300
235 irecv 11 3100 200 0
235 irecv 203 3300 200 0
235 send 11 3300 60 0
235 send 203 3100 60 0
235 wait 12 236 3100
235 wait 204 236 3300
235 irecv 232 1100 200 0
235 irecv 234 1300 200 0
235 send 232 1300 16 0
235 send 234 1100 16 0
235 wait 233 236 1100
235 wait 235 236 1300
235 irecv 239 2100 200 0
235 irecv 231 2300 200 0
235 send 239 2300 40 0
235 send 231 2100 40 0
235 wait 240 236 2100
235 wait 232 236 2300
235 irecv 11 3100 200 0
235 irecv 203 3300 200 0
235 send 11 3300 60 0
235 send 203 3100 60 0
235 wait 12 236 3100
235 wait 204 236 3300
235 irecv 232 1100 200 0
235 irecv 234 1300 200 0
235 send 232 1300 4 0
235 send 234 1100 4 0
235 wait 233 236 1100
235 wait 235 236 1300
235 irecv 239 2100 200 0
235 irecv 231 2300 200 0
235 send 239 2300 12 0
235 send 231 2100 12 0
235 wait 240 236 2100
235 wait 232 236 2300
235 irecv 11 3100 200 0
235 irecv 203 3300 200 0
235 send 11 3300 24 0
235 send 203 3100 24 0
235 wait 12 236 3100
235 wait 204 236 3300
235 irecv 232 1100 200 0
235 irecv 234 1300 200 0
235 send 232 1300 1 0
235 send 234 1100 1 0
235 wait 233 236 1100
235 wait 235 236 1300
235 irecv 239 2100 200 0
235 irecv 231 2300 200 0
235 send 239 2300 4 0
235 send 231 2100 4 0
235 wait 240 236 2100
235 wait 232 236 2300
235 irecv 11 3100 200 0
235 irecv 203 3300 200 0
235 send 11 3300 12 0
235 send 203 3100 12 0
235 wait 12 236 3100
235 wait 204 236 3300
235 send 232 1300 12 0
235 send 234 1100 6 0
235 send 43 3300 12 0
235 send 171 3100 6 0
235 irecv 239 2100 200 0
235 irecv 231 2300 200 0
235 wait 240 236 2100
235 wait 232 236 2300
235 send 11 3300 24 0
235 send 203 3100 12 0
235 irecv 232 1100 200 0
235 irecv 234 1300 200 0
235 send 232 1300 1 0
235 send 234 1100 1 0
235 wait 233 236 1100
235 wait 235 236 1300
235 irecv 239 2100 200 0
235 irecv 231 2300 200 0
235 send 239 2300 4 0
235 send 231 2100 4 0
235 wait 240 236 2100
235 wait 232 236 2300
235 irecv 11 3100 200 0
235 irecv 203 3300 200 0
235 send 11 3300 12 0
235 send 203 3100 12 0
235 wait 12 236 3100
235 wait 204 236 3300
235 irecv 232 1100 200 0
235 irecv 234 1300 200 0
235 send 232 1300 1 0
235 send 234 1100 1 0
235 wait 233 236 1100
235 wait 235 236 1300
235 irecv 239 2100 200 0
235 irecv 231 2300 200 0
235 send 239 2300 4 0
235 send 231 2100 4 0
235 wait 240 236 2100
235 wait 232 236 2300
235 irecv 11 3100 200 0
235 irecv 203 3300 200 0
235 send 11 3300 12 0
235 send 203 3100 12 0
235 wait 12 236 3100
235 wait 204 236 3300
235 irecv 232 1100 200 0
235 irecv 234 1300 200 0
235 send 232 1300 4 0
235 send 234 1100 4 0
235 wait 233 236 1100
235 wait 235 236 1300
235 irecv 239 2100 200 0
235 irecv 231 2300 200 0
235 send 239 2300 12 0
235 send 231 2100 12 0
235 wait 240 236 2100
235 wait 232 236 2300
235 irecv 11 3100 200 0
235 irecv 203 3300 200 0
235 send 11 3300 24 0
235 send 203 3100 24 0
235 wait 12 236 3100
235 wait 204 236 3300
235 irecv 232 1100 200 0
235 irecv 234 1300 200 0
235 send 232 1300 4 0
235 send 234 1100 4 0
235 wait 233 236 1100
235 wait 235 236 1300
235 irecv 239 2100 200 0
235 irecv 231 2300 200 0
235 send 239 2300 12 0
235 send 231 2100 12 0
235 wait 240 236 2100
235 wait 232 236 2300
235 irecv 11 3100 200 0
235 irecv 203 3300 200 0
235 send 11 3300 24 0
235 send 203 3100 24 0
235 wait 12 236 3100
235 wait 204 236 3300
235 irecv 232 1100 200 0
235 irecv 234 1300 200 0
235 send 232 1300 16 0
235 send 234 1100 16 0
235 wait 233 236 1100
235 wait 235 236 1300
235 irecv 239 2100 200 0
235 irecv 231 2300 200 0
235 send 239 2300 40 0
235 send 231 2100 40 0
235 wait 240 236 2100
235 wait 232 236 2300
235 irecv 11 3100 200 0
235 irecv 203 3300 200 0
235 send 11 3300 60 0
235 send 203 3100 60 0
235 wait 12 236 3100
235 wait 204 236 3300
235 irecv 232 1100 200 0
235 irecv 234 1300 200 0
235 send 232 1300 16 0
235 send 234 1100 16 0
235 wait 233 236 1100
235 wait 235 236 1300
235 irecv 239 2100 200 0
235 irecv 231 2300 200 0
235 send 239 2300 40 0
235 send 231 2100 40 0
235 wait 240 236 2100
235 wait 232 236 2300
235 irecv 11 3100 200 0
235 irecv 203 3300 200 0
235 send 11 3300 60 0
235 send 203 3100 60 0
235 wait 12 236 3100
235 wait 204 236 3300
235 irecv 232 1100 200 0
235 irecv 234 1300 200 0
235 send 232 1300 16 0
235 send 234 1100 16 0
235 wait 233 236 1100
235 wait 235 236 1300
235 irecv 239 2100 200 0
235 irecv 231 2300 200 0
235 send 239 2300 40 0
235 send 231 2100 40 0
235 wait 240 236 2100
235 wait 232 236 2300
235 irecv 11 3100 200 0
235 irecv 203 3300 200 0
235 send 11 3300 60 0
235 send 203 3100 60 0
235 wait 12 236 3100
235 wait 204 236 3300
235 allreduce 1 0 0 
235 allreduce 1 0 0 
235 reduce 1 0 0 0 
235 finalize
