6 init
6 barrier
6 bcast 1 0 1 
6 bcast 1 0 1 
6 bcast 1 0 1 
6 bcast 1 0 1 
6 bcast 1 0 1 
6 bcast 8 0 1 
6 bcast 1 0 16 
6 barrier
6 allreduce 1 0 0 
6 allreduce 4 0 1 
6 allreduce 1 0 0 
6 allreduce 4 0 1 
6 allreduce 1 0 0 
6 allreduce 4 0 1 
6 allreduce 1 0 0 
6 allreduce 4 0 1 
6 allreduce 1 0 0 
6 allreduce 4 0 1 
6 allreduce 1 0 0 
6 allreduce 4 0 1 
6 compute 312.5
6 allreduce 1 0 0 
6 allreduce 4 0 1 
6 allreduce 1 0 0 
6 allreduce 4 0 1 
6 allreduce 1 0 0 
6 allreduce 4 0 1 
6 allreduce 1 0 0 
6 allreduce 4 0 1 
6 allreduce 1 0 0 
6 allreduce 4 0 1 
6 allreduce 1 0 0 
6 allreduce 4 0 1 
6 allreduce 1 0 0 
6 allreduce 4 0 1 
6 allreduce 1 0 0 
6 allreduce 4 0 1 
6 allreduce 1 0 0 
6 allreduce 4 0 1 
6 allreduce 1 0 0 
6 allreduce 4 0 1 
6 allreduce 1 0 0 
6 allreduce 4 0 1 
6 allreduce 1 0 0 
6 allreduce 4 0 1 
6 allreduce 1 0 0 
6 allreduce 4 0 1 
6 allreduce 1 0 0 
6 allreduce 4 0 1 
6 barrier
6 irecv 7 1100 200 0
6 irecv 5 1300 200 0
6 send 7 1300 16 0
6 send 5 1100 16 0
6 wait 8 7 1100
6 wait 6 7 1300
6 irecv 10 2100 200 0
6 irecv 2 2300 200 0
6 send 10 2300 40 0
6 send 2 2100 40 0
6 wait 11 7 2100
6 wait 3 7 2300
6 irecv 38 3100 200 0
6 irecv 230 3300 200 0
6 send 38 3300 60 0
6 send 230 3100 60 0
6 wait 39 7 3100
6 wait 231 7 3300
6 allreduce 1 0 0 
6 allreduce 1 0 0 
6 irecv 7 1100 200 0
6 irecv 5 1300 200 0
6 send 7 1300 16 0
6 send 5 1100 16 0
6 wait 8 7 1100
6 wait 6 7 1300
6 irecv 10 2100 200 0
6 irecv 2 2300 200 0
6 send 10 2300 40 0
6 send 2 2100 40 0
6 wait 11 7 2100
6 wait 3 7 2300
6 irecv 38 3100 200 0
6 irecv 230 3300 200 0
6 send 38 3300 60 0
6 send 230 3100 60 0
6 wait 39 7 3100
6 wait 231 7 3300
6 allreduce 1 0 0 
6 allreduce 1 0 0 
6 irecv 7 1100 200 0
6 irecv 5 1300 200 0
6 send 7 1300 4 0
6 send 5 1100 4 0
6 wait 8 7 1100
6 wait 6 7 1300
6 irecv 10 2100 200 0
6 irecv 2 2300 200 0
6 send 10 2300 12 0
6 send 2 2100 12 0
6 wait 11 7 2100
6 wait 3 7 2300
6 irecv 38 3100 200 0
6 irecv 230 3300 200 0
6 send 38 3300 24 0
6 send 230 3100 24 0
6 wait 39 7 3100
6 wait 231 7 3300
6 irecv 7 1100 200 0
6 irecv 5 1300 200 0
6 send 7 1300 1 0
6 send 5 1100 1 0
6 wait 8 7 1100
6 wait 6 7 1300
6 irecv 10 2100 200 0
6 irecv 2 2300 200 0
6 send 10 2300 4 0
6 send 2 2100 4 0
6 wait 11 7 2100
6 wait 3 7 2300
6 irecv 38 3100 200 0
6 irecv 230 3300 200 0
6 send 38 3300 12 0
6 send 230 3100 12 0
6 wait 39 7 3100
6 wait 231 7 3300
6 irecv 7 1100 200 0
6 irecv 5 1300 200 0
6 wait 8 7 1100
6 wait 6 7 1300
6 irecv 14 2100 200 0
6 irecv 30 2300 200 0
6 wait 15 7 2100
6 wait 31 7 2300
6 send 10 2300 24 0
6 send 2 2100 12 0
6 irecv 38 3100 200 0
6 irecv 230 3300 200 0
6 wait 39 7 3100
6 wait 231 7 3300
6 irecv 7 1100 200 0
6 irecv 5 1300 200 0
6 send 7 1300 1 0
6 send 5 1100 1 0
6 wait 8 7 1100
6 wait 6 7 1300
6 irecv 10 2100 200 0
6 irecv 2 2300 200 0
6 send 10 2300 4 0
6 send 2 2100 4 0
6 wait 11 7 2100
6 wait 3 7 2300
6 irecv 38 3100 200 0
6 irecv 230 3300 200 0
6 send 38 3300 12 0
6 send 230 3100 12 0
6 wait 39 7 3100
6 wait 231 7 3300
6 irecv 7 1100 200 0
6 irecv 5 1300 200 0
6 send 7 1300 1 0
6 send 5 1100 1 0
6 wait 8 7 1100
6 wait 6 7 1300
6 irecv 10 2100 200 0
6 irecv 2 2300 200 0
6 send 10 2300 4 0
6 send 2 2100 4 0
6 wait 11 7 2100
6 wait 3 7 2300
6 irecv 38 3100 200 0
6 irecv 230 3300 200 0
6 send 38 3300 12 0
6 send 230 3100 12 0
6 wait 39 7 3100
6 wait 231 7 3300
6 irecv 7 1100 200 0
6 irecv 5 1300 200 0
6 send 7 1300 4 0
6 send 5 1100 4 0
6 wait 8 7 1100
6 wait 6 7 1300
6 irecv 10 2100 200 0
6 irecv 2 2300 200 0
6 send 10 2300 12 0
6 send 2 2100 12 0
6 wait 11 7 2100
6 wait 3 7 2300
6 irecv 38 3100 200 0
6 irecv 230 3300 200 0
6 send 38 3300 24 0
6 send 230 3100 24 0
6 wait 39 7 3100
6 wait 231 7 3300
6 irecv 7 1100 200 0
6 irecv 5 1300 200 0
6 send 7 1300 4 0
6 send 5 1100 4 0
6 wait 8 7 1100
6 wait 6 7 1300
6 irecv 10 2100 200 0
6 irecv 2 2300 200 0
6 send 10 2300 12 0
6 send 2 2100 12 0
6 wait 11 7 2100
6 wait 3 7 2300
6 irecv 38 3100 200 0
6 irecv 230 3300 200 0
6 send 38 3300 24 0
6 send 230 3100 24 0
6 wait 39 7 3100
6 wait 231 7 3300
6 irecv 7 1100 200 0
6 irecv 5 1300 200 0
6 send 7 1300 16 0
6 send 5 1100 16 0
6 wait 8 7 1100
6 wait 6 7 1300
6 irecv 10 2100 200 0
6 irecv 2 2300 200 0
6 send 10 2300 40 0
6 send 2 2100 40 0
6 wait 11 7 2100
6 wait 3 7 2300
6 irecv 38 3100 200 0
6 irecv 230 3300 200 0
6 send 38 3300 60 0
6 send 230 3100 60 0
6 wait 39 7 3100
6 wait 231 7 3300
6 irecv 7 1100 200 0
6 irecv 5 1300 200 0
6 send 7 1300 16 0
6 send 5 1100 16 0
6 wait 8 7 1100
6 wait 6 7 1300
6 irecv 10 2100 200 0
6 irecv 2 2300 200 0
6 send 10 2300 40 0
6 send 2 2100 40 0
6 wait 11 7 2100
6 wait 3 7 2300
6 irecv 38 3100 200 0
6 irecv 230 3300 200 0
6 send 38 3300 60 0
6 send 230 3100 60 0
6 wait 39 7 3100
6 wait 231 7 3300
6 irecv 7 1100 200 0
6 irecv 5 1300 200 0
6 send 7 1300 16 0
6 send 5 1100 16 0
6 wait 8 7 1100
6 wait 6 7 1300
6 irecv 10 2100 200 0
6 irecv 2 2300 200 0
6 send 10 2300 40 0
6 send 2 2100 40 0
6 wait 11 7 2100
6 wait 3 7 2300
6 irecv 38 3100 200 0
6 irecv 230 3300 200 0
6 send 38 3300 60 0
6 send 230 3100 60 0
6 wait 39 7 3100
6 wait 231 7 3300
6 barrier
6 allreduce 1 0 0 
6 allreduce 4 0 1 
6 allreduce 1 0 0 
6 allreduce 4 0 1 
6 allreduce 1 0 0 
6 allreduce 4 0 1 
6 allreduce 1 0 0 
6 allreduce 4 0 1 
6 allreduce 1 0 0 
6 allreduce 4 0 1 
6 allreduce 1 0 0 
6 allreduce 4 0 1 
6 allreduce 1 0 0 
6 allreduce 4 0 1 
6 allreduce 1 0 0 
6 allreduce 4 0 1 
6 allreduce 1 0 0 
6 allreduce 4 0 1 
6 allreduce 1 0 0 
6 allreduce 4 0 1 
6 allreduce 1 0 0 
6 allreduce 4 0 1 
6 allreduce 1 0 0 
6 allreduce 4 0 1 
6 allreduce 1 0 0 
6 allreduce 4 0 1 
6 allreduce 1 0 0 
6 allreduce 4 0 1 
6 allreduce 1 0 0 
6 allreduce 4 0 1 
6 allreduce 1 0 0 
6 allreduce 4 0 1 
6 allreduce 1 0 0 
6 allreduce 4 0 1 
6 allreduce 1 0 0 
6 allreduce 4 0 1 
6 allreduce 1 0 0 
6 allreduce 4 0 1 
6 allreduce 1 0 0 
6 allreduce 4 0 1 
6 barrier
6 irecv 7 1100 200 0
6 irecv 5 1300 200 0
6 send 7 1300 16 0
6 send 5 1100 16 0
6 wait 8 7 1100
6 wait 6 7 1300
6 irecv 10 2100 200 0
6 irecv 2 2300 200 0
6 send 10 2300 40 0
6 send 2 2100 40 0
6 wait 11 7 2100
6 wait 3 7 2300
6 irecv 38 3100 200 0
6 irecv 230 3300 200 0
6 send 38 3300 60 0
6 send 230 3100 60 0
6 wait 39 7 3100
6 wait 231 7 3300
6 barrier
6 irecv 7 1100 200 0
6 irecv 5 1300 200 0
6 send 7 1300 16 0
6 send 5 1100 16 0
6 wait 8 7 1100
6 wait 6 7 1300
6 irecv 10 2100 200 0
6 irecv 2 2300 200 0
6 send 10 2300 40 0
6 send 2 2100 40 0
6 wait 11 7 2100
6 wait 3 7 2300
6 irecv 38 3100 200 0
6 irecv 230 3300 200 0
6 send 38 3300 60 0
6 send 230 3100 60 0
6 wait 39 7 3100
6 wait 231 7 3300
6 allreduce 1 0 0 
6 allreduce 1 0 0 
6 irecv 7 1100 200 0
6 irecv 5 1300 200 0
6 send 7 1300 4 0
6 send 5 1100 4 0
6 wait 8 7 1100
6 wait 6 7 1300
6 irecv 10 2100 200 0
6 irecv 2 2300 200 0
6 send 10 2300 12 0
6 send 2 2100 12 0
6 wait 11 7 2100
6 wait 3 7 2300
6 irecv 38 3100 200 0
6 irecv 230 3300 200 0
6 send 38 3300 24 0
6 send 230 3100 24 0
6 wait 39 7 3100
6 wait 231 7 3300
6 irecv 7 1100 200 0
6 irecv 5 1300 200 0
6 send 7 1300 1 0
6 send 5 1100 1 0
6 wait 8 7 1100
6 wait 6 7 1300
6 irecv 10 2100 200 0
6 irecv 2 2300 200 0
6 send 10 2300 4 0
6 send 2 2100 4 0
6 wait 11 7 2100
6 wait 3 7 2300
6 irecv 38 3100 200 0
6 irecv 230 3300 200 0
6 send 38 3300 12 0
6 send 230 3100 12 0
6 wait 39 7 3100
6 wait 231 7 3300
6 irecv 7 1100 200 0
6 irecv 5 1300 200 0
6 wait 8 7 1100
6 wait 6 7 1300
6 irecv 14 2100 200 0
6 irecv 30 2300 200 0
6 wait 15 7 2100
6 wait 31 7 2300
6 send 10 2300 24 0
6 send 2 2100 12 0
6 irecv 38 3100 200 0
6 irecv 230 3300 200 0
6 wait 39 7 3100
6 wait 231 7 3300
6 irecv 7 1100 200 0
6 irecv 5 1300 200 0
6 send 7 1300 1 0
6 send 5 1100 1 0
6 wait 8 7 1100
6 wait 6 7 1300
6 irecv 10 2100 200 0
6 irecv 2 2300 200 0
6 send 10 2300 4 0
6 send 2 2100 4 0
6 wait 11 7 2100
6 wait 3 7 2300
6 irecv 38 3100 200 0
6 irecv 230 3300 200 0
6 send 38 3300 12 0
6 send 230 3100 12 0
6 wait 39 7 3100
6 wait 231 7 3300
6 irecv 7 1100 200 0
6 irecv 5 1300 200 0
6 send 7 1300 1 0
6 send 5 1100 1 0
6 wait 8 7 1100
6 wait 6 7 1300
6 irecv 10 2100 200 0
6 irecv 2 2300 200 0
6 send 10 2300 4 0
6 send 2 2100 4 0
6 wait 11 7 2100
6 wait 3 7 2300
6 irecv 38 3100 200 0
6 irecv 230 3300 200 0
6 send 38 3300 12 0
6 send 230 3100 12 0
6 wait 39 7 3100
6 wait 231 7 3300
6 irecv 7 1100 200 0
6 irecv 5 1300 200 0
6 send 7 1300 4 0
6 send 5 1100 4 0
6 wait 8 7 1100
6 wait 6 7 1300
6 irecv 10 2100 200 0
6 irecv 2 2300 200 0
6 send 10 2300 12 0
6 send 2 2100 12 0
6 wait 11 7 2100
6 wait 3 7 2300
6 irecv 38 3100 200 0
6 irecv 230 3300 200 0
6 send 38 3300 24 0
6 send 230 3100 24 0
6 wait 39 7 3100
6 wait 231 7 3300
6 irecv 7 1100 200 0
6 irecv 5 1300 200 0
6 send 7 1300 4 0
6 send 5 1100 4 0
6 wait 8 7 1100
6 wait 6 7 1300
6 irecv 10 2100 200 0
6 irecv 2 2300 200 0
6 send 10 2300 12 0
6 send 2 2100 12 0
6 wait 11 7 2100
6 wait 3 7 2300
6 irecv 38 3100 200 0
6 irecv 230 3300 200 0
6 send 38 3300 24 0
6 send 230 3100 24 0
6 wait 39 7 3100
6 wait 231 7 3300
6 irecv 7 1100 200 0
6 irecv 5 1300 200 0
6 send 7 1300 16 0
6 send 5 1100 16 0
6 wait 8 7 1100
6 wait 6 7 1300
6 irecv 10 2100 200 0
6 irecv 2 2300 200 0
6 send 10 2300 40 0
6 send 2 2100 40 0
6 wait 11 7 2100
6 wait 3 7 2300
6 irecv 38 3100 200 0
6 irecv 230 3300 200 0
6 send 38 3300 60 0
6 send 230 3100 60 0
6 wait 39 7 3100
6 wait 231 7 3300
6 irecv 7 1100 200 0
6 irecv 5 1300 200 0
6 send 7 1300 16 0
6 send 5 1100 16 0
6 wait 8 7 1100
6 wait 6 7 1300
6 irecv 10 2100 200 0
6 irecv 2 2300 200 0
6 send 10 2300 40 0
6 send 2 2100 40 0
6 wait 11 7 2100
6 wait 3 7 2300
6 irecv 38 3100 200 0
6 irecv 230 3300 200 0
6 send 38 3300 60 0
6 send 230 3100 60 0
6 wait 39 7 3100
6 wait 231 7 3300
6 irecv 7 1100 200 0
6 irecv 5 1300 200 0
6 send 7 1300 16 0
6 send 5 1100 16 0
6 wait 8 7 1100
6 wait 6 7 1300
6 irecv 10 2100 200 0
6 irecv 2 2300 200 0
6 send 10 2300 40 0
6 send 2 2100 40 0
6 wait 11 7 2100
6 wait 3 7 2300
6 irecv 38 3100 200 0
6 irecv 230 3300 200 0
6 send 38 3300 60 0
6 send 230 3100 60 0
6 wait 39 7 3100
6 wait 231 7 3300
6 irecv 7 1100 200 0
6 irecv 5 1300 200 0
6 send 7 1300 4 0
6 send 5 1100 4 0
6 wait 8 7 1100
6 wait 6 7 1300
6 irecv 10 2100 200 0
6 irecv 2 2300 200 0
6 send 10 2300 12 0
6 send 2 2100 12 0
6 wait 11 7 2100
6 wait 3 7 2300
6 irecv 38 3100 200 0
6 irecv 230 3300 200 0
6 send 38 3300 24 0
6 send 230 3100 24 0
6 wait 39 7 3100
6 wait 231 7 3300
6 irecv 7 1100 200 0
6 irecv 5 1300 200 0
6 send 7 1300 1 0
6 send 5 1100 1 0
6 wait 8 7 1100
6 wait 6 7 1300
6 irecv 10 2100 200 0
6 irecv 2 2300 200 0
6 send 10 2300 4 0
6 send 2 2100 4 0
6 wait 11 7 2100
6 wait 3 7 2300
6 irecv 38 3100 200 0
6 irecv 230 3300 200 0
6 send 38 3300 12 0
6 send 230 3100 12 0
6 wait 39 7 3100
6 wait 231 7 3300
6 irecv 7 1100 200 0
6 irecv 5 1300 200 0
6 wait 8 7 1100
6 wait 6 7 1300
6 irecv 14 2100 200 0
6 irecv 30 2300 200 0
6 wait 15 7 2100
6 wait 31 7 2300
6 send 10 2300 24 0
6 send 2 2100 12 0
6 irecv 38 3100 200 0
6 irecv 230 3300 200 0
6 wait 39 7 3100
6 wait 231 7 3300
6 irecv 7 1100 200 0
6 irecv 5 1300 200 0
6 send 7 1300 1 0
6 send 5 1100 1 0
6 wait 8 7 1100
6 wait 6 7 1300
6 irecv 10 2100 200 0
6 irecv 2 2300 200 0
6 send 10 2300 4 0
6 send 2 2100 4 0
6 wait 11 7 2100
6 wait 3 7 2300
6 irecv 38 3100 200 0
6 irecv 230 3300 200 0
6 send 38 3300 12 0
6 send 230 3100 12 0
6 wait 39 7 3100
6 wait 231 7 3300
6 irecv 7 1100 200 0
6 irecv 5 1300 200 0
6 send 7 1300 1 0
6 send 5 1100 1 0
6 wait 8 7 1100
6 wait 6 7 1300
6 irecv 10 2100 200 0
6 irecv 2 2300 200 0
6 send 10 2300 4 0
6 send 2 2100 4 0
6 wait 11 7 2100
6 wait 3 7 2300
6 irecv 38 3100 200 0
6 irecv 230 3300 200 0
6 send 38 3300 12 0
6 send 230 3100 12 0
6 wait 39 7 3100
6 wait 231 7 3300
6 irecv 7 1100 200 0
6 irecv 5 1300 200 0
6 send 7 1300 4 0
6 send 5 1100 4 0
6 wait 8 7 1100
6 wait 6 7 1300
6 irecv 10 2100 200 0
6 irecv 2 2300 200 0
6 send 10 2300 12 0
6 send 2 2100 12 0
6 wait 11 7 2100
6 wait 3 7 2300
6 irecv 38 3100 200 0
6 irecv 230 3300 200 0
6 send 38 3300 24 0
6 send 230 3100 24 0
6 wait 39 7 3100
6 wait 231 7 3300
6 irecv 7 1100 200 0
6 irecv 5 1300 200 0
6 send 7 1300 4 0
6 send 5 1100 4 0
6 wait 8 7 1100
6 wait 6 7 1300
6 irecv 10 2100 200 0
6 irecv 2 2300 200 0
6 send 10 2300 12 0
6 send 2 2100 12 0
6 wait 11 7 2100
6 wait 3 7 2300
6 irecv 38 3100 200 0
6 irecv 230 3300 200 0
6 send 38 3300 24 0
6 send 230 3100 24 0
6 wait 39 7 3100
6 wait 231 7 3300
6 irecv 7 1100 200 0
6 irecv 5 1300 200 0
6 send 7 1300 16 0
6 send 5 1100 16 0
6 wait 8 7 1100
6 wait 6 7 1300
6 irecv 10 2100 200 0
6 irecv 2 2300 200 0
6 send 10 2300 40 0
6 send 2 2100 40 0
6 wait 11 7 2100
6 wait 3 7 2300
6 irecv 38 3100 200 0
6 irecv 230 3300 200 0
6 send 38 3300 60 0
6 send 230 3100 60 0
6 wait 39 7 3100
6 wait 231 7 3300
6 irecv 7 1100 200 0
6 irecv 5 1300 200 0
6 send 7 1300 16 0
6 send 5 1100 16 0
6 wait 8 7 1100
6 wait 6 7 1300
6 irecv 10 2100 200 0
6 irecv 2 2300 200 0
6 send 10 2300 40 0
6 send 2 2100 40 0
6 wait 11 7 2100
6 wait 3 7 2300
6 irecv 38 3100 200 0
6 irecv 230 3300 200 0
6 send 38 3300 60 0
6 send 230 3100 60 0
6 wait 39 7 3100
6 wait 231 7 3300
6 irecv 7 1100 200 0
6 irecv 5 1300 200 0
6 send 7 1300 16 0
6 send 5 1100 16 0
6 wait 8 7 1100
6 wait 6 7 1300
6 irecv 10 2100 200 0
6 irecv 2 2300 200 0
6 send 10 2300 40 0
6 send 2 2100 40 0
6 wait 11 7 2100
6 wait 3 7 2300
6 irecv 38 3100 200 0
6 irecv 230 3300 200 0
6 send 38 3300 60 0
6 send 230 3100 60 0
6 wait 39 7 3100
6 wait 231 7 3300
6 irecv 7 1100 200 0
6 irecv 5 1300 200 0
6 send 7 1300 4 0
6 send 5 1100 4 0
6 wait 8 7 1100
6 wait 6 7 1300
6 irecv 10 2100 200 0
6 irecv 2 2300 200 0
6 send 10 2300 12 0
6 send 2 2100 12 0
6 wait 11 7 2100
6 wait 3 7 2300
6 irecv 38 3100 200 0
6 irecv 230 3300 200 0
6 send 38 3300 24 0
6 send 230 3100 24 0
6 wait 39 7 3100
6 wait 231 7 3300
6 irecv 7 1100 200 0
6 irecv 5 1300 200 0
6 send 7 1300 1 0
6 send 5 1100 1 0
6 wait 8 7 1100
6 wait 6 7 1300
6 irecv 10 2100 200 0
6 irecv 2 2300 200 0
6 send 10 2300 4 0
6 send 2 2100 4 0
6 wait 11 7 2100
6 wait 3 7 2300
6 irecv 38 3100 200 0
6 irecv 230 3300 200 0
6 send 38 3300 12 0
6 send 230 3100 12 0
6 wait 39 7 3100
6 wait 231 7 3300
6 irecv 7 1100 200 0
6 irecv 5 1300 200 0
6 wait 8 7 1100
6 wait 6 7 1300
6 irecv 14 2100 200 0
6 irecv 30 2300 200 0
6 wait 15 7 2100
6 wait 31 7 2300
6 send 10 2300 24 0
6 send 2 2100 12 0
6 irecv 38 3100 200 0
6 irecv 230 3300 200 0
6 wait 39 7 3100
6 wait 231 7 3300
6 irecv 7 1100 200 0
6 irecv 5 1300 200 0
6 send 7 1300 1 0
6 send 5 1100 1 0
6 wait 8 7 1100
6 wait 6 7 1300
6 irecv 10 2100 200 0
6 irecv 2 2300 200 0
6 send 10 2300 4 0
6 send 2 2100 4 0
6 wait 11 7 2100
6 wait 3 7 2300
6 irecv 38 3100 200 0
6 irecv 230 3300 200 0
6 send 38 3300 12 0
6 send 230 3100 12 0
6 wait 39 7 3100
6 wait 231 7 3300
6 irecv 7 1100 200 0
6 irecv 5 1300 200 0
6 send 7 1300 1 0
6 send 5 1100 1 0
6 wait 8 7 1100
6 wait 6 7 1300
6 irecv 10 2100 200 0
6 irecv 2 2300 200 0
6 send 10 2300 4 0
6 send 2 2100 4 0
6 wait 11 7 2100
6 wait 3 7 2300
6 irecv 38 3100 200 0
6 irecv 230 3300 200 0
6 send 38 3300 12 0
6 send 230 3100 12 0
6 wait 39 7 3100
6 wait 231 7 3300
6 irecv 7 1100 200 0
6 irecv 5 1300 200 0
6 send 7 1300 4 0
6 send 5 1100 4 0
6 wait 8 7 1100
6 wait 6 7 1300
6 irecv 10 2100 200 0
6 irecv 2 2300 200 0
6 send 10 2300 12 0
6 send 2 2100 12 0
6 wait 11 7 2100
6 wait 3 7 2300
6 irecv 38 3100 200 0
6 irecv 230 3300 200 0
6 send 38 3300 24 0
6 send 230 3100 24 0
6 wait 39 7 3100
6 wait 231 7 3300
6 irecv 7 1100 200 0
6 irecv 5 1300 200 0
6 send 7 1300 4 0
6 send 5 1100 4 0
6 wait 8 7 1100
6 wait 6 7 1300
6 irecv 10 2100 200 0
6 irecv 2 2300 200 0
6 send 10 2300 12 0
6 send 2 2100 12 0
6 wait 11 7 2100
6 wait 3 7 2300
6 irecv 38 3100 200 0
6 irecv 230 3300 200 0
6 send 38 3300 24 0
6 send 230 3100 24 0
6 wait 39 7 3100
6 wait 231 7 3300
6 irecv 7 1100 200 0
6 irecv 5 1300 200 0
6 send 7 1300 16 0
6 send 5 1100 16 0
6 wait 8 7 1100
6 wait 6 7 1300
6 irecv 10 2100 200 0
6 irecv 2 2300 200 0
6 send 10 2300 40 0
6 send 2 2100 40 0
6 wait 11 7 2100
6 wait 3 7 2300
6 irecv 38 3100 200 0
6 irecv 230 3300 200 0
6 send 38 3300 60 0
6 send 230 3100 60 0
6 wait 39 7 3100
6 wait 231 7 3300
6 irecv 7 1100 200 0
6 irecv 5 1300 200 0
6 send 7 1300 16 0
6 send 5 1100 16 0
6 wait 8 7 1100
6 wait 6 7 1300
6 irecv 10 2100 200 0
6 irecv 2 2300 200 0
6 send 10 2300 40 0
6 send 2 2100 40 0
6 wait 11 7 2100
6 wait 3 7 2300
6 irecv 38 3100 200 0
6 irecv 230 3300 200 0
6 send 38 3300 60 0
6 send 230 3100 60 0
6 wait 39 7 3100
6 wait 231 7 3300
6 irecv 7 1100 200 0
6 irecv 5 1300 200 0
6 send 7 1300 16 0
6 send 5 1100 16 0
6 wait 8 7 1100
6 wait 6 7 1300
6 irecv 10 2100 200 0
6 irecv 2 2300 200 0
6 send 10 2300 40 0
6 send 2 2100 40 0
6 wait 11 7 2100
6 wait 3 7 2300
6 irecv 38 3100 200 0
6 irecv 230 3300 200 0
6 send 38 3300 60 0
6 send 230 3100 60 0
6 wait 39 7 3100
6 wait 231 7 3300
6 irecv 7 1100 200 0
6 irecv 5 1300 200 0
6 send 7 1300 4 0
6 send 5 1100 4 0
6 wait 8 7 1100
6 wait 6 7 1300
6 irecv 10 2100 200 0
6 irecv 2 2300 200 0
6 send 10 2300 12 0
6 send 2 2100 12 0
6 wait 11 7 2100
6 wait 3 7 2300
6 irecv 38 3100 200 0
6 irecv 230 3300 200 0
6 send 38 3300 24 0
6 send 230 3100 24 0
6 wait 39 7 3100
6 wait 231 7 3300
6 irecv 7 1100 200 0
6 irecv 5 1300 200 0
6 send 7 1300 1 0
6 send 5 1100 1 0
6 wait 8 7 1100
6 wait 6 7 1300
6 irecv 10 2100 200 0
6 irecv 2 2300 200 0
6 send 10 2300 4 0
6 send 2 2100 4 0
6 wait 11 7 2100
6 wait 3 7 2300
6 irecv 38 3100 200 0
6 irecv 230 3300 200 0
6 send 38 3300 12 0
6 send 230 3100 12 0
6 wait 39 7 3100
6 wait 231 7 3300
6 irecv 7 1100 200 0
6 irecv 5 1300 200 0
6 wait 8 7 1100
6 wait 6 7 1300
6 irecv 14 2100 200 0
6 irecv 30 2300 200 0
6 wait 15 7 2100
6 wait 31 7 2300
6 send 10 2300 24 0
6 send 2 2100 12 0
6 irecv 38 3100 200 0
6 irecv 230 3300 200 0
6 wait 39 7 3100
6 wait 231 7 3300
6 irecv 7 1100 200 0
6 irecv 5 1300 200 0
6 send 7 1300 1 0
6 send 5 1100 1 0
6 wait 8 7 1100
6 wait 6 7 1300
6 irecv 10 2100 200 0
6 irecv 2 2300 200 0
6 send 10 2300 4 0
6 send 2 2100 4 0
6 wait 11 7 2100
6 wait 3 7 2300
6 irecv 38 3100 200 0
6 irecv 230 3300 200 0
6 send 38 3300 12 0
6 send 230 3100 12 0
6 wait 39 7 3100
6 wait 231 7 3300
6 irecv 7 1100 200 0
6 irecv 5 1300 200 0
6 send 7 1300 1 0
6 send 5 1100 1 0
6 wait 8 7 1100
6 wait 6 7 1300
6 irecv 10 2100 200 0
6 irecv 2 2300 200 0
6 send 10 2300 4 0
6 send 2 2100 4 0
6 wait 11 7 2100
6 wait 3 7 2300
6 irecv 38 3100 200 0
6 irecv 230 3300 200 0
6 send 38 3300 12 0
6 send 230 3100 12 0
6 wait 39 7 3100
6 wait 231 7 3300
6 irecv 7 1100 200 0
6 irecv 5 1300 200 0
6 send 7 1300 4 0
6 send 5 1100 4 0
6 wait 8 7 1100
6 wait 6 7 1300
6 irecv 10 2100 200 0
6 irecv 2 2300 200 0
6 send 10 2300 12 0
6 send 2 2100 12 0
6 wait 11 7 2100
6 wait 3 7 2300
6 irecv 38 3100 200 0
6 irecv 230 3300 200 0
6 send 38 3300 24 0
6 send 230 3100 24 0
6 wait 39 7 3100
6 wait 231 7 3300
6 irecv 7 1100 200 0
6 irecv 5 1300 200 0
6 send 7 1300 4 0
6 send 5 1100 4 0
6 wait 8 7 1100
6 wait 6 7 1300
6 irecv 10 2100 200 0
6 irecv 2 2300 200 0
6 send 10 2300 12 0
6 send 2 2100 12 0
6 wait 11 7 2100
6 wait 3 7 2300
6 irecv 38 3100 200 0
6 irecv 230 3300 200 0
6 send 38 3300 24 0
6 send 230 3100 24 0
6 wait 39 7 3100
6 wait 231 7 3300
6 irecv 7 1100 200 0
6 irecv 5 1300 200 0
6 send 7 1300 16 0
6 send 5 1100 16 0
6 wait 8 7 1100
6 wait 6 7 1300
6 irecv 10 2100 200 0
6 irecv 2 2300 200 0
6 send 10 2300 40 0
6 send 2 2100 40 0
6 wait 11 7 2100
6 wait 3 7 2300
6 irecv 38 3100 200 0
6 irecv 230 3300 200 0
6 send 38 3300 60 0
6 send 230 3100 60 0
6 wait 39 7 3100
6 wait 231 7 3300
6 irecv 7 1100 200 0
6 irecv 5 1300 200 0
6 send 7 1300 16 0
6 send 5 1100 16 0
6 wait 8 7 1100
6 wait 6 7 1300
6 irecv 10 2100 200 0
6 irecv 2 2300 200 0
6 send 10 2300 40 0
6 send 2 2100 40 0
6 wait 11 7 2100
6 wait 3 7 2300
6 irecv 38 3100 200 0
6 irecv 230 3300 200 0
6 send 38 3300 60 0
6 send 230 3100 60 0
6 wait 39 7 3100
6 wait 231 7 3300
6 irecv 7 1100 200 0
6 irecv 5 1300 200 0
6 send 7 1300 16 0
6 send 5 1100 16 0
6 wait 8 7 1100
6 wait 6 7 1300
6 irecv 10 2100 200 0
6 irecv 2 2300 200 0
6 send 10 2300 40 0
6 send 2 2100 40 0
6 wait 11 7 2100
6 wait 3 7 2300
6 irecv 38 3100 200 0
6 irecv 230 3300 200 0
6 send 38 3300 60 0
6 send 230 3100 60 0
6 wait 39 7 3100
6 wait 231 7 3300
6 allreduce 1 0 0 
6 allreduce 1 0 0 
6 reduce 1 0 0 0 
6 finalize
