118 init
118 barrier
118 bcast 1 0 1 
118 bcast 1 0 1 
118 bcast 1 0 1 
118 bcast 1 0 1 
118 bcast 1 0 1 
118 bcast 8 0 1 
118 bcast 1 0 16 
118 barrier
118 allreduce 1 0 0 
118 allreduce 4 0 1 
118 allreduce 1 0 0 
118 allreduce 4 0 1 
118 allreduce 1 0 0 
118 allreduce 4 0 1 
118 allreduce 1 0 0 
118 allreduce 4 0 1 
118 allreduce 1 0 0 
118 allreduce 4 0 1 
118 allreduce 1 0 0 
118 allreduce 4 0 1 
118 allreduce 1 0 0 
118 allreduce 4 0 1 
118 allreduce 1 0 0 
118 allreduce 4 0 1 
118 allreduce 1 0 0 
118 allreduce 4 0 1 
118 allreduce 1 0 0 
118 allreduce 4 0 1 
118 allreduce 1 0 0 
118 allreduce 4 0 1 
118 allreduce 1 0 0 
118 allreduce 4 0 1 
118 allreduce 1 0 0 
118 allreduce 4 0 1 
118 allreduce 1 0 0 
118 allreduce 4 0 1 
118 allreduce 1 0 0 
118 allreduce 4 0 1 
118 allreduce 1 0 0 
118 allreduce 4 0 1 
118 allreduce 1 0 0 
118 allreduce 4 0 1 
118 allreduce 1 0 0 
118 allreduce 4 0 1 
118 allreduce 1 0 0 
118 allreduce 4 0 1 
118 allreduce 1 0 0 
118 allreduce 4 0 1 
118 barrier
118 irecv 119 1100 200 0
118 irecv 117 1300 200 0
118 send 119 1300 16 0
118 send 117 1100 16 0
118 wait 120 119 1100
118 wait 118 119 1300
118 irecv 122 2100 200 0
118 irecv 114 2300 200 0
118 send 122 2300 40 0
118 send 114 2100 40 0
118 wait 123 119 2100
118 wait 115 119 2300
118 irecv 150 3100 200 0
118 irecv 86 3300 200 0
118 send 150 3300 60 0
118 send 86 3100 60 0
118 wait 151 119 3100
118 wait 87 119 3300
118 allreduce 1 0 0 
118 allreduce 1 0 0 
118 irecv 119 1100 200 0
118 irecv 117 1300 200 0
118 send 119 1300 16 0
118 send 117 1100 16 0
118 wait 120 119 1100
118 wait 118 119 1300
118 irecv 122 2100 200 0
118 irecv 114 2300 200 0
118 send 122 2300 40 0
118 send 114 2100 40 0
118 wait 123 119 2100
118 wait 115 119 2300
118 irecv 150 3100 200 0
118 irecv 86 3300 200 0
118 send 150 3300 60 0
118 send 86 3100 60 0
118 wait 151 119 3100
118 wait 87 119 3300
118 allreduce 1 0 0 
118 allreduce 1 0 0 
118 irecv 119 1100 200 0
118 irecv 117 1300 200 0
118 send 119 1300 4 0
118 send 117 1100 4 0
118 wait 120 119 1100
118 wait 118 119 1300
118 irecv 122 2100 200 0
118 irecv 114 2300 200 0
118 send 122 2300 12 0
118 send 114 2100 12 0
118 wait 123 119 2100
118 wait 115 119 2300
118 irecv 150 3100 200 0
118 irecv 86 3300 200 0
118 send 150 3300 24 0
118 send 86 3100 24 0
118 wait 151 119 3100
118 wait 87 119 3300
118 irecv 119 1100 200 0
118 irecv 117 1300 200 0
118 send 119 1300 1 0
118 send 117 1100 1 0
118 wait 120 119 1100
118 wait 118 119 1300
118 irecv 122 2100 200 0
118 irecv 114 2300 200 0
118 send 122 2300 4 0
118 send 114 2100 4 0
118 wait 123 119 2100
118 wait 115 119 2300
118 irecv 150 3100 200 0
118 irecv 86 3300 200 0
118 send 150 3300 12 0
118 send 86 3100 12 0
118 wait 151 119 3100
118 wait 87 119 3300
118 irecv 119 1100 200 0
118 irecv 117 1300 200 0
118 send 119 1300 1 0
118 send 117 1100 1 0
118 wait 120 119 1100
118 wait 118 119 1300
118 irecv 126 2100 200 0
118 irecv 110 2300 200 0
118 send 126 2300 3 0
118 send 110 2100 3 0
118 wait 127 119 2100
118 wait 111 119 2300
118 irecv 182 3100 200 0
118 irecv 54 3300 200 0
118 send 182 3300 9 0
118 send 54 3100 9 0
118 wait 183 119 3100
118 wait 55 119 3300
118 irecv 119 1100 200 0
118 irecv 117 1300 200 0
118 wait 120 119 1100
118 wait 118 119 1300
118 irecv 126 2100 200 0
118 irecv 110 2300 200 0
118 wait 127 119 2100
118 wait 111 119 2300
118 send 182 3300 18 0
118 send 54 3100 9 0
118 irecv 119 1100 200 0
118 irecv 117 1300 200 0
118 send 119 1300 1 0
118 send 117 1100 1 0
118 wait 120 119 1100
118 wait 118 119 1300
118 irecv 126 2100 200 0
118 irecv 110 2300 200 0
118 send 126 2300 3 0
118 send 110 2100 3 0
118 wait 127 119 2100
118 wait 111 119 2300
118 irecv 182 3100 200 0
118 irecv 54 3300 200 0
118 send 182 3300 9 0
118 send 54 3100 9 0
118 wait 183 119 3100
118 wait 55 119 3300
118 irecv 119 1100 200 0
118 irecv 117 1300 200 0
118 send 119 1300 1 0
118 send 117 1100 1 0
118 wait 120 119 1100
118 wait 118 119 1300
118 irecv 126 2100 200 0
118 irecv 110 2300 200 0
118 send 126 2300 3 0
118 send 110 2100 3 0
118 wait 127 119 2100
118 wait 111 119 2300
118 irecv 182 3100 200 0
118 irecv 54 3300 200 0
118 send 182 3300 9 0
118 send 54 3100 9 0
118 wait 183 119 3100
118 wait 55 119 3300
118 send 122 2300 24 0
118 send 114 2100 12 0
118 send 150 3300 24 0
118 send 86 3100 12 0
118 irecv 119 1100 200 0
118 irecv 117 1300 200 0
118 send 119 1300 1 0
118 send 117 1100 1 0
118 wait 120 119 1100
118 wait 118 119 1300
118 irecv 122 2100 200 0
118 irecv 114 2300 200 0
118 send 122 2300 4 0
118 send 114 2100 4 0
118 wait 123 119 2100
118 wait 115 119 2300
118 irecv 150 3100 200 0
118 irecv 86 3300 200 0
118 send 150 3300 12 0
118 send 86 3100 12 0
118 wait 151 119 3100
118 wait 87 119 3300
118 irecv 119 1100 200 0
118 irecv 117 1300 200 0
118 send 119 1300 1 0
118 send 117 1100 1 0
118 wait 120 119 1100
118 wait 118 119 1300
118 irecv 122 2100 200 0
118 irecv 114 2300 200 0
118 send 122 2300 4 0
118 send 114 2100 4 0
118 wait 123 119 2100
118 wait 115 119 2300
118 irecv 150 3100 200 0
118 irecv 86 3300 200 0
118 send 150 3300 12 0
118 send 86 3100 12 0
118 wait 151 119 3100
118 wait 87 119 3300
118 irecv 119 1100 200 0
118 irecv 117 1300 200 0
118 send 119 1300 4 0
118 send 117 1100 4 0
118 wait 120 119 1100
118 wait 118 119 1300
118 irecv 122 2100 200 0
118 irecv 114 2300 200 0
118 send 122 2300 12 0
118 send 114 2100 12 0
118 wait 123 119 2100
118 wait 115 119 2300
118 irecv 150 3100 200 0
118 irecv 86 3300 200 0
118 send 150 3300 24 0
118 send 86 3100 24 0
118 wait 151 119 3100
118 wait 87 119 3300
118 irecv 119 1100 200 0
118 irecv 117 1300 200 0
118 send 119 1300 4 0
118 send 117 1100 4 0
118 wait 120 119 1100
118 wait 118 119 1300
118 irecv 122 2100 200 0
118 irecv 114 2300 200 0
118 send 122 2300 12 0
118 send 114 2100 12 0
118 wait 123 119 2100
118 wait 115 119 2300
118 irecv 150 3100 200 0
118 irecv 86 3300 200 0
118 send 150 3300 24 0
118 send 86 3100 24 0
118 wait 151 119 3100
118 wait 87 119 3300
118 irecv 119 1100 200 0
118 irecv 117 1300 200 0
118 send 119 1300 16 0
118 send 117 1100 16 0
118 wait 120 119 1100
118 wait 118 119 1300
118 irecv 122 2100 200 0
118 irecv 114 2300 200 0
118 send 122 2300 40 0
118 send 114 2100 40 0
118 wait 123 119 2100
118 wait 115 119 2300
118 irecv 150 3100 200 0
118 irecv 86 3300 200 0
118 send 150 3300 60 0
118 send 86 3100 60 0
118 wait 151 119 3100
118 wait 87 119 3300
118 irecv 119 1100 200 0
118 irecv 117 1300 200 0
118 send 119 1300 16 0
118 send 117 1100 16 0
118 wait 120 119 1100
118 wait 118 119 1300
118 irecv 122 2100 200 0
118 irecv 114 2300 200 0
118 send 122 2300 40 0
118 send 114 2100 40 0
118 wait 123 119 2100
118 wait 115 119 2300
118 irecv 150 3100 200 0
118 irecv 86 3300 200 0
118 send 150 3300 60 0
118 send 86 3100 60 0
118 wait 151 119 3100
118 wait 87 119 3300
118 irecv 119 1100 200 0
118 irecv 117 1300 200 0
118 send 119 1300 16 0
118 send 117 1100 16 0
118 wait 120 119 1100
118 wait 118 119 1300
118 irecv 122 2100 200 0
118 irecv 114 2300 200 0
118 send 122 2300 40 0
118 send 114 2100 40 0
118 wait 123 119 2100
118 wait 115 119 2300
118 irecv 150 3100 200 0
118 irecv 86 3300 200 0
118 send 150 3300 60 0
118 send 86 3100 60 0
118 wait 151 119 3100
118 wait 87 119 3300
118 barrier
118 allreduce 1 0 0 
118 allreduce 4 0 1 
118 allreduce 1 0 0 
118 allreduce 4 0 1 
118 allreduce 1 0 0 
118 allreduce 4 0 1 
118 allreduce 1 0 0 
118 allreduce 4 0 1 
118 allreduce 1 0 0 
118 allreduce 4 0 1 
118 allreduce 1 0 0 
118 allreduce 4 0 1 
118 allreduce 1 0 0 
118 allreduce 4 0 1 
118 allreduce 1 0 0 
118 allreduce 4 0 1 
118 allreduce 1 0 0 
118 allreduce 4 0 1 
118 allreduce 1 0 0 
118 allreduce 4 0 1 
118 allreduce 1 0 0 
118 allreduce 4 0 1 
118 allreduce 1 0 0 
118 allreduce 4 0 1 
118 allreduce 1 0 0 
118 allreduce 4 0 1 
118 allreduce 1 0 0 
118 allreduce 4 0 1 
118 allreduce 1 0 0 
118 allreduce 4 0 1 
118 allreduce 1 0 0 
118 allreduce 4 0 1 
118 allreduce 1 0 0 
118 allreduce 4 0 1 
118 allreduce 1 0 0 
118 allreduce 4 0 1 
118 allreduce 1 0 0 
118 allreduce 4 0 1 
118 allreduce 1 0 0 
118 allreduce 4 0 1 
118 barrier
118 irecv 119 1100 200 0
118 irecv 117 1300 200 0
118 send 119 1300 16 0
118 send 117 1100 16 0
118 wait 120 119 1100
118 wait 118 119 1300
118 irecv 122 2100 200 0
118 irecv 114 2300 200 0
118 send 122 2300 40 0
118 send 114 2100 40 0
118 wait 123 119 2100
118 wait 115 119 2300
118 irecv 150 3100 200 0
118 irecv 86 3300 200 0
118 send 150 3300 60 0
118 send 86 3100 60 0
118 wait 151 119 3100
118 wait 87 119 3300
118 barrier
118 irecv 119 1100 200 0
118 irecv 117 1300 200 0
118 send 119 1300 16 0
118 send 117 1100 16 0
118 wait 120 119 1100
118 wait 118 119 1300
118 irecv 122 2100 200 0
118 irecv 114 2300 200 0
118 send 122 2300 40 0
118 send 114 2100 40 0
118 wait 123 119 2100
118 wait 115 119 2300
118 irecv 150 3100 200 0
118 irecv 86 3300 200 0
118 send 150 3300 60 0
118 send 86 3100 60 0
118 wait 151 119 3100
118 wait 87 119 3300
118 allreduce 1 0 0 
118 allreduce 1 0 0 
118 irecv 119 1100 200 0
118 irecv 117 1300 200 0
118 send 119 1300 4 0
118 send 117 1100 4 0
118 wait 120 119 1100
118 wait 118 119 1300
118 irecv 122 2100 200 0
118 irecv 114 2300 200 0
118 send 122 2300 12 0
118 send 114 2100 12 0
118 wait 123 119 2100
118 wait 115 119 2300
118 irecv 150 3100 200 0
118 irecv 86 3300 200 0
118 send 150 3300 24 0
118 send 86 3100 24 0
118 wait 151 119 3100
118 wait 87 119 3300
118 irecv 119 1100 200 0
118 irecv 117 1300 200 0
118 send 119 1300 1 0
118 send 117 1100 1 0
118 wait 120 119 1100
118 wait 118 119 1300
118 irecv 122 2100 200 0
118 irecv 114 2300 200 0
118 send 122 2300 4 0
118 send 114 2100 4 0
118 wait 123 119 2100
118 wait 115 119 2300
118 irecv 150 3100 200 0
118 irecv 86 3300 200 0
118 send 150 3300 12 0
118 send 86 3100 12 0
118 wait 151 119 3100
118 wait 87 119 3300
118 irecv 119 1100 200 0
118 irecv 117 1300 200 0
118 send 119 1300 1 0
118 send 117 1100 1 0
118 wait 120 119 1100
118 wait 118 119 1300
118 irecv 126 2100 200 0
118 irecv 110 2300 200 0
118 send 126 2300 3 0
118 send 110 2100 3 0
118 wait 127 119 2100
118 wait 111 119 2300
118 irecv 182 3100 200 0
118 irecv 54 3300 200 0
118 send 182 3300 9 0
118 send 54 3100 9 0
118 wait 183 119 3100
118 wait 55 119 3300
118 irecv 119 1100 200 0
118 irecv 117 1300 200 0
118 wait 120 119 1100
118 wait 118 119 1300
118 irecv 126 2100 200 0
118 irecv 110 2300 200 0
118 wait 127 119 2100
118 wait 111 119 2300
118 send 182 3300 18 0
118 send 54 3100 9 0
118 irecv 119 1100 200 0
118 irecv 117 1300 200 0
118 send 119 1300 1 0
118 send 117 1100 1 0
118 wait 120 119 1100
118 wait 118 119 1300
118 irecv 126 2100 200 0
118 irecv 110 2300 200 0
118 send 126 2300 3 0
118 send 110 2100 3 0
118 wait 127 119 2100
118 wait 111 119 2300
118 irecv 182 3100 200 0
118 irecv 54 3300 200 0
118 send 182 3300 9 0
118 send 54 3100 9 0
118 wait 183 119 3100
118 wait 55 119 3300
118 irecv 119 1100 200 0
118 irecv 117 1300 200 0
118 send 119 1300 1 0
118 send 117 1100 1 0
118 wait 120 119 1100
118 wait 118 119 1300
118 irecv 126 2100 200 0
118 irecv 110 2300 200 0
118 send 126 2300 3 0
118 send 110 2100 3 0
118 wait 127 119 2100
118 wait 111 119 2300
118 irecv 182 3100 200 0
118 irecv 54 3300 200 0
118 send 182 3300 9 0
118 send 54 3100 9 0
118 wait 183 119 3100
118 wait 55 119 3300
118 send 122 2300 24 0
118 send 114 2100 12 0
118 send 150 3300 24 0
118 send 86 3100 12 0
118 irecv 119 1100 200 0
118 irecv 117 1300 200 0
118 send 119 1300 1 0
118 send 117 1100 1 0
118 wait 120 119 1100
118 wait 118 119 1300
118 irecv 122 2100 200 0
118 irecv 114 2300 200 0
118 send 122 2300 4 0
118 send 114 2100 4 0
118 wait 123 119 2100
118 wait 115 119 2300
118 irecv 150 3100 200 0
118 irecv 86 3300 200 0
118 send 150 3300 12 0
118 send 86 3100 12 0
118 wait 151 119 3100
118 wait 87 119 3300
118 irecv 119 1100 200 0
118 irecv 117 1300 200 0
118 send 119 1300 1 0
118 send 117 1100 1 0
118 wait 120 119 1100
118 wait 118 119 1300
118 irecv 122 2100 200 0
118 irecv 114 2300 200 0
118 send 122 2300 4 0
118 send 114 2100 4 0
118 wait 123 119 2100
118 wait 115 119 2300
118 irecv 150 3100 200 0
118 irecv 86 3300 200 0
118 send 150 3300 12 0
118 send 86 3100 12 0
118 wait 151 119 3100
118 wait 87 119 3300
118 irecv 119 1100 200 0
118 irecv 117 1300 200 0
118 send 119 1300 4 0
118 send 117 1100 4 0
118 wait 120 119 1100
118 wait 118 119 1300
118 irecv 122 2100 200 0
118 irecv 114 2300 200 0
118 send 122 2300 12 0
118 send 114 2100 12 0
118 wait 123 119 2100
118 wait 115 119 2300
118 irecv 150 3100 200 0
118 irecv 86 3300 200 0
118 send 150 3300 24 0
118 send 86 3100 24 0
118 wait 151 119 3100
118 wait 87 119 3300
118 irecv 119 1100 200 0
118 irecv 117 1300 200 0
118 send 119 1300 4 0
118 send 117 1100 4 0
118 wait 120 119 1100
118 wait 118 119 1300
118 irecv 122 2100 200 0
118 irecv 114 2300 200 0
118 send 122 2300 12 0
118 send 114 2100 12 0
118 wait 123 119 2100
118 wait 115 119 2300
118 irecv 150 3100 200 0
118 irecv 86 3300 200 0
118 send 150 3300 24 0
118 send 86 3100 24 0
118 wait 151 119 3100
118 wait 87 119 3300
118 irecv 119 1100 200 0
118 irecv 117 1300 200 0
118 send 119 1300 16 0
118 send 117 1100 16 0
118 wait 120 119 1100
118 wait 118 119 1300
118 irecv 122 2100 200 0
118 irecv 114 2300 200 0
118 send 122 2300 40 0
118 send 114 2100 40 0
118 wait 123 119 2100
118 wait 115 119 2300
118 irecv 150 3100 200 0
118 irecv 86 3300 200 0
118 send 150 3300 60 0
118 send 86 3100 60 0
118 wait 151 119 3100
118 wait 87 119 3300
118 irecv 119 1100 200 0
118 irecv 117 1300 200 0
118 send 119 1300 16 0
118 send 117 1100 16 0
118 wait 120 119 1100
118 wait 118 119 1300
118 irecv 122 2100 200 0
118 irecv 114 2300 200 0
118 send 122 2300 40 0
118 send 114 2100 40 0
118 wait 123 119 2100
118 wait 115 119 2300
118 irecv 150 3100 200 0
118 irecv 86 3300 200 0
118 send 150 3300 60 0
118 send 86 3100 60 0
118 wait 151 119 3100
118 wait 87 119 3300
118 irecv 119 1100 200 0
118 irecv 117 1300 200 0
118 send 119 1300 16 0
118 send 117 1100 16 0
118 wait 120 119 1100
118 wait 118 119 1300
118 irecv 122 2100 200 0
118 irecv 114 2300 200 0
118 send 122 2300 40 0
118 send 114 2100 40 0
118 wait 123 119 2100
118 wait 115 119 2300
118 irecv 150 3100 200 0
118 irecv 86 3300 200 0
118 send 150 3300 60 0
118 send 86 3100 60 0
118 wait 151 119 3100
118 wait 87 119 3300
118 irecv 119 1100 200 0
118 irecv 117 1300 200 0
118 send 119 1300 4 0
118 send 117 1100 4 0
118 wait 120 119 1100
118 wait 118 119 1300
118 irecv 122 2100 200 0
118 irecv 114 2300 200 0
118 send 122 2300 12 0
118 send 114 2100 12 0
118 wait 123 119 2100
118 wait 115 119 2300
118 irecv 150 3100 200 0
118 irecv 86 3300 200 0
118 send 150 3300 24 0
118 send 86 3100 24 0
118 wait 151 119 3100
118 wait 87 119 3300
118 irecv 119 1100 200 0
118 irecv 117 1300 200 0
118 send 119 1300 1 0
118 send 117 1100 1 0
118 wait 120 119 1100
118 wait 118 119 1300
118 irecv 122 2100 200 0
118 irecv 114 2300 200 0
118 send 122 2300 4 0
118 send 114 2100 4 0
118 wait 123 119 2100
118 wait 115 119 2300
118 irecv 150 3100 200 0
118 irecv 86 3300 200 0
118 send 150 3300 12 0
118 send 86 3100 12 0
118 wait 151 119 3100
118 wait 87 119 3300
118 irecv 119 1100 200 0
118 irecv 117 1300 200 0
118 send 119 1300 1 0
118 send 117 1100 1 0
118 wait 120 119 1100
118 wait 118 119 1300
118 irecv 126 2100 200 0
118 irecv 110 2300 200 0
118 send 126 2300 3 0
118 send 110 2100 3 0
118 wait 127 119 2100
118 wait 111 119 2300
118 irecv 182 3100 200 0
118 irecv 54 3300 200 0
118 send 182 3300 9 0
118 send 54 3100 9 0
118 wait 183 119 3100
118 wait 55 119 3300
118 irecv 119 1100 200 0
118 irecv 117 1300 200 0
118 wait 120 119 1100
118 wait 118 119 1300
118 irecv 126 2100 200 0
118 irecv 110 2300 200 0
118 wait 127 119 2100
118 wait 111 119 2300
118 send 182 3300 18 0
118 send 54 3100 9 0
118 irecv 119 1100 200 0
118 irecv 117 1300 200 0
118 send 119 1300 1 0
118 send 117 1100 1 0
118 wait 120 119 1100
118 wait 118 119 1300
118 irecv 126 2100 200 0
118 irecv 110 2300 200 0
118 send 126 2300 3 0
118 send 110 2100 3 0
118 wait 127 119 2100
118 wait 111 119 2300
118 irecv 182 3100 200 0
118 irecv 54 3300 200 0
118 send 182 3300 9 0
118 send 54 3100 9 0
118 wait 183 119 3100
118 wait 55 119 3300
118 irecv 119 1100 200 0
118 irecv 117 1300 200 0
118 send 119 1300 1 0
118 send 117 1100 1 0
118 wait 120 119 1100
118 wait 118 119 1300
118 irecv 126 2100 200 0
118 irecv 110 2300 200 0
118 send 126 2300 3 0
118 send 110 2100 3 0
118 wait 127 119 2100
118 wait 111 119 2300
118 irecv 182 3100 200 0
118 irecv 54 3300 200 0
118 send 182 3300 9 0
118 send 54 3100 9 0
118 wait 183 119 3100
118 wait 55 119 3300
118 send 122 2300 24 0
118 send 114 2100 12 0
118 send 150 3300 24 0
118 send 86 3100 12 0
118 irecv 119 1100 200 0
118 irecv 117 1300 200 0
118 send 119 1300 1 0
118 send 117 1100 1 0
118 wait 120 119 1100
118 wait 118 119 1300
118 irecv 122 2100 200 0
118 irecv 114 2300 200 0
118 send 122 2300 4 0
118 send 114 2100 4 0
118 wait 123 119 2100
118 wait 115 119 2300
118 irecv 150 3100 200 0
118 irecv 86 3300 200 0
118 send 150 3300 12 0
118 send 86 3100 12 0
118 wait 151 119 3100
118 wait 87 119 3300
118 irecv 119 1100 200 0
118 irecv 117 1300 200 0
118 send 119 1300 1 0
118 send 117 1100 1 0
118 wait 120 119 1100
118 wait 118 119 1300
118 irecv 122 2100 200 0
118 irecv 114 2300 200 0
118 send 122 2300 4 0
118 send 114 2100 4 0
118 wait 123 119 2100
118 wait 115 119 2300
118 irecv 150 3100 200 0
118 irecv 86 3300 200 0
118 send 150 3300 12 0
118 send 86 3100 12 0
118 wait 151 119 3100
118 wait 87 119 3300
118 irecv 119 1100 200 0
118 irecv 117 1300 200 0
118 send 119 1300 4 0
118 send 117 1100 4 0
118 wait 120 119 1100
118 wait 118 119 1300
118 irecv 122 2100 200 0
118 irecv 114 2300 200 0
118 send 122 2300 12 0
118 send 114 2100 12 0
118 wait 123 119 2100
118 wait 115 119 2300
118 irecv 150 3100 200 0
118 irecv 86 3300 200 0
118 send 150 3300 24 0
118 send 86 3100 24 0
118 wait 151 119 3100
118 wait 87 119 3300
118 irecv 119 1100 200 0
118 irecv 117 1300 200 0
118 send 119 1300 4 0
118 send 117 1100 4 0
118 wait 120 119 1100
118 wait 118 119 1300
118 irecv 122 2100 200 0
118 irecv 114 2300 200 0
118 send 122 2300 12 0
118 send 114 2100 12 0
118 wait 123 119 2100
118 wait 115 119 2300
118 irecv 150 3100 200 0
118 irecv 86 3300 200 0
118 send 150 3300 24 0
118 send 86 3100 24 0
118 wait 151 119 3100
118 wait 87 119 3300
118 irecv 119 1100 200 0
118 irecv 117 1300 200 0
118 send 119 1300 16 0
118 send 117 1100 16 0
118 wait 120 119 1100
118 wait 118 119 1300
118 irecv 122 2100 200 0
118 irecv 114 2300 200 0
118 send 122 2300 40 0
118 send 114 2100 40 0
118 wait 123 119 2100
118 wait 115 119 2300
118 irecv 150 3100 200 0
118 irecv 86 3300 200 0
118 send 150 3300 60 0
118 send 86 3100 60 0
118 wait 151 119 3100
118 wait 87 119 3300
118 irecv 119 1100 200 0
118 irecv 117 1300 200 0
118 send 119 1300 16 0
118 send 117 1100 16 0
118 wait 120 119 1100
118 wait 118 119 1300
118 irecv 122 2100 200 0
118 irecv 114 2300 200 0
118 send 122 2300 40 0
118 send 114 2100 40 0
118 wait 123 119 2100
118 wait 115 119 2300
118 irecv 150 3100 200 0
118 irecv 86 3300 200 0
118 send 150 3300 60 0
118 send 86 3100 60 0
118 wait 151 119 3100
118 wait 87 119 3300
118 irecv 119 1100 200 0
118 irecv 117 1300 200 0
118 send 119 1300 16 0
118 send 117 1100 16 0
118 wait 120 119 1100
118 wait 118 119 1300
118 irecv 122 2100 200 0
118 irecv 114 2300 200 0
118 send 122 2300 40 0
118 send 114 2100 40 0
118 wait 123 119 2100
118 wait 115 119 2300
118 irecv 150 3100 200 0
118 irecv 86 3300 200 0
118 send 150 3300 60 0
118 send 86 3100 60 0
118 wait 151 119 3100
118 wait 87 119 3300
118 irecv 119 1100 200 0
118 irecv 117 1300 200 0
118 send 119 1300 4 0
118 send 117 1100 4 0
118 wait 120 119 1100
118 wait 118 119 1300
118 irecv 122 2100 200 0
118 irecv 114 2300 200 0
118 send 122 2300 12 0
118 send 114 2100 12 0
118 wait 123 119 2100
118 wait 115 119 2300
118 irecv 150 3100 200 0
118 irecv 86 3300 200 0
118 send 150 3300 24 0
118 send 86 3100 24 0
118 wait 151 119 3100
118 wait 87 119 3300
118 irecv 119 1100 200 0
118 irecv 117 1300 200 0
118 send 119 1300 1 0
118 send 117 1100 1 0
118 wait 120 119 1100
118 wait 118 119 1300
118 irecv 122 2100 200 0
118 irecv 114 2300 200 0
118 send 122 2300 4 0
118 send 114 2100 4 0
118 wait 123 119 2100
118 wait 115 119 2300
118 irecv 150 3100 200 0
118 irecv 86 3300 200 0
118 send 150 3300 12 0
118 send 86 3100 12 0
118 wait 151 119 3100
118 wait 87 119 3300
118 irecv 119 1100 200 0
118 irecv 117 1300 200 0
118 send 119 1300 1 0
118 send 117 1100 1 0
118 wait 120 119 1100
118 wait 118 119 1300
118 irecv 126 2100 200 0
118 irecv 110 2300 200 0
118 send 126 2300 3 0
118 send 110 2100 3 0
118 wait 127 119 2100
118 wait 111 119 2300
118 irecv 182 3100 200 0
118 irecv 54 3300 200 0
118 send 182 3300 9 0
118 send 54 3100 9 0
118 wait 183 119 3100
118 wait 55 119 3300
118 irecv 119 1100 200 0
118 irecv 117 1300 200 0
118 wait 120 119 1100
118 wait 118 119 1300
118 irecv 126 2100 200 0
118 irecv 110 2300 200 0
118 wait 127 119 2100
118 wait 111 119 2300
118 send 182 3300 18 0
118 send 54 3100 9 0
118 irecv 119 1100 200 0
118 irecv 117 1300 200 0
118 send 119 1300 1 0
118 send 117 1100 1 0
118 wait 120 119 1100
118 wait 118 119 1300
118 irecv 126 2100 200 0
118 irecv 110 2300 200 0
118 send 126 2300 3 0
118 send 110 2100 3 0
118 wait 127 119 2100
118 wait 111 119 2300
118 irecv 182 3100 200 0
118 irecv 54 3300 200 0
118 send 182 3300 9 0
118 send 54 3100 9 0
118 wait 183 119 3100
118 wait 55 119 3300
118 irecv 119 1100 200 0
118 irecv 117 1300 200 0
118 send 119 1300 1 0
118 send 117 1100 1 0
118 wait 120 119 1100
118 wait 118 119 1300
118 irecv 126 2100 200 0
118 irecv 110 2300 200 0
118 send 126 2300 3 0
118 send 110 2100 3 0
118 wait 127 119 2100
118 wait 111 119 2300
118 irecv 182 3100 200 0
118 irecv 54 3300 200 0
118 send 182 3300 9 0
118 send 54 3100 9 0
118 wait 183 119 3100
118 wait 55 119 3300
118 send 122 2300 24 0
118 send 114 2100 12 0
118 send 150 3300 24 0
118 send 86 3100 12 0
118 irecv 119 1100 200 0
118 irecv 117 1300 200 0
118 send 119 1300 1 0
118 send 117 1100 1 0
118 wait 120 119 1100
118 wait 118 119 1300
118 irecv 122 2100 200 0
118 irecv 114 2300 200 0
118 send 122 2300 4 0
118 send 114 2100 4 0
118 wait 123 119 2100
118 wait 115 119 2300
118 irecv 150 3100 200 0
118 irecv 86 3300 200 0
118 send 150 3300 12 0
118 send 86 3100 12 0
118 wait 151 119 3100
118 wait 87 119 3300
118 irecv 119 1100 200 0
118 irecv 117 1300 200 0
118 send 119 1300 1 0
118 send 117 1100 1 0
118 wait 120 119 1100
118 wait 118 119 1300
118 irecv 122 2100 200 0
118 irecv 114 2300 200 0
118 send 122 2300 4 0
118 send 114 2100 4 0
118 wait 123 119 2100
118 wait 115 119 2300
118 irecv 150 3100 200 0
118 irecv 86 3300 200 0
118 send 150 3300 12 0
118 send 86 3100 12 0
118 wait 151 119 3100
118 wait 87 119 3300
118 irecv 119 1100 200 0
118 irecv 117 1300 200 0
118 send 119 1300 4 0
118 send 117 1100 4 0
118 wait 120 119 1100
118 wait 118 119 1300
118 irecv 122 2100 200 0
118 irecv 114 2300 200 0
118 send 122 2300 12 0
118 send 114 2100 12 0
118 wait 123 119 2100
118 wait 115 119 2300
118 irecv 150 3100 200 0
118 irecv 86 3300 200 0
118 send 150 3300 24 0
118 send 86 3100 24 0
118 wait 151 119 3100
118 wait 87 119 3300
118 irecv 119 1100 200 0
118 irecv 117 1300 200 0
118 send 119 1300 4 0
118 send 117 1100 4 0
118 wait 120 119 1100
118 wait 118 119 1300
118 irecv 122 2100 200 0
118 irecv 114 2300 200 0
118 send 122 2300 12 0
118 send 114 2100 12 0
118 wait 123 119 2100
118 wait 115 119 2300
118 irecv 150 3100 200 0
118 irecv 86 3300 200 0
118 send 150 3300 24 0
118 send 86 3100 24 0
118 wait 151 119 3100
118 wait 87 119 3300
118 irecv 119 1100 200 0
118 irecv 117 1300 200 0
118 send 119 1300 16 0
118 send 117 1100 16 0
118 wait 120 119 1100
118 wait 118 119 1300
118 irecv 122 2100 200 0
118 irecv 114 2300 200 0
118 send 122 2300 40 0
118 send 114 2100 40 0
118 wait 123 119 2100
118 wait 115 119 2300
118 irecv 150 3100 200 0
118 irecv 86 3300 200 0
118 send 150 3300 60 0
118 send 86 3100 60 0
118 wait 151 119 3100
118 wait 87 119 3300
118 irecv 119 1100 200 0
118 irecv 117 1300 200 0
118 send 119 1300 16 0
118 send 117 1100 16 0
118 wait 120 119 1100
118 wait 118 119 1300
118 irecv 122 2100 200 0
118 irecv 114 2300 200 0
118 send 122 2300 40 0
118 send 114 2100 40 0
118 wait 123 119 2100
118 wait 115 119 2300
118 irecv 150 3100 200 0
118 irecv 86 3300 200 0
118 send 150 3300 60 0
118 send 86 3100 60 0
118 wait 151 119 3100
118 wait 87 119 3300
118 irecv 119 1100 200 0
118 irecv 117 1300 200 0
118 send 119 1300 16 0
118 send 117 1100 16 0
118 wait 120 119 1100
118 wait 118 119 1300
118 irecv 122 2100 200 0
118 irecv 114 2300 200 0
118 send 122 2300 40 0
118 send 114 2100 40 0
118 wait 123 119 2100
118 wait 115 119 2300
118 irecv 150 3100 200 0
118 irecv 86 3300 200 0
118 send 150 3300 60 0
118 send 86 3100 60 0
118 wait 151 119 3100
118 wait 87 119 3300
118 irecv 119 1100 200 0
118 irecv 117 1300 200 0
118 send 119 1300 4 0
118 send 117 1100 4 0
118 wait 120 119 1100
118 wait 118 119 1300
118 irecv 122 2100 200 0
118 irecv 114 2300 200 0
118 send 122 2300 12 0
118 send 114 2100 12 0
118 wait 123 119 2100
118 wait 115 119 2300
118 irecv 150 3100 200 0
118 irecv 86 3300 200 0
118 send 150 3300 24 0
118 send 86 3100 24 0
118 wait 151 119 3100
118 wait 87 119 3300
118 irecv 119 1100 200 0
118 irecv 117 1300 200 0
118 send 119 1300 1 0
118 send 117 1100 1 0
118 wait 120 119 1100
118 wait 118 119 1300
118 irecv 122 2100 200 0
118 irecv 114 2300 200 0
118 send 122 2300 4 0
118 send 114 2100 4 0
118 wait 123 119 2100
118 wait 115 119 2300
118 irecv 150 3100 200 0
118 irecv 86 3300 200 0
118 send 150 3300 12 0
118 send 86 3100 12 0
118 wait 151 119 3100
118 wait 87 119 3300
118 irecv 119 1100 200 0
118 irecv 117 1300 200 0
118 send 119 1300 1 0
118 send 117 1100 1 0
118 wait 120 119 1100
118 wait 118 119 1300
118 irecv 126 2100 200 0
118 irecv 110 2300 200 0
118 send 126 2300 3 0
118 send 110 2100 3 0
118 wait 127 119 2100
118 wait 111 119 2300
118 irecv 182 3100 200 0
118 irecv 54 3300 200 0
118 send 182 3300 9 0
118 send 54 3100 9 0
118 wait 183 119 3100
118 wait 55 119 3300
118 irecv 119 1100 200 0
118 irecv 117 1300 200 0
118 wait 120 119 1100
118 wait 118 119 1300
118 irecv 126 2100 200 0
118 irecv 110 2300 200 0
118 wait 127 119 2100
118 wait 111 119 2300
118 send 182 3300 18 0
118 send 54 3100 9 0
118 irecv 119 1100 200 0
118 irecv 117 1300 200 0
118 send 119 1300 1 0
118 send 117 1100 1 0
118 wait 120 119 1100
118 wait 118 119 1300
118 irecv 126 2100 200 0
118 irecv 110 2300 200 0
118 send 126 2300 3 0
118 send 110 2100 3 0
118 wait 127 119 2100
118 wait 111 119 2300
118 irecv 182 3100 200 0
118 irecv 54 3300 200 0
118 send 182 3300 9 0
118 send 54 3100 9 0
118 wait 183 119 3100
118 wait 55 119 3300
118 irecv 119 1100 200 0
118 irecv 117 1300 200 0
118 send 119 1300 1 0
118 send 117 1100 1 0
118 wait 120 119 1100
118 wait 118 119 1300
118 irecv 126 2100 200 0
118 irecv 110 2300 200 0
118 send 126 2300 3 0
118 send 110 2100 3 0
118 wait 127 119 2100
118 wait 111 119 2300
118 irecv 182 3100 200 0
118 irecv 54 3300 200 0
118 send 182 3300 9 0
118 send 54 3100 9 0
118 wait 183 119 3100
118 wait 55 119 3300
118 send 122 2300 24 0
118 send 114 2100 12 0
118 send 150 3300 24 0
118 send 86 3100 12 0
118 irecv 119 1100 200 0
118 irecv 117 1300 200 0
118 send 119 1300 1 0
118 send 117 1100 1 0
118 wait 120 119 1100
118 wait 118 119 1300
118 irecv 122 2100 200 0
118 irecv 114 2300 200 0
118 send 122 2300 4 0
118 send 114 2100 4 0
118 wait 123 119 2100
118 wait 115 119 2300
118 irecv 150 3100 200 0
118 irecv 86 3300 200 0
118 send 150 3300 12 0
118 send 86 3100 12 0
118 wait 151 119 3100
118 wait 87 119 3300
118 irecv 119 1100 200 0
118 irecv 117 1300 200 0
118 send 119 1300 1 0
118 send 117 1100 1 0
118 wait 120 119 1100
118 wait 118 119 1300
118 irecv 122 2100 200 0
118 irecv 114 2300 200 0
118 send 122 2300 4 0
118 send 114 2100 4 0
118 wait 123 119 2100
118 wait 115 119 2300
118 irecv 150 3100 200 0
118 irecv 86 3300 200 0
118 send 150 3300 12 0
118 send 86 3100 12 0
118 wait 151 119 3100
118 wait 87 119 3300
118 irecv 119 1100 200 0
118 irecv 117 1300 200 0
118 send 119 1300 4 0
118 send 117 1100 4 0
118 wait 120 119 1100
118 wait 118 119 1300
118 irecv 122 2100 200 0
118 irecv 114 2300 200 0
118 send 122 2300 12 0
118 send 114 2100 12 0
118 wait 123 119 2100
118 wait 115 119 2300
118 irecv 150 3100 200 0
118 irecv 86 3300 200 0
118 send 150 3300 24 0
118 send 86 3100 24 0
118 wait 151 119 3100
118 wait 87 119 3300
118 irecv 119 1100 200 0
118 irecv 117 1300 200 0
118 send 119 1300 4 0
118 send 117 1100 4 0
118 wait 120 119 1100
118 wait 118 119 1300
118 irecv 122 2100 200 0
118 irecv 114 2300 200 0
118 send 122 2300 12 0
118 send 114 2100 12 0
118 wait 123 119 2100
118 wait 115 119 2300
118 irecv 150 3100 200 0
118 irecv 86 3300 200 0
118 send 150 3300 24 0
118 send 86 3100 24 0
118 wait 151 119 3100
118 wait 87 119 3300
118 irecv 119 1100 200 0
118 irecv 117 1300 200 0
118 send 119 1300 16 0
118 send 117 1100 16 0
118 wait 120 119 1100
118 wait 118 119 1300
118 irecv 122 2100 200 0
118 irecv 114 2300 200 0
118 send 122 2300 40 0
118 send 114 2100 40 0
118 wait 123 119 2100
118 wait 115 119 2300
118 irecv 150 3100 200 0
118 irecv 86 3300 200 0
118 send 150 3300 60 0
118 send 86 3100 60 0
118 wait 151 119 3100
118 wait 87 119 3300
118 irecv 119 1100 200 0
118 irecv 117 1300 200 0
118 send 119 1300 16 0
118 send 117 1100 16 0
118 wait 120 119 1100
118 wait 118 119 1300
118 irecv 122 2100 200 0
118 irecv 114 2300 200 0
118 send 122 2300 40 0
118 send 114 2100 40 0
118 wait 123 119 2100
118 wait 115 119 2300
118 irecv 150 3100 200 0
118 irecv 86 3300 200 0
118 send 150 3300 60 0
118 send 86 3100 60 0
118 wait 151 119 3100
118 wait 87 119 3300
118 irecv 119 1100 200 0
118 irecv 117 1300 200 0
118 send 119 1300 16 0
118 send 117 1100 16 0
118 wait 120 119 1100
118 wait 118 119 1300
118 irecv 122 2100 200 0
118 irecv 114 2300 200 0
118 send 122 2300 40 0
118 send 114 2100 40 0
118 wait 123 119 2100
118 wait 115 119 2300
118 irecv 150 3100 200 0
118 irecv 86 3300 200 0
118 send 150 3300 60 0
118 send 86 3100 60 0
118 wait 151 119 3100
118 wait 87 119 3300
118 allreduce 1 0 0 
118 allreduce 1 0 0 
118 reduce 1 0 0 0 
118 finalize
