92 init
92 barrier
92 bcast 1 0 1 
92 bcast 1 0 1 
92 bcast 1 0 1 
92 bcast 1 0 1 
92 bcast 1 0 1 
92 bcast 8 0 1 
92 bcast 1 0 16 
92 barrier
92 allreduce 1 0 0 
92 allreduce 4 0 1 
92 allreduce 1 0 0 
92 allreduce 4 0 1 
92 allreduce 1 0 0 
92 allreduce 4 0 1 
92 allreduce 1 0 0 
92 allreduce 4 0 1 
92 allreduce 1 0 0 
92 allreduce 4 0 1 
92 allreduce 1 0 0 
92 allreduce 4 0 1 
92 allreduce 1 0 0 
92 allreduce 4 0 1 
92 allreduce 1 0 0 
92 allreduce 4 0 1 
92 allreduce 1 0 0 
92 allreduce 4 0 1 
92 allreduce 1 0 0 
92 allreduce 4 0 1 
92 allreduce 1 0 0 
92 allreduce 4 0 1 
92 allreduce 1 0 0 
92 allreduce 4 0 1 
92 allreduce 1 0 0 
92 allreduce 4 0 1 
92 allreduce 1 0 0 
92 allreduce 4 0 1 
92 allreduce 1 0 0 
92 allreduce 4 0 1 
92 allreduce 1 0 0 
92 allreduce 4 0 1 
92 allreduce 1 0 0 
92 allreduce 4 0 1 
92 allreduce 1 0 0 
92 allreduce 4 0 1 
92 allreduce 1 0 0 
92 allreduce 4 0 1 
92 allreduce 1 0 0 
92 allreduce 4 0 1 
92 barrier
92 irecv 93 1100 200 0
92 irecv 95 1300 200 0
92 send 93 1300 16 0
92 send 95 1100 16 0
92 wait 94 93 1100
92 wait 96 93 1300
92 irecv 64 2100 200 0
92 irecv 88 2300 200 0
92 send 64 2300 40 0
92 send 88 2100 40 0
92 wait 65 93 2100
92 wait 89 93 2300
92 irecv 124 3100 200 0
92 irecv 60 3300 200 0
92 send 124 3300 60 0
92 send 60 3100 60 0
92 wait 125 93 3100
92 wait 61 93 3300
92 allreduce 1 0 0 
92 allreduce 1 0 0 
92 irecv 93 1100 200 0
92 irecv 95 1300 200 0
92 send 93 1300 16 0
92 send 95 1100 16 0
92 wait 94 93 1100
92 wait 96 93 1300
92 irecv 64 2100 200 0
92 irecv 88 2300 200 0
92 send 64 2300 40 0
92 send 88 2100 40 0
92 wait 65 93 2100
92 wait 89 93 2300
92 irecv 124 3100 200 0
92 irecv 60 3300 200 0
92 send 124 3300 60 0
92 send 60 3100 60 0
92 wait 125 93 3100
92 wait 61 93 3300
92 allreduce 1 0 0 
92 allreduce 1 0 0 
92 irecv 93 1100 200 0
92 irecv 95 1300 200 0
92 send 93 1300 4 0
92 send 95 1100 4 0
92 wait 94 93 1100
92 wait 96 93 1300
92 irecv 64 2100 200 0
92 irecv 88 2300 200 0
92 send 64 2300 12 0
92 send 88 2100 12 0
92 wait 65 93 2100
92 wait 89 93 2300
92 irecv 124 3100 200 0
92 irecv 60 3300 200 0
92 send 124 3300 24 0
92 send 60 3100 24 0
92 wait 125 93 3100
92 wait 61 93 3300
92 irecv 93 1100 200 0
92 irecv 95 1300 200 0
92 send 93 1300 1 0
92 send 95 1100 1 0
92 wait 94 93 1100
92 wait 96 93 1300
92 irecv 64 2100 200 0
92 irecv 88 2300 200 0
92 send 64 2300 4 0
92 send 88 2100 4 0
92 wait 65 93 2100
92 wait 89 93 2300
92 irecv 124 3100 200 0
92 irecv 60 3300 200 0
92 send 124 3300 12 0
92 send 60 3100 12 0
92 wait 125 93 3100
92 wait 61 93 3300
92 irecv 93 1100 200 0
92 irecv 95 1300 200 0
92 wait 94 93 1100
92 wait 96 93 1300
92 send 68 2300 12 0
92 send 84 2100 6 0
92 send 64 2300 24 0
92 send 88 2100 12 0
92 irecv 124 3100 200 0
92 irecv 60 3300 200 0
92 wait 125 93 3100
92 wait 61 93 3300
92 irecv 93 1100 200 0
92 irecv 95 1300 200 0
92 send 93 1300 1 0
92 send 95 1100 1 0
92 wait 94 93 1100
92 wait 96 93 1300
92 irecv 64 2100 200 0
92 irecv 88 2300 200 0
92 send 64 2300 4 0
92 send 88 2100 4 0
92 wait 65 93 2100
92 wait 89 93 2300
92 irecv 124 3100 200 0
92 irecv 60 3300 200 0
92 send 124 3300 12 0
92 send 60 3100 12 0
92 wait 125 93 3100
92 wait 61 93 3300
92 irecv 93 1100 200 0
92 irecv 95 1300 200 0
92 send 93 1300 1 0
92 send 95 1100 1 0
92 wait 94 93 1100
92 wait 96 93 1300
92 irecv 64 2100 200 0
92 irecv 88 2300 200 0
92 send 64 2300 4 0
92 send 88 2100 4 0
92 wait 65 93 2100
92 wait 89 93 2300
92 irecv 124 3100 200 0
92 irecv 60 3300 200 0
92 send 124 3300 12 0
92 send 60 3100 12 0
92 wait 125 93 3100
92 wait 61 93 3300
92 irecv 93 1100 200 0
92 irecv 95 1300 200 0
92 send 93 1300 4 0
92 send 95 1100 4 0
92 wait 94 93 1100
92 wait 96 93 1300
92 irecv 64 2100 200 0
92 irecv 88 2300 200 0
92 send 64 2300 12 0
92 send 88 2100 12 0
92 wait 65 93 2100
92 wait 89 93 2300
92 irecv 124 3100 200 0
92 irecv 60 3300 200 0
92 send 124 3300 24 0
92 send 60 3100 24 0
92 wait 125 93 3100
92 wait 61 93 3300
92 irecv 93 1100 200 0
92 irecv 95 1300 200 0
92 send 93 1300 4 0
92 send 95 1100 4 0
92 wait 94 93 1100
92 wait 96 93 1300
92 irecv 64 2100 200 0
92 irecv 88 2300 200 0
92 send 64 2300 12 0
92 send 88 2100 12 0
92 wait 65 93 2100
92 wait 89 93 2300
92 irecv 124 3100 200 0
92 irecv 60 3300 200 0
92 send 124 3300 24 0
92 send 60 3100 24 0
92 wait 125 93 3100
92 wait 61 93 3300
92 irecv 93 1100 200 0
92 irecv 95 1300 200 0
92 send 93 1300 16 0
92 send 95 1100 16 0
92 wait 94 93 1100
92 wait 96 93 1300
92 irecv 64 2100 200 0
92 irecv 88 2300 200 0
92 send 64 2300 40 0
92 send 88 2100 40 0
92 wait 65 93 2100
92 wait 89 93 2300
92 irecv 124 3100 200 0
92 irecv 60 3300 200 0
92 send 124 3300 60 0
92 send 60 3100 60 0
92 wait 125 93 3100
92 wait 61 93 3300
92 irecv 93 1100 200 0
92 irecv 95 1300 200 0
92 send 93 1300 16 0
92 send 95 1100 16 0
92 wait 94 93 1100
92 wait 96 93 1300
92 irecv 64 2100 200 0
92 irecv 88 2300 200 0
92 send 64 2300 40 0
92 send 88 2100 40 0
92 wait 65 93 2100
92 wait 89 93 2300
92 irecv 124 3100 200 0
92 irecv 60 3300 200 0
92 send 124 3300 60 0
92 send 60 3100 60 0
92 wait 125 93 3100
92 wait 61 93 3300
92 irecv 93 1100 200 0
92 irecv 95 1300 200 0
92 send 93 1300 16 0
92 send 95 1100 16 0
92 wait 94 93 1100
92 wait 96 93 1300
92 irecv 64 2100 200 0
92 irecv 88 2300 200 0
92 send 64 2300 40 0
92 send 88 2100 40 0
92 wait 65 93 2100
92 wait 89 93 2300
92 irecv 124 3100 200 0
92 irecv 60 3300 200 0
92 send 124 3300 60 0
92 send 60 3100 60 0
92 wait 125 93 3100
92 wait 61 93 3300
92 barrier
92 allreduce 1 0 0 
92 allreduce 4 0 1 
92 allreduce 1 0 0 
92 allreduce 4 0 1 
92 allreduce 1 0 0 
92 allreduce 4 0 1 
92 allreduce 1 0 0 
92 allreduce 4 0 1 
92 allreduce 1 0 0 
92 allreduce 4 0 1 
92 allreduce 1 0 0 
92 allreduce 4 0 1 
92 allreduce 1 0 0 
92 allreduce 4 0 1 
92 allreduce 1 0 0 
92 allreduce 4 0 1 
92 allreduce 1 0 0 
92 allreduce 4 0 1 
92 allreduce 1 0 0 
92 allreduce 4 0 1 
92 allreduce 1 0 0 
92 allreduce 4 0 1 
92 allreduce 1 0 0 
92 allreduce 4 0 1 
92 allreduce 1 0 0 
92 allreduce 4 0 1 
92 allreduce 1 0 0 
92 allreduce 4 0 1 
92 allreduce 1 0 0 
92 allreduce 4 0 1 
92 allreduce 1 0 0 
92 allreduce 4 0 1 
92 allreduce 1 0 0 
92 allreduce 4 0 1 
92 allreduce 1 0 0 
92 allreduce 4 0 1 
92 allreduce 1 0 0 
92 allreduce 4 0 1 
92 allreduce 1 0 0 
92 allreduce 4 0 1 
92 barrier
92 irecv 93 1100 200 0
92 irecv 95 1300 200 0
92 send 93 1300 16 0
92 send 95 1100 16 0
92 wait 94 93 1100
92 wait 96 93 1300
92 irecv 64 2100 200 0
92 irecv 88 2300 200 0
92 send 64 2300 40 0
92 send 88 2100 40 0
92 wait 65 93 2100
92 wait 89 93 2300
92 irecv 124 3100 200 0
92 irecv 60 3300 200 0
92 send 124 3300 60 0
92 send 60 3100 60 0
92 wait 125 93 3100
92 wait 61 93 3300
92 barrier
92 irecv 93 1100 200 0
92 irecv 95 1300 200 0
92 send 93 1300 16 0
92 send 95 1100 16 0
92 wait 94 93 1100
92 wait 96 93 1300
92 irecv 64 2100 200 0
92 irecv 88 2300 200 0
92 send 64 2300 40 0
92 send 88 2100 40 0
92 wait 65 93 2100
92 wait 89 93 2300
92 irecv 124 3100 200 0
92 irecv 60 3300 200 0
92 send 124 3300 60 0
92 send 60 3100 60 0
92 wait 125 93 3100
92 wait 61 93 3300
92 allreduce 1 0 0 
92 allreduce 1 0 0 
92 irecv 93 1100 200 0
92 irecv 95 1300 200 0
92 send 93 1300 4 0
92 send 95 1100 4 0
92 wait 94 93 1100
92 wait 96 93 1300
92 irecv 64 2100 200 0
92 irecv 88 2300 200 0
92 send 64 2300 12 0
92 send 88 2100 12 0
92 wait 65 93 2100
92 wait 89 93 2300
92 irecv 124 3100 200 0
92 irecv 60 3300 200 0
92 send 124 3300 24 0
92 send 60 3100 24 0
92 wait 125 93 3100
92 wait 61 93 3300
92 irecv 93 1100 200 0
92 irecv 95 1300 200 0
92 send 93 1300 1 0
92 send 95 1100 1 0
92 wait 94 93 1100
92 wait 96 93 1300
92 irecv 64 2100 200 0
92 irecv 88 2300 200 0
92 send 64 2300 4 0
92 send 88 2100 4 0
92 wait 65 93 2100
92 wait 89 93 2300
92 irecv 124 3100 200 0
92 irecv 60 3300 200 0
92 send 124 3300 12 0
92 send 60 3100 12 0
92 wait 125 93 3100
92 wait 61 93 3300
92 irecv 93 1100 200 0
92 irecv 95 1300 200 0
92 wait 94 93 1100
92 wait 96 93 1300
92 send 68 2300 12 0
92 send 84 2100 6 0
92 send 64 2300 24 0
92 send 88 2100 12 0
92 irecv 124 3100 200 0
92 irecv 60 3300 200 0
92 wait 125 93 3100
92 wait 61 93 3300
92 irecv 93 1100 200 0
92 irecv 95 1300 200 0
92 send 93 1300 1 0
92 send 95 1100 1 0
92 wait 94 93 1100
92 wait 96 93 1300
92 irecv 64 2100 200 0
92 irecv 88 2300 200 0
92 send 64 2300 4 0
92 send 88 2100 4 0
92 wait 65 93 2100
92 wait 89 93 2300
92 irecv 124 3100 200 0
92 irecv 60 3300 200 0
92 send 124 3300 12 0
92 send 60 3100 12 0
92 wait 125 93 3100
92 wait 61 93 3300
92 irecv 93 1100 200 0
92 irecv 95 1300 200 0
92 send 93 1300 1 0
92 send 95 1100 1 0
92 wait 94 93 1100
92 wait 96 93 1300
92 irecv 64 2100 200 0
92 irecv 88 2300 200 0
92 send 64 2300 4 0
92 send 88 2100 4 0
92 wait 65 93 2100
92 wait 89 93 2300
92 irecv 124 3100 200 0
92 irecv 60 3300 200 0
92 send 124 3300 12 0
92 send 60 3100 12 0
92 wait 125 93 3100
92 wait 61 93 3300
92 irecv 93 1100 200 0
92 irecv 95 1300 200 0
92 send 93 1300 4 0
92 send 95 1100 4 0
92 wait 94 93 1100
92 wait 96 93 1300
92 irecv 64 2100 200 0
92 irecv 88 2300 200 0
92 send 64 2300 12 0
92 send 88 2100 12 0
92 wait 65 93 2100
92 wait 89 93 2300
92 irecv 124 3100 200 0
92 irecv 60 3300 200 0
92 send 124 3300 24 0
92 send 60 3100 24 0
92 wait 125 93 3100
92 wait 61 93 3300
92 irecv 93 1100 200 0
92 irecv 95 1300 200 0
92 send 93 1300 4 0
92 send 95 1100 4 0
92 wait 94 93 1100
92 wait 96 93 1300
92 irecv 64 2100 200 0
92 irecv 88 2300 200 0
92 send 64 2300 12 0
92 send 88 2100 12 0
92 wait 65 93 2100
92 wait 89 93 2300
92 irecv 124 3100 200 0
92 irecv 60 3300 200 0
92 send 124 3300 24 0
92 send 60 3100 24 0
92 wait 125 93 3100
92 wait 61 93 3300
92 irecv 93 1100 200 0
92 irecv 95 1300 200 0
92 send 93 1300 16 0
92 send 95 1100 16 0
92 wait 94 93 1100
92 wait 96 93 1300
92 irecv 64 2100 200 0
92 irecv 88 2300 200 0
92 send 64 2300 40 0
92 send 88 2100 40 0
92 wait 65 93 2100
92 wait 89 93 2300
92 irecv 124 3100 200 0
92 irecv 60 3300 200 0
92 send 124 3300 60 0
92 send 60 3100 60 0
92 wait 125 93 3100
92 wait 61 93 3300
92 irecv 93 1100 200 0
92 irecv 95 1300 200 0
92 send 93 1300 16 0
92 send 95 1100 16 0
92 wait 94 93 1100
92 wait 96 93 1300
92 irecv 64 2100 200 0
92 irecv 88 2300 200 0
92 send 64 2300 40 0
92 send 88 2100 40 0
92 wait 65 93 2100
92 wait 89 93 2300
92 irecv 124 3100 200 0
92 irecv 60 3300 200 0
92 send 124 3300 60 0
92 send 60 3100 60 0
92 wait 125 93 3100
92 wait 61 93 3300
92 irecv 93 1100 200 0
92 irecv 95 1300 200 0
92 send 93 1300 16 0
92 send 95 1100 16 0
92 wait 94 93 1100
92 wait 96 93 1300
92 irecv 64 2100 200 0
92 irecv 88 2300 200 0
92 send 64 2300 40 0
92 send 88 2100 40 0
92 wait 65 93 2100
92 wait 89 93 2300
92 irecv 124 3100 200 0
92 irecv 60 3300 200 0
92 send 124 3300 60 0
92 send 60 3100 60 0
92 wait 125 93 3100
92 wait 61 93 3300
92 irecv 93 1100 200 0
92 irecv 95 1300 200 0
92 send 93 1300 4 0
92 send 95 1100 4 0
92 wait 94 93 1100
92 wait 96 93 1300
92 irecv 64 2100 200 0
92 irecv 88 2300 200 0
92 send 64 2300 12 0
92 send 88 2100 12 0
92 wait 65 93 2100
92 wait 89 93 2300
92 irecv 124 3100 200 0
92 irecv 60 3300 200 0
92 send 124 3300 24 0
92 send 60 3100 24 0
92 wait 125 93 3100
92 wait 61 93 3300
92 irecv 93 1100 200 0
92 irecv 95 1300 200 0
92 send 93 1300 1 0
92 send 95 1100 1 0
92 wait 94 93 1100
92 wait 96 93 1300
92 irecv 64 2100 200 0
92 irecv 88 2300 200 0
92 send 64 2300 4 0
92 send 88 2100 4 0
92 wait 65 93 2100
92 wait 89 93 2300
92 irecv 124 3100 200 0
92 irecv 60 3300 200 0
92 send 124 3300 12 0
92 send 60 3100 12 0
92 wait 125 93 3100
92 wait 61 93 3300
92 irecv 93 1100 200 0
92 irecv 95 1300 200 0
92 wait 94 93 1100
92 wait 96 93 1300
92 send 68 2300 12 0
92 send 84 2100 6 0
92 send 64 2300 24 0
92 send 88 2100 12 0
92 irecv 124 3100 200 0
92 irecv 60 3300 200 0
92 wait 125 93 3100
92 wait 61 93 3300
92 irecv 93 1100 200 0
92 irecv 95 1300 200 0
92 send 93 1300 1 0
92 send 95 1100 1 0
92 wait 94 93 1100
92 wait 96 93 1300
92 irecv 64 2100 200 0
92 irecv 88 2300 200 0
92 send 64 2300 4 0
92 send 88 2100 4 0
92 wait 65 93 2100
92 wait 89 93 2300
92 irecv 124 3100 200 0
92 irecv 60 3300 200 0
92 send 124 3300 12 0
92 send 60 3100 12 0
92 wait 125 93 3100
92 wait 61 93 3300
92 irecv 93 1100 200 0
92 irecv 95 1300 200 0
92 send 93 1300 1 0
92 send 95 1100 1 0
92 wait 94 93 1100
92 wait 96 93 1300
92 irecv 64 2100 200 0
92 irecv 88 2300 200 0
92 send 64 2300 4 0
92 send 88 2100 4 0
92 wait 65 93 2100
92 wait 89 93 2300
92 irecv 124 3100 200 0
92 irecv 60 3300 200 0
92 send 124 3300 12 0
92 send 60 3100 12 0
92 wait 125 93 3100
92 wait 61 93 3300
92 irecv 93 1100 200 0
92 irecv 95 1300 200 0
92 send 93 1300 4 0
92 send 95 1100 4 0
92 wait 94 93 1100
92 wait 96 93 1300
92 irecv 64 2100 200 0
92 irecv 88 2300 200 0
92 send 64 2300 12 0
92 send 88 2100 12 0
92 wait 65 93 2100
92 wait 89 93 2300
92 irecv 124 3100 200 0
92 irecv 60 3300 200 0
92 send 124 3300 24 0
92 send 60 3100 24 0
92 wait 125 93 3100
92 wait 61 93 3300
92 irecv 93 1100 200 0
92 irecv 95 1300 200 0
92 send 93 1300 4 0
92 send 95 1100 4 0
92 wait 94 93 1100
92 wait 96 93 1300
92 irecv 64 2100 200 0
92 irecv 88 2300 200 0
92 send 64 2300 12 0
92 send 88 2100 12 0
92 wait 65 93 2100
92 wait 89 93 2300
92 irecv 124 3100 200 0
92 irecv 60 3300 200 0
92 send 124 3300 24 0
92 send 60 3100 24 0
92 wait 125 93 3100
92 wait 61 93 3300
92 irecv 93 1100 200 0
92 irecv 95 1300 200 0
92 send 93 1300 16 0
92 send 95 1100 16 0
92 wait 94 93 1100
92 wait 96 93 1300
92 irecv 64 2100 200 0
92 irecv 88 2300 200 0
92 send 64 2300 40 0
92 send 88 2100 40 0
92 wait 65 93 2100
92 wait 89 93 2300
92 irecv 124 3100 200 0
92 irecv 60 3300 200 0
92 send 124 3300 60 0
92 send 60 3100 60 0
92 wait 125 93 3100
92 wait 61 93 3300
92 irecv 93 1100 200 0
92 irecv 95 1300 200 0
92 send 93 1300 16 0
92 send 95 1100 16 0
92 wait 94 93 1100
92 wait 96 93 1300
92 irecv 64 2100 200 0
92 irecv 88 2300 200 0
92 send 64 2300 40 0
92 send 88 2100 40 0
92 wait 65 93 2100
92 wait 89 93 2300
92 irecv 124 3100 200 0
92 irecv 60 3300 200 0
92 send 124 3300 60 0
92 send 60 3100 60 0
92 wait 125 93 3100
92 wait 61 93 3300
92 irecv 93 1100 200 0
92 irecv 95 1300 200 0
92 send 93 1300 16 0
92 send 95 1100 16 0
92 wait 94 93 1100
92 wait 96 93 1300
92 irecv 64 2100 200 0
92 irecv 88 2300 200 0
92 send 64 2300 40 0
92 send 88 2100 40 0
92 wait 65 93 2100
92 wait 89 93 2300
92 irecv 124 3100 200 0
92 irecv 60 3300 200 0
92 send 124 3300 60 0
92 send 60 3100 60 0
92 wait 125 93 3100
92 wait 61 93 3300
92 irecv 93 1100 200 0
92 irecv 95 1300 200 0
92 send 93 1300 4 0
92 send 95 1100 4 0
92 wait 94 93 1100
92 wait 96 93 1300
92 irecv 64 2100 200 0
92 irecv 88 2300 200 0
92 send 64 2300 12 0
92 send 88 2100 12 0
92 wait 65 93 2100
92 wait 89 93 2300
92 irecv 124 3100 200 0
92 irecv 60 3300 200 0
92 send 124 3300 24 0
92 send 60 3100 24 0
92 wait 125 93 3100
92 wait 61 93 3300
92 irecv 93 1100 200 0
92 irecv 95 1300 200 0
92 send 93 1300 1 0
92 send 95 1100 1 0
92 wait 94 93 1100
92 wait 96 93 1300
92 irecv 64 2100 200 0
92 irecv 88 2300 200 0
92 send 64 2300 4 0
92 send 88 2100 4 0
92 wait 65 93 2100
92 wait 89 93 2300
92 irecv 124 3100 200 0
92 irecv 60 3300 200 0
92 send 124 3300 12 0
92 send 60 3100 12 0
92 wait 125 93 3100
92 wait 61 93 3300
92 irecv 93 1100 200 0
92 irecv 95 1300 200 0
92 wait 94 93 1100
92 wait 96 93 1300
92 send 68 2300 12 0
92 send 84 2100 6 0
92 send 64 2300 24 0
92 send 88 2100 12 0
92 irecv 124 3100 200 0
92 irecv 60 3300 200 0
92 wait 125 93 3100
92 wait 61 93 3300
92 irecv 93 1100 200 0
92 irecv 95 1300 200 0
92 send 93 1300 1 0
92 send 95 1100 1 0
92 wait 94 93 1100
92 wait 96 93 1300
92 irecv 64 2100 200 0
92 irecv 88 2300 200 0
92 send 64 2300 4 0
92 send 88 2100 4 0
92 wait 65 93 2100
92 wait 89 93 2300
92 irecv 124 3100 200 0
92 irecv 60 3300 200 0
92 send 124 3300 12 0
92 send 60 3100 12 0
92 wait 125 93 3100
92 wait 61 93 3300
92 irecv 93 1100 200 0
92 irecv 95 1300 200 0
92 send 93 1300 1 0
92 send 95 1100 1 0
92 wait 94 93 1100
92 wait 96 93 1300
92 irecv 64 2100 200 0
92 irecv 88 2300 200 0
92 send 64 2300 4 0
92 send 88 2100 4 0
92 wait 65 93 2100
92 wait 89 93 2300
92 irecv 124 3100 200 0
92 irecv 60 3300 200 0
92 send 124 3300 12 0
92 send 60 3100 12 0
92 wait 125 93 3100
92 wait 61 93 3300
92 irecv 93 1100 200 0
92 irecv 95 1300 200 0
92 send 93 1300 4 0
92 send 95 1100 4 0
92 wait 94 93 1100
92 wait 96 93 1300
92 irecv 64 2100 200 0
92 irecv 88 2300 200 0
92 send 64 2300 12 0
92 send 88 2100 12 0
92 wait 65 93 2100
92 wait 89 93 2300
92 irecv 124 3100 200 0
92 irecv 60 3300 200 0
92 send 124 3300 24 0
92 send 60 3100 24 0
92 wait 125 93 3100
92 wait 61 93 3300
92 irecv 93 1100 200 0
92 irecv 95 1300 200 0
92 send 93 1300 4 0
92 send 95 1100 4 0
92 wait 94 93 1100
92 wait 96 93 1300
92 irecv 64 2100 200 0
92 irecv 88 2300 200 0
92 send 64 2300 12 0
92 send 88 2100 12 0
92 wait 65 93 2100
92 wait 89 93 2300
92 irecv 124 3100 200 0
92 irecv 60 3300 200 0
92 send 124 3300 24 0
92 send 60 3100 24 0
92 wait 125 93 3100
92 wait 61 93 3300
92 irecv 93 1100 200 0
92 irecv 95 1300 200 0
92 send 93 1300 16 0
92 send 95 1100 16 0
92 wait 94 93 1100
92 wait 96 93 1300
92 irecv 64 2100 200 0
92 irecv 88 2300 200 0
92 send 64 2300 40 0
92 send 88 2100 40 0
92 wait 65 93 2100
92 wait 89 93 2300
92 irecv 124 3100 200 0
92 irecv 60 3300 200 0
92 send 124 3300 60 0
92 send 60 3100 60 0
92 wait 125 93 3100
92 wait 61 93 3300
92 irecv 93 1100 200 0
92 irecv 95 1300 200 0
92 send 93 1300 16 0
92 send 95 1100 16 0
92 wait 94 93 1100
92 wait 96 93 1300
92 irecv 64 2100 200 0
92 irecv 88 2300 200 0
92 send 64 2300 40 0
92 send 88 2100 40 0
92 wait 65 93 2100
92 wait 89 93 2300
92 irecv 124 3100 200 0
92 irecv 60 3300 200 0
92 send 124 3300 60 0
92 send 60 3100 60 0
92 wait 125 93 3100
92 wait 61 93 3300
92 irecv 93 1100 200 0
92 irecv 95 1300 200 0
92 send 93 1300 16 0
92 send 95 1100 16 0
92 wait 94 93 1100
92 wait 96 93 1300
92 irecv 64 2100 200 0
92 irecv 88 2300 200 0
92 send 64 2300 40 0
92 send 88 2100 40 0
92 wait 65 93 2100
92 wait 89 93 2300
92 irecv 124 3100 200 0
92 irecv 60 3300 200 0
92 send 124 3300 60 0
92 send 60 3100 60 0
92 wait 125 93 3100
92 wait 61 93 3300
92 irecv 93 1100 200 0
92 irecv 95 1300 200 0
92 send 93 1300 4 0
92 send 95 1100 4 0
92 wait 94 93 1100
92 wait 96 93 1300
92 irecv 64 2100 200 0
92 irecv 88 2300 200 0
92 send 64 2300 12 0
92 send 88 2100 12 0
92 wait 65 93 2100
92 wait 89 93 2300
92 irecv 124 3100 200 0
92 irecv 60 3300 200 0
92 send 124 3300 24 0
92 send 60 3100 24 0
92 wait 125 93 3100
92 wait 61 93 3300
92 irecv 93 1100 200 0
92 irecv 95 1300 200 0
92 send 93 1300 1 0
92 send 95 1100 1 0
92 wait 94 93 1100
92 wait 96 93 1300
92 irecv 64 2100 200 0
92 irecv 88 2300 200 0
92 send 64 2300 4 0
92 send 88 2100 4 0
92 wait 65 93 2100
92 wait 89 93 2300
92 irecv 124 3100 200 0
92 irecv 60 3300 200 0
92 send 124 3300 12 0
92 send 60 3100 12 0
92 wait 125 93 3100
92 wait 61 93 3300
92 irecv 93 1100 200 0
92 irecv 95 1300 200 0
92 wait 94 93 1100
92 wait 96 93 1300
92 send 68 2300 12 0
92 send 84 2100 6 0
92 send 64 2300 24 0
92 send 88 2100 12 0
92 irecv 124 3100 200 0
92 irecv 60 3300 200 0
92 wait 125 93 3100
92 wait 61 93 3300
92 irecv 93 1100 200 0
92 irecv 95 1300 200 0
92 send 93 1300 1 0
92 send 95 1100 1 0
92 wait 94 93 1100
92 wait 96 93 1300
92 irecv 64 2100 200 0
92 irecv 88 2300 200 0
92 send 64 2300 4 0
92 send 88 2100 4 0
92 wait 65 93 2100
92 wait 89 93 2300
92 irecv 124 3100 200 0
92 irecv 60 3300 200 0
92 send 124 3300 12 0
92 send 60 3100 12 0
92 wait 125 93 3100
92 wait 61 93 3300
92 irecv 93 1100 200 0
92 irecv 95 1300 200 0
92 send 93 1300 1 0
92 send 95 1100 1 0
92 wait 94 93 1100
92 wait 96 93 1300
92 irecv 64 2100 200 0
92 irecv 88 2300 200 0
92 send 64 2300 4 0
92 send 88 2100 4 0
92 wait 65 93 2100
92 wait 89 93 2300
92 irecv 124 3100 200 0
92 irecv 60 3300 200 0
92 send 124 3300 12 0
92 send 60 3100 12 0
92 wait 125 93 3100
92 wait 61 93 3300
92 irecv 93 1100 200 0
92 irecv 95 1300 200 0
92 send 93 1300 4 0
92 send 95 1100 4 0
92 wait 94 93 1100
92 wait 96 93 1300
92 irecv 64 2100 200 0
92 irecv 88 2300 200 0
92 send 64 2300 12 0
92 send 88 2100 12 0
92 wait 65 93 2100
92 wait 89 93 2300
92 irecv 124 3100 200 0
92 irecv 60 3300 200 0
92 send 124 3300 24 0
92 send 60 3100 24 0
92 wait 125 93 3100
92 wait 61 93 3300
92 irecv 93 1100 200 0
92 irecv 95 1300 200 0
92 send 93 1300 4 0
92 send 95 1100 4 0
92 wait 94 93 1100
92 wait 96 93 1300
92 irecv 64 2100 200 0
92 irecv 88 2300 200 0
92 send 64 2300 12 0
92 send 88 2100 12 0
92 wait 65 93 2100
92 wait 89 93 2300
92 irecv 124 3100 200 0
92 irecv 60 3300 200 0
92 send 124 3300 24 0
92 send 60 3100 24 0
92 wait 125 93 3100
92 wait 61 93 3300
92 irecv 93 1100 200 0
92 irecv 95 1300 200 0
92 send 93 1300 16 0
92 send 95 1100 16 0
92 wait 94 93 1100
92 wait 96 93 1300
92 irecv 64 2100 200 0
92 irecv 88 2300 200 0
92 send 64 2300 40 0
92 send 88 2100 40 0
92 wait 65 93 2100
92 wait 89 93 2300
92 irecv 124 3100 200 0
92 irecv 60 3300 200 0
92 send 124 3300 60 0
92 send 60 3100 60 0
92 wait 125 93 3100
92 wait 61 93 3300
92 irecv 93 1100 200 0
92 irecv 95 1300 200 0
92 send 93 1300 16 0
92 send 95 1100 16 0
92 wait 94 93 1100
92 wait 96 93 1300
92 irecv 64 2100 200 0
92 irecv 88 2300 200 0
92 send 64 2300 40 0
92 send 88 2100 40 0
92 wait 65 93 2100
92 wait 89 93 2300
92 irecv 124 3100 200 0
92 irecv 60 3300 200 0
92 send 124 3300 60 0
92 send 60 3100 60 0
92 wait 125 93 3100
92 wait 61 93 3300
92 irecv 93 1100 200 0
92 irecv 95 1300 200 0
92 send 93 1300 16 0
92 send 95 1100 16 0
92 wait 94 93 1100
92 wait 96 93 1300
92 irecv 64 2100 200 0
92 irecv 88 2300 200 0
92 send 64 2300 40 0
92 send 88 2100 40 0
92 wait 65 93 2100
92 wait 89 93 2300
92 irecv 124 3100 200 0
92 irecv 60 3300 200 0
92 send 124 3300 60 0
92 send 60 3100 60 0
92 wait 125 93 3100
92 wait 61 93 3300
92 allreduce 1 0 0 
92 allreduce 1 0 0 
92 reduce 1 0 0 0 
92 finalize
