243 init
243 barrier
243 bcast 1 0 1 
243 bcast 1 0 1 
243 bcast 1 0 1 
243 bcast 1 0 1 
243 bcast 1 0 1 
243 bcast 8 0 1 
243 bcast 1 0 16 
243 barrier
243 allreduce 1 0 0 
243 allreduce 4 0 1 
243 allreduce 1 0 0 
243 allreduce 4 0 1 
243 allreduce 1 0 0 
243 allreduce 4 0 1 
243 allreduce 1 0 0 
243 allreduce 4 0 1 
243 allreduce 1 0 0 
243 allreduce 4 0 1 
243 allreduce 1 0 0 
243 allreduce 4 0 1 
243 allreduce 1 0 0 
243 allreduce 4 0 1 
243 allreduce 1 0 0 
243 allreduce 4 0 1 
243 allreduce 1 0 0 
243 allreduce 4 0 1 
243 allreduce 1 0 0 
243 allreduce 4 0 1 
243 allreduce 1 0 0 
243 allreduce 4 0 1 
243 allreduce 1 0 0 
243 allreduce 4 0 1 
243 allreduce 1 0 0 
243 allreduce 4 0 1 
243 allreduce 1 0 0 
243 allreduce 4 0 1 
243 allreduce 1 0 0 
243 allreduce 4 0 1 
243 allreduce 1 0 0 
243 allreduce 4 0 1 
243 allreduce 1 0 0 
243 allreduce 4 0 1 
243 allreduce 1 0 0 
243 allreduce 4 0 1 
243 allreduce 1 0 0 
243 allreduce 4 0 1 
243 allreduce 1 0 0 
243 allreduce 4 0 1 
243 barrier
243 irecv 240 1100 200 0
243 irecv 242 1300 200 0
243 send 240 1300 16 0
243 send 242 1100 16 0
243 wait 241 244 1100
243 wait 243 244 1300
243 irecv 247 2100 200 0
243 irecv 239 2300 200 0
243 send 247 2300 40 0
243 send 239 2100 40 0
243 wait 248 244 2100
243 wait 240 244 2300
243 irecv 19 3100 200 0
243 irecv 211 3300 200 0
243 send 19 3300 60 0
243 send 211 3100 60 0
243 wait 20 244 3100
243 wait 212 244 3300
243 allreduce 1 0 0 
243 allreduce 1 0 0 
243 irecv 240 1100 200 0
243 irecv 242 1300 200 0
243 send 240 1300 16 0
243 send 242 1100 16 0
243 wait 241 244 1100
243 wait 243 244 1300
243 irecv 247 2100 200 0
243 irecv 239 2300 200 0
243 send 247 2300 40 0
243 send 239 2100 40 0
243 wait 248 244 2100
243 wait 240 244 2300
243 irecv 19 3100 200 0
243 irecv 211 3300 200 0
243 send 19 3300 60 0
243 send 211 3100 60 0
243 wait 20 244 3100
243 wait 212 244 3300
243 allreduce 1 0 0 
243 allreduce 1 0 0 
243 irecv 240 1100 200 0
243 irecv 242 1300 200 0
243 send 240 1300 4 0
243 send 242 1100 4 0
243 wait 241 244 1100
243 wait 243 244 1300
243 irecv 247 2100 200 0
243 irecv 239 2300 200 0
243 send 247 2300 12 0
243 send 239 2100 12 0
243 wait 248 244 2100
243 wait 240 244 2300
243 irecv 19 3100 200 0
243 irecv 211 3300 200 0
243 send 19 3300 24 0
243 send 211 3100 24 0
243 wait 20 244 3100
243 wait 212 244 3300
243 irecv 240 1100 200 0
243 irecv 242 1300 200 0
243 send 240 1300 1 0
243 send 242 1100 1 0
243 wait 241 244 1100
243 wait 243 244 1300
243 irecv 247 2100 200 0
243 irecv 239 2300 200 0
243 send 247 2300 4 0
243 send 239 2100 4 0
243 wait 248 244 2100
243 wait 240 244 2300
243 irecv 19 3100 200 0
243 irecv 211 3300 200 0
243 send 19 3300 12 0
243 send 211 3100 12 0
243 wait 20 244 3100
243 wait 212 244 3300
243 send 240 1300 12 0
243 send 242 1100 6 0
243 send 51 3300 12 0
243 send 179 3100 6 0
243 irecv 247 2100 200 0
243 irecv 239 2300 200 0
243 wait 248 244 2100
243 wait 240 244 2300
243 send 19 3300 24 0
243 send 211 3100 12 0
243 irecv 240 1100 200 0
243 irecv 242 1300 200 0
243 send 240 1300 1 0
243 send 242 1100 1 0
243 wait 241 244 1100
243 wait 243 244 1300
243 irecv 247 2100 200 0
243 irecv 239 2300 200 0
243 send 247 2300 4 0
243 send 239 2100 4 0
243 wait 248 244 2100
243 wait 240 244 2300
243 irecv 19 3100 200 0
243 irecv 211 3300 200 0
243 send 19 3300 12 0
243 send 211 3100 12 0
243 wait 20 244 3100
243 wait 212 244 3300
243 irecv 240 1100 200 0
243 irecv 242 1300 200 0
243 send 240 1300 1 0
243 send 242 1100 1 0
243 wait 241 244 1100
243 wait 243 244 1300
243 irecv 247 2100 200 0
243 irecv 239 2300 200 0
243 send 247 2300 4 0
243 send 239 2100 4 0
243 wait 248 244 2100
243 wait 240 244 2300
243 irecv 19 3100 200 0
243 irecv 211 3300 200 0
243 send 19 3300 12 0
243 send 211 3100 12 0
243 wait 20 244 3100
243 wait 212 244 3300
243 irecv 240 1100 200 0
243 irecv 242 1300 200 0
243 send 240 1300 4 0
243 send 242 1100 4 0
243 wait 241 244 1100
243 wait 243 244 1300
243 irecv 247 2100 200 0
243 irecv 239 2300 200 0
243 send 247 2300 12 0
243 send 239 2100 12 0
243 wait 248 244 2100
243 wait 240 244 2300
243 irecv 19 3100 200 0
243 irecv 211 3300 200 0
243 send 19 3300 24 0
243 send 211 3100 24 0
243 wait 20 244 3100
243 wait 212 244 3300
243 irecv 240 1100 200 0
243 irecv 242 1300 200 0
243 send 240 1300 4 0
243 send 242 1100 4 0
243 wait 241 244 1100
243 wait 243 244 1300
243 irecv 247 2100 200 0
243 irecv 239 2300 200 0
243 send 247 2300 12 0
243 send 239 2100 12 0
243 wait 248 244 2100
243 wait 240 244 2300
243 irecv 19 3100 200 0
243 irecv 211 3300 200 0
243 send 19 3300 24 0
243 send 211 3100 24 0
243 wait 20 244 3100
243 wait 212 244 3300
243 irecv 240 1100 200 0
243 irecv 242 1300 200 0
243 send 240 1300 16 0
243 send 242 1100 16 0
243 wait 241 244 1100
243 wait 243 244 1300
243 irecv 247 2100 200 0
243 irecv 239 2300 200 0
243 send 247 2300 40 0
243 send 239 2100 40 0
243 wait 248 244 2100
243 wait 240 244 2300
243 irecv 19 3100 200 0
243 irecv 211 3300 200 0
243 send 19 3300 60 0
243 send 211 3100 60 0
243 wait 20 244 3100
243 wait 212 244 3300
243 irecv 240 1100 200 0
243 irecv 242 1300 200 0
243 send 240 1300 16 0
243 send 242 1100 16 0
243 wait 241 244 1100
243 wait 243 244 1300
243 irecv 247 2100 200 0
243 irecv 239 2300 200 0
243 send 247 2300 40 0
243 send 239 2100 40 0
243 wait 248 244 2100
243 wait 240 244 2300
243 irecv 19 3100 200 0
243 irecv 211 3300 200 0
243 send 19 3300 60 0
243 send 211 3100 60 0
243 wait 20 244 3100
243 wait 212 244 3300
243 irecv 240 1100 200 0
243 irecv 242 1300 200 0
243 send 240 1300 16 0
243 send 242 1100 16 0
243 wait 241 244 1100
243 wait 243 244 1300
243 irecv 247 2100 200 0
243 irecv 239 2300 200 0
243 send 247 2300 40 0
243 send 239 2100 40 0
243 wait 248 244 2100
243 wait 240 244 2300
243 irecv 19 3100 200 0
243 irecv 211 3300 200 0
243 send 19 3300 60 0
243 send 211 3100 60 0
243 wait 20 244 3100
243 wait 212 244 3300
243 barrier
243 allreduce 1 0 0 
243 allreduce 4 0 1 
243 allreduce 1 0 0 
243 allreduce 4 0 1 
243 allreduce 1 0 0 
243 allreduce 4 0 1 
243 allreduce 1 0 0 
243 allreduce 4 0 1 
243 allreduce 1 0 0 
243 allreduce 4 0 1 
243 allreduce 1 0 0 
243 allreduce 4 0 1 
243 allreduce 1 0 0 
243 allreduce 4 0 1 
243 allreduce 1 0 0 
243 allreduce 4 0 1 
243 allreduce 1 0 0 
243 allreduce 4 0 1 
243 allreduce 1 0 0 
243 allreduce 4 0 1 
243 allreduce 1 0 0 
243 allreduce 4 0 1 
243 allreduce 1 0 0 
243 allreduce 4 0 1 
243 allreduce 1 0 0 
243 allreduce 4 0 1 
243 allreduce 1 0 0 
243 allreduce 4 0 1 
243 allreduce 1 0 0 
243 allreduce 4 0 1 
243 allreduce 1 0 0 
243 allreduce 4 0 1 
243 allreduce 1 0 0 
243 allreduce 4 0 1 
243 allreduce 1 0 0 
243 allreduce 4 0 1 
243 allreduce 1 0 0 
243 allreduce 4 0 1 
243 allreduce 1 0 0 
243 allreduce 4 0 1 
243 barrier
243 irecv 240 1100 200 0
243 irecv 242 1300 200 0
243 send 240 1300 16 0
243 send 242 1100 16 0
243 wait 241 244 1100
243 wait 243 244 1300
243 irecv 247 2100 200 0
243 irecv 239 2300 200 0
243 send 247 2300 40 0
243 send 239 2100 40 0
243 wait 248 244 2100
243 wait 240 244 2300
243 irecv 19 3100 200 0
243 irecv 211 3300 200 0
243 send 19 3300 60 0
243 send 211 3100 60 0
243 wait 20 244 3100
243 wait 212 244 3300
243 barrier
243 irecv 240 1100 200 0
243 irecv 242 1300 200 0
243 send 240 1300 16 0
243 send 242 1100 16 0
243 wait 241 244 1100
243 wait 243 244 1300
243 irecv 247 2100 200 0
243 irecv 239 2300 200 0
243 send 247 2300 40 0
243 send 239 2100 40 0
243 wait 248 244 2100
243 wait 240 244 2300
243 irecv 19 3100 200 0
243 irecv 211 3300 200 0
243 send 19 3300 60 0
243 send 211 3100 60 0
243 wait 20 244 3100
243 wait 212 244 3300
243 allreduce 1 0 0 
243 allreduce 1 0 0 
243 irecv 240 1100 200 0
243 irecv 242 1300 200 0
243 send 240 1300 4 0
243 send 242 1100 4 0
243 wait 241 244 1100
243 wait 243 244 1300
243 irecv 247 2100 200 0
243 irecv 239 2300 200 0
243 send 247 2300 12 0
243 send 239 2100 12 0
243 wait 248 244 2100
243 wait 240 244 2300
243 irecv 19 3100 200 0
243 irecv 211 3300 200 0
243 send 19 3300 24 0
243 send 211 3100 24 0
243 wait 20 244 3100
243 wait 212 244 3300
243 irecv 240 1100 200 0
243 irecv 242 1300 200 0
243 send 240 1300 1 0
243 send 242 1100 1 0
243 wait 241 244 1100
243 wait 243 244 1300
243 irecv 247 2100 200 0
243 irecv 239 2300 200 0
243 send 247 2300 4 0
243 send 239 2100 4 0
243 wait 248 244 2100
243 wait 240 244 2300
243 irecv 19 3100 200 0
243 irecv 211 3300 200 0
243 send 19 3300 12 0
243 send 211 3100 12 0
243 wait 20 244 3100
243 wait 212 244 3300
243 send 240 1300 12 0
243 send 242 1100 6 0
243 send 51 3300 12 0
243 send 179 3100 6 0
243 irecv 247 2100 200 0
243 irecv 239 2300 200 0
243 wait 248 244 2100
243 wait 240 244 2300
243 send 19 3300 24 0
243 send 211 3100 12 0
243 irecv 240 1100 200 0
243 irecv 242 1300 200 0
243 send 240 1300 1 0
243 send 242 1100 1 0
243 wait 241 244 1100
243 wait 243 244 1300
243 irecv 247 2100 200 0
243 irecv 239 2300 200 0
243 send 247 2300 4 0
243 send 239 2100 4 0
243 wait 248 244 2100
243 wait 240 244 2300
243 irecv 19 3100 200 0
243 irecv 211 3300 200 0
243 send 19 3300 12 0
243 send 211 3100 12 0
243 wait 20 244 3100
243 wait 212 244 3300
243 irecv 240 1100 200 0
243 irecv 242 1300 200 0
243 send 240 1300 1 0
243 send 242 1100 1 0
243 wait 241 244 1100
243 wait 243 244 1300
243 irecv 247 2100 200 0
243 irecv 239 2300 200 0
243 send 247 2300 4 0
243 send 239 2100 4 0
243 wait 248 244 2100
243 wait 240 244 2300
243 irecv 19 3100 200 0
243 irecv 211 3300 200 0
243 send 19 3300 12 0
243 send 211 3100 12 0
243 wait 20 244 3100
243 wait 212 244 3300
243 irecv 240 1100 200 0
243 irecv 242 1300 200 0
243 send 240 1300 4 0
243 send 242 1100 4 0
243 wait 241 244 1100
243 wait 243 244 1300
243 irecv 247 2100 200 0
243 irecv 239 2300 200 0
243 send 247 2300 12 0
243 send 239 2100 12 0
243 wait 248 244 2100
243 wait 240 244 2300
243 irecv 19 3100 200 0
243 irecv 211 3300 200 0
243 send 19 3300 24 0
243 send 211 3100 24 0
243 wait 20 244 3100
243 wait 212 244 3300
243 irecv 240 1100 200 0
243 irecv 242 1300 200 0
243 send 240 1300 4 0
243 send 242 1100 4 0
243 wait 241 244 1100
243 wait 243 244 1300
243 irecv 247 2100 200 0
243 irecv 239 2300 200 0
243 send 247 2300 12 0
243 send 239 2100 12 0
243 wait 248 244 2100
243 wait 240 244 2300
243 irecv 19 3100 200 0
243 irecv 211 3300 200 0
243 send 19 3300 24 0
243 send 211 3100 24 0
243 wait 20 244 3100
243 wait 212 244 3300
243 irecv 240 1100 200 0
243 irecv 242 1300 200 0
243 send 240 1300 16 0
243 send 242 1100 16 0
243 wait 241 244 1100
243 wait 243 244 1300
243 irecv 247 2100 200 0
243 irecv 239 2300 200 0
243 send 247 2300 40 0
243 send 239 2100 40 0
243 wait 248 244 2100
243 wait 240 244 2300
243 irecv 19 3100 200 0
243 irecv 211 3300 200 0
243 send 19 3300 60 0
243 send 211 3100 60 0
243 wait 20 244 3100
243 wait 212 244 3300
243 irecv 240 1100 200 0
243 irecv 242 1300 200 0
243 send 240 1300 16 0
243 send 242 1100 16 0
243 wait 241 244 1100
243 wait 243 244 1300
243 irecv 247 2100 200 0
243 irecv 239 2300 200 0
243 send 247 2300 40 0
243 send 239 2100 40 0
243 wait 248 244 2100
243 wait 240 244 2300
243 irecv 19 3100 200 0
243 irecv 211 3300 200 0
243 send 19 3300 60 0
243 send 211 3100 60 0
243 wait 20 244 3100
243 wait 212 244 3300
243 irecv 240 1100 200 0
243 irecv 242 1300 200 0
243 send 240 1300 16 0
243 send 242 1100 16 0
243 wait 241 244 1100
243 wait 243 244 1300
243 irecv 247 2100 200 0
243 irecv 239 2300 200 0
243 send 247 2300 40 0
243 send 239 2100 40 0
243 wait 248 244 2100
243 wait 240 244 2300
243 irecv 19 3100 200 0
243 irecv 211 3300 200 0
243 send 19 3300 60 0
243 send 211 3100 60 0
243 wait 20 244 3100
243 wait 212 244 3300
243 irecv 240 1100 200 0
243 irecv 242 1300 200 0
243 send 240 1300 4 0
243 send 242 1100 4 0
243 wait 241 244 1100
243 wait 243 244 1300
243 irecv 247 2100 200 0
243 irecv 239 2300 200 0
243 send 247 2300 12 0
243 send 239 2100 12 0
243 wait 248 244 2100
243 wait 240 244 2300
243 irecv 19 3100 200 0
243 irecv 211 3300 200 0
243 send 19 3300 24 0
243 send 211 3100 24 0
243 wait 20 244 3100
243 wait 212 244 3300
243 irecv 240 1100 200 0
243 irecv 242 1300 200 0
243 send 240 1300 1 0
243 send 242 1100 1 0
243 wait 241 244 1100
243 wait 243 244 1300
243 irecv 247 2100 200 0
243 irecv 239 2300 200 0
243 send 247 2300 4 0
243 send 239 2100 4 0
243 wait 248 244 2100
243 wait 240 244 2300
243 irecv 19 3100 200 0
243 irecv 211 3300 200 0
243 send 19 3300 12 0
243 send 211 3100 12 0
243 wait 20 244 3100
243 wait 212 244 3300
243 send 240 1300 12 0
243 send 242 1100 6 0
243 send 51 3300 12 0
243 send 179 3100 6 0
243 irecv 247 2100 200 0
243 irecv 239 2300 200 0
243 wait 248 244 2100
243 wait 240 244 2300
243 send 19 3300 24 0
243 send 211 3100 12 0
243 irecv 240 1100 200 0
243 irecv 242 1300 200 0
243 send 240 1300 1 0
243 send 242 1100 1 0
243 wait 241 244 1100
243 wait 243 244 1300
243 irecv 247 2100 200 0
243 irecv 239 2300 200 0
243 send 247 2300 4 0
243 send 239 2100 4 0
243 wait 248 244 2100
243 wait 240 244 2300
243 irecv 19 3100 200 0
243 irecv 211 3300 200 0
243 send 19 3300 12 0
243 send 211 3100 12 0
243 wait 20 244 3100
243 wait 212 244 3300
243 irecv 240 1100 200 0
243 irecv 242 1300 200 0
243 send 240 1300 1 0
243 send 242 1100 1 0
243 wait 241 244 1100
243 wait 243 244 1300
243 irecv 247 2100 200 0
243 irecv 239 2300 200 0
243 send 247 2300 4 0
243 send 239 2100 4 0
243 wait 248 244 2100
243 wait 240 244 2300
243 irecv 19 3100 200 0
243 irecv 211 3300 200 0
243 send 19 3300 12 0
243 send 211 3100 12 0
243 wait 20 244 3100
243 wait 212 244 3300
243 irecv 240 1100 200 0
243 irecv 242 1300 200 0
243 send 240 1300 4 0
243 send 242 1100 4 0
243 wait 241 244 1100
243 wait 243 244 1300
243 irecv 247 2100 200 0
243 irecv 239 2300 200 0
243 send 247 2300 12 0
243 send 239 2100 12 0
243 wait 248 244 2100
243 wait 240 244 2300
243 irecv 19 3100 200 0
243 irecv 211 3300 200 0
243 send 19 3300 24 0
243 send 211 3100 24 0
243 wait 20 244 3100
243 wait 212 244 3300
243 irecv 240 1100 200 0
243 irecv 242 1300 200 0
243 send 240 1300 4 0
243 send 242 1100 4 0
243 wait 241 244 1100
243 wait 243 244 1300
243 irecv 247 2100 200 0
243 irecv 239 2300 200 0
243 send 247 2300 12 0
243 send 239 2100 12 0
243 wait 248 244 2100
243 wait 240 244 2300
243 irecv 19 3100 200 0
243 irecv 211 3300 200 0
243 send 19 3300 24 0
243 send 211 3100 24 0
243 wait 20 244 3100
243 wait 212 244 3300
243 irecv 240 1100 200 0
243 irecv 242 1300 200 0
243 send 240 1300 16 0
243 send 242 1100 16 0
243 wait 241 244 1100
243 wait 243 244 1300
243 irecv 247 2100 200 0
243 irecv 239 2300 200 0
243 send 247 2300 40 0
243 send 239 2100 40 0
243 wait 248 244 2100
243 wait 240 244 2300
243 irecv 19 3100 200 0
243 irecv 211 3300 200 0
243 send 19 3300 60 0
243 send 211 3100 60 0
243 wait 20 244 3100
243 wait 212 244 3300
243 irecv 240 1100 200 0
243 irecv 242 1300 200 0
243 send 240 1300 16 0
243 send 242 1100 16 0
243 wait 241 244 1100
243 wait 243 244 1300
243 irecv 247 2100 200 0
243 irecv 239 2300 200 0
243 send 247 2300 40 0
243 send 239 2100 40 0
243 wait 248 244 2100
243 wait 240 244 2300
243 irecv 19 3100 200 0
243 irecv 211 3300 200 0
243 send 19 3300 60 0
243 send 211 3100 60 0
243 wait 20 244 3100
243 wait 212 244 3300
243 irecv 240 1100 200 0
243 irecv 242 1300 200 0
243 send 240 1300 16 0
243 send 242 1100 16 0
243 wait 241 244 1100
243 wait 243 244 1300
243 irecv 247 2100 200 0
243 irecv 239 2300 200 0
243 send 247 2300 40 0
243 send 239 2100 40 0
243 wait 248 244 2100
243 wait 240 244 2300
243 irecv 19 3100 200 0
243 irecv 211 3300 200 0
243 send 19 3300 60 0
243 send 211 3100 60 0
243 wait 20 244 3100
243 wait 212 244 3300
243 irecv 240 1100 200 0
243 irecv 242 1300 200 0
243 send 240 1300 4 0
243 send 242 1100 4 0
243 wait 241 244 1100
243 wait 243 244 1300
243 irecv 247 2100 200 0
243 irecv 239 2300 200 0
243 send 247 2300 12 0
243 send 239 2100 12 0
243 wait 248 244 2100
243 wait 240 244 2300
243 irecv 19 3100 200 0
243 irecv 211 3300 200 0
243 send 19 3300 24 0
243 send 211 3100 24 0
243 wait 20 244 3100
243 wait 212 244 3300
243 irecv 240 1100 200 0
243 irecv 242 1300 200 0
243 send 240 1300 1 0
243 send 242 1100 1 0
243 wait 241 244 1100
243 wait 243 244 1300
243 irecv 247 2100 200 0
243 irecv 239 2300 200 0
243 send 247 2300 4 0
243 send 239 2100 4 0
243 wait 248 244 2100
243 wait 240 244 2300
243 irecv 19 3100 200 0
243 irecv 211 3300 200 0
243 send 19 3300 12 0
243 send 211 3100 12 0
243 wait 20 244 3100
243 wait 212 244 3300
243 send 240 1300 12 0
243 send 242 1100 6 0
243 send 51 3300 12 0
243 send 179 3100 6 0
243 irecv 247 2100 200 0
243 irecv 239 2300 200 0
243 wait 248 244 2100
243 wait 240 244 2300
243 send 19 3300 24 0
243 send 211 3100 12 0
243 irecv 240 1100 200 0
243 irecv 242 1300 200 0
243 send 240 1300 1 0
243 send 242 1100 1 0
243 wait 241 244 1100
243 wait 243 244 1300
243 irecv 247 2100 200 0
243 irecv 239 2300 200 0
243 send 247 2300 4 0
243 send 239 2100 4 0
243 wait 248 244 2100
243 wait 240 244 2300
243 irecv 19 3100 200 0
243 irecv 211 3300 200 0
243 send 19 3300 12 0
243 send 211 3100 12 0
243 wait 20 244 3100
243 wait 212 244 3300
243 irecv 240 1100 200 0
243 irecv 242 1300 200 0
243 send 240 1300 1 0
243 send 242 1100 1 0
243 wait 241 244 1100
243 wait 243 244 1300
243 irecv 247 2100 200 0
243 irecv 239 2300 200 0
243 send 247 2300 4 0
243 send 239 2100 4 0
243 wait 248 244 2100
243 wait 240 244 2300
243 irecv 19 3100 200 0
243 irecv 211 3300 200 0
243 send 19 3300 12 0
243 send 211 3100 12 0
243 wait 20 244 3100
243 wait 212 244 3300
243 irecv 240 1100 200 0
243 irecv 242 1300 200 0
243 send 240 1300 4 0
243 send 242 1100 4 0
243 wait 241 244 1100
243 wait 243 244 1300
243 irecv 247 2100 200 0
243 irecv 239 2300 200 0
243 send 247 2300 12 0
243 send 239 2100 12 0
243 wait 248 244 2100
243 wait 240 244 2300
243 irecv 19 3100 200 0
243 irecv 211 3300 200 0
243 send 19 3300 24 0
243 send 211 3100 24 0
243 wait 20 244 3100
243 wait 212 244 3300
243 irecv 240 1100 200 0
243 irecv 242 1300 200 0
243 send 240 1300 4 0
243 send 242 1100 4 0
243 wait 241 244 1100
243 wait 243 244 1300
243 irecv 247 2100 200 0
243 irecv 239 2300 200 0
243 send 247 2300 12 0
243 send 239 2100 12 0
243 wait 248 244 2100
243 wait 240 244 2300
243 irecv 19 3100 200 0
243 irecv 211 3300 200 0
243 send 19 3300 24 0
243 send 211 3100 24 0
243 wait 20 244 3100
243 wait 212 244 3300
243 irecv 240 1100 200 0
243 irecv 242 1300 200 0
243 send 240 1300 16 0
243 send 242 1100 16 0
243 wait 241 244 1100
243 wait 243 244 1300
243 irecv 247 2100 200 0
243 irecv 239 2300 200 0
243 send 247 2300 40 0
243 send 239 2100 40 0
243 wait 248 244 2100
243 wait 240 244 2300
243 irecv 19 3100 200 0
243 irecv 211 3300 200 0
243 send 19 3300 60 0
243 send 211 3100 60 0
243 wait 20 244 3100
243 wait 212 244 3300
243 irecv 240 1100 200 0
243 irecv 242 1300 200 0
243 send 240 1300 16 0
243 send 242 1100 16 0
243 wait 241 244 1100
243 wait 243 244 1300
243 irecv 247 2100 200 0
243 irecv 239 2300 200 0
243 send 247 2300 40 0
243 send 239 2100 40 0
243 wait 248 244 2100
243 wait 240 244 2300
243 irecv 19 3100 200 0
243 irecv 211 3300 200 0
243 send 19 3300 60 0
243 send 211 3100 60 0
243 wait 20 244 3100
243 wait 212 244 3300
243 irecv 240 1100 200 0
243 irecv 242 1300 200 0
243 send 240 1300 16 0
243 send 242 1100 16 0
243 wait 241 244 1100
243 wait 243 244 1300
243 irecv 247 2100 200 0
243 irecv 239 2300 200 0
243 send 247 2300 40 0
243 send 239 2100 40 0
243 wait 248 244 2100
243 wait 240 244 2300
243 irecv 19 3100 200 0
243 irecv 211 3300 200 0
243 send 19 3300 60 0
243 send 211 3100 60 0
243 wait 20 244 3100
243 wait 212 244 3300
243 irecv 240 1100 200 0
243 irecv 242 1300 200 0
243 send 240 1300 4 0
243 send 242 1100 4 0
243 wait 241 244 1100
243 wait 243 244 1300
243 irecv 247 2100 200 0
243 irecv 239 2300 200 0
243 send 247 2300 12 0
243 send 239 2100 12 0
243 wait 248 244 2100
243 wait 240 244 2300
243 irecv 19 3100 200 0
243 irecv 211 3300 200 0
243 send 19 3300 24 0
243 send 211 3100 24 0
243 wait 20 244 3100
243 wait 212 244 3300
243 irecv 240 1100 200 0
243 irecv 242 1300 200 0
243 send 240 1300 1 0
243 send 242 1100 1 0
243 wait 241 244 1100
243 wait 243 244 1300
243 irecv 247 2100 200 0
243 irecv 239 2300 200 0
243 send 247 2300 4 0
243 send 239 2100 4 0
243 wait 248 244 2100
243 wait 240 244 2300
243 irecv 19 3100 200 0
243 irecv 211 3300 200 0
243 send 19 3300 12 0
243 send 211 3100 12 0
243 wait 20 244 3100
243 wait 212 244 3300
243 send 240 1300 12 0
243 send 242 1100 6 0
243 send 51 3300 12 0
243 send 179 3100 6 0
243 irecv 247 2100 200 0
243 irecv 239 2300 200 0
243 wait 248 244 2100
243 wait 240 244 2300
243 send 19 3300 24 0
243 send 211 3100 12 0
243 irecv 240 1100 200 0
243 irecv 242 1300 200 0
243 send 240 1300 1 0
243 send 242 1100 1 0
243 wait 241 244 1100
243 wait 243 244 1300
243 irecv 247 2100 200 0
243 irecv 239 2300 200 0
243 send 247 2300 4 0
243 send 239 2100 4 0
243 wait 248 244 2100
243 wait 240 244 2300
243 irecv 19 3100 200 0
243 irecv 211 3300 200 0
243 send 19 3300 12 0
243 send 211 3100 12 0
243 wait 20 244 3100
243 wait 212 244 3300
243 irecv 240 1100 200 0
243 irecv 242 1300 200 0
243 send 240 1300 1 0
243 send 242 1100 1 0
243 wait 241 244 1100
243 wait 243 244 1300
243 irecv 247 2100 200 0
243 irecv 239 2300 200 0
243 send 247 2300 4 0
243 send 239 2100 4 0
243 wait 248 244 2100
243 wait 240 244 2300
243 irecv 19 3100 200 0
243 irecv 211 3300 200 0
243 send 19 3300 12 0
243 send 211 3100 12 0
243 wait 20 244 3100
243 wait 212 244 3300
243 irecv 240 1100 200 0
243 irecv 242 1300 200 0
243 send 240 1300 4 0
243 send 242 1100 4 0
243 wait 241 244 1100
243 wait 243 244 1300
243 irecv 247 2100 200 0
243 irecv 239 2300 200 0
243 send 247 2300 12 0
243 send 239 2100 12 0
243 wait 248 244 2100
243 wait 240 244 2300
243 irecv 19 3100 200 0
243 irecv 211 3300 200 0
243 send 19 3300 24 0
243 send 211 3100 24 0
243 wait 20 244 3100
243 wait 212 244 3300
243 irecv 240 1100 200 0
243 irecv 242 1300 200 0
243 send 240 1300 4 0
243 send 242 1100 4 0
243 wait 241 244 1100
243 wait 243 244 1300
243 irecv 247 2100 200 0
243 irecv 239 2300 200 0
243 send 247 2300 12 0
243 send 239 2100 12 0
243 wait 248 244 2100
243 wait 240 244 2300
243 irecv 19 3100 200 0
243 irecv 211 3300 200 0
243 send 19 3300 24 0
243 send 211 3100 24 0
243 wait 20 244 3100
243 wait 212 244 3300
243 irecv 240 1100 200 0
243 irecv 242 1300 200 0
243 send 240 1300 16 0
243 send 242 1100 16 0
243 wait 241 244 1100
243 wait 243 244 1300
243 irecv 247 2100 200 0
243 irecv 239 2300 200 0
243 send 247 2300 40 0
243 send 239 2100 40 0
243 wait 248 244 2100
243 wait 240 244 2300
243 irecv 19 3100 200 0
243 irecv 211 3300 200 0
243 send 19 3300 60 0
243 send 211 3100 60 0
243 wait 20 244 3100
243 wait 212 244 3300
243 irecv 240 1100 200 0
243 irecv 242 1300 200 0
243 send 240 1300 16 0
243 send 242 1100 16 0
243 wait 241 244 1100
243 wait 243 244 1300
243 irecv 247 2100 200 0
243 irecv 239 2300 200 0
243 send 247 2300 40 0
243 send 239 2100 40 0
243 wait 248 244 2100
243 wait 240 244 2300
243 irecv 19 3100 200 0
243 irecv 211 3300 200 0
243 send 19 3300 60 0
243 send 211 3100 60 0
243 wait 20 244 3100
243 wait 212 244 3300
243 irecv 240 1100 200 0
243 irecv 242 1300 200 0
243 send 240 1300 16 0
243 send 242 1100 16 0
243 wait 241 244 1100
243 wait 243 244 1300
243 irecv 247 2100 200 0
243 irecv 239 2300 200 0
243 send 247 2300 40 0
243 send 239 2100 40 0
243 wait 248 244 2100
243 wait 240 244 2300
243 irecv 19 3100 200 0
243 irecv 211 3300 200 0
243 send 19 3300 60 0
243 send 211 3100 60 0
243 wait 20 244 3100
243 wait 212 244 3300
243 allreduce 1 0 0 
243 allreduce 1 0 0 
243 reduce 1 0 0 0 
243 finalize
