182 init
182 barrier
182 bcast 1 0 1 
182 bcast 1 0 1 
182 bcast 1 0 1 
182 bcast 1 0 1 
182 bcast 1 0 1 
182 bcast 8 0 1 
182 bcast 1 0 16 
182 barrier
182 allreduce 1 0 0 
182 allreduce 4 0 1 
182 allreduce 1 0 0 
182 allreduce 4 0 1 
182 allreduce 1 0 0 
182 allreduce 4 0 1 
182 allreduce 1 0 0 
182 allreduce 4 0 1 
182 allreduce 1 0 0 
182 allreduce 4 0 1 
182 allreduce 1 0 0 
182 allreduce 4 0 1 
182 allreduce 1 0 0 
182 allreduce 4 0 1 
182 allreduce 1 0 0 
182 allreduce 4 0 1 
182 allreduce 1 0 0 
182 allreduce 4 0 1 
182 allreduce 1 0 0 
182 allreduce 4 0 1 
182 allreduce 1 0 0 
182 allreduce 4 0 1 
182 allreduce 1 0 0 
182 allreduce 4 0 1 
182 allreduce 1 0 0 
182 allreduce 4 0 1 
182 allreduce 1 0 0 
182 allreduce 4 0 1 
182 allreduce 1 0 0 
182 allreduce 4 0 1 
182 allreduce 1 0 0 
182 allreduce 4 0 1 
182 allreduce 1 0 0 
182 allreduce 4 0 1 
182 allreduce 1 0 0 
182 allreduce 4 0 1 
182 allreduce 1 0 0 
182 allreduce 4 0 1 
182 allreduce 1 0 0 
182 allreduce 4 0 1 
182 barrier
182 irecv 183 1100 200 0
182 irecv 181 1300 200 0
182 send 183 1300 16 0
182 send 181 1100 16 0
182 wait 184 183 1100
182 wait 182 183 1300
182 irecv 186 2100 200 0
182 irecv 178 2300 200 0
182 send 186 2300 40 0
182 send 178 2100 40 0
182 wait 187 183 2100
182 wait 179 183 2300
182 irecv 214 3100 200 0
182 irecv 150 3300 200 0
182 send 214 3300 60 0
182 send 150 3100 60 0
182 wait 215 183 3100
182 wait 151 183 3300
182 allreduce 1 0 0 
182 allreduce 1 0 0 
182 irecv 183 1100 200 0
182 irecv 181 1300 200 0
182 send 183 1300 16 0
182 send 181 1100 16 0
182 wait 184 183 1100
182 wait 182 183 1300
182 irecv 186 2100 200 0
182 irecv 178 2300 200 0
182 send 186 2300 40 0
182 send 178 2100 40 0
182 wait 187 183 2100
182 wait 179 183 2300
182 irecv 214 3100 200 0
182 irecv 150 3300 200 0
182 send 214 3300 60 0
182 send 150 3100 60 0
182 wait 215 183 3100
182 wait 151 183 3300
182 allreduce 1 0 0 
182 allreduce 1 0 0 
182 irecv 183 1100 200 0
182 irecv 181 1300 200 0
182 send 183 1300 4 0
182 send 181 1100 4 0
182 wait 184 183 1100
182 wait 182 183 1300
182 irecv 186 2100 200 0
182 irecv 178 2300 200 0
182 send 186 2300 12 0
182 send 178 2100 12 0
182 wait 187 183 2100
182 wait 179 183 2300
182 irecv 214 3100 200 0
182 irecv 150 3300 200 0
182 send 214 3300 24 0
182 send 150 3100 24 0
182 wait 215 183 3100
182 wait 151 183 3300
182 irecv 183 1100 200 0
182 irecv 181 1300 200 0
182 send 183 1300 1 0
182 send 181 1100 1 0
182 wait 184 183 1100
182 wait 182 183 1300
182 irecv 186 2100 200 0
182 irecv 178 2300 200 0
182 send 186 2300 4 0
182 send 178 2100 4 0
182 wait 187 183 2100
182 wait 179 183 2300
182 irecv 214 3100 200 0
182 irecv 150 3300 200 0
182 send 214 3300 12 0
182 send 150 3100 12 0
182 wait 215 183 3100
182 wait 151 183 3300
182 irecv 183 1100 200 0
182 irecv 181 1300 200 0
182 send 183 1300 1 0
182 send 181 1100 1 0
182 wait 184 183 1100
182 wait 182 183 1300
182 irecv 190 2100 200 0
182 irecv 174 2300 200 0
182 send 190 2300 3 0
182 send 174 2100 3 0
182 wait 191 183 2100
182 wait 175 183 2300
182 irecv 246 3100 200 0
182 irecv 118 3300 200 0
182 send 246 3300 9 0
182 send 118 3100 9 0
182 wait 247 183 3100
182 wait 119 183 3300
182 irecv 183 1100 200 0
182 irecv 181 1300 200 0
182 wait 184 183 1100
182 wait 182 183 1300
182 irecv 190 2100 200 0
182 irecv 174 2300 200 0
182 wait 191 183 2100
182 wait 175 183 2300
182 irecv 246 3100 200 0
182 irecv 118 3300 200 0
182 wait 247 183 3100
182 wait 119 183 3300
182 irecv 183 1100 200 0
182 irecv 181 1300 200 0
182 send 183 1300 1 0
182 send 181 1100 1 0
182 wait 184 183 1100
182 wait 182 183 1300
182 irecv 190 2100 200 0
182 irecv 174 2300 200 0
182 send 190 2300 3 0
182 send 174 2100 3 0
182 wait 191 183 2100
182 wait 175 183 2300
182 irecv 246 3100 200 0
182 irecv 118 3300 200 0
182 send 246 3300 9 0
182 send 118 3100 9 0
182 wait 247 183 3100
182 wait 119 183 3300
182 irecv 183 1100 200 0
182 irecv 181 1300 200 0
182 send 183 1300 1 0
182 send 181 1100 1 0
182 wait 184 183 1100
182 wait 182 183 1300
182 irecv 190 2100 200 0
182 irecv 174 2300 200 0
182 send 190 2300 3 0
182 send 174 2100 3 0
182 wait 191 183 2100
182 wait 175 183 2300
182 irecv 246 3100 200 0
182 irecv 118 3300 200 0
182 send 246 3300 9 0
182 send 118 3100 9 0
182 wait 247 183 3100
182 wait 119 183 3300
182 send 186 2300 24 0
182 send 178 2100 12 0
182 send 214 3300 24 0
182 send 150 3100 12 0
182 irecv 183 1100 200 0
182 irecv 181 1300 200 0
182 send 183 1300 1 0
182 send 181 1100 1 0
182 wait 184 183 1100
182 wait 182 183 1300
182 irecv 186 2100 200 0
182 irecv 178 2300 200 0
182 send 186 2300 4 0
182 send 178 2100 4 0
182 wait 187 183 2100
182 wait 179 183 2300
182 irecv 214 3100 200 0
182 irecv 150 3300 200 0
182 send 214 3300 12 0
182 send 150 3100 12 0
182 wait 215 183 3100
182 wait 151 183 3300
182 irecv 183 1100 200 0
182 irecv 181 1300 200 0
182 send 183 1300 1 0
182 send 181 1100 1 0
182 wait 184 183 1100
182 wait 182 183 1300
182 irecv 186 2100 200 0
182 irecv 178 2300 200 0
182 send 186 2300 4 0
182 send 178 2100 4 0
182 wait 187 183 2100
182 wait 179 183 2300
182 irecv 214 3100 200 0
182 irecv 150 3300 200 0
182 send 214 3300 12 0
182 send 150 3100 12 0
182 wait 215 183 3100
182 wait 151 183 3300
182 irecv 183 1100 200 0
182 irecv 181 1300 200 0
182 send 183 1300 4 0
182 send 181 1100 4 0
182 wait 184 183 1100
182 wait 182 183 1300
182 irecv 186 2100 200 0
182 irecv 178 2300 200 0
182 send 186 2300 12 0
182 send 178 2100 12 0
182 wait 187 183 2100
182 wait 179 183 2300
182 irecv 214 3100 200 0
182 irecv 150 3300 200 0
182 send 214 3300 24 0
182 send 150 3100 24 0
182 wait 215 183 3100
182 wait 151 183 3300
182 irecv 183 1100 200 0
182 irecv 181 1300 200 0
182 send 183 1300 4 0
182 send 181 1100 4 0
182 wait 184 183 1100
182 wait 182 183 1300
182 irecv 186 2100 200 0
182 irecv 178 2300 200 0
182 send 186 2300 12 0
182 send 178 2100 12 0
182 wait 187 183 2100
182 wait 179 183 2300
182 irecv 214 3100 200 0
182 irecv 150 3300 200 0
182 send 214 3300 24 0
182 send 150 3100 24 0
182 wait 215 183 3100
182 wait 151 183 3300
182 irecv 183 1100 200 0
182 irecv 181 1300 200 0
182 send 183 1300 16 0
182 send 181 1100 16 0
182 wait 184 183 1100
182 wait 182 183 1300
182 irecv 186 2100 200 0
182 irecv 178 2300 200 0
182 send 186 2300 40 0
182 send 178 2100 40 0
182 wait 187 183 2100
182 wait 179 183 2300
182 irecv 214 3100 200 0
182 irecv 150 3300 200 0
182 send 214 3300 60 0
182 send 150 3100 60 0
182 wait 215 183 3100
182 wait 151 183 3300
182 irecv 183 1100 200 0
182 irecv 181 1300 200 0
182 send 183 1300 16 0
182 send 181 1100 16 0
182 wait 184 183 1100
182 wait 182 183 1300
182 irecv 186 2100 200 0
182 irecv 178 2300 200 0
182 send 186 2300 40 0
182 send 178 2100 40 0
182 wait 187 183 2100
182 wait 179 183 2300
182 irecv 214 3100 200 0
182 irecv 150 3300 200 0
182 send 214 3300 60 0
182 send 150 3100 60 0
182 wait 215 183 3100
182 wait 151 183 3300
182 irecv 183 1100 200 0
182 irecv 181 1300 200 0
182 send 183 1300 16 0
182 send 181 1100 16 0
182 wait 184 183 1100
182 wait 182 183 1300
182 irecv 186 2100 200 0
182 irecv 178 2300 200 0
182 send 186 2300 40 0
182 send 178 2100 40 0
182 wait 187 183 2100
182 wait 179 183 2300
182 irecv 214 3100 200 0
182 irecv 150 3300 200 0
182 send 214 3300 60 0
182 send 150 3100 60 0
182 wait 215 183 3100
182 wait 151 183 3300
182 barrier
182 allreduce 1 0 0 
182 allreduce 4 0 1 
182 allreduce 1 0 0 
182 allreduce 4 0 1 
182 allreduce 1 0 0 
182 allreduce 4 0 1 
182 allreduce 1 0 0 
182 allreduce 4 0 1 
182 allreduce 1 0 0 
182 allreduce 4 0 1 
182 allreduce 1 0 0 
182 allreduce 4 0 1 
182 allreduce 1 0 0 
182 allreduce 4 0 1 
182 allreduce 1 0 0 
182 allreduce 4 0 1 
182 allreduce 1 0 0 
182 allreduce 4 0 1 
182 allreduce 1 0 0 
182 allreduce 4 0 1 
182 allreduce 1 0 0 
182 allreduce 4 0 1 
182 allreduce 1 0 0 
182 allreduce 4 0 1 
182 allreduce 1 0 0 
182 allreduce 4 0 1 
182 allreduce 1 0 0 
182 allreduce 4 0 1 
182 allreduce 1 0 0 
182 allreduce 4 0 1 
182 allreduce 1 0 0 
182 allreduce 4 0 1 
182 allreduce 1 0 0 
182 allreduce 4 0 1 
182 allreduce 1 0 0 
182 allreduce 4 0 1 
182 allreduce 1 0 0 
182 allreduce 4 0 1 
182 allreduce 1 0 0 
182 allreduce 4 0 1 
182 barrier
182 irecv 183 1100 200 0
182 irecv 181 1300 200 0
182 send 183 1300 16 0
182 send 181 1100 16 0
182 wait 184 183 1100
182 wait 182 183 1300
182 irecv 186 2100 200 0
182 irecv 178 2300 200 0
182 send 186 2300 40 0
182 send 178 2100 40 0
182 wait 187 183 2100
182 wait 179 183 2300
182 irecv 214 3100 200 0
182 irecv 150 3300 200 0
182 send 214 3300 60 0
182 send 150 3100 60 0
182 wait 215 183 3100
182 wait 151 183 3300
182 barrier
182 irecv 183 1100 200 0
182 irecv 181 1300 200 0
182 send 183 1300 16 0
182 send 181 1100 16 0
182 wait 184 183 1100
182 wait 182 183 1300
182 irecv 186 2100 200 0
182 irecv 178 2300 200 0
182 send 186 2300 40 0
182 send 178 2100 40 0
182 wait 187 183 2100
182 wait 179 183 2300
182 irecv 214 3100 200 0
182 irecv 150 3300 200 0
182 send 214 3300 60 0
182 send 150 3100 60 0
182 wait 215 183 3100
182 wait 151 183 3300
182 allreduce 1 0 0 
182 allreduce 1 0 0 
182 irecv 183 1100 200 0
182 irecv 181 1300 200 0
182 send 183 1300 4 0
182 send 181 1100 4 0
182 wait 184 183 1100
182 wait 182 183 1300
182 irecv 186 2100 200 0
182 irecv 178 2300 200 0
182 send 186 2300 12 0
182 send 178 2100 12 0
182 wait 187 183 2100
182 wait 179 183 2300
182 irecv 214 3100 200 0
182 irecv 150 3300 200 0
182 send 214 3300 24 0
182 send 150 3100 24 0
182 wait 215 183 3100
182 wait 151 183 3300
182 irecv 183 1100 200 0
182 irecv 181 1300 200 0
182 send 183 1300 1 0
182 send 181 1100 1 0
182 wait 184 183 1100
182 wait 182 183 1300
182 irecv 186 2100 200 0
182 irecv 178 2300 200 0
182 send 186 2300 4 0
182 send 178 2100 4 0
182 wait 187 183 2100
182 wait 179 183 2300
182 irecv 214 3100 200 0
182 irecv 150 3300 200 0
182 send 214 3300 12 0
182 send 150 3100 12 0
182 wait 215 183 3100
182 wait 151 183 3300
182 irecv 183 1100 200 0
182 irecv 181 1300 200 0
182 send 183 1300 1 0
182 send 181 1100 1 0
182 wait 184 183 1100
182 wait 182 183 1300
182 irecv 190 2100 200 0
182 irecv 174 2300 200 0
182 send 190 2300 3 0
182 send 174 2100 3 0
182 wait 191 183 2100
182 wait 175 183 2300
182 irecv 246 3100 200 0
182 irecv 118 3300 200 0
182 send 246 3300 9 0
182 send 118 3100 9 0
182 wait 247 183 3100
182 wait 119 183 3300
182 irecv 183 1100 200 0
182 irecv 181 1300 200 0
182 wait 184 183 1100
182 wait 182 183 1300
182 irecv 190 2100 200 0
182 irecv 174 2300 200 0
182 wait 191 183 2100
182 wait 175 183 2300
182 irecv 246 3100 200 0
182 irecv 118 3300 200 0
182 wait 247 183 3100
182 wait 119 183 3300
182 irecv 183 1100 200 0
182 irecv 181 1300 200 0
182 send 183 1300 1 0
182 send 181 1100 1 0
182 wait 184 183 1100
182 wait 182 183 1300
182 irecv 190 2100 200 0
182 irecv 174 2300 200 0
182 send 190 2300 3 0
182 send 174 2100 3 0
182 wait 191 183 2100
182 wait 175 183 2300
182 irecv 246 3100 200 0
182 irecv 118 3300 200 0
182 send 246 3300 9 0
182 send 118 3100 9 0
182 wait 247 183 3100
182 wait 119 183 3300
182 irecv 183 1100 200 0
182 irecv 181 1300 200 0
182 send 183 1300 1 0
182 send 181 1100 1 0
182 wait 184 183 1100
182 wait 182 183 1300
182 irecv 190 2100 200 0
182 irecv 174 2300 200 0
182 send 190 2300 3 0
182 send 174 2100 3 0
182 wait 191 183 2100
182 wait 175 183 2300
182 irecv 246 3100 200 0
182 irecv 118 3300 200 0
182 send 246 3300 9 0
182 send 118 3100 9 0
182 wait 247 183 3100
182 wait 119 183 3300
182 send 186 2300 24 0
182 send 178 2100 12 0
182 send 214 3300 24 0
182 send 150 3100 12 0
182 irecv 183 1100 200 0
182 irecv 181 1300 200 0
182 send 183 1300 1 0
182 send 181 1100 1 0
182 wait 184 183 1100
182 wait 182 183 1300
182 irecv 186 2100 200 0
182 irecv 178 2300 200 0
182 send 186 2300 4 0
182 send 178 2100 4 0
182 wait 187 183 2100
182 wait 179 183 2300
182 irecv 214 3100 200 0
182 irecv 150 3300 200 0
182 send 214 3300 12 0
182 send 150 3100 12 0
182 wait 215 183 3100
182 wait 151 183 3300
182 irecv 183 1100 200 0
182 irecv 181 1300 200 0
182 send 183 1300 1 0
182 send 181 1100 1 0
182 wait 184 183 1100
182 wait 182 183 1300
182 irecv 186 2100 200 0
182 irecv 178 2300 200 0
182 send 186 2300 4 0
182 send 178 2100 4 0
182 wait 187 183 2100
182 wait 179 183 2300
182 irecv 214 3100 200 0
182 irecv 150 3300 200 0
182 send 214 3300 12 0
182 send 150 3100 12 0
182 wait 215 183 3100
182 wait 151 183 3300
182 irecv 183 1100 200 0
182 irecv 181 1300 200 0
182 send 183 1300 4 0
182 send 181 1100 4 0
182 wait 184 183 1100
182 wait 182 183 1300
182 irecv 186 2100 200 0
182 irecv 178 2300 200 0
182 send 186 2300 12 0
182 send 178 2100 12 0
182 wait 187 183 2100
182 wait 179 183 2300
182 irecv 214 3100 200 0
182 irecv 150 3300 200 0
182 send 214 3300 24 0
182 send 150 3100 24 0
182 wait 215 183 3100
182 wait 151 183 3300
182 irecv 183 1100 200 0
182 irecv 181 1300 200 0
182 send 183 1300 4 0
182 send 181 1100 4 0
182 wait 184 183 1100
182 wait 182 183 1300
182 irecv 186 2100 200 0
182 irecv 178 2300 200 0
182 send 186 2300 12 0
182 send 178 2100 12 0
182 wait 187 183 2100
182 wait 179 183 2300
182 irecv 214 3100 200 0
182 irecv 150 3300 200 0
182 send 214 3300 24 0
182 send 150 3100 24 0
182 wait 215 183 3100
182 wait 151 183 3300
182 irecv 183 1100 200 0
182 irecv 181 1300 200 0
182 send 183 1300 16 0
182 send 181 1100 16 0
182 wait 184 183 1100
182 wait 182 183 1300
182 irecv 186 2100 200 0
182 irecv 178 2300 200 0
182 send 186 2300 40 0
182 send 178 2100 40 0
182 wait 187 183 2100
182 wait 179 183 2300
182 irecv 214 3100 200 0
182 irecv 150 3300 200 0
182 send 214 3300 60 0
182 send 150 3100 60 0
182 wait 215 183 3100
182 wait 151 183 3300
182 irecv 183 1100 200 0
182 irecv 181 1300 200 0
182 send 183 1300 16 0
182 send 181 1100 16 0
182 wait 184 183 1100
182 wait 182 183 1300
182 irecv 186 2100 200 0
182 irecv 178 2300 200 0
182 send 186 2300 40 0
182 send 178 2100 40 0
182 wait 187 183 2100
182 wait 179 183 2300
182 irecv 214 3100 200 0
182 irecv 150 3300 200 0
182 send 214 3300 60 0
182 send 150 3100 60 0
182 wait 215 183 3100
182 wait 151 183 3300
182 irecv 183 1100 200 0
182 irecv 181 1300 200 0
182 send 183 1300 16 0
182 send 181 1100 16 0
182 wait 184 183 1100
182 wait 182 183 1300
182 irecv 186 2100 200 0
182 irecv 178 2300 200 0
182 send 186 2300 40 0
182 send 178 2100 40 0
182 wait 187 183 2100
182 wait 179 183 2300
182 irecv 214 3100 200 0
182 irecv 150 3300 200 0
182 send 214 3300 60 0
182 send 150 3100 60 0
182 wait 215 183 3100
182 wait 151 183 3300
182 irecv 183 1100 200 0
182 irecv 181 1300 200 0
182 send 183 1300 4 0
182 send 181 1100 4 0
182 wait 184 183 1100
182 wait 182 183 1300
182 irecv 186 2100 200 0
182 irecv 178 2300 200 0
182 send 186 2300 12 0
182 send 178 2100 12 0
182 wait 187 183 2100
182 wait 179 183 2300
182 irecv 214 3100 200 0
182 irecv 150 3300 200 0
182 send 214 3300 24 0
182 send 150 3100 24 0
182 wait 215 183 3100
182 wait 151 183 3300
182 irecv 183 1100 200 0
182 irecv 181 1300 200 0
182 send 183 1300 1 0
182 send 181 1100 1 0
182 wait 184 183 1100
182 wait 182 183 1300
182 irecv 186 2100 200 0
182 irecv 178 2300 200 0
182 send 186 2300 4 0
182 send 178 2100 4 0
182 wait 187 183 2100
182 wait 179 183 2300
182 irecv 214 3100 200 0
182 irecv 150 3300 200 0
182 send 214 3300 12 0
182 send 150 3100 12 0
182 wait 215 183 3100
182 wait 151 183 3300
182 irecv 183 1100 200 0
182 irecv 181 1300 200 0
182 send 183 1300 1 0
182 send 181 1100 1 0
182 wait 184 183 1100
182 wait 182 183 1300
182 irecv 190 2100 200 0
182 irecv 174 2300 200 0
182 send 190 2300 3 0
182 send 174 2100 3 0
182 wait 191 183 2100
182 wait 175 183 2300
182 irecv 246 3100 200 0
182 irecv 118 3300 200 0
182 send 246 3300 9 0
182 send 118 3100 9 0
182 wait 247 183 3100
182 wait 119 183 3300
182 irecv 183 1100 200 0
182 irecv 181 1300 200 0
182 wait 184 183 1100
182 wait 182 183 1300
182 irecv 190 2100 200 0
182 irecv 174 2300 200 0
182 wait 191 183 2100
182 wait 175 183 2300
182 irecv 246 3100 200 0
182 irecv 118 3300 200 0
182 wait 247 183 3100
182 wait 119 183 3300
182 irecv 183 1100 200 0
182 irecv 181 1300 200 0
182 send 183 1300 1 0
182 send 181 1100 1 0
182 wait 184 183 1100
182 wait 182 183 1300
182 irecv 190 2100 200 0
182 irecv 174 2300 200 0
182 send 190 2300 3 0
182 send 174 2100 3 0
182 wait 191 183 2100
182 wait 175 183 2300
182 irecv 246 3100 200 0
182 irecv 118 3300 200 0
182 send 246 3300 9 0
182 send 118 3100 9 0
182 wait 247 183 3100
182 wait 119 183 3300
182 irecv 183 1100 200 0
182 irecv 181 1300 200 0
182 send 183 1300 1 0
182 send 181 1100 1 0
182 wait 184 183 1100
182 wait 182 183 1300
182 irecv 190 2100 200 0
182 irecv 174 2300 200 0
182 send 190 2300 3 0
182 send 174 2100 3 0
182 wait 191 183 2100
182 wait 175 183 2300
182 irecv 246 3100 200 0
182 irecv 118 3300 200 0
182 send 246 3300 9 0
182 send 118 3100 9 0
182 wait 247 183 3100
182 wait 119 183 3300
182 send 186 2300 24 0
182 send 178 2100 12 0
182 send 214 3300 24 0
182 send 150 3100 12 0
182 irecv 183 1100 200 0
182 irecv 181 1300 200 0
182 send 183 1300 1 0
182 send 181 1100 1 0
182 wait 184 183 1100
182 wait 182 183 1300
182 irecv 186 2100 200 0
182 irecv 178 2300 200 0
182 send 186 2300 4 0
182 send 178 2100 4 0
182 wait 187 183 2100
182 wait 179 183 2300
182 irecv 214 3100 200 0
182 irecv 150 3300 200 0
182 send 214 3300 12 0
182 send 150 3100 12 0
182 wait 215 183 3100
182 wait 151 183 3300
182 irecv 183 1100 200 0
182 irecv 181 1300 200 0
182 send 183 1300 1 0
182 send 181 1100 1 0
182 wait 184 183 1100
182 wait 182 183 1300
182 irecv 186 2100 200 0
182 irecv 178 2300 200 0
182 send 186 2300 4 0
182 send 178 2100 4 0
182 wait 187 183 2100
182 wait 179 183 2300
182 irecv 214 3100 200 0
182 irecv 150 3300 200 0
182 send 214 3300 12 0
182 send 150 3100 12 0
182 wait 215 183 3100
182 wait 151 183 3300
182 irecv 183 1100 200 0
182 irecv 181 1300 200 0
182 send 183 1300 4 0
182 send 181 1100 4 0
182 wait 184 183 1100
182 wait 182 183 1300
182 irecv 186 2100 200 0
182 irecv 178 2300 200 0
182 send 186 2300 12 0
182 send 178 2100 12 0
182 wait 187 183 2100
182 wait 179 183 2300
182 irecv 214 3100 200 0
182 irecv 150 3300 200 0
182 send 214 3300 24 0
182 send 150 3100 24 0
182 wait 215 183 3100
182 wait 151 183 3300
182 irecv 183 1100 200 0
182 irecv 181 1300 200 0
182 send 183 1300 4 0
182 send 181 1100 4 0
182 wait 184 183 1100
182 wait 182 183 1300
182 irecv 186 2100 200 0
182 irecv 178 2300 200 0
182 send 186 2300 12 0
182 send 178 2100 12 0
182 wait 187 183 2100
182 wait 179 183 2300
182 irecv 214 3100 200 0
182 irecv 150 3300 200 0
182 send 214 3300 24 0
182 send 150 3100 24 0
182 wait 215 183 3100
182 wait 151 183 3300
182 irecv 183 1100 200 0
182 irecv 181 1300 200 0
182 send 183 1300 16 0
182 send 181 1100 16 0
182 wait 184 183 1100
182 wait 182 183 1300
182 irecv 186 2100 200 0
182 irecv 178 2300 200 0
182 send 186 2300 40 0
182 send 178 2100 40 0
182 wait 187 183 2100
182 wait 179 183 2300
182 irecv 214 3100 200 0
182 irecv 150 3300 200 0
182 send 214 3300 60 0
182 send 150 3100 60 0
182 wait 215 183 3100
182 wait 151 183 3300
182 irecv 183 1100 200 0
182 irecv 181 1300 200 0
182 send 183 1300 16 0
182 send 181 1100 16 0
182 wait 184 183 1100
182 wait 182 183 1300
182 irecv 186 2100 200 0
182 irecv 178 2300 200 0
182 send 186 2300 40 0
182 send 178 2100 40 0
182 wait 187 183 2100
182 wait 179 183 2300
182 irecv 214 3100 200 0
182 irecv 150 3300 200 0
182 send 214 3300 60 0
182 send 150 3100 60 0
182 wait 215 183 3100
182 wait 151 183 3300
182 irecv 183 1100 200 0
182 irecv 181 1300 200 0
182 send 183 1300 16 0
182 send 181 1100 16 0
182 wait 184 183 1100
182 wait 182 183 1300
182 irecv 186 2100 200 0
182 irecv 178 2300 200 0
182 send 186 2300 40 0
182 send 178 2100 40 0
182 wait 187 183 2100
182 wait 179 183 2300
182 irecv 214 3100 200 0
182 irecv 150 3300 200 0
182 send 214 3300 60 0
182 send 150 3100 60 0
182 wait 215 183 3100
182 wait 151 183 3300
182 irecv 183 1100 200 0
182 irecv 181 1300 200 0
182 send 183 1300 4 0
182 send 181 1100 4 0
182 wait 184 183 1100
182 wait 182 183 1300
182 irecv 186 2100 200 0
182 irecv 178 2300 200 0
182 send 186 2300 12 0
182 send 178 2100 12 0
182 wait 187 183 2100
182 wait 179 183 2300
182 irecv 214 3100 200 0
182 irecv 150 3300 200 0
182 send 214 3300 24 0
182 send 150 3100 24 0
182 wait 215 183 3100
182 wait 151 183 3300
182 irecv 183 1100 200 0
182 irecv 181 1300 200 0
182 send 183 1300 1 0
182 send 181 1100 1 0
182 wait 184 183 1100
182 wait 182 183 1300
182 irecv 186 2100 200 0
182 irecv 178 2300 200 0
182 send 186 2300 4 0
182 send 178 2100 4 0
182 wait 187 183 2100
182 wait 179 183 2300
182 irecv 214 3100 200 0
182 irecv 150 3300 200 0
182 send 214 3300 12 0
182 send 150 3100 12 0
182 wait 215 183 3100
182 wait 151 183 3300
182 irecv 183 1100 200 0
182 irecv 181 1300 200 0
182 send 183 1300 1 0
182 send 181 1100 1 0
182 wait 184 183 1100
182 wait 182 183 1300
182 irecv 190 2100 200 0
182 irecv 174 2300 200 0
182 send 190 2300 3 0
182 send 174 2100 3 0
182 wait 191 183 2100
182 wait 175 183 2300
182 irecv 246 3100 200 0
182 irecv 118 3300 200 0
182 send 246 3300 9 0
182 send 118 3100 9 0
182 wait 247 183 3100
182 wait 119 183 3300
182 irecv 183 1100 200 0
182 irecv 181 1300 200 0
182 wait 184 183 1100
182 wait 182 183 1300
182 irecv 190 2100 200 0
182 irecv 174 2300 200 0
182 wait 191 183 2100
182 wait 175 183 2300
182 irecv 246 3100 200 0
182 irecv 118 3300 200 0
182 wait 247 183 3100
182 wait 119 183 3300
182 irecv 183 1100 200 0
182 irecv 181 1300 200 0
182 send 183 1300 1 0
182 send 181 1100 1 0
182 wait 184 183 1100
182 wait 182 183 1300
182 irecv 190 2100 200 0
182 irecv 174 2300 200 0
182 send 190 2300 3 0
182 send 174 2100 3 0
182 wait 191 183 2100
182 wait 175 183 2300
182 irecv 246 3100 200 0
182 irecv 118 3300 200 0
182 send 246 3300 9 0
182 send 118 3100 9 0
182 wait 247 183 3100
182 wait 119 183 3300
182 irecv 183 1100 200 0
182 irecv 181 1300 200 0
182 send 183 1300 1 0
182 send 181 1100 1 0
182 wait 184 183 1100
182 wait 182 183 1300
182 irecv 190 2100 200 0
182 irecv 174 2300 200 0
182 send 190 2300 3 0
182 send 174 2100 3 0
182 wait 191 183 2100
182 wait 175 183 2300
182 irecv 246 3100 200 0
182 irecv 118 3300 200 0
182 send 246 3300 9 0
182 send 118 3100 9 0
182 wait 247 183 3100
182 wait 119 183 3300
182 send 186 2300 24 0
182 send 178 2100 12 0
182 send 214 3300 24 0
182 send 150 3100 12 0
182 irecv 183 1100 200 0
182 irecv 181 1300 200 0
182 send 183 1300 1 0
182 send 181 1100 1 0
182 wait 184 183 1100
182 wait 182 183 1300
182 irecv 186 2100 200 0
182 irecv 178 2300 200 0
182 send 186 2300 4 0
182 send 178 2100 4 0
182 wait 187 183 2100
182 wait 179 183 2300
182 irecv 214 3100 200 0
182 irecv 150 3300 200 0
182 send 214 3300 12 0
182 send 150 3100 12 0
182 wait 215 183 3100
182 wait 151 183 3300
182 irecv 183 1100 200 0
182 irecv 181 1300 200 0
182 send 183 1300 1 0
182 send 181 1100 1 0
182 wait 184 183 1100
182 wait 182 183 1300
182 irecv 186 2100 200 0
182 irecv 178 2300 200 0
182 send 186 2300 4 0
182 send 178 2100 4 0
182 wait 187 183 2100
182 wait 179 183 2300
182 irecv 214 3100 200 0
182 irecv 150 3300 200 0
182 send 214 3300 12 0
182 send 150 3100 12 0
182 wait 215 183 3100
182 wait 151 183 3300
182 irecv 183 1100 200 0
182 irecv 181 1300 200 0
182 send 183 1300 4 0
182 send 181 1100 4 0
182 wait 184 183 1100
182 wait 182 183 1300
182 irecv 186 2100 200 0
182 irecv 178 2300 200 0
182 send 186 2300 12 0
182 send 178 2100 12 0
182 wait 187 183 2100
182 wait 179 183 2300
182 irecv 214 3100 200 0
182 irecv 150 3300 200 0
182 send 214 3300 24 0
182 send 150 3100 24 0
182 wait 215 183 3100
182 wait 151 183 3300
182 irecv 183 1100 200 0
182 irecv 181 1300 200 0
182 send 183 1300 4 0
182 send 181 1100 4 0
182 wait 184 183 1100
182 wait 182 183 1300
182 irecv 186 2100 200 0
182 irecv 178 2300 200 0
182 send 186 2300 12 0
182 send 178 2100 12 0
182 wait 187 183 2100
182 wait 179 183 2300
182 irecv 214 3100 200 0
182 irecv 150 3300 200 0
182 send 214 3300 24 0
182 send 150 3100 24 0
182 wait 215 183 3100
182 wait 151 183 3300
182 irecv 183 1100 200 0
182 irecv 181 1300 200 0
182 send 183 1300 16 0
182 send 181 1100 16 0
182 wait 184 183 1100
182 wait 182 183 1300
182 irecv 186 2100 200 0
182 irecv 178 2300 200 0
182 send 186 2300 40 0
182 send 178 2100 40 0
182 wait 187 183 2100
182 wait 179 183 2300
182 irecv 214 3100 200 0
182 irecv 150 3300 200 0
182 send 214 3300 60 0
182 send 150 3100 60 0
182 wait 215 183 3100
182 wait 151 183 3300
182 irecv 183 1100 200 0
182 irecv 181 1300 200 0
182 send 183 1300 16 0
182 send 181 1100 16 0
182 wait 184 183 1100
182 wait 182 183 1300
182 irecv 186 2100 200 0
182 irecv 178 2300 200 0
182 send 186 2300 40 0
182 send 178 2100 40 0
182 wait 187 183 2100
182 wait 179 183 2300
182 irecv 214 3100 200 0
182 irecv 150 3300 200 0
182 send 214 3300 60 0
182 send 150 3100 60 0
182 wait 215 183 3100
182 wait 151 183 3300
182 irecv 183 1100 200 0
182 irecv 181 1300 200 0
182 send 183 1300 16 0
182 send 181 1100 16 0
182 wait 184 183 1100
182 wait 182 183 1300
182 irecv 186 2100 200 0
182 irecv 178 2300 200 0
182 send 186 2300 40 0
182 send 178 2100 40 0
182 wait 187 183 2100
182 wait 179 183 2300
182 irecv 214 3100 200 0
182 irecv 150 3300 200 0
182 send 214 3300 60 0
182 send 150 3100 60 0
182 wait 215 183 3100
182 wait 151 183 3300
182 irecv 183 1100 200 0
182 irecv 181 1300 200 0
182 send 183 1300 4 0
182 send 181 1100 4 0
182 wait 184 183 1100
182 wait 182 183 1300
182 irecv 186 2100 200 0
182 irecv 178 2300 200 0
182 send 186 2300 12 0
182 send 178 2100 12 0
182 wait 187 183 2100
182 wait 179 183 2300
182 irecv 214 3100 200 0
182 irecv 150 3300 200 0
182 send 214 3300 24 0
182 send 150 3100 24 0
182 wait 215 183 3100
182 wait 151 183 3300
182 irecv 183 1100 200 0
182 irecv 181 1300 200 0
182 send 183 1300 1 0
182 send 181 1100 1 0
182 wait 184 183 1100
182 wait 182 183 1300
182 irecv 186 2100 200 0
182 irecv 178 2300 200 0
182 send 186 2300 4 0
182 send 178 2100 4 0
182 wait 187 183 2100
182 wait 179 183 2300
182 irecv 214 3100 200 0
182 irecv 150 3300 200 0
182 send 214 3300 12 0
182 send 150 3100 12 0
182 wait 215 183 3100
182 wait 151 183 3300
182 irecv 183 1100 200 0
182 irecv 181 1300 200 0
182 send 183 1300 1 0
182 send 181 1100 1 0
182 wait 184 183 1100
182 wait 182 183 1300
182 irecv 190 2100 200 0
182 irecv 174 2300 200 0
182 send 190 2300 3 0
182 send 174 2100 3 0
182 wait 191 183 2100
182 wait 175 183 2300
182 irecv 246 3100 200 0
182 irecv 118 3300 200 0
182 send 246 3300 9 0
182 send 118 3100 9 0
182 wait 247 183 3100
182 wait 119 183 3300
182 irecv 183 1100 200 0
182 irecv 181 1300 200 0
182 wait 184 183 1100
182 wait 182 183 1300
182 irecv 190 2100 200 0
182 irecv 174 2300 200 0
182 wait 191 183 2100
182 wait 175 183 2300
182 irecv 246 3100 200 0
182 irecv 118 3300 200 0
182 wait 247 183 3100
182 wait 119 183 3300
182 irecv 183 1100 200 0
182 irecv 181 1300 200 0
182 send 183 1300 1 0
182 send 181 1100 1 0
182 wait 184 183 1100
182 wait 182 183 1300
182 irecv 190 2100 200 0
182 irecv 174 2300 200 0
182 send 190 2300 3 0
182 send 174 2100 3 0
182 wait 191 183 2100
182 wait 175 183 2300
182 irecv 246 3100 200 0
182 irecv 118 3300 200 0
182 send 246 3300 9 0
182 send 118 3100 9 0
182 wait 247 183 3100
182 wait 119 183 3300
182 irecv 183 1100 200 0
182 irecv 181 1300 200 0
182 send 183 1300 1 0
182 send 181 1100 1 0
182 wait 184 183 1100
182 wait 182 183 1300
182 irecv 190 2100 200 0
182 irecv 174 2300 200 0
182 send 190 2300 3 0
182 send 174 2100 3 0
182 wait 191 183 2100
182 wait 175 183 2300
182 irecv 246 3100 200 0
182 irecv 118 3300 200 0
182 send 246 3300 9 0
182 send 118 3100 9 0
182 wait 247 183 3100
182 wait 119 183 3300
182 send 186 2300 24 0
182 send 178 2100 12 0
182 send 214 3300 24 0
182 send 150 3100 12 0
182 irecv 183 1100 200 0
182 irecv 181 1300 200 0
182 send 183 1300 1 0
182 send 181 1100 1 0
182 wait 184 183 1100
182 wait 182 183 1300
182 irecv 186 2100 200 0
182 irecv 178 2300 200 0
182 send 186 2300 4 0
182 send 178 2100 4 0
182 wait 187 183 2100
182 wait 179 183 2300
182 irecv 214 3100 200 0
182 irecv 150 3300 200 0
182 send 214 3300 12 0
182 send 150 3100 12 0
182 wait 215 183 3100
182 wait 151 183 3300
182 irecv 183 1100 200 0
182 irecv 181 1300 200 0
182 send 183 1300 1 0
182 send 181 1100 1 0
182 wait 184 183 1100
182 wait 182 183 1300
182 irecv 186 2100 200 0
182 irecv 178 2300 200 0
182 send 186 2300 4 0
182 send 178 2100 4 0
182 wait 187 183 2100
182 wait 179 183 2300
182 irecv 214 3100 200 0
182 irecv 150 3300 200 0
182 send 214 3300 12 0
182 send 150 3100 12 0
182 wait 215 183 3100
182 wait 151 183 3300
182 irecv 183 1100 200 0
182 irecv 181 1300 200 0
182 send 183 1300 4 0
182 send 181 1100 4 0
182 wait 184 183 1100
182 wait 182 183 1300
182 irecv 186 2100 200 0
182 irecv 178 2300 200 0
182 send 186 2300 12 0
182 send 178 2100 12 0
182 wait 187 183 2100
182 wait 179 183 2300
182 irecv 214 3100 200 0
182 irecv 150 3300 200 0
182 send 214 3300 24 0
182 send 150 3100 24 0
182 wait 215 183 3100
182 wait 151 183 3300
182 irecv 183 1100 200 0
182 irecv 181 1300 200 0
182 send 183 1300 4 0
182 send 181 1100 4 0
182 wait 184 183 1100
182 wait 182 183 1300
182 irecv 186 2100 200 0
182 irecv 178 2300 200 0
182 send 186 2300 12 0
182 send 178 2100 12 0
182 wait 187 183 2100
182 wait 179 183 2300
182 irecv 214 3100 200 0
182 irecv 150 3300 200 0
182 send 214 3300 24 0
182 send 150 3100 24 0
182 wait 215 183 3100
182 wait 151 183 3300
182 irecv 183 1100 200 0
182 irecv 181 1300 200 0
182 send 183 1300 16 0
182 send 181 1100 16 0
182 wait 184 183 1100
182 wait 182 183 1300
182 irecv 186 2100 200 0
182 irecv 178 2300 200 0
182 send 186 2300 40 0
182 send 178 2100 40 0
182 wait 187 183 2100
182 wait 179 183 2300
182 irecv 214 3100 200 0
182 irecv 150 3300 200 0
182 send 214 3300 60 0
182 send 150 3100 60 0
182 wait 215 183 3100
182 wait 151 183 3300
182 irecv 183 1100 200 0
182 irecv 181 1300 200 0
182 send 183 1300 16 0
182 send 181 1100 16 0
182 wait 184 183 1100
182 wait 182 183 1300
182 irecv 186 2100 200 0
182 irecv 178 2300 200 0
182 send 186 2300 40 0
182 send 178 2100 40 0
182 wait 187 183 2100
182 wait 179 183 2300
182 irecv 214 3100 200 0
182 irecv 150 3300 200 0
182 send 214 3300 60 0
182 send 150 3100 60 0
182 wait 215 183 3100
182 wait 151 183 3300
182 irecv 183 1100 200 0
182 irecv 181 1300 200 0
182 send 183 1300 16 0
182 send 181 1100 16 0
182 wait 184 183 1100
182 wait 182 183 1300
182 irecv 186 2100 200 0
182 irecv 178 2300 200 0
182 send 186 2300 40 0
182 send 178 2100 40 0
182 wait 187 183 2100
182 wait 179 183 2300
182 irecv 214 3100 200 0
182 irecv 150 3300 200 0
182 send 214 3300 60 0
182 send 150 3100 60 0
182 wait 215 183 3100
182 wait 151 183 3300
182 allreduce 1 0 0 
182 allreduce 1 0 0 
182 reduce 1 0 0 0 
182 finalize
