70 init
70 barrier
70 bcast 1 0 1 
70 bcast 1 0 1 
70 bcast 1 0 1 
70 bcast 1 0 1 
70 bcast 1 0 1 
70 bcast 8 0 1 
70 bcast 1 0 16 
70 barrier
70 allreduce 1 0 0 
70 allreduce 4 0 1 
70 allreduce 1 0 0 
70 allreduce 4 0 1 
70 allreduce 1 0 0 
70 allreduce 4 0 1 
70 allreduce 1 0 0 
70 allreduce 4 0 1 
70 allreduce 1 0 0 
70 allreduce 4 0 1 
70 allreduce 1 0 0 
70 allreduce 4 0 1 
70 allreduce 1 0 0 
70 allreduce 4 0 1 
70 allreduce 1 0 0 
70 allreduce 4 0 1 
70 allreduce 1 0 0 
70 allreduce 4 0 1 
70 allreduce 1 0 0 
70 allreduce 4 0 1 
70 allreduce 1 0 0 
70 allreduce 4 0 1 
70 allreduce 1 0 0 
70 allreduce 4 0 1 
70 allreduce 1 0 0 
70 allreduce 4 0 1 
70 allreduce 1 0 0 
70 allreduce 4 0 1 
70 allreduce 1 0 0 
70 allreduce 4 0 1 
70 allreduce 1 0 0 
70 allreduce 4 0 1 
70 allreduce 1 0 0 
70 allreduce 4 0 1 
70 allreduce 1 0 0 
70 allreduce 4 0 1 
70 allreduce 1 0 0 
70 allreduce 4 0 1 
70 allreduce 1 0 0 
70 allreduce 4 0 1 
70 barrier
70 irecv 71 1100 200 0
70 irecv 69 1300 200 0
70 send 71 1300 16 0
70 send 69 1100 16 0
70 wait 72 71 1100
70 wait 70 71 1300
70 irecv 74 2100 200 0
70 irecv 66 2300 200 0
70 send 74 2300 40 0
70 send 66 2100 40 0
70 wait 75 71 2100
70 wait 67 71 2300
70 irecv 102 3100 200 0
70 irecv 38 3300 200 0
70 send 102 3300 60 0
70 send 38 3100 60 0
70 wait 103 71 3100
70 wait 39 71 3300
70 allreduce 1 0 0 
70 allreduce 1 0 0 
70 irecv 71 1100 200 0
70 irecv 69 1300 200 0
70 send 71 1300 16 0
70 send 69 1100 16 0
70 wait 72 71 1100
70 wait 70 71 1300
70 irecv 74 2100 200 0
70 irecv 66 2300 200 0
70 send 74 2300 40 0
70 send 66 2100 40 0
70 wait 75 71 2100
70 wait 67 71 2300
70 irecv 102 3100 200 0
70 irecv 38 3300 200 0
70 send 102 3300 60 0
70 send 38 3100 60 0
70 wait 103 71 3100
70 wait 39 71 3300
70 allreduce 1 0 0 
70 allreduce 1 0 0 
70 irecv 71 1100 200 0
70 irecv 69 1300 200 0
70 send 71 1300 4 0
70 send 69 1100 4 0
70 wait 72 71 1100
70 wait 70 71 1300
70 irecv 74 2100 200 0
70 irecv 66 2300 200 0
70 send 74 2300 12 0
70 send 66 2100 12 0
70 wait 75 71 2100
70 wait 67 71 2300
70 irecv 102 3100 200 0
70 irecv 38 3300 200 0
70 send 102 3300 24 0
70 send 38 3100 24 0
70 wait 103 71 3100
70 wait 39 71 3300
70 irecv 71 1100 200 0
70 irecv 69 1300 200 0
70 send 71 1300 1 0
70 send 69 1100 1 0
70 wait 72 71 1100
70 wait 70 71 1300
70 irecv 74 2100 200 0
70 irecv 66 2300 200 0
70 send 74 2300 4 0
70 send 66 2100 4 0
70 wait 75 71 2100
70 wait 67 71 2300
70 irecv 102 3100 200 0
70 irecv 38 3300 200 0
70 send 102 3300 12 0
70 send 38 3100 12 0
70 wait 103 71 3100
70 wait 39 71 3300
70 irecv 71 1100 200 0
70 irecv 69 1300 200 0
70 wait 72 71 1100
70 wait 70 71 1300
70 irecv 78 2100 200 0
70 irecv 94 2300 200 0
70 wait 79 71 2100
70 wait 95 71 2300
70 send 74 2300 24 0
70 send 66 2100 12 0
70 irecv 102 3100 200 0
70 irecv 38 3300 200 0
70 wait 103 71 3100
70 wait 39 71 3300
70 irecv 71 1100 200 0
70 irecv 69 1300 200 0
70 send 71 1300 1 0
70 send 69 1100 1 0
70 wait 72 71 1100
70 wait 70 71 1300
70 irecv 74 2100 200 0
70 irecv 66 2300 200 0
70 send 74 2300 4 0
70 send 66 2100 4 0
70 wait 75 71 2100
70 wait 67 71 2300
70 irecv 102 3100 200 0
70 irecv 38 3300 200 0
70 send 102 3300 12 0
70 send 38 3100 12 0
70 wait 103 71 3100
70 wait 39 71 3300
70 irecv 71 1100 200 0
70 irecv 69 1300 200 0
70 send 71 1300 1 0
70 send 69 1100 1 0
70 wait 72 71 1100
70 wait 70 71 1300
70 irecv 74 2100 200 0
70 irecv 66 2300 200 0
70 send 74 2300 4 0
70 send 66 2100 4 0
70 wait 75 71 2100
70 wait 67 71 2300
70 irecv 102 3100 200 0
70 irecv 38 3300 200 0
70 send 102 3300 12 0
70 send 38 3100 12 0
70 wait 103 71 3100
70 wait 39 71 3300
70 irecv 71 1100 200 0
70 irecv 69 1300 200 0
70 send 71 1300 4 0
70 send 69 1100 4 0
70 wait 72 71 1100
70 wait 70 71 1300
70 irecv 74 2100 200 0
70 irecv 66 2300 200 0
70 send 74 2300 12 0
70 send 66 2100 12 0
70 wait 75 71 2100
70 wait 67 71 2300
70 irecv 102 3100 200 0
70 irecv 38 3300 200 0
70 send 102 3300 24 0
70 send 38 3100 24 0
70 wait 103 71 3100
70 wait 39 71 3300
70 irecv 71 1100 200 0
70 irecv 69 1300 200 0
70 send 71 1300 4 0
70 send 69 1100 4 0
70 wait 72 71 1100
70 wait 70 71 1300
70 irecv 74 2100 200 0
70 irecv 66 2300 200 0
70 send 74 2300 12 0
70 send 66 2100 12 0
70 wait 75 71 2100
70 wait 67 71 2300
70 irecv 102 3100 200 0
70 irecv 38 3300 200 0
70 send 102 3300 24 0
70 send 38 3100 24 0
70 wait 103 71 3100
70 wait 39 71 3300
70 irecv 71 1100 200 0
70 irecv 69 1300 200 0
70 send 71 1300 16 0
70 send 69 1100 16 0
70 wait 72 71 1100
70 wait 70 71 1300
70 irecv 74 2100 200 0
70 irecv 66 2300 200 0
70 send 74 2300 40 0
70 send 66 2100 40 0
70 wait 75 71 2100
70 wait 67 71 2300
70 irecv 102 3100 200 0
70 irecv 38 3300 200 0
70 send 102 3300 60 0
70 send 38 3100 60 0
70 wait 103 71 3100
70 wait 39 71 3300
70 irecv 71 1100 200 0
70 irecv 69 1300 200 0
70 send 71 1300 16 0
70 send 69 1100 16 0
70 wait 72 71 1100
70 wait 70 71 1300
70 irecv 74 2100 200 0
70 irecv 66 2300 200 0
70 send 74 2300 40 0
70 send 66 2100 40 0
70 wait 75 71 2100
70 wait 67 71 2300
70 irecv 102 3100 200 0
70 irecv 38 3300 200 0
70 send 102 3300 60 0
70 send 38 3100 60 0
70 wait 103 71 3100
70 wait 39 71 3300
70 irecv 71 1100 200 0
70 irecv 69 1300 200 0
70 send 71 1300 16 0
70 send 69 1100 16 0
70 wait 72 71 1100
70 wait 70 71 1300
70 irecv 74 2100 200 0
70 irecv 66 2300 200 0
70 send 74 2300 40 0
70 send 66 2100 40 0
70 wait 75 71 2100
70 wait 67 71 2300
70 irecv 102 3100 200 0
70 irecv 38 3300 200 0
70 send 102 3300 60 0
70 send 38 3100 60 0
70 wait 103 71 3100
70 wait 39 71 3300
70 barrier
70 allreduce 1 0 0 
70 allreduce 4 0 1 
70 allreduce 1 0 0 
70 allreduce 4 0 1 
70 allreduce 1 0 0 
70 allreduce 4 0 1 
70 allreduce 1 0 0 
70 allreduce 4 0 1 
70 allreduce 1 0 0 
70 allreduce 4 0 1 
70 allreduce 1 0 0 
70 allreduce 4 0 1 
70 allreduce 1 0 0 
70 allreduce 4 0 1 
70 allreduce 1 0 0 
70 allreduce 4 0 1 
70 allreduce 1 0 0 
70 allreduce 4 0 1 
70 allreduce 1 0 0 
70 allreduce 4 0 1 
70 allreduce 1 0 0 
70 allreduce 4 0 1 
70 allreduce 1 0 0 
70 allreduce 4 0 1 
70 allreduce 1 0 0 
70 allreduce 4 0 1 
70 allreduce 1 0 0 
70 allreduce 4 0 1 
70 allreduce 1 0 0 
70 allreduce 4 0 1 
70 allreduce 1 0 0 
70 allreduce 4 0 1 
70 allreduce 1 0 0 
70 allreduce 4 0 1 
70 allreduce 1 0 0 
70 allreduce 4 0 1 
70 allreduce 1 0 0 
70 allreduce 4 0 1 
70 allreduce 1 0 0 
70 allreduce 4 0 1 
70 barrier
70 irecv 71 1100 200 0
70 irecv 69 1300 200 0
70 send 71 1300 16 0
70 send 69 1100 16 0
70 wait 72 71 1100
70 wait 70 71 1300
70 irecv 74 2100 200 0
70 irecv 66 2300 200 0
70 send 74 2300 40 0
70 send 66 2100 40 0
70 wait 75 71 2100
70 wait 67 71 2300
70 irecv 102 3100 200 0
70 irecv 38 3300 200 0
70 send 102 3300 60 0
70 send 38 3100 60 0
70 wait 103 71 3100
70 wait 39 71 3300
70 barrier
70 irecv 71 1100 200 0
70 irecv 69 1300 200 0
70 send 71 1300 16 0
70 send 69 1100 16 0
70 wait 72 71 1100
70 wait 70 71 1300
70 irecv 74 2100 200 0
70 irecv 66 2300 200 0
70 send 74 2300 40 0
70 send 66 2100 40 0
70 wait 75 71 2100
70 wait 67 71 2300
70 irecv 102 3100 200 0
70 irecv 38 3300 200 0
70 send 102 3300 60 0
70 send 38 3100 60 0
70 wait 103 71 3100
70 wait 39 71 3300
70 allreduce 1 0 0 
70 allreduce 1 0 0 
70 irecv 71 1100 200 0
70 irecv 69 1300 200 0
70 send 71 1300 4 0
70 send 69 1100 4 0
70 wait 72 71 1100
70 wait 70 71 1300
70 irecv 74 2100 200 0
70 irecv 66 2300 200 0
70 send 74 2300 12 0
70 send 66 2100 12 0
70 wait 75 71 2100
70 wait 67 71 2300
70 irecv 102 3100 200 0
70 irecv 38 3300 200 0
70 send 102 3300 24 0
70 send 38 3100 24 0
70 wait 103 71 3100
70 wait 39 71 3300
70 irecv 71 1100 200 0
70 irecv 69 1300 200 0
70 send 71 1300 1 0
70 send 69 1100 1 0
70 wait 72 71 1100
70 wait 70 71 1300
70 irecv 74 2100 200 0
70 irecv 66 2300 200 0
70 send 74 2300 4 0
70 send 66 2100 4 0
70 wait 75 71 2100
70 wait 67 71 2300
70 irecv 102 3100 200 0
70 irecv 38 3300 200 0
70 send 102 3300 12 0
70 send 38 3100 12 0
70 wait 103 71 3100
70 wait 39 71 3300
70 irecv 71 1100 200 0
70 irecv 69 1300 200 0
70 wait 72 71 1100
70 wait 70 71 1300
70 irecv 78 2100 200 0
70 irecv 94 2300 200 0
70 wait 79 71 2100
70 wait 95 71 2300
70 send 74 2300 24 0
70 send 66 2100 12 0
70 irecv 102 3100 200 0
70 irecv 38 3300 200 0
70 wait 103 71 3100
70 wait 39 71 3300
70 irecv 71 1100 200 0
70 irecv 69 1300 200 0
70 send 71 1300 1 0
70 send 69 1100 1 0
70 wait 72 71 1100
70 wait 70 71 1300
70 irecv 74 2100 200 0
70 irecv 66 2300 200 0
70 send 74 2300 4 0
70 send 66 2100 4 0
70 wait 75 71 2100
70 wait 67 71 2300
70 irecv 102 3100 200 0
70 irecv 38 3300 200 0
70 send 102 3300 12 0
70 send 38 3100 12 0
70 wait 103 71 3100
70 wait 39 71 3300
70 irecv 71 1100 200 0
70 irecv 69 1300 200 0
70 send 71 1300 1 0
70 send 69 1100 1 0
70 wait 72 71 1100
70 wait 70 71 1300
70 irecv 74 2100 200 0
70 irecv 66 2300 200 0
70 send 74 2300 4 0
70 send 66 2100 4 0
70 wait 75 71 2100
70 wait 67 71 2300
70 irecv 102 3100 200 0
70 irecv 38 3300 200 0
70 send 102 3300 12 0
70 send 38 3100 12 0
70 wait 103 71 3100
70 wait 39 71 3300
70 irecv 71 1100 200 0
70 irecv 69 1300 200 0
70 send 71 1300 4 0
70 send 69 1100 4 0
70 wait 72 71 1100
70 wait 70 71 1300
70 irecv 74 2100 200 0
70 irecv 66 2300 200 0
70 send 74 2300 12 0
70 send 66 2100 12 0
70 wait 75 71 2100
70 wait 67 71 2300
70 irecv 102 3100 200 0
70 irecv 38 3300 200 0
70 send 102 3300 24 0
70 send 38 3100 24 0
70 wait 103 71 3100
70 wait 39 71 3300
70 irecv 71 1100 200 0
70 irecv 69 1300 200 0
70 send 71 1300 4 0
70 send 69 1100 4 0
70 wait 72 71 1100
70 wait 70 71 1300
70 irecv 74 2100 200 0
70 irecv 66 2300 200 0
70 send 74 2300 12 0
70 send 66 2100 12 0
70 wait 75 71 2100
70 wait 67 71 2300
70 irecv 102 3100 200 0
70 irecv 38 3300 200 0
70 send 102 3300 24 0
70 send 38 3100 24 0
70 wait 103 71 3100
70 wait 39 71 3300
70 irecv 71 1100 200 0
70 irecv 69 1300 200 0
70 send 71 1300 16 0
70 send 69 1100 16 0
70 wait 72 71 1100
70 wait 70 71 1300
70 irecv 74 2100 200 0
70 irecv 66 2300 200 0
70 send 74 2300 40 0
70 send 66 2100 40 0
70 wait 75 71 2100
70 wait 67 71 2300
70 irecv 102 3100 200 0
70 irecv 38 3300 200 0
70 send 102 3300 60 0
70 send 38 3100 60 0
70 wait 103 71 3100
70 wait 39 71 3300
70 irecv 71 1100 200 0
70 irecv 69 1300 200 0
70 send 71 1300 16 0
70 send 69 1100 16 0
70 wait 72 71 1100
70 wait 70 71 1300
70 irecv 74 2100 200 0
70 irecv 66 2300 200 0
70 send 74 2300 40 0
70 send 66 2100 40 0
70 wait 75 71 2100
70 wait 67 71 2300
70 irecv 102 3100 200 0
70 irecv 38 3300 200 0
70 send 102 3300 60 0
70 send 38 3100 60 0
70 wait 103 71 3100
70 wait 39 71 3300
70 irecv 71 1100 200 0
70 irecv 69 1300 200 0
70 send 71 1300 16 0
70 send 69 1100 16 0
70 wait 72 71 1100
70 wait 70 71 1300
70 irecv 74 2100 200 0
70 irecv 66 2300 200 0
70 send 74 2300 40 0
70 send 66 2100 40 0
70 wait 75 71 2100
70 wait 67 71 2300
70 irecv 102 3100 200 0
70 irecv 38 3300 200 0
70 send 102 3300 60 0
70 send 38 3100 60 0
70 wait 103 71 3100
70 wait 39 71 3300
70 irecv 71 1100 200 0
70 irecv 69 1300 200 0
70 send 71 1300 4 0
70 send 69 1100 4 0
70 wait 72 71 1100
70 wait 70 71 1300
70 irecv 74 2100 200 0
70 irecv 66 2300 200 0
70 send 74 2300 12 0
70 send 66 2100 12 0
70 wait 75 71 2100
70 wait 67 71 2300
70 irecv 102 3100 200 0
70 irecv 38 3300 200 0
70 send 102 3300 24 0
70 send 38 3100 24 0
70 wait 103 71 3100
70 wait 39 71 3300
70 irecv 71 1100 200 0
70 irecv 69 1300 200 0
70 send 71 1300 1 0
70 send 69 1100 1 0
70 wait 72 71 1100
70 wait 70 71 1300
70 irecv 74 2100 200 0
70 irecv 66 2300 200 0
70 send 74 2300 4 0
70 send 66 2100 4 0
70 wait 75 71 2100
70 wait 67 71 2300
70 irecv 102 3100 200 0
70 irecv 38 3300 200 0
70 send 102 3300 12 0
70 send 38 3100 12 0
70 wait 103 71 3100
70 wait 39 71 3300
70 irecv 71 1100 200 0
70 irecv 69 1300 200 0
70 wait 72 71 1100
70 wait 70 71 1300
70 irecv 78 2100 200 0
70 irecv 94 2300 200 0
70 wait 79 71 2100
70 wait 95 71 2300
70 send 74 2300 24 0
70 send 66 2100 12 0
70 irecv 102 3100 200 0
70 irecv 38 3300 200 0
70 wait 103 71 3100
70 wait 39 71 3300
70 irecv 71 1100 200 0
70 irecv 69 1300 200 0
70 send 71 1300 1 0
70 send 69 1100 1 0
70 wait 72 71 1100
70 wait 70 71 1300
70 irecv 74 2100 200 0
70 irecv 66 2300 200 0
70 send 74 2300 4 0
70 send 66 2100 4 0
70 wait 75 71 2100
70 wait 67 71 2300
70 irecv 102 3100 200 0
70 irecv 38 3300 200 0
70 send 102 3300 12 0
70 send 38 3100 12 0
70 wait 103 71 3100
70 wait 39 71 3300
70 irecv 71 1100 200 0
70 irecv 69 1300 200 0
70 send 71 1300 1 0
70 send 69 1100 1 0
70 wait 72 71 1100
70 wait 70 71 1300
70 irecv 74 2100 200 0
70 irecv 66 2300 200 0
70 send 74 2300 4 0
70 send 66 2100 4 0
70 wait 75 71 2100
70 wait 67 71 2300
70 irecv 102 3100 200 0
70 irecv 38 3300 200 0
70 send 102 3300 12 0
70 send 38 3100 12 0
70 wait 103 71 3100
70 wait 39 71 3300
70 irecv 71 1100 200 0
70 irecv 69 1300 200 0
70 send 71 1300 4 0
70 send 69 1100 4 0
70 wait 72 71 1100
70 wait 70 71 1300
70 irecv 74 2100 200 0
70 irecv 66 2300 200 0
70 send 74 2300 12 0
70 send 66 2100 12 0
70 wait 75 71 2100
70 wait 67 71 2300
70 irecv 102 3100 200 0
70 irecv 38 3300 200 0
70 send 102 3300 24 0
70 send 38 3100 24 0
70 wait 103 71 3100
70 wait 39 71 3300
70 irecv 71 1100 200 0
70 irecv 69 1300 200 0
70 send 71 1300 4 0
70 send 69 1100 4 0
70 wait 72 71 1100
70 wait 70 71 1300
70 irecv 74 2100 200 0
70 irecv 66 2300 200 0
70 send 74 2300 12 0
70 send 66 2100 12 0
70 wait 75 71 2100
70 wait 67 71 2300
70 irecv 102 3100 200 0
70 irecv 38 3300 200 0
70 send 102 3300 24 0
70 send 38 3100 24 0
70 wait 103 71 3100
70 wait 39 71 3300
70 irecv 71 1100 200 0
70 irecv 69 1300 200 0
70 send 71 1300 16 0
70 send 69 1100 16 0
70 wait 72 71 1100
70 wait 70 71 1300
70 irecv 74 2100 200 0
70 irecv 66 2300 200 0
70 send 74 2300 40 0
70 send 66 2100 40 0
70 wait 75 71 2100
70 wait 67 71 2300
70 irecv 102 3100 200 0
70 irecv 38 3300 200 0
70 send 102 3300 60 0
70 send 38 3100 60 0
70 wait 103 71 3100
70 wait 39 71 3300
70 irecv 71 1100 200 0
70 irecv 69 1300 200 0
70 send 71 1300 16 0
70 send 69 1100 16 0
70 wait 72 71 1100
70 wait 70 71 1300
70 irecv 74 2100 200 0
70 irecv 66 2300 200 0
70 send 74 2300 40 0
70 send 66 2100 40 0
70 wait 75 71 2100
70 wait 67 71 2300
70 irecv 102 3100 200 0
70 irecv 38 3300 200 0
70 send 102 3300 60 0
70 send 38 3100 60 0
70 wait 103 71 3100
70 wait 39 71 3300
70 irecv 71 1100 200 0
70 irecv 69 1300 200 0
70 send 71 1300 16 0
70 send 69 1100 16 0
70 wait 72 71 1100
70 wait 70 71 1300
70 irecv 74 2100 200 0
70 irecv 66 2300 200 0
70 send 74 2300 40 0
70 send 66 2100 40 0
70 wait 75 71 2100
70 wait 67 71 2300
70 irecv 102 3100 200 0
70 irecv 38 3300 200 0
70 send 102 3300 60 0
70 send 38 3100 60 0
70 wait 103 71 3100
70 wait 39 71 3300
70 irecv 71 1100 200 0
70 irecv 69 1300 200 0
70 send 71 1300 4 0
70 send 69 1100 4 0
70 wait 72 71 1100
70 wait 70 71 1300
70 irecv 74 2100 200 0
70 irecv 66 2300 200 0
70 send 74 2300 12 0
70 send 66 2100 12 0
70 wait 75 71 2100
70 wait 67 71 2300
70 irecv 102 3100 200 0
70 irecv 38 3300 200 0
70 send 102 3300 24 0
70 send 38 3100 24 0
70 wait 103 71 3100
70 wait 39 71 3300
70 irecv 71 1100 200 0
70 irecv 69 1300 200 0
70 send 71 1300 1 0
70 send 69 1100 1 0
70 wait 72 71 1100
70 wait 70 71 1300
70 irecv 74 2100 200 0
70 irecv 66 2300 200 0
70 send 74 2300 4 0
70 send 66 2100 4 0
70 wait 75 71 2100
70 wait 67 71 2300
70 irecv 102 3100 200 0
70 irecv 38 3300 200 0
70 send 102 3300 12 0
70 send 38 3100 12 0
70 wait 103 71 3100
70 wait 39 71 3300
70 irecv 71 1100 200 0
70 irecv 69 1300 200 0
70 wait 72 71 1100
70 wait 70 71 1300
70 irecv 78 2100 200 0
70 irecv 94 2300 200 0
70 wait 79 71 2100
70 wait 95 71 2300
70 send 74 2300 24 0
70 send 66 2100 12 0
70 irecv 102 3100 200 0
70 irecv 38 3300 200 0
70 wait 103 71 3100
70 wait 39 71 3300
70 irecv 71 1100 200 0
70 irecv 69 1300 200 0
70 send 71 1300 1 0
70 send 69 1100 1 0
70 wait 72 71 1100
70 wait 70 71 1300
70 irecv 74 2100 200 0
70 irecv 66 2300 200 0
70 send 74 2300 4 0
70 send 66 2100 4 0
70 wait 75 71 2100
70 wait 67 71 2300
70 irecv 102 3100 200 0
70 irecv 38 3300 200 0
70 send 102 3300 12 0
70 send 38 3100 12 0
70 wait 103 71 3100
70 wait 39 71 3300
70 irecv 71 1100 200 0
70 irecv 69 1300 200 0
70 send 71 1300 1 0
70 send 69 1100 1 0
70 wait 72 71 1100
70 wait 70 71 1300
70 irecv 74 2100 200 0
70 irecv 66 2300 200 0
70 send 74 2300 4 0
70 send 66 2100 4 0
70 wait 75 71 2100
70 wait 67 71 2300
70 irecv 102 3100 200 0
70 irecv 38 3300 200 0
70 send 102 3300 12 0
70 send 38 3100 12 0
70 wait 103 71 3100
70 wait 39 71 3300
70 irecv 71 1100 200 0
70 irecv 69 1300 200 0
70 send 71 1300 4 0
70 send 69 1100 4 0
70 wait 72 71 1100
70 wait 70 71 1300
70 irecv 74 2100 200 0
70 irecv 66 2300 200 0
70 send 74 2300 12 0
70 send 66 2100 12 0
70 wait 75 71 2100
70 wait 67 71 2300
70 irecv 102 3100 200 0
70 irecv 38 3300 200 0
70 send 102 3300 24 0
70 send 38 3100 24 0
70 wait 103 71 3100
70 wait 39 71 3300
70 irecv 71 1100 200 0
70 irecv 69 1300 200 0
70 send 71 1300 4 0
70 send 69 1100 4 0
70 wait 72 71 1100
70 wait 70 71 1300
70 irecv 74 2100 200 0
70 irecv 66 2300 200 0
70 send 74 2300 12 0
70 send 66 2100 12 0
70 wait 75 71 2100
70 wait 67 71 2300
70 irecv 102 3100 200 0
70 irecv 38 3300 200 0
70 send 102 3300 24 0
70 send 38 3100 24 0
70 wait 103 71 3100
70 wait 39 71 3300
70 irecv 71 1100 200 0
70 irecv 69 1300 200 0
70 send 71 1300 16 0
70 send 69 1100 16 0
70 wait 72 71 1100
70 wait 70 71 1300
70 irecv 74 2100 200 0
70 irecv 66 2300 200 0
70 send 74 2300 40 0
70 send 66 2100 40 0
70 wait 75 71 2100
70 wait 67 71 2300
70 irecv 102 3100 200 0
70 irecv 38 3300 200 0
70 send 102 3300 60 0
70 send 38 3100 60 0
70 wait 103 71 3100
70 wait 39 71 3300
70 irecv 71 1100 200 0
70 irecv 69 1300 200 0
70 send 71 1300 16 0
70 send 69 1100 16 0
70 wait 72 71 1100
70 wait 70 71 1300
70 irecv 74 2100 200 0
70 irecv 66 2300 200 0
70 send 74 2300 40 0
70 send 66 2100 40 0
70 wait 75 71 2100
70 wait 67 71 2300
70 irecv 102 3100 200 0
70 irecv 38 3300 200 0
70 send 102 3300 60 0
70 send 38 3100 60 0
70 wait 103 71 3100
70 wait 39 71 3300
70 irecv 71 1100 200 0
70 irecv 69 1300 200 0
70 send 71 1300 16 0
70 send 69 1100 16 0
70 wait 72 71 1100
70 wait 70 71 1300
70 irecv 74 2100 200 0
70 irecv 66 2300 200 0
70 send 74 2300 40 0
70 send 66 2100 40 0
70 wait 75 71 2100
70 wait 67 71 2300
70 irecv 102 3100 200 0
70 irecv 38 3300 200 0
70 send 102 3300 60 0
70 send 38 3100 60 0
70 wait 103 71 3100
70 wait 39 71 3300
70 irecv 71 1100 200 0
70 irecv 69 1300 200 0
70 send 71 1300 4 0
70 send 69 1100 4 0
70 wait 72 71 1100
70 wait 70 71 1300
70 irecv 74 2100 200 0
70 irecv 66 2300 200 0
70 send 74 2300 12 0
70 send 66 2100 12 0
70 wait 75 71 2100
70 wait 67 71 2300
70 irecv 102 3100 200 0
70 irecv 38 3300 200 0
70 send 102 3300 24 0
70 send 38 3100 24 0
70 wait 103 71 3100
70 wait 39 71 3300
70 irecv 71 1100 200 0
70 irecv 69 1300 200 0
70 send 71 1300 1 0
70 send 69 1100 1 0
70 wait 72 71 1100
70 wait 70 71 1300
70 irecv 74 2100 200 0
70 irecv 66 2300 200 0
70 send 74 2300 4 0
70 send 66 2100 4 0
70 wait 75 71 2100
70 wait 67 71 2300
70 irecv 102 3100 200 0
70 irecv 38 3300 200 0
70 send 102 3300 12 0
70 send 38 3100 12 0
70 wait 103 71 3100
70 wait 39 71 3300
70 irecv 71 1100 200 0
70 irecv 69 1300 200 0
70 wait 72 71 1100
70 wait 70 71 1300
70 irecv 78 2100 200 0
70 irecv 94 2300 200 0
70 wait 79 71 2100
70 wait 95 71 2300
70 send 74 2300 24 0
70 send 66 2100 12 0
70 irecv 102 3100 200 0
70 irecv 38 3300 200 0
70 wait 103 71 3100
70 wait 39 71 3300
70 irecv 71 1100 200 0
70 irecv 69 1300 200 0
70 send 71 1300 1 0
70 send 69 1100 1 0
70 wait 72 71 1100
70 wait 70 71 1300
70 irecv 74 2100 200 0
70 irecv 66 2300 200 0
70 send 74 2300 4 0
70 send 66 2100 4 0
70 wait 75 71 2100
70 wait 67 71 2300
70 irecv 102 3100 200 0
70 irecv 38 3300 200 0
70 send 102 3300 12 0
70 send 38 3100 12 0
70 wait 103 71 3100
70 wait 39 71 3300
70 irecv 71 1100 200 0
70 irecv 69 1300 200 0
70 send 71 1300 1 0
70 send 69 1100 1 0
70 wait 72 71 1100
70 wait 70 71 1300
70 irecv 74 2100 200 0
70 irecv 66 2300 200 0
70 send 74 2300 4 0
70 send 66 2100 4 0
70 wait 75 71 2100
70 wait 67 71 2300
70 irecv 102 3100 200 0
70 irecv 38 3300 200 0
70 send 102 3300 12 0
70 send 38 3100 12 0
70 wait 103 71 3100
70 wait 39 71 3300
70 irecv 71 1100 200 0
70 irecv 69 1300 200 0
70 send 71 1300 4 0
70 send 69 1100 4 0
70 wait 72 71 1100
70 wait 70 71 1300
70 irecv 74 2100 200 0
70 irecv 66 2300 200 0
70 send 74 2300 12 0
70 send 66 2100 12 0
70 wait 75 71 2100
70 wait 67 71 2300
70 irecv 102 3100 200 0
70 irecv 38 3300 200 0
70 send 102 3300 24 0
70 send 38 3100 24 0
70 wait 103 71 3100
70 wait 39 71 3300
70 irecv 71 1100 200 0
70 irecv 69 1300 200 0
70 send 71 1300 4 0
70 send 69 1100 4 0
70 wait 72 71 1100
70 wait 70 71 1300
70 irecv 74 2100 200 0
70 irecv 66 2300 200 0
70 send 74 2300 12 0
70 send 66 2100 12 0
70 wait 75 71 2100
70 wait 67 71 2300
70 irecv 102 3100 200 0
70 irecv 38 3300 200 0
70 send 102 3300 24 0
70 send 38 3100 24 0
70 wait 103 71 3100
70 wait 39 71 3300
70 irecv 71 1100 200 0
70 irecv 69 1300 200 0
70 send 71 1300 16 0
70 send 69 1100 16 0
70 wait 72 71 1100
70 wait 70 71 1300
70 irecv 74 2100 200 0
70 irecv 66 2300 200 0
70 send 74 2300 40 0
70 send 66 2100 40 0
70 wait 75 71 2100
70 wait 67 71 2300
70 irecv 102 3100 200 0
70 irecv 38 3300 200 0
70 send 102 3300 60 0
70 send 38 3100 60 0
70 wait 103 71 3100
70 wait 39 71 3300
70 irecv 71 1100 200 0
70 irecv 69 1300 200 0
70 send 71 1300 16 0
70 send 69 1100 16 0
70 wait 72 71 1100
70 wait 70 71 1300
70 irecv 74 2100 200 0
70 irecv 66 2300 200 0
70 send 74 2300 40 0
70 send 66 2100 40 0
70 wait 75 71 2100
70 wait 67 71 2300
70 irecv 102 3100 200 0
70 irecv 38 3300 200 0
70 send 102 3300 60 0
70 send 38 3100 60 0
70 wait 103 71 3100
70 wait 39 71 3300
70 irecv 71 1100 200 0
70 irecv 69 1300 200 0
70 send 71 1300 16 0
70 send 69 1100 16 0
70 wait 72 71 1100
70 wait 70 71 1300
70 irecv 74 2100 200 0
70 irecv 66 2300 200 0
70 send 74 2300 40 0
70 send 66 2100 40 0
70 wait 75 71 2100
70 wait 67 71 2300
70 irecv 102 3100 200 0
70 irecv 38 3300 200 0
70 send 102 3300 60 0
70 send 38 3100 60 0
70 wait 103 71 3100
70 wait 39 71 3300
70 allreduce 1 0 0 
70 allreduce 1 0 0 
70 reduce 1 0 0 0 
70 finalize
