172 init
172 barrier
172 bcast 1 0 1 
172 bcast 1 0 1 
172 bcast 1 0 1 
172 bcast 1 0 1 
172 bcast 1 0 1 
172 bcast 8 0 1 
172 bcast 1 0 16 
172 barrier
172 allreduce 1 0 0 
172 allreduce 4 0 1 
172 allreduce 1 0 0 
172 allreduce 4 0 1 
172 allreduce 1 0 0 
172 allreduce 4 0 1 
172 allreduce 1 0 0 
172 allreduce 4 0 1 
172 allreduce 1 0 0 
172 allreduce 4 0 1 
172 allreduce 1 0 0 
172 allreduce 4 0 1 
172 allreduce 1 0 0 
172 allreduce 4 0 1 
172 allreduce 1 0 0 
172 allreduce 4 0 1 
172 allreduce 1 0 0 
172 allreduce 4 0 1 
172 allreduce 1 0 0 
172 allreduce 4 0 1 
172 allreduce 1 0 0 
172 allreduce 4 0 1 
172 allreduce 1 0 0 
172 allreduce 4 0 1 
172 allreduce 1 0 0 
172 allreduce 4 0 1 
172 allreduce 1 0 0 
172 allreduce 4 0 1 
172 allreduce 1 0 0 
172 allreduce 4 0 1 
172 allreduce 1 0 0 
172 allreduce 4 0 1 
172 allreduce 1 0 0 
172 allreduce 4 0 1 
172 allreduce 1 0 0 
172 allreduce 4 0 1 
172 allreduce 1 0 0 
172 allreduce 4 0 1 
172 allreduce 1 0 0 
172 allreduce 4 0 1 
172 barrier
172 irecv 173 1100 200 0
172 irecv 175 1300 200 0
172 send 173 1300 16 0
172 send 175 1100 16 0
172 wait 174 173 1100
172 wait 176 173 1300
172 irecv 176 2100 200 0
172 irecv 168 2300 200 0
172 send 176 2300 40 0
172 send 168 2100 40 0
172 wait 177 173 2100
172 wait 169 173 2300
172 irecv 204 3100 200 0
172 irecv 140 3300 200 0
172 send 204 3300 60 0
172 send 140 3100 60 0
172 wait 205 173 3100
172 wait 141 173 3300
172 allreduce 1 0 0 
172 allreduce 1 0 0 
172 irecv 173 1100 200 0
172 irecv 175 1300 200 0
172 send 173 1300 16 0
172 send 175 1100 16 0
172 wait 174 173 1100
172 wait 176 173 1300
172 irecv 176 2100 200 0
172 irecv 168 2300 200 0
172 send 176 2300 40 0
172 send 168 2100 40 0
172 wait 177 173 2100
172 wait 169 173 2300
172 irecv 204 3100 200 0
172 irecv 140 3300 200 0
172 send 204 3300 60 0
172 send 140 3100 60 0
172 wait 205 173 3100
172 wait 141 173 3300
172 allreduce 1 0 0 
172 allreduce 1 0 0 
172 irecv 173 1100 200 0
172 irecv 175 1300 200 0
172 send 173 1300 4 0
172 send 175 1100 4 0
172 wait 174 173 1100
172 wait 176 173 1300
172 irecv 176 2100 200 0
172 irecv 168 2300 200 0
172 send 176 2300 12 0
172 send 168 2100 12 0
172 wait 177 173 2100
172 wait 169 173 2300
172 irecv 204 3100 200 0
172 irecv 140 3300 200 0
172 send 204 3300 24 0
172 send 140 3100 24 0
172 wait 205 173 3100
172 wait 141 173 3300
172 irecv 173 1100 200 0
172 irecv 175 1300 200 0
172 send 173 1300 1 0
172 send 175 1100 1 0
172 wait 174 173 1100
172 wait 176 173 1300
172 irecv 176 2100 200 0
172 irecv 168 2300 200 0
172 send 176 2300 4 0
172 send 168 2100 4 0
172 wait 177 173 2100
172 wait 169 173 2300
172 irecv 204 3100 200 0
172 irecv 140 3300 200 0
172 send 204 3300 12 0
172 send 140 3100 12 0
172 wait 205 173 3100
172 wait 141 173 3300
172 irecv 173 1100 200 0
172 irecv 175 1300 200 0
172 send 173 1300 1 0
172 send 175 1100 1 0
172 wait 174 173 1100
172 wait 176 173 1300
172 irecv 180 2100 200 0
172 irecv 164 2300 200 0
172 send 180 2300 3 0
172 send 164 2100 3 0
172 wait 181 173 2100
172 wait 165 173 2300
172 irecv 236 3100 200 0
172 irecv 108 3300 200 0
172 send 236 3300 9 0
172 send 108 3100 9 0
172 wait 237 173 3100
172 wait 109 173 3300
172 irecv 173 1100 200 0
172 irecv 175 1300 200 0
172 wait 174 173 1100
172 wait 176 173 1300
172 send 180 2300 18 0
172 send 164 2100 9 0
172 irecv 236 3100 200 0
172 irecv 108 3300 200 0
172 wait 237 173 3100
172 wait 109 173 3300
172 irecv 173 1100 200 0
172 irecv 175 1300 200 0
172 send 173 1300 1 0
172 send 175 1100 1 0
172 wait 174 173 1100
172 wait 176 173 1300
172 irecv 180 2100 200 0
172 irecv 164 2300 200 0
172 send 180 2300 3 0
172 compute 312.5
172 send 164 2100 3 0
172 wait 181 173 2100
172 wait 165 173 2300
172 irecv 236 3100 200 0
172 irecv 108 3300 200 0
172 send 236 3300 9 0
172 send 108 3100 9 0
172 wait 237 173 3100
172 wait 109 173 3300
172 irecv 173 1100 200 0
172 irecv 175 1300 200 0
172 send 173 1300 1 0
172 send 175 1100 1 0
172 wait 174 173 1100
172 wait 176 173 1300
172 irecv 180 2100 200 0
172 irecv 164 2300 200 0
172 send 180 2300 3 0
172 send 164 2100 3 0
172 wait 181 173 2100
172 wait 165 173 2300
172 irecv 236 3100 200 0
172 irecv 108 3300 200 0
172 send 236 3300 9 0
172 send 108 3100 9 0
172 wait 237 173 3100
172 wait 109 173 3300
172 send 176 2300 24 0
172 send 168 2100 12 0
172 send 204 3300 24 0
172 send 140 3100 12 0
172 irecv 173 1100 200 0
172 irecv 175 1300 200 0
172 send 173 1300 1 0
172 send 175 1100 1 0
172 wait 174 173 1100
172 wait 176 173 1300
172 irecv 176 2100 200 0
172 irecv 168 2300 200 0
172 send 176 2300 4 0
172 send 168 2100 4 0
172 wait 177 173 2100
172 wait 169 173 2300
172 irecv 204 3100 200 0
172 irecv 140 3300 200 0
172 send 204 3300 12 0
172 send 140 3100 12 0
172 wait 205 173 3100
172 wait 141 173 3300
172 irecv 173 1100 200 0
172 irecv 175 1300 200 0
172 send 173 1300 1 0
172 send 175 1100 1 0
172 wait 174 173 1100
172 wait 176 173 1300
172 irecv 176 2100 200 0
172 irecv 168 2300 200 0
172 send 176 2300 4 0
172 send 168 2100 4 0
172 wait 177 173 2100
172 wait 169 173 2300
172 irecv 204 3100 200 0
172 irecv 140 3300 200 0
172 send 204 3300 12 0
172 send 140 3100 12 0
172 wait 205 173 3100
172 wait 141 173 3300
172 irecv 173 1100 200 0
172 irecv 175 1300 200 0
172 send 173 1300 4 0
172 send 175 1100 4 0
172 wait 174 173 1100
172 wait 176 173 1300
172 irecv 176 2100 200 0
172 irecv 168 2300 200 0
172 send 176 2300 12 0
172 send 168 2100 12 0
172 wait 177 173 2100
172 wait 169 173 2300
172 irecv 204 3100 200 0
172 irecv 140 3300 200 0
172 send 204 3300 24 0
172 send 140 3100 24 0
172 wait 205 173 3100
172 wait 141 173 3300
172 irecv 173 1100 200 0
172 irecv 175 1300 200 0
172 send 173 1300 4 0
172 send 175 1100 4 0
172 wait 174 173 1100
172 wait 176 173 1300
172 irecv 176 2100 200 0
172 irecv 168 2300 200 0
172 send 176 2300 12 0
172 send 168 2100 12 0
172 wait 177 173 2100
172 wait 169 173 2300
172 irecv 204 3100 200 0
172 irecv 140 3300 200 0
172 send 204 3300 24 0
172 send 140 3100 24 0
172 wait 205 173 3100
172 wait 141 173 3300
172 irecv 173 1100 200 0
172 irecv 175 1300 200 0
172 send 173 1300 16 0
172 send 175 1100 16 0
172 wait 174 173 1100
172 wait 176 173 1300
172 irecv 176 2100 200 0
172 irecv 168 2300 200 0
172 send 176 2300 40 0
172 send 168 2100 40 0
172 wait 177 173 2100
172 wait 169 173 2300
172 irecv 204 3100 200 0
172 irecv 140 3300 200 0
172 send 204 3300 60 0
172 send 140 3100 60 0
172 wait 205 173 3100
172 wait 141 173 3300
172 irecv 173 1100 200 0
172 irecv 175 1300 200 0
172 send 173 1300 16 0
172 send 175 1100 16 0
172 wait 174 173 1100
172 wait 176 173 1300
172 irecv 176 2100 200 0
172 irecv 168 2300 200 0
172 send 176 2300 40 0
172 send 168 2100 40 0
172 wait 177 173 2100
172 wait 169 173 2300
172 irecv 204 3100 200 0
172 irecv 140 3300 200 0
172 send 204 3300 60 0
172 send 140 3100 60 0
172 wait 205 173 3100
172 wait 141 173 3300
172 irecv 173 1100 200 0
172 irecv 175 1300 200 0
172 send 173 1300 16 0
172 send 175 1100 16 0
172 wait 174 173 1100
172 wait 176 173 1300
172 irecv 176 2100 200 0
172 irecv 168 2300 200 0
172 send 176 2300 40 0
172 send 168 2100 40 0
172 wait 177 173 2100
172 wait 169 173 2300
172 irecv 204 3100 200 0
172 irecv 140 3300 200 0
172 send 204 3300 60 0
172 send 140 3100 60 0
172 wait 205 173 3100
172 wait 141 173 3300
172 barrier
172 allreduce 1 0 0 
172 allreduce 4 0 1 
172 allreduce 1 0 0 
172 allreduce 4 0 1 
172 allreduce 1 0 0 
172 allreduce 4 0 1 
172 allreduce 1 0 0 
172 allreduce 4 0 1 
172 allreduce 1 0 0 
172 allreduce 4 0 1 
172 allreduce 1 0 0 
172 allreduce 4 0 1 
172 allreduce 1 0 0 
172 allreduce 4 0 1 
172 allreduce 1 0 0 
172 allreduce 4 0 1 
172 allreduce 1 0 0 
172 allreduce 4 0 1 
172 allreduce 1 0 0 
172 allreduce 4 0 1 
172 allreduce 1 0 0 
172 allreduce 4 0 1 
172 allreduce 1 0 0 
172 allreduce 4 0 1 
172 allreduce 1 0 0 
172 allreduce 4 0 1 
172 allreduce 1 0 0 
172 allreduce 4 0 1 
172 allreduce 1 0 0 
172 allreduce 4 0 1 
172 allreduce 1 0 0 
172 allreduce 4 0 1 
172 allreduce 1 0 0 
172 allreduce 4 0 1 
172 allreduce 1 0 0 
172 allreduce 4 0 1 
172 allreduce 1 0 0 
172 allreduce 4 0 1 
172 allreduce 1 0 0 
172 allreduce 4 0 1 
172 barrier
172 irecv 173 1100 200 0
172 irecv 175 1300 200 0
172 send 173 1300 16 0
172 send 175 1100 16 0
172 wait 174 173 1100
172 wait 176 173 1300
172 irecv 176 2100 200 0
172 irecv 168 2300 200 0
172 send 176 2300 40 0
172 send 168 2100 40 0
172 wait 177 173 2100
172 wait 169 173 2300
172 irecv 204 3100 200 0
172 irecv 140 3300 200 0
172 send 204 3300 60 0
172 send 140 3100 60 0
172 wait 205 173 3100
172 wait 141 173 3300
172 barrier
172 irecv 173 1100 200 0
172 irecv 175 1300 200 0
172 send 173 1300 16 0
172 send 175 1100 16 0
172 wait 174 173 1100
172 wait 176 173 1300
172 irecv 176 2100 200 0
172 irecv 168 2300 200 0
172 send 176 2300 40 0
172 send 168 2100 40 0
172 wait 177 173 2100
172 wait 169 173 2300
172 irecv 204 3100 200 0
172 irecv 140 3300 200 0
172 send 204 3300 60 0
172 send 140 3100 60 0
172 wait 205 173 3100
172 wait 141 173 3300
172 allreduce 1 0 0 
172 allreduce 1 0 0 
172 irecv 173 1100 200 0
172 irecv 175 1300 200 0
172 send 173 1300 4 0
172 send 175 1100 4 0
172 wait 174 173 1100
172 wait 176 173 1300
172 irecv 176 2100 200 0
172 irecv 168 2300 200 0
172 send 176 2300 12 0
172 send 168 2100 12 0
172 wait 177 173 2100
172 wait 169 173 2300
172 irecv 204 3100 200 0
172 irecv 140 3300 200 0
172 send 204 3300 24 0
172 send 140 3100 24 0
172 wait 205 173 3100
172 wait 141 173 3300
172 irecv 173 1100 200 0
172 irecv 175 1300 200 0
172 send 173 1300 1 0
172 send 175 1100 1 0
172 wait 174 173 1100
172 wait 176 173 1300
172 irecv 176 2100 200 0
172 irecv 168 2300 200 0
172 send 176 2300 4 0
172 send 168 2100 4 0
172 wait 177 173 2100
172 wait 169 173 2300
172 irecv 204 3100 200 0
172 irecv 140 3300 200 0
172 send 204 3300 12 0
172 send 140 3100 12 0
172 wait 205 173 3100
172 wait 141 173 3300
172 irecv 173 1100 200 0
172 irecv 175 1300 200 0
172 send 173 1300 1 0
172 send 175 1100 1 0
172 wait 174 173 1100
172 wait 176 173 1300
172 irecv 180 2100 200 0
172 irecv 164 2300 200 0
172 send 180 2300 3 0
172 send 164 2100 3 0
172 wait 181 173 2100
172 wait 165 173 2300
172 irecv 236 3100 200 0
172 irecv 108 3300 200 0
172 send 236 3300 9 0
172 send 108 3100 9 0
172 wait 237 173 3100
172 wait 109 173 3300
172 irecv 173 1100 200 0
172 irecv 175 1300 200 0
172 wait 174 173 1100
172 wait 176 173 1300
172 send 180 2300 18 0
172 send 164 2100 9 0
172 irecv 236 3100 200 0
172 irecv 108 3300 200 0
172 wait 237 173 3100
172 wait 109 173 3300
172 irecv 173 1100 200 0
172 irecv 175 1300 200 0
172 send 173 1300 1 0
172 send 175 1100 1 0
172 wait 174 173 1100
172 wait 176 173 1300
172 irecv 180 2100 200 0
172 irecv 164 2300 200 0
172 send 180 2300 3 0
172 send 164 2100 3 0
172 wait 181 173 2100
172 wait 165 173 2300
172 irecv 236 3100 200 0
172 irecv 108 3300 200 0
172 send 236 3300 9 0
172 send 108 3100 9 0
172 wait 237 173 3100
172 wait 109 173 3300
172 irecv 173 1100 200 0
172 irecv 175 1300 200 0
172 send 173 1300 1 0
172 send 175 1100 1 0
172 wait 174 173 1100
172 wait 176 173 1300
172 irecv 180 2100 200 0
172 irecv 164 2300 200 0
172 send 180 2300 3 0
172 send 164 2100 3 0
172 wait 181 173 2100
172 wait 165 173 2300
172 irecv 236 3100 200 0
172 irecv 108 3300 200 0
172 send 236 3300 9 0
172 send 108 3100 9 0
172 wait 237 173 3100
172 wait 109 173 3300
172 send 176 2300 24 0
172 send 168 2100 12 0
172 send 204 3300 24 0
172 send 140 3100 12 0
172 irecv 173 1100 200 0
172 irecv 175 1300 200 0
172 send 173 1300 1 0
172 send 175 1100 1 0
172 wait 174 173 1100
172 wait 176 173 1300
172 irecv 176 2100 200 0
172 irecv 168 2300 200 0
172 send 176 2300 4 0
172 send 168 2100 4 0
172 wait 177 173 2100
172 wait 169 173 2300
172 irecv 204 3100 200 0
172 irecv 140 3300 200 0
172 send 204 3300 12 0
172 send 140 3100 12 0
172 wait 205 173 3100
172 wait 141 173 3300
172 irecv 173 1100 200 0
172 irecv 175 1300 200 0
172 send 173 1300 1 0
172 send 175 1100 1 0
172 wait 174 173 1100
172 wait 176 173 1300
172 irecv 176 2100 200 0
172 irecv 168 2300 200 0
172 send 176 2300 4 0
172 send 168 2100 4 0
172 wait 177 173 2100
172 wait 169 173 2300
172 irecv 204 3100 200 0
172 irecv 140 3300 200 0
172 send 204 3300 12 0
172 send 140 3100 12 0
172 wait 205 173 3100
172 wait 141 173 3300
172 irecv 173 1100 200 0
172 irecv 175 1300 200 0
172 send 173 1300 4 0
172 send 175 1100 4 0
172 wait 174 173 1100
172 wait 176 173 1300
172 irecv 176 2100 200 0
172 irecv 168 2300 200 0
172 send 176 2300 12 0
172 send 168 2100 12 0
172 wait 177 173 2100
172 wait 169 173 2300
172 irecv 204 3100 200 0
172 irecv 140 3300 200 0
172 send 204 3300 24 0
172 send 140 3100 24 0
172 wait 205 173 3100
172 wait 141 173 3300
172 irecv 173 1100 200 0
172 irecv 175 1300 200 0
172 send 173 1300 4 0
172 send 175 1100 4 0
172 wait 174 173 1100
172 wait 176 173 1300
172 irecv 176 2100 200 0
172 irecv 168 2300 200 0
172 send 176 2300 12 0
172 send 168 2100 12 0
172 wait 177 173 2100
172 wait 169 173 2300
172 irecv 204 3100 200 0
172 irecv 140 3300 200 0
172 send 204 3300 24 0
172 send 140 3100 24 0
172 wait 205 173 3100
172 wait 141 173 3300
172 irecv 173 1100 200 0
172 irecv 175 1300 200 0
172 send 173 1300 16 0
172 send 175 1100 16 0
172 wait 174 173 1100
172 wait 176 173 1300
172 irecv 176 2100 200 0
172 irecv 168 2300 200 0
172 send 176 2300 40 0
172 send 168 2100 40 0
172 wait 177 173 2100
172 wait 169 173 2300
172 irecv 204 3100 200 0
172 irecv 140 3300 200 0
172 send 204 3300 60 0
172 send 140 3100 60 0
172 wait 205 173 3100
172 wait 141 173 3300
172 irecv 173 1100 200 0
172 irecv 175 1300 200 0
172 send 173 1300 16 0
172 send 175 1100 16 0
172 wait 174 173 1100
172 wait 176 173 1300
172 irecv 176 2100 200 0
172 irecv 168 2300 200 0
172 send 176 2300 40 0
172 send 168 2100 40 0
172 wait 177 173 2100
172 wait 169 173 2300
172 irecv 204 3100 200 0
172 irecv 140 3300 200 0
172 send 204 3300 60 0
172 send 140 3100 60 0
172 wait 205 173 3100
172 wait 141 173 3300
172 irecv 173 1100 200 0
172 irecv 175 1300 200 0
172 send 173 1300 16 0
172 send 175 1100 16 0
172 wait 174 173 1100
172 wait 176 173 1300
172 irecv 176 2100 200 0
172 irecv 168 2300 200 0
172 send 176 2300 40 0
172 send 168 2100 40 0
172 wait 177 173 2100
172 wait 169 173 2300
172 irecv 204 3100 200 0
172 irecv 140 3300 200 0
172 send 204 3300 60 0
172 send 140 3100 60 0
172 wait 205 173 3100
172 wait 141 173 3300
172 irecv 173 1100 200 0
172 irecv 175 1300 200 0
172 send 173 1300 4 0
172 send 175 1100 4 0
172 wait 174 173 1100
172 wait 176 173 1300
172 irecv 176 2100 200 0
172 irecv 168 2300 200 0
172 send 176 2300 12 0
172 send 168 2100 12 0
172 wait 177 173 2100
172 wait 169 173 2300
172 irecv 204 3100 200 0
172 irecv 140 3300 200 0
172 send 204 3300 24 0
172 send 140 3100 24 0
172 wait 205 173 3100
172 wait 141 173 3300
172 irecv 173 1100 200 0
172 irecv 175 1300 200 0
172 send 173 1300 1 0
172 send 175 1100 1 0
172 wait 174 173 1100
172 wait 176 173 1300
172 irecv 176 2100 200 0
172 irecv 168 2300 200 0
172 send 176 2300 4 0
172 send 168 2100 4 0
172 wait 177 173 2100
172 wait 169 173 2300
172 irecv 204 3100 200 0
172 irecv 140 3300 200 0
172 send 204 3300 12 0
172 send 140 3100 12 0
172 wait 205 173 3100
172 wait 141 173 3300
172 irecv 173 1100 200 0
172 irecv 175 1300 200 0
172 send 173 1300 1 0
172 send 175 1100 1 0
172 wait 174 173 1100
172 wait 176 173 1300
172 irecv 180 2100 200 0
172 irecv 164 2300 200 0
172 send 180 2300 3 0
172 send 164 2100 3 0
172 wait 181 173 2100
172 wait 165 173 2300
172 irecv 236 3100 200 0
172 irecv 108 3300 200 0
172 send 236 3300 9 0
172 send 108 3100 9 0
172 wait 237 173 3100
172 wait 109 173 3300
172 irecv 173 1100 200 0
172 irecv 175 1300 200 0
172 wait 174 173 1100
172 wait 176 173 1300
172 send 180 2300 18 0
172 send 164 2100 9 0
172 irecv 236 3100 200 0
172 irecv 108 3300 200 0
172 wait 237 173 3100
172 wait 109 173 3300
172 irecv 173 1100 200 0
172 irecv 175 1300 200 0
172 send 173 1300 1 0
172 send 175 1100 1 0
172 wait 174 173 1100
172 wait 176 173 1300
172 irecv 180 2100 200 0
172 irecv 164 2300 200 0
172 send 180 2300 3 0
172 send 164 2100 3 0
172 wait 181 173 2100
172 wait 165 173 2300
172 irecv 236 3100 200 0
172 irecv 108 3300 200 0
172 send 236 3300 9 0
172 send 108 3100 9 0
172 wait 237 173 3100
172 wait 109 173 3300
172 irecv 173 1100 200 0
172 irecv 175 1300 200 0
172 send 173 1300 1 0
172 send 175 1100 1 0
172 wait 174 173 1100
172 wait 176 173 1300
172 irecv 180 2100 200 0
172 irecv 164 2300 200 0
172 send 180 2300 3 0
172 send 164 2100 3 0
172 wait 181 173 2100
172 wait 165 173 2300
172 irecv 236 3100 200 0
172 irecv 108 3300 200 0
172 send 236 3300 9 0
172 send 108 3100 9 0
172 wait 237 173 3100
172 wait 109 173 3300
172 send 176 2300 24 0
172 send 168 2100 12 0
172 send 204 3300 24 0
172 send 140 3100 12 0
172 irecv 173 1100 200 0
172 irecv 175 1300 200 0
172 send 173 1300 1 0
172 send 175 1100 1 0
172 wait 174 173 1100
172 wait 176 173 1300
172 irecv 176 2100 200 0
172 irecv 168 2300 200 0
172 send 176 2300 4 0
172 send 168 2100 4 0
172 wait 177 173 2100
172 wait 169 173 2300
172 irecv 204 3100 200 0
172 irecv 140 3300 200 0
172 send 204 3300 12 0
172 send 140 3100 12 0
172 wait 205 173 3100
172 wait 141 173 3300
172 irecv 173 1100 200 0
172 irecv 175 1300 200 0
172 send 173 1300 1 0
172 send 175 1100 1 0
172 wait 174 173 1100
172 wait 176 173 1300
172 irecv 176 2100 200 0
172 irecv 168 2300 200 0
172 send 176 2300 4 0
172 send 168 2100 4 0
172 wait 177 173 2100
172 wait 169 173 2300
172 irecv 204 3100 200 0
172 irecv 140 3300 200 0
172 send 204 3300 12 0
172 send 140 3100 12 0
172 wait 205 173 3100
172 wait 141 173 3300
172 irecv 173 1100 200 0
172 irecv 175 1300 200 0
172 send 173 1300 4 0
172 send 175 1100 4 0
172 wait 174 173 1100
172 wait 176 173 1300
172 irecv 176 2100 200 0
172 irecv 168 2300 200 0
172 send 176 2300 12 0
172 send 168 2100 12 0
172 wait 177 173 2100
172 wait 169 173 2300
172 irecv 204 3100 200 0
172 irecv 140 3300 200 0
172 send 204 3300 24 0
172 send 140 3100 24 0
172 wait 205 173 3100
172 wait 141 173 3300
172 irecv 173 1100 200 0
172 irecv 175 1300 200 0
172 send 173 1300 4 0
172 send 175 1100 4 0
172 wait 174 173 1100
172 wait 176 173 1300
172 irecv 176 2100 200 0
172 irecv 168 2300 200 0
172 send 176 2300 12 0
172 send 168 2100 12 0
172 wait 177 173 2100
172 wait 169 173 2300
172 irecv 204 3100 200 0
172 irecv 140 3300 200 0
172 send 204 3300 24 0
172 send 140 3100 24 0
172 wait 205 173 3100
172 wait 141 173 3300
172 irecv 173 1100 200 0
172 irecv 175 1300 200 0
172 send 173 1300 16 0
172 send 175 1100 16 0
172 wait 174 173 1100
172 wait 176 173 1300
172 irecv 176 2100 200 0
172 irecv 168 2300 200 0
172 send 176 2300 40 0
172 send 168 2100 40 0
172 wait 177 173 2100
172 wait 169 173 2300
172 irecv 204 3100 200 0
172 irecv 140 3300 200 0
172 send 204 3300 60 0
172 send 140 3100 60 0
172 wait 205 173 3100
172 wait 141 173 3300
172 irecv 173 1100 200 0
172 irecv 175 1300 200 0
172 send 173 1300 16 0
172 send 175 1100 16 0
172 wait 174 173 1100
172 wait 176 173 1300
172 irecv 176 2100 200 0
172 irecv 168 2300 200 0
172 send 176 2300 40 0
172 send 168 2100 40 0
172 wait 177 173 2100
172 wait 169 173 2300
172 irecv 204 3100 200 0
172 irecv 140 3300 200 0
172 send 204 3300 60 0
172 send 140 3100 60 0
172 wait 205 173 3100
172 wait 141 173 3300
172 irecv 173 1100 200 0
172 irecv 175 1300 200 0
172 send 173 1300 16 0
172 send 175 1100 16 0
172 wait 174 173 1100
172 wait 176 173 1300
172 irecv 176 2100 200 0
172 irecv 168 2300 200 0
172 send 176 2300 40 0
172 send 168 2100 40 0
172 wait 177 173 2100
172 wait 169 173 2300
172 irecv 204 3100 200 0
172 irecv 140 3300 200 0
172 send 204 3300 60 0
172 send 140 3100 60 0
172 wait 205 173 3100
172 wait 141 173 3300
172 irecv 173 1100 200 0
172 irecv 175 1300 200 0
172 send 173 1300 4 0
172 send 175 1100 4 0
172 wait 174 173 1100
172 wait 176 173 1300
172 irecv 176 2100 200 0
172 irecv 168 2300 200 0
172 send 176 2300 12 0
172 send 168 2100 12 0
172 wait 177 173 2100
172 wait 169 173 2300
172 irecv 204 3100 200 0
172 irecv 140 3300 200 0
172 send 204 3300 24 0
172 send 140 3100 24 0
172 wait 205 173 3100
172 wait 141 173 3300
172 irecv 173 1100 200 0
172 irecv 175 1300 200 0
172 send 173 1300 1 0
172 send 175 1100 1 0
172 wait 174 173 1100
172 wait 176 173 1300
172 irecv 176 2100 200 0
172 irecv 168 2300 200 0
172 send 176 2300 4 0
172 send 168 2100 4 0
172 wait 177 173 2100
172 wait 169 173 2300
172 irecv 204 3100 200 0
172 irecv 140 3300 200 0
172 send 204 3300 12 0
172 send 140 3100 12 0
172 wait 205 173 3100
172 wait 141 173 3300
172 irecv 173 1100 200 0
172 irecv 175 1300 200 0
172 send 173 1300 1 0
172 send 175 1100 1 0
172 wait 174 173 1100
172 wait 176 173 1300
172 irecv 180 2100 200 0
172 irecv 164 2300 200 0
172 send 180 2300 3 0
172 send 164 2100 3 0
172 wait 181 173 2100
172 wait 165 173 2300
172 irecv 236 3100 200 0
172 irecv 108 3300 200 0
172 send 236 3300 9 0
172 send 108 3100 9 0
172 wait 237 173 3100
172 wait 109 173 3300
172 irecv 173 1100 200 0
172 irecv 175 1300 200 0
172 wait 174 173 1100
172 wait 176 173 1300
172 send 180 2300 18 0
172 send 164 2100 9 0
172 irecv 236 3100 200 0
172 irecv 108 3300 200 0
172 wait 237 173 3100
172 wait 109 173 3300
172 irecv 173 1100 200 0
172 irecv 175 1300 200 0
172 send 173 1300 1 0
172 send 175 1100 1 0
172 wait 174 173 1100
172 wait 176 173 1300
172 irecv 180 2100 200 0
172 irecv 164 2300 200 0
172 send 180 2300 3 0
172 send 164 2100 3 0
172 wait 181 173 2100
172 wait 165 173 2300
172 irecv 236 3100 200 0
172 irecv 108 3300 200 0
172 send 236 3300 9 0
172 send 108 3100 9 0
172 wait 237 173 3100
172 wait 109 173 3300
172 irecv 173 1100 200 0
172 irecv 175 1300 200 0
172 send 173 1300 1 0
172 send 175 1100 1 0
172 wait 174 173 1100
172 wait 176 173 1300
172 irecv 180 2100 200 0
172 irecv 164 2300 200 0
172 send 180 2300 3 0
172 send 164 2100 3 0
172 wait 181 173 2100
172 wait 165 173 2300
172 irecv 236 3100 200 0
172 irecv 108 3300 200 0
172 send 236 3300 9 0
172 send 108 3100 9 0
172 wait 237 173 3100
172 wait 109 173 3300
172 send 176 2300 24 0
172 send 168 2100 12 0
172 send 204 3300 24 0
172 send 140 3100 12 0
172 irecv 173 1100 200 0
172 irecv 175 1300 200 0
172 send 173 1300 1 0
172 send 175 1100 1 0
172 wait 174 173 1100
172 wait 176 173 1300
172 irecv 176 2100 200 0
172 irecv 168 2300 200 0
172 send 176 2300 4 0
172 send 168 2100 4 0
172 wait 177 173 2100
172 wait 169 173 2300
172 irecv 204 3100 200 0
172 irecv 140 3300 200 0
172 send 204 3300 12 0
172 send 140 3100 12 0
172 wait 205 173 3100
172 wait 141 173 3300
172 irecv 173 1100 200 0
172 irecv 175 1300 200 0
172 send 173 1300 1 0
172 send 175 1100 1 0
172 wait 174 173 1100
172 wait 176 173 1300
172 irecv 176 2100 200 0
172 irecv 168 2300 200 0
172 send 176 2300 4 0
172 send 168 2100 4 0
172 wait 177 173 2100
172 wait 169 173 2300
172 irecv 204 3100 200 0
172 irecv 140 3300 200 0
172 send 204 3300 12 0
172 send 140 3100 12 0
172 wait 205 173 3100
172 wait 141 173 3300
172 irecv 173 1100 200 0
172 irecv 175 1300 200 0
172 send 173 1300 4 0
172 send 175 1100 4 0
172 wait 174 173 1100
172 wait 176 173 1300
172 irecv 176 2100 200 0
172 irecv 168 2300 200 0
172 send 176 2300 12 0
172 send 168 2100 12 0
172 wait 177 173 2100
172 wait 169 173 2300
172 irecv 204 3100 200 0
172 irecv 140 3300 200 0
172 send 204 3300 24 0
172 send 140 3100 24 0
172 wait 205 173 3100
172 wait 141 173 3300
172 irecv 173 1100 200 0
172 irecv 175 1300 200 0
172 send 173 1300 4 0
172 send 175 1100 4 0
172 wait 174 173 1100
172 wait 176 173 1300
172 irecv 176 2100 200 0
172 irecv 168 2300 200 0
172 send 176 2300 12 0
172 send 168 2100 12 0
172 wait 177 173 2100
172 wait 169 173 2300
172 irecv 204 3100 200 0
172 irecv 140 3300 200 0
172 send 204 3300 24 0
172 send 140 3100 24 0
172 wait 205 173 3100
172 wait 141 173 3300
172 irecv 173 1100 200 0
172 irecv 175 1300 200 0
172 send 173 1300 16 0
172 send 175 1100 16 0
172 wait 174 173 1100
172 wait 176 173 1300
172 irecv 176 2100 200 0
172 irecv 168 2300 200 0
172 send 176 2300 40 0
172 send 168 2100 40 0
172 wait 177 173 2100
172 wait 169 173 2300
172 irecv 204 3100 200 0
172 irecv 140 3300 200 0
172 send 204 3300 60 0
172 send 140 3100 60 0
172 wait 205 173 3100
172 wait 141 173 3300
172 irecv 173 1100 200 0
172 irecv 175 1300 200 0
172 send 173 1300 16 0
172 send 175 1100 16 0
172 wait 174 173 1100
172 wait 176 173 1300
172 irecv 176 2100 200 0
172 irecv 168 2300 200 0
172 send 176 2300 40 0
172 send 168 2100 40 0
172 wait 177 173 2100
172 wait 169 173 2300
172 irecv 204 3100 200 0
172 irecv 140 3300 200 0
172 send 204 3300 60 0
172 send 140 3100 60 0
172 wait 205 173 3100
172 wait 141 173 3300
172 irecv 173 1100 200 0
172 irecv 175 1300 200 0
172 send 173 1300 16 0
172 send 175 1100 16 0
172 wait 174 173 1100
172 wait 176 173 1300
172 irecv 176 2100 200 0
172 irecv 168 2300 200 0
172 send 176 2300 40 0
172 send 168 2100 40 0
172 wait 177 173 2100
172 wait 169 173 2300
172 irecv 204 3100 200 0
172 irecv 140 3300 200 0
172 send 204 3300 60 0
172 send 140 3100 60 0
172 wait 205 173 3100
172 wait 141 173 3300
172 irecv 173 1100 200 0
172 irecv 175 1300 200 0
172 send 173 1300 4 0
172 send 175 1100 4 0
172 wait 174 173 1100
172 wait 176 173 1300
172 irecv 176 2100 200 0
172 irecv 168 2300 200 0
172 send 176 2300 12 0
172 send 168 2100 12 0
172 wait 177 173 2100
172 wait 169 173 2300
172 irecv 204 3100 200 0
172 irecv 140 3300 200 0
172 send 204 3300 24 0
172 send 140 3100 24 0
172 wait 205 173 3100
172 wait 141 173 3300
172 irecv 173 1100 200 0
172 irecv 175 1300 200 0
172 send 173 1300 1 0
172 send 175 1100 1 0
172 wait 174 173 1100
172 wait 176 173 1300
172 irecv 176 2100 200 0
172 irecv 168 2300 200 0
172 send 176 2300 4 0
172 send 168 2100 4 0
172 wait 177 173 2100
172 wait 169 173 2300
172 irecv 204 3100 200 0
172 irecv 140 3300 200 0
172 send 204 3300 12 0
172 send 140 3100 12 0
172 wait 205 173 3100
172 wait 141 173 3300
172 irecv 173 1100 200 0
172 irecv 175 1300 200 0
172 send 173 1300 1 0
172 send 175 1100 1 0
172 wait 174 173 1100
172 wait 176 173 1300
172 irecv 180 2100 200 0
172 irecv 164 2300 200 0
172 send 180 2300 3 0
172 send 164 2100 3 0
172 wait 181 173 2100
172 wait 165 173 2300
172 irecv 236 3100 200 0
172 irecv 108 3300 200 0
172 send 236 3300 9 0
172 send 108 3100 9 0
172 wait 237 173 3100
172 wait 109 173 3300
172 irecv 173 1100 200 0
172 irecv 175 1300 200 0
172 wait 174 173 1100
172 wait 176 173 1300
172 send 180 2300 18 0
172 send 164 2100 9 0
172 irecv 236 3100 200 0
172 irecv 108 3300 200 0
172 wait 237 173 3100
172 wait 109 173 3300
172 irecv 173 1100 200 0
172 irecv 175 1300 200 0
172 send 173 1300 1 0
172 send 175 1100 1 0
172 wait 174 173 1100
172 wait 176 173 1300
172 irecv 180 2100 200 0
172 irecv 164 2300 200 0
172 send 180 2300 3 0
172 send 164 2100 3 0
172 wait 181 173 2100
172 wait 165 173 2300
172 irecv 236 3100 200 0
172 irecv 108 3300 200 0
172 send 236 3300 9 0
172 send 108 3100 9 0
172 wait 237 173 3100
172 wait 109 173 3300
172 irecv 173 1100 200 0
172 irecv 175 1300 200 0
172 send 173 1300 1 0
172 send 175 1100 1 0
172 wait 174 173 1100
172 wait 176 173 1300
172 irecv 180 2100 200 0
172 irecv 164 2300 200 0
172 send 180 2300 3 0
172 send 164 2100 3 0
172 wait 181 173 2100
172 wait 165 173 2300
172 irecv 236 3100 200 0
172 irecv 108 3300 200 0
172 send 236 3300 9 0
172 send 108 3100 9 0
172 wait 237 173 3100
172 wait 109 173 3300
172 send 176 2300 24 0
172 send 168 2100 12 0
172 send 204 3300 24 0
172 send 140 3100 12 0
172 irecv 173 1100 200 0
172 irecv 175 1300 200 0
172 send 173 1300 1 0
172 send 175 1100 1 0
172 wait 174 173 1100
172 wait 176 173 1300
172 irecv 176 2100 200 0
172 irecv 168 2300 200 0
172 send 176 2300 4 0
172 send 168 2100 4 0
172 wait 177 173 2100
172 wait 169 173 2300
172 irecv 204 3100 200 0
172 irecv 140 3300 200 0
172 send 204 3300 12 0
172 send 140 3100 12 0
172 wait 205 173 3100
172 wait 141 173 3300
172 irecv 173 1100 200 0
172 irecv 175 1300 200 0
172 send 173 1300 1 0
172 send 175 1100 1 0
172 wait 174 173 1100
172 wait 176 173 1300
172 irecv 176 2100 200 0
172 irecv 168 2300 200 0
172 send 176 2300 4 0
172 send 168 2100 4 0
172 wait 177 173 2100
172 wait 169 173 2300
172 irecv 204 3100 200 0
172 irecv 140 3300 200 0
172 send 204 3300 12 0
172 send 140 3100 12 0
172 wait 205 173 3100
172 wait 141 173 3300
172 irecv 173 1100 200 0
172 irecv 175 1300 200 0
172 send 173 1300 4 0
172 send 175 1100 4 0
172 wait 174 173 1100
172 wait 176 173 1300
172 irecv 176 2100 200 0
172 irecv 168 2300 200 0
172 send 176 2300 12 0
172 send 168 2100 12 0
172 wait 177 173 2100
172 wait 169 173 2300
172 irecv 204 3100 200 0
172 irecv 140 3300 200 0
172 send 204 3300 24 0
172 send 140 3100 24 0
172 wait 205 173 3100
172 wait 141 173 3300
172 irecv 173 1100 200 0
172 irecv 175 1300 200 0
172 send 173 1300 4 0
172 send 175 1100 4 0
172 wait 174 173 1100
172 wait 176 173 1300
172 irecv 176 2100 200 0
172 irecv 168 2300 200 0
172 send 176 2300 12 0
172 send 168 2100 12 0
172 wait 177 173 2100
172 wait 169 173 2300
172 irecv 204 3100 200 0
172 irecv 140 3300 200 0
172 send 204 3300 24 0
172 send 140 3100 24 0
172 wait 205 173 3100
172 wait 141 173 3300
172 irecv 173 1100 200 0
172 irecv 175 1300 200 0
172 send 173 1300 16 0
172 send 175 1100 16 0
172 wait 174 173 1100
172 wait 176 173 1300
172 irecv 176 2100 200 0
172 irecv 168 2300 200 0
172 send 176 2300 40 0
172 send 168 2100 40 0
172 wait 177 173 2100
172 wait 169 173 2300
172 irecv 204 3100 200 0
172 irecv 140 3300 200 0
172 send 204 3300 60 0
172 send 140 3100 60 0
172 wait 205 173 3100
172 wait 141 173 3300
172 irecv 173 1100 200 0
172 irecv 175 1300 200 0
172 send 173 1300 16 0
172 send 175 1100 16 0
172 wait 174 173 1100
172 wait 176 173 1300
172 irecv 176 2100 200 0
172 irecv 168 2300 200 0
172 send 176 2300 40 0
172 send 168 2100 40 0
172 wait 177 173 2100
172 wait 169 173 2300
172 irecv 204 3100 200 0
172 irecv 140 3300 200 0
172 send 204 3300 60 0
172 send 140 3100 60 0
172 wait 205 173 3100
172 wait 141 173 3300
172 irecv 173 1100 200 0
172 irecv 175 1300 200 0
172 send 173 1300 16 0
172 send 175 1100 16 0
172 wait 174 173 1100
172 wait 176 173 1300
172 irecv 176 2100 200 0
172 irecv 168 2300 200 0
172 send 176 2300 40 0
172 send 168 2100 40 0
172 wait 177 173 2100
172 wait 169 173 2300
172 irecv 204 3100 200 0
172 irecv 140 3300 200 0
172 send 204 3300 60 0
172 send 140 3100 60 0
172 wait 205 173 3100
172 wait 141 173 3300
172 allreduce 1 0 0 
172 allreduce 1 0 0 
172 reduce 1 0 0 0 
172 finalize
