164 init
164 barrier
164 bcast 1 0 1 
164 bcast 1 0 1 
164 bcast 1 0 1 
164 bcast 1 0 1 
164 bcast 1 0 1 
164 bcast 8 0 1 
164 bcast 1 0 16 
164 barrier
164 allreduce 1 0 0 
164 allreduce 4 0 1 
164 allreduce 1 0 0 
164 allreduce 4 0 1 
164 allreduce 1 0 0 
164 allreduce 4 0 1 
164 allreduce 1 0 0 
164 allreduce 4 0 1 
164 allreduce 1 0 0 
164 allreduce 4 0 1 
164 allreduce 1 0 0 
164 allreduce 4 0 1 
164 allreduce 1 0 0 
164 allreduce 4 0 1 
164 allreduce 1 0 0 
164 allreduce 4 0 1 
164 allreduce 1 0 0 
164 allreduce 4 0 1 
164 allreduce 1 0 0 
164 allreduce 4 0 1 
164 allreduce 1 0 0 
164 allreduce 4 0 1 
164 allreduce 1 0 0 
164 allreduce 4 0 1 
164 allreduce 1 0 0 
164 allreduce 4 0 1 
164 allreduce 1 0 0 
164 allreduce 4 0 1 
164 allreduce 1 0 0 
164 allreduce 4 0 1 
164 allreduce 1 0 0 
164 allreduce 4 0 1 
164 allreduce 1 0 0 
164 allreduce 4 0 1 
164 allreduce 1 0 0 
164 allreduce 4 0 1 
164 allreduce 1 0 0 
164 allreduce 4 0 1 
164 allreduce 1 0 0 
164 allreduce 4 0 1 
164 barrier
164 irecv 165 1100 200 0
164 irecv 167 1300 200 0
164 send 165 1300 16 0
164 send 167 1100 16 0
164 wait 166 165 1100
164 wait 168 165 1300
164 irecv 168 2100 200 0
164 irecv 160 2300 200 0
164 send 168 2300 40 0
164 send 160 2100 40 0
164 wait 169 165 2100
164 wait 161 165 2300
164 irecv 196 3100 200 0
164 irecv 132 3300 200 0
164 send 196 3300 60 0
164 send 132 3100 60 0
164 wait 197 165 3100
164 wait 133 165 3300
164 allreduce 1 0 0 
164 allreduce 1 0 0 
164 irecv 165 1100 200 0
164 irecv 167 1300 200 0
164 send 165 1300 16 0
164 send 167 1100 16 0
164 wait 166 165 1100
164 wait 168 165 1300
164 irecv 168 2100 200 0
164 irecv 160 2300 200 0
164 send 168 2300 40 0
164 send 160 2100 40 0
164 wait 169 165 2100
164 wait 161 165 2300
164 irecv 196 3100 200 0
164 irecv 132 3300 200 0
164 send 196 3300 60 0
164 send 132 3100 60 0
164 wait 197 165 3100
164 wait 133 165 3300
164 allreduce 1 0 0 
164 allreduce 1 0 0 
164 irecv 165 1100 200 0
164 irecv 167 1300 200 0
164 send 165 1300 4 0
164 send 167 1100 4 0
164 wait 166 165 1100
164 wait 168 165 1300
164 irecv 168 2100 200 0
164 irecv 160 2300 200 0
164 send 168 2300 12 0
164 send 160 2100 12 0
164 wait 169 165 2100
164 wait 161 165 2300
164 irecv 196 3100 200 0
164 irecv 132 3300 200 0
164 send 196 3300 24 0
164 send 132 3100 24 0
164 wait 197 165 3100
164 wait 133 165 3300
164 irecv 165 1100 200 0
164 irecv 167 1300 200 0
164 send 165 1300 1 0
164 send 167 1100 1 0
164 wait 166 165 1100
164 wait 168 165 1300
164 irecv 168 2100 200 0
164 irecv 160 2300 200 0
164 send 168 2300 4 0
164 send 160 2100 4 0
164 wait 169 165 2100
164 wait 161 165 2300
164 irecv 196 3100 200 0
164 irecv 132 3300 200 0
164 send 196 3300 12 0
164 send 132 3100 12 0
164 wait 197 165 3100
164 wait 133 165 3300
164 irecv 165 1100 200 0
164 irecv 167 1300 200 0
164 send 165 1300 1 0
164 send 167 1100 1 0
164 wait 166 165 1100
164 wait 168 165 1300
164 irecv 172 2100 200 0
164 irecv 188 2300 200 0
164 send 172 2300 3 0
164 send 188 2100 3 0
164 wait 173 165 2100
164 wait 189 165 2300
164 irecv 228 3100 200 0
164 irecv 100 3300 200 0
164 send 228 3300 9 0
164 send 100 3100 9 0
164 wait 229 165 3100
164 wait 101 165 3300
164 irecv 165 1100 200 0
164 irecv 167 1300 200 0
164 wait 166 165 1100
164 wait 168 165 1300
164 irecv 172 2100 200 0
164 irecv 188 2300 200 0
164 wait 173 165 2100
164 wait 189 165 2300
164 irecv 228 3100 200 0
164 irecv 100 3300 200 0
164 wait 229 165 3100
164 wait 101 165 3300
164 irecv 165 1100 200 0
164 irecv 167 1300 200 0
164 send 165 1300 1 0
164 send 167 1100 1 0
164 wait 166 165 1100
164 wait 168 165 1300
164 irecv 172 2100 200 0
164 irecv 188 2300 200 0
164 send 172 2300 3 0
164 send 188 2100 3 0
164 wait 173 165 2100
164 wait 189 165 2300
164 irecv 228 3100 200 0
164 irecv 100 3300 200 0
164 send 228 3300 9 0
164 send 100 3100 9 0
164 wait 229 165 3100
164 wait 101 165 3300
164 irecv 165 1100 200 0
164 irecv 167 1300 200 0
164 send 165 1300 1 0
164 send 167 1100 1 0
164 wait 166 165 1100
164 wait 168 165 1300
164 irecv 172 2100 200 0
164 irecv 188 2300 200 0
164 send 172 2300 3 0
164 send 188 2100 3 0
164 wait 173 165 2100
164 wait 189 165 2300
164 irecv 228 3100 200 0
164 irecv 100 3300 200 0
164 send 228 3300 9 0
164 send 100 3100 9 0
164 wait 229 165 3100
164 wait 101 165 3300
164 send 168 2300 24 0
164 send 160 2100 12 0
164 send 196 3300 24 0
164 send 132 3100 12 0
164 irecv 165 1100 200 0
164 irecv 167 1300 200 0
164 send 165 1300 1 0
164 send 167 1100 1 0
164 wait 166 165 1100
164 wait 168 165 1300
164 irecv 168 2100 200 0
164 irecv 160 2300 200 0
164 send 168 2300 4 0
164 send 160 2100 4 0
164 wait 169 165 2100
164 wait 161 165 2300
164 irecv 196 3100 200 0
164 irecv 132 3300 200 0
164 send 196 3300 12 0
164 send 132 3100 12 0
164 wait 197 165 3100
164 wait 133 165 3300
164 irecv 165 1100 200 0
164 irecv 167 1300 200 0
164 send 165 1300 1 0
164 send 167 1100 1 0
164 wait 166 165 1100
164 wait 168 165 1300
164 irecv 168 2100 200 0
164 irecv 160 2300 200 0
164 send 168 2300 4 0
164 send 160 2100 4 0
164 wait 169 165 2100
164 wait 161 165 2300
164 irecv 196 3100 200 0
164 irecv 132 3300 200 0
164 send 196 3300 12 0
164 send 132 3100 12 0
164 wait 197 165 3100
164 wait 133 165 3300
164 irecv 165 1100 200 0
164 irecv 167 1300 200 0
164 send 165 1300 4 0
164 send 167 1100 4 0
164 wait 166 165 1100
164 wait 168 165 1300
164 irecv 168 2100 200 0
164 irecv 160 2300 200 0
164 send 168 2300 12 0
164 send 160 2100 12 0
164 wait 169 165 2100
164 wait 161 165 2300
164 irecv 196 3100 200 0
164 irecv 132 3300 200 0
164 send 196 3300 24 0
164 send 132 3100 24 0
164 wait 197 165 3100
164 wait 133 165 3300
164 irecv 165 1100 200 0
164 irecv 167 1300 200 0
164 send 165 1300 4 0
164 send 167 1100 4 0
164 wait 166 165 1100
164 wait 168 165 1300
164 irecv 168 2100 200 0
164 irecv 160 2300 200 0
164 send 168 2300 12 0
164 send 160 2100 12 0
164 wait 169 165 2100
164 wait 161 165 2300
164 irecv 196 3100 200 0
164 irecv 132 3300 200 0
164 send 196 3300 24 0
164 send 132 3100 24 0
164 wait 197 165 3100
164 wait 133 165 3300
164 irecv 165 1100 200 0
164 irecv 167 1300 200 0
164 send 165 1300 16 0
164 send 167 1100 16 0
164 wait 166 165 1100
164 wait 168 165 1300
164 irecv 168 2100 200 0
164 irecv 160 2300 200 0
164 send 168 2300 40 0
164 send 160 2100 40 0
164 wait 169 165 2100
164 wait 161 165 2300
164 irecv 196 3100 200 0
164 irecv 132 3300 200 0
164 send 196 3300 60 0
164 send 132 3100 60 0
164 wait 197 165 3100
164 wait 133 165 3300
164 irecv 165 1100 200 0
164 irecv 167 1300 200 0
164 send 165 1300 16 0
164 send 167 1100 16 0
164 wait 166 165 1100
164 wait 168 165 1300
164 irecv 168 2100 200 0
164 irecv 160 2300 200 0
164 send 168 2300 40 0
164 send 160 2100 40 0
164 wait 169 165 2100
164 wait 161 165 2300
164 irecv 196 3100 200 0
164 irecv 132 3300 200 0
164 send 196 3300 60 0
164 send 132 3100 60 0
164 wait 197 165 3100
164 wait 133 165 3300
164 irecv 165 1100 200 0
164 irecv 167 1300 200 0
164 send 165 1300 16 0
164 send 167 1100 16 0
164 wait 166 165 1100
164 wait 168 165 1300
164 irecv 168 2100 200 0
164 irecv 160 2300 200 0
164 send 168 2300 40 0
164 send 160 2100 40 0
164 wait 169 165 2100
164 wait 161 165 2300
164 irecv 196 3100 200 0
164 irecv 132 3300 200 0
164 send 196 3300 60 0
164 send 132 3100 60 0
164 wait 197 165 3100
164 wait 133 165 3300
164 barrier
164 allreduce 1 0 0 
164 allreduce 4 0 1 
164 allreduce 1 0 0 
164 allreduce 4 0 1 
164 allreduce 1 0 0 
164 allreduce 4 0 1 
164 allreduce 1 0 0 
164 allreduce 4 0 1 
164 allreduce 1 0 0 
164 allreduce 4 0 1 
164 allreduce 1 0 0 
164 allreduce 4 0 1 
164 allreduce 1 0 0 
164 allreduce 4 0 1 
164 allreduce 1 0 0 
164 allreduce 4 0 1 
164 allreduce 1 0 0 
164 allreduce 4 0 1 
164 allreduce 1 0 0 
164 allreduce 4 0 1 
164 allreduce 1 0 0 
164 allreduce 4 0 1 
164 allreduce 1 0 0 
164 allreduce 4 0 1 
164 allreduce 1 0 0 
164 allreduce 4 0 1 
164 allreduce 1 0 0 
164 allreduce 4 0 1 
164 allreduce 1 0 0 
164 allreduce 4 0 1 
164 allreduce 1 0 0 
164 allreduce 4 0 1 
164 allreduce 1 0 0 
164 allreduce 4 0 1 
164 allreduce 1 0 0 
164 allreduce 4 0 1 
164 allreduce 1 0 0 
164 allreduce 4 0 1 
164 allreduce 1 0 0 
164 allreduce 4 0 1 
164 barrier
164 irecv 165 1100 200 0
164 irecv 167 1300 200 0
164 send 165 1300 16 0
164 send 167 1100 16 0
164 wait 166 165 1100
164 wait 168 165 1300
164 irecv 168 2100 200 0
164 irecv 160 2300 200 0
164 send 168 2300 40 0
164 send 160 2100 40 0
164 wait 169 165 2100
164 wait 161 165 2300
164 irecv 196 3100 200 0
164 irecv 132 3300 200 0
164 send 196 3300 60 0
164 send 132 3100 60 0
164 wait 197 165 3100
164 wait 133 165 3300
164 barrier
164 irecv 165 1100 200 0
164 irecv 167 1300 200 0
164 send 165 1300 16 0
164 send 167 1100 16 0
164 wait 166 165 1100
164 wait 168 165 1300
164 irecv 168 2100 200 0
164 irecv 160 2300 200 0
164 send 168 2300 40 0
164 send 160 2100 40 0
164 wait 169 165 2100
164 wait 161 165 2300
164 irecv 196 3100 200 0
164 irecv 132 3300 200 0
164 send 196 3300 60 0
164 send 132 3100 60 0
164 wait 197 165 3100
164 wait 133 165 3300
164 allreduce 1 0 0 
164 allreduce 1 0 0 
164 irecv 165 1100 200 0
164 irecv 167 1300 200 0
164 send 165 1300 4 0
164 send 167 1100 4 0
164 wait 166 165 1100
164 wait 168 165 1300
164 irecv 168 2100 200 0
164 irecv 160 2300 200 0
164 send 168 2300 12 0
164 send 160 2100 12 0
164 wait 169 165 2100
164 wait 161 165 2300
164 irecv 196 3100 200 0
164 irecv 132 3300 200 0
164 send 196 3300 24 0
164 send 132 3100 24 0
164 wait 197 165 3100
164 wait 133 165 3300
164 irecv 165 1100 200 0
164 irecv 167 1300 200 0
164 send 165 1300 1 0
164 send 167 1100 1 0
164 wait 166 165 1100
164 wait 168 165 1300
164 irecv 168 2100 200 0
164 irecv 160 2300 200 0
164 send 168 2300 4 0
164 send 160 2100 4 0
164 wait 169 165 2100
164 wait 161 165 2300
164 irecv 196 3100 200 0
164 irecv 132 3300 200 0
164 send 196 3300 12 0
164 send 132 3100 12 0
164 wait 197 165 3100
164 wait 133 165 3300
164 irecv 165 1100 200 0
164 irecv 167 1300 200 0
164 send 165 1300 1 0
164 send 167 1100 1 0
164 wait 166 165 1100
164 wait 168 165 1300
164 irecv 172 2100 200 0
164 irecv 188 2300 200 0
164 send 172 2300 3 0
164 send 188 2100 3 0
164 wait 173 165 2100
164 wait 189 165 2300
164 irecv 228 3100 200 0
164 irecv 100 3300 200 0
164 send 228 3300 9 0
164 send 100 3100 9 0
164 wait 229 165 3100
164 wait 101 165 3300
164 irecv 165 1100 200 0
164 irecv 167 1300 200 0
164 wait 166 165 1100
164 wait 168 165 1300
164 irecv 172 2100 200 0
164 irecv 188 2300 200 0
164 wait 173 165 2100
164 wait 189 165 2300
164 irecv 228 3100 200 0
164 irecv 100 3300 200 0
164 wait 229 165 3100
164 wait 101 165 3300
164 irecv 165 1100 200 0
164 irecv 167 1300 200 0
164 send 165 1300 1 0
164 send 167 1100 1 0
164 wait 166 165 1100
164 wait 168 165 1300
164 irecv 172 2100 200 0
164 irecv 188 2300 200 0
164 send 172 2300 3 0
164 send 188 2100 3 0
164 wait 173 165 2100
164 wait 189 165 2300
164 irecv 228 3100 200 0
164 irecv 100 3300 200 0
164 send 228 3300 9 0
164 send 100 3100 9 0
164 wait 229 165 3100
164 wait 101 165 3300
164 irecv 165 1100 200 0
164 irecv 167 1300 200 0
164 send 165 1300 1 0
164 send 167 1100 1 0
164 wait 166 165 1100
164 wait 168 165 1300
164 irecv 172 2100 200 0
164 irecv 188 2300 200 0
164 send 172 2300 3 0
164 send 188 2100 3 0
164 wait 173 165 2100
164 wait 189 165 2300
164 irecv 228 3100 200 0
164 irecv 100 3300 200 0
164 send 228 3300 9 0
164 send 100 3100 9 0
164 wait 229 165 3100
164 wait 101 165 3300
164 send 168 2300 24 0
164 send 160 2100 12 0
164 send 196 3300 24 0
164 send 132 3100 12 0
164 irecv 165 1100 200 0
164 irecv 167 1300 200 0
164 send 165 1300 1 0
164 send 167 1100 1 0
164 wait 166 165 1100
164 wait 168 165 1300
164 irecv 168 2100 200 0
164 irecv 160 2300 200 0
164 send 168 2300 4 0
164 send 160 2100 4 0
164 wait 169 165 2100
164 wait 161 165 2300
164 irecv 196 3100 200 0
164 irecv 132 3300 200 0
164 send 196 3300 12 0
164 send 132 3100 12 0
164 wait 197 165 3100
164 wait 133 165 3300
164 irecv 165 1100 200 0
164 irecv 167 1300 200 0
164 send 165 1300 1 0
164 send 167 1100 1 0
164 wait 166 165 1100
164 wait 168 165 1300
164 irecv 168 2100 200 0
164 irecv 160 2300 200 0
164 send 168 2300 4 0
164 send 160 2100 4 0
164 wait 169 165 2100
164 wait 161 165 2300
164 irecv 196 3100 200 0
164 irecv 132 3300 200 0
164 send 196 3300 12 0
164 send 132 3100 12 0
164 wait 197 165 3100
164 wait 133 165 3300
164 irecv 165 1100 200 0
164 irecv 167 1300 200 0
164 send 165 1300 4 0
164 send 167 1100 4 0
164 wait 166 165 1100
164 wait 168 165 1300
164 irecv 168 2100 200 0
164 irecv 160 2300 200 0
164 send 168 2300 12 0
164 send 160 2100 12 0
164 wait 169 165 2100
164 wait 161 165 2300
164 irecv 196 3100 200 0
164 irecv 132 3300 200 0
164 send 196 3300 24 0
164 send 132 3100 24 0
164 wait 197 165 3100
164 wait 133 165 3300
164 irecv 165 1100 200 0
164 irecv 167 1300 200 0
164 send 165 1300 4 0
164 send 167 1100 4 0
164 wait 166 165 1100
164 wait 168 165 1300
164 irecv 168 2100 200 0
164 irecv 160 2300 200 0
164 send 168 2300 12 0
164 send 160 2100 12 0
164 wait 169 165 2100
164 wait 161 165 2300
164 irecv 196 3100 200 0
164 irecv 132 3300 200 0
164 send 196 3300 24 0
164 send 132 3100 24 0
164 wait 197 165 3100
164 wait 133 165 3300
164 irecv 165 1100 200 0
164 irecv 167 1300 200 0
164 send 165 1300 16 0
164 send 167 1100 16 0
164 wait 166 165 1100
164 wait 168 165 1300
164 irecv 168 2100 200 0
164 irecv 160 2300 200 0
164 send 168 2300 40 0
164 send 160 2100 40 0
164 wait 169 165 2100
164 wait 161 165 2300
164 irecv 196 3100 200 0
164 irecv 132 3300 200 0
164 send 196 3300 60 0
164 send 132 3100 60 0
164 wait 197 165 3100
164 wait 133 165 3300
164 irecv 165 1100 200 0
164 irecv 167 1300 200 0
164 send 165 1300 16 0
164 send 167 1100 16 0
164 wait 166 165 1100
164 wait 168 165 1300
164 irecv 168 2100 200 0
164 irecv 160 2300 200 0
164 send 168 2300 40 0
164 send 160 2100 40 0
164 wait 169 165 2100
164 wait 161 165 2300
164 irecv 196 3100 200 0
164 irecv 132 3300 200 0
164 send 196 3300 60 0
164 send 132 3100 60 0
164 wait 197 165 3100
164 wait 133 165 3300
164 irecv 165 1100 200 0
164 irecv 167 1300 200 0
164 send 165 1300 16 0
164 send 167 1100 16 0
164 wait 166 165 1100
164 wait 168 165 1300
164 irecv 168 2100 200 0
164 irecv 160 2300 200 0
164 send 168 2300 40 0
164 send 160 2100 40 0
164 wait 169 165 2100
164 wait 161 165 2300
164 irecv 196 3100 200 0
164 irecv 132 3300 200 0
164 send 196 3300 60 0
164 send 132 3100 60 0
164 wait 197 165 3100
164 wait 133 165 3300
164 irecv 165 1100 200 0
164 irecv 167 1300 200 0
164 send 165 1300 4 0
164 send 167 1100 4 0
164 wait 166 165 1100
164 wait 168 165 1300
164 irecv 168 2100 200 0
164 irecv 160 2300 200 0
164 send 168 2300 12 0
164 send 160 2100 12 0
164 wait 169 165 2100
164 wait 161 165 2300
164 irecv 196 3100 200 0
164 irecv 132 3300 200 0
164 send 196 3300 24 0
164 send 132 3100 24 0
164 wait 197 165 3100
164 wait 133 165 3300
164 irecv 165 1100 200 0
164 irecv 167 1300 200 0
164 send 165 1300 1 0
164 send 167 1100 1 0
164 wait 166 165 1100
164 wait 168 165 1300
164 irecv 168 2100 200 0
164 irecv 160 2300 200 0
164 send 168 2300 4 0
164 send 160 2100 4 0
164 wait 169 165 2100
164 wait 161 165 2300
164 irecv 196 3100 200 0
164 irecv 132 3300 200 0
164 send 196 3300 12 0
164 send 132 3100 12 0
164 wait 197 165 3100
164 wait 133 165 3300
164 irecv 165 1100 200 0
164 irecv 167 1300 200 0
164 send 165 1300 1 0
164 send 167 1100 1 0
164 wait 166 165 1100
164 wait 168 165 1300
164 irecv 172 2100 200 0
164 irecv 188 2300 200 0
164 send 172 2300 3 0
164 send 188 2100 3 0
164 wait 173 165 2100
164 wait 189 165 2300
164 irecv 228 3100 200 0
164 irecv 100 3300 200 0
164 send 228 3300 9 0
164 send 100 3100 9 0
164 wait 229 165 3100
164 wait 101 165 3300
164 irecv 165 1100 200 0
164 irecv 167 1300 200 0
164 wait 166 165 1100
164 wait 168 165 1300
164 irecv 172 2100 200 0
164 irecv 188 2300 200 0
164 wait 173 165 2100
164 wait 189 165 2300
164 irecv 228 3100 200 0
164 irecv 100 3300 200 0
164 wait 229 165 3100
164 wait 101 165 3300
164 irecv 165 1100 200 0
164 irecv 167 1300 200 0
164 send 165 1300 1 0
164 send 167 1100 1 0
164 wait 166 165 1100
164 wait 168 165 1300
164 irecv 172 2100 200 0
164 irecv 188 2300 200 0
164 send 172 2300 3 0
164 send 188 2100 3 0
164 wait 173 165 2100
164 wait 189 165 2300
164 irecv 228 3100 200 0
164 irecv 100 3300 200 0
164 send 228 3300 9 0
164 send 100 3100 9 0
164 wait 229 165 3100
164 wait 101 165 3300
164 irecv 165 1100 200 0
164 irecv 167 1300 200 0
164 send 165 1300 1 0
164 send 167 1100 1 0
164 wait 166 165 1100
164 wait 168 165 1300
164 irecv 172 2100 200 0
164 irecv 188 2300 200 0
164 send 172 2300 3 0
164 send 188 2100 3 0
164 wait 173 165 2100
164 wait 189 165 2300
164 irecv 228 3100 200 0
164 irecv 100 3300 200 0
164 send 228 3300 9 0
164 send 100 3100 9 0
164 wait 229 165 3100
164 wait 101 165 3300
164 send 168 2300 24 0
164 send 160 2100 12 0
164 send 196 3300 24 0
164 send 132 3100 12 0
164 irecv 165 1100 200 0
164 irecv 167 1300 200 0
164 send 165 1300 1 0
164 send 167 1100 1 0
164 wait 166 165 1100
164 wait 168 165 1300
164 irecv 168 2100 200 0
164 irecv 160 2300 200 0
164 send 168 2300 4 0
164 send 160 2100 4 0
164 wait 169 165 2100
164 wait 161 165 2300
164 irecv 196 3100 200 0
164 irecv 132 3300 200 0
164 send 196 3300 12 0
164 send 132 3100 12 0
164 wait 197 165 3100
164 wait 133 165 3300
164 irecv 165 1100 200 0
164 irecv 167 1300 200 0
164 send 165 1300 1 0
164 send 167 1100 1 0
164 wait 166 165 1100
164 wait 168 165 1300
164 irecv 168 2100 200 0
164 irecv 160 2300 200 0
164 send 168 2300 4 0
164 send 160 2100 4 0
164 wait 169 165 2100
164 wait 161 165 2300
164 irecv 196 3100 200 0
164 irecv 132 3300 200 0
164 send 196 3300 12 0
164 send 132 3100 12 0
164 wait 197 165 3100
164 wait 133 165 3300
164 irecv 165 1100 200 0
164 irecv 167 1300 200 0
164 send 165 1300 4 0
164 send 167 1100 4 0
164 wait 166 165 1100
164 wait 168 165 1300
164 irecv 168 2100 200 0
164 irecv 160 2300 200 0
164 send 168 2300 12 0
164 send 160 2100 12 0
164 wait 169 165 2100
164 wait 161 165 2300
164 irecv 196 3100 200 0
164 irecv 132 3300 200 0
164 send 196 3300 24 0
164 send 132 3100 24 0
164 wait 197 165 3100
164 wait 133 165 3300
164 irecv 165 1100 200 0
164 irecv 167 1300 200 0
164 send 165 1300 4 0
164 send 167 1100 4 0
164 wait 166 165 1100
164 wait 168 165 1300
164 irecv 168 2100 200 0
164 irecv 160 2300 200 0
164 send 168 2300 12 0
164 send 160 2100 12 0
164 wait 169 165 2100
164 wait 161 165 2300
164 irecv 196 3100 200 0
164 irecv 132 3300 200 0
164 send 196 3300 24 0
164 send 132 3100 24 0
164 wait 197 165 3100
164 wait 133 165 3300
164 irecv 165 1100 200 0
164 irecv 167 1300 200 0
164 send 165 1300 16 0
164 send 167 1100 16 0
164 wait 166 165 1100
164 wait 168 165 1300
164 irecv 168 2100 200 0
164 irecv 160 2300 200 0
164 send 168 2300 40 0
164 send 160 2100 40 0
164 wait 169 165 2100
164 wait 161 165 2300
164 irecv 196 3100 200 0
164 irecv 132 3300 200 0
164 send 196 3300 60 0
164 send 132 3100 60 0
164 wait 197 165 3100
164 wait 133 165 3300
164 irecv 165 1100 200 0
164 irecv 167 1300 200 0
164 send 165 1300 16 0
164 send 167 1100 16 0
164 wait 166 165 1100
164 wait 168 165 1300
164 irecv 168 2100 200 0
164 irecv 160 2300 200 0
164 send 168 2300 40 0
164 send 160 2100 40 0
164 wait 169 165 2100
164 wait 161 165 2300
164 irecv 196 3100 200 0
164 irecv 132 3300 200 0
164 send 196 3300 60 0
164 send 132 3100 60 0
164 wait 197 165 3100
164 wait 133 165 3300
164 irecv 165 1100 200 0
164 irecv 167 1300 200 0
164 send 165 1300 16 0
164 send 167 1100 16 0
164 wait 166 165 1100
164 wait 168 165 1300
164 irecv 168 2100 200 0
164 irecv 160 2300 200 0
164 send 168 2300 40 0
164 send 160 2100 40 0
164 wait 169 165 2100
164 wait 161 165 2300
164 irecv 196 3100 200 0
164 irecv 132 3300 200 0
164 send 196 3300 60 0
164 send 132 3100 60 0
164 wait 197 165 3100
164 wait 133 165 3300
164 irecv 165 1100 200 0
164 irecv 167 1300 200 0
164 send 165 1300 4 0
164 send 167 1100 4 0
164 wait 166 165 1100
164 wait 168 165 1300
164 irecv 168 2100 200 0
164 irecv 160 2300 200 0
164 send 168 2300 12 0
164 send 160 2100 12 0
164 wait 169 165 2100
164 wait 161 165 2300
164 irecv 196 3100 200 0
164 irecv 132 3300 200 0
164 send 196 3300 24 0
164 send 132 3100 24 0
164 wait 197 165 3100
164 wait 133 165 3300
164 irecv 165 1100 200 0
164 irecv 167 1300 200 0
164 send 165 1300 1 0
164 send 167 1100 1 0
164 wait 166 165 1100
164 wait 168 165 1300
164 irecv 168 2100 200 0
164 irecv 160 2300 200 0
164 send 168 2300 4 0
164 send 160 2100 4 0
164 wait 169 165 2100
164 wait 161 165 2300
164 irecv 196 3100 200 0
164 irecv 132 3300 200 0
164 send 196 3300 12 0
164 send 132 3100 12 0
164 wait 197 165 3100
164 wait 133 165 3300
164 irecv 165 1100 200 0
164 irecv 167 1300 200 0
164 send 165 1300 1 0
164 send 167 1100 1 0
164 wait 166 165 1100
164 wait 168 165 1300
164 irecv 172 2100 200 0
164 irecv 188 2300 200 0
164 send 172 2300 3 0
164 send 188 2100 3 0
164 wait 173 165 2100
164 wait 189 165 2300
164 irecv 228 3100 200 0
164 irecv 100 3300 200 0
164 send 228 3300 9 0
164 send 100 3100 9 0
164 wait 229 165 3100
164 wait 101 165 3300
164 irecv 165 1100 200 0
164 irecv 167 1300 200 0
164 wait 166 165 1100
164 wait 168 165 1300
164 irecv 172 2100 200 0
164 irecv 188 2300 200 0
164 wait 173 165 2100
164 wait 189 165 2300
164 irecv 228 3100 200 0
164 irecv 100 3300 200 0
164 wait 229 165 3100
164 wait 101 165 3300
164 irecv 165 1100 200 0
164 irecv 167 1300 200 0
164 send 165 1300 1 0
164 send 167 1100 1 0
164 wait 166 165 1100
164 wait 168 165 1300
164 irecv 172 2100 200 0
164 irecv 188 2300 200 0
164 send 172 2300 3 0
164 send 188 2100 3 0
164 wait 173 165 2100
164 wait 189 165 2300
164 irecv 228 3100 200 0
164 irecv 100 3300 200 0
164 send 228 3300 9 0
164 send 100 3100 9 0
164 wait 229 165 3100
164 wait 101 165 3300
164 irecv 165 1100 200 0
164 irecv 167 1300 200 0
164 send 165 1300 1 0
164 send 167 1100 1 0
164 wait 166 165 1100
164 wait 168 165 1300
164 irecv 172 2100 200 0
164 irecv 188 2300 200 0
164 send 172 2300 3 0
164 send 188 2100 3 0
164 wait 173 165 2100
164 wait 189 165 2300
164 irecv 228 3100 200 0
164 irecv 100 3300 200 0
164 send 228 3300 9 0
164 send 100 3100 9 0
164 wait 229 165 3100
164 wait 101 165 3300
164 send 168 2300 24 0
164 send 160 2100 12 0
164 send 196 3300 24 0
164 send 132 3100 12 0
164 irecv 165 1100 200 0
164 irecv 167 1300 200 0
164 send 165 1300 1 0
164 send 167 1100 1 0
164 wait 166 165 1100
164 wait 168 165 1300
164 irecv 168 2100 200 0
164 irecv 160 2300 200 0
164 send 168 2300 4 0
164 send 160 2100 4 0
164 wait 169 165 2100
164 wait 161 165 2300
164 irecv 196 3100 200 0
164 irecv 132 3300 200 0
164 send 196 3300 12 0
164 send 132 3100 12 0
164 wait 197 165 3100
164 wait 133 165 3300
164 irecv 165 1100 200 0
164 irecv 167 1300 200 0
164 send 165 1300 1 0
164 send 167 1100 1 0
164 wait 166 165 1100
164 wait 168 165 1300
164 irecv 168 2100 200 0
164 irecv 160 2300 200 0
164 send 168 2300 4 0
164 send 160 2100 4 0
164 wait 169 165 2100
164 wait 161 165 2300
164 irecv 196 3100 200 0
164 irecv 132 3300 200 0
164 send 196 3300 12 0
164 send 132 3100 12 0
164 wait 197 165 3100
164 wait 133 165 3300
164 irecv 165 1100 200 0
164 irecv 167 1300 200 0
164 send 165 1300 4 0
164 send 167 1100 4 0
164 wait 166 165 1100
164 wait 168 165 1300
164 irecv 168 2100 200 0
164 irecv 160 2300 200 0
164 send 168 2300 12 0
164 send 160 2100 12 0
164 wait 169 165 2100
164 wait 161 165 2300
164 irecv 196 3100 200 0
164 irecv 132 3300 200 0
164 send 196 3300 24 0
164 send 132 3100 24 0
164 wait 197 165 3100
164 wait 133 165 3300
164 irecv 165 1100 200 0
164 irecv 167 1300 200 0
164 send 165 1300 4 0
164 send 167 1100 4 0
164 wait 166 165 1100
164 wait 168 165 1300
164 irecv 168 2100 200 0
164 irecv 160 2300 200 0
164 send 168 2300 12 0
164 send 160 2100 12 0
164 wait 169 165 2100
164 wait 161 165 2300
164 irecv 196 3100 200 0
164 irecv 132 3300 200 0
164 send 196 3300 24 0
164 send 132 3100 24 0
164 wait 197 165 3100
164 wait 133 165 3300
164 irecv 165 1100 200 0
164 irecv 167 1300 200 0
164 send 165 1300 16 0
164 send 167 1100 16 0
164 wait 166 165 1100
164 wait 168 165 1300
164 irecv 168 2100 200 0
164 irecv 160 2300 200 0
164 send 168 2300 40 0
164 send 160 2100 40 0
164 wait 169 165 2100
164 wait 161 165 2300
164 irecv 196 3100 200 0
164 irecv 132 3300 200 0
164 send 196 3300 60 0
164 send 132 3100 60 0
164 wait 197 165 3100
164 wait 133 165 3300
164 irecv 165 1100 200 0
164 irecv 167 1300 200 0
164 send 165 1300 16 0
164 send 167 1100 16 0
164 wait 166 165 1100
164 wait 168 165 1300
164 irecv 168 2100 200 0
164 irecv 160 2300 200 0
164 send 168 2300 40 0
164 send 160 2100 40 0
164 wait 169 165 2100
164 wait 161 165 2300
164 irecv 196 3100 200 0
164 irecv 132 3300 200 0
164 send 196 3300 60 0
164 send 132 3100 60 0
164 wait 197 165 3100
164 wait 133 165 3300
164 irecv 165 1100 200 0
164 irecv 167 1300 200 0
164 send 165 1300 16 0
164 send 167 1100 16 0
164 wait 166 165 1100
164 wait 168 165 1300
164 irecv 168 2100 200 0
164 irecv 160 2300 200 0
164 send 168 2300 40 0
164 send 160 2100 40 0
164 wait 169 165 2100
164 wait 161 165 2300
164 irecv 196 3100 200 0
164 irecv 132 3300 200 0
164 send 196 3300 60 0
164 send 132 3100 60 0
164 wait 197 165 3100
164 wait 133 165 3300
164 irecv 165 1100 200 0
164 irecv 167 1300 200 0
164 send 165 1300 4 0
164 send 167 1100 4 0
164 wait 166 165 1100
164 wait 168 165 1300
164 irecv 168 2100 200 0
164 irecv 160 2300 200 0
164 send 168 2300 12 0
164 send 160 2100 12 0
164 wait 169 165 2100
164 wait 161 165 2300
164 irecv 196 3100 200 0
164 irecv 132 3300 200 0
164 send 196 3300 24 0
164 send 132 3100 24 0
164 wait 197 165 3100
164 wait 133 165 3300
164 irecv 165 1100 200 0
164 irecv 167 1300 200 0
164 send 165 1300 1 0
164 send 167 1100 1 0
164 wait 166 165 1100
164 wait 168 165 1300
164 irecv 168 2100 200 0
164 irecv 160 2300 200 0
164 send 168 2300 4 0
164 send 160 2100 4 0
164 wait 169 165 2100
164 wait 161 165 2300
164 irecv 196 3100 200 0
164 irecv 132 3300 200 0
164 send 196 3300 12 0
164 send 132 3100 12 0
164 wait 197 165 3100
164 wait 133 165 3300
164 irecv 165 1100 200 0
164 irecv 167 1300 200 0
164 send 165 1300 1 0
164 send 167 1100 1 0
164 wait 166 165 1100
164 wait 168 165 1300
164 irecv 172 2100 200 0
164 irecv 188 2300 200 0
164 send 172 2300 3 0
164 send 188 2100 3 0
164 wait 173 165 2100
164 wait 189 165 2300
164 irecv 228 3100 200 0
164 irecv 100 3300 200 0
164 send 228 3300 9 0
164 send 100 3100 9 0
164 wait 229 165 3100
164 wait 101 165 3300
164 irecv 165 1100 200 0
164 irecv 167 1300 200 0
164 wait 166 165 1100
164 wait 168 165 1300
164 irecv 172 2100 200 0
164 irecv 188 2300 200 0
164 wait 173 165 2100
164 wait 189 165 2300
164 irecv 228 3100 200 0
164 irecv 100 3300 200 0
164 wait 229 165 3100
164 wait 101 165 3300
164 irecv 165 1100 200 0
164 irecv 167 1300 200 0
164 send 165 1300 1 0
164 send 167 1100 1 0
164 wait 166 165 1100
164 wait 168 165 1300
164 irecv 172 2100 200 0
164 irecv 188 2300 200 0
164 send 172 2300 3 0
164 send 188 2100 3 0
164 wait 173 165 2100
164 wait 189 165 2300
164 irecv 228 3100 200 0
164 irecv 100 3300 200 0
164 send 228 3300 9 0
164 send 100 3100 9 0
164 wait 229 165 3100
164 wait 101 165 3300
164 irecv 165 1100 200 0
164 irecv 167 1300 200 0
164 send 165 1300 1 0
164 send 167 1100 1 0
164 wait 166 165 1100
164 wait 168 165 1300
164 irecv 172 2100 200 0
164 irecv 188 2300 200 0
164 send 172 2300 3 0
164 send 188 2100 3 0
164 wait 173 165 2100
164 wait 189 165 2300
164 irecv 228 3100 200 0
164 irecv 100 3300 200 0
164 send 228 3300 9 0
164 send 100 3100 9 0
164 wait 229 165 3100
164 wait 101 165 3300
164 send 168 2300 24 0
164 send 160 2100 12 0
164 send 196 3300 24 0
164 send 132 3100 12 0
164 irecv 165 1100 200 0
164 irecv 167 1300 200 0
164 send 165 1300 1 0
164 send 167 1100 1 0
164 wait 166 165 1100
164 wait 168 165 1300
164 irecv 168 2100 200 0
164 irecv 160 2300 200 0
164 send 168 2300 4 0
164 send 160 2100 4 0
164 wait 169 165 2100
164 wait 161 165 2300
164 irecv 196 3100 200 0
164 irecv 132 3300 200 0
164 send 196 3300 12 0
164 send 132 3100 12 0
164 wait 197 165 3100
164 wait 133 165 3300
164 irecv 165 1100 200 0
164 irecv 167 1300 200 0
164 send 165 1300 1 0
164 send 167 1100 1 0
164 wait 166 165 1100
164 wait 168 165 1300
164 irecv 168 2100 200 0
164 irecv 160 2300 200 0
164 send 168 2300 4 0
164 send 160 2100 4 0
164 wait 169 165 2100
164 wait 161 165 2300
164 irecv 196 3100 200 0
164 irecv 132 3300 200 0
164 send 196 3300 12 0
164 send 132 3100 12 0
164 wait 197 165 3100
164 wait 133 165 3300
164 irecv 165 1100 200 0
164 irecv 167 1300 200 0
164 send 165 1300 4 0
164 send 167 1100 4 0
164 wait 166 165 1100
164 wait 168 165 1300
164 irecv 168 2100 200 0
164 irecv 160 2300 200 0
164 send 168 2300 12 0
164 send 160 2100 12 0
164 wait 169 165 2100
164 wait 161 165 2300
164 irecv 196 3100 200 0
164 irecv 132 3300 200 0
164 send 196 3300 24 0
164 send 132 3100 24 0
164 wait 197 165 3100
164 wait 133 165 3300
164 irecv 165 1100 200 0
164 irecv 167 1300 200 0
164 send 165 1300 4 0
164 send 167 1100 4 0
164 wait 166 165 1100
164 wait 168 165 1300
164 irecv 168 2100 200 0
164 irecv 160 2300 200 0
164 send 168 2300 12 0
164 send 160 2100 12 0
164 wait 169 165 2100
164 wait 161 165 2300
164 irecv 196 3100 200 0
164 irecv 132 3300 200 0
164 send 196 3300 24 0
164 send 132 3100 24 0
164 wait 197 165 3100
164 wait 133 165 3300
164 irecv 165 1100 200 0
164 irecv 167 1300 200 0
164 send 165 1300 16 0
164 send 167 1100 16 0
164 wait 166 165 1100
164 wait 168 165 1300
164 irecv 168 2100 200 0
164 irecv 160 2300 200 0
164 send 168 2300 40 0
164 send 160 2100 40 0
164 wait 169 165 2100
164 wait 161 165 2300
164 irecv 196 3100 200 0
164 irecv 132 3300 200 0
164 send 196 3300 60 0
164 send 132 3100 60 0
164 wait 197 165 3100
164 wait 133 165 3300
164 irecv 165 1100 200 0
164 irecv 167 1300 200 0
164 send 165 1300 16 0
164 send 167 1100 16 0
164 wait 166 165 1100
164 wait 168 165 1300
164 irecv 168 2100 200 0
164 irecv 160 2300 200 0
164 send 168 2300 40 0
164 send 160 2100 40 0
164 wait 169 165 2100
164 wait 161 165 2300
164 irecv 196 3100 200 0
164 irecv 132 3300 200 0
164 send 196 3300 60 0
164 send 132 3100 60 0
164 wait 197 165 3100
164 wait 133 165 3300
164 irecv 165 1100 200 0
164 irecv 167 1300 200 0
164 send 165 1300 16 0
164 send 167 1100 16 0
164 wait 166 165 1100
164 wait 168 165 1300
164 irecv 168 2100 200 0
164 irecv 160 2300 200 0
164 send 168 2300 40 0
164 send 160 2100 40 0
164 wait 169 165 2100
164 wait 161 165 2300
164 irecv 196 3100 200 0
164 irecv 132 3300 200 0
164 send 196 3300 60 0
164 send 132 3100 60 0
164 wait 197 165 3100
164 wait 133 165 3300
164 allreduce 1 0 0 
164 allreduce 1 0 0 
164 reduce 1 0 0 0 
164 finalize
