213 init
213 barrier
213 bcast 1 0 1 
213 bcast 1 0 1 
213 bcast 1 0 1 
213 bcast 1 0 1 
213 bcast 1 0 1 
213 bcast 8 0 1 
213 bcast 1 0 16 
213 barrier
213 allreduce 1 0 0 
213 allreduce 4 0 1 
213 allreduce 1 0 0 
213 allreduce 4 0 1 
213 allreduce 1 0 0 
213 allreduce 4 0 1 
213 allreduce 1 0 0 
213 allreduce 4 0 1 
213 allreduce 1 0 0 
213 allreduce 4 0 1 
213 allreduce 1 0 0 
213 allreduce 4 0 1 
213 allreduce 1 0 0 
213 allreduce 4 0 1 
213 allreduce 1 0 0 
213 allreduce 4 0 1 
213 allreduce 1 0 0 
213 allreduce 4 0 1 
213 allreduce 1 0 0 
213 allreduce 4 0 1 
213 allreduce 1 0 0 
213 allreduce 4 0 1 
213 allreduce 1 0 0 
213 allreduce 4 0 1 
213 allreduce 1 0 0 
213 allreduce 4 0 1 
213 allreduce 1 0 0 
213 allreduce 4 0 1 
213 allreduce 1 0 0 
213 allreduce 4 0 1 
213 allreduce 1 0 0 
213 allreduce 4 0 1 
213 allreduce 1 0 0 
213 allreduce 4 0 1 
213 allreduce 1 0 0 
213 allreduce 4 0 1 
213 allreduce 1 0 0 
213 allreduce 4 0 1 
213 allreduce 1 0 0 
213 allreduce 4 0 1 
213 barrier
213 irecv 214 1100 200 0
213 irecv 212 1300 200 0
213 send 214 1300 16 0
213 send 212 1100 16 0
213 wait 215 214 1100
213 wait 213 214 1300
213 irecv 217 2100 200 0
213 irecv 209 2300 200 0
213 send 217 2300 40 0
213 send 209 2100 40 0
213 wait 218 214 2100
213 wait 210 214 2300
213 irecv 245 3100 200 0
213 irecv 181 3300 200 0
213 send 245 3300 60 0
213 send 181 3100 60 0
213 wait 246 214 3100
213 wait 182 214 3300
213 allreduce 1 0 0 
213 allreduce 1 0 0 
213 irecv 214 1100 200 0
213 irecv 212 1300 200 0
213 send 214 1300 16 0
213 send 212 1100 16 0
213 wait 215 214 1100
213 wait 213 214 1300
213 irecv 217 2100 200 0
213 irecv 209 2300 200 0
213 send 217 2300 40 0
213 send 209 2100 40 0
213 wait 218 214 2100
213 wait 210 214 2300
213 irecv 245 3100 200 0
213 irecv 181 3300 200 0
213 send 245 3300 60 0
213 send 181 3100 60 0
213 wait 246 214 3100
213 wait 182 214 3300
213 allreduce 1 0 0 
213 allreduce 1 0 0 
213 irecv 214 1100 200 0
213 irecv 212 1300 200 0
213 send 214 1300 4 0
213 send 212 1100 4 0
213 wait 215 214 1100
213 wait 213 214 1300
213 irecv 217 2100 200 0
213 irecv 209 2300 200 0
213 send 217 2300 12 0
213 send 209 2100 12 0
213 wait 218 214 2100
213 wait 210 214 2300
213 irecv 245 3100 200 0
213 irecv 181 3300 200 0
213 send 245 3300 24 0
213 send 181 3100 24 0
213 wait 246 214 3100
213 wait 182 214 3300
213 irecv 214 1100 200 0
213 irecv 212 1300 200 0
213 send 214 1300 1 0
213 send 212 1100 1 0
213 wait 215 214 1100
213 wait 213 214 1300
213 irecv 217 2100 200 0
213 irecv 209 2300 200 0
213 send 217 2300 4 0
213 send 209 2100 4 0
213 wait 218 214 2100
213 wait 210 214 2300
213 irecv 245 3100 200 0
213 irecv 181 3300 200 0
213 send 245 3300 12 0
213 send 181 3100 12 0
213 wait 246 214 3100
213 wait 182 214 3300
213 send 214 1300 12 0
213 send 212 1100 6 0
213 irecv 221 2100 200 0
213 irecv 205 2300 200 0
213 wait 222 214 2100
213 wait 206 214 2300
213 send 217 2300 24 0
213 send 209 2100 12 0
213 irecv 245 3100 200 0
213 irecv 181 3300 200 0
213 wait 246 214 3100
213 wait 182 214 3300
213 irecv 214 1100 200 0
213 irecv 212 1300 200 0
213 send 214 1300 1 0
213 send 212 1100 1 0
213 wait 215 214 1100
213 wait 213 214 1300
213 irecv 217 2100 200 0
213 irecv 209 2300 200 0
213 send 217 2300 4 0
213 send 209 2100 4 0
213 wait 218 214 2100
213 wait 210 214 2300
213 irecv 245 3100 200 0
213 irecv 181 3300 200 0
213 send 245 3300 12 0
213 send 181 3100 12 0
213 wait 246 214 3100
213 wait 182 214 3300
213 irecv 214 1100 200 0
213 irecv 212 1300 200 0
213 send 214 1300 1 0
213 send 212 1100 1 0
213 wait 215 214 1100
213 wait 213 214 1300
213 irecv 217 2100 200 0
213 irecv 209 2300 200 0
213 send 217 2300 4 0
213 send 209 2100 4 0
213 wait 218 214 2100
213 wait 210 214 2300
213 irecv 245 3100 200 0
213 irecv 181 3300 200 0
213 send 245 3300 12 0
213 send 181 3100 12 0
213 wait 246 214 3100
213 wait 182 214 3300
213 irecv 214 1100 200 0
213 irecv 212 1300 200 0
213 send 214 1300 4 0
213 send 212 1100 4 0
213 wait 215 214 1100
213 wait 213 214 1300
213 irecv 217 2100 200 0
213 irecv 209 2300 200 0
213 send 217 2300 12 0
213 send 209 2100 12 0
213 wait 218 214 2100
213 wait 210 214 2300
213 irecv 245 3100 200 0
213 irecv 181 3300 200 0
213 send 245 3300 24 0
213 send 181 3100 24 0
213 wait 246 214 3100
213 wait 182 214 3300
213 irecv 214 1100 200 0
213 irecv 212 1300 200 0
213 send 214 1300 4 0
213 send 212 1100 4 0
213 wait 215 214 1100
213 wait 213 214 1300
213 irecv 217 2100 200 0
213 irecv 209 2300 200 0
213 send 217 2300 12 0
213 send 209 2100 12 0
213 wait 218 214 2100
213 wait 210 214 2300
213 irecv 245 3100 200 0
213 irecv 181 3300 200 0
213 send 245 3300 24 0
213 send 181 3100 24 0
213 wait 246 214 3100
213 wait 182 214 3300
213 irecv 214 1100 200 0
213 irecv 212 1300 200 0
213 send 214 1300 16 0
213 send 212 1100 16 0
213 wait 215 214 1100
213 wait 213 214 1300
213 irecv 217 2100 200 0
213 irecv 209 2300 200 0
213 send 217 2300 40 0
213 send 209 2100 40 0
213 wait 218 214 2100
213 wait 210 214 2300
213 irecv 245 3100 200 0
213 irecv 181 3300 200 0
213 send 245 3300 60 0
213 send 181 3100 60 0
213 wait 246 214 3100
213 wait 182 214 3300
213 irecv 214 1100 200 0
213 irecv 212 1300 200 0
213 send 214 1300 16 0
213 send 212 1100 16 0
213 wait 215 214 1100
213 wait 213 214 1300
213 irecv 217 2100 200 0
213 irecv 209 2300 200 0
213 send 217 2300 40 0
213 send 209 2100 40 0
213 wait 218 214 2100
213 wait 210 214 2300
213 irecv 245 3100 200 0
213 irecv 181 3300 200 0
213 send 245 3300 60 0
213 send 181 3100 60 0
213 wait 246 214 3100
213 wait 182 214 3300
213 irecv 214 1100 200 0
213 irecv 212 1300 200 0
213 send 214 1300 16 0
213 send 212 1100 16 0
213 wait 215 214 1100
213 wait 213 214 1300
213 irecv 217 2100 200 0
213 irecv 209 2300 200 0
213 send 217 2300 40 0
213 send 209 2100 40 0
213 wait 218 214 2100
213 wait 210 214 2300
213 irecv 245 3100 200 0
213 irecv 181 3300 200 0
213 send 245 3300 60 0
213 send 181 3100 60 0
213 wait 246 214 3100
213 wait 182 214 3300
213 barrier
213 allreduce 1 0 0 
213 allreduce 4 0 1 
213 allreduce 1 0 0 
213 allreduce 4 0 1 
213 allreduce 1 0 0 
213 allreduce 4 0 1 
213 allreduce 1 0 0 
213 allreduce 4 0 1 
213 allreduce 1 0 0 
213 allreduce 4 0 1 
213 allreduce 1 0 0 
213 allreduce 4 0 1 
213 allreduce 1 0 0 
213 allreduce 4 0 1 
213 allreduce 1 0 0 
213 allreduce 4 0 1 
213 allreduce 1 0 0 
213 allreduce 4 0 1 
213 allreduce 1 0 0 
213 allreduce 4 0 1 
213 allreduce 1 0 0 
213 allreduce 4 0 1 
213 allreduce 1 0 0 
213 allreduce 4 0 1 
213 allreduce 1 0 0 
213 allreduce 4 0 1 
213 allreduce 1 0 0 
213 allreduce 4 0 1 
213 allreduce 1 0 0 
213 allreduce 4 0 1 
213 allreduce 1 0 0 
213 allreduce 4 0 1 
213 allreduce 1 0 0 
213 allreduce 4 0 1 
213 allreduce 1 0 0 
213 allreduce 4 0 1 
213 allreduce 1 0 0 
213 allreduce 4 0 1 
213 allreduce 1 0 0 
213 allreduce 4 0 1 
213 barrier
213 irecv 214 1100 200 0
213 irecv 212 1300 200 0
213 send 214 1300 16 0
213 send 212 1100 16 0
213 wait 215 214 1100
213 wait 213 214 1300
213 irecv 217 2100 200 0
213 irecv 209 2300 200 0
213 send 217 2300 40 0
213 send 209 2100 40 0
213 wait 218 214 2100
213 wait 210 214 2300
213 irecv 245 3100 200 0
213 irecv 181 3300 200 0
213 send 245 3300 60 0
213 send 181 3100 60 0
213 wait 246 214 3100
213 wait 182 214 3300
213 barrier
213 irecv 214 1100 200 0
213 irecv 212 1300 200 0
213 send 214 1300 16 0
213 send 212 1100 16 0
213 wait 215 214 1100
213 wait 213 214 1300
213 irecv 217 2100 200 0
213 irecv 209 2300 200 0
213 send 217 2300 40 0
213 send 209 2100 40 0
213 wait 218 214 2100
213 wait 210 214 2300
213 irecv 245 3100 200 0
213 irecv 181 3300 200 0
213 send 245 3300 60 0
213 send 181 3100 60 0
213 wait 246 214 3100
213 wait 182 214 3300
213 allreduce 1 0 0 
213 allreduce 1 0 0 
213 irecv 214 1100 200 0
213 irecv 212 1300 200 0
213 send 214 1300 4 0
213 send 212 1100 4 0
213 wait 215 214 1100
213 wait 213 214 1300
213 irecv 217 2100 200 0
213 irecv 209 2300 200 0
213 send 217 2300 12 0
213 send 209 2100 12 0
213 wait 218 214 2100
213 wait 210 214 2300
213 irecv 245 3100 200 0
213 irecv 181 3300 200 0
213 send 245 3300 24 0
213 send 181 3100 24 0
213 wait 246 214 3100
213 wait 182 214 3300
213 irecv 214 1100 200 0
213 irecv 212 1300 200 0
213 send 214 1300 1 0
213 send 212 1100 1 0
213 wait 215 214 1100
213 wait 213 214 1300
213 irecv 217 2100 200 0
213 irecv 209 2300 200 0
213 send 217 2300 4 0
213 send 209 2100 4 0
213 wait 218 214 2100
213 wait 210 214 2300
213 irecv 245 3100 200 0
213 irecv 181 3300 200 0
213 send 245 3300 12 0
213 send 181 3100 12 0
213 wait 246 214 3100
213 wait 182 214 3300
213 send 214 1300 12 0
213 send 212 1100 6 0
213 irecv 221 2100 200 0
213 irecv 205 2300 200 0
213 wait 222 214 2100
213 wait 206 214 2300
213 send 217 2300 24 0
213 send 209 2100 12 0
213 irecv 245 3100 200 0
213 irecv 181 3300 200 0
213 wait 246 214 3100
213 wait 182 214 3300
213 irecv 214 1100 200 0
213 irecv 212 1300 200 0
213 send 214 1300 1 0
213 send 212 1100 1 0
213 wait 215 214 1100
213 wait 213 214 1300
213 irecv 217 2100 200 0
213 irecv 209 2300 200 0
213 send 217 2300 4 0
213 send 209 2100 4 0
213 wait 218 214 2100
213 wait 210 214 2300
213 irecv 245 3100 200 0
213 irecv 181 3300 200 0
213 send 245 3300 12 0
213 send 181 3100 12 0
213 wait 246 214 3100
213 wait 182 214 3300
213 irecv 214 1100 200 0
213 irecv 212 1300 200 0
213 send 214 1300 1 0
213 send 212 1100 1 0
213 wait 215 214 1100
213 wait 213 214 1300
213 irecv 217 2100 200 0
213 irecv 209 2300 200 0
213 send 217 2300 4 0
213 send 209 2100 4 0
213 wait 218 214 2100
213 wait 210 214 2300
213 irecv 245 3100 200 0
213 irecv 181 3300 200 0
213 send 245 3300 12 0
213 send 181 3100 12 0
213 wait 246 214 3100
213 wait 182 214 3300
213 irecv 214 1100 200 0
213 irecv 212 1300 200 0
213 send 214 1300 4 0
213 send 212 1100 4 0
213 wait 215 214 1100
213 wait 213 214 1300
213 irecv 217 2100 200 0
213 irecv 209 2300 200 0
213 send 217 2300 12 0
213 send 209 2100 12 0
213 wait 218 214 2100
213 wait 210 214 2300
213 irecv 245 3100 200 0
213 irecv 181 3300 200 0
213 send 245 3300 24 0
213 send 181 3100 24 0
213 wait 246 214 3100
213 wait 182 214 3300
213 irecv 214 1100 200 0
213 irecv 212 1300 200 0
213 send 214 1300 4 0
213 send 212 1100 4 0
213 wait 215 214 1100
213 wait 213 214 1300
213 irecv 217 2100 200 0
213 irecv 209 2300 200 0
213 send 217 2300 12 0
213 send 209 2100 12 0
213 wait 218 214 2100
213 wait 210 214 2300
213 irecv 245 3100 200 0
213 irecv 181 3300 200 0
213 send 245 3300 24 0
213 send 181 3100 24 0
213 wait 246 214 3100
213 wait 182 214 3300
213 irecv 214 1100 200 0
213 irecv 212 1300 200 0
213 send 214 1300 16 0
213 send 212 1100 16 0
213 wait 215 214 1100
213 wait 213 214 1300
213 irecv 217 2100 200 0
213 irecv 209 2300 200 0
213 send 217 2300 40 0
213 send 209 2100 40 0
213 wait 218 214 2100
213 wait 210 214 2300
213 irecv 245 3100 200 0
213 irecv 181 3300 200 0
213 send 245 3300 60 0
213 send 181 3100 60 0
213 wait 246 214 3100
213 wait 182 214 3300
213 irecv 214 1100 200 0
213 irecv 212 1300 200 0
213 send 214 1300 16 0
213 send 212 1100 16 0
213 wait 215 214 1100
213 wait 213 214 1300
213 irecv 217 2100 200 0
213 irecv 209 2300 200 0
213 send 217 2300 40 0
213 send 209 2100 40 0
213 wait 218 214 2100
213 wait 210 214 2300
213 irecv 245 3100 200 0
213 irecv 181 3300 200 0
213 send 245 3300 60 0
213 send 181 3100 60 0
213 wait 246 214 3100
213 wait 182 214 3300
213 irecv 214 1100 200 0
213 irecv 212 1300 200 0
213 send 214 1300 16 0
213 send 212 1100 16 0
213 wait 215 214 1100
213 wait 213 214 1300
213 irecv 217 2100 200 0
213 irecv 209 2300 200 0
213 send 217 2300 40 0
213 send 209 2100 40 0
213 wait 218 214 2100
213 wait 210 214 2300
213 irecv 245 3100 200 0
213 irecv 181 3300 200 0
213 send 245 3300 60 0
213 send 181 3100 60 0
213 wait 246 214 3100
213 wait 182 214 3300
213 irecv 214 1100 200 0
213 irecv 212 1300 200 0
213 send 214 1300 4 0
213 send 212 1100 4 0
213 wait 215 214 1100
213 wait 213 214 1300
213 irecv 217 2100 200 0
213 irecv 209 2300 200 0
213 send 217 2300 12 0
213 send 209 2100 12 0
213 wait 218 214 2100
213 wait 210 214 2300
213 irecv 245 3100 200 0
213 irecv 181 3300 200 0
213 send 245 3300 24 0
213 send 181 3100 24 0
213 wait 246 214 3100
213 wait 182 214 3300
213 irecv 214 1100 200 0
213 irecv 212 1300 200 0
213 send 214 1300 1 0
213 send 212 1100 1 0
213 wait 215 214 1100
213 wait 213 214 1300
213 irecv 217 2100 200 0
213 irecv 209 2300 200 0
213 send 217 2300 4 0
213 send 209 2100 4 0
213 wait 218 214 2100
213 wait 210 214 2300
213 irecv 245 3100 200 0
213 irecv 181 3300 200 0
213 send 245 3300 12 0
213 send 181 3100 12 0
213 wait 246 214 3100
213 wait 182 214 3300
213 send 214 1300 12 0
213 send 212 1100 6 0
213 irecv 221 2100 200 0
213 irecv 205 2300 200 0
213 wait 222 214 2100
213 wait 206 214 2300
213 send 217 2300 24 0
213 send 209 2100 12 0
213 irecv 245 3100 200 0
213 irecv 181 3300 200 0
213 wait 246 214 3100
213 wait 182 214 3300
213 irecv 214 1100 200 0
213 irecv 212 1300 200 0
213 send 214 1300 1 0
213 send 212 1100 1 0
213 wait 215 214 1100
213 wait 213 214 1300
213 irecv 217 2100 200 0
213 irecv 209 2300 200 0
213 send 217 2300 4 0
213 send 209 2100 4 0
213 wait 218 214 2100
213 wait 210 214 2300
213 irecv 245 3100 200 0
213 irecv 181 3300 200 0
213 send 245 3300 12 0
213 send 181 3100 12 0
213 wait 246 214 3100
213 wait 182 214 3300
213 irecv 214 1100 200 0
213 irecv 212 1300 200 0
213 send 214 1300 1 0
213 send 212 1100 1 0
213 wait 215 214 1100
213 wait 213 214 1300
213 irecv 217 2100 200 0
213 irecv 209 2300 200 0
213 send 217 2300 4 0
213 send 209 2100 4 0
213 wait 218 214 2100
213 wait 210 214 2300
213 irecv 245 3100 200 0
213 irecv 181 3300 200 0
213 send 245 3300 12 0
213 send 181 3100 12 0
213 wait 246 214 3100
213 wait 182 214 3300
213 irecv 214 1100 200 0
213 irecv 212 1300 200 0
213 send 214 1300 4 0
213 send 212 1100 4 0
213 wait 215 214 1100
213 wait 213 214 1300
213 irecv 217 2100 200 0
213 irecv 209 2300 200 0
213 send 217 2300 12 0
213 send 209 2100 12 0
213 wait 218 214 2100
213 wait 210 214 2300
213 irecv 245 3100 200 0
213 irecv 181 3300 200 0
213 send 245 3300 24 0
213 send 181 3100 24 0
213 wait 246 214 3100
213 wait 182 214 3300
213 irecv 214 1100 200 0
213 irecv 212 1300 200 0
213 send 214 1300 4 0
213 send 212 1100 4 0
213 wait 215 214 1100
213 wait 213 214 1300
213 irecv 217 2100 200 0
213 irecv 209 2300 200 0
213 send 217 2300 12 0
213 send 209 2100 12 0
213 wait 218 214 2100
213 wait 210 214 2300
213 irecv 245 3100 200 0
213 irecv 181 3300 200 0
213 send 245 3300 24 0
213 send 181 3100 24 0
213 wait 246 214 3100
213 wait 182 214 3300
213 irecv 214 1100 200 0
213 irecv 212 1300 200 0
213 send 214 1300 16 0
213 send 212 1100 16 0
213 wait 215 214 1100
213 wait 213 214 1300
213 irecv 217 2100 200 0
213 irecv 209 2300 200 0
213 send 217 2300 40 0
213 send 209 2100 40 0
213 wait 218 214 2100
213 wait 210 214 2300
213 irecv 245 3100 200 0
213 irecv 181 3300 200 0
213 send 245 3300 60 0
213 send 181 3100 60 0
213 wait 246 214 3100
213 wait 182 214 3300
213 irecv 214 1100 200 0
213 irecv 212 1300 200 0
213 send 214 1300 16 0
213 send 212 1100 16 0
213 wait 215 214 1100
213 wait 213 214 1300
213 irecv 217 2100 200 0
213 irecv 209 2300 200 0
213 send 217 2300 40 0
213 send 209 2100 40 0
213 wait 218 214 2100
213 wait 210 214 2300
213 irecv 245 3100 200 0
213 irecv 181 3300 200 0
213 send 245 3300 60 0
213 send 181 3100 60 0
213 wait 246 214 3100
213 wait 182 214 3300
213 irecv 214 1100 200 0
213 irecv 212 1300 200 0
213 send 214 1300 16 0
213 send 212 1100 16 0
213 wait 215 214 1100
213 wait 213 214 1300
213 irecv 217 2100 200 0
213 irecv 209 2300 200 0
213 send 217 2300 40 0
213 send 209 2100 40 0
213 wait 218 214 2100
213 wait 210 214 2300
213 irecv 245 3100 200 0
213 irecv 181 3300 200 0
213 send 245 3300 60 0
213 send 181 3100 60 0
213 wait 246 214 3100
213 wait 182 214 3300
213 irecv 214 1100 200 0
213 irecv 212 1300 200 0
213 send 214 1300 4 0
213 send 212 1100 4 0
213 wait 215 214 1100
213 wait 213 214 1300
213 irecv 217 2100 200 0
213 irecv 209 2300 200 0
213 send 217 2300 12 0
213 send 209 2100 12 0
213 wait 218 214 2100
213 wait 210 214 2300
213 irecv 245 3100 200 0
213 irecv 181 3300 200 0
213 send 245 3300 24 0
213 send 181 3100 24 0
213 wait 246 214 3100
213 wait 182 214 3300
213 irecv 214 1100 200 0
213 irecv 212 1300 200 0
213 send 214 1300 1 0
213 send 212 1100 1 0
213 wait 215 214 1100
213 wait 213 214 1300
213 irecv 217 2100 200 0
213 irecv 209 2300 200 0
213 send 217 2300 4 0
213 send 209 2100 4 0
213 wait 218 214 2100
213 wait 210 214 2300
213 irecv 245 3100 200 0
213 irecv 181 3300 200 0
213 send 245 3300 12 0
213 send 181 3100 12 0
213 wait 246 214 3100
213 wait 182 214 3300
213 send 214 1300 12 0
213 send 212 1100 6 0
213 irecv 221 2100 200 0
213 irecv 205 2300 200 0
213 wait 222 214 2100
213 wait 206 214 2300
213 send 217 2300 24 0
213 send 209 2100 12 0
213 irecv 245 3100 200 0
213 irecv 181 3300 200 0
213 wait 246 214 3100
213 wait 182 214 3300
213 irecv 214 1100 200 0
213 irecv 212 1300 200 0
213 send 214 1300 1 0
213 send 212 1100 1 0
213 wait 215 214 1100
213 wait 213 214 1300
213 irecv 217 2100 200 0
213 irecv 209 2300 200 0
213 send 217 2300 4 0
213 send 209 2100 4 0
213 wait 218 214 2100
213 wait 210 214 2300
213 irecv 245 3100 200 0
213 irecv 181 3300 200 0
213 send 245 3300 12 0
213 send 181 3100 12 0
213 wait 246 214 3100
213 wait 182 214 3300
213 irecv 214 1100 200 0
213 irecv 212 1300 200 0
213 send 214 1300 1 0
213 send 212 1100 1 0
213 wait 215 214 1100
213 wait 213 214 1300
213 irecv 217 2100 200 0
213 irecv 209 2300 200 0
213 send 217 2300 4 0
213 send 209 2100 4 0
213 wait 218 214 2100
213 wait 210 214 2300
213 irecv 245 3100 200 0
213 irecv 181 3300 200 0
213 send 245 3300 12 0
213 send 181 3100 12 0
213 wait 246 214 3100
213 wait 182 214 3300
213 irecv 214 1100 200 0
213 irecv 212 1300 200 0
213 send 214 1300 4 0
213 send 212 1100 4 0
213 wait 215 214 1100
213 wait 213 214 1300
213 irecv 217 2100 200 0
213 irecv 209 2300 200 0
213 send 217 2300 12 0
213 send 209 2100 12 0
213 wait 218 214 2100
213 wait 210 214 2300
213 irecv 245 3100 200 0
213 irecv 181 3300 200 0
213 send 245 3300 24 0
213 send 181 3100 24 0
213 wait 246 214 3100
213 wait 182 214 3300
213 irecv 214 1100 200 0
213 irecv 212 1300 200 0
213 send 214 1300 4 0
213 send 212 1100 4 0
213 wait 215 214 1100
213 wait 213 214 1300
213 irecv 217 2100 200 0
213 irecv 209 2300 200 0
213 send 217 2300 12 0
213 send 209 2100 12 0
213 wait 218 214 2100
213 wait 210 214 2300
213 irecv 245 3100 200 0
213 irecv 181 3300 200 0
213 send 245 3300 24 0
213 send 181 3100 24 0
213 wait 246 214 3100
213 wait 182 214 3300
213 irecv 214 1100 200 0
213 irecv 212 1300 200 0
213 send 214 1300 16 0
213 send 212 1100 16 0
213 wait 215 214 1100
213 wait 213 214 1300
213 irecv 217 2100 200 0
213 irecv 209 2300 200 0
213 send 217 2300 40 0
213 send 209 2100 40 0
213 wait 218 214 2100
213 wait 210 214 2300
213 irecv 245 3100 200 0
213 irecv 181 3300 200 0
213 send 245 3300 60 0
213 send 181 3100 60 0
213 wait 246 214 3100
213 wait 182 214 3300
213 irecv 214 1100 200 0
213 irecv 212 1300 200 0
213 send 214 1300 16 0
213 send 212 1100 16 0
213 wait 215 214 1100
213 wait 213 214 1300
213 irecv 217 2100 200 0
213 irecv 209 2300 200 0
213 send 217 2300 40 0
213 send 209 2100 40 0
213 wait 218 214 2100
213 wait 210 214 2300
213 irecv 245 3100 200 0
213 irecv 181 3300 200 0
213 send 245 3300 60 0
213 send 181 3100 60 0
213 wait 246 214 3100
213 wait 182 214 3300
213 irecv 214 1100 200 0
213 irecv 212 1300 200 0
213 send 214 1300 16 0
213 send 212 1100 16 0
213 wait 215 214 1100
213 wait 213 214 1300
213 irecv 217 2100 200 0
213 irecv 209 2300 200 0
213 send 217 2300 40 0
213 send 209 2100 40 0
213 wait 218 214 2100
213 wait 210 214 2300
213 irecv 245 3100 200 0
213 irecv 181 3300 200 0
213 send 245 3300 60 0
213 send 181 3100 60 0
213 wait 246 214 3100
213 wait 182 214 3300
213 irecv 214 1100 200 0
213 irecv 212 1300 200 0
213 send 214 1300 4 0
213 send 212 1100 4 0
213 wait 215 214 1100
213 wait 213 214 1300
213 irecv 217 2100 200 0
213 irecv 209 2300 200 0
213 send 217 2300 12 0
213 send 209 2100 12 0
213 wait 218 214 2100
213 wait 210 214 2300
213 irecv 245 3100 200 0
213 irecv 181 3300 200 0
213 send 245 3300 24 0
213 send 181 3100 24 0
213 wait 246 214 3100
213 wait 182 214 3300
213 irecv 214 1100 200 0
213 irecv 212 1300 200 0
213 send 214 1300 1 0
213 send 212 1100 1 0
213 wait 215 214 1100
213 wait 213 214 1300
213 irecv 217 2100 200 0
213 irecv 209 2300 200 0
213 send 217 2300 4 0
213 send 209 2100 4 0
213 wait 218 214 2100
213 wait 210 214 2300
213 irecv 245 3100 200 0
213 irecv 181 3300 200 0
213 send 245 3300 12 0
213 send 181 3100 12 0
213 wait 246 214 3100
213 wait 182 214 3300
213 send 214 1300 12 0
213 send 212 1100 6 0
213 irecv 221 2100 200 0
213 irecv 205 2300 200 0
213 wait 222 214 2100
213 wait 206 214 2300
213 send 217 2300 24 0
213 send 209 2100 12 0
213 irecv 245 3100 200 0
213 irecv 181 3300 200 0
213 wait 246 214 3100
213 wait 182 214 3300
213 irecv 214 1100 200 0
213 irecv 212 1300 200 0
213 send 214 1300 1 0
213 send 212 1100 1 0
213 wait 215 214 1100
213 wait 213 214 1300
213 irecv 217 2100 200 0
213 irecv 209 2300 200 0
213 send 217 2300 4 0
213 send 209 2100 4 0
213 wait 218 214 2100
213 wait 210 214 2300
213 irecv 245 3100 200 0
213 irecv 181 3300 200 0
213 send 245 3300 12 0
213 send 181 3100 12 0
213 wait 246 214 3100
213 wait 182 214 3300
213 irecv 214 1100 200 0
213 irecv 212 1300 200 0
213 send 214 1300 1 0
213 send 212 1100 1 0
213 wait 215 214 1100
213 wait 213 214 1300
213 irecv 217 2100 200 0
213 irecv 209 2300 200 0
213 send 217 2300 4 0
213 send 209 2100 4 0
213 wait 218 214 2100
213 wait 210 214 2300
213 irecv 245 3100 200 0
213 irecv 181 3300 200 0
213 send 245 3300 12 0
213 send 181 3100 12 0
213 wait 246 214 3100
213 wait 182 214 3300
213 irecv 214 1100 200 0
213 irecv 212 1300 200 0
213 send 214 1300 4 0
213 send 212 1100 4 0
213 wait 215 214 1100
213 wait 213 214 1300
213 irecv 217 2100 200 0
213 irecv 209 2300 200 0
213 send 217 2300 12 0
213 send 209 2100 12 0
213 wait 218 214 2100
213 wait 210 214 2300
213 irecv 245 3100 200 0
213 irecv 181 3300 200 0
213 send 245 3300 24 0
213 send 181 3100 24 0
213 wait 246 214 3100
213 wait 182 214 3300
213 irecv 214 1100 200 0
213 irecv 212 1300 200 0
213 send 214 1300 4 0
213 send 212 1100 4 0
213 wait 215 214 1100
213 wait 213 214 1300
213 irecv 217 2100 200 0
213 irecv 209 2300 200 0
213 send 217 2300 12 0
213 send 209 2100 12 0
213 wait 218 214 2100
213 wait 210 214 2300
213 irecv 245 3100 200 0
213 irecv 181 3300 200 0
213 send 245 3300 24 0
213 send 181 3100 24 0
213 wait 246 214 3100
213 wait 182 214 3300
213 irecv 214 1100 200 0
213 irecv 212 1300 200 0
213 send 214 1300 16 0
213 send 212 1100 16 0
213 wait 215 214 1100
213 wait 213 214 1300
213 irecv 217 2100 200 0
213 irecv 209 2300 200 0
213 send 217 2300 40 0
213 send 209 2100 40 0
213 wait 218 214 2100
213 wait 210 214 2300
213 irecv 245 3100 200 0
213 irecv 181 3300 200 0
213 send 245 3300 60 0
213 send 181 3100 60 0
213 wait 246 214 3100
213 wait 182 214 3300
213 irecv 214 1100 200 0
213 irecv 212 1300 200 0
213 send 214 1300 16 0
213 send 212 1100 16 0
213 wait 215 214 1100
213 wait 213 214 1300
213 irecv 217 2100 200 0
213 irecv 209 2300 200 0
213 send 217 2300 40 0
213 send 209 2100 40 0
213 wait 218 214 2100
213 wait 210 214 2300
213 irecv 245 3100 200 0
213 irecv 181 3300 200 0
213 send 245 3300 60 0
213 send 181 3100 60 0
213 wait 246 214 3100
213 wait 182 214 3300
213 irecv 214 1100 200 0
213 irecv 212 1300 200 0
213 send 214 1300 16 0
213 send 212 1100 16 0
213 wait 215 214 1100
213 wait 213 214 1300
213 irecv 217 2100 200 0
213 irecv 209 2300 200 0
213 send 217 2300 40 0
213 send 209 2100 40 0
213 wait 218 214 2100
213 wait 210 214 2300
213 irecv 245 3100 200 0
213 irecv 181 3300 200 0
213 send 245 3300 60 0
213 send 181 3100 60 0
213 wait 246 214 3100
213 wait 182 214 3300
213 allreduce 1 0 0 
213 allreduce 1 0 0 
213 reduce 1 0 0 0 
213 finalize
