184 init
184 barrier
184 bcast 1 0 1 
184 bcast 1 0 1 
184 bcast 1 0 1 
184 bcast 1 0 1 
184 bcast 1 0 1 
184 bcast 8 0 1 
184 bcast 1 0 16 
184 barrier
184 allreduce 1 0 0 
184 allreduce 4 0 1 
184 allreduce 1 0 0 
184 allreduce 4 0 1 
184 allreduce 1 0 0 
184 allreduce 4 0 1 
184 allreduce 1 0 0 
184 allreduce 4 0 1 
184 allreduce 1 0 0 
184 allreduce 4 0 1 
184 allreduce 1 0 0 
184 allreduce 4 0 1 
184 allreduce 1 0 0 
184 allreduce 4 0 1 
184 allreduce 1 0 0 
184 allreduce 4 0 1 
184 allreduce 1 0 0 
184 allreduce 4 0 1 
184 allreduce 1 0 0 
184 allreduce 4 0 1 
184 allreduce 1 0 0 
184 allreduce 4 0 1 
184 allreduce 1 0 0 
184 allreduce 4 0 1 
184 allreduce 1 0 0 
184 allreduce 4 0 1 
184 allreduce 1 0 0 
184 allreduce 4 0 1 
184 allreduce 1 0 0 
184 allreduce 4 0 1 
184 allreduce 1 0 0 
184 allreduce 4 0 1 
184 allreduce 1 0 0 
184 allreduce 4 0 1 
184 allreduce 1 0 0 
184 allreduce 4 0 1 
184 allreduce 1 0 0 
184 allreduce 4 0 1 
184 allreduce 1 0 0 
184 allreduce 4 0 1 
184 barrier
184 irecv 185 1100 200 0
184 irecv 187 1300 200 0
184 send 185 1300 16 0
184 send 187 1100 16 0
184 wait 186 185 1100
184 wait 188 185 1300
184 irecv 188 2100 200 0
184 irecv 180 2300 200 0
184 send 188 2300 40 0
184 send 180 2100 40 0
184 wait 189 185 2100
184 wait 181 185 2300
184 irecv 216 3100 200 0
184 irecv 152 3300 200 0
184 send 216 3300 60 0
184 send 152 3100 60 0
184 wait 217 185 3100
184 wait 153 185 3300
184 allreduce 1 0 0 
184 allreduce 1 0 0 
184 irecv 185 1100 200 0
184 irecv 187 1300 200 0
184 send 185 1300 16 0
184 send 187 1100 16 0
184 wait 186 185 1100
184 wait 188 185 1300
184 irecv 188 2100 200 0
184 irecv 180 2300 200 0
184 send 188 2300 40 0
184 send 180 2100 40 0
184 wait 189 185 2100
184 wait 181 185 2300
184 irecv 216 3100 200 0
184 irecv 152 3300 200 0
184 send 216 3300 60 0
184 send 152 3100 60 0
184 wait 217 185 3100
184 wait 153 185 3300
184 allreduce 1 0 0 
184 allreduce 1 0 0 
184 irecv 185 1100 200 0
184 irecv 187 1300 200 0
184 send 185 1300 4 0
184 send 187 1100 4 0
184 wait 186 185 1100
184 wait 188 185 1300
184 irecv 188 2100 200 0
184 irecv 180 2300 200 0
184 send 188 2300 12 0
184 send 180 2100 12 0
184 wait 189 185 2100
184 wait 181 185 2300
184 irecv 216 3100 200 0
184 irecv 152 3300 200 0
184 send 216 3300 24 0
184 send 152 3100 24 0
184 wait 217 185 3100
184 wait 153 185 3300
184 irecv 185 1100 200 0
184 irecv 187 1300 200 0
184 send 185 1300 1 0
184 send 187 1100 1 0
184 wait 186 185 1100
184 wait 188 185 1300
184 irecv 188 2100 200 0
184 irecv 180 2300 200 0
184 send 188 2300 4 0
184 send 180 2100 4 0
184 wait 189 185 2100
184 wait 181 185 2300
184 irecv 216 3100 200 0
184 irecv 152 3300 200 0
184 send 216 3300 12 0
184 send 152 3100 12 0
184 wait 217 185 3100
184 wait 153 185 3300
184 irecv 185 1100 200 0
184 irecv 187 1300 200 0
184 wait 186 185 1100
184 wait 188 185 1300
184 irecv 248 3100 200 0
184 irecv 120 3300 200 0
184 wait 249 185 3100
184 wait 121 185 3300
184 irecv 188 2100 200 0
184 irecv 180 2300 200 0
184 wait 189 185 2100
184 wait 181 185 2300
184 send 216 3300 24 0
184 send 152 3100 12 0
184 irecv 185 1100 200 0
184 irecv 187 1300 200 0
184 send 185 1300 1 0
184 send 187 1100 1 0
184 wait 186 185 1100
184 wait 188 185 1300
184 irecv 188 2100 200 0
184 irecv 180 2300 200 0
184 send 188 2300 4 0
184 send 180 2100 4 0
184 wait 189 185 2100
184 wait 181 185 2300
184 irecv 216 3100 200 0
184 irecv 152 3300 200 0
184 send 216 3300 12 0
184 send 152 3100 12 0
184 wait 217 185 3100
184 wait 153 185 3300
184 irecv 185 1100 200 0
184 irecv 187 1300 200 0
184 send 185 1300 1 0
184 send 187 1100 1 0
184 wait 186 185 1100
184 wait 188 185 1300
184 irecv 188 2100 200 0
184 irecv 180 2300 200 0
184 send 188 2300 4 0
184 send 180 2100 4 0
184 wait 189 185 2100
184 wait 181 185 2300
184 irecv 216 3100 200 0
184 irecv 152 3300 200 0
184 send 216 3300 12 0
184 send 152 3100 12 0
184 wait 217 185 3100
184 wait 153 185 3300
184 irecv 185 1100 200 0
184 irecv 187 1300 200 0
184 send 185 1300 4 0
184 send 187 1100 4 0
184 wait 186 185 1100
184 wait 188 185 1300
184 irecv 188 2100 200 0
184 irecv 180 2300 200 0
184 send 188 2300 12 0
184 send 180 2100 12 0
184 wait 189 185 2100
184 wait 181 185 2300
184 irecv 216 3100 200 0
184 irecv 152 3300 200 0
184 send 216 3300 24 0
184 send 152 3100 24 0
184 wait 217 185 3100
184 wait 153 185 3300
184 irecv 185 1100 200 0
184 irecv 187 1300 200 0
184 send 185 1300 4 0
184 send 187 1100 4 0
184 wait 186 185 1100
184 wait 188 185 1300
184 irecv 188 2100 200 0
184 irecv 180 2300 200 0
184 send 188 2300 12 0
184 send 180 2100 12 0
184 wait 189 185 2100
184 wait 181 185 2300
184 irecv 216 3100 200 0
184 irecv 152 3300 200 0
184 send 216 3300 24 0
184 send 152 3100 24 0
184 wait 217 185 3100
184 wait 153 185 3300
184 irecv 185 1100 200 0
184 irecv 187 1300 200 0
184 send 185 1300 16 0
184 send 187 1100 16 0
184 wait 186 185 1100
184 wait 188 185 1300
184 irecv 188 2100 200 0
184 irecv 180 2300 200 0
184 send 188 2300 40 0
184 send 180 2100 40 0
184 wait 189 185 2100
184 wait 181 185 2300
184 irecv 216 3100 200 0
184 irecv 152 3300 200 0
184 send 216 3300 60 0
184 send 152 3100 60 0
184 wait 217 185 3100
184 wait 153 185 3300
184 irecv 185 1100 200 0
184 irecv 187 1300 200 0
184 send 185 1300 16 0
184 send 187 1100 16 0
184 wait 186 185 1100
184 wait 188 185 1300
184 irecv 188 2100 200 0
184 irecv 180 2300 200 0
184 send 188 2300 40 0
184 send 180 2100 40 0
184 wait 189 185 2100
184 wait 181 185 2300
184 irecv 216 3100 200 0
184 irecv 152 3300 200 0
184 send 216 3300 60 0
184 send 152 3100 60 0
184 wait 217 185 3100
184 wait 153 185 3300
184 irecv 185 1100 200 0
184 irecv 187 1300 200 0
184 send 185 1300 16 0
184 send 187 1100 16 0
184 wait 186 185 1100
184 wait 188 185 1300
184 irecv 188 2100 200 0
184 irecv 180 2300 200 0
184 send 188 2300 40 0
184 send 180 2100 40 0
184 wait 189 185 2100
184 wait 181 185 2300
184 irecv 216 3100 200 0
184 irecv 152 3300 200 0
184 send 216 3300 60 0
184 send 152 3100 60 0
184 wait 217 185 3100
184 wait 153 185 3300
184 barrier
184 allreduce 1 0 0 
184 allreduce 4 0 1 
184 allreduce 1 0 0 
184 allreduce 4 0 1 
184 allreduce 1 0 0 
184 allreduce 4 0 1 
184 allreduce 1 0 0 
184 allreduce 4 0 1 
184 allreduce 1 0 0 
184 allreduce 4 0 1 
184 allreduce 1 0 0 
184 allreduce 4 0 1 
184 allreduce 1 0 0 
184 allreduce 4 0 1 
184 allreduce 1 0 0 
184 allreduce 4 0 1 
184 allreduce 1 0 0 
184 allreduce 4 0 1 
184 allreduce 1 0 0 
184 allreduce 4 0 1 
184 allreduce 1 0 0 
184 allreduce 4 0 1 
184 allreduce 1 0 0 
184 allreduce 4 0 1 
184 allreduce 1 0 0 
184 allreduce 4 0 1 
184 allreduce 1 0 0 
184 allreduce 4 0 1 
184 allreduce 1 0 0 
184 allreduce 4 0 1 
184 allreduce 1 0 0 
184 allreduce 4 0 1 
184 allreduce 1 0 0 
184 allreduce 4 0 1 
184 allreduce 1 0 0 
184 allreduce 4 0 1 
184 allreduce 1 0 0 
184 allreduce 4 0 1 
184 allreduce 1 0 0 
184 allreduce 4 0 1 
184 barrier
184 irecv 185 1100 200 0
184 irecv 187 1300 200 0
184 send 185 1300 16 0
184 send 187 1100 16 0
184 wait 186 185 1100
184 wait 188 185 1300
184 irecv 188 2100 200 0
184 irecv 180 2300 200 0
184 send 188 2300 40 0
184 send 180 2100 40 0
184 wait 189 185 2100
184 wait 181 185 2300
184 irecv 216 3100 200 0
184 irecv 152 3300 200 0
184 send 216 3300 60 0
184 send 152 3100 60 0
184 wait 217 185 3100
184 wait 153 185 3300
184 barrier
184 irecv 185 1100 200 0
184 irecv 187 1300 200 0
184 send 185 1300 16 0
184 send 187 1100 16 0
184 wait 186 185 1100
184 wait 188 185 1300
184 irecv 188 2100 200 0
184 irecv 180 2300 200 0
184 send 188 2300 40 0
184 send 180 2100 40 0
184 wait 189 185 2100
184 wait 181 185 2300
184 irecv 216 3100 200 0
184 irecv 152 3300 200 0
184 send 216 3300 60 0
184 send 152 3100 60 0
184 wait 217 185 3100
184 wait 153 185 3300
184 allreduce 1 0 0 
184 allreduce 1 0 0 
184 irecv 185 1100 200 0
184 irecv 187 1300 200 0
184 send 185 1300 4 0
184 send 187 1100 4 0
184 wait 186 185 1100
184 wait 188 185 1300
184 irecv 188 2100 200 0
184 irecv 180 2300 200 0
184 send 188 2300 12 0
184 send 180 2100 12 0
184 wait 189 185 2100
184 wait 181 185 2300
184 irecv 216 3100 200 0
184 irecv 152 3300 200 0
184 send 216 3300 24 0
184 send 152 3100 24 0
184 wait 217 185 3100
184 wait 153 185 3300
184 irecv 185 1100 200 0
184 irecv 187 1300 200 0
184 send 185 1300 1 0
184 send 187 1100 1 0
184 wait 186 185 1100
184 wait 188 185 1300
184 irecv 188 2100 200 0
184 irecv 180 2300 200 0
184 send 188 2300 4 0
184 send 180 2100 4 0
184 wait 189 185 2100
184 wait 181 185 2300
184 irecv 216 3100 200 0
184 irecv 152 3300 200 0
184 send 216 3300 12 0
184 send 152 3100 12 0
184 wait 217 185 3100
184 wait 153 185 3300
184 irecv 185 1100 200 0
184 irecv 187 1300 200 0
184 wait 186 185 1100
184 wait 188 185 1300
184 irecv 248 3100 200 0
184 irecv 120 3300 200 0
184 wait 249 185 3100
184 wait 121 185 3300
184 irecv 188 2100 200 0
184 irecv 180 2300 200 0
184 wait 189 185 2100
184 wait 181 185 2300
184 send 216 3300 24 0
184 send 152 3100 12 0
184 irecv 185 1100 200 0
184 irecv 187 1300 200 0
184 send 185 1300 1 0
184 send 187 1100 1 0
184 wait 186 185 1100
184 wait 188 185 1300
184 irecv 188 2100 200 0
184 irecv 180 2300 200 0
184 send 188 2300 4 0
184 send 180 2100 4 0
184 wait 189 185 2100
184 wait 181 185 2300
184 irecv 216 3100 200 0
184 irecv 152 3300 200 0
184 send 216 3300 12 0
184 send 152 3100 12 0
184 wait 217 185 3100
184 wait 153 185 3300
184 irecv 185 1100 200 0
184 irecv 187 1300 200 0
184 send 185 1300 1 0
184 send 187 1100 1 0
184 wait 186 185 1100
184 wait 188 185 1300
184 irecv 188 2100 200 0
184 irecv 180 2300 200 0
184 send 188 2300 4 0
184 send 180 2100 4 0
184 wait 189 185 2100
184 wait 181 185 2300
184 irecv 216 3100 200 0
184 irecv 152 3300 200 0
184 send 216 3300 12 0
184 send 152 3100 12 0
184 wait 217 185 3100
184 wait 153 185 3300
184 irecv 185 1100 200 0
184 irecv 187 1300 200 0
184 send 185 1300 4 0
184 send 187 1100 4 0
184 wait 186 185 1100
184 wait 188 185 1300
184 irecv 188 2100 200 0
184 irecv 180 2300 200 0
184 send 188 2300 12 0
184 send 180 2100 12 0
184 wait 189 185 2100
184 wait 181 185 2300
184 irecv 216 3100 200 0
184 irecv 152 3300 200 0
184 send 216 3300 24 0
184 send 152 3100 24 0
184 wait 217 185 3100
184 wait 153 185 3300
184 irecv 185 1100 200 0
184 irecv 187 1300 200 0
184 send 185 1300 4 0
184 send 187 1100 4 0
184 wait 186 185 1100
184 wait 188 185 1300
184 irecv 188 2100 200 0
184 irecv 180 2300 200 0
184 send 188 2300 12 0
184 send 180 2100 12 0
184 wait 189 185 2100
184 wait 181 185 2300
184 irecv 216 3100 200 0
184 irecv 152 3300 200 0
184 send 216 3300 24 0
184 send 152 3100 24 0
184 wait 217 185 3100
184 wait 153 185 3300
184 irecv 185 1100 200 0
184 irecv 187 1300 200 0
184 send 185 1300 16 0
184 send 187 1100 16 0
184 wait 186 185 1100
184 wait 188 185 1300
184 irecv 188 2100 200 0
184 irecv 180 2300 200 0
184 send 188 2300 40 0
184 send 180 2100 40 0
184 wait 189 185 2100
184 wait 181 185 2300
184 irecv 216 3100 200 0
184 irecv 152 3300 200 0
184 send 216 3300 60 0
184 send 152 3100 60 0
184 wait 217 185 3100
184 wait 153 185 3300
184 irecv 185 1100 200 0
184 irecv 187 1300 200 0
184 send 185 1300 16 0
184 send 187 1100 16 0
184 wait 186 185 1100
184 wait 188 185 1300
184 irecv 188 2100 200 0
184 irecv 180 2300 200 0
184 send 188 2300 40 0
184 send 180 2100 40 0
184 wait 189 185 2100
184 wait 181 185 2300
184 irecv 216 3100 200 0
184 irecv 152 3300 200 0
184 send 216 3300 60 0
184 send 152 3100 60 0
184 wait 217 185 3100
184 wait 153 185 3300
184 irecv 185 1100 200 0
184 irecv 187 1300 200 0
184 send 185 1300 16 0
184 send 187 1100 16 0
184 wait 186 185 1100
184 wait 188 185 1300
184 irecv 188 2100 200 0
184 irecv 180 2300 200 0
184 send 188 2300 40 0
184 send 180 2100 40 0
184 wait 189 185 2100
184 wait 181 185 2300
184 irecv 216 3100 200 0
184 irecv 152 3300 200 0
184 send 216 3300 60 0
184 send 152 3100 60 0
184 wait 217 185 3100
184 wait 153 185 3300
184 irecv 185 1100 200 0
184 irecv 187 1300 200 0
184 send 185 1300 4 0
184 send 187 1100 4 0
184 wait 186 185 1100
184 wait 188 185 1300
184 irecv 188 2100 200 0
184 irecv 180 2300 200 0
184 send 188 2300 12 0
184 send 180 2100 12 0
184 wait 189 185 2100
184 wait 181 185 2300
184 irecv 216 3100 200 0
184 irecv 152 3300 200 0
184 send 216 3300 24 0
184 send 152 3100 24 0
184 wait 217 185 3100
184 wait 153 185 3300
184 irecv 185 1100 200 0
184 irecv 187 1300 200 0
184 send 185 1300 1 0
184 send 187 1100 1 0
184 wait 186 185 1100
184 wait 188 185 1300
184 irecv 188 2100 200 0
184 irecv 180 2300 200 0
184 send 188 2300 4 0
184 send 180 2100 4 0
184 wait 189 185 2100
184 wait 181 185 2300
184 irecv 216 3100 200 0
184 irecv 152 3300 200 0
184 send 216 3300 12 0
184 send 152 3100 12 0
184 wait 217 185 3100
184 wait 153 185 3300
184 irecv 185 1100 200 0
184 irecv 187 1300 200 0
184 wait 186 185 1100
184 wait 188 185 1300
184 irecv 248 3100 200 0
184 irecv 120 3300 200 0
184 wait 249 185 3100
184 wait 121 185 3300
184 irecv 188 2100 200 0
184 irecv 180 2300 200 0
184 wait 189 185 2100
184 wait 181 185 2300
184 send 216 3300 24 0
184 send 152 3100 12 0
184 irecv 185 1100 200 0
184 irecv 187 1300 200 0
184 send 185 1300 1 0
184 send 187 1100 1 0
184 wait 186 185 1100
184 wait 188 185 1300
184 irecv 188 2100 200 0
184 irecv 180 2300 200 0
184 send 188 2300 4 0
184 send 180 2100 4 0
184 wait 189 185 2100
184 wait 181 185 2300
184 irecv 216 3100 200 0
184 irecv 152 3300 200 0
184 send 216 3300 12 0
184 send 152 3100 12 0
184 wait 217 185 3100
184 wait 153 185 3300
184 irecv 185 1100 200 0
184 irecv 187 1300 200 0
184 send 185 1300 1 0
184 send 187 1100 1 0
184 wait 186 185 1100
184 wait 188 185 1300
184 irecv 188 2100 200 0
184 irecv 180 2300 200 0
184 send 188 2300 4 0
184 send 180 2100 4 0
184 wait 189 185 2100
184 wait 181 185 2300
184 irecv 216 3100 200 0
184 irecv 152 3300 200 0
184 send 216 3300 12 0
184 send 152 3100 12 0
184 wait 217 185 3100
184 wait 153 185 3300
184 irecv 185 1100 200 0
184 irecv 187 1300 200 0
184 send 185 1300 4 0
184 send 187 1100 4 0
184 wait 186 185 1100
184 wait 188 185 1300
184 irecv 188 2100 200 0
184 irecv 180 2300 200 0
184 send 188 2300 12 0
184 send 180 2100 12 0
184 wait 189 185 2100
184 wait 181 185 2300
184 irecv 216 3100 200 0
184 irecv 152 3300 200 0
184 send 216 3300 24 0
184 send 152 3100 24 0
184 wait 217 185 3100
184 wait 153 185 3300
184 irecv 185 1100 200 0
184 irecv 187 1300 200 0
184 send 185 1300 4 0
184 send 187 1100 4 0
184 wait 186 185 1100
184 wait 188 185 1300
184 irecv 188 2100 200 0
184 irecv 180 2300 200 0
184 send 188 2300 12 0
184 send 180 2100 12 0
184 wait 189 185 2100
184 wait 181 185 2300
184 irecv 216 3100 200 0
184 irecv 152 3300 200 0
184 send 216 3300 24 0
184 send 152 3100 24 0
184 wait 217 185 3100
184 wait 153 185 3300
184 irecv 185 1100 200 0
184 irecv 187 1300 200 0
184 send 185 1300 16 0
184 send 187 1100 16 0
184 wait 186 185 1100
184 wait 188 185 1300
184 irecv 188 2100 200 0
184 irecv 180 2300 200 0
184 send 188 2300 40 0
184 send 180 2100 40 0
184 wait 189 185 2100
184 wait 181 185 2300
184 irecv 216 3100 200 0
184 irecv 152 3300 200 0
184 send 216 3300 60 0
184 send 152 3100 60 0
184 wait 217 185 3100
184 wait 153 185 3300
184 irecv 185 1100 200 0
184 irecv 187 1300 200 0
184 send 185 1300 16 0
184 send 187 1100 16 0
184 wait 186 185 1100
184 wait 188 185 1300
184 irecv 188 2100 200 0
184 irecv 180 2300 200 0
184 send 188 2300 40 0
184 send 180 2100 40 0
184 wait 189 185 2100
184 wait 181 185 2300
184 irecv 216 3100 200 0
184 irecv 152 3300 200 0
184 send 216 3300 60 0
184 send 152 3100 60 0
184 wait 217 185 3100
184 wait 153 185 3300
184 irecv 185 1100 200 0
184 irecv 187 1300 200 0
184 send 185 1300 16 0
184 send 187 1100 16 0
184 wait 186 185 1100
184 wait 188 185 1300
184 irecv 188 2100 200 0
184 irecv 180 2300 200 0
184 send 188 2300 40 0
184 send 180 2100 40 0
184 wait 189 185 2100
184 wait 181 185 2300
184 irecv 216 3100 200 0
184 irecv 152 3300 200 0
184 send 216 3300 60 0
184 send 152 3100 60 0
184 wait 217 185 3100
184 wait 153 185 3300
184 irecv 185 1100 200 0
184 irecv 187 1300 200 0
184 send 185 1300 4 0
184 send 187 1100 4 0
184 wait 186 185 1100
184 wait 188 185 1300
184 irecv 188 2100 200 0
184 irecv 180 2300 200 0
184 send 188 2300 12 0
184 send 180 2100 12 0
184 wait 189 185 2100
184 wait 181 185 2300
184 irecv 216 3100 200 0
184 irecv 152 3300 200 0
184 send 216 3300 24 0
184 send 152 3100 24 0
184 wait 217 185 3100
184 wait 153 185 3300
184 irecv 185 1100 200 0
184 irecv 187 1300 200 0
184 send 185 1300 1 0
184 send 187 1100 1 0
184 wait 186 185 1100
184 wait 188 185 1300
184 irecv 188 2100 200 0
184 irecv 180 2300 200 0
184 send 188 2300 4 0
184 send 180 2100 4 0
184 wait 189 185 2100
184 wait 181 185 2300
184 irecv 216 3100 200 0
184 irecv 152 3300 200 0
184 send 216 3300 12 0
184 send 152 3100 12 0
184 wait 217 185 3100
184 wait 153 185 3300
184 irecv 185 1100 200 0
184 irecv 187 1300 200 0
184 wait 186 185 1100
184 wait 188 185 1300
184 irecv 248 3100 200 0
184 irecv 120 3300 200 0
184 wait 249 185 3100
184 wait 121 185 3300
184 irecv 188 2100 200 0
184 irecv 180 2300 200 0
184 wait 189 185 2100
184 wait 181 185 2300
184 send 216 3300 24 0
184 send 152 3100 12 0
184 irecv 185 1100 200 0
184 irecv 187 1300 200 0
184 send 185 1300 1 0
184 send 187 1100 1 0
184 wait 186 185 1100
184 wait 188 185 1300
184 irecv 188 2100 200 0
184 irecv 180 2300 200 0
184 send 188 2300 4 0
184 send 180 2100 4 0
184 wait 189 185 2100
184 wait 181 185 2300
184 irecv 216 3100 200 0
184 irecv 152 3300 200 0
184 send 216 3300 12 0
184 send 152 3100 12 0
184 wait 217 185 3100
184 wait 153 185 3300
184 irecv 185 1100 200 0
184 irecv 187 1300 200 0
184 send 185 1300 1 0
184 send 187 1100 1 0
184 wait 186 185 1100
184 wait 188 185 1300
184 irecv 188 2100 200 0
184 irecv 180 2300 200 0
184 send 188 2300 4 0
184 send 180 2100 4 0
184 wait 189 185 2100
184 wait 181 185 2300
184 irecv 216 3100 200 0
184 irecv 152 3300 200 0
184 send 216 3300 12 0
184 send 152 3100 12 0
184 wait 217 185 3100
184 wait 153 185 3300
184 irecv 185 1100 200 0
184 irecv 187 1300 200 0
184 send 185 1300 4 0
184 send 187 1100 4 0
184 wait 186 185 1100
184 wait 188 185 1300
184 irecv 188 2100 200 0
184 irecv 180 2300 200 0
184 send 188 2300 12 0
184 send 180 2100 12 0
184 wait 189 185 2100
184 wait 181 185 2300
184 irecv 216 3100 200 0
184 irecv 152 3300 200 0
184 send 216 3300 24 0
184 send 152 3100 24 0
184 wait 217 185 3100
184 wait 153 185 3300
184 irecv 185 1100 200 0
184 irecv 187 1300 200 0
184 send 185 1300 4 0
184 send 187 1100 4 0
184 wait 186 185 1100
184 wait 188 185 1300
184 irecv 188 2100 200 0
184 irecv 180 2300 200 0
184 send 188 2300 12 0
184 send 180 2100 12 0
184 wait 189 185 2100
184 wait 181 185 2300
184 irecv 216 3100 200 0
184 irecv 152 3300 200 0
184 send 216 3300 24 0
184 send 152 3100 24 0
184 wait 217 185 3100
184 wait 153 185 3300
184 irecv 185 1100 200 0
184 irecv 187 1300 200 0
184 send 185 1300 16 0
184 send 187 1100 16 0
184 wait 186 185 1100
184 wait 188 185 1300
184 irecv 188 2100 200 0
184 irecv 180 2300 200 0
184 send 188 2300 40 0
184 send 180 2100 40 0
184 wait 189 185 2100
184 wait 181 185 2300
184 irecv 216 3100 200 0
184 irecv 152 3300 200 0
184 send 216 3300 60 0
184 send 152 3100 60 0
184 wait 217 185 3100
184 wait 153 185 3300
184 irecv 185 1100 200 0
184 irecv 187 1300 200 0
184 send 185 1300 16 0
184 send 187 1100 16 0
184 wait 186 185 1100
184 wait 188 185 1300
184 irecv 188 2100 200 0
184 irecv 180 2300 200 0
184 send 188 2300 40 0
184 send 180 2100 40 0
184 wait 189 185 2100
184 wait 181 185 2300
184 irecv 216 3100 200 0
184 irecv 152 3300 200 0
184 send 216 3300 60 0
184 send 152 3100 60 0
184 wait 217 185 3100
184 wait 153 185 3300
184 irecv 185 1100 200 0
184 irecv 187 1300 200 0
184 send 185 1300 16 0
184 send 187 1100 16 0
184 wait 186 185 1100
184 wait 188 185 1300
184 irecv 188 2100 200 0
184 irecv 180 2300 200 0
184 send 188 2300 40 0
184 send 180 2100 40 0
184 wait 189 185 2100
184 wait 181 185 2300
184 irecv 216 3100 200 0
184 irecv 152 3300 200 0
184 send 216 3300 60 0
184 send 152 3100 60 0
184 wait 217 185 3100
184 wait 153 185 3300
184 irecv 185 1100 200 0
184 irecv 187 1300 200 0
184 send 185 1300 4 0
184 send 187 1100 4 0
184 wait 186 185 1100
184 wait 188 185 1300
184 irecv 188 2100 200 0
184 irecv 180 2300 200 0
184 send 188 2300 12 0
184 send 180 2100 12 0
184 wait 189 185 2100
184 wait 181 185 2300
184 irecv 216 3100 200 0
184 irecv 152 3300 200 0
184 send 216 3300 24 0
184 send 152 3100 24 0
184 wait 217 185 3100
184 wait 153 185 3300
184 irecv 185 1100 200 0
184 irecv 187 1300 200 0
184 send 185 1300 1 0
184 send 187 1100 1 0
184 wait 186 185 1100
184 wait 188 185 1300
184 irecv 188 2100 200 0
184 irecv 180 2300 200 0
184 send 188 2300 4 0
184 send 180 2100 4 0
184 wait 189 185 2100
184 wait 181 185 2300
184 irecv 216 3100 200 0
184 irecv 152 3300 200 0
184 send 216 3300 12 0
184 send 152 3100 12 0
184 wait 217 185 3100
184 wait 153 185 3300
184 irecv 185 1100 200 0
184 irecv 187 1300 200 0
184 wait 186 185 1100
184 wait 188 185 1300
184 irecv 248 3100 200 0
184 irecv 120 3300 200 0
184 wait 249 185 3100
184 wait 121 185 3300
184 irecv 188 2100 200 0
184 irecv 180 2300 200 0
184 wait 189 185 2100
184 wait 181 185 2300
184 send 216 3300 24 0
184 send 152 3100 12 0
184 irecv 185 1100 200 0
184 irecv 187 1300 200 0
184 send 185 1300 1 0
184 send 187 1100 1 0
184 wait 186 185 1100
184 wait 188 185 1300
184 irecv 188 2100 200 0
184 irecv 180 2300 200 0
184 send 188 2300 4 0
184 send 180 2100 4 0
184 wait 189 185 2100
184 wait 181 185 2300
184 irecv 216 3100 200 0
184 irecv 152 3300 200 0
184 send 216 3300 12 0
184 send 152 3100 12 0
184 wait 217 185 3100
184 wait 153 185 3300
184 irecv 185 1100 200 0
184 irecv 187 1300 200 0
184 send 185 1300 1 0
184 send 187 1100 1 0
184 wait 186 185 1100
184 wait 188 185 1300
184 irecv 188 2100 200 0
184 irecv 180 2300 200 0
184 send 188 2300 4 0
184 send 180 2100 4 0
184 wait 189 185 2100
184 wait 181 185 2300
184 irecv 216 3100 200 0
184 irecv 152 3300 200 0
184 send 216 3300 12 0
184 send 152 3100 12 0
184 wait 217 185 3100
184 wait 153 185 3300
184 irecv 185 1100 200 0
184 irecv 187 1300 200 0
184 send 185 1300 4 0
184 send 187 1100 4 0
184 wait 186 185 1100
184 wait 188 185 1300
184 irecv 188 2100 200 0
184 irecv 180 2300 200 0
184 send 188 2300 12 0
184 send 180 2100 12 0
184 wait 189 185 2100
184 wait 181 185 2300
184 irecv 216 3100 200 0
184 irecv 152 3300 200 0
184 send 216 3300 24 0
184 send 152 3100 24 0
184 wait 217 185 3100
184 wait 153 185 3300
184 irecv 185 1100 200 0
184 irecv 187 1300 200 0
184 send 185 1300 4 0
184 send 187 1100 4 0
184 wait 186 185 1100
184 wait 188 185 1300
184 irecv 188 2100 200 0
184 irecv 180 2300 200 0
184 send 188 2300 12 0
184 send 180 2100 12 0
184 wait 189 185 2100
184 wait 181 185 2300
184 irecv 216 3100 200 0
184 irecv 152 3300 200 0
184 send 216 3300 24 0
184 send 152 3100 24 0
184 wait 217 185 3100
184 wait 153 185 3300
184 irecv 185 1100 200 0
184 irecv 187 1300 200 0
184 send 185 1300 16 0
184 send 187 1100 16 0
184 wait 186 185 1100
184 wait 188 185 1300
184 irecv 188 2100 200 0
184 irecv 180 2300 200 0
184 send 188 2300 40 0
184 send 180 2100 40 0
184 wait 189 185 2100
184 wait 181 185 2300
184 irecv 216 3100 200 0
184 irecv 152 3300 200 0
184 send 216 3300 60 0
184 send 152 3100 60 0
184 wait 217 185 3100
184 wait 153 185 3300
184 irecv 185 1100 200 0
184 irecv 187 1300 200 0
184 send 185 1300 16 0
184 send 187 1100 16 0
184 wait 186 185 1100
184 wait 188 185 1300
184 irecv 188 2100 200 0
184 irecv 180 2300 200 0
184 send 188 2300 40 0
184 send 180 2100 40 0
184 wait 189 185 2100
184 wait 181 185 2300
184 irecv 216 3100 200 0
184 irecv 152 3300 200 0
184 send 216 3300 60 0
184 send 152 3100 60 0
184 wait 217 185 3100
184 wait 153 185 3300
184 irecv 185 1100 200 0
184 irecv 187 1300 200 0
184 send 185 1300 16 0
184 send 187 1100 16 0
184 wait 186 185 1100
184 wait 188 185 1300
184 irecv 188 2100 200 0
184 irecv 180 2300 200 0
184 send 188 2300 40 0
184 send 180 2100 40 0
184 wait 189 185 2100
184 wait 181 185 2300
184 irecv 216 3100 200 0
184 irecv 152 3300 200 0
184 send 216 3300 60 0
184 send 152 3100 60 0
184 wait 217 185 3100
184 wait 153 185 3300
184 allreduce 1 0 0 
184 allreduce 1 0 0 
184 reduce 1 0 0 0 
184 finalize
