192 init
192 barrier
192 bcast 1 0 1 
192 bcast 1 0 1 
192 bcast 1 0 1 
192 bcast 1 0 1 
192 bcast 1 0 1 
192 bcast 8 0 1 
192 bcast 1 0 16 
192 barrier
192 allreduce 1 0 0 
192 allreduce 4 0 1 
192 allreduce 1 0 0 
192 allreduce 4 0 1 
192 allreduce 1 0 0 
192 allreduce 4 0 1 
192 allreduce 1 0 0 
192 allreduce 4 0 1 
192 allreduce 1 0 0 
192 allreduce 4 0 1 
192 allreduce 1 0 0 
192 allreduce 4 0 1 
192 allreduce 1 0 0 
192 allreduce 4 0 1 
192 allreduce 1 0 0 
192 allreduce 4 0 1 
192 allreduce 1 0 0 
192 allreduce 4 0 1 
192 allreduce 1 0 0 
192 allreduce 4 0 1 
192 allreduce 1 0 0 
192 allreduce 4 0 1 
192 allreduce 1 0 0 
192 allreduce 4 0 1 
192 allreduce 1 0 0 
192 allreduce 4 0 1 
192 allreduce 1 0 0 
192 allreduce 4 0 1 
192 allreduce 1 0 0 
192 allreduce 4 0 1 
192 allreduce 1 0 0 
192 allreduce 4 0 1 
192 allreduce 1 0 0 
192 allreduce 4 0 1 
192 allreduce 1 0 0 
192 allreduce 4 0 1 
192 allreduce 1 0 0 
192 allreduce 4 0 1 
192 allreduce 1 0 0 
192 allreduce 4 0 1 
192 barrier
192 irecv 193 1100 200 0
192 irecv 195 1300 200 0
192 send 193 1300 16 0
192 send 195 1100 16 0
192 wait 194 193 1100
192 wait 196 193 1300
192 irecv 196 2100 200 0
192 irecv 220 2300 200 0
192 send 196 2300 40 0
192 send 220 2100 40 0
192 wait 197 193 2100
192 wait 221 193 2300
192 irecv 224 3100 200 0
192 irecv 160 3300 200 0
192 send 224 3300 60 0
192 send 160 3100 60 0
192 wait 225 193 3100
192 wait 161 193 3300
192 allreduce 1 0 0 
192 allreduce 1 0 0 
192 irecv 193 1100 200 0
192 irecv 195 1300 200 0
192 send 193 1300 16 0
192 send 195 1100 16 0
192 wait 194 193 1100
192 wait 196 193 1300
192 irecv 196 2100 200 0
192 irecv 220 2300 200 0
192 send 196 2300 40 0
192 send 220 2100 40 0
192 wait 197 193 2100
192 wait 221 193 2300
192 irecv 224 3100 200 0
192 irecv 160 3300 200 0
192 send 224 3300 60 0
192 send 160 3100 60 0
192 wait 225 193 3100
192 wait 161 193 3300
192 allreduce 1 0 0 
192 allreduce 1 0 0 
192 irecv 193 1100 200 0
192 irecv 195 1300 200 0
192 send 193 1300 4 0
192 send 195 1100 4 0
192 wait 194 193 1100
192 wait 196 193 1300
192 irecv 196 2100 200 0
192 irecv 220 2300 200 0
192 send 196 2300 12 0
192 send 220 2100 12 0
192 wait 197 193 2100
192 wait 221 193 2300
192 irecv 224 3100 200 0
192 irecv 160 3300 200 0
192 send 224 3300 24 0
192 send 160 3100 24 0
192 wait 225 193 3100
192 wait 161 193 3300
192 irecv 193 1100 200 0
192 irecv 195 1300 200 0
192 send 193 1300 1 0
192 send 195 1100 1 0
192 wait 194 193 1100
192 wait 196 193 1300
192 irecv 196 2100 200 0
192 irecv 220 2300 200 0
192 send 196 2300 4 0
192 send 220 2100 4 0
192 wait 197 193 2100
192 wait 221 193 2300
192 irecv 224 3100 200 0
192 irecv 160 3300 200 0
192 send 224 3300 12 0
192 send 160 3100 12 0
192 wait 225 193 3100
192 wait 161 193 3300
192 irecv 193 1100 200 0
192 irecv 195 1300 200 0
192 wait 194 193 1100
192 wait 196 193 1300
192 irecv 196 2100 200 0
192 irecv 220 2300 200 0
192 wait 197 193 2100
192 wait 221 193 2300
192 irecv 224 3100 200 0
192 irecv 160 3300 200 0
192 wait 225 193 3100
192 wait 161 193 3300
192 irecv 193 1100 200 0
192 irecv 195 1300 200 0
192 send 193 1300 1 0
192 send 195 1100 1 0
192 wait 194 193 1100
192 wait 196 193 1300
192 irecv 196 2100 200 0
192 irecv 220 2300 200 0
192 send 196 2300 4 0
192 send 220 2100 4 0
192 wait 197 193 2100
192 wait 221 193 2300
192 irecv 224 3100 200 0
192 irecv 160 3300 200 0
192 send 224 3300 12 0
192 send 160 3100 12 0
192 wait 225 193 3100
192 wait 161 193 3300
192 irecv 193 1100 200 0
192 irecv 195 1300 200 0
192 send 193 1300 1 0
192 send 195 1100 1 0
192 wait 194 193 1100
192 wait 196 193 1300
192 irecv 196 2100 200 0
192 irecv 220 2300 200 0
192 send 196 2300 4 0
192 send 220 2100 4 0
192 wait 197 193 2100
192 wait 221 193 2300
192 irecv 224 3100 200 0
192 irecv 160 3300 200 0
192 send 224 3300 12 0
192 send 160 3100 12 0
192 wait 225 193 3100
192 wait 161 193 3300
192 irecv 193 1100 200 0
192 irecv 195 1300 200 0
192 send 193 1300 4 0
192 send 195 1100 4 0
192 wait 194 193 1100
192 wait 196 193 1300
192 irecv 196 2100 200 0
192 irecv 220 2300 200 0
192 send 196 2300 12 0
192 send 220 2100 12 0
192 wait 197 193 2100
192 wait 221 193 2300
192 irecv 224 3100 200 0
192 irecv 160 3300 200 0
192 send 224 3300 24 0
192 send 160 3100 24 0
192 wait 225 193 3100
192 wait 161 193 3300
192 irecv 193 1100 200 0
192 irecv 195 1300 200 0
192 send 193 1300 4 0
192 send 195 1100 4 0
192 wait 194 193 1100
192 wait 196 193 1300
192 irecv 196 2100 200 0
192 irecv 220 2300 200 0
192 send 196 2300 12 0
192 send 220 2100 12 0
192 wait 197 193 2100
192 wait 221 193 2300
192 irecv 224 3100 200 0
192 irecv 160 3300 200 0
192 send 224 3300 24 0
192 send 160 3100 24 0
192 wait 225 193 3100
192 wait 161 193 3300
192 irecv 193 1100 200 0
192 irecv 195 1300 200 0
192 send 193 1300 16 0
192 send 195 1100 16 0
192 wait 194 193 1100
192 wait 196 193 1300
192 irecv 196 2100 200 0
192 irecv 220 2300 200 0
192 send 196 2300 40 0
192 send 220 2100 40 0
192 wait 197 193 2100
192 wait 221 193 2300
192 irecv 224 3100 200 0
192 irecv 160 3300 200 0
192 send 224 3300 60 0
192 send 160 3100 60 0
192 wait 225 193 3100
192 wait 161 193 3300
192 irecv 193 1100 200 0
192 irecv 195 1300 200 0
192 send 193 1300 16 0
192 send 195 1100 16 0
192 wait 194 193 1100
192 wait 196 193 1300
192 irecv 196 2100 200 0
192 irecv 220 2300 200 0
192 send 196 2300 40 0
192 send 220 2100 40 0
192 wait 197 193 2100
192 wait 221 193 2300
192 irecv 224 3100 200 0
192 irecv 160 3300 200 0
192 send 224 3300 60 0
192 send 160 3100 60 0
192 wait 225 193 3100
192 wait 161 193 3300
192 irecv 193 1100 200 0
192 irecv 195 1300 200 0
192 send 193 1300 16 0
192 send 195 1100 16 0
192 wait 194 193 1100
192 wait 196 193 1300
192 irecv 196 2100 200 0
192 irecv 220 2300 200 0
192 send 196 2300 40 0
192 send 220 2100 40 0
192 wait 197 193 2100
192 wait 221 193 2300
192 irecv 224 3100 200 0
192 irecv 160 3300 200 0
192 send 224 3300 60 0
192 send 160 3100 60 0
192 wait 225 193 3100
192 wait 161 193 3300
192 barrier
192 allreduce 1 0 0 
192 allreduce 4 0 1 
192 allreduce 1 0 0 
192 allreduce 4 0 1 
192 allreduce 1 0 0 
192 allreduce 4 0 1 
192 allreduce 1 0 0 
192 allreduce 4 0 1 
192 allreduce 1 0 0 
192 allreduce 4 0 1 
192 allreduce 1 0 0 
192 allreduce 4 0 1 
192 allreduce 1 0 0 
192 allreduce 4 0 1 
192 allreduce 1 0 0 
192 allreduce 4 0 1 
192 allreduce 1 0 0 
192 allreduce 4 0 1 
192 allreduce 1 0 0 
192 allreduce 4 0 1 
192 allreduce 1 0 0 
192 allreduce 4 0 1 
192 allreduce 1 0 0 
192 allreduce 4 0 1 
192 allreduce 1 0 0 
192 allreduce 4 0 1 
192 allreduce 1 0 0 
192 allreduce 4 0 1 
192 allreduce 1 0 0 
192 allreduce 4 0 1 
192 allreduce 1 0 0 
192 allreduce 4 0 1 
192 allreduce 1 0 0 
192 allreduce 4 0 1 
192 allreduce 1 0 0 
192 allreduce 4 0 1 
192 allreduce 1 0 0 
192 allreduce 4 0 1 
192 allreduce 1 0 0 
192 allreduce 4 0 1 
192 barrier
192 irecv 193 1100 200 0
192 irecv 195 1300 200 0
192 send 193 1300 16 0
192 send 195 1100 16 0
192 wait 194 193 1100
192 wait 196 193 1300
192 irecv 196 2100 200 0
192 irecv 220 2300 200 0
192 send 196 2300 40 0
192 send 220 2100 40 0
192 wait 197 193 2100
192 wait 221 193 2300
192 irecv 224 3100 200 0
192 irecv 160 3300 200 0
192 send 224 3300 60 0
192 send 160 3100 60 0
192 wait 225 193 3100
192 wait 161 193 3300
192 barrier
192 irecv 193 1100 200 0
192 irecv 195 1300 200 0
192 send 193 1300 16 0
192 send 195 1100 16 0
192 wait 194 193 1100
192 wait 196 193 1300
192 irecv 196 2100 200 0
192 irecv 220 2300 200 0
192 send 196 2300 40 0
192 send 220 2100 40 0
192 wait 197 193 2100
192 wait 221 193 2300
192 irecv 224 3100 200 0
192 irecv 160 3300 200 0
192 send 224 3300 60 0
192 send 160 3100 60 0
192 wait 225 193 3100
192 wait 161 193 3300
192 allreduce 1 0 0 
192 allreduce 1 0 0 
192 irecv 193 1100 200 0
192 irecv 195 1300 200 0
192 send 193 1300 4 0
192 send 195 1100 4 0
192 wait 194 193 1100
192 wait 196 193 1300
192 irecv 196 2100 200 0
192 irecv 220 2300 200 0
192 send 196 2300 12 0
192 send 220 2100 12 0
192 wait 197 193 2100
192 wait 221 193 2300
192 irecv 224 3100 200 0
192 irecv 160 3300 200 0
192 send 224 3300 24 0
192 send 160 3100 24 0
192 wait 225 193 3100
192 wait 161 193 3300
192 irecv 193 1100 200 0
192 irecv 195 1300 200 0
192 send 193 1300 1 0
192 send 195 1100 1 0
192 wait 194 193 1100
192 wait 196 193 1300
192 irecv 196 2100 200 0
192 irecv 220 2300 200 0
192 send 196 2300 4 0
192 send 220 2100 4 0
192 wait 197 193 2100
192 wait 221 193 2300
192 irecv 224 3100 200 0
192 irecv 160 3300 200 0
192 send 224 3300 12 0
192 send 160 3100 12 0
192 wait 225 193 3100
192 wait 161 193 3300
192 irecv 193 1100 200 0
192 irecv 195 1300 200 0
192 wait 194 193 1100
192 wait 196 193 1300
192 irecv 196 2100 200 0
192 irecv 220 2300 200 0
192 wait 197 193 2100
192 wait 221 193 2300
192 irecv 224 3100 200 0
192 irecv 160 3300 200 0
192 wait 225 193 3100
192 wait 161 193 3300
192 irecv 193 1100 200 0
192 irecv 195 1300 200 0
192 send 193 1300 1 0
192 send 195 1100 1 0
192 wait 194 193 1100
192 wait 196 193 1300
192 irecv 196 2100 200 0
192 irecv 220 2300 200 0
192 send 196 2300 4 0
192 send 220 2100 4 0
192 wait 197 193 2100
192 wait 221 193 2300
192 irecv 224 3100 200 0
192 irecv 160 3300 200 0
192 send 224 3300 12 0
192 send 160 3100 12 0
192 wait 225 193 3100
192 wait 161 193 3300
192 irecv 193 1100 200 0
192 irecv 195 1300 200 0
192 send 193 1300 1 0
192 send 195 1100 1 0
192 wait 194 193 1100
192 wait 196 193 1300
192 irecv 196 2100 200 0
192 irecv 220 2300 200 0
192 send 196 2300 4 0
192 send 220 2100 4 0
192 wait 197 193 2100
192 wait 221 193 2300
192 irecv 224 3100 200 0
192 irecv 160 3300 200 0
192 send 224 3300 12 0
192 send 160 3100 12 0
192 wait 225 193 3100
192 wait 161 193 3300
192 irecv 193 1100 200 0
192 irecv 195 1300 200 0
192 send 193 1300 4 0
192 send 195 1100 4 0
192 wait 194 193 1100
192 wait 196 193 1300
192 irecv 196 2100 200 0
192 irecv 220 2300 200 0
192 send 196 2300 12 0
192 send 220 2100 12 0
192 wait 197 193 2100
192 wait 221 193 2300
192 irecv 224 3100 200 0
192 irecv 160 3300 200 0
192 send 224 3300 24 0
192 send 160 3100 24 0
192 wait 225 193 3100
192 wait 161 193 3300
192 irecv 193 1100 200 0
192 irecv 195 1300 200 0
192 send 193 1300 4 0
192 send 195 1100 4 0
192 wait 194 193 1100
192 wait 196 193 1300
192 irecv 196 2100 200 0
192 irecv 220 2300 200 0
192 send 196 2300 12 0
192 send 220 2100 12 0
192 wait 197 193 2100
192 wait 221 193 2300
192 irecv 224 3100 200 0
192 irecv 160 3300 200 0
192 send 224 3300 24 0
192 send 160 3100 24 0
192 wait 225 193 3100
192 wait 161 193 3300
192 irecv 193 1100 200 0
192 irecv 195 1300 200 0
192 send 193 1300 16 0
192 send 195 1100 16 0
192 wait 194 193 1100
192 wait 196 193 1300
192 irecv 196 2100 200 0
192 irecv 220 2300 200 0
192 send 196 2300 40 0
192 send 220 2100 40 0
192 wait 197 193 2100
192 wait 221 193 2300
192 irecv 224 3100 200 0
192 irecv 160 3300 200 0
192 send 224 3300 60 0
192 send 160 3100 60 0
192 wait 225 193 3100
192 wait 161 193 3300
192 irecv 193 1100 200 0
192 irecv 195 1300 200 0
192 send 193 1300 16 0
192 send 195 1100 16 0
192 wait 194 193 1100
192 wait 196 193 1300
192 irecv 196 2100 200 0
192 irecv 220 2300 200 0
192 send 196 2300 40 0
192 send 220 2100 40 0
192 wait 197 193 2100
192 wait 221 193 2300
192 irecv 224 3100 200 0
192 irecv 160 3300 200 0
192 send 224 3300 60 0
192 send 160 3100 60 0
192 wait 225 193 3100
192 wait 161 193 3300
192 irecv 193 1100 200 0
192 irecv 195 1300 200 0
192 send 193 1300 16 0
192 send 195 1100 16 0
192 wait 194 193 1100
192 wait 196 193 1300
192 irecv 196 2100 200 0
192 irecv 220 2300 200 0
192 send 196 2300 40 0
192 send 220 2100 40 0
192 wait 197 193 2100
192 wait 221 193 2300
192 irecv 224 3100 200 0
192 irecv 160 3300 200 0
192 send 224 3300 60 0
192 send 160 3100 60 0
192 wait 225 193 3100
192 wait 161 193 3300
192 irecv 193 1100 200 0
192 irecv 195 1300 200 0
192 send 193 1300 4 0
192 send 195 1100 4 0
192 wait 194 193 1100
192 wait 196 193 1300
192 irecv 196 2100 200 0
192 irecv 220 2300 200 0
192 send 196 2300 12 0
192 send 220 2100 12 0
192 wait 197 193 2100
192 wait 221 193 2300
192 irecv 224 3100 200 0
192 irecv 160 3300 200 0
192 send 224 3300 24 0
192 send 160 3100 24 0
192 wait 225 193 3100
192 wait 161 193 3300
192 irecv 193 1100 200 0
192 irecv 195 1300 200 0
192 send 193 1300 1 0
192 send 195 1100 1 0
192 wait 194 193 1100
192 wait 196 193 1300
192 irecv 196 2100 200 0
192 irecv 220 2300 200 0
192 send 196 2300 4 0
192 send 220 2100 4 0
192 wait 197 193 2100
192 wait 221 193 2300
192 irecv 224 3100 200 0
192 irecv 160 3300 200 0
192 send 224 3300 12 0
192 send 160 3100 12 0
192 wait 225 193 3100
192 wait 161 193 3300
192 irecv 193 1100 200 0
192 irecv 195 1300 200 0
192 wait 194 193 1100
192 wait 196 193 1300
192 irecv 196 2100 200 0
192 irecv 220 2300 200 0
192 wait 197 193 2100
192 wait 221 193 2300
192 irecv 224 3100 200 0
192 irecv 160 3300 200 0
192 wait 225 193 3100
192 wait 161 193 3300
192 irecv 193 1100 200 0
192 irecv 195 1300 200 0
192 send 193 1300 1 0
192 send 195 1100 1 0
192 wait 194 193 1100
192 wait 196 193 1300
192 irecv 196 2100 200 0
192 irecv 220 2300 200 0
192 send 196 2300 4 0
192 send 220 2100 4 0
192 wait 197 193 2100
192 wait 221 193 2300
192 irecv 224 3100 200 0
192 irecv 160 3300 200 0
192 send 224 3300 12 0
192 send 160 3100 12 0
192 wait 225 193 3100
192 wait 161 193 3300
192 irecv 193 1100 200 0
192 irecv 195 1300 200 0
192 send 193 1300 1 0
192 send 195 1100 1 0
192 wait 194 193 1100
192 wait 196 193 1300
192 irecv 196 2100 200 0
192 irecv 220 2300 200 0
192 send 196 2300 4 0
192 send 220 2100 4 0
192 wait 197 193 2100
192 wait 221 193 2300
192 irecv 224 3100 200 0
192 irecv 160 3300 200 0
192 send 224 3300 12 0
192 send 160 3100 12 0
192 wait 225 193 3100
192 wait 161 193 3300
192 irecv 193 1100 200 0
192 irecv 195 1300 200 0
192 send 193 1300 4 0
192 send 195 1100 4 0
192 wait 194 193 1100
192 wait 196 193 1300
192 irecv 196 2100 200 0
192 irecv 220 2300 200 0
192 send 196 2300 12 0
192 send 220 2100 12 0
192 wait 197 193 2100
192 wait 221 193 2300
192 irecv 224 3100 200 0
192 irecv 160 3300 200 0
192 send 224 3300 24 0
192 send 160 3100 24 0
192 wait 225 193 3100
192 wait 161 193 3300
192 irecv 193 1100 200 0
192 irecv 195 1300 200 0
192 send 193 1300 4 0
192 send 195 1100 4 0
192 wait 194 193 1100
192 wait 196 193 1300
192 irecv 196 2100 200 0
192 irecv 220 2300 200 0
192 send 196 2300 12 0
192 send 220 2100 12 0
192 wait 197 193 2100
192 wait 221 193 2300
192 irecv 224 3100 200 0
192 irecv 160 3300 200 0
192 send 224 3300 24 0
192 send 160 3100 24 0
192 wait 225 193 3100
192 wait 161 193 3300
192 irecv 193 1100 200 0
192 irecv 195 1300 200 0
192 send 193 1300 16 0
192 send 195 1100 16 0
192 wait 194 193 1100
192 wait 196 193 1300
192 irecv 196 2100 200 0
192 irecv 220 2300 200 0
192 send 196 2300 40 0
192 send 220 2100 40 0
192 wait 197 193 2100
192 wait 221 193 2300
192 irecv 224 3100 200 0
192 irecv 160 3300 200 0
192 send 224 3300 60 0
192 send 160 3100 60 0
192 wait 225 193 3100
192 wait 161 193 3300
192 irecv 193 1100 200 0
192 irecv 195 1300 200 0
192 send 193 1300 16 0
192 send 195 1100 16 0
192 wait 194 193 1100
192 wait 196 193 1300
192 irecv 196 2100 200 0
192 irecv 220 2300 200 0
192 send 196 2300 40 0
192 send 220 2100 40 0
192 wait 197 193 2100
192 wait 221 193 2300
192 irecv 224 3100 200 0
192 irecv 160 3300 200 0
192 send 224 3300 60 0
192 send 160 3100 60 0
192 wait 225 193 3100
192 wait 161 193 3300
192 irecv 193 1100 200 0
192 irecv 195 1300 200 0
192 send 193 1300 16 0
192 send 195 1100 16 0
192 wait 194 193 1100
192 wait 196 193 1300
192 irecv 196 2100 200 0
192 irecv 220 2300 200 0
192 send 196 2300 40 0
192 send 220 2100 40 0
192 wait 197 193 2100
192 wait 221 193 2300
192 irecv 224 3100 200 0
192 irecv 160 3300 200 0
192 send 224 3300 60 0
192 send 160 3100 60 0
192 wait 225 193 3100
192 wait 161 193 3300
192 irecv 193 1100 200 0
192 irecv 195 1300 200 0
192 send 193 1300 4 0
192 send 195 1100 4 0
192 wait 194 193 1100
192 wait 196 193 1300
192 irecv 196 2100 200 0
192 irecv 220 2300 200 0
192 send 196 2300 12 0
192 send 220 2100 12 0
192 wait 197 193 2100
192 wait 221 193 2300
192 irecv 224 3100 200 0
192 irecv 160 3300 200 0
192 send 224 3300 24 0
192 send 160 3100 24 0
192 wait 225 193 3100
192 wait 161 193 3300
192 irecv 193 1100 200 0
192 irecv 195 1300 200 0
192 send 193 1300 1 0
192 send 195 1100 1 0
192 wait 194 193 1100
192 wait 196 193 1300
192 irecv 196 2100 200 0
192 irecv 220 2300 200 0
192 send 196 2300 4 0
192 send 220 2100 4 0
192 wait 197 193 2100
192 wait 221 193 2300
192 irecv 224 3100 200 0
192 irecv 160 3300 200 0
192 send 224 3300 12 0
192 send 160 3100 12 0
192 wait 225 193 3100
192 wait 161 193 3300
192 irecv 193 1100 200 0
192 irecv 195 1300 200 0
192 wait 194 193 1100
192 wait 196 193 1300
192 irecv 196 2100 200 0
192 irecv 220 2300 200 0
192 wait 197 193 2100
192 wait 221 193 2300
192 irecv 224 3100 200 0
192 irecv 160 3300 200 0
192 wait 225 193 3100
192 wait 161 193 3300
192 irecv 193 1100 200 0
192 irecv 195 1300 200 0
192 send 193 1300 1 0
192 send 195 1100 1 0
192 wait 194 193 1100
192 wait 196 193 1300
192 irecv 196 2100 200 0
192 irecv 220 2300 200 0
192 send 196 2300 4 0
192 send 220 2100 4 0
192 wait 197 193 2100
192 wait 221 193 2300
192 irecv 224 3100 200 0
192 irecv 160 3300 200 0
192 send 224 3300 12 0
192 send 160 3100 12 0
192 wait 225 193 3100
192 wait 161 193 3300
192 irecv 193 1100 200 0
192 irecv 195 1300 200 0
192 send 193 1300 1 0
192 send 195 1100 1 0
192 wait 194 193 1100
192 wait 196 193 1300
192 irecv 196 2100 200 0
192 irecv 220 2300 200 0
192 send 196 2300 4 0
192 send 220 2100 4 0
192 wait 197 193 2100
192 wait 221 193 2300
192 irecv 224 3100 200 0
192 irecv 160 3300 200 0
192 send 224 3300 12 0
192 send 160 3100 12 0
192 wait 225 193 3100
192 wait 161 193 3300
192 irecv 193 1100 200 0
192 irecv 195 1300 200 0
192 send 193 1300 4 0
192 send 195 1100 4 0
192 wait 194 193 1100
192 wait 196 193 1300
192 irecv 196 2100 200 0
192 irecv 220 2300 200 0
192 send 196 2300 12 0
192 send 220 2100 12 0
192 wait 197 193 2100
192 wait 221 193 2300
192 irecv 224 3100 200 0
192 irecv 160 3300 200 0
192 send 224 3300 24 0
192 send 160 3100 24 0
192 wait 225 193 3100
192 wait 161 193 3300
192 irecv 193 1100 200 0
192 irecv 195 1300 200 0
192 send 193 1300 4 0
192 send 195 1100 4 0
192 wait 194 193 1100
192 wait 196 193 1300
192 irecv 196 2100 200 0
192 irecv 220 2300 200 0
192 send 196 2300 12 0
192 send 220 2100 12 0
192 wait 197 193 2100
192 wait 221 193 2300
192 irecv 224 3100 200 0
192 irecv 160 3300 200 0
192 send 224 3300 24 0
192 send 160 3100 24 0
192 wait 225 193 3100
192 wait 161 193 3300
192 irecv 193 1100 200 0
192 irecv 195 1300 200 0
192 send 193 1300 16 0
192 send 195 1100 16 0
192 wait 194 193 1100
192 wait 196 193 1300
192 irecv 196 2100 200 0
192 irecv 220 2300 200 0
192 send 196 2300 40 0
192 send 220 2100 40 0
192 wait 197 193 2100
192 wait 221 193 2300
192 irecv 224 3100 200 0
192 irecv 160 3300 200 0
192 send 224 3300 60 0
192 send 160 3100 60 0
192 wait 225 193 3100
192 wait 161 193 3300
192 irecv 193 1100 200 0
192 irecv 195 1300 200 0
192 send 193 1300 16 0
192 send 195 1100 16 0
192 wait 194 193 1100
192 wait 196 193 1300
192 irecv 196 2100 200 0
192 irecv 220 2300 200 0
192 send 196 2300 40 0
192 send 220 2100 40 0
192 wait 197 193 2100
192 wait 221 193 2300
192 irecv 224 3100 200 0
192 irecv 160 3300 200 0
192 send 224 3300 60 0
192 send 160 3100 60 0
192 wait 225 193 3100
192 wait 161 193 3300
192 irecv 193 1100 200 0
192 irecv 195 1300 200 0
192 send 193 1300 16 0
192 send 195 1100 16 0
192 wait 194 193 1100
192 wait 196 193 1300
192 irecv 196 2100 200 0
192 irecv 220 2300 200 0
192 send 196 2300 40 0
192 send 220 2100 40 0
192 wait 197 193 2100
192 wait 221 193 2300
192 irecv 224 3100 200 0
192 irecv 160 3300 200 0
192 send 224 3300 60 0
192 send 160 3100 60 0
192 wait 225 193 3100
192 wait 161 193 3300
192 irecv 193 1100 200 0
192 irecv 195 1300 200 0
192 send 193 1300 4 0
192 send 195 1100 4 0
192 wait 194 193 1100
192 wait 196 193 1300
192 irecv 196 2100 200 0
192 irecv 220 2300 200 0
192 send 196 2300 12 0
192 send 220 2100 12 0
192 wait 197 193 2100
192 wait 221 193 2300
192 irecv 224 3100 200 0
192 irecv 160 3300 200 0
192 send 224 3300 24 0
192 send 160 3100 24 0
192 wait 225 193 3100
192 wait 161 193 3300
192 irecv 193 1100 200 0
192 irecv 195 1300 200 0
192 send 193 1300 1 0
192 send 195 1100 1 0
192 wait 194 193 1100
192 wait 196 193 1300
192 irecv 196 2100 200 0
192 irecv 220 2300 200 0
192 send 196 2300 4 0
192 send 220 2100 4 0
192 wait 197 193 2100
192 wait 221 193 2300
192 irecv 224 3100 200 0
192 irecv 160 3300 200 0
192 send 224 3300 12 0
192 send 160 3100 12 0
192 wait 225 193 3100
192 wait 161 193 3300
192 irecv 193 1100 200 0
192 irecv 195 1300 200 0
192 wait 194 193 1100
192 wait 196 193 1300
192 irecv 196 2100 200 0
192 irecv 220 2300 200 0
192 wait 197 193 2100
192 wait 221 193 2300
192 irecv 224 3100 200 0
192 irecv 160 3300 200 0
192 wait 225 193 3100
192 wait 161 193 3300
192 irecv 193 1100 200 0
192 irecv 195 1300 200 0
192 send 193 1300 1 0
192 send 195 1100 1 0
192 wait 194 193 1100
192 wait 196 193 1300
192 irecv 196 2100 200 0
192 irecv 220 2300 200 0
192 send 196 2300 4 0
192 send 220 2100 4 0
192 wait 197 193 2100
192 wait 221 193 2300
192 irecv 224 3100 200 0
192 irecv 160 3300 200 0
192 send 224 3300 12 0
192 send 160 3100 12 0
192 wait 225 193 3100
192 wait 161 193 3300
192 irecv 193 1100 200 0
192 irecv 195 1300 200 0
192 send 193 1300 1 0
192 send 195 1100 1 0
192 wait 194 193 1100
192 wait 196 193 1300
192 irecv 196 2100 200 0
192 irecv 220 2300 200 0
192 send 196 2300 4 0
192 send 220 2100 4 0
192 wait 197 193 2100
192 wait 221 193 2300
192 irecv 224 3100 200 0
192 irecv 160 3300 200 0
192 send 224 3300 12 0
192 send 160 3100 12 0
192 wait 225 193 3100
192 wait 161 193 3300
192 irecv 193 1100 200 0
192 irecv 195 1300 200 0
192 send 193 1300 4 0
192 send 195 1100 4 0
192 wait 194 193 1100
192 wait 196 193 1300
192 irecv 196 2100 200 0
192 irecv 220 2300 200 0
192 send 196 2300 12 0
192 send 220 2100 12 0
192 wait 197 193 2100
192 wait 221 193 2300
192 irecv 224 3100 200 0
192 irecv 160 3300 200 0
192 send 224 3300 24 0
192 send 160 3100 24 0
192 wait 225 193 3100
192 wait 161 193 3300
192 irecv 193 1100 200 0
192 irecv 195 1300 200 0
192 send 193 1300 4 0
192 send 195 1100 4 0
192 wait 194 193 1100
192 wait 196 193 1300
192 irecv 196 2100 200 0
192 irecv 220 2300 200 0
192 send 196 2300 12 0
192 send 220 2100 12 0
192 wait 197 193 2100
192 wait 221 193 2300
192 irecv 224 3100 200 0
192 irecv 160 3300 200 0
192 send 224 3300 24 0
192 send 160 3100 24 0
192 wait 225 193 3100
192 wait 161 193 3300
192 irecv 193 1100 200 0
192 irecv 195 1300 200 0
192 send 193 1300 16 0
192 send 195 1100 16 0
192 wait 194 193 1100
192 wait 196 193 1300
192 irecv 196 2100 200 0
192 irecv 220 2300 200 0
192 send 196 2300 40 0
192 send 220 2100 40 0
192 wait 197 193 2100
192 wait 221 193 2300
192 irecv 224 3100 200 0
192 irecv 160 3300 200 0
192 send 224 3300 60 0
192 send 160 3100 60 0
192 wait 225 193 3100
192 wait 161 193 3300
192 irecv 193 1100 200 0
192 irecv 195 1300 200 0
192 send 193 1300 16 0
192 send 195 1100 16 0
192 wait 194 193 1100
192 wait 196 193 1300
192 irecv 196 2100 200 0
192 irecv 220 2300 200 0
192 send 196 2300 40 0
192 send 220 2100 40 0
192 wait 197 193 2100
192 wait 221 193 2300
192 irecv 224 3100 200 0
192 irecv 160 3300 200 0
192 send 224 3300 60 0
192 send 160 3100 60 0
192 wait 225 193 3100
192 wait 161 193 3300
192 irecv 193 1100 200 0
192 irecv 195 1300 200 0
192 send 193 1300 16 0
192 send 195 1100 16 0
192 wait 194 193 1100
192 wait 196 193 1300
192 irecv 196 2100 200 0
192 irecv 220 2300 200 0
192 send 196 2300 40 0
192 send 220 2100 40 0
192 wait 197 193 2100
192 wait 221 193 2300
192 irecv 224 3100 200 0
192 irecv 160 3300 200 0
192 send 224 3300 60 0
192 send 160 3100 60 0
192 wait 225 193 3100
192 wait 161 193 3300
192 allreduce 1 0 0 
192 allreduce 1 0 0 
192 reduce 1 0 0 0 
192 finalize
