141 init
141 barrier
141 bcast 1 0 1 
141 bcast 1 0 1 
141 bcast 1 0 1 
141 bcast 1 0 1 
141 bcast 1 0 1 
141 bcast 8 0 1 
141 bcast 1 0 16 
141 barrier
141 allreduce 1 0 0 
141 allreduce 4 0 1 
141 allreduce 1 0 0 
141 allreduce 4 0 1 
141 allreduce 1 0 0 
141 allreduce 4 0 1 
141 allreduce 1 0 0 
141 allreduce 4 0 1 
141 allreduce 1 0 0 
141 allreduce 4 0 1 
141 allreduce 1 0 0 
141 allreduce 4 0 1 
141 allreduce 1 0 0 
141 allreduce 4 0 1 
141 allreduce 1 0 0 
141 allreduce 4 0 1 
141 allreduce 1 0 0 
141 allreduce 4 0 1 
141 allreduce 1 0 0 
141 allreduce 4 0 1 
141 allreduce 1 0 0 
141 allreduce 4 0 1 
141 allreduce 1 0 0 
141 allreduce 4 0 1 
141 allreduce 1 0 0 
141 allreduce 4 0 1 
141 allreduce 1 0 0 
141 allreduce 4 0 1 
141 allreduce 1 0 0 
141 allreduce 4 0 1 
141 allreduce 1 0 0 
141 allreduce 4 0 1 
141 allreduce 1 0 0 
141 allreduce 4 0 1 
141 allreduce 1 0 0 
141 allreduce 4 0 1 
141 allreduce 1 0 0 
141 allreduce 4 0 1 
141 allreduce 1 0 0 
141 allreduce 4 0 1 
141 barrier
141 irecv 142 1100 200 0
141 irecv 140 1300 200 0
141 send 142 1300 16 0
141 send 140 1100 16 0
141 wait 143 142 1100
141 wait 141 142 1300
141 irecv 145 2100 200 0
141 irecv 137 2300 200 0
141 send 145 2300 40 0
141 send 137 2100 40 0
141 wait 146 142 2100
141 wait 138 142 2300
141 irecv 173 3100 200 0
141 irecv 109 3300 200 0
141 send 173 3300 60 0
141 send 109 3100 60 0
141 wait 174 142 3100
141 wait 110 142 3300
141 allreduce 1 0 0 
141 allreduce 1 0 0 
141 irecv 142 1100 200 0
141 irecv 140 1300 200 0
141 send 142 1300 16 0
141 send 140 1100 16 0
141 wait 143 142 1100
141 wait 141 142 1300
141 irecv 145 2100 200 0
141 irecv 137 2300 200 0
141 send 145 2300 40 0
141 send 137 2100 40 0
141 wait 146 142 2100
141 wait 138 142 2300
141 irecv 173 3100 200 0
141 irecv 109 3300 200 0
141 send 173 3300 60 0
141 send 109 3100 60 0
141 wait 174 142 3100
141 wait 110 142 3300
141 allreduce 1 0 0 
141 allreduce 1 0 0 
141 irecv 142 1100 200 0
141 irecv 140 1300 200 0
141 send 142 1300 4 0
141 send 140 1100 4 0
141 wait 143 142 1100
141 wait 141 142 1300
141 irecv 145 2100 200 0
141 irecv 137 2300 200 0
141 send 145 2300 12 0
141 send 137 2100 12 0
141 wait 146 142 2100
141 wait 138 142 2300
141 irecv 173 3100 200 0
141 irecv 109 3300 200 0
141 send 173 3300 24 0
141 send 109 3100 24 0
141 wait 174 142 3100
141 wait 110 142 3300
141 irecv 142 1100 200 0
141 irecv 140 1300 200 0
141 send 142 1300 1 0
141 send 140 1100 1 0
141 wait 143 142 1100
141 wait 141 142 1300
141 irecv 145 2100 200 0
141 irecv 137 2300 200 0
141 send 145 2300 4 0
141 send 137 2100 4 0
141 wait 146 142 2100
141 wait 138 142 2300
141 irecv 173 3100 200 0
141 irecv 109 3300 200 0
141 send 173 3300 12 0
141 send 109 3100 12 0
141 wait 174 142 3100
141 wait 110 142 3300
141 send 142 1300 12 0
141 send 140 1100 6 0
141 send 149 2300 12 0
141 send 133 2100 6 0
141 send 145 2300 24 0
141 send 137 2100 12 0
141 irecv 173 3100 200 0
141 irecv 109 3300 200 0
141 wait 174 142 3100
141 wait 110 142 3300
141 irecv 142 1100 200 0
141 irecv 140 1300 200 0
141 send 142 1300 1 0
141 send 140 1100 1 0
141 wait 143 142 1100
141 wait 141 142 1300
141 irecv 145 2100 200 0
141 irecv 137 2300 200 0
141 send 145 2300 4 0
141 send 137 2100 4 0
141 wait 146 142 2100
141 wait 138 142 2300
141 irecv 173 3100 200 0
141 irecv 109 3300 200 0
141 send 173 3300 12 0
141 send 109 3100 12 0
141 wait 174 142 3100
141 wait 110 142 3300
141 irecv 142 1100 200 0
141 irecv 140 1300 200 0
141 send 142 1300 1 0
141 send 140 1100 1 0
141 wait 143 142 1100
141 wait 141 142 1300
141 irecv 145 2100 200 0
141 irecv 137 2300 200 0
141 send 145 2300 4 0
141 send 137 2100 4 0
141 wait 146 142 2100
141 wait 138 142 2300
141 irecv 173 3100 200 0
141 irecv 109 3300 200 0
141 send 173 3300 12 0
141 send 109 3100 12 0
141 wait 174 142 3100
141 wait 110 142 3300
141 irecv 142 1100 200 0
141 irecv 140 1300 200 0
141 send 142 1300 4 0
141 send 140 1100 4 0
141 wait 143 142 1100
141 wait 141 142 1300
141 irecv 145 2100 200 0
141 irecv 137 2300 200 0
141 send 145 2300 12 0
141 send 137 2100 12 0
141 wait 146 142 2100
141 wait 138 142 2300
141 irecv 173 3100 200 0
141 irecv 109 3300 200 0
141 send 173 3300 24 0
141 send 109 3100 24 0
141 wait 174 142 3100
141 wait 110 142 3300
141 irecv 142 1100 200 0
141 irecv 140 1300 200 0
141 send 142 1300 4 0
141 send 140 1100 4 0
141 wait 143 142 1100
141 wait 141 142 1300
141 irecv 145 2100 200 0
141 irecv 137 2300 200 0
141 send 145 2300 12 0
141 send 137 2100 12 0
141 wait 146 142 2100
141 wait 138 142 2300
141 irecv 173 3100 200 0
141 irecv 109 3300 200 0
141 send 173 3300 24 0
141 send 109 3100 24 0
141 wait 174 142 3100
141 wait 110 142 3300
141 irecv 142 1100 200 0
141 irecv 140 1300 200 0
141 send 142 1300 16 0
141 send 140 1100 16 0
141 wait 143 142 1100
141 wait 141 142 1300
141 irecv 145 2100 200 0
141 irecv 137 2300 200 0
141 send 145 2300 40 0
141 send 137 2100 40 0
141 wait 146 142 2100
141 wait 138 142 2300
141 irecv 173 3100 200 0
141 irecv 109 3300 200 0
141 send 173 3300 60 0
141 send 109 3100 60 0
141 wait 174 142 3100
141 wait 110 142 3300
141 irecv 142 1100 200 0
141 irecv 140 1300 200 0
141 send 142 1300 16 0
141 send 140 1100 16 0
141 wait 143 142 1100
141 wait 141 142 1300
141 irecv 145 2100 200 0
141 irecv 137 2300 200 0
141 send 145 2300 40 0
141 send 137 2100 40 0
141 wait 146 142 2100
141 wait 138 142 2300
141 irecv 173 3100 200 0
141 irecv 109 3300 200 0
141 send 173 3300 60 0
141 send 109 3100 60 0
141 wait 174 142 3100
141 wait 110 142 3300
141 irecv 142 1100 200 0
141 irecv 140 1300 200 0
141 send 142 1300 16 0
141 send 140 1100 16 0
141 wait 143 142 1100
141 wait 141 142 1300
141 irecv 145 2100 200 0
141 irecv 137 2300 200 0
141 send 145 2300 40 0
141 send 137 2100 40 0
141 wait 146 142 2100
141 wait 138 142 2300
141 irecv 173 3100 200 0
141 irecv 109 3300 200 0
141 send 173 3300 60 0
141 send 109 3100 60 0
141 wait 174 142 3100
141 wait 110 142 3300
141 barrier
141 allreduce 1 0 0 
141 allreduce 4 0 1 
141 allreduce 1 0 0 
141 allreduce 4 0 1 
141 allreduce 1 0 0 
141 allreduce 4 0 1 
141 allreduce 1 0 0 
141 allreduce 4 0 1 
141 allreduce 1 0 0 
141 allreduce 4 0 1 
141 allreduce 1 0 0 
141 allreduce 4 0 1 
141 allreduce 1 0 0 
141 allreduce 4 0 1 
141 allreduce 1 0 0 
141 allreduce 4 0 1 
141 allreduce 1 0 0 
141 allreduce 4 0 1 
141 allreduce 1 0 0 
141 allreduce 4 0 1 
141 allreduce 1 0 0 
141 allreduce 4 0 1 
141 allreduce 1 0 0 
141 allreduce 4 0 1 
141 allreduce 1 0 0 
141 allreduce 4 0 1 
141 allreduce 1 0 0 
141 allreduce 4 0 1 
141 allreduce 1 0 0 
141 allreduce 4 0 1 
141 allreduce 1 0 0 
141 allreduce 4 0 1 
141 allreduce 1 0 0 
141 allreduce 4 0 1 
141 allreduce 1 0 0 
141 allreduce 4 0 1 
141 allreduce 1 0 0 
141 allreduce 4 0 1 
141 allreduce 1 0 0 
141 allreduce 4 0 1 
141 barrier
141 irecv 142 1100 200 0
141 irecv 140 1300 200 0
141 send 142 1300 16 0
141 send 140 1100 16 0
141 wait 143 142 1100
141 wait 141 142 1300
141 irecv 145 2100 200 0
141 irecv 137 2300 200 0
141 send 145 2300 40 0
141 send 137 2100 40 0
141 wait 146 142 2100
141 wait 138 142 2300
141 irecv 173 3100 200 0
141 irecv 109 3300 200 0
141 send 173 3300 60 0
141 send 109 3100 60 0
141 wait 174 142 3100
141 wait 110 142 3300
141 barrier
141 irecv 142 1100 200 0
141 irecv 140 1300 200 0
141 send 142 1300 16 0
141 send 140 1100 16 0
141 wait 143 142 1100
141 wait 141 142 1300
141 irecv 145 2100 200 0
141 irecv 137 2300 200 0
141 send 145 2300 40 0
141 send 137 2100 40 0
141 wait 146 142 2100
141 wait 138 142 2300
141 irecv 173 3100 200 0
141 irecv 109 3300 200 0
141 send 173 3300 60 0
141 send 109 3100 60 0
141 wait 174 142 3100
141 wait 110 142 3300
141 allreduce 1 0 0 
141 allreduce 1 0 0 
141 irecv 142 1100 200 0
141 irecv 140 1300 200 0
141 send 142 1300 4 0
141 send 140 1100 4 0
141 wait 143 142 1100
141 wait 141 142 1300
141 irecv 145 2100 200 0
141 irecv 137 2300 200 0
141 send 145 2300 12 0
141 send 137 2100 12 0
141 wait 146 142 2100
141 wait 138 142 2300
141 irecv 173 3100 200 0
141 irecv 109 3300 200 0
141 send 173 3300 24 0
141 send 109 3100 24 0
141 wait 174 142 3100
141 wait 110 142 3300
141 irecv 142 1100 200 0
141 irecv 140 1300 200 0
141 send 142 1300 1 0
141 send 140 1100 1 0
141 wait 143 142 1100
141 wait 141 142 1300
141 irecv 145 2100 200 0
141 irecv 137 2300 200 0
141 send 145 2300 4 0
141 send 137 2100 4 0
141 wait 146 142 2100
141 wait 138 142 2300
141 irecv 173 3100 200 0
141 irecv 109 3300 200 0
141 send 173 3300 12 0
141 send 109 3100 12 0
141 wait 174 142 3100
141 wait 110 142 3300
141 send 142 1300 12 0
141 send 140 1100 6 0
141 send 149 2300 12 0
141 send 133 2100 6 0
141 send 145 2300 24 0
141 send 137 2100 12 0
141 irecv 173 3100 200 0
141 irecv 109 3300 200 0
141 wait 174 142 3100
141 wait 110 142 3300
141 irecv 142 1100 200 0
141 irecv 140 1300 200 0
141 send 142 1300 1 0
141 send 140 1100 1 0
141 wait 143 142 1100
141 wait 141 142 1300
141 irecv 145 2100 200 0
141 irecv 137 2300 200 0
141 send 145 2300 4 0
141 send 137 2100 4 0
141 wait 146 142 2100
141 wait 138 142 2300
141 irecv 173 3100 200 0
141 irecv 109 3300 200 0
141 send 173 3300 12 0
141 send 109 3100 12 0
141 wait 174 142 3100
141 wait 110 142 3300
141 irecv 142 1100 200 0
141 irecv 140 1300 200 0
141 send 142 1300 1 0
141 send 140 1100 1 0
141 wait 143 142 1100
141 wait 141 142 1300
141 irecv 145 2100 200 0
141 irecv 137 2300 200 0
141 send 145 2300 4 0
141 send 137 2100 4 0
141 wait 146 142 2100
141 wait 138 142 2300
141 irecv 173 3100 200 0
141 irecv 109 3300 200 0
141 send 173 3300 12 0
141 send 109 3100 12 0
141 wait 174 142 3100
141 wait 110 142 3300
141 irecv 142 1100 200 0
141 irecv 140 1300 200 0
141 send 142 1300 4 0
141 send 140 1100 4 0
141 wait 143 142 1100
141 wait 141 142 1300
141 irecv 145 2100 200 0
141 irecv 137 2300 200 0
141 send 145 2300 12 0
141 send 137 2100 12 0
141 wait 146 142 2100
141 wait 138 142 2300
141 irecv 173 3100 200 0
141 irecv 109 3300 200 0
141 send 173 3300 24 0
141 send 109 3100 24 0
141 wait 174 142 3100
141 wait 110 142 3300
141 irecv 142 1100 200 0
141 irecv 140 1300 200 0
141 send 142 1300 4 0
141 send 140 1100 4 0
141 wait 143 142 1100
141 wait 141 142 1300
141 irecv 145 2100 200 0
141 irecv 137 2300 200 0
141 send 145 2300 12 0
141 send 137 2100 12 0
141 wait 146 142 2100
141 wait 138 142 2300
141 irecv 173 3100 200 0
141 irecv 109 3300 200 0
141 send 173 3300 24 0
141 send 109 3100 24 0
141 wait 174 142 3100
141 wait 110 142 3300
141 irecv 142 1100 200 0
141 irecv 140 1300 200 0
141 send 142 1300 16 0
141 send 140 1100 16 0
141 wait 143 142 1100
141 wait 141 142 1300
141 irecv 145 2100 200 0
141 irecv 137 2300 200 0
141 send 145 2300 40 0
141 send 137 2100 40 0
141 wait 146 142 2100
141 wait 138 142 2300
141 irecv 173 3100 200 0
141 irecv 109 3300 200 0
141 send 173 3300 60 0
141 send 109 3100 60 0
141 wait 174 142 3100
141 wait 110 142 3300
141 irecv 142 1100 200 0
141 irecv 140 1300 200 0
141 send 142 1300 16 0
141 send 140 1100 16 0
141 wait 143 142 1100
141 wait 141 142 1300
141 irecv 145 2100 200 0
141 irecv 137 2300 200 0
141 send 145 2300 40 0
141 send 137 2100 40 0
141 wait 146 142 2100
141 wait 138 142 2300
141 irecv 173 3100 200 0
141 irecv 109 3300 200 0
141 send 173 3300 60 0
141 send 109 3100 60 0
141 wait 174 142 3100
141 wait 110 142 3300
141 irecv 142 1100 200 0
141 irecv 140 1300 200 0
141 send 142 1300 16 0
141 send 140 1100 16 0
141 wait 143 142 1100
141 wait 141 142 1300
141 irecv 145 2100 200 0
141 irecv 137 2300 200 0
141 send 145 2300 40 0
141 send 137 2100 40 0
141 wait 146 142 2100
141 wait 138 142 2300
141 irecv 173 3100 200 0
141 irecv 109 3300 200 0
141 send 173 3300 60 0
141 send 109 3100 60 0
141 wait 174 142 3100
141 wait 110 142 3300
141 irecv 142 1100 200 0
141 irecv 140 1300 200 0
141 send 142 1300 4 0
141 send 140 1100 4 0
141 wait 143 142 1100
141 wait 141 142 1300
141 irecv 145 2100 200 0
141 irecv 137 2300 200 0
141 send 145 2300 12 0
141 send 137 2100 12 0
141 wait 146 142 2100
141 wait 138 142 2300
141 irecv 173 3100 200 0
141 irecv 109 3300 200 0
141 send 173 3300 24 0
141 send 109 3100 24 0
141 wait 174 142 3100
141 wait 110 142 3300
141 irecv 142 1100 200 0
141 irecv 140 1300 200 0
141 send 142 1300 1 0
141 send 140 1100 1 0
141 wait 143 142 1100
141 wait 141 142 1300
141 irecv 145 2100 200 0
141 irecv 137 2300 200 0
141 send 145 2300 4 0
141 send 137 2100 4 0
141 wait 146 142 2100
141 wait 138 142 2300
141 irecv 173 3100 200 0
141 irecv 109 3300 200 0
141 send 173 3300 12 0
141 send 109 3100 12 0
141 wait 174 142 3100
141 wait 110 142 3300
141 send 142 1300 12 0
141 send 140 1100 6 0
141 send 149 2300 12 0
141 send 133 2100 6 0
141 send 145 2300 24 0
141 send 137 2100 12 0
141 irecv 173 3100 200 0
141 irecv 109 3300 200 0
141 wait 174 142 3100
141 wait 110 142 3300
141 irecv 142 1100 200 0
141 irecv 140 1300 200 0
141 send 142 1300 1 0
141 send 140 1100 1 0
141 wait 143 142 1100
141 wait 141 142 1300
141 irecv 145 2100 200 0
141 irecv 137 2300 200 0
141 send 145 2300 4 0
141 send 137 2100 4 0
141 wait 146 142 2100
141 wait 138 142 2300
141 irecv 173 3100 200 0
141 irecv 109 3300 200 0
141 send 173 3300 12 0
141 send 109 3100 12 0
141 wait 174 142 3100
141 wait 110 142 3300
141 irecv 142 1100 200 0
141 irecv 140 1300 200 0
141 send 142 1300 1 0
141 send 140 1100 1 0
141 wait 143 142 1100
141 wait 141 142 1300
141 irecv 145 2100 200 0
141 irecv 137 2300 200 0
141 send 145 2300 4 0
141 send 137 2100 4 0
141 wait 146 142 2100
141 wait 138 142 2300
141 irecv 173 3100 200 0
141 irecv 109 3300 200 0
141 send 173 3300 12 0
141 send 109 3100 12 0
141 wait 174 142 3100
141 wait 110 142 3300
141 irecv 142 1100 200 0
141 irecv 140 1300 200 0
141 send 142 1300 4 0
141 send 140 1100 4 0
141 wait 143 142 1100
141 wait 141 142 1300
141 irecv 145 2100 200 0
141 irecv 137 2300 200 0
141 send 145 2300 12 0
141 send 137 2100 12 0
141 wait 146 142 2100
141 wait 138 142 2300
141 irecv 173 3100 200 0
141 irecv 109 3300 200 0
141 send 173 3300 24 0
141 send 109 3100 24 0
141 wait 174 142 3100
141 wait 110 142 3300
141 irecv 142 1100 200 0
141 irecv 140 1300 200 0
141 send 142 1300 4 0
141 send 140 1100 4 0
141 wait 143 142 1100
141 wait 141 142 1300
141 irecv 145 2100 200 0
141 irecv 137 2300 200 0
141 send 145 2300 12 0
141 send 137 2100 12 0
141 wait 146 142 2100
141 wait 138 142 2300
141 irecv 173 3100 200 0
141 irecv 109 3300 200 0
141 send 173 3300 24 0
141 send 109 3100 24 0
141 wait 174 142 3100
141 wait 110 142 3300
141 irecv 142 1100 200 0
141 irecv 140 1300 200 0
141 send 142 1300 16 0
141 send 140 1100 16 0
141 wait 143 142 1100
141 wait 141 142 1300
141 irecv 145 2100 200 0
141 irecv 137 2300 200 0
141 send 145 2300 40 0
141 send 137 2100 40 0
141 wait 146 142 2100
141 wait 138 142 2300
141 irecv 173 3100 200 0
141 irecv 109 3300 200 0
141 send 173 3300 60 0
141 send 109 3100 60 0
141 wait 174 142 3100
141 wait 110 142 3300
141 irecv 142 1100 200 0
141 irecv 140 1300 200 0
141 send 142 1300 16 0
141 send 140 1100 16 0
141 wait 143 142 1100
141 wait 141 142 1300
141 irecv 145 2100 200 0
141 irecv 137 2300 200 0
141 send 145 2300 40 0
141 send 137 2100 40 0
141 wait 146 142 2100
141 wait 138 142 2300
141 irecv 173 3100 200 0
141 irecv 109 3300 200 0
141 send 173 3300 60 0
141 send 109 3100 60 0
141 wait 174 142 3100
141 wait 110 142 3300
141 irecv 142 1100 200 0
141 irecv 140 1300 200 0
141 send 142 1300 16 0
141 send 140 1100 16 0
141 wait 143 142 1100
141 wait 141 142 1300
141 irecv 145 2100 200 0
141 irecv 137 2300 200 0
141 send 145 2300 40 0
141 send 137 2100 40 0
141 wait 146 142 2100
141 wait 138 142 2300
141 irecv 173 3100 200 0
141 irecv 109 3300 200 0
141 send 173 3300 60 0
141 send 109 3100 60 0
141 wait 174 142 3100
141 wait 110 142 3300
141 irecv 142 1100 200 0
141 irecv 140 1300 200 0
141 send 142 1300 4 0
141 send 140 1100 4 0
141 wait 143 142 1100
141 wait 141 142 1300
141 irecv 145 2100 200 0
141 irecv 137 2300 200 0
141 send 145 2300 12 0
141 send 137 2100 12 0
141 wait 146 142 2100
141 wait 138 142 2300
141 irecv 173 3100 200 0
141 irecv 109 3300 200 0
141 send 173 3300 24 0
141 send 109 3100 24 0
141 wait 174 142 3100
141 wait 110 142 3300
141 irecv 142 1100 200 0
141 irecv 140 1300 200 0
141 send 142 1300 1 0
141 send 140 1100 1 0
141 wait 143 142 1100
141 wait 141 142 1300
141 irecv 145 2100 200 0
141 irecv 137 2300 200 0
141 send 145 2300 4 0
141 send 137 2100 4 0
141 wait 146 142 2100
141 wait 138 142 2300
141 irecv 173 3100 200 0
141 irecv 109 3300 200 0
141 send 173 3300 12 0
141 send 109 3100 12 0
141 wait 174 142 3100
141 wait 110 142 3300
141 send 142 1300 12 0
141 send 140 1100 6 0
141 send 149 2300 12 0
141 send 133 2100 6 0
141 send 145 2300 24 0
141 send 137 2100 12 0
141 irecv 173 3100 200 0
141 irecv 109 3300 200 0
141 wait 174 142 3100
141 wait 110 142 3300
141 irecv 142 1100 200 0
141 irecv 140 1300 200 0
141 send 142 1300 1 0
141 send 140 1100 1 0
141 wait 143 142 1100
141 wait 141 142 1300
141 irecv 145 2100 200 0
141 irecv 137 2300 200 0
141 send 145 2300 4 0
141 send 137 2100 4 0
141 wait 146 142 2100
141 wait 138 142 2300
141 irecv 173 3100 200 0
141 irecv 109 3300 200 0
141 send 173 3300 12 0
141 send 109 3100 12 0
141 wait 174 142 3100
141 wait 110 142 3300
141 irecv 142 1100 200 0
141 irecv 140 1300 200 0
141 send 142 1300 1 0
141 send 140 1100 1 0
141 wait 143 142 1100
141 wait 141 142 1300
141 irecv 145 2100 200 0
141 irecv 137 2300 200 0
141 send 145 2300 4 0
141 send 137 2100 4 0
141 wait 146 142 2100
141 wait 138 142 2300
141 irecv 173 3100 200 0
141 irecv 109 3300 200 0
141 send 173 3300 12 0
141 send 109 3100 12 0
141 wait 174 142 3100
141 wait 110 142 3300
141 irecv 142 1100 200 0
141 irecv 140 1300 200 0
141 send 142 1300 4 0
141 send 140 1100 4 0
141 wait 143 142 1100
141 wait 141 142 1300
141 irecv 145 2100 200 0
141 irecv 137 2300 200 0
141 send 145 2300 12 0
141 send 137 2100 12 0
141 wait 146 142 2100
141 wait 138 142 2300
141 irecv 173 3100 200 0
141 irecv 109 3300 200 0
141 send 173 3300 24 0
141 send 109 3100 24 0
141 wait 174 142 3100
141 wait 110 142 3300
141 irecv 142 1100 200 0
141 irecv 140 1300 200 0
141 send 142 1300 4 0
141 send 140 1100 4 0
141 wait 143 142 1100
141 wait 141 142 1300
141 irecv 145 2100 200 0
141 irecv 137 2300 200 0
141 send 145 2300 12 0
141 send 137 2100 12 0
141 wait 146 142 2100
141 wait 138 142 2300
141 irecv 173 3100 200 0
141 irecv 109 3300 200 0
141 send 173 3300 24 0
141 send 109 3100 24 0
141 wait 174 142 3100
141 wait 110 142 3300
141 irecv 142 1100 200 0
141 irecv 140 1300 200 0
141 send 142 1300 16 0
141 send 140 1100 16 0
141 wait 143 142 1100
141 wait 141 142 1300
141 irecv 145 2100 200 0
141 irecv 137 2300 200 0
141 send 145 2300 40 0
141 send 137 2100 40 0
141 wait 146 142 2100
141 wait 138 142 2300
141 irecv 173 3100 200 0
141 irecv 109 3300 200 0
141 send 173 3300 60 0
141 send 109 3100 60 0
141 wait 174 142 3100
141 wait 110 142 3300
141 irecv 142 1100 200 0
141 irecv 140 1300 200 0
141 send 142 1300 16 0
141 send 140 1100 16 0
141 wait 143 142 1100
141 wait 141 142 1300
141 irecv 145 2100 200 0
141 irecv 137 2300 200 0
141 send 145 2300 40 0
141 send 137 2100 40 0
141 wait 146 142 2100
141 wait 138 142 2300
141 irecv 173 3100 200 0
141 irecv 109 3300 200 0
141 send 173 3300 60 0
141 send 109 3100 60 0
141 wait 174 142 3100
141 wait 110 142 3300
141 irecv 142 1100 200 0
141 irecv 140 1300 200 0
141 send 142 1300 16 0
141 send 140 1100 16 0
141 wait 143 142 1100
141 wait 141 142 1300
141 irecv 145 2100 200 0
141 irecv 137 2300 200 0
141 send 145 2300 40 0
141 send 137 2100 40 0
141 wait 146 142 2100
141 wait 138 142 2300
141 irecv 173 3100 200 0
141 irecv 109 3300 200 0
141 send 173 3300 60 0
141 send 109 3100 60 0
141 wait 174 142 3100
141 wait 110 142 3300
141 irecv 142 1100 200 0
141 irecv 140 1300 200 0
141 send 142 1300 4 0
141 send 140 1100 4 0
141 wait 143 142 1100
141 wait 141 142 1300
141 irecv 145 2100 200 0
141 irecv 137 2300 200 0
141 send 145 2300 12 0
141 send 137 2100 12 0
141 wait 146 142 2100
141 wait 138 142 2300
141 irecv 173 3100 200 0
141 irecv 109 3300 200 0
141 send 173 3300 24 0
141 send 109 3100 24 0
141 wait 174 142 3100
141 wait 110 142 3300
141 irecv 142 1100 200 0
141 irecv 140 1300 200 0
141 send 142 1300 1 0
141 send 140 1100 1 0
141 wait 143 142 1100
141 wait 141 142 1300
141 irecv 145 2100 200 0
141 irecv 137 2300 200 0
141 send 145 2300 4 0
141 send 137 2100 4 0
141 wait 146 142 2100
141 wait 138 142 2300
141 irecv 173 3100 200 0
141 irecv 109 3300 200 0
141 send 173 3300 12 0
141 send 109 3100 12 0
141 wait 174 142 3100
141 wait 110 142 3300
141 send 142 1300 12 0
141 send 140 1100 6 0
141 send 149 2300 12 0
141 send 133 2100 6 0
141 send 145 2300 24 0
141 send 137 2100 12 0
141 irecv 173 3100 200 0
141 irecv 109 3300 200 0
141 wait 174 142 3100
141 wait 110 142 3300
141 irecv 142 1100 200 0
141 irecv 140 1300 200 0
141 send 142 1300 1 0
141 send 140 1100 1 0
141 wait 143 142 1100
141 wait 141 142 1300
141 irecv 145 2100 200 0
141 irecv 137 2300 200 0
141 send 145 2300 4 0
141 send 137 2100 4 0
141 wait 146 142 2100
141 wait 138 142 2300
141 irecv 173 3100 200 0
141 irecv 109 3300 200 0
141 send 173 3300 12 0
141 send 109 3100 12 0
141 wait 174 142 3100
141 wait 110 142 3300
141 irecv 142 1100 200 0
141 irecv 140 1300 200 0
141 send 142 1300 1 0
141 send 140 1100 1 0
141 wait 143 142 1100
141 wait 141 142 1300
141 irecv 145 2100 200 0
141 irecv 137 2300 200 0
141 send 145 2300 4 0
141 send 137 2100 4 0
141 wait 146 142 2100
141 wait 138 142 2300
141 irecv 173 3100 200 0
141 irecv 109 3300 200 0
141 send 173 3300 12 0
141 send 109 3100 12 0
141 wait 174 142 3100
141 wait 110 142 3300
141 irecv 142 1100 200 0
141 irecv 140 1300 200 0
141 send 142 1300 4 0
141 send 140 1100 4 0
141 wait 143 142 1100
141 wait 141 142 1300
141 irecv 145 2100 200 0
141 irecv 137 2300 200 0
141 send 145 2300 12 0
141 send 137 2100 12 0
141 wait 146 142 2100
141 wait 138 142 2300
141 irecv 173 3100 200 0
141 irecv 109 3300 200 0
141 send 173 3300 24 0
141 send 109 3100 24 0
141 wait 174 142 3100
141 wait 110 142 3300
141 irecv 142 1100 200 0
141 irecv 140 1300 200 0
141 send 142 1300 4 0
141 send 140 1100 4 0
141 wait 143 142 1100
141 wait 141 142 1300
141 irecv 145 2100 200 0
141 irecv 137 2300 200 0
141 send 145 2300 12 0
141 send 137 2100 12 0
141 wait 146 142 2100
141 wait 138 142 2300
141 irecv 173 3100 200 0
141 irecv 109 3300 200 0
141 send 173 3300 24 0
141 send 109 3100 24 0
141 wait 174 142 3100
141 wait 110 142 3300
141 irecv 142 1100 200 0
141 irecv 140 1300 200 0
141 send 142 1300 16 0
141 send 140 1100 16 0
141 wait 143 142 1100
141 wait 141 142 1300
141 irecv 145 2100 200 0
141 irecv 137 2300 200 0
141 send 145 2300 40 0
141 send 137 2100 40 0
141 wait 146 142 2100
141 wait 138 142 2300
141 irecv 173 3100 200 0
141 irecv 109 3300 200 0
141 send 173 3300 60 0
141 send 109 3100 60 0
141 wait 174 142 3100
141 wait 110 142 3300
141 irecv 142 1100 200 0
141 irecv 140 1300 200 0
141 send 142 1300 16 0
141 send 140 1100 16 0
141 wait 143 142 1100
141 wait 141 142 1300
141 irecv 145 2100 200 0
141 irecv 137 2300 200 0
141 send 145 2300 40 0
141 send 137 2100 40 0
141 wait 146 142 2100
141 wait 138 142 2300
141 irecv 173 3100 200 0
141 irecv 109 3300 200 0
141 send 173 3300 60 0
141 send 109 3100 60 0
141 wait 174 142 3100
141 wait 110 142 3300
141 irecv 142 1100 200 0
141 irecv 140 1300 200 0
141 send 142 1300 16 0
141 send 140 1100 16 0
141 wait 143 142 1100
141 wait 141 142 1300
141 irecv 145 2100 200 0
141 irecv 137 2300 200 0
141 send 145 2300 40 0
141 send 137 2100 40 0
141 wait 146 142 2100
141 wait 138 142 2300
141 irecv 173 3100 200 0
141 irecv 109 3300 200 0
141 send 173 3300 60 0
141 send 109 3100 60 0
141 wait 174 142 3100
141 wait 110 142 3300
141 allreduce 1 0 0 
141 allreduce 1 0 0 
141 reduce 1 0 0 0 
141 finalize
