206 init
206 barrier
206 bcast 1 0 1 
206 bcast 1 0 1 
206 bcast 1 0 1 
206 bcast 1 0 1 
206 bcast 1 0 1 
206 bcast 8 0 1 
206 bcast 1 0 16 
206 barrier
206 allreduce 1 0 0 
206 allreduce 4 0 1 
206 allreduce 1 0 0 
206 allreduce 4 0 1 
206 allreduce 1 0 0 
206 allreduce 4 0 1 
206 allreduce 1 0 0 
206 allreduce 4 0 1 
206 allreduce 1 0 0 
206 allreduce 4 0 1 
206 allreduce 1 0 0 
206 allreduce 4 0 1 
206 allreduce 1 0 0 
206 allreduce 4 0 1 
206 allreduce 1 0 0 
206 allreduce 4 0 1 
206 allreduce 1 0 0 
206 allreduce 4 0 1 
206 allreduce 1 0 0 
206 allreduce 4 0 1 
206 allreduce 1 0 0 
206 allreduce 4 0 1 
206 allreduce 1 0 0 
206 allreduce 4 0 1 
206 allreduce 1 0 0 
206 allreduce 4 0 1 
206 allreduce 1 0 0 
206 allreduce 4 0 1 
206 allreduce 1 0 0 
206 allreduce 4 0 1 
206 allreduce 1 0 0 
206 allreduce 4 0 1 
206 allreduce 1 0 0 
206 allreduce 4 0 1 
206 allreduce 1 0 0 
206 allreduce 4 0 1 
206 allreduce 1 0 0 
206 allreduce 4 0 1 
206 allreduce 1 0 0 
206 allreduce 4 0 1 
206 barrier
206 irecv 207 1100 200 0
206 irecv 205 1300 200 0
206 send 207 1300 16 0
206 send 205 1100 16 0
206 wait 208 207 1100
206 wait 206 207 1300
206 irecv 210 2100 200 0
206 irecv 202 2300 200 0
206 send 210 2300 40 0
206 send 202 2100 40 0
206 wait 211 207 2100
206 wait 203 207 2300
206 irecv 238 3100 200 0
206 irecv 174 3300 200 0
206 send 238 3300 60 0
206 send 174 3100 60 0
206 wait 239 207 3100
206 wait 175 207 3300
206 allreduce 1 0 0 
206 allreduce 1 0 0 
206 irecv 207 1100 200 0
206 irecv 205 1300 200 0
206 send 207 1300 16 0
206 send 205 1100 16 0
206 wait 208 207 1100
206 wait 206 207 1300
206 irecv 210 2100 200 0
206 irecv 202 2300 200 0
206 send 210 2300 40 0
206 send 202 2100 40 0
206 wait 211 207 2100
206 wait 203 207 2300
206 irecv 238 3100 200 0
206 irecv 174 3300 200 0
206 send 238 3300 60 0
206 send 174 3100 60 0
206 wait 239 207 3100
206 wait 175 207 3300
206 allreduce 1 0 0 
206 allreduce 1 0 0 
206 irecv 207 1100 200 0
206 irecv 205 1300 200 0
206 send 207 1300 4 0
206 send 205 1100 4 0
206 wait 208 207 1100
206 wait 206 207 1300
206 irecv 210 2100 200 0
206 irecv 202 2300 200 0
206 send 210 2300 12 0
206 send 202 2100 12 0
206 wait 211 207 2100
206 wait 203 207 2300
206 irecv 238 3100 200 0
206 irecv 174 3300 200 0
206 send 238 3300 24 0
206 send 174 3100 24 0
206 wait 239 207 3100
206 wait 175 207 3300
206 irecv 207 1100 200 0
206 irecv 205 1300 200 0
206 send 207 1300 1 0
206 send 205 1100 1 0
206 wait 208 207 1100
206 wait 206 207 1300
206 irecv 210 2100 200 0
206 irecv 202 2300 200 0
206 send 210 2300 4 0
206 send 202 2100 4 0
206 wait 211 207 2100
206 wait 203 207 2300
206 irecv 238 3100 200 0
206 irecv 174 3300 200 0
206 send 238 3300 12 0
206 send 174 3100 12 0
206 wait 239 207 3100
206 wait 175 207 3300
206 irecv 207 1100 200 0
206 irecv 205 1300 200 0
206 wait 208 207 1100
206 wait 206 207 1300
206 send 214 2300 12 0
206 send 198 2100 6 0
206 send 210 2300 24 0
206 send 202 2100 12 0
206 irecv 238 3100 200 0
206 irecv 174 3300 200 0
206 wait 239 207 3100
206 wait 175 207 3300
206 irecv 207 1100 200 0
206 irecv 205 1300 200 0
206 send 207 1300 1 0
206 send 205 1100 1 0
206 wait 208 207 1100
206 wait 206 207 1300
206 irecv 210 2100 200 0
206 irecv 202 2300 200 0
206 send 210 2300 4 0
206 send 202 2100 4 0
206 wait 211 207 2100
206 wait 203 207 2300
206 irecv 238 3100 200 0
206 irecv 174 3300 200 0
206 send 238 3300 12 0
206 send 174 3100 12 0
206 wait 239 207 3100
206 wait 175 207 3300
206 irecv 207 1100 200 0
206 irecv 205 1300 200 0
206 send 207 1300 1 0
206 send 205 1100 1 0
206 wait 208 207 1100
206 wait 206 207 1300
206 irecv 210 2100 200 0
206 irecv 202 2300 200 0
206 send 210 2300 4 0
206 send 202 2100 4 0
206 wait 211 207 2100
206 wait 203 207 2300
206 irecv 238 3100 200 0
206 irecv 174 3300 200 0
206 send 238 3300 12 0
206 send 174 3100 12 0
206 wait 239 207 3100
206 wait 175 207 3300
206 irecv 207 1100 200 0
206 irecv 205 1300 200 0
206 send 207 1300 4 0
206 send 205 1100 4 0
206 wait 208 207 1100
206 wait 206 207 1300
206 irecv 210 2100 200 0
206 irecv 202 2300 200 0
206 send 210 2300 12 0
206 send 202 2100 12 0
206 wait 211 207 2100
206 wait 203 207 2300
206 irecv 238 3100 200 0
206 irecv 174 3300 200 0
206 send 238 3300 24 0
206 send 174 3100 24 0
206 wait 239 207 3100
206 wait 175 207 3300
206 irecv 207 1100 200 0
206 irecv 205 1300 200 0
206 send 207 1300 4 0
206 send 205 1100 4 0
206 wait 208 207 1100
206 wait 206 207 1300
206 irecv 210 2100 200 0
206 irecv 202 2300 200 0
206 send 210 2300 12 0
206 send 202 2100 12 0
206 wait 211 207 2100
206 wait 203 207 2300
206 irecv 238 3100 200 0
206 irecv 174 3300 200 0
206 send 238 3300 24 0
206 send 174 3100 24 0
206 wait 239 207 3100
206 wait 175 207 3300
206 irecv 207 1100 200 0
206 irecv 205 1300 200 0
206 send 207 1300 16 0
206 send 205 1100 16 0
206 wait 208 207 1100
206 wait 206 207 1300
206 irecv 210 2100 200 0
206 irecv 202 2300 200 0
206 send 210 2300 40 0
206 send 202 2100 40 0
206 wait 211 207 2100
206 wait 203 207 2300
206 irecv 238 3100 200 0
206 irecv 174 3300 200 0
206 send 238 3300 60 0
206 send 174 3100 60 0
206 wait 239 207 3100
206 wait 175 207 3300
206 irecv 207 1100 200 0
206 irecv 205 1300 200 0
206 send 207 1300 16 0
206 send 205 1100 16 0
206 wait 208 207 1100
206 wait 206 207 1300
206 irecv 210 2100 200 0
206 irecv 202 2300 200 0
206 send 210 2300 40 0
206 send 202 2100 40 0
206 wait 211 207 2100
206 wait 203 207 2300
206 irecv 238 3100 200 0
206 irecv 174 3300 200 0
206 send 238 3300 60 0
206 send 174 3100 60 0
206 wait 239 207 3100
206 wait 175 207 3300
206 irecv 207 1100 200 0
206 irecv 205 1300 200 0
206 send 207 1300 16 0
206 send 205 1100 16 0
206 wait 208 207 1100
206 wait 206 207 1300
206 irecv 210 2100 200 0
206 irecv 202 2300 200 0
206 send 210 2300 40 0
206 send 202 2100 40 0
206 wait 211 207 2100
206 wait 203 207 2300
206 irecv 238 3100 200 0
206 irecv 174 3300 200 0
206 send 238 3300 60 0
206 send 174 3100 60 0
206 wait 239 207 3100
206 wait 175 207 3300
206 barrier
206 allreduce 1 0 0 
206 allreduce 4 0 1 
206 allreduce 1 0 0 
206 allreduce 4 0 1 
206 allreduce 1 0 0 
206 allreduce 4 0 1 
206 allreduce 1 0 0 
206 allreduce 4 0 1 
206 allreduce 1 0 0 
206 allreduce 4 0 1 
206 allreduce 1 0 0 
206 allreduce 4 0 1 
206 allreduce 1 0 0 
206 allreduce 4 0 1 
206 allreduce 1 0 0 
206 allreduce 4 0 1 
206 allreduce 1 0 0 
206 allreduce 4 0 1 
206 allreduce 1 0 0 
206 allreduce 4 0 1 
206 allreduce 1 0 0 
206 allreduce 4 0 1 
206 allreduce 1 0 0 
206 allreduce 4 0 1 
206 allreduce 1 0 0 
206 allreduce 4 0 1 
206 allreduce 1 0 0 
206 allreduce 4 0 1 
206 allreduce 1 0 0 
206 allreduce 4 0 1 
206 allreduce 1 0 0 
206 allreduce 4 0 1 
206 allreduce 1 0 0 
206 allreduce 4 0 1 
206 allreduce 1 0 0 
206 allreduce 4 0 1 
206 allreduce 1 0 0 
206 allreduce 4 0 1 
206 allreduce 1 0 0 
206 allreduce 4 0 1 
206 barrier
206 irecv 207 1100 200 0
206 irecv 205 1300 200 0
206 send 207 1300 16 0
206 send 205 1100 16 0
206 wait 208 207 1100
206 wait 206 207 1300
206 irecv 210 2100 200 0
206 irecv 202 2300 200 0
206 send 210 2300 40 0
206 send 202 2100 40 0
206 wait 211 207 2100
206 wait 203 207 2300
206 irecv 238 3100 200 0
206 irecv 174 3300 200 0
206 send 238 3300 60 0
206 send 174 3100 60 0
206 wait 239 207 3100
206 wait 175 207 3300
206 barrier
206 irecv 207 1100 200 0
206 irecv 205 1300 200 0
206 send 207 1300 16 0
206 send 205 1100 16 0
206 wait 208 207 1100
206 wait 206 207 1300
206 irecv 210 2100 200 0
206 irecv 202 2300 200 0
206 send 210 2300 40 0
206 send 202 2100 40 0
206 wait 211 207 2100
206 wait 203 207 2300
206 irecv 238 3100 200 0
206 irecv 174 3300 200 0
206 send 238 3300 60 0
206 send 174 3100 60 0
206 wait 239 207 3100
206 wait 175 207 3300
206 allreduce 1 0 0 
206 allreduce 1 0 0 
206 irecv 207 1100 200 0
206 irecv 205 1300 200 0
206 send 207 1300 4 0
206 send 205 1100 4 0
206 wait 208 207 1100
206 wait 206 207 1300
206 irecv 210 2100 200 0
206 irecv 202 2300 200 0
206 send 210 2300 12 0
206 send 202 2100 12 0
206 wait 211 207 2100
206 wait 203 207 2300
206 irecv 238 3100 200 0
206 irecv 174 3300 200 0
206 send 238 3300 24 0
206 send 174 3100 24 0
206 wait 239 207 3100
206 wait 175 207 3300
206 irecv 207 1100 200 0
206 irecv 205 1300 200 0
206 send 207 1300 1 0
206 send 205 1100 1 0
206 wait 208 207 1100
206 wait 206 207 1300
206 irecv 210 2100 200 0
206 irecv 202 2300 200 0
206 send 210 2300 4 0
206 send 202 2100 4 0
206 wait 211 207 2100
206 wait 203 207 2300
206 irecv 238 3100 200 0
206 irecv 174 3300 200 0
206 send 238 3300 12 0
206 send 174 3100 12 0
206 wait 239 207 3100
206 wait 175 207 3300
206 irecv 207 1100 200 0
206 irecv 205 1300 200 0
206 wait 208 207 1100
206 wait 206 207 1300
206 send 214 2300 12 0
206 send 198 2100 6 0
206 send 210 2300 24 0
206 send 202 2100 12 0
206 irecv 238 3100 200 0
206 irecv 174 3300 200 0
206 wait 239 207 3100
206 wait 175 207 3300
206 irecv 207 1100 200 0
206 irecv 205 1300 200 0
206 send 207 1300 1 0
206 send 205 1100 1 0
206 wait 208 207 1100
206 wait 206 207 1300
206 irecv 210 2100 200 0
206 irecv 202 2300 200 0
206 send 210 2300 4 0
206 send 202 2100 4 0
206 wait 211 207 2100
206 wait 203 207 2300
206 irecv 238 3100 200 0
206 irecv 174 3300 200 0
206 send 238 3300 12 0
206 send 174 3100 12 0
206 wait 239 207 3100
206 wait 175 207 3300
206 irecv 207 1100 200 0
206 irecv 205 1300 200 0
206 send 207 1300 1 0
206 send 205 1100 1 0
206 wait 208 207 1100
206 wait 206 207 1300
206 irecv 210 2100 200 0
206 irecv 202 2300 200 0
206 send 210 2300 4 0
206 send 202 2100 4 0
206 wait 211 207 2100
206 wait 203 207 2300
206 irecv 238 3100 200 0
206 irecv 174 3300 200 0
206 send 238 3300 12 0
206 send 174 3100 12 0
206 wait 239 207 3100
206 wait 175 207 3300
206 irecv 207 1100 200 0
206 irecv 205 1300 200 0
206 send 207 1300 4 0
206 send 205 1100 4 0
206 wait 208 207 1100
206 wait 206 207 1300
206 irecv 210 2100 200 0
206 irecv 202 2300 200 0
206 send 210 2300 12 0
206 send 202 2100 12 0
206 wait 211 207 2100
206 wait 203 207 2300
206 irecv 238 3100 200 0
206 irecv 174 3300 200 0
206 send 238 3300 24 0
206 send 174 3100 24 0
206 wait 239 207 3100
206 wait 175 207 3300
206 irecv 207 1100 200 0
206 irecv 205 1300 200 0
206 send 207 1300 4 0
206 send 205 1100 4 0
206 wait 208 207 1100
206 wait 206 207 1300
206 irecv 210 2100 200 0
206 irecv 202 2300 200 0
206 send 210 2300 12 0
206 send 202 2100 12 0
206 wait 211 207 2100
206 wait 203 207 2300
206 irecv 238 3100 200 0
206 irecv 174 3300 200 0
206 send 238 3300 24 0
206 send 174 3100 24 0
206 wait 239 207 3100
206 wait 175 207 3300
206 irecv 207 1100 200 0
206 irecv 205 1300 200 0
206 send 207 1300 16 0
206 send 205 1100 16 0
206 wait 208 207 1100
206 wait 206 207 1300
206 irecv 210 2100 200 0
206 irecv 202 2300 200 0
206 send 210 2300 40 0
206 send 202 2100 40 0
206 wait 211 207 2100
206 wait 203 207 2300
206 irecv 238 3100 200 0
206 irecv 174 3300 200 0
206 send 238 3300 60 0
206 send 174 3100 60 0
206 wait 239 207 3100
206 wait 175 207 3300
206 irecv 207 1100 200 0
206 irecv 205 1300 200 0
206 send 207 1300 16 0
206 send 205 1100 16 0
206 wait 208 207 1100
206 wait 206 207 1300
206 irecv 210 2100 200 0
206 irecv 202 2300 200 0
206 send 210 2300 40 0
206 send 202 2100 40 0
206 wait 211 207 2100
206 wait 203 207 2300
206 irecv 238 3100 200 0
206 irecv 174 3300 200 0
206 send 238 3300 60 0
206 send 174 3100 60 0
206 wait 239 207 3100
206 wait 175 207 3300
206 irecv 207 1100 200 0
206 irecv 205 1300 200 0
206 send 207 1300 16 0
206 send 205 1100 16 0
206 wait 208 207 1100
206 wait 206 207 1300
206 irecv 210 2100 200 0
206 irecv 202 2300 200 0
206 send 210 2300 40 0
206 send 202 2100 40 0
206 wait 211 207 2100
206 wait 203 207 2300
206 irecv 238 3100 200 0
206 irecv 174 3300 200 0
206 send 238 3300 60 0
206 send 174 3100 60 0
206 wait 239 207 3100
206 wait 175 207 3300
206 irecv 207 1100 200 0
206 irecv 205 1300 200 0
206 send 207 1300 4 0
206 send 205 1100 4 0
206 wait 208 207 1100
206 wait 206 207 1300
206 irecv 210 2100 200 0
206 irecv 202 2300 200 0
206 send 210 2300 12 0
206 send 202 2100 12 0
206 wait 211 207 2100
206 wait 203 207 2300
206 irecv 238 3100 200 0
206 irecv 174 3300 200 0
206 send 238 3300 24 0
206 send 174 3100 24 0
206 wait 239 207 3100
206 wait 175 207 3300
206 irecv 207 1100 200 0
206 irecv 205 1300 200 0
206 send 207 1300 1 0
206 send 205 1100 1 0
206 wait 208 207 1100
206 wait 206 207 1300
206 irecv 210 2100 200 0
206 irecv 202 2300 200 0
206 send 210 2300 4 0
206 send 202 2100 4 0
206 wait 211 207 2100
206 wait 203 207 2300
206 irecv 238 3100 200 0
206 irecv 174 3300 200 0
206 send 238 3300 12 0
206 send 174 3100 12 0
206 wait 239 207 3100
206 wait 175 207 3300
206 irecv 207 1100 200 0
206 irecv 205 1300 200 0
206 wait 208 207 1100
206 wait 206 207 1300
206 send 214 2300 12 0
206 send 198 2100 6 0
206 send 210 2300 24 0
206 send 202 2100 12 0
206 irecv 238 3100 200 0
206 irecv 174 3300 200 0
206 wait 239 207 3100
206 wait 175 207 3300
206 irecv 207 1100 200 0
206 irecv 205 1300 200 0
206 send 207 1300 1 0
206 send 205 1100 1 0
206 wait 208 207 1100
206 wait 206 207 1300
206 irecv 210 2100 200 0
206 irecv 202 2300 200 0
206 send 210 2300 4 0
206 send 202 2100 4 0
206 wait 211 207 2100
206 wait 203 207 2300
206 irecv 238 3100 200 0
206 irecv 174 3300 200 0
206 send 238 3300 12 0
206 send 174 3100 12 0
206 wait 239 207 3100
206 wait 175 207 3300
206 irecv 207 1100 200 0
206 irecv 205 1300 200 0
206 send 207 1300 1 0
206 send 205 1100 1 0
206 wait 208 207 1100
206 wait 206 207 1300
206 irecv 210 2100 200 0
206 irecv 202 2300 200 0
206 send 210 2300 4 0
206 send 202 2100 4 0
206 wait 211 207 2100
206 wait 203 207 2300
206 irecv 238 3100 200 0
206 irecv 174 3300 200 0
206 send 238 3300 12 0
206 send 174 3100 12 0
206 wait 239 207 3100
206 wait 175 207 3300
206 irecv 207 1100 200 0
206 irecv 205 1300 200 0
206 send 207 1300 4 0
206 send 205 1100 4 0
206 wait 208 207 1100
206 wait 206 207 1300
206 irecv 210 2100 200 0
206 irecv 202 2300 200 0
206 send 210 2300 12 0
206 send 202 2100 12 0
206 wait 211 207 2100
206 wait 203 207 2300
206 irecv 238 3100 200 0
206 irecv 174 3300 200 0
206 send 238 3300 24 0
206 send 174 3100 24 0
206 wait 239 207 3100
206 wait 175 207 3300
206 irecv 207 1100 200 0
206 irecv 205 1300 200 0
206 send 207 1300 4 0
206 send 205 1100 4 0
206 wait 208 207 1100
206 wait 206 207 1300
206 irecv 210 2100 200 0
206 irecv 202 2300 200 0
206 send 210 2300 12 0
206 send 202 2100 12 0
206 wait 211 207 2100
206 wait 203 207 2300
206 irecv 238 3100 200 0
206 irecv 174 3300 200 0
206 send 238 3300 24 0
206 send 174 3100 24 0
206 wait 239 207 3100
206 wait 175 207 3300
206 irecv 207 1100 200 0
206 irecv 205 1300 200 0
206 send 207 1300 16 0
206 send 205 1100 16 0
206 wait 208 207 1100
206 wait 206 207 1300
206 irecv 210 2100 200 0
206 irecv 202 2300 200 0
206 send 210 2300 40 0
206 send 202 2100 40 0
206 wait 211 207 2100
206 wait 203 207 2300
206 irecv 238 3100 200 0
206 irecv 174 3300 200 0
206 send 238 3300 60 0
206 send 174 3100 60 0
206 wait 239 207 3100
206 wait 175 207 3300
206 irecv 207 1100 200 0
206 irecv 205 1300 200 0
206 send 207 1300 16 0
206 send 205 1100 16 0
206 wait 208 207 1100
206 wait 206 207 1300
206 irecv 210 2100 200 0
206 irecv 202 2300 200 0
206 send 210 2300 40 0
206 send 202 2100 40 0
206 wait 211 207 2100
206 wait 203 207 2300
206 irecv 238 3100 200 0
206 irecv 174 3300 200 0
206 send 238 3300 60 0
206 send 174 3100 60 0
206 wait 239 207 3100
206 wait 175 207 3300
206 irecv 207 1100 200 0
206 irecv 205 1300 200 0
206 send 207 1300 16 0
206 send 205 1100 16 0
206 wait 208 207 1100
206 wait 206 207 1300
206 irecv 210 2100 200 0
206 irecv 202 2300 200 0
206 send 210 2300 40 0
206 send 202 2100 40 0
206 wait 211 207 2100
206 wait 203 207 2300
206 irecv 238 3100 200 0
206 irecv 174 3300 200 0
206 send 238 3300 60 0
206 send 174 3100 60 0
206 wait 239 207 3100
206 wait 175 207 3300
206 irecv 207 1100 200 0
206 irecv 205 1300 200 0
206 send 207 1300 4 0
206 send 205 1100 4 0
206 wait 208 207 1100
206 wait 206 207 1300
206 irecv 210 2100 200 0
206 irecv 202 2300 200 0
206 send 210 2300 12 0
206 send 202 2100 12 0
206 wait 211 207 2100
206 wait 203 207 2300
206 irecv 238 3100 200 0
206 irecv 174 3300 200 0
206 send 238 3300 24 0
206 send 174 3100 24 0
206 wait 239 207 3100
206 wait 175 207 3300
206 irecv 207 1100 200 0
206 irecv 205 1300 200 0
206 send 207 1300 1 0
206 send 205 1100 1 0
206 wait 208 207 1100
206 wait 206 207 1300
206 irecv 210 2100 200 0
206 irecv 202 2300 200 0
206 send 210 2300 4 0
206 send 202 2100 4 0
206 wait 211 207 2100
206 wait 203 207 2300
206 irecv 238 3100 200 0
206 irecv 174 3300 200 0
206 send 238 3300 12 0
206 send 174 3100 12 0
206 wait 239 207 3100
206 wait 175 207 3300
206 irecv 207 1100 200 0
206 irecv 205 1300 200 0
206 wait 208 207 1100
206 wait 206 207 1300
206 send 214 2300 12 0
206 send 198 2100 6 0
206 send 210 2300 24 0
206 send 202 2100 12 0
206 irecv 238 3100 200 0
206 irecv 174 3300 200 0
206 wait 239 207 3100
206 wait 175 207 3300
206 irecv 207 1100 200 0
206 irecv 205 1300 200 0
206 send 207 1300 1 0
206 send 205 1100 1 0
206 wait 208 207 1100
206 wait 206 207 1300
206 irecv 210 2100 200 0
206 irecv 202 2300 200 0
206 send 210 2300 4 0
206 send 202 2100 4 0
206 wait 211 207 2100
206 wait 203 207 2300
206 irecv 238 3100 200 0
206 irecv 174 3300 200 0
206 send 238 3300 12 0
206 send 174 3100 12 0
206 wait 239 207 3100
206 wait 175 207 3300
206 irecv 207 1100 200 0
206 irecv 205 1300 200 0
206 send 207 1300 1 0
206 send 205 1100 1 0
206 wait 208 207 1100
206 wait 206 207 1300
206 irecv 210 2100 200 0
206 irecv 202 2300 200 0
206 send 210 2300 4 0
206 send 202 2100 4 0
206 wait 211 207 2100
206 wait 203 207 2300
206 irecv 238 3100 200 0
206 irecv 174 3300 200 0
206 send 238 3300 12 0
206 send 174 3100 12 0
206 wait 239 207 3100
206 wait 175 207 3300
206 irecv 207 1100 200 0
206 irecv 205 1300 200 0
206 send 207 1300 4 0
206 send 205 1100 4 0
206 wait 208 207 1100
206 wait 206 207 1300
206 irecv 210 2100 200 0
206 irecv 202 2300 200 0
206 send 210 2300 12 0
206 send 202 2100 12 0
206 wait 211 207 2100
206 wait 203 207 2300
206 irecv 238 3100 200 0
206 irecv 174 3300 200 0
206 send 238 3300 24 0
206 send 174 3100 24 0
206 wait 239 207 3100
206 wait 175 207 3300
206 irecv 207 1100 200 0
206 irecv 205 1300 200 0
206 send 207 1300 4 0
206 send 205 1100 4 0
206 wait 208 207 1100
206 wait 206 207 1300
206 irecv 210 2100 200 0
206 irecv 202 2300 200 0
206 send 210 2300 12 0
206 send 202 2100 12 0
206 wait 211 207 2100
206 wait 203 207 2300
206 irecv 238 3100 200 0
206 irecv 174 3300 200 0
206 send 238 3300 24 0
206 send 174 3100 24 0
206 wait 239 207 3100
206 wait 175 207 3300
206 irecv 207 1100 200 0
206 irecv 205 1300 200 0
206 send 207 1300 16 0
206 send 205 1100 16 0
206 wait 208 207 1100
206 wait 206 207 1300
206 irecv 210 2100 200 0
206 irecv 202 2300 200 0
206 send 210 2300 40 0
206 send 202 2100 40 0
206 wait 211 207 2100
206 wait 203 207 2300
206 irecv 238 3100 200 0
206 irecv 174 3300 200 0
206 send 238 3300 60 0
206 send 174 3100 60 0
206 wait 239 207 3100
206 wait 175 207 3300
206 irecv 207 1100 200 0
206 irecv 205 1300 200 0
206 send 207 1300 16 0
206 send 205 1100 16 0
206 wait 208 207 1100
206 wait 206 207 1300
206 irecv 210 2100 200 0
206 irecv 202 2300 200 0
206 send 210 2300 40 0
206 send 202 2100 40 0
206 wait 211 207 2100
206 wait 203 207 2300
206 irecv 238 3100 200 0
206 irecv 174 3300 200 0
206 send 238 3300 60 0
206 send 174 3100 60 0
206 wait 239 207 3100
206 wait 175 207 3300
206 irecv 207 1100 200 0
206 irecv 205 1300 200 0
206 send 207 1300 16 0
206 send 205 1100 16 0
206 wait 208 207 1100
206 wait 206 207 1300
206 irecv 210 2100 200 0
206 irecv 202 2300 200 0
206 send 210 2300 40 0
206 send 202 2100 40 0
206 wait 211 207 2100
206 wait 203 207 2300
206 irecv 238 3100 200 0
206 irecv 174 3300 200 0
206 send 238 3300 60 0
206 send 174 3100 60 0
206 wait 239 207 3100
206 wait 175 207 3300
206 irecv 207 1100 200 0
206 irecv 205 1300 200 0
206 send 207 1300 4 0
206 send 205 1100 4 0
206 wait 208 207 1100
206 wait 206 207 1300
206 irecv 210 2100 200 0
206 irecv 202 2300 200 0
206 send 210 2300 12 0
206 send 202 2100 12 0
206 wait 211 207 2100
206 wait 203 207 2300
206 irecv 238 3100 200 0
206 irecv 174 3300 200 0
206 send 238 3300 24 0
206 send 174 3100 24 0
206 wait 239 207 3100
206 wait 175 207 3300
206 irecv 207 1100 200 0
206 irecv 205 1300 200 0
206 send 207 1300 1 0
206 send 205 1100 1 0
206 wait 208 207 1100
206 wait 206 207 1300
206 irecv 210 2100 200 0
206 irecv 202 2300 200 0
206 send 210 2300 4 0
206 send 202 2100 4 0
206 wait 211 207 2100
206 wait 203 207 2300
206 irecv 238 3100 200 0
206 irecv 174 3300 200 0
206 send 238 3300 12 0
206 send 174 3100 12 0
206 wait 239 207 3100
206 wait 175 207 3300
206 irecv 207 1100 200 0
206 irecv 205 1300 200 0
206 wait 208 207 1100
206 wait 206 207 1300
206 send 214 2300 12 0
206 send 198 2100 6 0
206 send 210 2300 24 0
206 send 202 2100 12 0
206 irecv 238 3100 200 0
206 irecv 174 3300 200 0
206 wait 239 207 3100
206 wait 175 207 3300
206 irecv 207 1100 200 0
206 irecv 205 1300 200 0
206 send 207 1300 1 0
206 send 205 1100 1 0
206 wait 208 207 1100
206 wait 206 207 1300
206 irecv 210 2100 200 0
206 irecv 202 2300 200 0
206 send 210 2300 4 0
206 send 202 2100 4 0
206 wait 211 207 2100
206 wait 203 207 2300
206 irecv 238 3100 200 0
206 irecv 174 3300 200 0
206 send 238 3300 12 0
206 send 174 3100 12 0
206 wait 239 207 3100
206 wait 175 207 3300
206 irecv 207 1100 200 0
206 irecv 205 1300 200 0
206 send 207 1300 1 0
206 send 205 1100 1 0
206 wait 208 207 1100
206 wait 206 207 1300
206 irecv 210 2100 200 0
206 irecv 202 2300 200 0
206 send 210 2300 4 0
206 send 202 2100 4 0
206 wait 211 207 2100
206 wait 203 207 2300
206 irecv 238 3100 200 0
206 irecv 174 3300 200 0
206 send 238 3300 12 0
206 send 174 3100 12 0
206 wait 239 207 3100
206 wait 175 207 3300
206 irecv 207 1100 200 0
206 irecv 205 1300 200 0
206 send 207 1300 4 0
206 send 205 1100 4 0
206 wait 208 207 1100
206 wait 206 207 1300
206 irecv 210 2100 200 0
206 irecv 202 2300 200 0
206 send 210 2300 12 0
206 send 202 2100 12 0
206 wait 211 207 2100
206 wait 203 207 2300
206 irecv 238 3100 200 0
206 irecv 174 3300 200 0
206 send 238 3300 24 0
206 send 174 3100 24 0
206 wait 239 207 3100
206 wait 175 207 3300
206 irecv 207 1100 200 0
206 irecv 205 1300 200 0
206 send 207 1300 4 0
206 send 205 1100 4 0
206 wait 208 207 1100
206 wait 206 207 1300
206 irecv 210 2100 200 0
206 irecv 202 2300 200 0
206 send 210 2300 12 0
206 send 202 2100 12 0
206 wait 211 207 2100
206 wait 203 207 2300
206 irecv 238 3100 200 0
206 irecv 174 3300 200 0
206 send 238 3300 24 0
206 send 174 3100 24 0
206 wait 239 207 3100
206 wait 175 207 3300
206 irecv 207 1100 200 0
206 irecv 205 1300 200 0
206 send 207 1300 16 0
206 send 205 1100 16 0
206 wait 208 207 1100
206 wait 206 207 1300
206 irecv 210 2100 200 0
206 irecv 202 2300 200 0
206 send 210 2300 40 0
206 send 202 2100 40 0
206 wait 211 207 2100
206 wait 203 207 2300
206 irecv 238 3100 200 0
206 irecv 174 3300 200 0
206 send 238 3300 60 0
206 send 174 3100 60 0
206 wait 239 207 3100
206 wait 175 207 3300
206 irecv 207 1100 200 0
206 irecv 205 1300 200 0
206 send 207 1300 16 0
206 send 205 1100 16 0
206 wait 208 207 1100
206 wait 206 207 1300
206 irecv 210 2100 200 0
206 irecv 202 2300 200 0
206 send 210 2300 40 0
206 send 202 2100 40 0
206 wait 211 207 2100
206 wait 203 207 2300
206 irecv 238 3100 200 0
206 irecv 174 3300 200 0
206 send 238 3300 60 0
206 send 174 3100 60 0
206 wait 239 207 3100
206 wait 175 207 3300
206 irecv 207 1100 200 0
206 irecv 205 1300 200 0
206 send 207 1300 16 0
206 send 205 1100 16 0
206 wait 208 207 1100
206 wait 206 207 1300
206 irecv 210 2100 200 0
206 irecv 202 2300 200 0
206 send 210 2300 40 0
206 send 202 2100 40 0
206 wait 211 207 2100
206 wait 203 207 2300
206 irecv 238 3100 200 0
206 irecv 174 3300 200 0
206 send 238 3300 60 0
206 send 174 3100 60 0
206 wait 239 207 3100
206 wait 175 207 3300
206 allreduce 1 0 0 
206 allreduce 1 0 0 
206 reduce 1 0 0 0 
206 finalize
