253 init
253 barrier
253 bcast 1 0 1 
253 bcast 1 0 1 
253 bcast 1 0 1 
253 bcast 1 0 1 
253 bcast 1 0 1 
253 bcast 8 0 1 
253 bcast 1 0 16 
253 barrier
253 allreduce 1 0 0 
253 allreduce 4 0 1 
253 allreduce 1 0 0 
253 allreduce 4 0 1 
253 allreduce 1 0 0 
253 allreduce 4 0 1 
253 allreduce 1 0 0 
253 allreduce 4 0 1 
253 allreduce 1 0 0 
253 allreduce 4 0 1 
253 allreduce 1 0 0 
253 allreduce 4 0 1 
253 allreduce 1 0 0 
253 allreduce 4 0 1 
253 allreduce 1 0 0 
253 allreduce 4 0 1 
253 allreduce 1 0 0 
253 allreduce 4 0 1 
253 allreduce 1 0 0 
253 allreduce 4 0 1 
253 allreduce 1 0 0 
253 allreduce 4 0 1 
253 allreduce 1 0 0 
253 allreduce 4 0 1 
253 allreduce 1 0 0 
253 allreduce 4 0 1 
253 allreduce 1 0 0 
253 allreduce 4 0 1 
253 allreduce 1 0 0 
253 allreduce 4 0 1 
253 allreduce 1 0 0 
253 allreduce 4 0 1 
253 allreduce 1 0 0 
253 allreduce 4 0 1 
253 allreduce 1 0 0 
253 allreduce 4 0 1 
253 allreduce 1 0 0 
253 allreduce 4 0 1 
253 allreduce 1 0 0 
253 allreduce 4 0 1 
253 barrier
253 irecv 254 1100 200 0
253 irecv 252 1300 200 0
253 send 254 1300 16 0
253 send 252 1100 16 0
253 wait 255 254 1100
253 wait 253 254 1300
253 irecv 225 2100 200 0
253 irecv 249 2300 200 0
253 send 225 2300 40 0
253 send 249 2100 40 0
253 wait 226 254 2100
253 wait 250 254 2300
253 irecv 29 3100 200 0
253 irecv 221 3300 200 0
253 send 29 3300 60 0
253 send 221 3100 60 0
253 wait 30 254 3100
253 wait 222 254 3300
253 allreduce 1 0 0 
253 allreduce 1 0 0 
253 irecv 254 1100 200 0
253 irecv 252 1300 200 0
253 send 254 1300 16 0
253 send 252 1100 16 0
253 wait 255 254 1100
253 wait 253 254 1300
253 irecv 225 2100 200 0
253 irecv 249 2300 200 0
253 send 225 2300 40 0
253 send 249 2100 40 0
253 wait 226 254 2100
253 wait 250 254 2300
253 irecv 29 3100 200 0
253 irecv 221 3300 200 0
253 send 29 3300 60 0
253 send 221 3100 60 0
253 wait 30 254 3100
253 wait 222 254 3300
253 allreduce 1 0 0 
253 allreduce 1 0 0 
253 irecv 254 1100 200 0
253 irecv 252 1300 200 0
253 send 254 1300 4 0
253 send 252 1100 4 0
253 wait 255 254 1100
253 wait 253 254 1300
253 irecv 225 2100 200 0
253 irecv 249 2300 200 0
253 send 225 2300 12 0
253 send 249 2100 12 0
253 wait 226 254 2100
253 wait 250 254 2300
253 irecv 29 3100 200 0
253 irecv 221 3300 200 0
253 send 29 3300 24 0
253 send 221 3100 24 0
253 wait 30 254 3100
253 wait 222 254 3300
253 irecv 254 1100 200 0
253 irecv 252 1300 200 0
253 send 254 1300 1 0
253 send 252 1100 1 0
253 wait 255 254 1100
253 wait 253 254 1300
253 irecv 225 2100 200 0
253 irecv 249 2300 200 0
253 send 225 2300 4 0
253 send 249 2100 4 0
253 wait 226 254 2100
253 wait 250 254 2300
253 irecv 29 3100 200 0
253 irecv 221 3300 200 0
253 send 29 3300 12 0
253 send 221 3100 12 0
253 wait 30 254 3100
253 wait 222 254 3300
253 irecv 254 1100 200 0
253 irecv 252 1300 200 0
253 send 254 1300 1 0
253 send 252 1100 1 0
253 wait 255 254 1100
253 wait 253 254 1300
253 irecv 229 2100 200 0
253 irecv 245 2300 200 0
253 send 229 2300 3 0
253 send 245 2100 3 0
253 wait 230 254 2100
253 wait 246 254 2300
253 irecv 61 3100 200 0
253 irecv 189 3300 200 0
253 send 61 3300 9 0
253 send 189 3100 9 0
253 wait 62 254 3100
253 wait 190 254 3300
253 irecv 255 1100 200 0
253 irecv 255 1300 200 0
253 send 255 1300 1 0
253 send 255 1100 1 0
253 wait 256 254 1100
253 wait 256 254 1300
253 irecv 237 2100 200 0
253 irecv 237 2300 200 0
253 send 237 2300 3 0
253 send 237 2100 3 0
253 wait 238 254 2100
253 wait 238 254 2300
253 irecv 125 3100 200 0
253 irecv 125 3300 200 0
253 send 125 3300 9 0
253 send 125 3100 9 0
253 wait 126 254 3100
253 wait 126 254 3300
253 irecv 255 1100 200 0
253 irecv 255 1300 200 0
253 send 255 1300 1 0
253 send 255 1100 1 0
253 wait 256 254 1100
253 wait 256 254 1300
253 irecv 237 2100 200 0
253 irecv 237 2300 200 0
253 send 237 2300 3 0
253 send 237 2100 3 0
253 wait 238 254 2100
253 wait 238 254 2300
253 irecv 125 3100 200 0
253 irecv 125 3300 200 0
253 send 125 3300 9 0
253 send 125 3100 9 0
253 wait 126 254 3100
253 wait 126 254 3300
253 send 254 1300 18 0
253 send 252 1100 9 0
253 send 229 2300 18 0
253 send 245 2100 9 0
253 send 61 3300 18 0
253 send 189 3100 9 0
253 irecv 254 1100 200 0
253 irecv 252 1300 200 0
253 send 254 1300 1 0
253 send 252 1100 1 0
253 wait 255 254 1100
253 wait 253 254 1300
253 irecv 229 2100 200 0
253 irecv 245 2300 200 0
253 send 229 2300 3 0
253 send 245 2100 3 0
253 wait 230 254 2100
253 wait 246 254 2300
253 irecv 61 3100 200 0
253 irecv 189 3300 200 0
253 send 61 3300 9 0
253 send 189 3100 9 0
253 wait 62 254 3100
253 wait 190 254 3300
253 irecv 254 1100 200 0
253 irecv 252 1300 200 0
253 send 254 1300 1 0
253 send 252 1100 1 0
253 wait 255 254 1100
253 wait 253 254 1300
253 irecv 229 2100 200 0
253 irecv 245 2300 200 0
253 send 229 2300 3 0
253 send 245 2100 3 0
253 wait 230 254 2100
253 wait 246 254 2300
253 irecv 61 3100 200 0
253 irecv 189 3300 200 0
253 send 61 3300 9 0
253 send 189 3100 9 0
253 wait 62 254 3100
253 wait 190 254 3300
253 send 225 2300 24 0
253 send 249 2100 12 0
253 send 29 3300 24 0
253 send 221 3100 12 0
253 irecv 254 1100 200 0
253 irecv 252 1300 200 0
253 send 254 1300 1 0
253 send 252 1100 1 0
253 wait 255 254 1100
253 wait 253 254 1300
253 irecv 225 2100 200 0
253 irecv 249 2300 200 0
253 send 225 2300 4 0
253 send 249 2100 4 0
253 wait 226 254 2100
253 wait 250 254 2300
253 irecv 29 3100 200 0
253 irecv 221 3300 200 0
253 send 29 3300 12 0
253 send 221 3100 12 0
253 wait 30 254 3100
253 wait 222 254 3300
253 irecv 254 1100 200 0
253 irecv 252 1300 200 0
253 send 254 1300 1 0
253 send 252 1100 1 0
253 wait 255 254 1100
253 wait 253 254 1300
253 irecv 225 2100 200 0
253 irecv 249 2300 200 0
253 send 225 2300 4 0
253 send 249 2100 4 0
253 wait 226 254 2100
253 wait 250 254 2300
253 irecv 29 3100 200 0
253 irecv 221 3300 200 0
253 send 29 3300 12 0
253 send 221 3100 12 0
253 wait 30 254 3100
253 wait 222 254 3300
253 irecv 254 1100 200 0
253 irecv 252 1300 200 0
253 send 254 1300 4 0
253 send 252 1100 4 0
253 wait 255 254 1100
253 wait 253 254 1300
253 irecv 225 2100 200 0
253 irecv 249 2300 200 0
253 send 225 2300 12 0
253 send 249 2100 12 0
253 wait 226 254 2100
253 wait 250 254 2300
253 irecv 29 3100 200 0
253 irecv 221 3300 200 0
253 send 29 3300 24 0
253 send 221 3100 24 0
253 wait 30 254 3100
253 wait 222 254 3300
253 irecv 254 1100 200 0
253 irecv 252 1300 200 0
253 send 254 1300 4 0
253 send 252 1100 4 0
253 wait 255 254 1100
253 wait 253 254 1300
253 irecv 225 2100 200 0
253 irecv 249 2300 200 0
253 send 225 2300 12 0
253 send 249 2100 12 0
253 wait 226 254 2100
253 wait 250 254 2300
253 irecv 29 3100 200 0
253 irecv 221 3300 200 0
253 send 29 3300 24 0
253 send 221 3100 24 0
253 wait 30 254 3100
253 wait 222 254 3300
253 irecv 254 1100 200 0
253 irecv 252 1300 200 0
253 send 254 1300 16 0
253 send 252 1100 16 0
253 wait 255 254 1100
253 wait 253 254 1300
253 irecv 225 2100 200 0
253 irecv 249 2300 200 0
253 send 225 2300 40 0
253 send 249 2100 40 0
253 wait 226 254 2100
253 wait 250 254 2300
253 irecv 29 3100 200 0
253 irecv 221 3300 200 0
253 send 29 3300 60 0
253 send 221 3100 60 0
253 wait 30 254 3100
253 wait 222 254 3300
253 irecv 254 1100 200 0
253 irecv 252 1300 200 0
253 send 254 1300 16 0
253 send 252 1100 16 0
253 wait 255 254 1100
253 wait 253 254 1300
253 irecv 225 2100 200 0
253 irecv 249 2300 200 0
253 send 225 2300 40 0
253 send 249 2100 40 0
253 wait 226 254 2100
253 wait 250 254 2300
253 irecv 29 3100 200 0
253 irecv 221 3300 200 0
253 send 29 3300 60 0
253 send 221 3100 60 0
253 wait 30 254 3100
253 wait 222 254 3300
253 irecv 254 1100 200 0
253 irecv 252 1300 200 0
253 send 254 1300 16 0
253 send 252 1100 16 0
253 wait 255 254 1100
253 wait 253 254 1300
253 irecv 225 2100 200 0
253 irecv 249 2300 200 0
253 send 225 2300 40 0
253 send 249 2100 40 0
253 wait 226 254 2100
253 wait 250 254 2300
253 irecv 29 3100 200 0
253 irecv 221 3300 200 0
253 send 29 3300 60 0
253 send 221 3100 60 0
253 wait 30 254 3100
253 wait 222 254 3300
253 barrier
253 allreduce 1 0 0 
253 allreduce 4 0 1 
253 allreduce 1 0 0 
253 allreduce 4 0 1 
253 allreduce 1 0 0 
253 allreduce 4 0 1 
253 allreduce 1 0 0 
253 allreduce 4 0 1 
253 allreduce 1 0 0 
253 allreduce 4 0 1 
253 allreduce 1 0 0 
253 allreduce 4 0 1 
253 allreduce 1 0 0 
253 allreduce 4 0 1 
253 allreduce 1 0 0 
253 allreduce 4 0 1 
253 allreduce 1 0 0 
253 allreduce 4 0 1 
253 allreduce 1 0 0 
253 allreduce 4 0 1 
253 allreduce 1 0 0 
253 allreduce 4 0 1 
253 allreduce 1 0 0 
253 allreduce 4 0 1 
253 allreduce 1 0 0 
253 allreduce 4 0 1 
253 allreduce 1 0 0 
253 allreduce 4 0 1 
253 allreduce 1 0 0 
253 allreduce 4 0 1 
253 allreduce 1 0 0 
253 allreduce 4 0 1 
253 allreduce 1 0 0 
253 allreduce 4 0 1 
253 allreduce 1 0 0 
253 allreduce 4 0 1 
253 allreduce 1 0 0 
253 allreduce 4 0 1 
253 allreduce 1 0 0 
253 allreduce 4 0 1 
253 barrier
253 irecv 254 1100 200 0
253 irecv 252 1300 200 0
253 send 254 1300 16 0
253 send 252 1100 16 0
253 wait 255 254 1100
253 wait 253 254 1300
253 irecv 225 2100 200 0
253 irecv 249 2300 200 0
253 send 225 2300 40 0
253 send 249 2100 40 0
253 wait 226 254 2100
253 wait 250 254 2300
253 irecv 29 3100 200 0
253 irecv 221 3300 200 0
253 send 29 3300 60 0
253 send 221 3100 60 0
253 wait 30 254 3100
253 wait 222 254 3300
253 barrier
253 irecv 254 1100 200 0
253 irecv 252 1300 200 0
253 send 254 1300 16 0
253 send 252 1100 16 0
253 wait 255 254 1100
253 wait 253 254 1300
253 irecv 225 2100 200 0
253 irecv 249 2300 200 0
253 send 225 2300 40 0
253 send 249 2100 40 0
253 wait 226 254 2100
253 wait 250 254 2300
253 irecv 29 3100 200 0
253 irecv 221 3300 200 0
253 send 29 3300 60 0
253 send 221 3100 60 0
253 wait 30 254 3100
253 wait 222 254 3300
253 allreduce 1 0 0 
253 allreduce 1 0 0 
253 irecv 254 1100 200 0
253 irecv 252 1300 200 0
253 send 254 1300 4 0
253 send 252 1100 4 0
253 wait 255 254 1100
253 wait 253 254 1300
253 irecv 225 2100 200 0
253 irecv 249 2300 200 0
253 send 225 2300 12 0
253 send 249 2100 12 0
253 wait 226 254 2100
253 wait 250 254 2300
253 irecv 29 3100 200 0
253 irecv 221 3300 200 0
253 send 29 3300 24 0
253 send 221 3100 24 0
253 wait 30 254 3100
253 wait 222 254 3300
253 irecv 254 1100 200 0
253 irecv 252 1300 200 0
253 send 254 1300 1 0
253 send 252 1100 1 0
253 wait 255 254 1100
253 wait 253 254 1300
253 irecv 225 2100 200 0
253 irecv 249 2300 200 0
253 send 225 2300 4 0
253 send 249 2100 4 0
253 wait 226 254 2100
253 wait 250 254 2300
253 irecv 29 3100 200 0
253 irecv 221 3300 200 0
253 send 29 3300 12 0
253 send 221 3100 12 0
253 wait 30 254 3100
253 wait 222 254 3300
253 irecv 254 1100 200 0
253 irecv 252 1300 200 0
253 send 254 1300 1 0
253 send 252 1100 1 0
253 wait 255 254 1100
253 wait 253 254 1300
253 irecv 229 2100 200 0
253 irecv 245 2300 200 0
253 send 229 2300 3 0
253 send 245 2100 3 0
253 wait 230 254 2100
253 wait 246 254 2300
253 irecv 61 3100 200 0
253 irecv 189 3300 200 0
253 send 61 3300 9 0
253 send 189 3100 9 0
253 wait 62 254 3100
253 wait 190 254 3300
253 irecv 255 1100 200 0
253 irecv 255 1300 200 0
253 send 255 1300 1 0
253 send 255 1100 1 0
253 wait 256 254 1100
253 wait 256 254 1300
253 irecv 237 2100 200 0
253 irecv 237 2300 200 0
253 send 237 2300 3 0
253 send 237 2100 3 0
253 wait 238 254 2100
253 wait 238 254 2300
253 irecv 125 3100 200 0
253 irecv 125 3300 200 0
253 send 125 3300 9 0
253 send 125 3100 9 0
253 wait 126 254 3100
253 wait 126 254 3300
253 irecv 255 1100 200 0
253 irecv 255 1300 200 0
253 send 255 1300 1 0
253 send 255 1100 1 0
253 wait 256 254 1100
253 wait 256 254 1300
253 irecv 237 2100 200 0
253 irecv 237 2300 200 0
253 send 237 2300 3 0
253 send 237 2100 3 0
253 wait 238 254 2100
253 wait 238 254 2300
253 irecv 125 3100 200 0
253 irecv 125 3300 200 0
253 send 125 3300 9 0
253 send 125 3100 9 0
253 wait 126 254 3100
253 wait 126 254 3300
253 send 254 1300 18 0
253 send 252 1100 9 0
253 send 229 2300 18 0
253 send 245 2100 9 0
253 send 61 3300 18 0
253 send 189 3100 9 0
253 irecv 254 1100 200 0
253 irecv 252 1300 200 0
253 send 254 1300 1 0
253 send 252 1100 1 0
253 wait 255 254 1100
253 wait 253 254 1300
253 irecv 229 2100 200 0
253 irecv 245 2300 200 0
253 send 229 2300 3 0
253 send 245 2100 3 0
253 wait 230 254 2100
253 wait 246 254 2300
253 irecv 61 3100 200 0
253 irecv 189 3300 200 0
253 send 61 3300 9 0
253 send 189 3100 9 0
253 wait 62 254 3100
253 wait 190 254 3300
253 irecv 254 1100 200 0
253 irecv 252 1300 200 0
253 send 254 1300 1 0
253 send 252 1100 1 0
253 wait 255 254 1100
253 wait 253 254 1300
253 irecv 229 2100 200 0
253 irecv 245 2300 200 0
253 send 229 2300 3 0
253 send 245 2100 3 0
253 wait 230 254 2100
253 wait 246 254 2300
253 irecv 61 3100 200 0
253 irecv 189 3300 200 0
253 send 61 3300 9 0
253 send 189 3100 9 0
253 wait 62 254 3100
253 wait 190 254 3300
253 send 225 2300 24 0
253 send 249 2100 12 0
253 send 29 3300 24 0
253 send 221 3100 12 0
253 irecv 254 1100 200 0
253 irecv 252 1300 200 0
253 send 254 1300 1 0
253 send 252 1100 1 0
253 wait 255 254 1100
253 wait 253 254 1300
253 irecv 225 2100 200 0
253 irecv 249 2300 200 0
253 send 225 2300 4 0
253 send 249 2100 4 0
253 wait 226 254 2100
253 wait 250 254 2300
253 irecv 29 3100 200 0
253 irecv 221 3300 200 0
253 send 29 3300 12 0
253 send 221 3100 12 0
253 wait 30 254 3100
253 wait 222 254 3300
253 irecv 254 1100 200 0
253 irecv 252 1300 200 0
253 send 254 1300 1 0
253 send 252 1100 1 0
253 wait 255 254 1100
253 wait 253 254 1300
253 irecv 225 2100 200 0
253 irecv 249 2300 200 0
253 send 225 2300 4 0
253 send 249 2100 4 0
253 wait 226 254 2100
253 wait 250 254 2300
253 irecv 29 3100 200 0
253 irecv 221 3300 200 0
253 send 29 3300 12 0
253 send 221 3100 12 0
253 wait 30 254 3100
253 wait 222 254 3300
253 irecv 254 1100 200 0
253 irecv 252 1300 200 0
253 send 254 1300 4 0
253 send 252 1100 4 0
253 wait 255 254 1100
253 wait 253 254 1300
253 irecv 225 2100 200 0
253 irecv 249 2300 200 0
253 send 225 2300 12 0
253 send 249 2100 12 0
253 wait 226 254 2100
253 wait 250 254 2300
253 irecv 29 3100 200 0
253 irecv 221 3300 200 0
253 send 29 3300 24 0
253 send 221 3100 24 0
253 wait 30 254 3100
253 wait 222 254 3300
253 irecv 254 1100 200 0
253 irecv 252 1300 200 0
253 send 254 1300 4 0
253 send 252 1100 4 0
253 wait 255 254 1100
253 wait 253 254 1300
253 irecv 225 2100 200 0
253 irecv 249 2300 200 0
253 send 225 2300 12 0
253 send 249 2100 12 0
253 wait 226 254 2100
253 wait 250 254 2300
253 irecv 29 3100 200 0
253 irecv 221 3300 200 0
253 send 29 3300 24 0
253 send 221 3100 24 0
253 wait 30 254 3100
253 wait 222 254 3300
253 irecv 254 1100 200 0
253 irecv 252 1300 200 0
253 send 254 1300 16 0
253 send 252 1100 16 0
253 wait 255 254 1100
253 wait 253 254 1300
253 irecv 225 2100 200 0
253 irecv 249 2300 200 0
253 send 225 2300 40 0
253 send 249 2100 40 0
253 wait 226 254 2100
253 wait 250 254 2300
253 irecv 29 3100 200 0
253 irecv 221 3300 200 0
253 send 29 3300 60 0
253 send 221 3100 60 0
253 wait 30 254 3100
253 wait 222 254 3300
253 irecv 254 1100 200 0
253 irecv 252 1300 200 0
253 send 254 1300 16 0
253 send 252 1100 16 0
253 wait 255 254 1100
253 wait 253 254 1300
253 irecv 225 2100 200 0
253 irecv 249 2300 200 0
253 send 225 2300 40 0
253 send 249 2100 40 0
253 wait 226 254 2100
253 wait 250 254 2300
253 irecv 29 3100 200 0
253 irecv 221 3300 200 0
253 send 29 3300 60 0
253 send 221 3100 60 0
253 wait 30 254 3100
253 wait 222 254 3300
253 irecv 254 1100 200 0
253 irecv 252 1300 200 0
253 send 254 1300 16 0
253 send 252 1100 16 0
253 wait 255 254 1100
253 wait 253 254 1300
253 irecv 225 2100 200 0
253 irecv 249 2300 200 0
253 send 225 2300 40 0
253 send 249 2100 40 0
253 wait 226 254 2100
253 wait 250 254 2300
253 irecv 29 3100 200 0
253 irecv 221 3300 200 0
253 send 29 3300 60 0
253 send 221 3100 60 0
253 wait 30 254 3100
253 wait 222 254 3300
253 irecv 254 1100 200 0
253 irecv 252 1300 200 0
253 send 254 1300 4 0
253 send 252 1100 4 0
253 wait 255 254 1100
253 wait 253 254 1300
253 irecv 225 2100 200 0
253 irecv 249 2300 200 0
253 send 225 2300 12 0
253 send 249 2100 12 0
253 wait 226 254 2100
253 wait 250 254 2300
253 irecv 29 3100 200 0
253 irecv 221 3300 200 0
253 send 29 3300 24 0
253 send 221 3100 24 0
253 wait 30 254 3100
253 wait 222 254 3300
253 irecv 254 1100 200 0
253 irecv 252 1300 200 0
253 send 254 1300 1 0
253 send 252 1100 1 0
253 wait 255 254 1100
253 wait 253 254 1300
253 irecv 225 2100 200 0
253 irecv 249 2300 200 0
253 send 225 2300 4 0
253 send 249 2100 4 0
253 wait 226 254 2100
253 wait 250 254 2300
253 irecv 29 3100 200 0
253 irecv 221 3300 200 0
253 send 29 3300 12 0
253 send 221 3100 12 0
253 wait 30 254 3100
253 wait 222 254 3300
253 irecv 254 1100 200 0
253 irecv 252 1300 200 0
253 send 254 1300 1 0
253 send 252 1100 1 0
253 wait 255 254 1100
253 wait 253 254 1300
253 irecv 229 2100 200 0
253 irecv 245 2300 200 0
253 send 229 2300 3 0
253 send 245 2100 3 0
253 wait 230 254 2100
253 wait 246 254 2300
253 irecv 61 3100 200 0
253 irecv 189 3300 200 0
253 send 61 3300 9 0
253 send 189 3100 9 0
253 wait 62 254 3100
253 wait 190 254 3300
253 irecv 255 1100 200 0
253 irecv 255 1300 200 0
253 send 255 1300 1 0
253 send 255 1100 1 0
253 wait 256 254 1100
253 wait 256 254 1300
253 irecv 237 2100 200 0
253 irecv 237 2300 200 0
253 send 237 2300 3 0
253 send 237 2100 3 0
253 wait 238 254 2100
253 wait 238 254 2300
253 irecv 125 3100 200 0
253 irecv 125 3300 200 0
253 send 125 3300 9 0
253 send 125 3100 9 0
253 wait 126 254 3100
253 wait 126 254 3300
253 irecv 255 1100 200 0
253 irecv 255 1300 200 0
253 send 255 1300 1 0
253 send 255 1100 1 0
253 wait 256 254 1100
253 wait 256 254 1300
253 irecv 237 2100 200 0
253 irecv 237 2300 200 0
253 send 237 2300 3 0
253 send 237 2100 3 0
253 wait 238 254 2100
253 wait 238 254 2300
253 irecv 125 3100 200 0
253 irecv 125 3300 200 0
253 send 125 3300 9 0
253 send 125 3100 9 0
253 wait 126 254 3100
253 wait 126 254 3300
253 send 254 1300 18 0
253 send 252 1100 9 0
253 send 229 2300 18 0
253 send 245 2100 9 0
253 send 61 3300 18 0
253 send 189 3100 9 0
253 irecv 254 1100 200 0
253 irecv 252 1300 200 0
253 send 254 1300 1 0
253 send 252 1100 1 0
253 wait 255 254 1100
253 wait 253 254 1300
253 irecv 229 2100 200 0
253 irecv 245 2300 200 0
253 send 229 2300 3 0
253 send 245 2100 3 0
253 wait 230 254 2100
253 wait 246 254 2300
253 irecv 61 3100 200 0
253 irecv 189 3300 200 0
253 send 61 3300 9 0
253 send 189 3100 9 0
253 wait 62 254 3100
253 wait 190 254 3300
253 irecv 254 1100 200 0
253 irecv 252 1300 200 0
253 send 254 1300 1 0
253 send 252 1100 1 0
253 wait 255 254 1100
253 wait 253 254 1300
253 irecv 229 2100 200 0
253 irecv 245 2300 200 0
253 send 229 2300 3 0
253 send 245 2100 3 0
253 wait 230 254 2100
253 wait 246 254 2300
253 irecv 61 3100 200 0
253 irecv 189 3300 200 0
253 send 61 3300 9 0
253 send 189 3100 9 0
253 wait 62 254 3100
253 wait 190 254 3300
253 send 225 2300 24 0
253 send 249 2100 12 0
253 send 29 3300 24 0
253 send 221 3100 12 0
253 irecv 254 1100 200 0
253 irecv 252 1300 200 0
253 send 254 1300 1 0
253 send 252 1100 1 0
253 wait 255 254 1100
253 wait 253 254 1300
253 irecv 225 2100 200 0
253 irecv 249 2300 200 0
253 send 225 2300 4 0
253 send 249 2100 4 0
253 wait 226 254 2100
253 wait 250 254 2300
253 irecv 29 3100 200 0
253 irecv 221 3300 200 0
253 send 29 3300 12 0
253 send 221 3100 12 0
253 wait 30 254 3100
253 wait 222 254 3300
253 irecv 254 1100 200 0
253 irecv 252 1300 200 0
253 send 254 1300 1 0
253 send 252 1100 1 0
253 wait 255 254 1100
253 wait 253 254 1300
253 irecv 225 2100 200 0
253 irecv 249 2300 200 0
253 send 225 2300 4 0
253 send 249 2100 4 0
253 wait 226 254 2100
253 wait 250 254 2300
253 irecv 29 3100 200 0
253 irecv 221 3300 200 0
253 send 29 3300 12 0
253 send 221 3100 12 0
253 wait 30 254 3100
253 wait 222 254 3300
253 irecv 254 1100 200 0
253 irecv 252 1300 200 0
253 send 254 1300 4 0
253 send 252 1100 4 0
253 wait 255 254 1100
253 wait 253 254 1300
253 irecv 225 2100 200 0
253 irecv 249 2300 200 0
253 send 225 2300 12 0
253 send 249 2100 12 0
253 wait 226 254 2100
253 wait 250 254 2300
253 irecv 29 3100 200 0
253 irecv 221 3300 200 0
253 send 29 3300 24 0
253 send 221 3100 24 0
253 wait 30 254 3100
253 wait 222 254 3300
253 irecv 254 1100 200 0
253 irecv 252 1300 200 0
253 send 254 1300 4 0
253 send 252 1100 4 0
253 wait 255 254 1100
253 wait 253 254 1300
253 irecv 225 2100 200 0
253 irecv 249 2300 200 0
253 send 225 2300 12 0
253 send 249 2100 12 0
253 wait 226 254 2100
253 wait 250 254 2300
253 irecv 29 3100 200 0
253 irecv 221 3300 200 0
253 send 29 3300 24 0
253 send 221 3100 24 0
253 wait 30 254 3100
253 wait 222 254 3300
253 irecv 254 1100 200 0
253 irecv 252 1300 200 0
253 send 254 1300 16 0
253 send 252 1100 16 0
253 wait 255 254 1100
253 wait 253 254 1300
253 irecv 225 2100 200 0
253 irecv 249 2300 200 0
253 send 225 2300 40 0
253 send 249 2100 40 0
253 wait 226 254 2100
253 wait 250 254 2300
253 irecv 29 3100 200 0
253 irecv 221 3300 200 0
253 send 29 3300 60 0
253 send 221 3100 60 0
253 wait 30 254 3100
253 wait 222 254 3300
253 irecv 254 1100 200 0
253 irecv 252 1300 200 0
253 send 254 1300 16 0
253 send 252 1100 16 0
253 wait 255 254 1100
253 wait 253 254 1300
253 irecv 225 2100 200 0
253 irecv 249 2300 200 0
253 send 225 2300 40 0
253 send 249 2100 40 0
253 wait 226 254 2100
253 wait 250 254 2300
253 irecv 29 3100 200 0
253 irecv 221 3300 200 0
253 send 29 3300 60 0
253 send 221 3100 60 0
253 wait 30 254 3100
253 wait 222 254 3300
253 irecv 254 1100 200 0
253 irecv 252 1300 200 0
253 send 254 1300 16 0
253 send 252 1100 16 0
253 wait 255 254 1100
253 wait 253 254 1300
253 irecv 225 2100 200 0
253 irecv 249 2300 200 0
253 send 225 2300 40 0
253 send 249 2100 40 0
253 wait 226 254 2100
253 wait 250 254 2300
253 irecv 29 3100 200 0
253 irecv 221 3300 200 0
253 send 29 3300 60 0
253 send 221 3100 60 0
253 wait 30 254 3100
253 wait 222 254 3300
253 irecv 254 1100 200 0
253 irecv 252 1300 200 0
253 send 254 1300 4 0
253 send 252 1100 4 0
253 wait 255 254 1100
253 wait 253 254 1300
253 irecv 225 2100 200 0
253 irecv 249 2300 200 0
253 send 225 2300 12 0
253 send 249 2100 12 0
253 wait 226 254 2100
253 wait 250 254 2300
253 irecv 29 3100 200 0
253 irecv 221 3300 200 0
253 send 29 3300 24 0
253 send 221 3100 24 0
253 wait 30 254 3100
253 wait 222 254 3300
253 irecv 254 1100 200 0
253 irecv 252 1300 200 0
253 send 254 1300 1 0
253 send 252 1100 1 0
253 wait 255 254 1100
253 wait 253 254 1300
253 irecv 225 2100 200 0
253 irecv 249 2300 200 0
253 send 225 2300 4 0
253 send 249 2100 4 0
253 wait 226 254 2100
253 wait 250 254 2300
253 irecv 29 3100 200 0
253 irecv 221 3300 200 0
253 send 29 3300 12 0
253 send 221 3100 12 0
253 wait 30 254 3100
253 wait 222 254 3300
253 irecv 254 1100 200 0
253 irecv 252 1300 200 0
253 send 254 1300 1 0
253 send 252 1100 1 0
253 wait 255 254 1100
253 wait 253 254 1300
253 irecv 229 2100 200 0
253 irecv 245 2300 200 0
253 send 229 2300 3 0
253 send 245 2100 3 0
253 wait 230 254 2100
253 wait 246 254 2300
253 irecv 61 3100 200 0
253 irecv 189 3300 200 0
253 send 61 3300 9 0
253 send 189 3100 9 0
253 wait 62 254 3100
253 wait 190 254 3300
253 irecv 255 1100 200 0
253 irecv 255 1300 200 0
253 send 255 1300 1 0
253 send 255 1100 1 0
253 wait 256 254 1100
253 wait 256 254 1300
253 irecv 237 2100 200 0
253 irecv 237 2300 200 0
253 send 237 2300 3 0
253 send 237 2100 3 0
253 wait 238 254 2100
253 wait 238 254 2300
253 irecv 125 3100 200 0
253 irecv 125 3300 200 0
253 send 125 3300 9 0
253 send 125 3100 9 0
253 wait 126 254 3100
253 wait 126 254 3300
253 irecv 255 1100 200 0
253 irecv 255 1300 200 0
253 send 255 1300 1 0
253 send 255 1100 1 0
253 wait 256 254 1100
253 wait 256 254 1300
253 irecv 237 2100 200 0
253 irecv 237 2300 200 0
253 send 237 2300 3 0
253 send 237 2100 3 0
253 wait 238 254 2100
253 wait 238 254 2300
253 irecv 125 3100 200 0
253 irecv 125 3300 200 0
253 send 125 3300 9 0
253 send 125 3100 9 0
253 wait 126 254 3100
253 wait 126 254 3300
253 send 254 1300 18 0
253 send 252 1100 9 0
253 send 229 2300 18 0
253 send 245 2100 9 0
253 send 61 3300 18 0
253 send 189 3100 9 0
253 irecv 254 1100 200 0
253 irecv 252 1300 200 0
253 send 254 1300 1 0
253 send 252 1100 1 0
253 wait 255 254 1100
253 wait 253 254 1300
253 irecv 229 2100 200 0
253 irecv 245 2300 200 0
253 send 229 2300 3 0
253 send 245 2100 3 0
253 wait 230 254 2100
253 wait 246 254 2300
253 irecv 61 3100 200 0
253 irecv 189 3300 200 0
253 send 61 3300 9 0
253 send 189 3100 9 0
253 wait 62 254 3100
253 wait 190 254 3300
253 irecv 254 1100 200 0
253 irecv 252 1300 200 0
253 send 254 1300 1 0
253 send 252 1100 1 0
253 wait 255 254 1100
253 wait 253 254 1300
253 irecv 229 2100 200 0
253 irecv 245 2300 200 0
253 send 229 2300 3 0
253 send 245 2100 3 0
253 wait 230 254 2100
253 wait 246 254 2300
253 irecv 61 3100 200 0
253 irecv 189 3300 200 0
253 send 61 3300 9 0
253 send 189 3100 9 0
253 wait 62 254 3100
253 wait 190 254 3300
253 send 225 2300 24 0
253 send 249 2100 12 0
253 send 29 3300 24 0
253 send 221 3100 12 0
253 irecv 254 1100 200 0
253 irecv 252 1300 200 0
253 send 254 1300 1 0
253 send 252 1100 1 0
253 wait 255 254 1100
253 wait 253 254 1300
253 irecv 225 2100 200 0
253 irecv 249 2300 200 0
253 send 225 2300 4 0
253 send 249 2100 4 0
253 wait 226 254 2100
253 wait 250 254 2300
253 irecv 29 3100 200 0
253 irecv 221 3300 200 0
253 send 29 3300 12 0
253 send 221 3100 12 0
253 wait 30 254 3100
253 wait 222 254 3300
253 irecv 254 1100 200 0
253 irecv 252 1300 200 0
253 send 254 1300 1 0
253 send 252 1100 1 0
253 wait 255 254 1100
253 wait 253 254 1300
253 irecv 225 2100 200 0
253 irecv 249 2300 200 0
253 send 225 2300 4 0
253 send 249 2100 4 0
253 wait 226 254 2100
253 wait 250 254 2300
253 irecv 29 3100 200 0
253 irecv 221 3300 200 0
253 send 29 3300 12 0
253 send 221 3100 12 0
253 wait 30 254 3100
253 wait 222 254 3300
253 irecv 254 1100 200 0
253 irecv 252 1300 200 0
253 send 254 1300 4 0
253 send 252 1100 4 0
253 wait 255 254 1100
253 wait 253 254 1300
253 irecv 225 2100 200 0
253 irecv 249 2300 200 0
253 send 225 2300 12 0
253 send 249 2100 12 0
253 wait 226 254 2100
253 wait 250 254 2300
253 irecv 29 3100 200 0
253 irecv 221 3300 200 0
253 send 29 3300 24 0
253 send 221 3100 24 0
253 wait 30 254 3100
253 wait 222 254 3300
253 irecv 254 1100 200 0
253 irecv 252 1300 200 0
253 send 254 1300 4 0
253 send 252 1100 4 0
253 wait 255 254 1100
253 wait 253 254 1300
253 irecv 225 2100 200 0
253 irecv 249 2300 200 0
253 send 225 2300 12 0
253 send 249 2100 12 0
253 wait 226 254 2100
253 wait 250 254 2300
253 irecv 29 3100 200 0
253 irecv 221 3300 200 0
253 send 29 3300 24 0
253 send 221 3100 24 0
253 wait 30 254 3100
253 wait 222 254 3300
253 irecv 254 1100 200 0
253 irecv 252 1300 200 0
253 send 254 1300 16 0
253 send 252 1100 16 0
253 wait 255 254 1100
253 wait 253 254 1300
253 irecv 225 2100 200 0
253 irecv 249 2300 200 0
253 send 225 2300 40 0
253 send 249 2100 40 0
253 wait 226 254 2100
253 wait 250 254 2300
253 irecv 29 3100 200 0
253 irecv 221 3300 200 0
253 send 29 3300 60 0
253 send 221 3100 60 0
253 wait 30 254 3100
253 wait 222 254 3300
253 irecv 254 1100 200 0
253 irecv 252 1300 200 0
253 send 254 1300 16 0
253 send 252 1100 16 0
253 wait 255 254 1100
253 wait 253 254 1300
253 irecv 225 2100 200 0
253 irecv 249 2300 200 0
253 send 225 2300 40 0
253 send 249 2100 40 0
253 wait 226 254 2100
253 wait 250 254 2300
253 irecv 29 3100 200 0
253 irecv 221 3300 200 0
253 send 29 3300 60 0
253 send 221 3100 60 0
253 wait 30 254 3100
253 wait 222 254 3300
253 irecv 254 1100 200 0
253 irecv 252 1300 200 0
253 send 254 1300 16 0
253 send 252 1100 16 0
253 wait 255 254 1100
253 wait 253 254 1300
253 irecv 225 2100 200 0
253 irecv 249 2300 200 0
253 send 225 2300 40 0
253 send 249 2100 40 0
253 wait 226 254 2100
253 wait 250 254 2300
253 irecv 29 3100 200 0
253 irecv 221 3300 200 0
253 send 29 3300 60 0
253 send 221 3100 60 0
253 wait 30 254 3100
253 wait 222 254 3300
253 irecv 254 1100 200 0
253 irecv 252 1300 200 0
253 send 254 1300 4 0
253 send 252 1100 4 0
253 wait 255 254 1100
253 wait 253 254 1300
253 irecv 225 2100 200 0
253 irecv 249 2300 200 0
253 send 225 2300 12 0
253 send 249 2100 12 0
253 wait 226 254 2100
253 wait 250 254 2300
253 irecv 29 3100 200 0
253 irecv 221 3300 200 0
253 send 29 3300 24 0
253 send 221 3100 24 0
253 wait 30 254 3100
253 wait 222 254 3300
253 irecv 254 1100 200 0
253 irecv 252 1300 200 0
253 send 254 1300 1 0
253 send 252 1100 1 0
253 wait 255 254 1100
253 wait 253 254 1300
253 irecv 225 2100 200 0
253 irecv 249 2300 200 0
253 send 225 2300 4 0
253 send 249 2100 4 0
253 wait 226 254 2100
253 wait 250 254 2300
253 irecv 29 3100 200 0
253 irecv 221 3300 200 0
253 send 29 3300 12 0
253 send 221 3100 12 0
253 wait 30 254 3100
253 wait 222 254 3300
253 irecv 254 1100 200 0
253 irecv 252 1300 200 0
253 send 254 1300 1 0
253 send 252 1100 1 0
253 wait 255 254 1100
253 wait 253 254 1300
253 irecv 229 2100 200 0
253 irecv 245 2300 200 0
253 send 229 2300 3 0
253 send 245 2100 3 0
253 wait 230 254 2100
253 wait 246 254 2300
253 irecv 61 3100 200 0
253 irecv 189 3300 200 0
253 send 61 3300 9 0
253 send 189 3100 9 0
253 wait 62 254 3100
253 wait 190 254 3300
253 irecv 255 1100 200 0
253 irecv 255 1300 200 0
253 send 255 1300 1 0
253 send 255 1100 1 0
253 wait 256 254 1100
253 wait 256 254 1300
253 irecv 237 2100 200 0
253 irecv 237 2300 200 0
253 send 237 2300 3 0
253 send 237 2100 3 0
253 wait 238 254 2100
253 wait 238 254 2300
253 irecv 125 3100 200 0
253 irecv 125 3300 200 0
253 send 125 3300 9 0
253 send 125 3100 9 0
253 wait 126 254 3100
253 wait 126 254 3300
253 irecv 255 1100 200 0
253 irecv 255 1300 200 0
253 send 255 1300 1 0
253 send 255 1100 1 0
253 wait 256 254 1100
253 wait 256 254 1300
253 irecv 237 2100 200 0
253 irecv 237 2300 200 0
253 send 237 2300 3 0
253 send 237 2100 3 0
253 wait 238 254 2100
253 wait 238 254 2300
253 irecv 125 3100 200 0
253 irecv 125 3300 200 0
253 send 125 3300 9 0
253 send 125 3100 9 0
253 wait 126 254 3100
253 wait 126 254 3300
253 send 254 1300 18 0
253 send 252 1100 9 0
253 send 229 2300 18 0
253 send 245 2100 9 0
253 send 61 3300 18 0
253 send 189 3100 9 0
253 irecv 254 1100 200 0
253 irecv 252 1300 200 0
253 send 254 1300 1 0
253 send 252 1100 1 0
253 wait 255 254 1100
253 wait 253 254 1300
253 irecv 229 2100 200 0
253 irecv 245 2300 200 0
253 send 229 2300 3 0
253 send 245 2100 3 0
253 wait 230 254 2100
253 wait 246 254 2300
253 irecv 61 3100 200 0
253 irecv 189 3300 200 0
253 send 61 3300 9 0
253 send 189 3100 9 0
253 wait 62 254 3100
253 wait 190 254 3300
253 irecv 254 1100 200 0
253 irecv 252 1300 200 0
253 send 254 1300 1 0
253 send 252 1100 1 0
253 wait 255 254 1100
253 wait 253 254 1300
253 irecv 229 2100 200 0
253 irecv 245 2300 200 0
253 send 229 2300 3 0
253 send 245 2100 3 0
253 wait 230 254 2100
253 wait 246 254 2300
253 irecv 61 3100 200 0
253 irecv 189 3300 200 0
253 send 61 3300 9 0
253 send 189 3100 9 0
253 wait 62 254 3100
253 wait 190 254 3300
253 send 225 2300 24 0
253 send 249 2100 12 0
253 send 29 3300 24 0
253 send 221 3100 12 0
253 irecv 254 1100 200 0
253 irecv 252 1300 200 0
253 send 254 1300 1 0
253 send 252 1100 1 0
253 wait 255 254 1100
253 wait 253 254 1300
253 irecv 225 2100 200 0
253 irecv 249 2300 200 0
253 send 225 2300 4 0
253 send 249 2100 4 0
253 wait 226 254 2100
253 wait 250 254 2300
253 irecv 29 3100 200 0
253 irecv 221 3300 200 0
253 send 29 3300 12 0
253 send 221 3100 12 0
253 wait 30 254 3100
253 wait 222 254 3300
253 irecv 254 1100 200 0
253 irecv 252 1300 200 0
253 send 254 1300 1 0
253 send 252 1100 1 0
253 wait 255 254 1100
253 wait 253 254 1300
253 irecv 225 2100 200 0
253 irecv 249 2300 200 0
253 send 225 2300 4 0
253 send 249 2100 4 0
253 wait 226 254 2100
253 wait 250 254 2300
253 irecv 29 3100 200 0
253 irecv 221 3300 200 0
253 send 29 3300 12 0
253 send 221 3100 12 0
253 wait 30 254 3100
253 wait 222 254 3300
253 irecv 254 1100 200 0
253 irecv 252 1300 200 0
253 send 254 1300 4 0
253 send 252 1100 4 0
253 wait 255 254 1100
253 wait 253 254 1300
253 irecv 225 2100 200 0
253 irecv 249 2300 200 0
253 send 225 2300 12 0
253 send 249 2100 12 0
253 wait 226 254 2100
253 wait 250 254 2300
253 irecv 29 3100 200 0
253 irecv 221 3300 200 0
253 send 29 3300 24 0
253 send 221 3100 24 0
253 wait 30 254 3100
253 wait 222 254 3300
253 irecv 254 1100 200 0
253 irecv 252 1300 200 0
253 send 254 1300 4 0
253 send 252 1100 4 0
253 wait 255 254 1100
253 wait 253 254 1300
253 irecv 225 2100 200 0
253 irecv 249 2300 200 0
253 send 225 2300 12 0
253 send 249 2100 12 0
253 wait 226 254 2100
253 wait 250 254 2300
253 irecv 29 3100 200 0
253 irecv 221 3300 200 0
253 send 29 3300 24 0
253 send 221 3100 24 0
253 wait 30 254 3100
253 wait 222 254 3300
253 irecv 254 1100 200 0
253 irecv 252 1300 200 0
253 send 254 1300 16 0
253 send 252 1100 16 0
253 wait 255 254 1100
253 wait 253 254 1300
253 irecv 225 2100 200 0
253 irecv 249 2300 200 0
253 send 225 2300 40 0
253 send 249 2100 40 0
253 wait 226 254 2100
253 wait 250 254 2300
253 irecv 29 3100 200 0
253 irecv 221 3300 200 0
253 send 29 3300 60 0
253 send 221 3100 60 0
253 wait 30 254 3100
253 wait 222 254 3300
253 irecv 254 1100 200 0
253 irecv 252 1300 200 0
253 send 254 1300 16 0
253 send 252 1100 16 0
253 wait 255 254 1100
253 wait 253 254 1300
253 irecv 225 2100 200 0
253 irecv 249 2300 200 0
253 send 225 2300 40 0
253 send 249 2100 40 0
253 wait 226 254 2100
253 wait 250 254 2300
253 irecv 29 3100 200 0
253 irecv 221 3300 200 0
253 send 29 3300 60 0
253 send 221 3100 60 0
253 wait 30 254 3100
253 wait 222 254 3300
253 irecv 254 1100 200 0
253 irecv 252 1300 200 0
253 send 254 1300 16 0
253 send 252 1100 16 0
253 wait 255 254 1100
253 wait 253 254 1300
253 irecv 225 2100 200 0
253 irecv 249 2300 200 0
253 send 225 2300 40 0
253 send 249 2100 40 0
253 wait 226 254 2100
253 wait 250 254 2300
253 irecv 29 3100 200 0
253 irecv 221 3300 200 0
253 send 29 3300 60 0
253 send 221 3100 60 0
253 wait 30 254 3100
253 wait 222 254 3300
253 allreduce 1 0 0 
253 allreduce 1 0 0 
253 reduce 1 0 0 0 
253 finalize
