174 init
174 barrier
174 bcast 1 0 1 
174 bcast 1 0 1 
174 bcast 1 0 1 
174 bcast 1 0 1 
174 bcast 1 0 1 
174 bcast 8 0 1 
174 bcast 1 0 16 
174 barrier
174 allreduce 1 0 0 
174 allreduce 4 0 1 
174 allreduce 1 0 0 
174 allreduce 4 0 1 
174 allreduce 1 0 0 
174 allreduce 4 0 1 
174 allreduce 1 0 0 
174 allreduce 4 0 1 
174 allreduce 1 0 0 
174 allreduce 4 0 1 
174 allreduce 1 0 0 
174 allreduce 4 0 1 
174 allreduce 1 0 0 
174 allreduce 4 0 1 
174 allreduce 1 0 0 
174 allreduce 4 0 1 
174 allreduce 1 0 0 
174 allreduce 4 0 1 
174 allreduce 1 0 0 
174 allreduce 4 0 1 
174 allreduce 1 0 0 
174 allreduce 4 0 1 
174 allreduce 1 0 0 
174 allreduce 4 0 1 
174 allreduce 1 0 0 
174 allreduce 4 0 1 
174 allreduce 1 0 0 
174 allreduce 4 0 1 
174 allreduce 1 0 0 
174 allreduce 4 0 1 
174 allreduce 1 0 0 
174 allreduce 4 0 1 
174 allreduce 1 0 0 
174 allreduce 4 0 1 
174 allreduce 1 0 0 
174 allreduce 4 0 1 
174 allreduce 1 0 0 
174 allreduce 4 0 1 
174 allreduce 1 0 0 
174 allreduce 4 0 1 
174 barrier
174 irecv 175 1100 200 0
174 irecv 173 1300 200 0
174 send 175 1300 16 0
174 send 173 1100 16 0
174 wait 176 175 1100
174 wait 174 175 1300
174 irecv 178 2100 200 0
174 irecv 170 2300 200 0
174 send 178 2300 40 0
174 send 170 2100 40 0
174 wait 179 175 2100
174 wait 171 175 2300
174 irecv 206 3100 200 0
174 irecv 142 3300 200 0
174 send 206 3300 60 0
174 send 142 3100 60 0
174 wait 207 175 3100
174 wait 143 175 3300
174 allreduce 1 0 0 
174 allreduce 1 0 0 
174 irecv 175 1100 200 0
174 irecv 173 1300 200 0
174 send 175 1300 16 0
174 send 173 1100 16 0
174 wait 176 175 1100
174 wait 174 175 1300
174 irecv 178 2100 200 0
174 irecv 170 2300 200 0
174 send 178 2300 40 0
174 send 170 2100 40 0
174 wait 179 175 2100
174 wait 171 175 2300
174 irecv 206 3100 200 0
174 irecv 142 3300 200 0
174 send 206 3300 60 0
174 send 142 3100 60 0
174 wait 207 175 3100
174 wait 143 175 3300
174 allreduce 1 0 0 
174 allreduce 1 0 0 
174 irecv 175 1100 200 0
174 irecv 173 1300 200 0
174 send 175 1300 4 0
174 send 173 1100 4 0
174 wait 176 175 1100
174 wait 174 175 1300
174 irecv 178 2100 200 0
174 irecv 170 2300 200 0
174 send 178 2300 12 0
174 send 170 2100 12 0
174 wait 179 175 2100
174 wait 171 175 2300
174 irecv 206 3100 200 0
174 irecv 142 3300 200 0
174 send 206 3300 24 0
174 send 142 3100 24 0
174 wait 207 175 3100
174 wait 143 175 3300
174 irecv 175 1100 200 0
174 irecv 173 1300 200 0
174 send 175 1300 1 0
174 send 173 1100 1 0
174 wait 176 175 1100
174 wait 174 175 1300
174 irecv 178 2100 200 0
174 irecv 170 2300 200 0
174 send 178 2300 4 0
174 send 170 2100 4 0
174 wait 179 175 2100
174 wait 171 175 2300
174 irecv 206 3100 200 0
174 irecv 142 3300 200 0
174 send 206 3300 12 0
174 send 142 3100 12 0
174 wait 207 175 3100
174 wait 143 175 3300
174 irecv 175 1100 200 0
174 irecv 173 1300 200 0
174 send 175 1300 1 0
174 send 173 1100 1 0
174 wait 176 175 1100
174 wait 174 175 1300
174 irecv 182 2100 200 0
174 irecv 166 2300 200 0
174 send 182 2300 3 0
174 send 166 2100 3 0
174 wait 183 175 2100
174 wait 167 175 2300
174 irecv 238 3100 200 0
174 irecv 110 3300 200 0
174 send 238 3300 9 0
174 send 110 3100 9 0
174 wait 239 175 3100
174 wait 111 175 3300
174 irecv 175 1100 200 0
174 irecv 173 1300 200 0
174 wait 176 175 1100
174 wait 174 175 1300
174 send 182 2300 18 0
174 send 166 2100 9 0
174 irecv 238 3100 200 0
174 irecv 110 3300 200 0
174 wait 239 175 3100
174 wait 111 175 3300
174 irecv 175 1100 200 0
174 irecv 173 1300 200 0
174 send 175 1300 1 0
174 send 173 1100 1 0
174 wait 176 175 1100
174 wait 174 175 1300
174 irecv 182 2100 200 0
174 irecv 166 2300 200 0
174 send 182 2300 3 0
174 send 166 2100 3 0
174 wait 183 175 2100
174 wait 167 175 2300
174 irecv 238 3100 200 0
174 irecv 110 3300 200 0
174 send 238 3300 9 0
174 send 110 3100 9 0
174 wait 239 175 3100
174 wait 111 175 3300
174 irecv 175 1100 200 0
174 irecv 173 1300 200 0
174 send 175 1300 1 0
174 send 173 1100 1 0
174 wait 176 175 1100
174 wait 174 175 1300
174 irecv 182 2100 200 0
174 irecv 166 2300 200 0
174 send 182 2300 3 0
174 send 166 2100 3 0
174 wait 183 175 2100
174 wait 167 175 2300
174 irecv 238 3100 200 0
174 irecv 110 3300 200 0
174 send 238 3300 9 0
174 send 110 3100 9 0
174 wait 239 175 3100
174 wait 111 175 3300
174 send 178 2300 24 0
174 send 170 2100 12 0
174 send 206 3300 24 0
174 send 142 3100 12 0
174 irecv 175 1100 200 0
174 irecv 173 1300 200 0
174 send 175 1300 1 0
174 send 173 1100 1 0
174 wait 176 175 1100
174 wait 174 175 1300
174 irecv 178 2100 200 0
174 irecv 170 2300 200 0
174 send 178 2300 4 0
174 send 170 2100 4 0
174 wait 179 175 2100
174 wait 171 175 2300
174 irecv 206 3100 200 0
174 irecv 142 3300 200 0
174 send 206 3300 12 0
174 send 142 3100 12 0
174 wait 207 175 3100
174 wait 143 175 3300
174 irecv 175 1100 200 0
174 irecv 173 1300 200 0
174 send 175 1300 1 0
174 send 173 1100 1 0
174 wait 176 175 1100
174 wait 174 175 1300
174 irecv 178 2100 200 0
174 irecv 170 2300 200 0
174 send 178 2300 4 0
174 send 170 2100 4 0
174 wait 179 175 2100
174 wait 171 175 2300
174 irecv 206 3100 200 0
174 irecv 142 3300 200 0
174 send 206 3300 12 0
174 send 142 3100 12 0
174 wait 207 175 3100
174 wait 143 175 3300
174 irecv 175 1100 200 0
174 irecv 173 1300 200 0
174 send 175 1300 4 0
174 send 173 1100 4 0
174 wait 176 175 1100
174 wait 174 175 1300
174 irecv 178 2100 200 0
174 irecv 170 2300 200 0
174 send 178 2300 12 0
174 send 170 2100 12 0
174 wait 179 175 2100
174 wait 171 175 2300
174 irecv 206 3100 200 0
174 irecv 142 3300 200 0
174 send 206 3300 24 0
174 send 142 3100 24 0
174 wait 207 175 3100
174 wait 143 175 3300
174 irecv 175 1100 200 0
174 irecv 173 1300 200 0
174 send 175 1300 4 0
174 send 173 1100 4 0
174 wait 176 175 1100
174 wait 174 175 1300
174 irecv 178 2100 200 0
174 irecv 170 2300 200 0
174 send 178 2300 12 0
174 send 170 2100 12 0
174 wait 179 175 2100
174 wait 171 175 2300
174 irecv 206 3100 200 0
174 irecv 142 3300 200 0
174 send 206 3300 24 0
174 send 142 3100 24 0
174 wait 207 175 3100
174 wait 143 175 3300
174 irecv 175 1100 200 0
174 irecv 173 1300 200 0
174 send 175 1300 16 0
174 send 173 1100 16 0
174 wait 176 175 1100
174 wait 174 175 1300
174 irecv 178 2100 200 0
174 irecv 170 2300 200 0
174 send 178 2300 40 0
174 send 170 2100 40 0
174 wait 179 175 2100
174 wait 171 175 2300
174 irecv 206 3100 200 0
174 irecv 142 3300 200 0
174 send 206 3300 60 0
174 send 142 3100 60 0
174 wait 207 175 3100
174 wait 143 175 3300
174 irecv 175 1100 200 0
174 irecv 173 1300 200 0
174 send 175 1300 16 0
174 send 173 1100 16 0
174 wait 176 175 1100
174 wait 174 175 1300
174 irecv 178 2100 200 0
174 irecv 170 2300 200 0
174 send 178 2300 40 0
174 send 170 2100 40 0
174 wait 179 175 2100
174 wait 171 175 2300
174 irecv 206 3100 200 0
174 irecv 142 3300 200 0
174 send 206 3300 60 0
174 send 142 3100 60 0
174 wait 207 175 3100
174 wait 143 175 3300
174 irecv 175 1100 200 0
174 irecv 173 1300 200 0
174 send 175 1300 16 0
174 send 173 1100 16 0
174 wait 176 175 1100
174 wait 174 175 1300
174 irecv 178 2100 200 0
174 irecv 170 2300 200 0
174 send 178 2300 40 0
174 send 170 2100 40 0
174 wait 179 175 2100
174 wait 171 175 2300
174 irecv 206 3100 200 0
174 irecv 142 3300 200 0
174 send 206 3300 60 0
174 send 142 3100 60 0
174 wait 207 175 3100
174 wait 143 175 3300
174 barrier
174 allreduce 1 0 0 
174 allreduce 4 0 1 
174 allreduce 1 0 0 
174 allreduce 4 0 1 
174 allreduce 1 0 0 
174 allreduce 4 0 1 
174 allreduce 1 0 0 
174 allreduce 4 0 1 
174 allreduce 1 0 0 
174 allreduce 4 0 1 
174 allreduce 1 0 0 
174 allreduce 4 0 1 
174 allreduce 1 0 0 
174 allreduce 4 0 1 
174 allreduce 1 0 0 
174 allreduce 4 0 1 
174 allreduce 1 0 0 
174 allreduce 4 0 1 
174 allreduce 1 0 0 
174 allreduce 4 0 1 
174 allreduce 1 0 0 
174 allreduce 4 0 1 
174 allreduce 1 0 0 
174 allreduce 4 0 1 
174 allreduce 1 0 0 
174 allreduce 4 0 1 
174 allreduce 1 0 0 
174 allreduce 4 0 1 
174 allreduce 1 0 0 
174 allreduce 4 0 1 
174 allreduce 1 0 0 
174 allreduce 4 0 1 
174 allreduce 1 0 0 
174 allreduce 4 0 1 
174 allreduce 1 0 0 
174 allreduce 4 0 1 
174 allreduce 1 0 0 
174 allreduce 4 0 1 
174 allreduce 1 0 0 
174 allreduce 4 0 1 
174 barrier
174 irecv 175 1100 200 0
174 irecv 173 1300 200 0
174 send 175 1300 16 0
174 send 173 1100 16 0
174 wait 176 175 1100
174 wait 174 175 1300
174 irecv 178 2100 200 0
174 irecv 170 2300 200 0
174 send 178 2300 40 0
174 send 170 2100 40 0
174 wait 179 175 2100
174 wait 171 175 2300
174 irecv 206 3100 200 0
174 irecv 142 3300 200 0
174 send 206 3300 60 0
174 send 142 3100 60 0
174 wait 207 175 3100
174 wait 143 175 3300
174 barrier
174 irecv 175 1100 200 0
174 irecv 173 1300 200 0
174 send 175 1300 16 0
174 send 173 1100 16 0
174 wait 176 175 1100
174 wait 174 175 1300
174 irecv 178 2100 200 0
174 irecv 170 2300 200 0
174 send 178 2300 40 0
174 send 170 2100 40 0
174 wait 179 175 2100
174 wait 171 175 2300
174 irecv 206 3100 200 0
174 irecv 142 3300 200 0
174 send 206 3300 60 0
174 send 142 3100 60 0
174 wait 207 175 3100
174 wait 143 175 3300
174 allreduce 1 0 0 
174 allreduce 1 0 0 
174 irecv 175 1100 200 0
174 irecv 173 1300 200 0
174 send 175 1300 4 0
174 send 173 1100 4 0
174 wait 176 175 1100
174 wait 174 175 1300
174 irecv 178 2100 200 0
174 irecv 170 2300 200 0
174 send 178 2300 12 0
174 send 170 2100 12 0
174 wait 179 175 2100
174 wait 171 175 2300
174 irecv 206 3100 200 0
174 irecv 142 3300 200 0
174 send 206 3300 24 0
174 send 142 3100 24 0
174 wait 207 175 3100
174 wait 143 175 3300
174 irecv 175 1100 200 0
174 irecv 173 1300 200 0
174 send 175 1300 1 0
174 send 173 1100 1 0
174 wait 176 175 1100
174 wait 174 175 1300
174 irecv 178 2100 200 0
174 irecv 170 2300 200 0
174 send 178 2300 4 0
174 send 170 2100 4 0
174 wait 179 175 2100
174 wait 171 175 2300
174 irecv 206 3100 200 0
174 irecv 142 3300 200 0
174 send 206 3300 12 0
174 send 142 3100 12 0
174 wait 207 175 3100
174 wait 143 175 3300
174 irecv 175 1100 200 0
174 irecv 173 1300 200 0
174 send 175 1300 1 0
174 send 173 1100 1 0
174 wait 176 175 1100
174 wait 174 175 1300
174 irecv 182 2100 200 0
174 irecv 166 2300 200 0
174 send 182 2300 3 0
174 send 166 2100 3 0
174 wait 183 175 2100
174 wait 167 175 2300
174 irecv 238 3100 200 0
174 irecv 110 3300 200 0
174 send 238 3300 9 0
174 send 110 3100 9 0
174 wait 239 175 3100
174 wait 111 175 3300
174 irecv 175 1100 200 0
174 irecv 173 1300 200 0
174 wait 176 175 1100
174 wait 174 175 1300
174 send 182 2300 18 0
174 send 166 2100 9 0
174 irecv 238 3100 200 0
174 irecv 110 3300 200 0
174 wait 239 175 3100
174 wait 111 175 3300
174 irecv 175 1100 200 0
174 irecv 173 1300 200 0
174 send 175 1300 1 0
174 send 173 1100 1 0
174 wait 176 175 1100
174 wait 174 175 1300
174 irecv 182 2100 200 0
174 irecv 166 2300 200 0
174 send 182 2300 3 0
174 send 166 2100 3 0
174 wait 183 175 2100
174 wait 167 175 2300
174 irecv 238 3100 200 0
174 irecv 110 3300 200 0
174 send 238 3300 9 0
174 send 110 3100 9 0
174 wait 239 175 3100
174 wait 111 175 3300
174 irecv 175 1100 200 0
174 irecv 173 1300 200 0
174 send 175 1300 1 0
174 send 173 1100 1 0
174 wait 176 175 1100
174 wait 174 175 1300
174 irecv 182 2100 200 0
174 irecv 166 2300 200 0
174 send 182 2300 3 0
174 send 166 2100 3 0
174 wait 183 175 2100
174 wait 167 175 2300
174 irecv 238 3100 200 0
174 irecv 110 3300 200 0
174 send 238 3300 9 0
174 send 110 3100 9 0
174 wait 239 175 3100
174 wait 111 175 3300
174 send 178 2300 24 0
174 send 170 2100 12 0
174 send 206 3300 24 0
174 send 142 3100 12 0
174 irecv 175 1100 200 0
174 irecv 173 1300 200 0
174 send 175 1300 1 0
174 send 173 1100 1 0
174 wait 176 175 1100
174 wait 174 175 1300
174 irecv 178 2100 200 0
174 irecv 170 2300 200 0
174 send 178 2300 4 0
174 send 170 2100 4 0
174 wait 179 175 2100
174 wait 171 175 2300
174 irecv 206 3100 200 0
174 irecv 142 3300 200 0
174 send 206 3300 12 0
174 send 142 3100 12 0
174 wait 207 175 3100
174 wait 143 175 3300
174 irecv 175 1100 200 0
174 irecv 173 1300 200 0
174 send 175 1300 1 0
174 send 173 1100 1 0
174 wait 176 175 1100
174 wait 174 175 1300
174 irecv 178 2100 200 0
174 irecv 170 2300 200 0
174 send 178 2300 4 0
174 send 170 2100 4 0
174 wait 179 175 2100
174 wait 171 175 2300
174 irecv 206 3100 200 0
174 irecv 142 3300 200 0
174 send 206 3300 12 0
174 send 142 3100 12 0
174 wait 207 175 3100
174 wait 143 175 3300
174 irecv 175 1100 200 0
174 irecv 173 1300 200 0
174 send 175 1300 4 0
174 send 173 1100 4 0
174 wait 176 175 1100
174 wait 174 175 1300
174 irecv 178 2100 200 0
174 irecv 170 2300 200 0
174 send 178 2300 12 0
174 send 170 2100 12 0
174 wait 179 175 2100
174 wait 171 175 2300
174 irecv 206 3100 200 0
174 irecv 142 3300 200 0
174 send 206 3300 24 0
174 send 142 3100 24 0
174 wait 207 175 3100
174 wait 143 175 3300
174 irecv 175 1100 200 0
174 irecv 173 1300 200 0
174 send 175 1300 4 0
174 send 173 1100 4 0
174 wait 176 175 1100
174 wait 174 175 1300
174 irecv 178 2100 200 0
174 irecv 170 2300 200 0
174 send 178 2300 12 0
174 send 170 2100 12 0
174 wait 179 175 2100
174 wait 171 175 2300
174 irecv 206 3100 200 0
174 irecv 142 3300 200 0
174 send 206 3300 24 0
174 send 142 3100 24 0
174 wait 207 175 3100
174 wait 143 175 3300
174 irecv 175 1100 200 0
174 irecv 173 1300 200 0
174 send 175 1300 16 0
174 send 173 1100 16 0
174 wait 176 175 1100
174 wait 174 175 1300
174 irecv 178 2100 200 0
174 irecv 170 2300 200 0
174 send 178 2300 40 0
174 send 170 2100 40 0
174 wait 179 175 2100
174 wait 171 175 2300
174 irecv 206 3100 200 0
174 irecv 142 3300 200 0
174 send 206 3300 60 0
174 send 142 3100 60 0
174 wait 207 175 3100
174 wait 143 175 3300
174 irecv 175 1100 200 0
174 irecv 173 1300 200 0
174 send 175 1300 16 0
174 send 173 1100 16 0
174 wait 176 175 1100
174 wait 174 175 1300
174 irecv 178 2100 200 0
174 irecv 170 2300 200 0
174 send 178 2300 40 0
174 send 170 2100 40 0
174 wait 179 175 2100
174 wait 171 175 2300
174 irecv 206 3100 200 0
174 irecv 142 3300 200 0
174 send 206 3300 60 0
174 send 142 3100 60 0
174 wait 207 175 3100
174 wait 143 175 3300
174 irecv 175 1100 200 0
174 irecv 173 1300 200 0
174 send 175 1300 16 0
174 send 173 1100 16 0
174 wait 176 175 1100
174 wait 174 175 1300
174 irecv 178 2100 200 0
174 irecv 170 2300 200 0
174 send 178 2300 40 0
174 send 170 2100 40 0
174 wait 179 175 2100
174 wait 171 175 2300
174 irecv 206 3100 200 0
174 irecv 142 3300 200 0
174 send 206 3300 60 0
174 send 142 3100 60 0
174 wait 207 175 3100
174 wait 143 175 3300
174 irecv 175 1100 200 0
174 irecv 173 1300 200 0
174 send 175 1300 4 0
174 send 173 1100 4 0
174 wait 176 175 1100
174 wait 174 175 1300
174 irecv 178 2100 200 0
174 irecv 170 2300 200 0
174 send 178 2300 12 0
174 send 170 2100 12 0
174 wait 179 175 2100
174 wait 171 175 2300
174 irecv 206 3100 200 0
174 irecv 142 3300 200 0
174 send 206 3300 24 0
174 send 142 3100 24 0
174 wait 207 175 3100
174 wait 143 175 3300
174 irecv 175 1100 200 0
174 irecv 173 1300 200 0
174 send 175 1300 1 0
174 send 173 1100 1 0
174 wait 176 175 1100
174 wait 174 175 1300
174 irecv 178 2100 200 0
174 irecv 170 2300 200 0
174 send 178 2300 4 0
174 send 170 2100 4 0
174 wait 179 175 2100
174 wait 171 175 2300
174 irecv 206 3100 200 0
174 irecv 142 3300 200 0
174 send 206 3300 12 0
174 send 142 3100 12 0
174 wait 207 175 3100
174 wait 143 175 3300
174 irecv 175 1100 200 0
174 irecv 173 1300 200 0
174 send 175 1300 1 0
174 send 173 1100 1 0
174 wait 176 175 1100
174 wait 174 175 1300
174 irecv 182 2100 200 0
174 irecv 166 2300 200 0
174 send 182 2300 3 0
174 send 166 2100 3 0
174 wait 183 175 2100
174 wait 167 175 2300
174 irecv 238 3100 200 0
174 irecv 110 3300 200 0
174 send 238 3300 9 0
174 send 110 3100 9 0
174 wait 239 175 3100
174 wait 111 175 3300
174 irecv 175 1100 200 0
174 irecv 173 1300 200 0
174 wait 176 175 1100
174 wait 174 175 1300
174 send 182 2300 18 0
174 send 166 2100 9 0
174 irecv 238 3100 200 0
174 irecv 110 3300 200 0
174 wait 239 175 3100
174 wait 111 175 3300
174 irecv 175 1100 200 0
174 irecv 173 1300 200 0
174 send 175 1300 1 0
174 send 173 1100 1 0
174 wait 176 175 1100
174 wait 174 175 1300
174 irecv 182 2100 200 0
174 irecv 166 2300 200 0
174 send 182 2300 3 0
174 send 166 2100 3 0
174 wait 183 175 2100
174 wait 167 175 2300
174 irecv 238 3100 200 0
174 irecv 110 3300 200 0
174 send 238 3300 9 0
174 send 110 3100 9 0
174 wait 239 175 3100
174 wait 111 175 3300
174 irecv 175 1100 200 0
174 irecv 173 1300 200 0
174 send 175 1300 1 0
174 send 173 1100 1 0
174 wait 176 175 1100
174 wait 174 175 1300
174 irecv 182 2100 200 0
174 irecv 166 2300 200 0
174 send 182 2300 3 0
174 send 166 2100 3 0
174 wait 183 175 2100
174 wait 167 175 2300
174 irecv 238 3100 200 0
174 irecv 110 3300 200 0
174 send 238 3300 9 0
174 send 110 3100 9 0
174 wait 239 175 3100
174 wait 111 175 3300
174 send 178 2300 24 0
174 send 170 2100 12 0
174 send 206 3300 24 0
174 send 142 3100 12 0
174 irecv 175 1100 200 0
174 irecv 173 1300 200 0
174 send 175 1300 1 0
174 send 173 1100 1 0
174 wait 176 175 1100
174 wait 174 175 1300
174 irecv 178 2100 200 0
174 irecv 170 2300 200 0
174 send 178 2300 4 0
174 send 170 2100 4 0
174 wait 179 175 2100
174 wait 171 175 2300
174 irecv 206 3100 200 0
174 irecv 142 3300 200 0
174 send 206 3300 12 0
174 send 142 3100 12 0
174 wait 207 175 3100
174 wait 143 175 3300
174 irecv 175 1100 200 0
174 irecv 173 1300 200 0
174 send 175 1300 1 0
174 send 173 1100 1 0
174 wait 176 175 1100
174 wait 174 175 1300
174 irecv 178 2100 200 0
174 irecv 170 2300 200 0
174 send 178 2300 4 0
174 send 170 2100 4 0
174 wait 179 175 2100
174 wait 171 175 2300
174 irecv 206 3100 200 0
174 irecv 142 3300 200 0
174 send 206 3300 12 0
174 send 142 3100 12 0
174 wait 207 175 3100
174 wait 143 175 3300
174 irecv 175 1100 200 0
174 irecv 173 1300 200 0
174 send 175 1300 4 0
174 send 173 1100 4 0
174 wait 176 175 1100
174 wait 174 175 1300
174 irecv 178 2100 200 0
174 irecv 170 2300 200 0
174 send 178 2300 12 0
174 send 170 2100 12 0
174 wait 179 175 2100
174 wait 171 175 2300
174 irecv 206 3100 200 0
174 irecv 142 3300 200 0
174 send 206 3300 24 0
174 send 142 3100 24 0
174 wait 207 175 3100
174 wait 143 175 3300
174 irecv 175 1100 200 0
174 irecv 173 1300 200 0
174 send 175 1300 4 0
174 send 173 1100 4 0
174 wait 176 175 1100
174 wait 174 175 1300
174 irecv 178 2100 200 0
174 irecv 170 2300 200 0
174 send 178 2300 12 0
174 send 170 2100 12 0
174 wait 179 175 2100
174 wait 171 175 2300
174 irecv 206 3100 200 0
174 irecv 142 3300 200 0
174 send 206 3300 24 0
174 send 142 3100 24 0
174 wait 207 175 3100
174 wait 143 175 3300
174 irecv 175 1100 200 0
174 irecv 173 1300 200 0
174 send 175 1300 16 0
174 send 173 1100 16 0
174 wait 176 175 1100
174 wait 174 175 1300
174 irecv 178 2100 200 0
174 irecv 170 2300 200 0
174 send 178 2300 40 0
174 send 170 2100 40 0
174 wait 179 175 2100
174 wait 171 175 2300
174 irecv 206 3100 200 0
174 irecv 142 3300 200 0
174 send 206 3300 60 0
174 send 142 3100 60 0
174 wait 207 175 3100
174 wait 143 175 3300
174 irecv 175 1100 200 0
174 irecv 173 1300 200 0
174 send 175 1300 16 0
174 send 173 1100 16 0
174 wait 176 175 1100
174 wait 174 175 1300
174 irecv 178 2100 200 0
174 irecv 170 2300 200 0
174 send 178 2300 40 0
174 send 170 2100 40 0
174 wait 179 175 2100
174 wait 171 175 2300
174 irecv 206 3100 200 0
174 irecv 142 3300 200 0
174 send 206 3300 60 0
174 send 142 3100 60 0
174 wait 207 175 3100
174 wait 143 175 3300
174 irecv 175 1100 200 0
174 irecv 173 1300 200 0
174 send 175 1300 16 0
174 send 173 1100 16 0
174 wait 176 175 1100
174 wait 174 175 1300
174 irecv 178 2100 200 0
174 irecv 170 2300 200 0
174 send 178 2300 40 0
174 send 170 2100 40 0
174 wait 179 175 2100
174 wait 171 175 2300
174 irecv 206 3100 200 0
174 irecv 142 3300 200 0
174 send 206 3300 60 0
174 send 142 3100 60 0
174 wait 207 175 3100
174 wait 143 175 3300
174 irecv 175 1100 200 0
174 irecv 173 1300 200 0
174 send 175 1300 4 0
174 send 173 1100 4 0
174 wait 176 175 1100
174 wait 174 175 1300
174 irecv 178 2100 200 0
174 irecv 170 2300 200 0
174 send 178 2300 12 0
174 send 170 2100 12 0
174 wait 179 175 2100
174 wait 171 175 2300
174 irecv 206 3100 200 0
174 irecv 142 3300 200 0
174 send 206 3300 24 0
174 send 142 3100 24 0
174 wait 207 175 3100
174 wait 143 175 3300
174 irecv 175 1100 200 0
174 irecv 173 1300 200 0
174 send 175 1300 1 0
174 send 173 1100 1 0
174 wait 176 175 1100
174 wait 174 175 1300
174 irecv 178 2100 200 0
174 irecv 170 2300 200 0
174 send 178 2300 4 0
174 send 170 2100 4 0
174 wait 179 175 2100
174 wait 171 175 2300
174 irecv 206 3100 200 0
174 irecv 142 3300 200 0
174 send 206 3300 12 0
174 send 142 3100 12 0
174 wait 207 175 3100
174 wait 143 175 3300
174 irecv 175 1100 200 0
174 irecv 173 1300 200 0
174 send 175 1300 1 0
174 send 173 1100 1 0
174 wait 176 175 1100
174 wait 174 175 1300
174 irecv 182 2100 200 0
174 irecv 166 2300 200 0
174 send 182 2300 3 0
174 send 166 2100 3 0
174 wait 183 175 2100
174 wait 167 175 2300
174 irecv 238 3100 200 0
174 irecv 110 3300 200 0
174 send 238 3300 9 0
174 send 110 3100 9 0
174 wait 239 175 3100
174 wait 111 175 3300
174 irecv 175 1100 200 0
174 irecv 173 1300 200 0
174 wait 176 175 1100
174 wait 174 175 1300
174 send 182 2300 18 0
174 send 166 2100 9 0
174 irecv 238 3100 200 0
174 irecv 110 3300 200 0
174 wait 239 175 3100
174 wait 111 175 3300
174 irecv 175 1100 200 0
174 irecv 173 1300 200 0
174 send 175 1300 1 0
174 send 173 1100 1 0
174 wait 176 175 1100
174 wait 174 175 1300
174 irecv 182 2100 200 0
174 irecv 166 2300 200 0
174 send 182 2300 3 0
174 send 166 2100 3 0
174 wait 183 175 2100
174 wait 167 175 2300
174 irecv 238 3100 200 0
174 irecv 110 3300 200 0
174 send 238 3300 9 0
174 send 110 3100 9 0
174 wait 239 175 3100
174 wait 111 175 3300
174 irecv 175 1100 200 0
174 irecv 173 1300 200 0
174 send 175 1300 1 0
174 send 173 1100 1 0
174 wait 176 175 1100
174 wait 174 175 1300
174 irecv 182 2100 200 0
174 irecv 166 2300 200 0
174 send 182 2300 3 0
174 send 166 2100 3 0
174 wait 183 175 2100
174 wait 167 175 2300
174 irecv 238 3100 200 0
174 irecv 110 3300 200 0
174 send 238 3300 9 0
174 send 110 3100 9 0
174 wait 239 175 3100
174 wait 111 175 3300
174 send 178 2300 24 0
174 send 170 2100 12 0
174 send 206 3300 24 0
174 send 142 3100 12 0
174 irecv 175 1100 200 0
174 irecv 173 1300 200 0
174 send 175 1300 1 0
174 send 173 1100 1 0
174 wait 176 175 1100
174 wait 174 175 1300
174 irecv 178 2100 200 0
174 irecv 170 2300 200 0
174 send 178 2300 4 0
174 send 170 2100 4 0
174 wait 179 175 2100
174 wait 171 175 2300
174 irecv 206 3100 200 0
174 irecv 142 3300 200 0
174 send 206 3300 12 0
174 send 142 3100 12 0
174 wait 207 175 3100
174 wait 143 175 3300
174 irecv 175 1100 200 0
174 irecv 173 1300 200 0
174 send 175 1300 1 0
174 send 173 1100 1 0
174 wait 176 175 1100
174 wait 174 175 1300
174 irecv 178 2100 200 0
174 irecv 170 2300 200 0
174 send 178 2300 4 0
174 send 170 2100 4 0
174 wait 179 175 2100
174 wait 171 175 2300
174 irecv 206 3100 200 0
174 irecv 142 3300 200 0
174 send 206 3300 12 0
174 send 142 3100 12 0
174 wait 207 175 3100
174 wait 143 175 3300
174 irecv 175 1100 200 0
174 irecv 173 1300 200 0
174 send 175 1300 4 0
174 send 173 1100 4 0
174 wait 176 175 1100
174 wait 174 175 1300
174 irecv 178 2100 200 0
174 irecv 170 2300 200 0
174 send 178 2300 12 0
174 send 170 2100 12 0
174 wait 179 175 2100
174 wait 171 175 2300
174 irecv 206 3100 200 0
174 irecv 142 3300 200 0
174 send 206 3300 24 0
174 send 142 3100 24 0
174 wait 207 175 3100
174 wait 143 175 3300
174 irecv 175 1100 200 0
174 irecv 173 1300 200 0
174 send 175 1300 4 0
174 send 173 1100 4 0
174 wait 176 175 1100
174 wait 174 175 1300
174 irecv 178 2100 200 0
174 irecv 170 2300 200 0
174 send 178 2300 12 0
174 send 170 2100 12 0
174 wait 179 175 2100
174 wait 171 175 2300
174 irecv 206 3100 200 0
174 irecv 142 3300 200 0
174 send 206 3300 24 0
174 send 142 3100 24 0
174 wait 207 175 3100
174 wait 143 175 3300
174 irecv 175 1100 200 0
174 irecv 173 1300 200 0
174 send 175 1300 16 0
174 send 173 1100 16 0
174 wait 176 175 1100
174 wait 174 175 1300
174 irecv 178 2100 200 0
174 irecv 170 2300 200 0
174 send 178 2300 40 0
174 send 170 2100 40 0
174 wait 179 175 2100
174 wait 171 175 2300
174 irecv 206 3100 200 0
174 irecv 142 3300 200 0
174 send 206 3300 60 0
174 send 142 3100 60 0
174 wait 207 175 3100
174 wait 143 175 3300
174 irecv 175 1100 200 0
174 irecv 173 1300 200 0
174 send 175 1300 16 0
174 send 173 1100 16 0
174 wait 176 175 1100
174 wait 174 175 1300
174 irecv 178 2100 200 0
174 irecv 170 2300 200 0
174 send 178 2300 40 0
174 send 170 2100 40 0
174 wait 179 175 2100
174 wait 171 175 2300
174 irecv 206 3100 200 0
174 irecv 142 3300 200 0
174 send 206 3300 60 0
174 send 142 3100 60 0
174 wait 207 175 3100
174 wait 143 175 3300
174 irecv 175 1100 200 0
174 irecv 173 1300 200 0
174 send 175 1300 16 0
174 send 173 1100 16 0
174 wait 176 175 1100
174 wait 174 175 1300
174 irecv 178 2100 200 0
174 irecv 170 2300 200 0
174 send 178 2300 40 0
174 send 170 2100 40 0
174 wait 179 175 2100
174 wait 171 175 2300
174 irecv 206 3100 200 0
174 irecv 142 3300 200 0
174 send 206 3300 60 0
174 send 142 3100 60 0
174 wait 207 175 3100
174 wait 143 175 3300
174 irecv 175 1100 200 0
174 irecv 173 1300 200 0
174 send 175 1300 4 0
174 send 173 1100 4 0
174 wait 176 175 1100
174 wait 174 175 1300
174 irecv 178 2100 200 0
174 irecv 170 2300 200 0
174 send 178 2300 12 0
174 send 170 2100 12 0
174 wait 179 175 2100
174 wait 171 175 2300
174 irecv 206 3100 200 0
174 irecv 142 3300 200 0
174 send 206 3300 24 0
174 send 142 3100 24 0
174 wait 207 175 3100
174 wait 143 175 3300
174 irecv 175 1100 200 0
174 irecv 173 1300 200 0
174 send 175 1300 1 0
174 send 173 1100 1 0
174 wait 176 175 1100
174 wait 174 175 1300
174 irecv 178 2100 200 0
174 irecv 170 2300 200 0
174 send 178 2300 4 0
174 send 170 2100 4 0
174 wait 179 175 2100
174 wait 171 175 2300
174 irecv 206 3100 200 0
174 irecv 142 3300 200 0
174 send 206 3300 12 0
174 send 142 3100 12 0
174 wait 207 175 3100
174 wait 143 175 3300
174 irecv 175 1100 200 0
174 irecv 173 1300 200 0
174 send 175 1300 1 0
174 send 173 1100 1 0
174 wait 176 175 1100
174 wait 174 175 1300
174 irecv 182 2100 200 0
174 irecv 166 2300 200 0
174 send 182 2300 3 0
174 send 166 2100 3 0
174 wait 183 175 2100
174 wait 167 175 2300
174 irecv 238 3100 200 0
174 irecv 110 3300 200 0
174 send 238 3300 9 0
174 send 110 3100 9 0
174 wait 239 175 3100
174 wait 111 175 3300
174 irecv 175 1100 200 0
174 irecv 173 1300 200 0
174 wait 176 175 1100
174 wait 174 175 1300
174 send 182 2300 18 0
174 send 166 2100 9 0
174 irecv 238 3100 200 0
174 irecv 110 3300 200 0
174 wait 239 175 3100
174 wait 111 175 3300
174 irecv 175 1100 200 0
174 irecv 173 1300 200 0
174 send 175 1300 1 0
174 send 173 1100 1 0
174 wait 176 175 1100
174 wait 174 175 1300
174 irecv 182 2100 200 0
174 irecv 166 2300 200 0
174 send 182 2300 3 0
174 send 166 2100 3 0
174 wait 183 175 2100
174 wait 167 175 2300
174 irecv 238 3100 200 0
174 irecv 110 3300 200 0
174 send 238 3300 9 0
174 send 110 3100 9 0
174 wait 239 175 3100
174 wait 111 175 3300
174 irecv 175 1100 200 0
174 irecv 173 1300 200 0
174 send 175 1300 1 0
174 send 173 1100 1 0
174 wait 176 175 1100
174 wait 174 175 1300
174 irecv 182 2100 200 0
174 irecv 166 2300 200 0
174 send 182 2300 3 0
174 send 166 2100 3 0
174 wait 183 175 2100
174 wait 167 175 2300
174 irecv 238 3100 200 0
174 irecv 110 3300 200 0
174 send 238 3300 9 0
174 send 110 3100 9 0
174 wait 239 175 3100
174 wait 111 175 3300
174 send 178 2300 24 0
174 send 170 2100 12 0
174 send 206 3300 24 0
174 send 142 3100 12 0
174 irecv 175 1100 200 0
174 irecv 173 1300 200 0
174 send 175 1300 1 0
174 send 173 1100 1 0
174 wait 176 175 1100
174 wait 174 175 1300
174 irecv 178 2100 200 0
174 irecv 170 2300 200 0
174 send 178 2300 4 0
174 send 170 2100 4 0
174 wait 179 175 2100
174 wait 171 175 2300
174 irecv 206 3100 200 0
174 irecv 142 3300 200 0
174 send 206 3300 12 0
174 send 142 3100 12 0
174 wait 207 175 3100
174 wait 143 175 3300
174 irecv 175 1100 200 0
174 irecv 173 1300 200 0
174 send 175 1300 1 0
174 send 173 1100 1 0
174 wait 176 175 1100
174 wait 174 175 1300
174 irecv 178 2100 200 0
174 irecv 170 2300 200 0
174 send 178 2300 4 0
174 send 170 2100 4 0
174 wait 179 175 2100
174 wait 171 175 2300
174 irecv 206 3100 200 0
174 irecv 142 3300 200 0
174 send 206 3300 12 0
174 send 142 3100 12 0
174 wait 207 175 3100
174 wait 143 175 3300
174 irecv 175 1100 200 0
174 irecv 173 1300 200 0
174 send 175 1300 4 0
174 send 173 1100 4 0
174 wait 176 175 1100
174 wait 174 175 1300
174 irecv 178 2100 200 0
174 irecv 170 2300 200 0
174 send 178 2300 12 0
174 send 170 2100 12 0
174 wait 179 175 2100
174 wait 171 175 2300
174 irecv 206 3100 200 0
174 irecv 142 3300 200 0
174 send 206 3300 24 0
174 send 142 3100 24 0
174 wait 207 175 3100
174 wait 143 175 3300
174 irecv 175 1100 200 0
174 irecv 173 1300 200 0
174 send 175 1300 4 0
174 send 173 1100 4 0
174 wait 176 175 1100
174 wait 174 175 1300
174 irecv 178 2100 200 0
174 irecv 170 2300 200 0
174 send 178 2300 12 0
174 send 170 2100 12 0
174 wait 179 175 2100
174 wait 171 175 2300
174 irecv 206 3100 200 0
174 irecv 142 3300 200 0
174 send 206 3300 24 0
174 send 142 3100 24 0
174 wait 207 175 3100
174 wait 143 175 3300
174 irecv 175 1100 200 0
174 irecv 173 1300 200 0
174 send 175 1300 16 0
174 send 173 1100 16 0
174 wait 176 175 1100
174 wait 174 175 1300
174 irecv 178 2100 200 0
174 irecv 170 2300 200 0
174 send 178 2300 40 0
174 send 170 2100 40 0
174 wait 179 175 2100
174 wait 171 175 2300
174 irecv 206 3100 200 0
174 irecv 142 3300 200 0
174 send 206 3300 60 0
174 send 142 3100 60 0
174 wait 207 175 3100
174 wait 143 175 3300
174 irecv 175 1100 200 0
174 irecv 173 1300 200 0
174 send 175 1300 16 0
174 send 173 1100 16 0
174 wait 176 175 1100
174 wait 174 175 1300
174 irecv 178 2100 200 0
174 irecv 170 2300 200 0
174 send 178 2300 40 0
174 send 170 2100 40 0
174 wait 179 175 2100
174 wait 171 175 2300
174 irecv 206 3100 200 0
174 irecv 142 3300 200 0
174 send 206 3300 60 0
174 send 142 3100 60 0
174 wait 207 175 3100
174 wait 143 175 3300
174 irecv 175 1100 200 0
174 irecv 173 1300 200 0
174 send 175 1300 16 0
174 send 173 1100 16 0
174 wait 176 175 1100
174 wait 174 175 1300
174 irecv 178 2100 200 0
174 irecv 170 2300 200 0
174 send 178 2300 40 0
174 send 170 2100 40 0
174 wait 179 175 2100
174 wait 171 175 2300
174 irecv 206 3100 200 0
174 irecv 142 3300 200 0
174 send 206 3300 60 0
174 send 142 3100 60 0
174 wait 207 175 3100
174 wait 143 175 3300
174 allreduce 1 0 0 
174 allreduce 1 0 0 
174 reduce 1 0 0 0 
174 finalize
