100 init
100 barrier
100 bcast 1 0 1 
100 bcast 1 0 1 
100 bcast 1 0 1 
100 bcast 1 0 1 
100 bcast 1 0 1 
100 bcast 8 0 1 
100 bcast 1 0 16 
100 barrier
100 allreduce 1 0 0 
100 allreduce 4 0 1 
100 allreduce 1 0 0 
100 allreduce 4 0 1 
100 allreduce 1 0 0 
100 allreduce 4 0 1 
100 allreduce 1 0 0 
100 allreduce 4 0 1 
100 allreduce 1 0 0 
100 allreduce 4 0 1 
100 allreduce 1 0 0 
100 allreduce 4 0 1 
100 allreduce 1 0 0 
100 allreduce 4 0 1 
100 allreduce 1 0 0 
100 allreduce 4 0 1 
100 allreduce 1 0 0 
100 allreduce 4 0 1 
100 allreduce 1 0 0 
100 allreduce 4 0 1 
100 allreduce 1 0 0 
100 allreduce 4 0 1 
100 allreduce 1 0 0 
100 allreduce 4 0 1 
100 allreduce 1 0 0 
100 allreduce 4 0 1 
100 allreduce 1 0 0 
100 allreduce 4 0 1 
100 allreduce 1 0 0 
100 allreduce 4 0 1 
100 allreduce 1 0 0 
100 allreduce 4 0 1 
100 allreduce 1 0 0 
100 allreduce 4 0 1 
100 allreduce 1 0 0 
100 allreduce 4 0 1 
100 allreduce 1 0 0 
100 allreduce 4 0 1 
100 allreduce 1 0 0 
100 allreduce 4 0 1 
100 barrier
100 irecv 101 1100 200 0
100 irecv 103 1300 200 0
100 send 101 1300 16 0
100 send 103 1100 16 0
100 wait 102 101 1100
100 wait 104 101 1300
100 irecv 104 2100 200 0
100 irecv 96 2300 200 0
100 send 104 2300 40 0
100 send 96 2100 40 0
100 wait 105 101 2100
100 wait 97 101 2300
100 irecv 132 3100 200 0
100 irecv 68 3300 200 0
100 send 132 3300 60 0
100 send 68 3100 60 0
100 wait 133 101 3100
100 wait 69 101 3300
100 allreduce 1 0 0 
100 allreduce 1 0 0 
100 irecv 101 1100 200 0
100 irecv 103 1300 200 0
100 send 101 1300 16 0
100 send 103 1100 16 0
100 wait 102 101 1100
100 wait 104 101 1300
100 irecv 104 2100 200 0
100 irecv 96 2300 200 0
100 send 104 2300 40 0
100 send 96 2100 40 0
100 wait 105 101 2100
100 wait 97 101 2300
100 irecv 132 3100 200 0
100 irecv 68 3300 200 0
100 send 132 3300 60 0
100 send 68 3100 60 0
100 wait 133 101 3100
100 wait 69 101 3300
100 allreduce 1 0 0 
100 allreduce 1 0 0 
100 irecv 101 1100 200 0
100 irecv 103 1300 200 0
100 send 101 1300 4 0
100 send 103 1100 4 0
100 wait 102 101 1100
100 wait 104 101 1300
100 irecv 104 2100 200 0
100 irecv 96 2300 200 0
100 send 104 2300 12 0
100 send 96 2100 12 0
100 wait 105 101 2100
100 wait 97 101 2300
100 irecv 132 3100 200 0
100 irecv 68 3300 200 0
100 compute 312.5
100 send 132 3300 24 0
100 send 68 3100 24 0
100 wait 133 101 3100
100 wait 69 101 3300
100 irecv 101 1100 200 0
100 irecv 103 1300 200 0
100 send 101 1300 1 0
100 send 103 1100 1 0
100 wait 102 101 1100
100 wait 104 101 1300
100 irecv 104 2100 200 0
100 irecv 96 2300 200 0
100 send 104 2300 4 0
100 send 96 2100 4 0
100 wait 105 101 2100
100 wait 97 101 2300
100 irecv 132 3100 200 0
100 irecv 68 3300 200 0
100 send 132 3300 12 0
100 send 68 3100 12 0
100 wait 133 101 3100
100 wait 69 101 3300
100 irecv 101 1100 200 0
100 irecv 103 1300 200 0
100 send 101 1300 1 0
100 send 103 1100 1 0
100 wait 102 101 1100
100 wait 104 101 1300
100 irecv 108 2100 200 0
100 irecv 124 2300 200 0
100 send 108 2300 3 0
100 send 124 2100 3 0
100 wait 109 101 2100
100 wait 125 101 2300
100 irecv 164 3100 200 0
100 irecv 36 3300 200 0
100 send 164 3300 9 0
100 send 36 3100 9 0
100 wait 165 101 3100
100 wait 37 101 3300
100 irecv 101 1100 200 0
100 irecv 103 1300 200 0
100 wait 102 101 1100
100 wait 104 101 1300
100 irecv 108 2100 200 0
100 irecv 124 2300 200 0
100 wait 109 101 2100
100 wait 125 101 2300
100 send 164 3300 18 0
100 send 36 3100 9 0
100 irecv 101 1100 200 0
100 irecv 103 1300 200 0
100 send 101 1300 1 0
100 send 103 1100 1 0
100 wait 102 101 1100
100 wait 104 101 1300
100 irecv 108 2100 200 0
100 irecv 124 2300 200 0
100 send 108 2300 3 0
100 send 124 2100 3 0
100 wait 109 101 2100
100 wait 125 101 2300
100 irecv 164 3100 200 0
100 irecv 36 3300 200 0
100 send 164 3300 9 0
100 send 36 3100 9 0
100 wait 165 101 3100
100 wait 37 101 3300
100 irecv 101 1100 200 0
100 irecv 103 1300 200 0
100 send 101 1300 1 0
100 send 103 1100 1 0
100 wait 102 101 1100
100 wait 104 101 1300
100 irecv 108 2100 200 0
100 irecv 124 2300 200 0
100 send 108 2300 3 0
100 send 124 2100 3 0
100 wait 109 101 2100
100 wait 125 101 2300
100 irecv 164 3100 200 0
100 irecv 36 3300 200 0
100 send 164 3300 9 0
100 send 36 3100 9 0
100 wait 165 101 3100
100 wait 37 101 3300
100 send 104 2300 24 0
100 send 96 2100 12 0
100 send 132 3300 24 0
100 send 68 3100 12 0
100 irecv 101 1100 200 0
100 irecv 103 1300 200 0
100 send 101 1300 1 0
100 send 103 1100 1 0
100 wait 102 101 1100
100 wait 104 101 1300
100 irecv 104 2100 200 0
100 irecv 96 2300 200 0
100 send 104 2300 4 0
100 send 96 2100 4 0
100 wait 105 101 2100
100 wait 97 101 2300
100 irecv 132 3100 200 0
100 irecv 68 3300 200 0
100 send 132 3300 12 0
100 send 68 3100 12 0
100 wait 133 101 3100
100 wait 69 101 3300
100 irecv 101 1100 200 0
100 irecv 103 1300 200 0
100 send 101 1300 1 0
100 send 103 1100 1 0
100 wait 102 101 1100
100 wait 104 101 1300
100 irecv 104 2100 200 0
100 irecv 96 2300 200 0
100 send 104 2300 4 0
100 send 96 2100 4 0
100 wait 105 101 2100
100 wait 97 101 2300
100 irecv 132 3100 200 0
100 irecv 68 3300 200 0
100 send 132 3300 12 0
100 send 68 3100 12 0
100 wait 133 101 3100
100 wait 69 101 3300
100 irecv 101 1100 200 0
100 irecv 103 1300 200 0
100 send 101 1300 4 0
100 send 103 1100 4 0
100 wait 102 101 1100
100 wait 104 101 1300
100 irecv 104 2100 200 0
100 irecv 96 2300 200 0
100 send 104 2300 12 0
100 send 96 2100 12 0
100 wait 105 101 2100
100 wait 97 101 2300
100 irecv 132 3100 200 0
100 irecv 68 3300 200 0
100 send 132 3300 24 0
100 send 68 3100 24 0
100 wait 133 101 3100
100 wait 69 101 3300
100 irecv 101 1100 200 0
100 irecv 103 1300 200 0
100 send 101 1300 4 0
100 send 103 1100 4 0
100 wait 102 101 1100
100 wait 104 101 1300
100 irecv 104 2100 200 0
100 irecv 96 2300 200 0
100 send 104 2300 12 0
100 send 96 2100 12 0
100 wait 105 101 2100
100 wait 97 101 2300
100 irecv 132 3100 200 0
100 irecv 68 3300 200 0
100 send 132 3300 24 0
100 send 68 3100 24 0
100 wait 133 101 3100
100 wait 69 101 3300
100 irecv 101 1100 200 0
100 irecv 103 1300 200 0
100 send 101 1300 16 0
100 send 103 1100 16 0
100 wait 102 101 1100
100 wait 104 101 1300
100 irecv 104 2100 200 0
100 irecv 96 2300 200 0
100 send 104 2300 40 0
100 send 96 2100 40 0
100 wait 105 101 2100
100 wait 97 101 2300
100 irecv 132 3100 200 0
100 irecv 68 3300 200 0
100 send 132 3300 60 0
100 send 68 3100 60 0
100 wait 133 101 3100
100 wait 69 101 3300
100 irecv 101 1100 200 0
100 irecv 103 1300 200 0
100 send 101 1300 16 0
100 send 103 1100 16 0
100 wait 102 101 1100
100 wait 104 101 1300
100 irecv 104 2100 200 0
100 irecv 96 2300 200 0
100 send 104 2300 40 0
100 send 96 2100 40 0
100 wait 105 101 2100
100 wait 97 101 2300
100 irecv 132 3100 200 0
100 irecv 68 3300 200 0
100 send 132 3300 60 0
100 send 68 3100 60 0
100 wait 133 101 3100
100 wait 69 101 3300
100 irecv 101 1100 200 0
100 irecv 103 1300 200 0
100 send 101 1300 16 0
100 send 103 1100 16 0
100 wait 102 101 1100
100 wait 104 101 1300
100 irecv 104 2100 200 0
100 irecv 96 2300 200 0
100 send 104 2300 40 0
100 send 96 2100 40 0
100 wait 105 101 2100
100 wait 97 101 2300
100 irecv 132 3100 200 0
100 irecv 68 3300 200 0
100 send 132 3300 60 0
100 send 68 3100 60 0
100 wait 133 101 3100
100 wait 69 101 3300
100 barrier
100 allreduce 1 0 0 
100 allreduce 4 0 1 
100 allreduce 1 0 0 
100 allreduce 4 0 1 
100 allreduce 1 0 0 
100 allreduce 4 0 1 
100 allreduce 1 0 0 
100 allreduce 4 0 1 
100 allreduce 1 0 0 
100 allreduce 4 0 1 
100 allreduce 1 0 0 
100 allreduce 4 0 1 
100 allreduce 1 0 0 
100 allreduce 4 0 1 
100 allreduce 1 0 0 
100 allreduce 4 0 1 
100 allreduce 1 0 0 
100 allreduce 4 0 1 
100 allreduce 1 0 0 
100 allreduce 4 0 1 
100 allreduce 1 0 0 
100 allreduce 4 0 1 
100 allreduce 1 0 0 
100 allreduce 4 0 1 
100 allreduce 1 0 0 
100 allreduce 4 0 1 
100 allreduce 1 0 0 
100 allreduce 4 0 1 
100 allreduce 1 0 0 
100 allreduce 4 0 1 
100 allreduce 1 0 0 
100 allreduce 4 0 1 
100 allreduce 1 0 0 
100 allreduce 4 0 1 
100 allreduce 1 0 0 
100 allreduce 4 0 1 
100 allreduce 1 0 0 
100 allreduce 4 0 1 
100 allreduce 1 0 0 
100 allreduce 4 0 1 
100 barrier
100 irecv 101 1100 200 0
100 irecv 103 1300 200 0
100 send 101 1300 16 0
100 send 103 1100 16 0
100 wait 102 101 1100
100 wait 104 101 1300
100 irecv 104 2100 200 0
100 irecv 96 2300 200 0
100 send 104 2300 40 0
100 send 96 2100 40 0
100 wait 105 101 2100
100 wait 97 101 2300
100 irecv 132 3100 200 0
100 irecv 68 3300 200 0
100 send 132 3300 60 0
100 send 68 3100 60 0
100 wait 133 101 3100
100 wait 69 101 3300
100 barrier
100 irecv 101 1100 200 0
100 irecv 103 1300 200 0
100 send 101 1300 16 0
100 send 103 1100 16 0
100 wait 102 101 1100
100 wait 104 101 1300
100 irecv 104 2100 200 0
100 irecv 96 2300 200 0
100 send 104 2300 40 0
100 send 96 2100 40 0
100 wait 105 101 2100
100 wait 97 101 2300
100 irecv 132 3100 200 0
100 irecv 68 3300 200 0
100 send 132 3300 60 0
100 send 68 3100 60 0
100 wait 133 101 3100
100 wait 69 101 3300
100 allreduce 1 0 0 
100 allreduce 1 0 0 
100 irecv 101 1100 200 0
100 irecv 103 1300 200 0
100 send 101 1300 4 0
100 send 103 1100 4 0
100 wait 102 101 1100
100 wait 104 101 1300
100 irecv 104 2100 200 0
100 irecv 96 2300 200 0
100 send 104 2300 12 0
100 send 96 2100 12 0
100 wait 105 101 2100
100 wait 97 101 2300
100 irecv 132 3100 200 0
100 irecv 68 3300 200 0
100 send 132 3300 24 0
100 send 68 3100 24 0
100 wait 133 101 3100
100 wait 69 101 3300
100 irecv 101 1100 200 0
100 irecv 103 1300 200 0
100 send 101 1300 1 0
100 send 103 1100 1 0
100 wait 102 101 1100
100 wait 104 101 1300
100 irecv 104 2100 200 0
100 irecv 96 2300 200 0
100 send 104 2300 4 0
100 send 96 2100 4 0
100 wait 105 101 2100
100 wait 97 101 2300
100 irecv 132 3100 200 0
100 irecv 68 3300 200 0
100 send 132 3300 12 0
100 send 68 3100 12 0
100 wait 133 101 3100
100 wait 69 101 3300
100 irecv 101 1100 200 0
100 irecv 103 1300 200 0
100 send 101 1300 1 0
100 send 103 1100 1 0
100 wait 102 101 1100
100 wait 104 101 1300
100 irecv 108 2100 200 0
100 irecv 124 2300 200 0
100 send 108 2300 3 0
100 send 124 2100 3 0
100 wait 109 101 2100
100 wait 125 101 2300
100 irecv 164 3100 200 0
100 irecv 36 3300 200 0
100 send 164 3300 9 0
100 send 36 3100 9 0
100 wait 165 101 3100
100 wait 37 101 3300
100 irecv 101 1100 200 0
100 irecv 103 1300 200 0
100 wait 102 101 1100
100 wait 104 101 1300
100 irecv 108 2100 200 0
100 irecv 124 2300 200 0
100 wait 109 101 2100
100 wait 125 101 2300
100 send 164 3300 18 0
100 send 36 3100 9 0
100 irecv 101 1100 200 0
100 irecv 103 1300 200 0
100 send 101 1300 1 0
100 send 103 1100 1 0
100 wait 102 101 1100
100 wait 104 101 1300
100 irecv 108 2100 200 0
100 irecv 124 2300 200 0
100 send 108 2300 3 0
100 send 124 2100 3 0
100 wait 109 101 2100
100 wait 125 101 2300
100 irecv 164 3100 200 0
100 irecv 36 3300 200 0
100 send 164 3300 9 0
100 send 36 3100 9 0
100 wait 165 101 3100
100 wait 37 101 3300
100 irecv 101 1100 200 0
100 irecv 103 1300 200 0
100 send 101 1300 1 0
100 send 103 1100 1 0
100 wait 102 101 1100
100 wait 104 101 1300
100 irecv 108 2100 200 0
100 irecv 124 2300 200 0
100 send 108 2300 3 0
100 send 124 2100 3 0
100 wait 109 101 2100
100 wait 125 101 2300
100 irecv 164 3100 200 0
100 irecv 36 3300 200 0
100 send 164 3300 9 0
100 send 36 3100 9 0
100 wait 165 101 3100
100 wait 37 101 3300
100 send 104 2300 24 0
100 send 96 2100 12 0
100 send 132 3300 24 0
100 send 68 3100 12 0
100 irecv 101 1100 200 0
100 irecv 103 1300 200 0
100 send 101 1300 1 0
100 send 103 1100 1 0
100 wait 102 101 1100
100 wait 104 101 1300
100 irecv 104 2100 200 0
100 irecv 96 2300 200 0
100 send 104 2300 4 0
100 send 96 2100 4 0
100 wait 105 101 2100
100 wait 97 101 2300
100 irecv 132 3100 200 0
100 irecv 68 3300 200 0
100 send 132 3300 12 0
100 send 68 3100 12 0
100 wait 133 101 3100
100 wait 69 101 3300
100 irecv 101 1100 200 0
100 irecv 103 1300 200 0
100 send 101 1300 1 0
100 send 103 1100 1 0
100 wait 102 101 1100
100 wait 104 101 1300
100 irecv 104 2100 200 0
100 irecv 96 2300 200 0
100 send 104 2300 4 0
100 send 96 2100 4 0
100 wait 105 101 2100
100 wait 97 101 2300
100 irecv 132 3100 200 0
100 irecv 68 3300 200 0
100 send 132 3300 12 0
100 send 68 3100 12 0
100 wait 133 101 3100
100 wait 69 101 3300
100 irecv 101 1100 200 0
100 irecv 103 1300 200 0
100 send 101 1300 4 0
100 send 103 1100 4 0
100 wait 102 101 1100
100 wait 104 101 1300
100 irecv 104 2100 200 0
100 irecv 96 2300 200 0
100 send 104 2300 12 0
100 send 96 2100 12 0
100 wait 105 101 2100
100 wait 97 101 2300
100 irecv 132 3100 200 0
100 irecv 68 3300 200 0
100 send 132 3300 24 0
100 send 68 3100 24 0
100 wait 133 101 3100
100 wait 69 101 3300
100 irecv 101 1100 200 0
100 irecv 103 1300 200 0
100 send 101 1300 4 0
100 send 103 1100 4 0
100 wait 102 101 1100
100 wait 104 101 1300
100 irecv 104 2100 200 0
100 irecv 96 2300 200 0
100 send 104 2300 12 0
100 send 96 2100 12 0
100 wait 105 101 2100
100 wait 97 101 2300
100 irecv 132 3100 200 0
100 irecv 68 3300 200 0
100 send 132 3300 24 0
100 send 68 3100 24 0
100 wait 133 101 3100
100 wait 69 101 3300
100 irecv 101 1100 200 0
100 irecv 103 1300 200 0
100 send 101 1300 16 0
100 send 103 1100 16 0
100 wait 102 101 1100
100 wait 104 101 1300
100 irecv 104 2100 200 0
100 irecv 96 2300 200 0
100 send 104 2300 40 0
100 send 96 2100 40 0
100 wait 105 101 2100
100 wait 97 101 2300
100 irecv 132 3100 200 0
100 irecv 68 3300 200 0
100 send 132 3300 60 0
100 send 68 3100 60 0
100 wait 133 101 3100
100 wait 69 101 3300
100 irecv 101 1100 200 0
100 irecv 103 1300 200 0
100 send 101 1300 16 0
100 send 103 1100 16 0
100 wait 102 101 1100
100 wait 104 101 1300
100 irecv 104 2100 200 0
100 irecv 96 2300 200 0
100 send 104 2300 40 0
100 send 96 2100 40 0
100 wait 105 101 2100
100 wait 97 101 2300
100 irecv 132 3100 200 0
100 irecv 68 3300 200 0
100 send 132 3300 60 0
100 send 68 3100 60 0
100 wait 133 101 3100
100 wait 69 101 3300
100 irecv 101 1100 200 0
100 irecv 103 1300 200 0
100 send 101 1300 16 0
100 send 103 1100 16 0
100 wait 102 101 1100
100 wait 104 101 1300
100 irecv 104 2100 200 0
100 irecv 96 2300 200 0
100 send 104 2300 40 0
100 send 96 2100 40 0
100 wait 105 101 2100
100 wait 97 101 2300
100 irecv 132 3100 200 0
100 irecv 68 3300 200 0
100 send 132 3300 60 0
100 send 68 3100 60 0
100 wait 133 101 3100
100 wait 69 101 3300
100 irecv 101 1100 200 0
100 irecv 103 1300 200 0
100 send 101 1300 4 0
100 send 103 1100 4 0
100 wait 102 101 1100
100 wait 104 101 1300
100 irecv 104 2100 200 0
100 irecv 96 2300 200 0
100 send 104 2300 12 0
100 send 96 2100 12 0
100 wait 105 101 2100
100 wait 97 101 2300
100 irecv 132 3100 200 0
100 irecv 68 3300 200 0
100 send 132 3300 24 0
100 send 68 3100 24 0
100 wait 133 101 3100
100 wait 69 101 3300
100 irecv 101 1100 200 0
100 irecv 103 1300 200 0
100 send 101 1300 1 0
100 send 103 1100 1 0
100 wait 102 101 1100
100 wait 104 101 1300
100 irecv 104 2100 200 0
100 irecv 96 2300 200 0
100 send 104 2300 4 0
100 send 96 2100 4 0
100 wait 105 101 2100
100 wait 97 101 2300
100 irecv 132 3100 200 0
100 irecv 68 3300 200 0
100 send 132 3300 12 0
100 send 68 3100 12 0
100 wait 133 101 3100
100 wait 69 101 3300
100 irecv 101 1100 200 0
100 irecv 103 1300 200 0
100 send 101 1300 1 0
100 send 103 1100 1 0
100 wait 102 101 1100
100 wait 104 101 1300
100 irecv 108 2100 200 0
100 irecv 124 2300 200 0
100 send 108 2300 3 0
100 send 124 2100 3 0
100 wait 109 101 2100
100 wait 125 101 2300
100 irecv 164 3100 200 0
100 irecv 36 3300 200 0
100 send 164 3300 9 0
100 send 36 3100 9 0
100 wait 165 101 3100
100 wait 37 101 3300
100 irecv 101 1100 200 0
100 irecv 103 1300 200 0
100 wait 102 101 1100
100 wait 104 101 1300
100 irecv 108 2100 200 0
100 irecv 124 2300 200 0
100 wait 109 101 2100
100 wait 125 101 2300
100 send 164 3300 18 0
100 send 36 3100 9 0
100 irecv 101 1100 200 0
100 irecv 103 1300 200 0
100 send 101 1300 1 0
100 send 103 1100 1 0
100 wait 102 101 1100
100 wait 104 101 1300
100 irecv 108 2100 200 0
100 irecv 124 2300 200 0
100 send 108 2300 3 0
100 send 124 2100 3 0
100 wait 109 101 2100
100 wait 125 101 2300
100 irecv 164 3100 200 0
100 irecv 36 3300 200 0
100 send 164 3300 9 0
100 send 36 3100 9 0
100 wait 165 101 3100
100 wait 37 101 3300
100 irecv 101 1100 200 0
100 irecv 103 1300 200 0
100 send 101 1300 1 0
100 send 103 1100 1 0
100 wait 102 101 1100
100 wait 104 101 1300
100 irecv 108 2100 200 0
100 irecv 124 2300 200 0
100 send 108 2300 3 0
100 send 124 2100 3 0
100 wait 109 101 2100
100 wait 125 101 2300
100 irecv 164 3100 200 0
100 irecv 36 3300 200 0
100 send 164 3300 9 0
100 send 36 3100 9 0
100 wait 165 101 3100
100 wait 37 101 3300
100 send 104 2300 24 0
100 send 96 2100 12 0
100 send 132 3300 24 0
100 send 68 3100 12 0
100 irecv 101 1100 200 0
100 irecv 103 1300 200 0
100 send 101 1300 1 0
100 send 103 1100 1 0
100 wait 102 101 1100
100 wait 104 101 1300
100 irecv 104 2100 200 0
100 irecv 96 2300 200 0
100 send 104 2300 4 0
100 send 96 2100 4 0
100 wait 105 101 2100
100 wait 97 101 2300
100 irecv 132 3100 200 0
100 irecv 68 3300 200 0
100 send 132 3300 12 0
100 send 68 3100 12 0
100 wait 133 101 3100
100 wait 69 101 3300
100 irecv 101 1100 200 0
100 irecv 103 1300 200 0
100 send 101 1300 1 0
100 send 103 1100 1 0
100 wait 102 101 1100
100 wait 104 101 1300
100 irecv 104 2100 200 0
100 irecv 96 2300 200 0
100 send 104 2300 4 0
100 send 96 2100 4 0
100 wait 105 101 2100
100 wait 97 101 2300
100 irecv 132 3100 200 0
100 irecv 68 3300 200 0
100 send 132 3300 12 0
100 send 68 3100 12 0
100 wait 133 101 3100
100 wait 69 101 3300
100 irecv 101 1100 200 0
100 irecv 103 1300 200 0
100 send 101 1300 4 0
100 send 103 1100 4 0
100 wait 102 101 1100
100 wait 104 101 1300
100 irecv 104 2100 200 0
100 irecv 96 2300 200 0
100 send 104 2300 12 0
100 send 96 2100 12 0
100 wait 105 101 2100
100 wait 97 101 2300
100 irecv 132 3100 200 0
100 irecv 68 3300 200 0
100 send 132 3300 24 0
100 send 68 3100 24 0
100 wait 133 101 3100
100 wait 69 101 3300
100 irecv 101 1100 200 0
100 irecv 103 1300 200 0
100 send 101 1300 4 0
100 send 103 1100 4 0
100 wait 102 101 1100
100 wait 104 101 1300
100 irecv 104 2100 200 0
100 irecv 96 2300 200 0
100 send 104 2300 12 0
100 send 96 2100 12 0
100 wait 105 101 2100
100 wait 97 101 2300
100 irecv 132 3100 200 0
100 irecv 68 3300 200 0
100 send 132 3300 24 0
100 send 68 3100 24 0
100 wait 133 101 3100
100 wait 69 101 3300
100 irecv 101 1100 200 0
100 irecv 103 1300 200 0
100 send 101 1300 16 0
100 send 103 1100 16 0
100 wait 102 101 1100
100 wait 104 101 1300
100 irecv 104 2100 200 0
100 irecv 96 2300 200 0
100 send 104 2300 40 0
100 send 96 2100 40 0
100 wait 105 101 2100
100 wait 97 101 2300
100 irecv 132 3100 200 0
100 irecv 68 3300 200 0
100 send 132 3300 60 0
100 send 68 3100 60 0
100 wait 133 101 3100
100 wait 69 101 3300
100 irecv 101 1100 200 0
100 irecv 103 1300 200 0
100 send 101 1300 16 0
100 send 103 1100 16 0
100 wait 102 101 1100
100 wait 104 101 1300
100 irecv 104 2100 200 0
100 irecv 96 2300 200 0
100 send 104 2300 40 0
100 send 96 2100 40 0
100 wait 105 101 2100
100 wait 97 101 2300
100 irecv 132 3100 200 0
100 irecv 68 3300 200 0
100 send 132 3300 60 0
100 send 68 3100 60 0
100 wait 133 101 3100
100 wait 69 101 3300
100 irecv 101 1100 200 0
100 irecv 103 1300 200 0
100 send 101 1300 16 0
100 send 103 1100 16 0
100 wait 102 101 1100
100 wait 104 101 1300
100 irecv 104 2100 200 0
100 irecv 96 2300 200 0
100 send 104 2300 40 0
100 send 96 2100 40 0
100 wait 105 101 2100
100 wait 97 101 2300
100 irecv 132 3100 200 0
100 irecv 68 3300 200 0
100 send 132 3300 60 0
100 send 68 3100 60 0
100 wait 133 101 3100
100 wait 69 101 3300
100 irecv 101 1100 200 0
100 irecv 103 1300 200 0
100 send 101 1300 4 0
100 send 103 1100 4 0
100 wait 102 101 1100
100 wait 104 101 1300
100 irecv 104 2100 200 0
100 irecv 96 2300 200 0
100 send 104 2300 12 0
100 send 96 2100 12 0
100 wait 105 101 2100
100 wait 97 101 2300
100 irecv 132 3100 200 0
100 irecv 68 3300 200 0
100 send 132 3300 24 0
100 send 68 3100 24 0
100 wait 133 101 3100
100 wait 69 101 3300
100 irecv 101 1100 200 0
100 irecv 103 1300 200 0
100 send 101 1300 1 0
100 send 103 1100 1 0
100 wait 102 101 1100
100 wait 104 101 1300
100 irecv 104 2100 200 0
100 irecv 96 2300 200 0
100 send 104 2300 4 0
100 send 96 2100 4 0
100 wait 105 101 2100
100 wait 97 101 2300
100 irecv 132 3100 200 0
100 irecv 68 3300 200 0
100 send 132 3300 12 0
100 send 68 3100 12 0
100 wait 133 101 3100
100 wait 69 101 3300
100 irecv 101 1100 200 0
100 irecv 103 1300 200 0
100 send 101 1300 1 0
100 send 103 1100 1 0
100 wait 102 101 1100
100 wait 104 101 1300
100 irecv 108 2100 200 0
100 irecv 124 2300 200 0
100 send 108 2300 3 0
100 send 124 2100 3 0
100 wait 109 101 2100
100 wait 125 101 2300
100 irecv 164 3100 200 0
100 irecv 36 3300 200 0
100 send 164 3300 9 0
100 send 36 3100 9 0
100 wait 165 101 3100
100 wait 37 101 3300
100 irecv 101 1100 200 0
100 irecv 103 1300 200 0
100 wait 102 101 1100
100 wait 104 101 1300
100 irecv 108 2100 200 0
100 irecv 124 2300 200 0
100 wait 109 101 2100
100 wait 125 101 2300
100 send 164 3300 18 0
100 send 36 3100 9 0
100 irecv 101 1100 200 0
100 irecv 103 1300 200 0
100 send 101 1300 1 0
100 send 103 1100 1 0
100 wait 102 101 1100
100 wait 104 101 1300
100 irecv 108 2100 200 0
100 irecv 124 2300 200 0
100 send 108 2300 3 0
100 send 124 2100 3 0
100 wait 109 101 2100
100 wait 125 101 2300
100 irecv 164 3100 200 0
100 irecv 36 3300 200 0
100 send 164 3300 9 0
100 send 36 3100 9 0
100 wait 165 101 3100
100 wait 37 101 3300
100 irecv 101 1100 200 0
100 irecv 103 1300 200 0
100 send 101 1300 1 0
100 send 103 1100 1 0
100 wait 102 101 1100
100 wait 104 101 1300
100 irecv 108 2100 200 0
100 irecv 124 2300 200 0
100 send 108 2300 3 0
100 send 124 2100 3 0
100 wait 109 101 2100
100 wait 125 101 2300
100 irecv 164 3100 200 0
100 irecv 36 3300 200 0
100 send 164 3300 9 0
100 send 36 3100 9 0
100 wait 165 101 3100
100 wait 37 101 3300
100 send 104 2300 24 0
100 send 96 2100 12 0
100 send 132 3300 24 0
100 send 68 3100 12 0
100 irecv 101 1100 200 0
100 irecv 103 1300 200 0
100 send 101 1300 1 0
100 send 103 1100 1 0
100 wait 102 101 1100
100 wait 104 101 1300
100 irecv 104 2100 200 0
100 irecv 96 2300 200 0
100 send 104 2300 4 0
100 send 96 2100 4 0
100 wait 105 101 2100
100 wait 97 101 2300
100 irecv 132 3100 200 0
100 irecv 68 3300 200 0
100 send 132 3300 12 0
100 send 68 3100 12 0
100 wait 133 101 3100
100 wait 69 101 3300
100 irecv 101 1100 200 0
100 irecv 103 1300 200 0
100 send 101 1300 1 0
100 send 103 1100 1 0
100 wait 102 101 1100
100 wait 104 101 1300
100 irecv 104 2100 200 0
100 irecv 96 2300 200 0
100 send 104 2300 4 0
100 send 96 2100 4 0
100 wait 105 101 2100
100 wait 97 101 2300
100 irecv 132 3100 200 0
100 irecv 68 3300 200 0
100 send 132 3300 12 0
100 send 68 3100 12 0
100 wait 133 101 3100
100 wait 69 101 3300
100 irecv 101 1100 200 0
100 irecv 103 1300 200 0
100 send 101 1300 4 0
100 send 103 1100 4 0
100 wait 102 101 1100
100 wait 104 101 1300
100 irecv 104 2100 200 0
100 irecv 96 2300 200 0
100 send 104 2300 12 0
100 send 96 2100 12 0
100 wait 105 101 2100
100 wait 97 101 2300
100 irecv 132 3100 200 0
100 irecv 68 3300 200 0
100 send 132 3300 24 0
100 send 68 3100 24 0
100 wait 133 101 3100
100 wait 69 101 3300
100 irecv 101 1100 200 0
100 irecv 103 1300 200 0
100 send 101 1300 4 0
100 send 103 1100 4 0
100 wait 102 101 1100
100 wait 104 101 1300
100 irecv 104 2100 200 0
100 irecv 96 2300 200 0
100 send 104 2300 12 0
100 send 96 2100 12 0
100 wait 105 101 2100
100 wait 97 101 2300
100 irecv 132 3100 200 0
100 irecv 68 3300 200 0
100 send 132 3300 24 0
100 send 68 3100 24 0
100 wait 133 101 3100
100 wait 69 101 3300
100 irecv 101 1100 200 0
100 irecv 103 1300 200 0
100 send 101 1300 16 0
100 send 103 1100 16 0
100 wait 102 101 1100
100 wait 104 101 1300
100 irecv 104 2100 200 0
100 irecv 96 2300 200 0
100 send 104 2300 40 0
100 send 96 2100 40 0
100 wait 105 101 2100
100 wait 97 101 2300
100 irecv 132 3100 200 0
100 irecv 68 3300 200 0
100 send 132 3300 60 0
100 send 68 3100 60 0
100 wait 133 101 3100
100 wait 69 101 3300
100 irecv 101 1100 200 0
100 irecv 103 1300 200 0
100 send 101 1300 16 0
100 send 103 1100 16 0
100 wait 102 101 1100
100 wait 104 101 1300
100 irecv 104 2100 200 0
100 irecv 96 2300 200 0
100 send 104 2300 40 0
100 send 96 2100 40 0
100 wait 105 101 2100
100 wait 97 101 2300
100 irecv 132 3100 200 0
100 irecv 68 3300 200 0
100 send 132 3300 60 0
100 send 68 3100 60 0
100 wait 133 101 3100
100 wait 69 101 3300
100 irecv 101 1100 200 0
100 irecv 103 1300 200 0
100 send 101 1300 16 0
100 send 103 1100 16 0
100 wait 102 101 1100
100 wait 104 101 1300
100 irecv 104 2100 200 0
100 irecv 96 2300 200 0
100 send 104 2300 40 0
100 send 96 2100 40 0
100 wait 105 101 2100
100 wait 97 101 2300
100 irecv 132 3100 200 0
100 irecv 68 3300 200 0
100 send 132 3300 60 0
100 send 68 3100 60 0
100 wait 133 101 3100
100 wait 69 101 3300
100 irecv 101 1100 200 0
100 irecv 103 1300 200 0
100 send 101 1300 4 0
100 send 103 1100 4 0
100 wait 102 101 1100
100 wait 104 101 1300
100 irecv 104 2100 200 0
100 irecv 96 2300 200 0
100 send 104 2300 12 0
100 send 96 2100 12 0
100 wait 105 101 2100
100 wait 97 101 2300
100 irecv 132 3100 200 0
100 irecv 68 3300 200 0
100 send 132 3300 24 0
100 send 68 3100 24 0
100 wait 133 101 3100
100 wait 69 101 3300
100 irecv 101 1100 200 0
100 irecv 103 1300 200 0
100 send 101 1300 1 0
100 send 103 1100 1 0
100 wait 102 101 1100
100 wait 104 101 1300
100 irecv 104 2100 200 0
100 irecv 96 2300 200 0
100 send 104 2300 4 0
100 send 96 2100 4 0
100 wait 105 101 2100
100 wait 97 101 2300
100 irecv 132 3100 200 0
100 irecv 68 3300 200 0
100 send 132 3300 12 0
100 send 68 3100 12 0
100 wait 133 101 3100
100 wait 69 101 3300
100 irecv 101 1100 200 0
100 irecv 103 1300 200 0
100 send 101 1300 1 0
100 send 103 1100 1 0
100 wait 102 101 1100
100 wait 104 101 1300
100 irecv 108 2100 200 0
100 irecv 124 2300 200 0
100 send 108 2300 3 0
100 send 124 2100 3 0
100 wait 109 101 2100
100 wait 125 101 2300
100 irecv 164 3100 200 0
100 irecv 36 3300 200 0
100 send 164 3300 9 0
100 send 36 3100 9 0
100 wait 165 101 3100
100 wait 37 101 3300
100 irecv 101 1100 200 0
100 irecv 103 1300 200 0
100 wait 102 101 1100
100 wait 104 101 1300
100 irecv 108 2100 200 0
100 irecv 124 2300 200 0
100 wait 109 101 2100
100 wait 125 101 2300
100 send 164 3300 18 0
100 send 36 3100 9 0
100 irecv 101 1100 200 0
100 irecv 103 1300 200 0
100 send 101 1300 1 0
100 send 103 1100 1 0
100 wait 102 101 1100
100 wait 104 101 1300
100 irecv 108 2100 200 0
100 irecv 124 2300 200 0
100 send 108 2300 3 0
100 send 124 2100 3 0
100 wait 109 101 2100
100 wait 125 101 2300
100 irecv 164 3100 200 0
100 irecv 36 3300 200 0
100 send 164 3300 9 0
100 send 36 3100 9 0
100 wait 165 101 3100
100 wait 37 101 3300
100 irecv 101 1100 200 0
100 irecv 103 1300 200 0
100 send 101 1300 1 0
100 send 103 1100 1 0
100 wait 102 101 1100
100 wait 104 101 1300
100 irecv 108 2100 200 0
100 irecv 124 2300 200 0
100 send 108 2300 3 0
100 send 124 2100 3 0
100 wait 109 101 2100
100 wait 125 101 2300
100 irecv 164 3100 200 0
100 irecv 36 3300 200 0
100 send 164 3300 9 0
100 send 36 3100 9 0
100 wait 165 101 3100
100 wait 37 101 3300
100 send 104 2300 24 0
100 send 96 2100 12 0
100 send 132 3300 24 0
100 send 68 3100 12 0
100 irecv 101 1100 200 0
100 irecv 103 1300 200 0
100 send 101 1300 1 0
100 send 103 1100 1 0
100 wait 102 101 1100
100 wait 104 101 1300
100 irecv 104 2100 200 0
100 irecv 96 2300 200 0
100 send 104 2300 4 0
100 send 96 2100 4 0
100 wait 105 101 2100
100 wait 97 101 2300
100 irecv 132 3100 200 0
100 irecv 68 3300 200 0
100 send 132 3300 12 0
100 send 68 3100 12 0
100 wait 133 101 3100
100 wait 69 101 3300
100 irecv 101 1100 200 0
100 irecv 103 1300 200 0
100 send 101 1300 1 0
100 send 103 1100 1 0
100 wait 102 101 1100
100 wait 104 101 1300
100 irecv 104 2100 200 0
100 irecv 96 2300 200 0
100 send 104 2300 4 0
100 send 96 2100 4 0
100 wait 105 101 2100
100 wait 97 101 2300
100 irecv 132 3100 200 0
100 irecv 68 3300 200 0
100 send 132 3300 12 0
100 send 68 3100 12 0
100 wait 133 101 3100
100 wait 69 101 3300
100 irecv 101 1100 200 0
100 irecv 103 1300 200 0
100 send 101 1300 4 0
100 send 103 1100 4 0
100 wait 102 101 1100
100 wait 104 101 1300
100 irecv 104 2100 200 0
100 irecv 96 2300 200 0
100 send 104 2300 12 0
100 send 96 2100 12 0
100 wait 105 101 2100
100 wait 97 101 2300
100 irecv 132 3100 200 0
100 irecv 68 3300 200 0
100 send 132 3300 24 0
100 send 68 3100 24 0
100 wait 133 101 3100
100 wait 69 101 3300
100 irecv 101 1100 200 0
100 irecv 103 1300 200 0
100 send 101 1300 4 0
100 send 103 1100 4 0
100 wait 102 101 1100
100 wait 104 101 1300
100 irecv 104 2100 200 0
100 irecv 96 2300 200 0
100 send 104 2300 12 0
100 send 96 2100 12 0
100 wait 105 101 2100
100 wait 97 101 2300
100 irecv 132 3100 200 0
100 irecv 68 3300 200 0
100 send 132 3300 24 0
100 send 68 3100 24 0
100 wait 133 101 3100
100 wait 69 101 3300
100 irecv 101 1100 200 0
100 irecv 103 1300 200 0
100 send 101 1300 16 0
100 send 103 1100 16 0
100 wait 102 101 1100
100 wait 104 101 1300
100 irecv 104 2100 200 0
100 irecv 96 2300 200 0
100 send 104 2300 40 0
100 send 96 2100 40 0
100 wait 105 101 2100
100 wait 97 101 2300
100 irecv 132 3100 200 0
100 irecv 68 3300 200 0
100 send 132 3300 60 0
100 send 68 3100 60 0
100 wait 133 101 3100
100 wait 69 101 3300
100 irecv 101 1100 200 0
100 irecv 103 1300 200 0
100 send 101 1300 16 0
100 send 103 1100 16 0
100 wait 102 101 1100
100 wait 104 101 1300
100 irecv 104 2100 200 0
100 irecv 96 2300 200 0
100 send 104 2300 40 0
100 send 96 2100 40 0
100 wait 105 101 2100
100 wait 97 101 2300
100 irecv 132 3100 200 0
100 irecv 68 3300 200 0
100 send 132 3300 60 0
100 send 68 3100 60 0
100 wait 133 101 3100
100 wait 69 101 3300
100 irecv 101 1100 200 0
100 irecv 103 1300 200 0
100 send 101 1300 16 0
100 send 103 1100 16 0
100 wait 102 101 1100
100 wait 104 101 1300
100 irecv 104 2100 200 0
100 irecv 96 2300 200 0
100 send 104 2300 40 0
100 send 96 2100 40 0
100 wait 105 101 2100
100 wait 97 101 2300
100 irecv 132 3100 200 0
100 irecv 68 3300 200 0
100 send 132 3300 60 0
100 send 68 3100 60 0
100 wait 133 101 3100
100 wait 69 101 3300
100 allreduce 1 0 0 
100 allreduce 1 0 0 
100 reduce 1 0 0 0 
100 finalize
