87 init
87 barrier
87 bcast 1 0 1 
87 bcast 1 0 1 
87 bcast 1 0 1 
87 bcast 1 0 1 
87 bcast 1 0 1 
87 bcast 8 0 1 
87 bcast 1 0 16 
87 barrier
87 allreduce 1 0 0 
87 allreduce 4 0 1 
87 allreduce 1 0 0 
87 allreduce 4 0 1 
87 allreduce 1 0 0 
87 allreduce 4 0 1 
87 allreduce 1 0 0 
87 allreduce 4 0 1 
87 allreduce 1 0 0 
87 allreduce 4 0 1 
87 allreduce 1 0 0 
87 allreduce 4 0 1 
87 allreduce 1 0 0 
87 allreduce 4 0 1 
87 allreduce 1 0 0 
87 allreduce 4 0 1 
87 allreduce 1 0 0 
87 allreduce 4 0 1 
87 allreduce 1 0 0 
87 allreduce 4 0 1 
87 allreduce 1 0 0 
87 allreduce 4 0 1 
87 allreduce 1 0 0 
87 allreduce 4 0 1 
87 allreduce 1 0 0 
87 allreduce 4 0 1 
87 allreduce 1 0 0 
87 allreduce 4 0 1 
87 allreduce 1 0 0 
87 allreduce 4 0 1 
87 allreduce 1 0 0 
87 allreduce 4 0 1 
87 allreduce 1 0 0 
87 allreduce 4 0 1 
87 allreduce 1 0 0 
87 allreduce 4 0 1 
87 allreduce 1 0 0 
87 allreduce 4 0 1 
87 allreduce 1 0 0 
87 allreduce 4 0 1 
87 barrier
87 irecv 84 1100 200 0
87 irecv 86 1300 200 0
87 send 84 1300 16 0
87 send 86 1100 16 0
87 wait 85 88 1100
87 wait 87 88 1300
87 irecv 91 2100 200 0
87 irecv 83 2300 200 0
87 send 91 2300 40 0
87 send 83 2100 40 0
87 wait 92 88 2100
87 wait 84 88 2300
87 irecv 119 3100 200 0
87 irecv 55 3300 200 0
87 send 119 3300 60 0
87 send 55 3100 60 0
87 wait 120 88 3100
87 wait 56 88 3300
87 allreduce 1 0 0 
87 allreduce 1 0 0 
87 irecv 84 1100 200 0
87 irecv 86 1300 200 0
87 send 84 1300 16 0
87 send 86 1100 16 0
87 wait 85 88 1100
87 wait 87 88 1300
87 irecv 91 2100 200 0
87 irecv 83 2300 200 0
87 send 91 2300 40 0
87 send 83 2100 40 0
87 wait 92 88 2100
87 wait 84 88 2300
87 irecv 119 3100 200 0
87 irecv 55 3300 200 0
87 send 119 3300 60 0
87 send 55 3100 60 0
87 wait 120 88 3100
87 wait 56 88 3300
87 allreduce 1 0 0 
87 allreduce 1 0 0 
87 irecv 84 1100 200 0
87 irecv 86 1300 200 0
87 send 84 1300 4 0
87 send 86 1100 4 0
87 wait 85 88 1100
87 wait 87 88 1300
87 irecv 91 2100 200 0
87 irecv 83 2300 200 0
87 send 91 2300 12 0
87 send 83 2100 12 0
87 wait 92 88 2100
87 wait 84 88 2300
87 irecv 119 3100 200 0
87 irecv 55 3300 200 0
87 send 119 3300 24 0
87 send 55 3100 24 0
87 wait 120 88 3100
87 wait 56 88 3300
87 irecv 84 1100 200 0
87 irecv 86 1300 200 0
87 send 84 1300 1 0
87 send 86 1100 1 0
87 wait 85 88 1100
87 wait 87 88 1300
87 irecv 91 2100 200 0
87 irecv 83 2300 200 0
87 send 91 2300 4 0
87 send 83 2100 4 0
87 wait 92 88 2100
87 wait 84 88 2300
87 irecv 119 3100 200 0
87 irecv 55 3300 200 0
87 send 119 3300 12 0
87 send 55 3100 12 0
87 wait 120 88 3100
87 wait 56 88 3300
87 send 84 1300 12 0
87 send 86 1100 6 0
87 irecv 95 2100 200 0
87 irecv 79 2300 200 0
87 wait 96 88 2100
87 wait 80 88 2300
87 send 91 2300 24 0
87 send 83 2100 12 0
87 irecv 119 3100 200 0
87 irecv 55 3300 200 0
87 wait 120 88 3100
87 wait 56 88 3300
87 irecv 84 1100 200 0
87 irecv 86 1300 200 0
87 send 84 1300 1 0
87 send 86 1100 1 0
87 wait 85 88 1100
87 wait 87 88 1300
87 irecv 91 2100 200 0
87 irecv 83 2300 200 0
87 send 91 2300 4 0
87 send 83 2100 4 0
87 wait 92 88 2100
87 wait 84 88 2300
87 irecv 119 3100 200 0
87 irecv 55 3300 200 0
87 send 119 3300 12 0
87 send 55 3100 12 0
87 wait 120 88 3100
87 wait 56 88 3300
87 irecv 84 1100 200 0
87 irecv 86 1300 200 0
87 send 84 1300 1 0
87 send 86 1100 1 0
87 wait 85 88 1100
87 wait 87 88 1300
87 irecv 91 2100 200 0
87 irecv 83 2300 200 0
87 send 91 2300 4 0
87 send 83 2100 4 0
87 wait 92 88 2100
87 wait 84 88 2300
87 irecv 119 3100 200 0
87 irecv 55 3300 200 0
87 send 119 3300 12 0
87 send 55 3100 12 0
87 wait 120 88 3100
87 wait 56 88 3300
87 irecv 84 1100 200 0
87 irecv 86 1300 200 0
87 send 84 1300 4 0
87 send 86 1100 4 0
87 wait 85 88 1100
87 wait 87 88 1300
87 irecv 91 2100 200 0
87 irecv 83 2300 200 0
87 send 91 2300 12 0
87 send 83 2100 12 0
87 wait 92 88 2100
87 wait 84 88 2300
87 irecv 119 3100 200 0
87 irecv 55 3300 200 0
87 send 119 3300 24 0
87 send 55 3100 24 0
87 wait 120 88 3100
87 wait 56 88 3300
87 irecv 84 1100 200 0
87 irecv 86 1300 200 0
87 send 84 1300 4 0
87 send 86 1100 4 0
87 wait 85 88 1100
87 wait 87 88 1300
87 irecv 91 2100 200 0
87 irecv 83 2300 200 0
87 send 91 2300 12 0
87 send 83 2100 12 0
87 wait 92 88 2100
87 wait 84 88 2300
87 irecv 119 3100 200 0
87 irecv 55 3300 200 0
87 send 119 3300 24 0
87 send 55 3100 24 0
87 wait 120 88 3100
87 wait 56 88 3300
87 irecv 84 1100 200 0
87 irecv 86 1300 200 0
87 send 84 1300 16 0
87 send 86 1100 16 0
87 wait 85 88 1100
87 wait 87 88 1300
87 irecv 91 2100 200 0
87 irecv 83 2300 200 0
87 send 91 2300 40 0
87 send 83 2100 40 0
87 wait 92 88 2100
87 wait 84 88 2300
87 irecv 119 3100 200 0
87 irecv 55 3300 200 0
87 send 119 3300 60 0
87 send 55 3100 60 0
87 wait 120 88 3100
87 wait 56 88 3300
87 irecv 84 1100 200 0
87 irecv 86 1300 200 0
87 send 84 1300 16 0
87 send 86 1100 16 0
87 wait 85 88 1100
87 wait 87 88 1300
87 irecv 91 2100 200 0
87 irecv 83 2300 200 0
87 send 91 2300 40 0
87 send 83 2100 40 0
87 wait 92 88 2100
87 wait 84 88 2300
87 irecv 119 3100 200 0
87 irecv 55 3300 200 0
87 send 119 3300 60 0
87 send 55 3100 60 0
87 wait 120 88 3100
87 wait 56 88 3300
87 irecv 84 1100 200 0
87 irecv 86 1300 200 0
87 send 84 1300 16 0
87 send 86 1100 16 0
87 wait 85 88 1100
87 wait 87 88 1300
87 irecv 91 2100 200 0
87 irecv 83 2300 200 0
87 send 91 2300 40 0
87 send 83 2100 40 0
87 wait 92 88 2100
87 wait 84 88 2300
87 irecv 119 3100 200 0
87 irecv 55 3300 200 0
87 send 119 3300 60 0
87 send 55 3100 60 0
87 wait 120 88 3100
87 wait 56 88 3300
87 barrier
87 allreduce 1 0 0 
87 allreduce 4 0 1 
87 allreduce 1 0 0 
87 allreduce 4 0 1 
87 allreduce 1 0 0 
87 allreduce 4 0 1 
87 allreduce 1 0 0 
87 allreduce 4 0 1 
87 allreduce 1 0 0 
87 allreduce 4 0 1 
87 allreduce 1 0 0 
87 allreduce 4 0 1 
87 allreduce 1 0 0 
87 allreduce 4 0 1 
87 allreduce 1 0 0 
87 allreduce 4 0 1 
87 allreduce 1 0 0 
87 allreduce 4 0 1 
87 allreduce 1 0 0 
87 allreduce 4 0 1 
87 allreduce 1 0 0 
87 allreduce 4 0 1 
87 allreduce 1 0 0 
87 allreduce 4 0 1 
87 allreduce 1 0 0 
87 allreduce 4 0 1 
87 allreduce 1 0 0 
87 allreduce 4 0 1 
87 allreduce 1 0 0 
87 allreduce 4 0 1 
87 allreduce 1 0 0 
87 allreduce 4 0 1 
87 allreduce 1 0 0 
87 allreduce 4 0 1 
87 allreduce 1 0 0 
87 allreduce 4 0 1 
87 allreduce 1 0 0 
87 allreduce 4 0 1 
87 allreduce 1 0 0 
87 allreduce 4 0 1 
87 barrier
87 irecv 84 1100 200 0
87 irecv 86 1300 200 0
87 send 84 1300 16 0
87 send 86 1100 16 0
87 wait 85 88 1100
87 wait 87 88 1300
87 irecv 91 2100 200 0
87 irecv 83 2300 200 0
87 send 91 2300 40 0
87 send 83 2100 40 0
87 wait 92 88 2100
87 wait 84 88 2300
87 irecv 119 3100 200 0
87 irecv 55 3300 200 0
87 send 119 3300 60 0
87 send 55 3100 60 0
87 wait 120 88 3100
87 wait 56 88 3300
87 barrier
87 irecv 84 1100 200 0
87 irecv 86 1300 200 0
87 send 84 1300 16 0
87 send 86 1100 16 0
87 wait 85 88 1100
87 wait 87 88 1300
87 irecv 91 2100 200 0
87 irecv 83 2300 200 0
87 send 91 2300 40 0
87 send 83 2100 40 0
87 wait 92 88 2100
87 wait 84 88 2300
87 irecv 119 3100 200 0
87 irecv 55 3300 200 0
87 send 119 3300 60 0
87 send 55 3100 60 0
87 wait 120 88 3100
87 wait 56 88 3300
87 allreduce 1 0 0 
87 allreduce 1 0 0 
87 irecv 84 1100 200 0
87 irecv 86 1300 200 0
87 send 84 1300 4 0
87 send 86 1100 4 0
87 wait 85 88 1100
87 wait 87 88 1300
87 irecv 91 2100 200 0
87 irecv 83 2300 200 0
87 send 91 2300 12 0
87 send 83 2100 12 0
87 wait 92 88 2100
87 wait 84 88 2300
87 irecv 119 3100 200 0
87 irecv 55 3300 200 0
87 send 119 3300 24 0
87 send 55 3100 24 0
87 wait 120 88 3100
87 wait 56 88 3300
87 irecv 84 1100 200 0
87 irecv 86 1300 200 0
87 send 84 1300 1 0
87 send 86 1100 1 0
87 wait 85 88 1100
87 wait 87 88 1300
87 irecv 91 2100 200 0
87 irecv 83 2300 200 0
87 send 91 2300 4 0
87 send 83 2100 4 0
87 wait 92 88 2100
87 wait 84 88 2300
87 irecv 119 3100 200 0
87 irecv 55 3300 200 0
87 send 119 3300 12 0
87 send 55 3100 12 0
87 wait 120 88 3100
87 wait 56 88 3300
87 send 84 1300 12 0
87 send 86 1100 6 0
87 irecv 95 2100 200 0
87 irecv 79 2300 200 0
87 wait 96 88 2100
87 wait 80 88 2300
87 send 91 2300 24 0
87 send 83 2100 12 0
87 irecv 119 3100 200 0
87 irecv 55 3300 200 0
87 wait 120 88 3100
87 wait 56 88 3300
87 irecv 84 1100 200 0
87 irecv 86 1300 200 0
87 send 84 1300 1 0
87 send 86 1100 1 0
87 wait 85 88 1100
87 wait 87 88 1300
87 irecv 91 2100 200 0
87 irecv 83 2300 200 0
87 send 91 2300 4 0
87 send 83 2100 4 0
87 wait 92 88 2100
87 wait 84 88 2300
87 irecv 119 3100 200 0
87 irecv 55 3300 200 0
87 send 119 3300 12 0
87 send 55 3100 12 0
87 wait 120 88 3100
87 wait 56 88 3300
87 irecv 84 1100 200 0
87 irecv 86 1300 200 0
87 send 84 1300 1 0
87 send 86 1100 1 0
87 wait 85 88 1100
87 wait 87 88 1300
87 irecv 91 2100 200 0
87 irecv 83 2300 200 0
87 send 91 2300 4 0
87 send 83 2100 4 0
87 wait 92 88 2100
87 wait 84 88 2300
87 irecv 119 3100 200 0
87 irecv 55 3300 200 0
87 send 119 3300 12 0
87 send 55 3100 12 0
87 wait 120 88 3100
87 wait 56 88 3300
87 irecv 84 1100 200 0
87 irecv 86 1300 200 0
87 send 84 1300 4 0
87 send 86 1100 4 0
87 wait 85 88 1100
87 wait 87 88 1300
87 irecv 91 2100 200 0
87 irecv 83 2300 200 0
87 send 91 2300 12 0
87 send 83 2100 12 0
87 wait 92 88 2100
87 wait 84 88 2300
87 irecv 119 3100 200 0
87 irecv 55 3300 200 0
87 send 119 3300 24 0
87 send 55 3100 24 0
87 wait 120 88 3100
87 wait 56 88 3300
87 irecv 84 1100 200 0
87 irecv 86 1300 200 0
87 send 84 1300 4 0
87 send 86 1100 4 0
87 wait 85 88 1100
87 wait 87 88 1300
87 irecv 91 2100 200 0
87 irecv 83 2300 200 0
87 send 91 2300 12 0
87 send 83 2100 12 0
87 wait 92 88 2100
87 wait 84 88 2300
87 irecv 119 3100 200 0
87 irecv 55 3300 200 0
87 send 119 3300 24 0
87 send 55 3100 24 0
87 wait 120 88 3100
87 wait 56 88 3300
87 irecv 84 1100 200 0
87 irecv 86 1300 200 0
87 send 84 1300 16 0
87 send 86 1100 16 0
87 wait 85 88 1100
87 wait 87 88 1300
87 irecv 91 2100 200 0
87 irecv 83 2300 200 0
87 send 91 2300 40 0
87 send 83 2100 40 0
87 wait 92 88 2100
87 wait 84 88 2300
87 irecv 119 3100 200 0
87 irecv 55 3300 200 0
87 send 119 3300 60 0
87 send 55 3100 60 0
87 wait 120 88 3100
87 wait 56 88 3300
87 irecv 84 1100 200 0
87 irecv 86 1300 200 0
87 send 84 1300 16 0
87 send 86 1100 16 0
87 wait 85 88 1100
87 wait 87 88 1300
87 irecv 91 2100 200 0
87 irecv 83 2300 200 0
87 send 91 2300 40 0
87 send 83 2100 40 0
87 wait 92 88 2100
87 wait 84 88 2300
87 irecv 119 3100 200 0
87 irecv 55 3300 200 0
87 send 119 3300 60 0
87 send 55 3100 60 0
87 wait 120 88 3100
87 wait 56 88 3300
87 irecv 84 1100 200 0
87 irecv 86 1300 200 0
87 send 84 1300 16 0
87 send 86 1100 16 0
87 wait 85 88 1100
87 wait 87 88 1300
87 irecv 91 2100 200 0
87 irecv 83 2300 200 0
87 send 91 2300 40 0
87 send 83 2100 40 0
87 wait 92 88 2100
87 wait 84 88 2300
87 irecv 119 3100 200 0
87 irecv 55 3300 200 0
87 send 119 3300 60 0
87 send 55 3100 60 0
87 wait 120 88 3100
87 wait 56 88 3300
87 irecv 84 1100 200 0
87 irecv 86 1300 200 0
87 send 84 1300 4 0
87 send 86 1100 4 0
87 wait 85 88 1100
87 wait 87 88 1300
87 irecv 91 2100 200 0
87 irecv 83 2300 200 0
87 send 91 2300 12 0
87 send 83 2100 12 0
87 wait 92 88 2100
87 wait 84 88 2300
87 irecv 119 3100 200 0
87 irecv 55 3300 200 0
87 send 119 3300 24 0
87 send 55 3100 24 0
87 wait 120 88 3100
87 wait 56 88 3300
87 irecv 84 1100 200 0
87 irecv 86 1300 200 0
87 send 84 1300 1 0
87 send 86 1100 1 0
87 wait 85 88 1100
87 wait 87 88 1300
87 irecv 91 2100 200 0
87 irecv 83 2300 200 0
87 send 91 2300 4 0
87 send 83 2100 4 0
87 wait 92 88 2100
87 wait 84 88 2300
87 irecv 119 3100 200 0
87 irecv 55 3300 200 0
87 send 119 3300 12 0
87 send 55 3100 12 0
87 wait 120 88 3100
87 wait 56 88 3300
87 send 84 1300 12 0
87 send 86 1100 6 0
87 irecv 95 2100 200 0
87 irecv 79 2300 200 0
87 wait 96 88 2100
87 wait 80 88 2300
87 send 91 2300 24 0
87 send 83 2100 12 0
87 irecv 119 3100 200 0
87 irecv 55 3300 200 0
87 wait 120 88 3100
87 wait 56 88 3300
87 irecv 84 1100 200 0
87 irecv 86 1300 200 0
87 send 84 1300 1 0
87 send 86 1100 1 0
87 wait 85 88 1100
87 wait 87 88 1300
87 irecv 91 2100 200 0
87 irecv 83 2300 200 0
87 send 91 2300 4 0
87 send 83 2100 4 0
87 wait 92 88 2100
87 wait 84 88 2300
87 irecv 119 3100 200 0
87 irecv 55 3300 200 0
87 send 119 3300 12 0
87 send 55 3100 12 0
87 wait 120 88 3100
87 wait 56 88 3300
87 irecv 84 1100 200 0
87 irecv 86 1300 200 0
87 send 84 1300 1 0
87 send 86 1100 1 0
87 wait 85 88 1100
87 wait 87 88 1300
87 irecv 91 2100 200 0
87 irecv 83 2300 200 0
87 send 91 2300 4 0
87 send 83 2100 4 0
87 wait 92 88 2100
87 wait 84 88 2300
87 irecv 119 3100 200 0
87 irecv 55 3300 200 0
87 send 119 3300 12 0
87 send 55 3100 12 0
87 wait 120 88 3100
87 wait 56 88 3300
87 irecv 84 1100 200 0
87 irecv 86 1300 200 0
87 send 84 1300 4 0
87 send 86 1100 4 0
87 wait 85 88 1100
87 wait 87 88 1300
87 irecv 91 2100 200 0
87 irecv 83 2300 200 0
87 send 91 2300 12 0
87 send 83 2100 12 0
87 wait 92 88 2100
87 wait 84 88 2300
87 irecv 119 3100 200 0
87 irecv 55 3300 200 0
87 send 119 3300 24 0
87 send 55 3100 24 0
87 wait 120 88 3100
87 wait 56 88 3300
87 irecv 84 1100 200 0
87 irecv 86 1300 200 0
87 send 84 1300 4 0
87 send 86 1100 4 0
87 wait 85 88 1100
87 wait 87 88 1300
87 irecv 91 2100 200 0
87 irecv 83 2300 200 0
87 send 91 2300 12 0
87 send 83 2100 12 0
87 wait 92 88 2100
87 wait 84 88 2300
87 irecv 119 3100 200 0
87 irecv 55 3300 200 0
87 send 119 3300 24 0
87 send 55 3100 24 0
87 wait 120 88 3100
87 wait 56 88 3300
87 irecv 84 1100 200 0
87 irecv 86 1300 200 0
87 send 84 1300 16 0
87 send 86 1100 16 0
87 wait 85 88 1100
87 wait 87 88 1300
87 irecv 91 2100 200 0
87 irecv 83 2300 200 0
87 send 91 2300 40 0
87 send 83 2100 40 0
87 wait 92 88 2100
87 wait 84 88 2300
87 irecv 119 3100 200 0
87 irecv 55 3300 200 0
87 send 119 3300 60 0
87 send 55 3100 60 0
87 wait 120 88 3100
87 wait 56 88 3300
87 irecv 84 1100 200 0
87 irecv 86 1300 200 0
87 send 84 1300 16 0
87 send 86 1100 16 0
87 wait 85 88 1100
87 wait 87 88 1300
87 irecv 91 2100 200 0
87 irecv 83 2300 200 0
87 send 91 2300 40 0
87 send 83 2100 40 0
87 wait 92 88 2100
87 wait 84 88 2300
87 irecv 119 3100 200 0
87 irecv 55 3300 200 0
87 send 119 3300 60 0
87 send 55 3100 60 0
87 wait 120 88 3100
87 wait 56 88 3300
87 irecv 84 1100 200 0
87 irecv 86 1300 200 0
87 send 84 1300 16 0
87 send 86 1100 16 0
87 wait 85 88 1100
87 wait 87 88 1300
87 irecv 91 2100 200 0
87 irecv 83 2300 200 0
87 send 91 2300 40 0
87 send 83 2100 40 0
87 wait 92 88 2100
87 wait 84 88 2300
87 irecv 119 3100 200 0
87 irecv 55 3300 200 0
87 send 119 3300 60 0
87 send 55 3100 60 0
87 wait 120 88 3100
87 wait 56 88 3300
87 irecv 84 1100 200 0
87 irecv 86 1300 200 0
87 send 84 1300 4 0
87 send 86 1100 4 0
87 wait 85 88 1100
87 wait 87 88 1300
87 irecv 91 2100 200 0
87 irecv 83 2300 200 0
87 send 91 2300 12 0
87 send 83 2100 12 0
87 wait 92 88 2100
87 wait 84 88 2300
87 irecv 119 3100 200 0
87 irecv 55 3300 200 0
87 send 119 3300 24 0
87 send 55 3100 24 0
87 wait 120 88 3100
87 wait 56 88 3300
87 irecv 84 1100 200 0
87 irecv 86 1300 200 0
87 send 84 1300 1 0
87 send 86 1100 1 0
87 wait 85 88 1100
87 wait 87 88 1300
87 irecv 91 2100 200 0
87 irecv 83 2300 200 0
87 send 91 2300 4 0
87 send 83 2100 4 0
87 wait 92 88 2100
87 wait 84 88 2300
87 irecv 119 3100 200 0
87 irecv 55 3300 200 0
87 send 119 3300 12 0
87 send 55 3100 12 0
87 wait 120 88 3100
87 wait 56 88 3300
87 send 84 1300 12 0
87 send 86 1100 6 0
87 irecv 95 2100 200 0
87 irecv 79 2300 200 0
87 wait 96 88 2100
87 wait 80 88 2300
87 send 91 2300 24 0
87 send 83 2100 12 0
87 irecv 119 3100 200 0
87 irecv 55 3300 200 0
87 wait 120 88 3100
87 wait 56 88 3300
87 irecv 84 1100 200 0
87 irecv 86 1300 200 0
87 send 84 1300 1 0
87 send 86 1100 1 0
87 wait 85 88 1100
87 wait 87 88 1300
87 irecv 91 2100 200 0
87 irecv 83 2300 200 0
87 send 91 2300 4 0
87 send 83 2100 4 0
87 wait 92 88 2100
87 wait 84 88 2300
87 irecv 119 3100 200 0
87 irecv 55 3300 200 0
87 send 119 3300 12 0
87 send 55 3100 12 0
87 wait 120 88 3100
87 wait 56 88 3300
87 irecv 84 1100 200 0
87 irecv 86 1300 200 0
87 send 84 1300 1 0
87 send 86 1100 1 0
87 wait 85 88 1100
87 wait 87 88 1300
87 irecv 91 2100 200 0
87 irecv 83 2300 200 0
87 send 91 2300 4 0
87 send 83 2100 4 0
87 wait 92 88 2100
87 wait 84 88 2300
87 irecv 119 3100 200 0
87 irecv 55 3300 200 0
87 send 119 3300 12 0
87 send 55 3100 12 0
87 wait 120 88 3100
87 wait 56 88 3300
87 irecv 84 1100 200 0
87 irecv 86 1300 200 0
87 send 84 1300 4 0
87 send 86 1100 4 0
87 wait 85 88 1100
87 wait 87 88 1300
87 irecv 91 2100 200 0
87 irecv 83 2300 200 0
87 send 91 2300 12 0
87 send 83 2100 12 0
87 wait 92 88 2100
87 wait 84 88 2300
87 irecv 119 3100 200 0
87 irecv 55 3300 200 0
87 send 119 3300 24 0
87 send 55 3100 24 0
87 wait 120 88 3100
87 wait 56 88 3300
87 irecv 84 1100 200 0
87 irecv 86 1300 200 0
87 send 84 1300 4 0
87 send 86 1100 4 0
87 wait 85 88 1100
87 wait 87 88 1300
87 irecv 91 2100 200 0
87 irecv 83 2300 200 0
87 send 91 2300 12 0
87 send 83 2100 12 0
87 wait 92 88 2100
87 wait 84 88 2300
87 irecv 119 3100 200 0
87 irecv 55 3300 200 0
87 send 119 3300 24 0
87 send 55 3100 24 0
87 wait 120 88 3100
87 wait 56 88 3300
87 irecv 84 1100 200 0
87 irecv 86 1300 200 0
87 send 84 1300 16 0
87 send 86 1100 16 0
87 wait 85 88 1100
87 wait 87 88 1300
87 irecv 91 2100 200 0
87 irecv 83 2300 200 0
87 send 91 2300 40 0
87 send 83 2100 40 0
87 wait 92 88 2100
87 wait 84 88 2300
87 irecv 119 3100 200 0
87 irecv 55 3300 200 0
87 send 119 3300 60 0
87 send 55 3100 60 0
87 wait 120 88 3100
87 wait 56 88 3300
87 irecv 84 1100 200 0
87 irecv 86 1300 200 0
87 send 84 1300 16 0
87 send 86 1100 16 0
87 wait 85 88 1100
87 wait 87 88 1300
87 irecv 91 2100 200 0
87 irecv 83 2300 200 0
87 send 91 2300 40 0
87 send 83 2100 40 0
87 wait 92 88 2100
87 wait 84 88 2300
87 irecv 119 3100 200 0
87 irecv 55 3300 200 0
87 send 119 3300 60 0
87 send 55 3100 60 0
87 wait 120 88 3100
87 wait 56 88 3300
87 irecv 84 1100 200 0
87 irecv 86 1300 200 0
87 send 84 1300 16 0
87 send 86 1100 16 0
87 wait 85 88 1100
87 wait 87 88 1300
87 irecv 91 2100 200 0
87 irecv 83 2300 200 0
87 send 91 2300 40 0
87 send 83 2100 40 0
87 wait 92 88 2100
87 wait 84 88 2300
87 irecv 119 3100 200 0
87 irecv 55 3300 200 0
87 send 119 3300 60 0
87 send 55 3100 60 0
87 wait 120 88 3100
87 wait 56 88 3300
87 irecv 84 1100 200 0
87 irecv 86 1300 200 0
87 send 84 1300 4 0
87 send 86 1100 4 0
87 wait 85 88 1100
87 wait 87 88 1300
87 irecv 91 2100 200 0
87 irecv 83 2300 200 0
87 send 91 2300 12 0
87 send 83 2100 12 0
87 wait 92 88 2100
87 wait 84 88 2300
87 irecv 119 3100 200 0
87 irecv 55 3300 200 0
87 send 119 3300 24 0
87 send 55 3100 24 0
87 wait 120 88 3100
87 wait 56 88 3300
87 irecv 84 1100 200 0
87 irecv 86 1300 200 0
87 send 84 1300 1 0
87 send 86 1100 1 0
87 wait 85 88 1100
87 wait 87 88 1300
87 irecv 91 2100 200 0
87 irecv 83 2300 200 0
87 send 91 2300 4 0
87 send 83 2100 4 0
87 wait 92 88 2100
87 wait 84 88 2300
87 irecv 119 3100 200 0
87 irecv 55 3300 200 0
87 send 119 3300 12 0
87 send 55 3100 12 0
87 wait 120 88 3100
87 wait 56 88 3300
87 send 84 1300 12 0
87 send 86 1100 6 0
87 irecv 95 2100 200 0
87 irecv 79 2300 200 0
87 wait 96 88 2100
87 wait 80 88 2300
87 send 91 2300 24 0
87 send 83 2100 12 0
87 irecv 119 3100 200 0
87 irecv 55 3300 200 0
87 wait 120 88 3100
87 wait 56 88 3300
87 irecv 84 1100 200 0
87 irecv 86 1300 200 0
87 send 84 1300 1 0
87 send 86 1100 1 0
87 wait 85 88 1100
87 wait 87 88 1300
87 irecv 91 2100 200 0
87 irecv 83 2300 200 0
87 send 91 2300 4 0
87 send 83 2100 4 0
87 wait 92 88 2100
87 wait 84 88 2300
87 irecv 119 3100 200 0
87 irecv 55 3300 200 0
87 send 119 3300 12 0
87 send 55 3100 12 0
87 wait 120 88 3100
87 wait 56 88 3300
87 irecv 84 1100 200 0
87 irecv 86 1300 200 0
87 send 84 1300 1 0
87 send 86 1100 1 0
87 wait 85 88 1100
87 wait 87 88 1300
87 irecv 91 2100 200 0
87 irecv 83 2300 200 0
87 send 91 2300 4 0
87 send 83 2100 4 0
87 wait 92 88 2100
87 wait 84 88 2300
87 irecv 119 3100 200 0
87 irecv 55 3300 200 0
87 send 119 3300 12 0
87 send 55 3100 12 0
87 wait 120 88 3100
87 wait 56 88 3300
87 irecv 84 1100 200 0
87 irecv 86 1300 200 0
87 send 84 1300 4 0
87 send 86 1100 4 0
87 wait 85 88 1100
87 wait 87 88 1300
87 irecv 91 2100 200 0
87 irecv 83 2300 200 0
87 send 91 2300 12 0
87 send 83 2100 12 0
87 wait 92 88 2100
87 wait 84 88 2300
87 irecv 119 3100 200 0
87 irecv 55 3300 200 0
87 send 119 3300 24 0
87 send 55 3100 24 0
87 wait 120 88 3100
87 wait 56 88 3300
87 irecv 84 1100 200 0
87 irecv 86 1300 200 0
87 send 84 1300 4 0
87 send 86 1100 4 0
87 wait 85 88 1100
87 wait 87 88 1300
87 irecv 91 2100 200 0
87 irecv 83 2300 200 0
87 send 91 2300 12 0
87 send 83 2100 12 0
87 wait 92 88 2100
87 wait 84 88 2300
87 irecv 119 3100 200 0
87 irecv 55 3300 200 0
87 send 119 3300 24 0
87 send 55 3100 24 0
87 wait 120 88 3100
87 wait 56 88 3300
87 irecv 84 1100 200 0
87 irecv 86 1300 200 0
87 send 84 1300 16 0
87 send 86 1100 16 0
87 wait 85 88 1100
87 wait 87 88 1300
87 irecv 91 2100 200 0
87 irecv 83 2300 200 0
87 send 91 2300 40 0
87 send 83 2100 40 0
87 wait 92 88 2100
87 wait 84 88 2300
87 irecv 119 3100 200 0
87 irecv 55 3300 200 0
87 send 119 3300 60 0
87 send 55 3100 60 0
87 wait 120 88 3100
87 wait 56 88 3300
87 irecv 84 1100 200 0
87 irecv 86 1300 200 0
87 send 84 1300 16 0
87 send 86 1100 16 0
87 wait 85 88 1100
87 wait 87 88 1300
87 irecv 91 2100 200 0
87 irecv 83 2300 200 0
87 send 91 2300 40 0
87 send 83 2100 40 0
87 wait 92 88 2100
87 wait 84 88 2300
87 irecv 119 3100 200 0
87 irecv 55 3300 200 0
87 send 119 3300 60 0
87 send 55 3100 60 0
87 wait 120 88 3100
87 wait 56 88 3300
87 irecv 84 1100 200 0
87 irecv 86 1300 200 0
87 send 84 1300 16 0
87 send 86 1100 16 0
87 wait 85 88 1100
87 wait 87 88 1300
87 irecv 91 2100 200 0
87 irecv 83 2300 200 0
87 send 91 2300 40 0
87 send 83 2100 40 0
87 wait 92 88 2100
87 wait 84 88 2300
87 irecv 119 3100 200 0
87 irecv 55 3300 200 0
87 send 119 3300 60 0
87 send 55 3100 60 0
87 wait 120 88 3100
87 wait 56 88 3300
87 allreduce 1 0 0 
87 allreduce 1 0 0 
87 reduce 1 0 0 0 
87 finalize
