251 init
251 barrier
251 bcast 1 0 1 
251 bcast 1 0 1 
251 bcast 1 0 1 
251 bcast 1 0 1 
251 bcast 1 0 1 
251 bcast 8 0 1 
251 bcast 1 0 16 
251 barrier
251 allreduce 1 0 0 
251 allreduce 4 0 1 
251 allreduce 1 0 0 
251 allreduce 4 0 1 
251 allreduce 1 0 0 
251 allreduce 4 0 1 
251 allreduce 1 0 0 
251 allreduce 4 0 1 
251 allreduce 1 0 0 
251 allreduce 4 0 1 
251 allreduce 1 0 0 
251 allreduce 4 0 1 
251 allreduce 1 0 0 
251 allreduce 4 0 1 
251 allreduce 1 0 0 
251 allreduce 4 0 1 
251 allreduce 1 0 0 
251 allreduce 4 0 1 
251 allreduce 1 0 0 
251 allreduce 4 0 1 
251 allreduce 1 0 0 
251 allreduce 4 0 1 
251 allreduce 1 0 0 
251 allreduce 4 0 1 
251 allreduce 1 0 0 
251 allreduce 4 0 1 
251 allreduce 1 0 0 
251 allreduce 4 0 1 
251 allreduce 1 0 0 
251 allreduce 4 0 1 
251 allreduce 1 0 0 
251 allreduce 4 0 1 
251 allreduce 1 0 0 
251 allreduce 4 0 1 
251 allreduce 1 0 0 
251 allreduce 4 0 1 
251 allreduce 1 0 0 
251 allreduce 4 0 1 
251 allreduce 1 0 0 
251 allreduce 4 0 1 
251 barrier
251 irecv 248 1100 200 0
251 irecv 250 1300 200 0
251 send 248 1300 16 0
251 send 250 1100 16 0
251 wait 249 252 1100
251 wait 251 252 1300
251 irecv 255 2100 200 0
251 irecv 247 2300 200 0
251 send 255 2300 40 0
251 send 247 2100 40 0
251 wait 256 252 2100
251 wait 248 252 2300
251 irecv 27 3100 200 0
251 irecv 219 3300 200 0
251 send 27 3300 60 0
251 send 219 3100 60 0
251 wait 28 252 3100
251 wait 220 252 3300
251 allreduce 1 0 0 
251 allreduce 1 0 0 
251 irecv 248 1100 200 0
251 irecv 250 1300 200 0
251 send 248 1300 16 0
251 send 250 1100 16 0
251 wait 249 252 1100
251 wait 251 252 1300
251 irecv 255 2100 200 0
251 irecv 247 2300 200 0
251 send 255 2300 40 0
251 send 247 2100 40 0
251 wait 256 252 2100
251 wait 248 252 2300
251 irecv 27 3100 200 0
251 irecv 219 3300 200 0
251 send 27 3300 60 0
251 send 219 3100 60 0
251 wait 28 252 3100
251 wait 220 252 3300
251 allreduce 1 0 0 
251 allreduce 1 0 0 
251 irecv 248 1100 200 0
251 irecv 250 1300 200 0
251 send 248 1300 4 0
251 send 250 1100 4 0
251 wait 249 252 1100
251 wait 251 252 1300
251 irecv 255 2100 200 0
251 irecv 247 2300 200 0
251 send 255 2300 12 0
251 send 247 2100 12 0
251 wait 256 252 2100
251 wait 248 252 2300
251 irecv 27 3100 200 0
251 irecv 219 3300 200 0
251 send 27 3300 24 0
251 send 219 3100 24 0
251 wait 28 252 3100
251 wait 220 252 3300
251 irecv 248 1100 200 0
251 irecv 250 1300 200 0
251 send 248 1300 1 0
251 send 250 1100 1 0
251 wait 249 252 1100
251 wait 251 252 1300
251 irecv 255 2100 200 0
251 irecv 247 2300 200 0
251 send 255 2300 4 0
251 send 247 2100 4 0
251 wait 256 252 2100
251 wait 248 252 2300
251 irecv 27 3100 200 0
251 irecv 219 3300 200 0
251 send 27 3300 12 0
251 send 219 3100 12 0
251 wait 28 252 3100
251 wait 220 252 3300
251 send 248 1300 12 0
251 send 250 1100 6 0
251 send 59 3300 12 0
251 send 187 3100 6 0
251 irecv 255 2100 200 0
251 irecv 247 2300 200 0
251 wait 256 252 2100
251 wait 248 252 2300
251 send 27 3300 24 0
251 send 219 3100 12 0
251 irecv 248 1100 200 0
251 irecv 250 1300 200 0
251 send 248 1300 1 0
251 send 250 1100 1 0
251 wait 249 252 1100
251 wait 251 252 1300
251 irecv 255 2100 200 0
251 irecv 247 2300 200 0
251 send 255 2300 4 0
251 send 247 2100 4 0
251 wait 256 252 2100
251 wait 248 252 2300
251 irecv 27 3100 200 0
251 irecv 219 3300 200 0
251 send 27 3300 12 0
251 send 219 3100 12 0
251 wait 28 252 3100
251 wait 220 252 3300
251 irecv 248 1100 200 0
251 irecv 250 1300 200 0
251 send 248 1300 1 0
251 send 250 1100 1 0
251 wait 249 252 1100
251 wait 251 252 1300
251 irecv 255 2100 200 0
251 irecv 247 2300 200 0
251 send 255 2300 4 0
251 send 247 2100 4 0
251 wait 256 252 2100
251 wait 248 252 2300
251 irecv 27 3100 200 0
251 irecv 219 3300 200 0
251 send 27 3300 12 0
251 send 219 3100 12 0
251 wait 28 252 3100
251 wait 220 252 3300
251 irecv 248 1100 200 0
251 irecv 250 1300 200 0
251 send 248 1300 4 0
251 send 250 1100 4 0
251 wait 249 252 1100
251 wait 251 252 1300
251 irecv 255 2100 200 0
251 irecv 247 2300 200 0
251 send 255 2300 12 0
251 send 247 2100 12 0
251 wait 256 252 2100
251 wait 248 252 2300
251 irecv 27 3100 200 0
251 irecv 219 3300 200 0
251 send 27 3300 24 0
251 send 219 3100 24 0
251 wait 28 252 3100
251 wait 220 252 3300
251 irecv 248 1100 200 0
251 irecv 250 1300 200 0
251 send 248 1300 4 0
251 send 250 1100 4 0
251 wait 249 252 1100
251 wait 251 252 1300
251 irecv 255 2100 200 0
251 irecv 247 2300 200 0
251 send 255 2300 12 0
251 send 247 2100 12 0
251 wait 256 252 2100
251 wait 248 252 2300
251 irecv 27 3100 200 0
251 irecv 219 3300 200 0
251 send 27 3300 24 0
251 send 219 3100 24 0
251 wait 28 252 3100
251 wait 220 252 3300
251 irecv 248 1100 200 0
251 irecv 250 1300 200 0
251 send 248 1300 16 0
251 send 250 1100 16 0
251 wait 249 252 1100
251 wait 251 252 1300
251 irecv 255 2100 200 0
251 irecv 247 2300 200 0
251 send 255 2300 40 0
251 send 247 2100 40 0
251 wait 256 252 2100
251 wait 248 252 2300
251 irecv 27 3100 200 0
251 irecv 219 3300 200 0
251 send 27 3300 60 0
251 send 219 3100 60 0
251 wait 28 252 3100
251 wait 220 252 3300
251 irecv 248 1100 200 0
251 irecv 250 1300 200 0
251 send 248 1300 16 0
251 send 250 1100 16 0
251 wait 249 252 1100
251 wait 251 252 1300
251 irecv 255 2100 200 0
251 irecv 247 2300 200 0
251 send 255 2300 40 0
251 send 247 2100 40 0
251 wait 256 252 2100
251 wait 248 252 2300
251 irecv 27 3100 200 0
251 irecv 219 3300 200 0
251 send 27 3300 60 0
251 send 219 3100 60 0
251 wait 28 252 3100
251 wait 220 252 3300
251 irecv 248 1100 200 0
251 irecv 250 1300 200 0
251 send 248 1300 16 0
251 send 250 1100 16 0
251 wait 249 252 1100
251 wait 251 252 1300
251 irecv 255 2100 200 0
251 irecv 247 2300 200 0
251 send 255 2300 40 0
251 send 247 2100 40 0
251 wait 256 252 2100
251 wait 248 252 2300
251 irecv 27 3100 200 0
251 irecv 219 3300 200 0
251 send 27 3300 60 0
251 send 219 3100 60 0
251 wait 28 252 3100
251 wait 220 252 3300
251 barrier
251 allreduce 1 0 0 
251 allreduce 4 0 1 
251 allreduce 1 0 0 
251 allreduce 4 0 1 
251 allreduce 1 0 0 
251 allreduce 4 0 1 
251 allreduce 1 0 0 
251 allreduce 4 0 1 
251 allreduce 1 0 0 
251 allreduce 4 0 1 
251 allreduce 1 0 0 
251 allreduce 4 0 1 
251 allreduce 1 0 0 
251 allreduce 4 0 1 
251 allreduce 1 0 0 
251 allreduce 4 0 1 
251 allreduce 1 0 0 
251 allreduce 4 0 1 
251 allreduce 1 0 0 
251 allreduce 4 0 1 
251 allreduce 1 0 0 
251 allreduce 4 0 1 
251 allreduce 1 0 0 
251 allreduce 4 0 1 
251 allreduce 1 0 0 
251 allreduce 4 0 1 
251 allreduce 1 0 0 
251 allreduce 4 0 1 
251 allreduce 1 0 0 
251 allreduce 4 0 1 
251 allreduce 1 0 0 
251 allreduce 4 0 1 
251 allreduce 1 0 0 
251 allreduce 4 0 1 
251 allreduce 1 0 0 
251 allreduce 4 0 1 
251 allreduce 1 0 0 
251 allreduce 4 0 1 
251 allreduce 1 0 0 
251 allreduce 4 0 1 
251 barrier
251 irecv 248 1100 200 0
251 irecv 250 1300 200 0
251 send 248 1300 16 0
251 send 250 1100 16 0
251 wait 249 252 1100
251 wait 251 252 1300
251 irecv 255 2100 200 0
251 irecv 247 2300 200 0
251 send 255 2300 40 0
251 send 247 2100 40 0
251 wait 256 252 2100
251 wait 248 252 2300
251 irecv 27 3100 200 0
251 irecv 219 3300 200 0
251 send 27 3300 60 0
251 send 219 3100 60 0
251 wait 28 252 3100
251 wait 220 252 3300
251 barrier
251 irecv 248 1100 200 0
251 irecv 250 1300 200 0
251 send 248 1300 16 0
251 send 250 1100 16 0
251 wait 249 252 1100
251 wait 251 252 1300
251 irecv 255 2100 200 0
251 irecv 247 2300 200 0
251 send 255 2300 40 0
251 send 247 2100 40 0
251 wait 256 252 2100
251 wait 248 252 2300
251 irecv 27 3100 200 0
251 irecv 219 3300 200 0
251 send 27 3300 60 0
251 send 219 3100 60 0
251 wait 28 252 3100
251 wait 220 252 3300
251 allreduce 1 0 0 
251 allreduce 1 0 0 
251 irecv 248 1100 200 0
251 irecv 250 1300 200 0
251 send 248 1300 4 0
251 send 250 1100 4 0
251 wait 249 252 1100
251 wait 251 252 1300
251 irecv 255 2100 200 0
251 irecv 247 2300 200 0
251 send 255 2300 12 0
251 send 247 2100 12 0
251 wait 256 252 2100
251 wait 248 252 2300
251 irecv 27 3100 200 0
251 irecv 219 3300 200 0
251 send 27 3300 24 0
251 send 219 3100 24 0
251 wait 28 252 3100
251 wait 220 252 3300
251 irecv 248 1100 200 0
251 irecv 250 1300 200 0
251 send 248 1300 1 0
251 send 250 1100 1 0
251 wait 249 252 1100
251 wait 251 252 1300
251 irecv 255 2100 200 0
251 irecv 247 2300 200 0
251 send 255 2300 4 0
251 send 247 2100 4 0
251 wait 256 252 2100
251 wait 248 252 2300
251 irecv 27 3100 200 0
251 irecv 219 3300 200 0
251 send 27 3300 12 0
251 send 219 3100 12 0
251 wait 28 252 3100
251 wait 220 252 3300
251 send 248 1300 12 0
251 send 250 1100 6 0
251 send 59 3300 12 0
251 send 187 3100 6 0
251 irecv 255 2100 200 0
251 irecv 247 2300 200 0
251 wait 256 252 2100
251 wait 248 252 2300
251 send 27 3300 24 0
251 send 219 3100 12 0
251 irecv 248 1100 200 0
251 irecv 250 1300 200 0
251 send 248 1300 1 0
251 send 250 1100 1 0
251 wait 249 252 1100
251 wait 251 252 1300
251 irecv 255 2100 200 0
251 irecv 247 2300 200 0
251 send 255 2300 4 0
251 send 247 2100 4 0
251 wait 256 252 2100
251 wait 248 252 2300
251 irecv 27 3100 200 0
251 irecv 219 3300 200 0
251 send 27 3300 12 0
251 send 219 3100 12 0
251 wait 28 252 3100
251 wait 220 252 3300
251 irecv 248 1100 200 0
251 irecv 250 1300 200 0
251 send 248 1300 1 0
251 send 250 1100 1 0
251 wait 249 252 1100
251 wait 251 252 1300
251 irecv 255 2100 200 0
251 irecv 247 2300 200 0
251 send 255 2300 4 0
251 send 247 2100 4 0
251 wait 256 252 2100
251 wait 248 252 2300
251 irecv 27 3100 200 0
251 irecv 219 3300 200 0
251 send 27 3300 12 0
251 send 219 3100 12 0
251 wait 28 252 3100
251 wait 220 252 3300
251 irecv 248 1100 200 0
251 irecv 250 1300 200 0
251 send 248 1300 4 0
251 send 250 1100 4 0
251 wait 249 252 1100
251 wait 251 252 1300
251 irecv 255 2100 200 0
251 irecv 247 2300 200 0
251 send 255 2300 12 0
251 send 247 2100 12 0
251 wait 256 252 2100
251 wait 248 252 2300
251 irecv 27 3100 200 0
251 irecv 219 3300 200 0
251 send 27 3300 24 0
251 send 219 3100 24 0
251 wait 28 252 3100
251 wait 220 252 3300
251 irecv 248 1100 200 0
251 irecv 250 1300 200 0
251 send 248 1300 4 0
251 send 250 1100 4 0
251 wait 249 252 1100
251 wait 251 252 1300
251 irecv 255 2100 200 0
251 irecv 247 2300 200 0
251 send 255 2300 12 0
251 send 247 2100 12 0
251 wait 256 252 2100
251 wait 248 252 2300
251 irecv 27 3100 200 0
251 irecv 219 3300 200 0
251 send 27 3300 24 0
251 send 219 3100 24 0
251 wait 28 252 3100
251 wait 220 252 3300
251 irecv 248 1100 200 0
251 irecv 250 1300 200 0
251 send 248 1300 16 0
251 send 250 1100 16 0
251 wait 249 252 1100
251 wait 251 252 1300
251 irecv 255 2100 200 0
251 irecv 247 2300 200 0
251 send 255 2300 40 0
251 send 247 2100 40 0
251 wait 256 252 2100
251 wait 248 252 2300
251 irecv 27 3100 200 0
251 irecv 219 3300 200 0
251 send 27 3300 60 0
251 send 219 3100 60 0
251 wait 28 252 3100
251 wait 220 252 3300
251 irecv 248 1100 200 0
251 irecv 250 1300 200 0
251 send 248 1300 16 0
251 send 250 1100 16 0
251 wait 249 252 1100
251 wait 251 252 1300
251 irecv 255 2100 200 0
251 irecv 247 2300 200 0
251 send 255 2300 40 0
251 send 247 2100 40 0
251 wait 256 252 2100
251 wait 248 252 2300
251 irecv 27 3100 200 0
251 irecv 219 3300 200 0
251 send 27 3300 60 0
251 send 219 3100 60 0
251 wait 28 252 3100
251 wait 220 252 3300
251 irecv 248 1100 200 0
251 irecv 250 1300 200 0
251 send 248 1300 16 0
251 send 250 1100 16 0
251 wait 249 252 1100
251 wait 251 252 1300
251 irecv 255 2100 200 0
251 irecv 247 2300 200 0
251 send 255 2300 40 0
251 send 247 2100 40 0
251 wait 256 252 2100
251 wait 248 252 2300
251 irecv 27 3100 200 0
251 irecv 219 3300 200 0
251 send 27 3300 60 0
251 send 219 3100 60 0
251 wait 28 252 3100
251 wait 220 252 3300
251 irecv 248 1100 200 0
251 irecv 250 1300 200 0
251 send 248 1300 4 0
251 send 250 1100 4 0
251 wait 249 252 1100
251 wait 251 252 1300
251 irecv 255 2100 200 0
251 irecv 247 2300 200 0
251 send 255 2300 12 0
251 send 247 2100 12 0
251 wait 256 252 2100
251 wait 248 252 2300
251 irecv 27 3100 200 0
251 irecv 219 3300 200 0
251 send 27 3300 24 0
251 send 219 3100 24 0
251 wait 28 252 3100
251 wait 220 252 3300
251 irecv 248 1100 200 0
251 irecv 250 1300 200 0
251 send 248 1300 1 0
251 send 250 1100 1 0
251 wait 249 252 1100
251 wait 251 252 1300
251 irecv 255 2100 200 0
251 irecv 247 2300 200 0
251 send 255 2300 4 0
251 send 247 2100 4 0
251 wait 256 252 2100
251 wait 248 252 2300
251 irecv 27 3100 200 0
251 irecv 219 3300 200 0
251 send 27 3300 12 0
251 send 219 3100 12 0
251 wait 28 252 3100
251 wait 220 252 3300
251 send 248 1300 12 0
251 send 250 1100 6 0
251 send 59 3300 12 0
251 send 187 3100 6 0
251 irecv 255 2100 200 0
251 irecv 247 2300 200 0
251 wait 256 252 2100
251 wait 248 252 2300
251 send 27 3300 24 0
251 send 219 3100 12 0
251 irecv 248 1100 200 0
251 irecv 250 1300 200 0
251 send 248 1300 1 0
251 send 250 1100 1 0
251 wait 249 252 1100
251 wait 251 252 1300
251 irecv 255 2100 200 0
251 irecv 247 2300 200 0
251 send 255 2300 4 0
251 send 247 2100 4 0
251 wait 256 252 2100
251 wait 248 252 2300
251 irecv 27 3100 200 0
251 irecv 219 3300 200 0
251 send 27 3300 12 0
251 send 219 3100 12 0
251 wait 28 252 3100
251 wait 220 252 3300
251 irecv 248 1100 200 0
251 irecv 250 1300 200 0
251 send 248 1300 1 0
251 send 250 1100 1 0
251 wait 249 252 1100
251 wait 251 252 1300
251 irecv 255 2100 200 0
251 irecv 247 2300 200 0
251 send 255 2300 4 0
251 send 247 2100 4 0
251 wait 256 252 2100
251 wait 248 252 2300
251 irecv 27 3100 200 0
251 irecv 219 3300 200 0
251 send 27 3300 12 0
251 send 219 3100 12 0
251 wait 28 252 3100
251 wait 220 252 3300
251 irecv 248 1100 200 0
251 irecv 250 1300 200 0
251 send 248 1300 4 0
251 send 250 1100 4 0
251 wait 249 252 1100
251 wait 251 252 1300
251 irecv 255 2100 200 0
251 irecv 247 2300 200 0
251 send 255 2300 12 0
251 send 247 2100 12 0
251 wait 256 252 2100
251 wait 248 252 2300
251 irecv 27 3100 200 0
251 irecv 219 3300 200 0
251 send 27 3300 24 0
251 send 219 3100 24 0
251 wait 28 252 3100
251 wait 220 252 3300
251 irecv 248 1100 200 0
251 irecv 250 1300 200 0
251 send 248 1300 4 0
251 send 250 1100 4 0
251 wait 249 252 1100
251 wait 251 252 1300
251 irecv 255 2100 200 0
251 irecv 247 2300 200 0
251 send 255 2300 12 0
251 send 247 2100 12 0
251 wait 256 252 2100
251 wait 248 252 2300
251 irecv 27 3100 200 0
251 irecv 219 3300 200 0
251 send 27 3300 24 0
251 send 219 3100 24 0
251 wait 28 252 3100
251 wait 220 252 3300
251 irecv 248 1100 200 0
251 irecv 250 1300 200 0
251 send 248 1300 16 0
251 send 250 1100 16 0
251 wait 249 252 1100
251 wait 251 252 1300
251 irecv 255 2100 200 0
251 irecv 247 2300 200 0
251 send 255 2300 40 0
251 send 247 2100 40 0
251 wait 256 252 2100
251 wait 248 252 2300
251 irecv 27 3100 200 0
251 irecv 219 3300 200 0
251 send 27 3300 60 0
251 send 219 3100 60 0
251 wait 28 252 3100
251 wait 220 252 3300
251 irecv 248 1100 200 0
251 irecv 250 1300 200 0
251 send 248 1300 16 0
251 send 250 1100 16 0
251 wait 249 252 1100
251 wait 251 252 1300
251 irecv 255 2100 200 0
251 irecv 247 2300 200 0
251 send 255 2300 40 0
251 send 247 2100 40 0
251 wait 256 252 2100
251 wait 248 252 2300
251 irecv 27 3100 200 0
251 irecv 219 3300 200 0
251 send 27 3300 60 0
251 send 219 3100 60 0
251 wait 28 252 3100
251 wait 220 252 3300
251 irecv 248 1100 200 0
251 irecv 250 1300 200 0
251 send 248 1300 16 0
251 send 250 1100 16 0
251 wait 249 252 1100
251 wait 251 252 1300
251 irecv 255 2100 200 0
251 irecv 247 2300 200 0
251 send 255 2300 40 0
251 send 247 2100 40 0
251 wait 256 252 2100
251 wait 248 252 2300
251 irecv 27 3100 200 0
251 irecv 219 3300 200 0
251 send 27 3300 60 0
251 send 219 3100 60 0
251 wait 28 252 3100
251 wait 220 252 3300
251 irecv 248 1100 200 0
251 irecv 250 1300 200 0
251 send 248 1300 4 0
251 send 250 1100 4 0
251 wait 249 252 1100
251 wait 251 252 1300
251 irecv 255 2100 200 0
251 irecv 247 2300 200 0
251 send 255 2300 12 0
251 send 247 2100 12 0
251 wait 256 252 2100
251 wait 248 252 2300
251 irecv 27 3100 200 0
251 irecv 219 3300 200 0
251 send 27 3300 24 0
251 send 219 3100 24 0
251 wait 28 252 3100
251 wait 220 252 3300
251 irecv 248 1100 200 0
251 irecv 250 1300 200 0
251 send 248 1300 1 0
251 send 250 1100 1 0
251 wait 249 252 1100
251 wait 251 252 1300
251 irecv 255 2100 200 0
251 irecv 247 2300 200 0
251 send 255 2300 4 0
251 send 247 2100 4 0
251 wait 256 252 2100
251 wait 248 252 2300
251 irecv 27 3100 200 0
251 irecv 219 3300 200 0
251 send 27 3300 12 0
251 send 219 3100 12 0
251 wait 28 252 3100
251 wait 220 252 3300
251 send 248 1300 12 0
251 send 250 1100 6 0
251 send 59 3300 12 0
251 send 187 3100 6 0
251 irecv 255 2100 200 0
251 irecv 247 2300 200 0
251 wait 256 252 2100
251 wait 248 252 2300
251 send 27 3300 24 0
251 send 219 3100 12 0
251 irecv 248 1100 200 0
251 irecv 250 1300 200 0
251 send 248 1300 1 0
251 send 250 1100 1 0
251 wait 249 252 1100
251 wait 251 252 1300
251 irecv 255 2100 200 0
251 irecv 247 2300 200 0
251 send 255 2300 4 0
251 send 247 2100 4 0
251 wait 256 252 2100
251 wait 248 252 2300
251 irecv 27 3100 200 0
251 irecv 219 3300 200 0
251 send 27 3300 12 0
251 send 219 3100 12 0
251 wait 28 252 3100
251 wait 220 252 3300
251 irecv 248 1100 200 0
251 irecv 250 1300 200 0
251 send 248 1300 1 0
251 send 250 1100 1 0
251 wait 249 252 1100
251 wait 251 252 1300
251 irecv 255 2100 200 0
251 irecv 247 2300 200 0
251 send 255 2300 4 0
251 send 247 2100 4 0
251 wait 256 252 2100
251 wait 248 252 2300
251 irecv 27 3100 200 0
251 irecv 219 3300 200 0
251 send 27 3300 12 0
251 send 219 3100 12 0
251 wait 28 252 3100
251 wait 220 252 3300
251 irecv 248 1100 200 0
251 irecv 250 1300 200 0
251 send 248 1300 4 0
251 send 250 1100 4 0
251 wait 249 252 1100
251 wait 251 252 1300
251 irecv 255 2100 200 0
251 irecv 247 2300 200 0
251 send 255 2300 12 0
251 send 247 2100 12 0
251 wait 256 252 2100
251 wait 248 252 2300
251 irecv 27 3100 200 0
251 irecv 219 3300 200 0
251 send 27 3300 24 0
251 send 219 3100 24 0
251 wait 28 252 3100
251 wait 220 252 3300
251 irecv 248 1100 200 0
251 irecv 250 1300 200 0
251 send 248 1300 4 0
251 send 250 1100 4 0
251 wait 249 252 1100
251 wait 251 252 1300
251 irecv 255 2100 200 0
251 irecv 247 2300 200 0
251 send 255 2300 12 0
251 send 247 2100 12 0
251 wait 256 252 2100
251 wait 248 252 2300
251 irecv 27 3100 200 0
251 irecv 219 3300 200 0
251 send 27 3300 24 0
251 send 219 3100 24 0
251 wait 28 252 3100
251 wait 220 252 3300
251 irecv 248 1100 200 0
251 irecv 250 1300 200 0
251 send 248 1300 16 0
251 send 250 1100 16 0
251 wait 249 252 1100
251 wait 251 252 1300
251 irecv 255 2100 200 0
251 irecv 247 2300 200 0
251 send 255 2300 40 0
251 send 247 2100 40 0
251 wait 256 252 2100
251 wait 248 252 2300
251 irecv 27 3100 200 0
251 irecv 219 3300 200 0
251 send 27 3300 60 0
251 send 219 3100 60 0
251 wait 28 252 3100
251 wait 220 252 3300
251 irecv 248 1100 200 0
251 irecv 250 1300 200 0
251 send 248 1300 16 0
251 send 250 1100 16 0
251 wait 249 252 1100
251 wait 251 252 1300
251 irecv 255 2100 200 0
251 irecv 247 2300 200 0
251 send 255 2300 40 0
251 send 247 2100 40 0
251 wait 256 252 2100
251 wait 248 252 2300
251 irecv 27 3100 200 0
251 irecv 219 3300 200 0
251 send 27 3300 60 0
251 send 219 3100 60 0
251 wait 28 252 3100
251 wait 220 252 3300
251 irecv 248 1100 200 0
251 irecv 250 1300 200 0
251 send 248 1300 16 0
251 send 250 1100 16 0
251 wait 249 252 1100
251 wait 251 252 1300
251 irecv 255 2100 200 0
251 irecv 247 2300 200 0
251 send 255 2300 40 0
251 send 247 2100 40 0
251 wait 256 252 2100
251 wait 248 252 2300
251 irecv 27 3100 200 0
251 irecv 219 3300 200 0
251 send 27 3300 60 0
251 send 219 3100 60 0
251 wait 28 252 3100
251 wait 220 252 3300
251 irecv 248 1100 200 0
251 irecv 250 1300 200 0
251 send 248 1300 4 0
251 send 250 1100 4 0
251 wait 249 252 1100
251 wait 251 252 1300
251 irecv 255 2100 200 0
251 irecv 247 2300 200 0
251 send 255 2300 12 0
251 send 247 2100 12 0
251 wait 256 252 2100
251 wait 248 252 2300
251 irecv 27 3100 200 0
251 irecv 219 3300 200 0
251 send 27 3300 24 0
251 send 219 3100 24 0
251 wait 28 252 3100
251 wait 220 252 3300
251 irecv 248 1100 200 0
251 irecv 250 1300 200 0
251 send 248 1300 1 0
251 send 250 1100 1 0
251 wait 249 252 1100
251 wait 251 252 1300
251 irecv 255 2100 200 0
251 irecv 247 2300 200 0
251 send 255 2300 4 0
251 send 247 2100 4 0
251 wait 256 252 2100
251 wait 248 252 2300
251 irecv 27 3100 200 0
251 irecv 219 3300 200 0
251 send 27 3300 12 0
251 send 219 3100 12 0
251 wait 28 252 3100
251 wait 220 252 3300
251 send 248 1300 12 0
251 send 250 1100 6 0
251 send 59 3300 12 0
251 send 187 3100 6 0
251 irecv 255 2100 200 0
251 irecv 247 2300 200 0
251 wait 256 252 2100
251 wait 248 252 2300
251 send 27 3300 24 0
251 send 219 3100 12 0
251 irecv 248 1100 200 0
251 irecv 250 1300 200 0
251 send 248 1300 1 0
251 send 250 1100 1 0
251 wait 249 252 1100
251 wait 251 252 1300
251 irecv 255 2100 200 0
251 irecv 247 2300 200 0
251 send 255 2300 4 0
251 send 247 2100 4 0
251 wait 256 252 2100
251 wait 248 252 2300
251 irecv 27 3100 200 0
251 irecv 219 3300 200 0
251 send 27 3300 12 0
251 send 219 3100 12 0
251 wait 28 252 3100
251 wait 220 252 3300
251 irecv 248 1100 200 0
251 irecv 250 1300 200 0
251 send 248 1300 1 0
251 send 250 1100 1 0
251 wait 249 252 1100
251 wait 251 252 1300
251 irecv 255 2100 200 0
251 irecv 247 2300 200 0
251 send 255 2300 4 0
251 send 247 2100 4 0
251 wait 256 252 2100
251 wait 248 252 2300
251 irecv 27 3100 200 0
251 irecv 219 3300 200 0
251 send 27 3300 12 0
251 send 219 3100 12 0
251 wait 28 252 3100
251 wait 220 252 3300
251 irecv 248 1100 200 0
251 irecv 250 1300 200 0
251 send 248 1300 4 0
251 send 250 1100 4 0
251 wait 249 252 1100
251 wait 251 252 1300
251 irecv 255 2100 200 0
251 irecv 247 2300 200 0
251 send 255 2300 12 0
251 send 247 2100 12 0
251 wait 256 252 2100
251 wait 248 252 2300
251 irecv 27 3100 200 0
251 irecv 219 3300 200 0
251 send 27 3300 24 0
251 send 219 3100 24 0
251 wait 28 252 3100
251 wait 220 252 3300
251 irecv 248 1100 200 0
251 irecv 250 1300 200 0
251 send 248 1300 4 0
251 send 250 1100 4 0
251 wait 249 252 1100
251 wait 251 252 1300
251 irecv 255 2100 200 0
251 irecv 247 2300 200 0
251 send 255 2300 12 0
251 send 247 2100 12 0
251 wait 256 252 2100
251 wait 248 252 2300
251 irecv 27 3100 200 0
251 irecv 219 3300 200 0
251 send 27 3300 24 0
251 send 219 3100 24 0
251 wait 28 252 3100
251 wait 220 252 3300
251 irecv 248 1100 200 0
251 irecv 250 1300 200 0
251 send 248 1300 16 0
251 send 250 1100 16 0
251 wait 249 252 1100
251 wait 251 252 1300
251 irecv 255 2100 200 0
251 irecv 247 2300 200 0
251 send 255 2300 40 0
251 send 247 2100 40 0
251 wait 256 252 2100
251 wait 248 252 2300
251 irecv 27 3100 200 0
251 irecv 219 3300 200 0
251 send 27 3300 60 0
251 send 219 3100 60 0
251 wait 28 252 3100
251 wait 220 252 3300
251 irecv 248 1100 200 0
251 irecv 250 1300 200 0
251 send 248 1300 16 0
251 send 250 1100 16 0
251 wait 249 252 1100
251 wait 251 252 1300
251 irecv 255 2100 200 0
251 irecv 247 2300 200 0
251 send 255 2300 40 0
251 send 247 2100 40 0
251 wait 256 252 2100
251 wait 248 252 2300
251 irecv 27 3100 200 0
251 irecv 219 3300 200 0
251 send 27 3300 60 0
251 send 219 3100 60 0
251 wait 28 252 3100
251 wait 220 252 3300
251 irecv 248 1100 200 0
251 irecv 250 1300 200 0
251 send 248 1300 16 0
251 send 250 1100 16 0
251 wait 249 252 1100
251 wait 251 252 1300
251 irecv 255 2100 200 0
251 irecv 247 2300 200 0
251 send 255 2300 40 0
251 send 247 2100 40 0
251 wait 256 252 2100
251 wait 248 252 2300
251 irecv 27 3100 200 0
251 irecv 219 3300 200 0
251 send 27 3300 60 0
251 send 219 3100 60 0
251 wait 28 252 3100
251 wait 220 252 3300
251 allreduce 1 0 0 
251 allreduce 1 0 0 
251 reduce 1 0 0 0 
251 finalize
