124 init
124 barrier
124 bcast 1 0 1 
124 bcast 1 0 1 
124 bcast 1 0 1 
124 bcast 1 0 1 
124 bcast 1 0 1 
124 bcast 8 0 1 
124 bcast 1 0 16 
124 barrier
124 allreduce 1 0 0 
124 allreduce 4 0 1 
124 allreduce 1 0 0 
124 allreduce 4 0 1 
124 allreduce 1 0 0 
124 allreduce 4 0 1 
124 allreduce 1 0 0 
124 allreduce 4 0 1 
124 allreduce 1 0 0 
124 allreduce 4 0 1 
124 allreduce 1 0 0 
124 allreduce 4 0 1 
124 allreduce 1 0 0 
124 allreduce 4 0 1 
124 allreduce 1 0 0 
124 allreduce 4 0 1 
124 allreduce 1 0 0 
124 allreduce 4 0 1 
124 allreduce 1 0 0 
124 allreduce 4 0 1 
124 allreduce 1 0 0 
124 allreduce 4 0 1 
124 allreduce 1 0 0 
124 allreduce 4 0 1 
124 allreduce 1 0 0 
124 allreduce 4 0 1 
124 allreduce 1 0 0 
124 allreduce 4 0 1 
124 allreduce 1 0 0 
124 allreduce 4 0 1 
124 allreduce 1 0 0 
124 allreduce 4 0 1 
124 allreduce 1 0 0 
124 allreduce 4 0 1 
124 allreduce 1 0 0 
124 allreduce 4 0 1 
124 allreduce 1 0 0 
124 allreduce 4 0 1 
124 allreduce 1 0 0 
124 allreduce 4 0 1 
124 barrier
124 irecv 125 1100 200 0
124 irecv 127 1300 200 0
124 send 125 1300 16 0
124 send 127 1100 16 0
124 wait 126 125 1100
124 wait 128 125 1300
124 irecv 96 2100 200 0
124 irecv 120 2300 200 0
124 send 96 2300 40 0
124 send 120 2100 40 0
124 wait 97 125 2100
124 wait 121 125 2300
124 irecv 156 3100 200 0
124 irecv 92 3300 200 0
124 send 156 3300 60 0
124 send 92 3100 60 0
124 wait 157 125 3100
124 wait 93 125 3300
124 allreduce 1 0 0 
124 allreduce 1 0 0 
124 irecv 125 1100 200 0
124 irecv 127 1300 200 0
124 send 125 1300 16 0
124 send 127 1100 16 0
124 wait 126 125 1100
124 wait 128 125 1300
124 irecv 96 2100 200 0
124 irecv 120 2300 200 0
124 send 96 2300 40 0
124 send 120 2100 40 0
124 wait 97 125 2100
124 wait 121 125 2300
124 irecv 156 3100 200 0
124 irecv 92 3300 200 0
124 send 156 3300 60 0
124 send 92 3100 60 0
124 wait 157 125 3100
124 wait 93 125 3300
124 allreduce 1 0 0 
124 allreduce 1 0 0 
124 irecv 125 1100 200 0
124 irecv 127 1300 200 0
124 send 125 1300 4 0
124 send 127 1100 4 0
124 wait 126 125 1100
124 wait 128 125 1300
124 irecv 96 2100 200 0
124 irecv 120 2300 200 0
124 send 96 2300 12 0
124 send 120 2100 12 0
124 wait 97 125 2100
124 wait 121 125 2300
124 irecv 156 3100 200 0
124 irecv 92 3300 200 0
124 send 156 3300 24 0
124 send 92 3100 24 0
124 wait 157 125 3100
124 wait 93 125 3300
124 irecv 125 1100 200 0
124 irecv 127 1300 200 0
124 send 125 1300 1 0
124 send 127 1100 1 0
124 wait 126 125 1100
124 wait 128 125 1300
124 irecv 96 2100 200 0
124 irecv 120 2300 200 0
124 send 96 2300 4 0
124 send 120 2100 4 0
124 wait 97 125 2100
124 wait 121 125 2300
124 irecv 156 3100 200 0
124 irecv 92 3300 200 0
124 send 156 3300 12 0
124 send 92 3100 12 0
124 wait 157 125 3100
124 wait 93 125 3300
124 irecv 125 1100 200 0
124 irecv 127 1300 200 0
124 send 125 1300 1 0
124 send 127 1100 1 0
124 wait 126 125 1100
124 wait 128 125 1300
124 irecv 100 2100 200 0
124 irecv 116 2300 200 0
124 send 100 2300 3 0
124 send 116 2100 3 0
124 wait 101 125 2100
124 wait 117 125 2300
124 irecv 188 3100 200 0
124 irecv 60 3300 200 0
124 send 188 3300 9 0
124 send 60 3100 9 0
124 wait 189 125 3100
124 wait 61 125 3300
124 irecv 125 1100 200 0
124 irecv 127 1300 200 0
124 wait 126 125 1100
124 wait 128 125 1300
124 send 100 2300 18 0
124 send 116 2100 9 0
124 send 188 3300 18 0
124 send 60 3100 9 0
124 irecv 125 1100 200 0
124 irecv 127 1300 200 0
124 send 125 1300 1 0
124 send 127 1100 1 0
124 wait 126 125 1100
124 wait 128 125 1300
124 irecv 100 2100 200 0
124 irecv 116 2300 200 0
124 send 100 2300 3 0
124 send 116 2100 3 0
124 wait 101 125 2100
124 wait 117 125 2300
124 irecv 188 3100 200 0
124 irecv 60 3300 200 0
124 send 188 3300 9 0
124 send 60 3100 9 0
124 wait 189 125 3100
124 wait 61 125 3300
124 irecv 125 1100 200 0
124 irecv 127 1300 200 0
124 send 125 1300 1 0
124 send 127 1100 1 0
124 wait 126 125 1100
124 wait 128 125 1300
124 irecv 100 2100 200 0
124 irecv 116 2300 200 0
124 send 100 2300 3 0
124 send 116 2100 3 0
124 wait 101 125 2100
124 wait 117 125 2300
124 irecv 188 3100 200 0
124 irecv 60 3300 200 0
124 send 188 3300 9 0
124 send 60 3100 9 0
124 wait 189 125 3100
124 wait 61 125 3300
124 send 96 2300 24 0
124 send 120 2100 12 0
124 send 156 3300 24 0
124 send 92 3100 12 0
124 irecv 125 1100 200 0
124 irecv 127 1300 200 0
124 send 125 1300 1 0
124 send 127 1100 1 0
124 wait 126 125 1100
124 wait 128 125 1300
124 irecv 96 2100 200 0
124 irecv 120 2300 200 0
124 send 96 2300 4 0
124 send 120 2100 4 0
124 wait 97 125 2100
124 wait 121 125 2300
124 irecv 156 3100 200 0
124 irecv 92 3300 200 0
124 send 156 3300 12 0
124 send 92 3100 12 0
124 wait 157 125 3100
124 wait 93 125 3300
124 irecv 125 1100 200 0
124 irecv 127 1300 200 0
124 send 125 1300 1 0
124 send 127 1100 1 0
124 wait 126 125 1100
124 wait 128 125 1300
124 irecv 96 2100 200 0
124 irecv 120 2300 200 0
124 send 96 2300 4 0
124 send 120 2100 4 0
124 wait 97 125 2100
124 wait 121 125 2300
124 irecv 156 3100 200 0
124 irecv 92 3300 200 0
124 send 156 3300 12 0
124 send 92 3100 12 0
124 wait 157 125 3100
124 wait 93 125 3300
124 irecv 125 1100 200 0
124 irecv 127 1300 200 0
124 send 125 1300 4 0
124 send 127 1100 4 0
124 wait 126 125 1100
124 wait 128 125 1300
124 irecv 96 2100 200 0
124 irecv 120 2300 200 0
124 send 96 2300 12 0
124 send 120 2100 12 0
124 wait 97 125 2100
124 wait 121 125 2300
124 irecv 156 3100 200 0
124 irecv 92 3300 200 0
124 send 156 3300 24 0
124 send 92 3100 24 0
124 wait 157 125 3100
124 wait 93 125 3300
124 irecv 125 1100 200 0
124 irecv 127 1300 200 0
124 send 125 1300 4 0
124 send 127 1100 4 0
124 wait 126 125 1100
124 wait 128 125 1300
124 irecv 96 2100 200 0
124 irecv 120 2300 200 0
124 send 96 2300 12 0
124 send 120 2100 12 0
124 wait 97 125 2100
124 wait 121 125 2300
124 irecv 156 3100 200 0
124 irecv 92 3300 200 0
124 send 156 3300 24 0
124 send 92 3100 24 0
124 wait 157 125 3100
124 wait 93 125 3300
124 irecv 125 1100 200 0
124 irecv 127 1300 200 0
124 send 125 1300 16 0
124 send 127 1100 16 0
124 wait 126 125 1100
124 wait 128 125 1300
124 irecv 96 2100 200 0
124 irecv 120 2300 200 0
124 send 96 2300 40 0
124 send 120 2100 40 0
124 wait 97 125 2100
124 wait 121 125 2300
124 irecv 156 3100 200 0
124 irecv 92 3300 200 0
124 send 156 3300 60 0
124 send 92 3100 60 0
124 wait 157 125 3100
124 wait 93 125 3300
124 irecv 125 1100 200 0
124 irecv 127 1300 200 0
124 send 125 1300 16 0
124 send 127 1100 16 0
124 wait 126 125 1100
124 wait 128 125 1300
124 irecv 96 2100 200 0
124 irecv 120 2300 200 0
124 send 96 2300 40 0
124 send 120 2100 40 0
124 wait 97 125 2100
124 wait 121 125 2300
124 irecv 156 3100 200 0
124 irecv 92 3300 200 0
124 send 156 3300 60 0
124 send 92 3100 60 0
124 wait 157 125 3100
124 wait 93 125 3300
124 irecv 125 1100 200 0
124 irecv 127 1300 200 0
124 send 125 1300 16 0
124 send 127 1100 16 0
124 wait 126 125 1100
124 wait 128 125 1300
124 irecv 96 2100 200 0
124 irecv 120 2300 200 0
124 send 96 2300 40 0
124 send 120 2100 40 0
124 wait 97 125 2100
124 wait 121 125 2300
124 irecv 156 3100 200 0
124 irecv 92 3300 200 0
124 send 156 3300 60 0
124 send 92 3100 60 0
124 wait 157 125 3100
124 wait 93 125 3300
124 barrier
124 allreduce 1 0 0 
124 allreduce 4 0 1 
124 allreduce 1 0 0 
124 allreduce 4 0 1 
124 allreduce 1 0 0 
124 allreduce 4 0 1 
124 allreduce 1 0 0 
124 allreduce 4 0 1 
124 allreduce 1 0 0 
124 allreduce 4 0 1 
124 allreduce 1 0 0 
124 allreduce 4 0 1 
124 allreduce 1 0 0 
124 allreduce 4 0 1 
124 allreduce 1 0 0 
124 allreduce 4 0 1 
124 allreduce 1 0 0 
124 allreduce 4 0 1 
124 allreduce 1 0 0 
124 allreduce 4 0 1 
124 allreduce 1 0 0 
124 allreduce 4 0 1 
124 allreduce 1 0 0 
124 allreduce 4 0 1 
124 allreduce 1 0 0 
124 allreduce 4 0 1 
124 allreduce 1 0 0 
124 allreduce 4 0 1 
124 allreduce 1 0 0 
124 allreduce 4 0 1 
124 allreduce 1 0 0 
124 allreduce 4 0 1 
124 allreduce 1 0 0 
124 allreduce 4 0 1 
124 allreduce 1 0 0 
124 allreduce 4 0 1 
124 allreduce 1 0 0 
124 allreduce 4 0 1 
124 allreduce 1 0 0 
124 allreduce 4 0 1 
124 barrier
124 irecv 125 1100 200 0
124 irecv 127 1300 200 0
124 send 125 1300 16 0
124 send 127 1100 16 0
124 wait 126 125 1100
124 wait 128 125 1300
124 irecv 96 2100 200 0
124 irecv 120 2300 200 0
124 send 96 2300 40 0
124 send 120 2100 40 0
124 wait 97 125 2100
124 wait 121 125 2300
124 irecv 156 3100 200 0
124 irecv 92 3300 200 0
124 send 156 3300 60 0
124 send 92 3100 60 0
124 wait 157 125 3100
124 wait 93 125 3300
124 barrier
124 irecv 125 1100 200 0
124 irecv 127 1300 200 0
124 send 125 1300 16 0
124 send 127 1100 16 0
124 wait 126 125 1100
124 wait 128 125 1300
124 irecv 96 2100 200 0
124 irecv 120 2300 200 0
124 send 96 2300 40 0
124 send 120 2100 40 0
124 wait 97 125 2100
124 wait 121 125 2300
124 irecv 156 3100 200 0
124 irecv 92 3300 200 0
124 send 156 3300 60 0
124 send 92 3100 60 0
124 wait 157 125 3100
124 wait 93 125 3300
124 allreduce 1 0 0 
124 allreduce 1 0 0 
124 irecv 125 1100 200 0
124 irecv 127 1300 200 0
124 send 125 1300 4 0
124 send 127 1100 4 0
124 wait 126 125 1100
124 wait 128 125 1300
124 irecv 96 2100 200 0
124 irecv 120 2300 200 0
124 send 96 2300 12 0
124 send 120 2100 12 0
124 wait 97 125 2100
124 wait 121 125 2300
124 irecv 156 3100 200 0
124 irecv 92 3300 200 0
124 send 156 3300 24 0
124 send 92 3100 24 0
124 wait 157 125 3100
124 wait 93 125 3300
124 irecv 125 1100 200 0
124 irecv 127 1300 200 0
124 send 125 1300 1 0
124 send 127 1100 1 0
124 wait 126 125 1100
124 wait 128 125 1300
124 irecv 96 2100 200 0
124 irecv 120 2300 200 0
124 send 96 2300 4 0
124 send 120 2100 4 0
124 wait 97 125 2100
124 wait 121 125 2300
124 irecv 156 3100 200 0
124 irecv 92 3300 200 0
124 send 156 3300 12 0
124 send 92 3100 12 0
124 wait 157 125 3100
124 wait 93 125 3300
124 irecv 125 1100 200 0
124 irecv 127 1300 200 0
124 send 125 1300 1 0
124 send 127 1100 1 0
124 wait 126 125 1100
124 wait 128 125 1300
124 irecv 100 2100 200 0
124 irecv 116 2300 200 0
124 send 100 2300 3 0
124 send 116 2100 3 0
124 wait 101 125 2100
124 wait 117 125 2300
124 irecv 188 3100 200 0
124 irecv 60 3300 200 0
124 send 188 3300 9 0
124 send 60 3100 9 0
124 wait 189 125 3100
124 wait 61 125 3300
124 irecv 125 1100 200 0
124 irecv 127 1300 200 0
124 wait 126 125 1100
124 wait 128 125 1300
124 send 100 2300 18 0
124 send 116 2100 9 0
124 send 188 3300 18 0
124 send 60 3100 9 0
124 irecv 125 1100 200 0
124 irecv 127 1300 200 0
124 send 125 1300 1 0
124 send 127 1100 1 0
124 wait 126 125 1100
124 wait 128 125 1300
124 irecv 100 2100 200 0
124 irecv 116 2300 200 0
124 send 100 2300 3 0
124 send 116 2100 3 0
124 wait 101 125 2100
124 wait 117 125 2300
124 irecv 188 3100 200 0
124 irecv 60 3300 200 0
124 send 188 3300 9 0
124 send 60 3100 9 0
124 wait 189 125 3100
124 wait 61 125 3300
124 irecv 125 1100 200 0
124 irecv 127 1300 200 0
124 send 125 1300 1 0
124 send 127 1100 1 0
124 wait 126 125 1100
124 wait 128 125 1300
124 irecv 100 2100 200 0
124 irecv 116 2300 200 0
124 send 100 2300 3 0
124 send 116 2100 3 0
124 wait 101 125 2100
124 wait 117 125 2300
124 irecv 188 3100 200 0
124 irecv 60 3300 200 0
124 send 188 3300 9 0
124 send 60 3100 9 0
124 wait 189 125 3100
124 wait 61 125 3300
124 send 96 2300 24 0
124 send 120 2100 12 0
124 send 156 3300 24 0
124 send 92 3100 12 0
124 irecv 125 1100 200 0
124 irecv 127 1300 200 0
124 send 125 1300 1 0
124 send 127 1100 1 0
124 wait 126 125 1100
124 wait 128 125 1300
124 irecv 96 2100 200 0
124 irecv 120 2300 200 0
124 send 96 2300 4 0
124 send 120 2100 4 0
124 wait 97 125 2100
124 wait 121 125 2300
124 irecv 156 3100 200 0
124 irecv 92 3300 200 0
124 send 156 3300 12 0
124 send 92 3100 12 0
124 wait 157 125 3100
124 wait 93 125 3300
124 irecv 125 1100 200 0
124 irecv 127 1300 200 0
124 send 125 1300 1 0
124 send 127 1100 1 0
124 wait 126 125 1100
124 wait 128 125 1300
124 irecv 96 2100 200 0
124 irecv 120 2300 200 0
124 send 96 2300 4 0
124 send 120 2100 4 0
124 wait 97 125 2100
124 wait 121 125 2300
124 irecv 156 3100 200 0
124 irecv 92 3300 200 0
124 send 156 3300 12 0
124 send 92 3100 12 0
124 wait 157 125 3100
124 wait 93 125 3300
124 irecv 125 1100 200 0
124 irecv 127 1300 200 0
124 send 125 1300 4 0
124 send 127 1100 4 0
124 wait 126 125 1100
124 wait 128 125 1300
124 irecv 96 2100 200 0
124 irecv 120 2300 200 0
124 send 96 2300 12 0
124 send 120 2100 12 0
124 wait 97 125 2100
124 wait 121 125 2300
124 irecv 156 3100 200 0
124 irecv 92 3300 200 0
124 send 156 3300 24 0
124 send 92 3100 24 0
124 wait 157 125 3100
124 wait 93 125 3300
124 irecv 125 1100 200 0
124 irecv 127 1300 200 0
124 send 125 1300 4 0
124 send 127 1100 4 0
124 wait 126 125 1100
124 wait 128 125 1300
124 irecv 96 2100 200 0
124 irecv 120 2300 200 0
124 send 96 2300 12 0
124 send 120 2100 12 0
124 wait 97 125 2100
124 wait 121 125 2300
124 irecv 156 3100 200 0
124 irecv 92 3300 200 0
124 send 156 3300 24 0
124 send 92 3100 24 0
124 wait 157 125 3100
124 wait 93 125 3300
124 irecv 125 1100 200 0
124 irecv 127 1300 200 0
124 send 125 1300 16 0
124 send 127 1100 16 0
124 wait 126 125 1100
124 wait 128 125 1300
124 irecv 96 2100 200 0
124 irecv 120 2300 200 0
124 send 96 2300 40 0
124 send 120 2100 40 0
124 wait 97 125 2100
124 wait 121 125 2300
124 irecv 156 3100 200 0
124 irecv 92 3300 200 0
124 send 156 3300 60 0
124 send 92 3100 60 0
124 wait 157 125 3100
124 wait 93 125 3300
124 irecv 125 1100 200 0
124 irecv 127 1300 200 0
124 send 125 1300 16 0
124 send 127 1100 16 0
124 wait 126 125 1100
124 wait 128 125 1300
124 irecv 96 2100 200 0
124 irecv 120 2300 200 0
124 send 96 2300 40 0
124 send 120 2100 40 0
124 wait 97 125 2100
124 wait 121 125 2300
124 irecv 156 3100 200 0
124 irecv 92 3300 200 0
124 send 156 3300 60 0
124 send 92 3100 60 0
124 wait 157 125 3100
124 wait 93 125 3300
124 irecv 125 1100 200 0
124 irecv 127 1300 200 0
124 send 125 1300 16 0
124 send 127 1100 16 0
124 wait 126 125 1100
124 wait 128 125 1300
124 irecv 96 2100 200 0
124 irecv 120 2300 200 0
124 send 96 2300 40 0
124 send 120 2100 40 0
124 wait 97 125 2100
124 wait 121 125 2300
124 irecv 156 3100 200 0
124 irecv 92 3300 200 0
124 send 156 3300 60 0
124 send 92 3100 60 0
124 wait 157 125 3100
124 wait 93 125 3300
124 irecv 125 1100 200 0
124 irecv 127 1300 200 0
124 send 125 1300 4 0
124 send 127 1100 4 0
124 wait 126 125 1100
124 wait 128 125 1300
124 irecv 96 2100 200 0
124 irecv 120 2300 200 0
124 send 96 2300 12 0
124 send 120 2100 12 0
124 wait 97 125 2100
124 wait 121 125 2300
124 irecv 156 3100 200 0
124 irecv 92 3300 200 0
124 send 156 3300 24 0
124 send 92 3100 24 0
124 wait 157 125 3100
124 wait 93 125 3300
124 irecv 125 1100 200 0
124 irecv 127 1300 200 0
124 send 125 1300 1 0
124 send 127 1100 1 0
124 wait 126 125 1100
124 wait 128 125 1300
124 irecv 96 2100 200 0
124 irecv 120 2300 200 0
124 send 96 2300 4 0
124 send 120 2100 4 0
124 wait 97 125 2100
124 wait 121 125 2300
124 irecv 156 3100 200 0
124 irecv 92 3300 200 0
124 send 156 3300 12 0
124 send 92 3100 12 0
124 wait 157 125 3100
124 wait 93 125 3300
124 irecv 125 1100 200 0
124 irecv 127 1300 200 0
124 send 125 1300 1 0
124 send 127 1100 1 0
124 wait 126 125 1100
124 wait 128 125 1300
124 irecv 100 2100 200 0
124 irecv 116 2300 200 0
124 send 100 2300 3 0
124 send 116 2100 3 0
124 wait 101 125 2100
124 wait 117 125 2300
124 irecv 188 3100 200 0
124 irecv 60 3300 200 0
124 send 188 3300 9 0
124 send 60 3100 9 0
124 wait 189 125 3100
124 wait 61 125 3300
124 irecv 125 1100 200 0
124 irecv 127 1300 200 0
124 wait 126 125 1100
124 wait 128 125 1300
124 send 100 2300 18 0
124 send 116 2100 9 0
124 send 188 3300 18 0
124 send 60 3100 9 0
124 irecv 125 1100 200 0
124 irecv 127 1300 200 0
124 send 125 1300 1 0
124 send 127 1100 1 0
124 wait 126 125 1100
124 wait 128 125 1300
124 irecv 100 2100 200 0
124 irecv 116 2300 200 0
124 send 100 2300 3 0
124 send 116 2100 3 0
124 wait 101 125 2100
124 wait 117 125 2300
124 irecv 188 3100 200 0
124 irecv 60 3300 200 0
124 send 188 3300 9 0
124 send 60 3100 9 0
124 wait 189 125 3100
124 wait 61 125 3300
124 irecv 125 1100 200 0
124 irecv 127 1300 200 0
124 send 125 1300 1 0
124 send 127 1100 1 0
124 wait 126 125 1100
124 wait 128 125 1300
124 irecv 100 2100 200 0
124 irecv 116 2300 200 0
124 send 100 2300 3 0
124 send 116 2100 3 0
124 wait 101 125 2100
124 wait 117 125 2300
124 irecv 188 3100 200 0
124 irecv 60 3300 200 0
124 send 188 3300 9 0
124 send 60 3100 9 0
124 wait 189 125 3100
124 wait 61 125 3300
124 send 96 2300 24 0
124 send 120 2100 12 0
124 send 156 3300 24 0
124 send 92 3100 12 0
124 irecv 125 1100 200 0
124 irecv 127 1300 200 0
124 send 125 1300 1 0
124 send 127 1100 1 0
124 wait 126 125 1100
124 wait 128 125 1300
124 irecv 96 2100 200 0
124 irecv 120 2300 200 0
124 send 96 2300 4 0
124 send 120 2100 4 0
124 wait 97 125 2100
124 wait 121 125 2300
124 irecv 156 3100 200 0
124 irecv 92 3300 200 0
124 send 156 3300 12 0
124 send 92 3100 12 0
124 wait 157 125 3100
124 wait 93 125 3300
124 irecv 125 1100 200 0
124 irecv 127 1300 200 0
124 send 125 1300 1 0
124 send 127 1100 1 0
124 wait 126 125 1100
124 wait 128 125 1300
124 irecv 96 2100 200 0
124 irecv 120 2300 200 0
124 send 96 2300 4 0
124 send 120 2100 4 0
124 wait 97 125 2100
124 wait 121 125 2300
124 irecv 156 3100 200 0
124 irecv 92 3300 200 0
124 send 156 3300 12 0
124 send 92 3100 12 0
124 wait 157 125 3100
124 wait 93 125 3300
124 irecv 125 1100 200 0
124 irecv 127 1300 200 0
124 send 125 1300 4 0
124 send 127 1100 4 0
124 wait 126 125 1100
124 wait 128 125 1300
124 irecv 96 2100 200 0
124 irecv 120 2300 200 0
124 send 96 2300 12 0
124 send 120 2100 12 0
124 wait 97 125 2100
124 wait 121 125 2300
124 irecv 156 3100 200 0
124 irecv 92 3300 200 0
124 send 156 3300 24 0
124 send 92 3100 24 0
124 wait 157 125 3100
124 wait 93 125 3300
124 irecv 125 1100 200 0
124 irecv 127 1300 200 0
124 send 125 1300 4 0
124 send 127 1100 4 0
124 wait 126 125 1100
124 wait 128 125 1300
124 irecv 96 2100 200 0
124 irecv 120 2300 200 0
124 send 96 2300 12 0
124 send 120 2100 12 0
124 wait 97 125 2100
124 wait 121 125 2300
124 irecv 156 3100 200 0
124 irecv 92 3300 200 0
124 send 156 3300 24 0
124 send 92 3100 24 0
124 wait 157 125 3100
124 wait 93 125 3300
124 irecv 125 1100 200 0
124 irecv 127 1300 200 0
124 send 125 1300 16 0
124 send 127 1100 16 0
124 wait 126 125 1100
124 wait 128 125 1300
124 irecv 96 2100 200 0
124 irecv 120 2300 200 0
124 send 96 2300 40 0
124 send 120 2100 40 0
124 wait 97 125 2100
124 wait 121 125 2300
124 irecv 156 3100 200 0
124 irecv 92 3300 200 0
124 send 156 3300 60 0
124 send 92 3100 60 0
124 wait 157 125 3100
124 wait 93 125 3300
124 irecv 125 1100 200 0
124 irecv 127 1300 200 0
124 send 125 1300 16 0
124 send 127 1100 16 0
124 wait 126 125 1100
124 wait 128 125 1300
124 irecv 96 2100 200 0
124 irecv 120 2300 200 0
124 send 96 2300 40 0
124 send 120 2100 40 0
124 wait 97 125 2100
124 wait 121 125 2300
124 irecv 156 3100 200 0
124 irecv 92 3300 200 0
124 send 156 3300 60 0
124 send 92 3100 60 0
124 wait 157 125 3100
124 wait 93 125 3300
124 irecv 125 1100 200 0
124 irecv 127 1300 200 0
124 send 125 1300 16 0
124 send 127 1100 16 0
124 wait 126 125 1100
124 wait 128 125 1300
124 irecv 96 2100 200 0
124 irecv 120 2300 200 0
124 send 96 2300 40 0
124 send 120 2100 40 0
124 wait 97 125 2100
124 wait 121 125 2300
124 irecv 156 3100 200 0
124 irecv 92 3300 200 0
124 send 156 3300 60 0
124 send 92 3100 60 0
124 wait 157 125 3100
124 wait 93 125 3300
124 irecv 125 1100 200 0
124 irecv 127 1300 200 0
124 send 125 1300 4 0
124 send 127 1100 4 0
124 wait 126 125 1100
124 wait 128 125 1300
124 irecv 96 2100 200 0
124 irecv 120 2300 200 0
124 send 96 2300 12 0
124 send 120 2100 12 0
124 wait 97 125 2100
124 wait 121 125 2300
124 irecv 156 3100 200 0
124 irecv 92 3300 200 0
124 send 156 3300 24 0
124 send 92 3100 24 0
124 wait 157 125 3100
124 wait 93 125 3300
124 irecv 125 1100 200 0
124 irecv 127 1300 200 0
124 send 125 1300 1 0
124 send 127 1100 1 0
124 wait 126 125 1100
124 wait 128 125 1300
124 irecv 96 2100 200 0
124 irecv 120 2300 200 0
124 send 96 2300 4 0
124 send 120 2100 4 0
124 wait 97 125 2100
124 wait 121 125 2300
124 irecv 156 3100 200 0
124 irecv 92 3300 200 0
124 send 156 3300 12 0
124 send 92 3100 12 0
124 wait 157 125 3100
124 wait 93 125 3300
124 irecv 125 1100 200 0
124 irecv 127 1300 200 0
124 send 125 1300 1 0
124 send 127 1100 1 0
124 wait 126 125 1100
124 wait 128 125 1300
124 irecv 100 2100 200 0
124 irecv 116 2300 200 0
124 send 100 2300 3 0
124 send 116 2100 3 0
124 wait 101 125 2100
124 wait 117 125 2300
124 irecv 188 3100 200 0
124 irecv 60 3300 200 0
124 send 188 3300 9 0
124 send 60 3100 9 0
124 wait 189 125 3100
124 wait 61 125 3300
124 irecv 125 1100 200 0
124 irecv 127 1300 200 0
124 wait 126 125 1100
124 wait 128 125 1300
124 send 100 2300 18 0
124 send 116 2100 9 0
124 send 188 3300 18 0
124 send 60 3100 9 0
124 irecv 125 1100 200 0
124 irecv 127 1300 200 0
124 send 125 1300 1 0
124 send 127 1100 1 0
124 wait 126 125 1100
124 wait 128 125 1300
124 irecv 100 2100 200 0
124 irecv 116 2300 200 0
124 send 100 2300 3 0
124 send 116 2100 3 0
124 wait 101 125 2100
124 wait 117 125 2300
124 irecv 188 3100 200 0
124 irecv 60 3300 200 0
124 send 188 3300 9 0
124 send 60 3100 9 0
124 wait 189 125 3100
124 wait 61 125 3300
124 irecv 125 1100 200 0
124 irecv 127 1300 200 0
124 send 125 1300 1 0
124 send 127 1100 1 0
124 wait 126 125 1100
124 wait 128 125 1300
124 irecv 100 2100 200 0
124 irecv 116 2300 200 0
124 send 100 2300 3 0
124 send 116 2100 3 0
124 wait 101 125 2100
124 wait 117 125 2300
124 irecv 188 3100 200 0
124 irecv 60 3300 200 0
124 send 188 3300 9 0
124 send 60 3100 9 0
124 wait 189 125 3100
124 wait 61 125 3300
124 send 96 2300 24 0
124 send 120 2100 12 0
124 send 156 3300 24 0
124 send 92 3100 12 0
124 irecv 125 1100 200 0
124 irecv 127 1300 200 0
124 send 125 1300 1 0
124 send 127 1100 1 0
124 wait 126 125 1100
124 wait 128 125 1300
124 irecv 96 2100 200 0
124 irecv 120 2300 200 0
124 send 96 2300 4 0
124 send 120 2100 4 0
124 wait 97 125 2100
124 wait 121 125 2300
124 irecv 156 3100 200 0
124 irecv 92 3300 200 0
124 send 156 3300 12 0
124 send 92 3100 12 0
124 wait 157 125 3100
124 wait 93 125 3300
124 irecv 125 1100 200 0
124 irecv 127 1300 200 0
124 send 125 1300 1 0
124 send 127 1100 1 0
124 wait 126 125 1100
124 wait 128 125 1300
124 irecv 96 2100 200 0
124 irecv 120 2300 200 0
124 send 96 2300 4 0
124 send 120 2100 4 0
124 wait 97 125 2100
124 wait 121 125 2300
124 irecv 156 3100 200 0
124 irecv 92 3300 200 0
124 send 156 3300 12 0
124 send 92 3100 12 0
124 wait 157 125 3100
124 wait 93 125 3300
124 irecv 125 1100 200 0
124 irecv 127 1300 200 0
124 send 125 1300 4 0
124 send 127 1100 4 0
124 wait 126 125 1100
124 wait 128 125 1300
124 irecv 96 2100 200 0
124 irecv 120 2300 200 0
124 send 96 2300 12 0
124 send 120 2100 12 0
124 wait 97 125 2100
124 wait 121 125 2300
124 irecv 156 3100 200 0
124 irecv 92 3300 200 0
124 send 156 3300 24 0
124 send 92 3100 24 0
124 wait 157 125 3100
124 wait 93 125 3300
124 irecv 125 1100 200 0
124 irecv 127 1300 200 0
124 send 125 1300 4 0
124 send 127 1100 4 0
124 wait 126 125 1100
124 wait 128 125 1300
124 irecv 96 2100 200 0
124 irecv 120 2300 200 0
124 send 96 2300 12 0
124 send 120 2100 12 0
124 wait 97 125 2100
124 wait 121 125 2300
124 irecv 156 3100 200 0
124 irecv 92 3300 200 0
124 send 156 3300 24 0
124 send 92 3100 24 0
124 wait 157 125 3100
124 wait 93 125 3300
124 irecv 125 1100 200 0
124 irecv 127 1300 200 0
124 send 125 1300 16 0
124 send 127 1100 16 0
124 wait 126 125 1100
124 wait 128 125 1300
124 irecv 96 2100 200 0
124 irecv 120 2300 200 0
124 send 96 2300 40 0
124 send 120 2100 40 0
124 wait 97 125 2100
124 wait 121 125 2300
124 irecv 156 3100 200 0
124 irecv 92 3300 200 0
124 send 156 3300 60 0
124 send 92 3100 60 0
124 wait 157 125 3100
124 wait 93 125 3300
124 irecv 125 1100 200 0
124 irecv 127 1300 200 0
124 send 125 1300 16 0
124 send 127 1100 16 0
124 wait 126 125 1100
124 wait 128 125 1300
124 irecv 96 2100 200 0
124 irecv 120 2300 200 0
124 send 96 2300 40 0
124 send 120 2100 40 0
124 wait 97 125 2100
124 wait 121 125 2300
124 irecv 156 3100 200 0
124 irecv 92 3300 200 0
124 send 156 3300 60 0
124 send 92 3100 60 0
124 wait 157 125 3100
124 wait 93 125 3300
124 irecv 125 1100 200 0
124 irecv 127 1300 200 0
124 send 125 1300 16 0
124 send 127 1100 16 0
124 wait 126 125 1100
124 wait 128 125 1300
124 irecv 96 2100 200 0
124 irecv 120 2300 200 0
124 send 96 2300 40 0
124 send 120 2100 40 0
124 wait 97 125 2100
124 wait 121 125 2300
124 irecv 156 3100 200 0
124 irecv 92 3300 200 0
124 send 156 3300 60 0
124 send 92 3100 60 0
124 wait 157 125 3100
124 wait 93 125 3300
124 irecv 125 1100 200 0
124 irecv 127 1300 200 0
124 send 125 1300 4 0
124 send 127 1100 4 0
124 wait 126 125 1100
124 wait 128 125 1300
124 irecv 96 2100 200 0
124 irecv 120 2300 200 0
124 send 96 2300 12 0
124 send 120 2100 12 0
124 wait 97 125 2100
124 wait 121 125 2300
124 irecv 156 3100 200 0
124 irecv 92 3300 200 0
124 send 156 3300 24 0
124 send 92 3100 24 0
124 wait 157 125 3100
124 wait 93 125 3300
124 irecv 125 1100 200 0
124 irecv 127 1300 200 0
124 send 125 1300 1 0
124 send 127 1100 1 0
124 wait 126 125 1100
124 wait 128 125 1300
124 irecv 96 2100 200 0
124 irecv 120 2300 200 0
124 send 96 2300 4 0
124 send 120 2100 4 0
124 wait 97 125 2100
124 wait 121 125 2300
124 irecv 156 3100 200 0
124 irecv 92 3300 200 0
124 send 156 3300 12 0
124 send 92 3100 12 0
124 wait 157 125 3100
124 wait 93 125 3300
124 irecv 125 1100 200 0
124 irecv 127 1300 200 0
124 send 125 1300 1 0
124 send 127 1100 1 0
124 wait 126 125 1100
124 wait 128 125 1300
124 irecv 100 2100 200 0
124 irecv 116 2300 200 0
124 send 100 2300 3 0
124 send 116 2100 3 0
124 wait 101 125 2100
124 wait 117 125 2300
124 irecv 188 3100 200 0
124 irecv 60 3300 200 0
124 send 188 3300 9 0
124 send 60 3100 9 0
124 wait 189 125 3100
124 wait 61 125 3300
124 irecv 125 1100 200 0
124 irecv 127 1300 200 0
124 wait 126 125 1100
124 wait 128 125 1300
124 send 100 2300 18 0
124 send 116 2100 9 0
124 send 188 3300 18 0
124 send 60 3100 9 0
124 irecv 125 1100 200 0
124 irecv 127 1300 200 0
124 send 125 1300 1 0
124 send 127 1100 1 0
124 wait 126 125 1100
124 wait 128 125 1300
124 irecv 100 2100 200 0
124 irecv 116 2300 200 0
124 send 100 2300 3 0
124 send 116 2100 3 0
124 wait 101 125 2100
124 wait 117 125 2300
124 irecv 188 3100 200 0
124 irecv 60 3300 200 0
124 send 188 3300 9 0
124 send 60 3100 9 0
124 wait 189 125 3100
124 wait 61 125 3300
124 irecv 125 1100 200 0
124 irecv 127 1300 200 0
124 send 125 1300 1 0
124 send 127 1100 1 0
124 wait 126 125 1100
124 wait 128 125 1300
124 irecv 100 2100 200 0
124 irecv 116 2300 200 0
124 send 100 2300 3 0
124 send 116 2100 3 0
124 wait 101 125 2100
124 wait 117 125 2300
124 irecv 188 3100 200 0
124 irecv 60 3300 200 0
124 send 188 3300 9 0
124 send 60 3100 9 0
124 wait 189 125 3100
124 wait 61 125 3300
124 send 96 2300 24 0
124 send 120 2100 12 0
124 send 156 3300 24 0
124 send 92 3100 12 0
124 irecv 125 1100 200 0
124 irecv 127 1300 200 0
124 send 125 1300 1 0
124 send 127 1100 1 0
124 wait 126 125 1100
124 wait 128 125 1300
124 irecv 96 2100 200 0
124 irecv 120 2300 200 0
124 send 96 2300 4 0
124 send 120 2100 4 0
124 wait 97 125 2100
124 wait 121 125 2300
124 irecv 156 3100 200 0
124 irecv 92 3300 200 0
124 send 156 3300 12 0
124 send 92 3100 12 0
124 wait 157 125 3100
124 wait 93 125 3300
124 irecv 125 1100 200 0
124 irecv 127 1300 200 0
124 send 125 1300 1 0
124 send 127 1100 1 0
124 wait 126 125 1100
124 wait 128 125 1300
124 irecv 96 2100 200 0
124 irecv 120 2300 200 0
124 send 96 2300 4 0
124 send 120 2100 4 0
124 wait 97 125 2100
124 wait 121 125 2300
124 irecv 156 3100 200 0
124 irecv 92 3300 200 0
124 send 156 3300 12 0
124 send 92 3100 12 0
124 wait 157 125 3100
124 wait 93 125 3300
124 irecv 125 1100 200 0
124 irecv 127 1300 200 0
124 send 125 1300 4 0
124 send 127 1100 4 0
124 wait 126 125 1100
124 wait 128 125 1300
124 irecv 96 2100 200 0
124 irecv 120 2300 200 0
124 send 96 2300 12 0
124 send 120 2100 12 0
124 wait 97 125 2100
124 wait 121 125 2300
124 irecv 156 3100 200 0
124 irecv 92 3300 200 0
124 send 156 3300 24 0
124 send 92 3100 24 0
124 wait 157 125 3100
124 wait 93 125 3300
124 irecv 125 1100 200 0
124 irecv 127 1300 200 0
124 send 125 1300 4 0
124 send 127 1100 4 0
124 wait 126 125 1100
124 wait 128 125 1300
124 irecv 96 2100 200 0
124 irecv 120 2300 200 0
124 send 96 2300 12 0
124 send 120 2100 12 0
124 wait 97 125 2100
124 wait 121 125 2300
124 irecv 156 3100 200 0
124 irecv 92 3300 200 0
124 send 156 3300 24 0
124 send 92 3100 24 0
124 wait 157 125 3100
124 wait 93 125 3300
124 irecv 125 1100 200 0
124 irecv 127 1300 200 0
124 send 125 1300 16 0
124 send 127 1100 16 0
124 wait 126 125 1100
124 wait 128 125 1300
124 irecv 96 2100 200 0
124 irecv 120 2300 200 0
124 send 96 2300 40 0
124 send 120 2100 40 0
124 wait 97 125 2100
124 wait 121 125 2300
124 irecv 156 3100 200 0
124 irecv 92 3300 200 0
124 send 156 3300 60 0
124 send 92 3100 60 0
124 wait 157 125 3100
124 wait 93 125 3300
124 irecv 125 1100 200 0
124 irecv 127 1300 200 0
124 send 125 1300 16 0
124 send 127 1100 16 0
124 wait 126 125 1100
124 wait 128 125 1300
124 irecv 96 2100 200 0
124 irecv 120 2300 200 0
124 send 96 2300 40 0
124 send 120 2100 40 0
124 wait 97 125 2100
124 wait 121 125 2300
124 irecv 156 3100 200 0
124 irecv 92 3300 200 0
124 send 156 3300 60 0
124 send 92 3100 60 0
124 wait 157 125 3100
124 wait 93 125 3300
124 irecv 125 1100 200 0
124 irecv 127 1300 200 0
124 send 125 1300 16 0
124 send 127 1100 16 0
124 wait 126 125 1100
124 wait 128 125 1300
124 irecv 96 2100 200 0
124 irecv 120 2300 200 0
124 send 96 2300 40 0
124 send 120 2100 40 0
124 wait 97 125 2100
124 wait 121 125 2300
124 irecv 156 3100 200 0
124 irecv 92 3300 200 0
124 send 156 3300 60 0
124 send 92 3100 60 0
124 wait 157 125 3100
124 wait 93 125 3300
124 allreduce 1 0 0 
124 allreduce 1 0 0 
124 reduce 1 0 0 0 
124 finalize
