38 init
38 barrier
38 bcast 1 0 1 
38 bcast 1 0 1 
38 bcast 1 0 1 
38 bcast 1 0 1 
38 bcast 1 0 1 
38 bcast 8 0 1 
38 bcast 1 0 16 
38 barrier
38 allreduce 1 0 0 
38 allreduce 4 0 1 
38 allreduce 1 0 0 
38 allreduce 4 0 1 
38 allreduce 1 0 0 
38 allreduce 4 0 1 
38 allreduce 1 0 0 
38 allreduce 4 0 1 
38 allreduce 1 0 0 
38 allreduce 4 0 1 
38 allreduce 1 0 0 
38 allreduce 4 0 1 
38 allreduce 1 0 0 
38 allreduce 4 0 1 
38 allreduce 1 0 0 
38 allreduce 4 0 1 
38 allreduce 1 0 0 
38 allreduce 4 0 1 
38 allreduce 1 0 0 
38 allreduce 4 0 1 
38 compute 312.5
38 allreduce 1 0 0 
38 allreduce 4 0 1 
38 allreduce 1 0 0 
38 allreduce 4 0 1 
38 allreduce 1 0 0 
38 allreduce 4 0 1 
38 allreduce 1 0 0 
38 allreduce 4 0 1 
38 allreduce 1 0 0 
38 allreduce 4 0 1 
38 allreduce 1 0 0 
38 allreduce 4 0 1 
38 allreduce 1 0 0 
38 allreduce 4 0 1 
38 allreduce 1 0 0 
38 allreduce 4 0 1 
38 allreduce 1 0 0 
38 allreduce 4 0 1 
38 allreduce 1 0 0 
38 allreduce 4 0 1 
38 barrier
38 irecv 39 1100 200 0
38 irecv 37 1300 200 0
38 send 39 1300 16 0
38 send 37 1100 16 0
38 wait 40 39 1100
38 wait 38 39 1300
38 irecv 42 2100 200 0
38 irecv 34 2300 200 0
38 send 42 2300 40 0
38 send 34 2100 40 0
38 wait 43 39 2100
38 wait 35 39 2300
38 irecv 70 3100 200 0
38 irecv 6 3300 200 0
38 send 70 3300 60 0
38 send 6 3100 60 0
38 wait 71 39 3100
38 wait 7 39 3300
38 allreduce 1 0 0 
38 allreduce 1 0 0 
38 irecv 39 1100 200 0
38 irecv 37 1300 200 0
38 send 39 1300 16 0
38 send 37 1100 16 0
38 wait 40 39 1100
38 wait 38 39 1300
38 irecv 42 2100 200 0
38 irecv 34 2300 200 0
38 send 42 2300 40 0
38 send 34 2100 40 0
38 wait 43 39 2100
38 wait 35 39 2300
38 irecv 70 3100 200 0
38 irecv 6 3300 200 0
38 send 70 3300 60 0
38 send 6 3100 60 0
38 wait 71 39 3100
38 wait 7 39 3300
38 allreduce 1 0 0 
38 allreduce 1 0 0 
38 irecv 39 1100 200 0
38 irecv 37 1300 200 0
38 send 39 1300 4 0
38 send 37 1100 4 0
38 wait 40 39 1100
38 wait 38 39 1300
38 irecv 42 2100 200 0
38 irecv 34 2300 200 0
38 send 42 2300 12 0
38 send 34 2100 12 0
38 wait 43 39 2100
38 wait 35 39 2300
38 irecv 70 3100 200 0
38 irecv 6 3300 200 0
38 send 70 3300 24 0
38 send 6 3100 24 0
38 wait 71 39 3100
38 wait 7 39 3300
38 irecv 39 1100 200 0
38 irecv 37 1300 200 0
38 send 39 1300 1 0
38 send 37 1100 1 0
38 wait 40 39 1100
38 wait 38 39 1300
38 irecv 42 2100 200 0
38 irecv 34 2300 200 0
38 send 42 2300 4 0
38 send 34 2100 4 0
38 wait 43 39 2100
38 wait 35 39 2300
38 irecv 70 3100 200 0
38 irecv 6 3300 200 0
38 send 70 3300 12 0
38 send 6 3100 12 0
38 wait 71 39 3100
38 wait 7 39 3300
38 irecv 39 1100 200 0
38 irecv 37 1300 200 0
38 send 39 1300 1 0
38 send 37 1100 1 0
38 wait 40 39 1100
38 wait 38 39 1300
38 irecv 46 2100 200 0
38 irecv 62 2300 200 0
38 send 46 2300 3 0
38 send 62 2100 3 0
38 wait 47 39 2100
38 wait 63 39 2300
38 irecv 102 3100 200 0
38 irecv 230 3300 200 0
38 send 102 3300 9 0
38 send 230 3100 9 0
38 wait 103 39 3100
38 wait 231 39 3300
38 irecv 39 1100 200 0
38 irecv 37 1300 200 0
38 wait 40 39 1100
38 wait 38 39 1300
38 irecv 46 2100 200 0
38 irecv 62 2300 200 0
38 wait 47 39 2100
38 wait 63 39 2300
38 irecv 102 3100 200 0
38 irecv 230 3300 200 0
38 wait 103 39 3100
38 wait 231 39 3300
38 irecv 39 1100 200 0
38 irecv 37 1300 200 0
38 send 39 1300 1 0
38 send 37 1100 1 0
38 wait 40 39 1100
38 wait 38 39 1300
38 irecv 46 2100 200 0
38 irecv 62 2300 200 0
38 send 46 2300 3 0
38 send 62 2100 3 0
38 wait 47 39 2100
38 wait 63 39 2300
38 irecv 102 3100 200 0
38 irecv 230 3300 200 0
38 send 102 3300 9 0
38 send 230 3100 9 0
38 wait 103 39 3100
38 wait 231 39 3300
38 irecv 39 1100 200 0
38 irecv 37 1300 200 0
38 send 39 1300 1 0
38 send 37 1100 1 0
38 wait 40 39 1100
38 wait 38 39 1300
38 irecv 46 2100 200 0
38 irecv 62 2300 200 0
38 send 46 2300 3 0
38 send 62 2100 3 0
38 wait 47 39 2100
38 wait 63 39 2300
38 irecv 102 3100 200 0
38 irecv 230 3300 200 0
38 send 102 3300 9 0
38 send 230 3100 9 0
38 wait 103 39 3100
38 wait 231 39 3300
38 send 42 2300 24 0
38 send 34 2100 12 0
38 send 70 3300 24 0
38 send 6 3100 12 0
38 irecv 39 1100 200 0
38 irecv 37 1300 200 0
38 send 39 1300 1 0
38 send 37 1100 1 0
38 wait 40 39 1100
38 wait 38 39 1300
38 irecv 42 2100 200 0
38 irecv 34 2300 200 0
38 send 42 2300 4 0
38 send 34 2100 4 0
38 wait 43 39 2100
38 wait 35 39 2300
38 irecv 70 3100 200 0
38 irecv 6 3300 200 0
38 send 70 3300 12 0
38 send 6 3100 12 0
38 wait 71 39 3100
38 wait 7 39 3300
38 irecv 39 1100 200 0
38 irecv 37 1300 200 0
38 send 39 1300 1 0
38 send 37 1100 1 0
38 wait 40 39 1100
38 wait 38 39 1300
38 irecv 42 2100 200 0
38 irecv 34 2300 200 0
38 send 42 2300 4 0
38 send 34 2100 4 0
38 wait 43 39 2100
38 wait 35 39 2300
38 irecv 70 3100 200 0
38 irecv 6 3300 200 0
38 send 70 3300 12 0
38 send 6 3100 12 0
38 wait 71 39 3100
38 wait 7 39 3300
38 irecv 39 1100 200 0
38 irecv 37 1300 200 0
38 send 39 1300 4 0
38 send 37 1100 4 0
38 wait 40 39 1100
38 wait 38 39 1300
38 irecv 42 2100 200 0
38 irecv 34 2300 200 0
38 send 42 2300 12 0
38 send 34 2100 12 0
38 wait 43 39 2100
38 wait 35 39 2300
38 irecv 70 3100 200 0
38 irecv 6 3300 200 0
38 send 70 3300 24 0
38 send 6 3100 24 0
38 wait 71 39 3100
38 wait 7 39 3300
38 irecv 39 1100 200 0
38 irecv 37 1300 200 0
38 send 39 1300 4 0
38 send 37 1100 4 0
38 wait 40 39 1100
38 wait 38 39 1300
38 irecv 42 2100 200 0
38 irecv 34 2300 200 0
38 send 42 2300 12 0
38 send 34 2100 12 0
38 wait 43 39 2100
38 wait 35 39 2300
38 irecv 70 3100 200 0
38 irecv 6 3300 200 0
38 send 70 3300 24 0
38 send 6 3100 24 0
38 wait 71 39 3100
38 wait 7 39 3300
38 irecv 39 1100 200 0
38 irecv 37 1300 200 0
38 send 39 1300 16 0
38 send 37 1100 16 0
38 wait 40 39 1100
38 wait 38 39 1300
38 irecv 42 2100 200 0
38 irecv 34 2300 200 0
38 send 42 2300 40 0
38 send 34 2100 40 0
38 wait 43 39 2100
38 wait 35 39 2300
38 irecv 70 3100 200 0
38 irecv 6 3300 200 0
38 send 70 3300 60 0
38 send 6 3100 60 0
38 wait 71 39 3100
38 wait 7 39 3300
38 irecv 39 1100 200 0
38 irecv 37 1300 200 0
38 send 39 1300 16 0
38 send 37 1100 16 0
38 wait 40 39 1100
38 wait 38 39 1300
38 irecv 42 2100 200 0
38 irecv 34 2300 200 0
38 send 42 2300 40 0
38 send 34 2100 40 0
38 wait 43 39 2100
38 wait 35 39 2300
38 irecv 70 3100 200 0
38 irecv 6 3300 200 0
38 send 70 3300 60 0
38 send 6 3100 60 0
38 wait 71 39 3100
38 wait 7 39 3300
38 irecv 39 1100 200 0
38 irecv 37 1300 200 0
38 send 39 1300 16 0
38 send 37 1100 16 0
38 wait 40 39 1100
38 wait 38 39 1300
38 irecv 42 2100 200 0
38 irecv 34 2300 200 0
38 send 42 2300 40 0
38 send 34 2100 40 0
38 wait 43 39 2100
38 wait 35 39 2300
38 irecv 70 3100 200 0
38 irecv 6 3300 200 0
38 send 70 3300 60 0
38 send 6 3100 60 0
38 wait 71 39 3100
38 wait 7 39 3300
38 barrier
38 allreduce 1 0 0 
38 allreduce 4 0 1 
38 allreduce 1 0 0 
38 allreduce 4 0 1 
38 allreduce 1 0 0 
38 allreduce 4 0 1 
38 allreduce 1 0 0 
38 allreduce 4 0 1 
38 allreduce 1 0 0 
38 allreduce 4 0 1 
38 allreduce 1 0 0 
38 allreduce 4 0 1 
38 allreduce 1 0 0 
38 allreduce 4 0 1 
38 allreduce 1 0 0 
38 allreduce 4 0 1 
38 allreduce 1 0 0 
38 allreduce 4 0 1 
38 allreduce 1 0 0 
38 allreduce 4 0 1 
38 allreduce 1 0 0 
38 allreduce 4 0 1 
38 allreduce 1 0 0 
38 allreduce 4 0 1 
38 allreduce 1 0 0 
38 allreduce 4 0 1 
38 allreduce 1 0 0 
38 allreduce 4 0 1 
38 allreduce 1 0 0 
38 allreduce 4 0 1 
38 allreduce 1 0 0 
38 allreduce 4 0 1 
38 allreduce 1 0 0 
38 allreduce 4 0 1 
38 allreduce 1 0 0 
38 allreduce 4 0 1 
38 allreduce 1 0 0 
38 allreduce 4 0 1 
38 allreduce 1 0 0 
38 allreduce 4 0 1 
38 barrier
38 irecv 39 1100 200 0
38 irecv 37 1300 200 0
38 send 39 1300 16 0
38 send 37 1100 16 0
38 wait 40 39 1100
38 wait 38 39 1300
38 irecv 42 2100 200 0
38 irecv 34 2300 200 0
38 send 42 2300 40 0
38 send 34 2100 40 0
38 wait 43 39 2100
38 wait 35 39 2300
38 irecv 70 3100 200 0
38 irecv 6 3300 200 0
38 send 70 3300 60 0
38 send 6 3100 60 0
38 wait 71 39 3100
38 wait 7 39 3300
38 barrier
38 irecv 39 1100 200 0
38 irecv 37 1300 200 0
38 send 39 1300 16 0
38 send 37 1100 16 0
38 wait 40 39 1100
38 wait 38 39 1300
38 irecv 42 2100 200 0
38 irecv 34 2300 200 0
38 send 42 2300 40 0
38 send 34 2100 40 0
38 wait 43 39 2100
38 wait 35 39 2300
38 irecv 70 3100 200 0
38 irecv 6 3300 200 0
38 send 70 3300 60 0
38 send 6 3100 60 0
38 wait 71 39 3100
38 wait 7 39 3300
38 allreduce 1 0 0 
38 allreduce 1 0 0 
38 irecv 39 1100 200 0
38 irecv 37 1300 200 0
38 send 39 1300 4 0
38 send 37 1100 4 0
38 wait 40 39 1100
38 wait 38 39 1300
38 irecv 42 2100 200 0
38 irecv 34 2300 200 0
38 send 42 2300 12 0
38 send 34 2100 12 0
38 wait 43 39 2100
38 wait 35 39 2300
38 irecv 70 3100 200 0
38 irecv 6 3300 200 0
38 send 70 3300 24 0
38 send 6 3100 24 0
38 wait 71 39 3100
38 wait 7 39 3300
38 irecv 39 1100 200 0
38 irecv 37 1300 200 0
38 send 39 1300 1 0
38 send 37 1100 1 0
38 wait 40 39 1100
38 wait 38 39 1300
38 irecv 42 2100 200 0
38 irecv 34 2300 200 0
38 send 42 2300 4 0
38 send 34 2100 4 0
38 wait 43 39 2100
38 wait 35 39 2300
38 irecv 70 3100 200 0
38 irecv 6 3300 200 0
38 send 70 3300 12 0
38 send 6 3100 12 0
38 wait 71 39 3100
38 wait 7 39 3300
38 irecv 39 1100 200 0
38 irecv 37 1300 200 0
38 send 39 1300 1 0
38 send 37 1100 1 0
38 wait 40 39 1100
38 wait 38 39 1300
38 irecv 46 2100 200 0
38 irecv 62 2300 200 0
38 send 46 2300 3 0
38 send 62 2100 3 0
38 wait 47 39 2100
38 wait 63 39 2300
38 irecv 102 3100 200 0
38 irecv 230 3300 200 0
38 send 102 3300 9 0
38 send 230 3100 9 0
38 wait 103 39 3100
38 wait 231 39 3300
38 irecv 39 1100 200 0
38 irecv 37 1300 200 0
38 wait 40 39 1100
38 wait 38 39 1300
38 irecv 46 2100 200 0
38 irecv 62 2300 200 0
38 wait 47 39 2100
38 wait 63 39 2300
38 irecv 102 3100 200 0
38 irecv 230 3300 200 0
38 wait 103 39 3100
38 wait 231 39 3300
38 irecv 39 1100 200 0
38 irecv 37 1300 200 0
38 send 39 1300 1 0
38 send 37 1100 1 0
38 wait 40 39 1100
38 wait 38 39 1300
38 irecv 46 2100 200 0
38 irecv 62 2300 200 0
38 send 46 2300 3 0
38 send 62 2100 3 0
38 wait 47 39 2100
38 wait 63 39 2300
38 irecv 102 3100 200 0
38 irecv 230 3300 200 0
38 send 102 3300 9 0
38 send 230 3100 9 0
38 wait 103 39 3100
38 wait 231 39 3300
38 irecv 39 1100 200 0
38 irecv 37 1300 200 0
38 send 39 1300 1 0
38 send 37 1100 1 0
38 wait 40 39 1100
38 wait 38 39 1300
38 irecv 46 2100 200 0
38 irecv 62 2300 200 0
38 send 46 2300 3 0
38 send 62 2100 3 0
38 wait 47 39 2100
38 wait 63 39 2300
38 irecv 102 3100 200 0
38 irecv 230 3300 200 0
38 send 102 3300 9 0
38 send 230 3100 9 0
38 wait 103 39 3100
38 wait 231 39 3300
38 send 42 2300 24 0
38 send 34 2100 12 0
38 send 70 3300 24 0
38 send 6 3100 12 0
38 irecv 39 1100 200 0
38 irecv 37 1300 200 0
38 send 39 1300 1 0
38 send 37 1100 1 0
38 wait 40 39 1100
38 wait 38 39 1300
38 irecv 42 2100 200 0
38 irecv 34 2300 200 0
38 send 42 2300 4 0
38 send 34 2100 4 0
38 wait 43 39 2100
38 wait 35 39 2300
38 irecv 70 3100 200 0
38 irecv 6 3300 200 0
38 send 70 3300 12 0
38 send 6 3100 12 0
38 wait 71 39 3100
38 wait 7 39 3300
38 irecv 39 1100 200 0
38 irecv 37 1300 200 0
38 send 39 1300 1 0
38 send 37 1100 1 0
38 wait 40 39 1100
38 wait 38 39 1300
38 irecv 42 2100 200 0
38 irecv 34 2300 200 0
38 send 42 2300 4 0
38 send 34 2100 4 0
38 wait 43 39 2100
38 wait 35 39 2300
38 irecv 70 3100 200 0
38 irecv 6 3300 200 0
38 send 70 3300 12 0
38 send 6 3100 12 0
38 wait 71 39 3100
38 wait 7 39 3300
38 irecv 39 1100 200 0
38 irecv 37 1300 200 0
38 send 39 1300 4 0
38 send 37 1100 4 0
38 wait 40 39 1100
38 wait 38 39 1300
38 irecv 42 2100 200 0
38 irecv 34 2300 200 0
38 send 42 2300 12 0
38 send 34 2100 12 0
38 wait 43 39 2100
38 wait 35 39 2300
38 irecv 70 3100 200 0
38 irecv 6 3300 200 0
38 send 70 3300 24 0
38 send 6 3100 24 0
38 wait 71 39 3100
38 wait 7 39 3300
38 irecv 39 1100 200 0
38 irecv 37 1300 200 0
38 send 39 1300 4 0
38 send 37 1100 4 0
38 wait 40 39 1100
38 wait 38 39 1300
38 irecv 42 2100 200 0
38 irecv 34 2300 200 0
38 send 42 2300 12 0
38 send 34 2100 12 0
38 wait 43 39 2100
38 wait 35 39 2300
38 irecv 70 3100 200 0
38 irecv 6 3300 200 0
38 send 70 3300 24 0
38 send 6 3100 24 0
38 wait 71 39 3100
38 wait 7 39 3300
38 irecv 39 1100 200 0
38 irecv 37 1300 200 0
38 send 39 1300 16 0
38 send 37 1100 16 0
38 wait 40 39 1100
38 wait 38 39 1300
38 irecv 42 2100 200 0
38 irecv 34 2300 200 0
38 send 42 2300 40 0
38 send 34 2100 40 0
38 wait 43 39 2100
38 wait 35 39 2300
38 irecv 70 3100 200 0
38 irecv 6 3300 200 0
38 send 70 3300 60 0
38 send 6 3100 60 0
38 wait 71 39 3100
38 wait 7 39 3300
38 irecv 39 1100 200 0
38 irecv 37 1300 200 0
38 send 39 1300 16 0
38 send 37 1100 16 0
38 wait 40 39 1100
38 wait 38 39 1300
38 irecv 42 2100 200 0
38 irecv 34 2300 200 0
38 send 42 2300 40 0
38 send 34 2100 40 0
38 wait 43 39 2100
38 wait 35 39 2300
38 irecv 70 3100 200 0
38 irecv 6 3300 200 0
38 send 70 3300 60 0
38 send 6 3100 60 0
38 wait 71 39 3100
38 wait 7 39 3300
38 irecv 39 1100 200 0
38 irecv 37 1300 200 0
38 send 39 1300 16 0
38 send 37 1100 16 0
38 wait 40 39 1100
38 wait 38 39 1300
38 irecv 42 2100 200 0
38 irecv 34 2300 200 0
38 send 42 2300 40 0
38 send 34 2100 40 0
38 wait 43 39 2100
38 wait 35 39 2300
38 irecv 70 3100 200 0
38 irecv 6 3300 200 0
38 send 70 3300 60 0
38 send 6 3100 60 0
38 wait 71 39 3100
38 wait 7 39 3300
38 irecv 39 1100 200 0
38 irecv 37 1300 200 0
38 send 39 1300 4 0
38 send 37 1100 4 0
38 wait 40 39 1100
38 wait 38 39 1300
38 irecv 42 2100 200 0
38 irecv 34 2300 200 0
38 send 42 2300 12 0
38 send 34 2100 12 0
38 wait 43 39 2100
38 wait 35 39 2300
38 irecv 70 3100 200 0
38 irecv 6 3300 200 0
38 send 70 3300 24 0
38 send 6 3100 24 0
38 wait 71 39 3100
38 wait 7 39 3300
38 irecv 39 1100 200 0
38 irecv 37 1300 200 0
38 send 39 1300 1 0
38 send 37 1100 1 0
38 wait 40 39 1100
38 wait 38 39 1300
38 irecv 42 2100 200 0
38 irecv 34 2300 200 0
38 send 42 2300 4 0
38 send 34 2100 4 0
38 wait 43 39 2100
38 wait 35 39 2300
38 irecv 70 3100 200 0
38 irecv 6 3300 200 0
38 send 70 3300 12 0
38 send 6 3100 12 0
38 wait 71 39 3100
38 wait 7 39 3300
38 irecv 39 1100 200 0
38 irecv 37 1300 200 0
38 send 39 1300 1 0
38 send 37 1100 1 0
38 wait 40 39 1100
38 wait 38 39 1300
38 irecv 46 2100 200 0
38 irecv 62 2300 200 0
38 send 46 2300 3 0
38 send 62 2100 3 0
38 wait 47 39 2100
38 wait 63 39 2300
38 irecv 102 3100 200 0
38 irecv 230 3300 200 0
38 send 102 3300 9 0
38 send 230 3100 9 0
38 wait 103 39 3100
38 wait 231 39 3300
38 irecv 39 1100 200 0
38 irecv 37 1300 200 0
38 wait 40 39 1100
38 wait 38 39 1300
38 irecv 46 2100 200 0
38 irecv 62 2300 200 0
38 wait 47 39 2100
38 wait 63 39 2300
38 irecv 102 3100 200 0
38 irecv 230 3300 200 0
38 wait 103 39 3100
38 wait 231 39 3300
38 irecv 39 1100 200 0
38 irecv 37 1300 200 0
38 send 39 1300 1 0
38 send 37 1100 1 0
38 wait 40 39 1100
38 wait 38 39 1300
38 irecv 46 2100 200 0
38 irecv 62 2300 200 0
38 send 46 2300 3 0
38 send 62 2100 3 0
38 wait 47 39 2100
38 wait 63 39 2300
38 irecv 102 3100 200 0
38 irecv 230 3300 200 0
38 send 102 3300 9 0
38 send 230 3100 9 0
38 wait 103 39 3100
38 wait 231 39 3300
38 irecv 39 1100 200 0
38 irecv 37 1300 200 0
38 send 39 1300 1 0
38 send 37 1100 1 0
38 wait 40 39 1100
38 wait 38 39 1300
38 irecv 46 2100 200 0
38 irecv 62 2300 200 0
38 send 46 2300 3 0
38 send 62 2100 3 0
38 wait 47 39 2100
38 wait 63 39 2300
38 irecv 102 3100 200 0
38 irecv 230 3300 200 0
38 send 102 3300 9 0
38 send 230 3100 9 0
38 wait 103 39 3100
38 wait 231 39 3300
38 send 42 2300 24 0
38 send 34 2100 12 0
38 send 70 3300 24 0
38 send 6 3100 12 0
38 irecv 39 1100 200 0
38 irecv 37 1300 200 0
38 send 39 1300 1 0
38 send 37 1100 1 0
38 wait 40 39 1100
38 wait 38 39 1300
38 irecv 42 2100 200 0
38 irecv 34 2300 200 0
38 send 42 2300 4 0
38 send 34 2100 4 0
38 wait 43 39 2100
38 wait 35 39 2300
38 irecv 70 3100 200 0
38 irecv 6 3300 200 0
38 send 70 3300 12 0
38 send 6 3100 12 0
38 wait 71 39 3100
38 wait 7 39 3300
38 irecv 39 1100 200 0
38 irecv 37 1300 200 0
38 send 39 1300 1 0
38 send 37 1100 1 0
38 wait 40 39 1100
38 wait 38 39 1300
38 irecv 42 2100 200 0
38 irecv 34 2300 200 0
38 send 42 2300 4 0
38 send 34 2100 4 0
38 wait 43 39 2100
38 wait 35 39 2300
38 irecv 70 3100 200 0
38 irecv 6 3300 200 0
38 send 70 3300 12 0
38 send 6 3100 12 0
38 wait 71 39 3100
38 wait 7 39 3300
38 irecv 39 1100 200 0
38 irecv 37 1300 200 0
38 send 39 1300 4 0
38 send 37 1100 4 0
38 wait 40 39 1100
38 wait 38 39 1300
38 irecv 42 2100 200 0
38 irecv 34 2300 200 0
38 send 42 2300 12 0
38 send 34 2100 12 0
38 wait 43 39 2100
38 wait 35 39 2300
38 irecv 70 3100 200 0
38 irecv 6 3300 200 0
38 send 70 3300 24 0
38 send 6 3100 24 0
38 wait 71 39 3100
38 wait 7 39 3300
38 irecv 39 1100 200 0
38 irecv 37 1300 200 0
38 send 39 1300 4 0
38 send 37 1100 4 0
38 wait 40 39 1100
38 wait 38 39 1300
38 irecv 42 2100 200 0
38 irecv 34 2300 200 0
38 send 42 2300 12 0
38 send 34 2100 12 0
38 wait 43 39 2100
38 wait 35 39 2300
38 irecv 70 3100 200 0
38 irecv 6 3300 200 0
38 send 70 3300 24 0
38 send 6 3100 24 0
38 wait 71 39 3100
38 wait 7 39 3300
38 irecv 39 1100 200 0
38 irecv 37 1300 200 0
38 send 39 1300 16 0
38 send 37 1100 16 0
38 wait 40 39 1100
38 wait 38 39 1300
38 irecv 42 2100 200 0
38 irecv 34 2300 200 0
38 send 42 2300 40 0
38 send 34 2100 40 0
38 wait 43 39 2100
38 wait 35 39 2300
38 irecv 70 3100 200 0
38 irecv 6 3300 200 0
38 send 70 3300 60 0
38 send 6 3100 60 0
38 wait 71 39 3100
38 wait 7 39 3300
38 irecv 39 1100 200 0
38 irecv 37 1300 200 0
38 send 39 1300 16 0
38 send 37 1100 16 0
38 wait 40 39 1100
38 wait 38 39 1300
38 irecv 42 2100 200 0
38 irecv 34 2300 200 0
38 send 42 2300 40 0
38 send 34 2100 40 0
38 wait 43 39 2100
38 wait 35 39 2300
38 irecv 70 3100 200 0
38 irecv 6 3300 200 0
38 send 70 3300 60 0
38 send 6 3100 60 0
38 wait 71 39 3100
38 wait 7 39 3300
38 irecv 39 1100 200 0
38 irecv 37 1300 200 0
38 send 39 1300 16 0
38 send 37 1100 16 0
38 wait 40 39 1100
38 wait 38 39 1300
38 irecv 42 2100 200 0
38 irecv 34 2300 200 0
38 send 42 2300 40 0
38 send 34 2100 40 0
38 wait 43 39 2100
38 wait 35 39 2300
38 irecv 70 3100 200 0
38 irecv 6 3300 200 0
38 send 70 3300 60 0
38 send 6 3100 60 0
38 wait 71 39 3100
38 wait 7 39 3300
38 irecv 39 1100 200 0
38 irecv 37 1300 200 0
38 send 39 1300 4 0
38 send 37 1100 4 0
38 wait 40 39 1100
38 wait 38 39 1300
38 irecv 42 2100 200 0
38 irecv 34 2300 200 0
38 send 42 2300 12 0
38 send 34 2100 12 0
38 wait 43 39 2100
38 wait 35 39 2300
38 irecv 70 3100 200 0
38 irecv 6 3300 200 0
38 send 70 3300 24 0
38 send 6 3100 24 0
38 wait 71 39 3100
38 wait 7 39 3300
38 irecv 39 1100 200 0
38 irecv 37 1300 200 0
38 send 39 1300 1 0
38 send 37 1100 1 0
38 wait 40 39 1100
38 wait 38 39 1300
38 irecv 42 2100 200 0
38 irecv 34 2300 200 0
38 send 42 2300 4 0
38 send 34 2100 4 0
38 wait 43 39 2100
38 wait 35 39 2300
38 irecv 70 3100 200 0
38 irecv 6 3300 200 0
38 send 70 3300 12 0
38 send 6 3100 12 0
38 wait 71 39 3100
38 wait 7 39 3300
38 irecv 39 1100 200 0
38 irecv 37 1300 200 0
38 send 39 1300 1 0
38 send 37 1100 1 0
38 wait 40 39 1100
38 wait 38 39 1300
38 irecv 46 2100 200 0
38 irecv 62 2300 200 0
38 send 46 2300 3 0
38 send 62 2100 3 0
38 wait 47 39 2100
38 wait 63 39 2300
38 irecv 102 3100 200 0
38 irecv 230 3300 200 0
38 send 102 3300 9 0
38 send 230 3100 9 0
38 wait 103 39 3100
38 wait 231 39 3300
38 irecv 39 1100 200 0
38 irecv 37 1300 200 0
38 wait 40 39 1100
38 wait 38 39 1300
38 irecv 46 2100 200 0
38 irecv 62 2300 200 0
38 wait 47 39 2100
38 wait 63 39 2300
38 irecv 102 3100 200 0
38 irecv 230 3300 200 0
38 wait 103 39 3100
38 wait 231 39 3300
38 irecv 39 1100 200 0
38 irecv 37 1300 200 0
38 send 39 1300 1 0
38 send 37 1100 1 0
38 wait 40 39 1100
38 wait 38 39 1300
38 irecv 46 2100 200 0
38 irecv 62 2300 200 0
38 send 46 2300 3 0
38 send 62 2100 3 0
38 wait 47 39 2100
38 wait 63 39 2300
38 irecv 102 3100 200 0
38 irecv 230 3300 200 0
38 send 102 3300 9 0
38 send 230 3100 9 0
38 wait 103 39 3100
38 wait 231 39 3300
38 irecv 39 1100 200 0
38 irecv 37 1300 200 0
38 send 39 1300 1 0
38 send 37 1100 1 0
38 wait 40 39 1100
38 wait 38 39 1300
38 irecv 46 2100 200 0
38 irecv 62 2300 200 0
38 send 46 2300 3 0
38 send 62 2100 3 0
38 wait 47 39 2100
38 wait 63 39 2300
38 irecv 102 3100 200 0
38 irecv 230 3300 200 0
38 send 102 3300 9 0
38 send 230 3100 9 0
38 wait 103 39 3100
38 wait 231 39 3300
38 send 42 2300 24 0
38 send 34 2100 12 0
38 send 70 3300 24 0
38 send 6 3100 12 0
38 irecv 39 1100 200 0
38 irecv 37 1300 200 0
38 send 39 1300 1 0
38 send 37 1100 1 0
38 wait 40 39 1100
38 wait 38 39 1300
38 irecv 42 2100 200 0
38 irecv 34 2300 200 0
38 send 42 2300 4 0
38 send 34 2100 4 0
38 wait 43 39 2100
38 wait 35 39 2300
38 irecv 70 3100 200 0
38 irecv 6 3300 200 0
38 send 70 3300 12 0
38 send 6 3100 12 0
38 wait 71 39 3100
38 wait 7 39 3300
38 irecv 39 1100 200 0
38 irecv 37 1300 200 0
38 send 39 1300 1 0
38 send 37 1100 1 0
38 wait 40 39 1100
38 wait 38 39 1300
38 irecv 42 2100 200 0
38 irecv 34 2300 200 0
38 send 42 2300 4 0
38 send 34 2100 4 0
38 wait 43 39 2100
38 wait 35 39 2300
38 irecv 70 3100 200 0
38 irecv 6 3300 200 0
38 send 70 3300 12 0
38 send 6 3100 12 0
38 wait 71 39 3100
38 wait 7 39 3300
38 irecv 39 1100 200 0
38 irecv 37 1300 200 0
38 send 39 1300 4 0
38 send 37 1100 4 0
38 wait 40 39 1100
38 wait 38 39 1300
38 irecv 42 2100 200 0
38 irecv 34 2300 200 0
38 send 42 2300 12 0
38 send 34 2100 12 0
38 wait 43 39 2100
38 wait 35 39 2300
38 irecv 70 3100 200 0
38 irecv 6 3300 200 0
38 send 70 3300 24 0
38 send 6 3100 24 0
38 wait 71 39 3100
38 wait 7 39 3300
38 irecv 39 1100 200 0
38 irecv 37 1300 200 0
38 send 39 1300 4 0
38 send 37 1100 4 0
38 wait 40 39 1100
38 wait 38 39 1300
38 irecv 42 2100 200 0
38 irecv 34 2300 200 0
38 send 42 2300 12 0
38 send 34 2100 12 0
38 wait 43 39 2100
38 wait 35 39 2300
38 irecv 70 3100 200 0
38 irecv 6 3300 200 0
38 send 70 3300 24 0
38 send 6 3100 24 0
38 wait 71 39 3100
38 wait 7 39 3300
38 irecv 39 1100 200 0
38 irecv 37 1300 200 0
38 send 39 1300 16 0
38 send 37 1100 16 0
38 wait 40 39 1100
38 wait 38 39 1300
38 irecv 42 2100 200 0
38 irecv 34 2300 200 0
38 send 42 2300 40 0
38 send 34 2100 40 0
38 wait 43 39 2100
38 wait 35 39 2300
38 irecv 70 3100 200 0
38 irecv 6 3300 200 0
38 send 70 3300 60 0
38 send 6 3100 60 0
38 wait 71 39 3100
38 wait 7 39 3300
38 irecv 39 1100 200 0
38 irecv 37 1300 200 0
38 send 39 1300 16 0
38 send 37 1100 16 0
38 wait 40 39 1100
38 wait 38 39 1300
38 irecv 42 2100 200 0
38 irecv 34 2300 200 0
38 send 42 2300 40 0
38 send 34 2100 40 0
38 wait 43 39 2100
38 wait 35 39 2300
38 irecv 70 3100 200 0
38 irecv 6 3300 200 0
38 send 70 3300 60 0
38 send 6 3100 60 0
38 wait 71 39 3100
38 wait 7 39 3300
38 irecv 39 1100 200 0
38 irecv 37 1300 200 0
38 send 39 1300 16 0
38 send 37 1100 16 0
38 wait 40 39 1100
38 wait 38 39 1300
38 irecv 42 2100 200 0
38 irecv 34 2300 200 0
38 send 42 2300 40 0
38 send 34 2100 40 0
38 wait 43 39 2100
38 wait 35 39 2300
38 irecv 70 3100 200 0
38 irecv 6 3300 200 0
38 send 70 3300 60 0
38 send 6 3100 60 0
38 wait 71 39 3100
38 wait 7 39 3300
38 irecv 39 1100 200 0
38 irecv 37 1300 200 0
38 send 39 1300 4 0
38 send 37 1100 4 0
38 wait 40 39 1100
38 wait 38 39 1300
38 irecv 42 2100 200 0
38 irecv 34 2300 200 0
38 send 42 2300 12 0
38 send 34 2100 12 0
38 wait 43 39 2100
38 wait 35 39 2300
38 irecv 70 3100 200 0
38 irecv 6 3300 200 0
38 send 70 3300 24 0
38 send 6 3100 24 0
38 wait 71 39 3100
38 wait 7 39 3300
38 irecv 39 1100 200 0
38 irecv 37 1300 200 0
38 send 39 1300 1 0
38 send 37 1100 1 0
38 wait 40 39 1100
38 wait 38 39 1300
38 irecv 42 2100 200 0
38 irecv 34 2300 200 0
38 send 42 2300 4 0
38 send 34 2100 4 0
38 wait 43 39 2100
38 wait 35 39 2300
38 irecv 70 3100 200 0
38 irecv 6 3300 200 0
38 send 70 3300 12 0
38 send 6 3100 12 0
38 wait 71 39 3100
38 wait 7 39 3300
38 irecv 39 1100 200 0
38 irecv 37 1300 200 0
38 send 39 1300 1 0
38 send 37 1100 1 0
38 wait 40 39 1100
38 wait 38 39 1300
38 irecv 46 2100 200 0
38 irecv 62 2300 200 0
38 send 46 2300 3 0
38 send 62 2100 3 0
38 wait 47 39 2100
38 wait 63 39 2300
38 irecv 102 3100 200 0
38 irecv 230 3300 200 0
38 send 102 3300 9 0
38 send 230 3100 9 0
38 wait 103 39 3100
38 wait 231 39 3300
38 irecv 39 1100 200 0
38 irecv 37 1300 200 0
38 wait 40 39 1100
38 wait 38 39 1300
38 irecv 46 2100 200 0
38 irecv 62 2300 200 0
38 wait 47 39 2100
38 wait 63 39 2300
38 irecv 102 3100 200 0
38 irecv 230 3300 200 0
38 wait 103 39 3100
38 wait 231 39 3300
38 irecv 39 1100 200 0
38 irecv 37 1300 200 0
38 send 39 1300 1 0
38 send 37 1100 1 0
38 wait 40 39 1100
38 wait 38 39 1300
38 irecv 46 2100 200 0
38 irecv 62 2300 200 0
38 send 46 2300 3 0
38 send 62 2100 3 0
38 wait 47 39 2100
38 wait 63 39 2300
38 irecv 102 3100 200 0
38 irecv 230 3300 200 0
38 send 102 3300 9 0
38 send 230 3100 9 0
38 wait 103 39 3100
38 wait 231 39 3300
38 irecv 39 1100 200 0
38 irecv 37 1300 200 0
38 send 39 1300 1 0
38 send 37 1100 1 0
38 wait 40 39 1100
38 wait 38 39 1300
38 irecv 46 2100 200 0
38 irecv 62 2300 200 0
38 send 46 2300 3 0
38 send 62 2100 3 0
38 wait 47 39 2100
38 wait 63 39 2300
38 irecv 102 3100 200 0
38 irecv 230 3300 200 0
38 send 102 3300 9 0
38 send 230 3100 9 0
38 wait 103 39 3100
38 wait 231 39 3300
38 send 42 2300 24 0
38 send 34 2100 12 0
38 send 70 3300 24 0
38 send 6 3100 12 0
38 irecv 39 1100 200 0
38 irecv 37 1300 200 0
38 send 39 1300 1 0
38 send 37 1100 1 0
38 wait 40 39 1100
38 wait 38 39 1300
38 irecv 42 2100 200 0
38 irecv 34 2300 200 0
38 send 42 2300 4 0
38 send 34 2100 4 0
38 wait 43 39 2100
38 wait 35 39 2300
38 irecv 70 3100 200 0
38 irecv 6 3300 200 0
38 send 70 3300 12 0
38 send 6 3100 12 0
38 wait 71 39 3100
38 wait 7 39 3300
38 irecv 39 1100 200 0
38 irecv 37 1300 200 0
38 send 39 1300 1 0
38 send 37 1100 1 0
38 wait 40 39 1100
38 wait 38 39 1300
38 irecv 42 2100 200 0
38 irecv 34 2300 200 0
38 send 42 2300 4 0
38 send 34 2100 4 0
38 wait 43 39 2100
38 wait 35 39 2300
38 irecv 70 3100 200 0
38 irecv 6 3300 200 0
38 send 70 3300 12 0
38 send 6 3100 12 0
38 wait 71 39 3100
38 wait 7 39 3300
38 irecv 39 1100 200 0
38 irecv 37 1300 200 0
38 send 39 1300 4 0
38 send 37 1100 4 0
38 wait 40 39 1100
38 wait 38 39 1300
38 irecv 42 2100 200 0
38 irecv 34 2300 200 0
38 send 42 2300 12 0
38 send 34 2100 12 0
38 wait 43 39 2100
38 wait 35 39 2300
38 irecv 70 3100 200 0
38 irecv 6 3300 200 0
38 send 70 3300 24 0
38 send 6 3100 24 0
38 wait 71 39 3100
38 wait 7 39 3300
38 irecv 39 1100 200 0
38 irecv 37 1300 200 0
38 send 39 1300 4 0
38 send 37 1100 4 0
38 wait 40 39 1100
38 wait 38 39 1300
38 irecv 42 2100 200 0
38 irecv 34 2300 200 0
38 send 42 2300 12 0
38 send 34 2100 12 0
38 wait 43 39 2100
38 wait 35 39 2300
38 irecv 70 3100 200 0
38 irecv 6 3300 200 0
38 send 70 3300 24 0
38 send 6 3100 24 0
38 wait 71 39 3100
38 wait 7 39 3300
38 irecv 39 1100 200 0
38 irecv 37 1300 200 0
38 send 39 1300 16 0
38 send 37 1100 16 0
38 wait 40 39 1100
38 wait 38 39 1300
38 irecv 42 2100 200 0
38 irecv 34 2300 200 0
38 send 42 2300 40 0
38 send 34 2100 40 0
38 wait 43 39 2100
38 wait 35 39 2300
38 irecv 70 3100 200 0
38 irecv 6 3300 200 0
38 send 70 3300 60 0
38 send 6 3100 60 0
38 wait 71 39 3100
38 wait 7 39 3300
38 irecv 39 1100 200 0
38 irecv 37 1300 200 0
38 send 39 1300 16 0
38 send 37 1100 16 0
38 wait 40 39 1100
38 wait 38 39 1300
38 irecv 42 2100 200 0
38 irecv 34 2300 200 0
38 send 42 2300 40 0
38 send 34 2100 40 0
38 wait 43 39 2100
38 wait 35 39 2300
38 irecv 70 3100 200 0
38 irecv 6 3300 200 0
38 send 70 3300 60 0
38 send 6 3100 60 0
38 wait 71 39 3100
38 wait 7 39 3300
38 irecv 39 1100 200 0
38 irecv 37 1300 200 0
38 send 39 1300 16 0
38 send 37 1100 16 0
38 wait 40 39 1100
38 wait 38 39 1300
38 irecv 42 2100 200 0
38 irecv 34 2300 200 0
38 send 42 2300 40 0
38 send 34 2100 40 0
38 wait 43 39 2100
38 wait 35 39 2300
38 irecv 70 3100 200 0
38 irecv 6 3300 200 0
38 send 70 3300 60 0
38 send 6 3100 60 0
38 wait 71 39 3100
38 wait 7 39 3300
38 allreduce 1 0 0 
38 allreduce 1 0 0 
38 reduce 1 0 0 0 
38 finalize
