63 init
63 barrier
63 bcast 1 0 1 
63 bcast 1 0 1 
63 bcast 1 0 1 
63 bcast 1 0 1 
63 bcast 1 0 1 
63 bcast 8 0 1 
63 bcast 1 0 16 
63 barrier
63 allreduce 1 0 0 
63 allreduce 4 0 1 
63 allreduce 1 0 0 
63 allreduce 4 0 1 
63 allreduce 1 0 0 
63 allreduce 4 0 1 
63 allreduce 1 0 0 
63 allreduce 4 0 1 
63 allreduce 1 0 0 
63 allreduce 4 0 1 
63 allreduce 1 0 0 
63 allreduce 4 0 1 
63 allreduce 1 0 0 
63 allreduce 4 0 1 
63 allreduce 1 0 0 
63 allreduce 4 0 1 
63 allreduce 1 0 0 
63 allreduce 4 0 1 
63 allreduce 1 0 0 
63 allreduce 4 0 1 
63 allreduce 1 0 0 
63 allreduce 4 0 1 
63 allreduce 1 0 0 
63 allreduce 4 0 1 
63 allreduce 1 0 0 
63 allreduce 4 0 1 
63 allreduce 1 0 0 
63 allreduce 4 0 1 
63 allreduce 1 0 0 
63 allreduce 4 0 1 
63 allreduce 1 0 0 
63 allreduce 4 0 1 
63 allreduce 1 0 0 
63 allreduce 4 0 1 
63 allreduce 1 0 0 
63 allreduce 4 0 1 
63 allreduce 1 0 0 
63 allreduce 4 0 1 
63 allreduce 1 0 0 
63 allreduce 4 0 1 
63 barrier
63 irecv 60 1100 200 0
63 irecv 62 1300 200 0
63 send 60 1300 16 0
63 send 62 1100 16 0
63 wait 61 64 1100
63 wait 63 64 1300
63 irecv 35 2100 200 0
63 irecv 59 2300 200 0
63 send 35 2300 40 0
63 send 59 2100 40 0
63 wait 36 64 2100
63 wait 60 64 2300
63 irecv 95 3100 200 0
63 irecv 31 3300 200 0
63 send 95 3300 60 0
63 send 31 3100 60 0
63 wait 96 64 3100
63 wait 32 64 3300
63 allreduce 1 0 0 
63 allreduce 1 0 0 
63 irecv 60 1100 200 0
63 irecv 62 1300 200 0
63 send 60 1300 16 0
63 send 62 1100 16 0
63 wait 61 64 1100
63 wait 63 64 1300
63 irecv 35 2100 200 0
63 irecv 59 2300 200 0
63 send 35 2300 40 0
63 send 59 2100 40 0
63 wait 36 64 2100
63 wait 60 64 2300
63 irecv 95 3100 200 0
63 irecv 31 3300 200 0
63 send 95 3300 60 0
63 send 31 3100 60 0
63 wait 96 64 3100
63 wait 32 64 3300
63 allreduce 1 0 0 
63 allreduce 1 0 0 
63 irecv 60 1100 200 0
63 irecv 62 1300 200 0
63 send 60 1300 4 0
63 send 62 1100 4 0
63 wait 61 64 1100
63 wait 63 64 1300
63 irecv 35 2100 200 0
63 irecv 59 2300 200 0
63 send 35 2300 12 0
63 send 59 2100 12 0
63 wait 36 64 2100
63 wait 60 64 2300
63 irecv 95 3100 200 0
63 irecv 31 3300 200 0
63 send 95 3300 24 0
63 send 31 3100 24 0
63 wait 96 64 3100
63 wait 32 64 3300
63 irecv 60 1100 200 0
63 irecv 62 1300 200 0
63 send 60 1300 1 0
63 send 62 1100 1 0
63 wait 61 64 1100
63 wait 63 64 1300
63 irecv 35 2100 200 0
63 irecv 59 2300 200 0
63 send 35 2300 4 0
63 send 59 2100 4 0
63 wait 36 64 2100
63 wait 60 64 2300
63 irecv 95 3100 200 0
63 irecv 31 3300 200 0
63 send 95 3300 12 0
63 send 31 3100 12 0
63 wait 96 64 3100
63 wait 32 64 3300
63 irecv 60 1100 200 0
63 irecv 62 1300 200 0
63 send 60 1300 1 0
63 send 62 1100 1 0
63 wait 61 64 1100
63 wait 63 64 1300
63 irecv 39 2100 200 0
63 irecv 55 2300 200 0
63 send 39 2300 3 0
63 send 55 2100 3 0
63 wait 40 64 2100
63 wait 56 64 2300
63 irecv 127 3100 200 0
63 irecv 255 3300 200 0
63 send 127 3300 9 0
63 send 255 3100 9 0
63 wait 128 64 3100
63 wait 256 64 3300
63 send 60 1300 18 0
63 send 62 1100 9 0
63 send 39 2300 18 0
63 send 55 2100 9 0
63 irecv 127 3100 200 0
63 irecv 255 3300 200 0
63 wait 128 64 3100
63 wait 256 64 3300
63 irecv 60 1100 200 0
63 irecv 62 1300 200 0
63 send 60 1300 1 0
63 send 62 1100 1 0
63 wait 61 64 1100
63 wait 63 64 1300
63 irecv 39 2100 200 0
63 irecv 55 2300 200 0
63 send 39 2300 3 0
63 send 55 2100 3 0
63 wait 40 64 2100
63 wait 56 64 2300
63 irecv 127 3100 200 0
63 irecv 255 3300 200 0
63 send 127 3300 9 0
63 send 255 3100 9 0
63 wait 128 64 3100
63 wait 256 64 3300
63 irecv 60 1100 200 0
63 irecv 62 1300 200 0
63 send 60 1300 1 0
63 send 62 1100 1 0
63 wait 61 64 1100
63 wait 63 64 1300
63 irecv 39 2100 200 0
63 irecv 55 2300 200 0
63 send 39 2300 3 0
63 send 55 2100 3 0
63 wait 40 64 2100
63 wait 56 64 2300
63 irecv 127 3100 200 0
63 irecv 255 3300 200 0
63 send 127 3300 9 0
63 send 255 3100 9 0
63 wait 128 64 3100
63 wait 256 64 3300
63 send 35 2300 24 0
63 send 59 2100 12 0
63 send 95 3300 24 0
63 send 31 3100 12 0
63 irecv 60 1100 200 0
63 irecv 62 1300 200 0
63 send 60 1300 1 0
63 send 62 1100 1 0
63 wait 61 64 1100
63 wait 63 64 1300
63 irecv 35 2100 200 0
63 irecv 59 2300 200 0
63 send 35 2300 4 0
63 send 59 2100 4 0
63 wait 36 64 2100
63 wait 60 64 2300
63 irecv 95 3100 200 0
63 irecv 31 3300 200 0
63 send 95 3300 12 0
63 send 31 3100 12 0
63 wait 96 64 3100
63 wait 32 64 3300
63 irecv 60 1100 200 0
63 irecv 62 1300 200 0
63 send 60 1300 1 0
63 send 62 1100 1 0
63 wait 61 64 1100
63 wait 63 64 1300
63 irecv 35 2100 200 0
63 irecv 59 2300 200 0
63 send 35 2300 4 0
63 send 59 2100 4 0
63 wait 36 64 2100
63 wait 60 64 2300
63 irecv 95 3100 200 0
63 irecv 31 3300 200 0
63 send 95 3300 12 0
63 send 31 3100 12 0
63 wait 96 64 3100
63 wait 32 64 3300
63 irecv 60 1100 200 0
63 irecv 62 1300 200 0
63 send 60 1300 4 0
63 send 62 1100 4 0
63 wait 61 64 1100
63 wait 63 64 1300
63 irecv 35 2100 200 0
63 irecv 59 2300 200 0
63 send 35 2300 12 0
63 send 59 2100 12 0
63 wait 36 64 2100
63 wait 60 64 2300
63 irecv 95 3100 200 0
63 irecv 31 3300 200 0
63 send 95 3300 24 0
63 send 31 3100 24 0
63 wait 96 64 3100
63 wait 32 64 3300
63 irecv 60 1100 200 0
63 irecv 62 1300 200 0
63 send 60 1300 4 0
63 send 62 1100 4 0
63 wait 61 64 1100
63 wait 63 64 1300
63 irecv 35 2100 200 0
63 irecv 59 2300 200 0
63 send 35 2300 12 0
63 send 59 2100 12 0
63 wait 36 64 2100
63 wait 60 64 2300
63 irecv 95 3100 200 0
63 irecv 31 3300 200 0
63 send 95 3300 24 0
63 send 31 3100 24 0
63 wait 96 64 3100
63 wait 32 64 3300
63 irecv 60 1100 200 0
63 irecv 62 1300 200 0
63 send 60 1300 16 0
63 send 62 1100 16 0
63 wait 61 64 1100
63 wait 63 64 1300
63 irecv 35 2100 200 0
63 irecv 59 2300 200 0
63 send 35 2300 40 0
63 send 59 2100 40 0
63 wait 36 64 2100
63 wait 60 64 2300
63 irecv 95 3100 200 0
63 irecv 31 3300 200 0
63 send 95 3300 60 0
63 send 31 3100 60 0
63 wait 96 64 3100
63 wait 32 64 3300
63 irecv 60 1100 200 0
63 irecv 62 1300 200 0
63 send 60 1300 16 0
63 send 62 1100 16 0
63 wait 61 64 1100
63 wait 63 64 1300
63 irecv 35 2100 200 0
63 irecv 59 2300 200 0
63 send 35 2300 40 0
63 send 59 2100 40 0
63 wait 36 64 2100
63 wait 60 64 2300
63 irecv 95 3100 200 0
63 irecv 31 3300 200 0
63 send 95 3300 60 0
63 send 31 3100 60 0
63 wait 96 64 3100
63 wait 32 64 3300
63 irecv 60 1100 200 0
63 irecv 62 1300 200 0
63 send 60 1300 16 0
63 send 62 1100 16 0
63 wait 61 64 1100
63 wait 63 64 1300
63 irecv 35 2100 200 0
63 irecv 59 2300 200 0
63 send 35 2300 40 0
63 send 59 2100 40 0
63 wait 36 64 2100
63 wait 60 64 2300
63 irecv 95 3100 200 0
63 irecv 31 3300 200 0
63 compute 312.5
63 send 95 3300 60 0
63 send 31 3100 60 0
63 wait 96 64 3100
63 wait 32 64 3300
63 barrier
63 allreduce 1 0 0 
63 allreduce 4 0 1 
63 allreduce 1 0 0 
63 allreduce 4 0 1 
63 allreduce 1 0 0 
63 allreduce 4 0 1 
63 allreduce 1 0 0 
63 allreduce 4 0 1 
63 allreduce 1 0 0 
63 allreduce 4 0 1 
63 allreduce 1 0 0 
63 allreduce 4 0 1 
63 allreduce 1 0 0 
63 allreduce 4 0 1 
63 allreduce 1 0 0 
63 allreduce 4 0 1 
63 allreduce 1 0 0 
63 allreduce 4 0 1 
63 allreduce 1 0 0 
63 allreduce 4 0 1 
63 allreduce 1 0 0 
63 allreduce 4 0 1 
63 allreduce 1 0 0 
63 allreduce 4 0 1 
63 allreduce 1 0 0 
63 allreduce 4 0 1 
63 allreduce 1 0 0 
63 allreduce 4 0 1 
63 allreduce 1 0 0 
63 allreduce 4 0 1 
63 allreduce 1 0 0 
63 allreduce 4 0 1 
63 allreduce 1 0 0 
63 allreduce 4 0 1 
63 allreduce 1 0 0 
63 allreduce 4 0 1 
63 allreduce 1 0 0 
63 allreduce 4 0 1 
63 allreduce 1 0 0 
63 allreduce 4 0 1 
63 barrier
63 irecv 60 1100 200 0
63 irecv 62 1300 200 0
63 send 60 1300 16 0
63 send 62 1100 16 0
63 wait 61 64 1100
63 wait 63 64 1300
63 irecv 35 2100 200 0
63 irecv 59 2300 200 0
63 send 35 2300 40 0
63 send 59 2100 40 0
63 wait 36 64 2100
63 wait 60 64 2300
63 irecv 95 3100 200 0
63 irecv 31 3300 200 0
63 send 95 3300 60 0
63 send 31 3100 60 0
63 wait 96 64 3100
63 wait 32 64 3300
63 barrier
63 irecv 60 1100 200 0
63 irecv 62 1300 200 0
63 send 60 1300 16 0
63 send 62 1100 16 0
63 wait 61 64 1100
63 wait 63 64 1300
63 irecv 35 2100 200 0
63 irecv 59 2300 200 0
63 send 35 2300 40 0
63 send 59 2100 40 0
63 wait 36 64 2100
63 wait 60 64 2300
63 irecv 95 3100 200 0
63 irecv 31 3300 200 0
63 send 95 3300 60 0
63 send 31 3100 60 0
63 wait 96 64 3100
63 wait 32 64 3300
63 allreduce 1 0 0 
63 allreduce 1 0 0 
63 irecv 60 1100 200 0
63 irecv 62 1300 200 0
63 send 60 1300 4 0
63 send 62 1100 4 0
63 wait 61 64 1100
63 wait 63 64 1300
63 irecv 35 2100 200 0
63 irecv 59 2300 200 0
63 send 35 2300 12 0
63 send 59 2100 12 0
63 wait 36 64 2100
63 wait 60 64 2300
63 irecv 95 3100 200 0
63 irecv 31 3300 200 0
63 send 95 3300 24 0
63 send 31 3100 24 0
63 wait 96 64 3100
63 wait 32 64 3300
63 irecv 60 1100 200 0
63 irecv 62 1300 200 0
63 send 60 1300 1 0
63 send 62 1100 1 0
63 wait 61 64 1100
63 wait 63 64 1300
63 irecv 35 2100 200 0
63 irecv 59 2300 200 0
63 send 35 2300 4 0
63 send 59 2100 4 0
63 wait 36 64 2100
63 wait 60 64 2300
63 irecv 95 3100 200 0
63 irecv 31 3300 200 0
63 send 95 3300 12 0
63 send 31 3100 12 0
63 wait 96 64 3100
63 wait 32 64 3300
63 irecv 60 1100 200 0
63 irecv 62 1300 200 0
63 send 60 1300 1 0
63 send 62 1100 1 0
63 wait 61 64 1100
63 wait 63 64 1300
63 irecv 39 2100 200 0
63 irecv 55 2300 200 0
63 send 39 2300 3 0
63 send 55 2100 3 0
63 wait 40 64 2100
63 wait 56 64 2300
63 irecv 127 3100 200 0
63 irecv 255 3300 200 0
63 send 127 3300 9 0
63 send 255 3100 9 0
63 wait 128 64 3100
63 wait 256 64 3300
63 send 60 1300 18 0
63 send 62 1100 9 0
63 send 39 2300 18 0
63 send 55 2100 9 0
63 irecv 127 3100 200 0
63 irecv 255 3300 200 0
63 wait 128 64 3100
63 wait 256 64 3300
63 irecv 60 1100 200 0
63 irecv 62 1300 200 0
63 send 60 1300 1 0
63 send 62 1100 1 0
63 wait 61 64 1100
63 wait 63 64 1300
63 irecv 39 2100 200 0
63 irecv 55 2300 200 0
63 send 39 2300 3 0
63 send 55 2100 3 0
63 wait 40 64 2100
63 wait 56 64 2300
63 irecv 127 3100 200 0
63 irecv 255 3300 200 0
63 send 127 3300 9 0
63 send 255 3100 9 0
63 wait 128 64 3100
63 wait 256 64 3300
63 irecv 60 1100 200 0
63 irecv 62 1300 200 0
63 send 60 1300 1 0
63 send 62 1100 1 0
63 wait 61 64 1100
63 wait 63 64 1300
63 irecv 39 2100 200 0
63 irecv 55 2300 200 0
63 send 39 2300 3 0
63 send 55 2100 3 0
63 wait 40 64 2100
63 wait 56 64 2300
63 irecv 127 3100 200 0
63 irecv 255 3300 200 0
63 send 127 3300 9 0
63 send 255 3100 9 0
63 wait 128 64 3100
63 wait 256 64 3300
63 send 35 2300 24 0
63 send 59 2100 12 0
63 send 95 3300 24 0
63 send 31 3100 12 0
63 irecv 60 1100 200 0
63 irecv 62 1300 200 0
63 send 60 1300 1 0
63 send 62 1100 1 0
63 wait 61 64 1100
63 wait 63 64 1300
63 irecv 35 2100 200 0
63 irecv 59 2300 200 0
63 send 35 2300 4 0
63 send 59 2100 4 0
63 wait 36 64 2100
63 wait 60 64 2300
63 irecv 95 3100 200 0
63 irecv 31 3300 200 0
63 send 95 3300 12 0
63 send 31 3100 12 0
63 wait 96 64 3100
63 wait 32 64 3300
63 irecv 60 1100 200 0
63 irecv 62 1300 200 0
63 send 60 1300 1 0
63 send 62 1100 1 0
63 wait 61 64 1100
63 wait 63 64 1300
63 irecv 35 2100 200 0
63 irecv 59 2300 200 0
63 send 35 2300 4 0
63 send 59 2100 4 0
63 wait 36 64 2100
63 wait 60 64 2300
63 irecv 95 3100 200 0
63 irecv 31 3300 200 0
63 send 95 3300 12 0
63 send 31 3100 12 0
63 wait 96 64 3100
63 wait 32 64 3300
63 irecv 60 1100 200 0
63 irecv 62 1300 200 0
63 send 60 1300 4 0
63 send 62 1100 4 0
63 wait 61 64 1100
63 wait 63 64 1300
63 irecv 35 2100 200 0
63 irecv 59 2300 200 0
63 send 35 2300 12 0
63 send 59 2100 12 0
63 wait 36 64 2100
63 wait 60 64 2300
63 irecv 95 3100 200 0
63 irecv 31 3300 200 0
63 send 95 3300 24 0
63 send 31 3100 24 0
63 wait 96 64 3100
63 wait 32 64 3300
63 irecv 60 1100 200 0
63 irecv 62 1300 200 0
63 send 60 1300 4 0
63 send 62 1100 4 0
63 wait 61 64 1100
63 wait 63 64 1300
63 irecv 35 2100 200 0
63 irecv 59 2300 200 0
63 send 35 2300 12 0
63 send 59 2100 12 0
63 wait 36 64 2100
63 wait 60 64 2300
63 irecv 95 3100 200 0
63 irecv 31 3300 200 0
63 send 95 3300 24 0
63 send 31 3100 24 0
63 wait 96 64 3100
63 wait 32 64 3300
63 irecv 60 1100 200 0
63 irecv 62 1300 200 0
63 send 60 1300 16 0
63 send 62 1100 16 0
63 wait 61 64 1100
63 wait 63 64 1300
63 irecv 35 2100 200 0
63 irecv 59 2300 200 0
63 send 35 2300 40 0
63 send 59 2100 40 0
63 wait 36 64 2100
63 wait 60 64 2300
63 irecv 95 3100 200 0
63 irecv 31 3300 200 0
63 send 95 3300 60 0
63 send 31 3100 60 0
63 wait 96 64 3100
63 wait 32 64 3300
63 irecv 60 1100 200 0
63 irecv 62 1300 200 0
63 send 60 1300 16 0
63 send 62 1100 16 0
63 wait 61 64 1100
63 wait 63 64 1300
63 irecv 35 2100 200 0
63 irecv 59 2300 200 0
63 send 35 2300 40 0
63 send 59 2100 40 0
63 wait 36 64 2100
63 wait 60 64 2300
63 irecv 95 3100 200 0
63 irecv 31 3300 200 0
63 send 95 3300 60 0
63 send 31 3100 60 0
63 wait 96 64 3100
63 wait 32 64 3300
63 irecv 60 1100 200 0
63 irecv 62 1300 200 0
63 send 60 1300 16 0
63 send 62 1100 16 0
63 wait 61 64 1100
63 wait 63 64 1300
63 irecv 35 2100 200 0
63 irecv 59 2300 200 0
63 send 35 2300 40 0
63 send 59 2100 40 0
63 wait 36 64 2100
63 wait 60 64 2300
63 irecv 95 3100 200 0
63 irecv 31 3300 200 0
63 send 95 3300 60 0
63 send 31 3100 60 0
63 wait 96 64 3100
63 wait 32 64 3300
63 irecv 60 1100 200 0
63 irecv 62 1300 200 0
63 send 60 1300 4 0
63 send 62 1100 4 0
63 wait 61 64 1100
63 compute 312.5
63 wait 63 64 1300
63 irecv 35 2100 200 0
63 irecv 59 2300 200 0
63 send 35 2300 12 0
63 send 59 2100 12 0
63 wait 36 64 2100
63 wait 60 64 2300
63 irecv 95 3100 200 0
63 irecv 31 3300 200 0
63 send 95 3300 24 0
63 send 31 3100 24 0
63 wait 96 64 3100
63 wait 32 64 3300
63 irecv 60 1100 200 0
63 irecv 62 1300 200 0
63 send 60 1300 1 0
63 send 62 1100 1 0
63 wait 61 64 1100
63 wait 63 64 1300
63 irecv 35 2100 200 0
63 irecv 59 2300 200 0
63 send 35 2300 4 0
63 send 59 2100 4 0
63 wait 36 64 2100
63 wait 60 64 2300
63 irecv 95 3100 200 0
63 irecv 31 3300 200 0
63 send 95 3300 12 0
63 send 31 3100 12 0
63 wait 96 64 3100
63 wait 32 64 3300
63 irecv 60 1100 200 0
63 irecv 62 1300 200 0
63 send 60 1300 1 0
63 send 62 1100 1 0
63 wait 61 64 1100
63 wait 63 64 1300
63 irecv 39 2100 200 0
63 irecv 55 2300 200 0
63 send 39 2300 3 0
63 send 55 2100 3 0
63 wait 40 64 2100
63 wait 56 64 2300
63 irecv 127 3100 200 0
63 irecv 255 3300 200 0
63 send 127 3300 9 0
63 send 255 3100 9 0
63 wait 128 64 3100
63 wait 256 64 3300
63 send 60 1300 18 0
63 send 62 1100 9 0
63 send 39 2300 18 0
63 send 55 2100 9 0
63 irecv 127 3100 200 0
63 irecv 255 3300 200 0
63 wait 128 64 3100
63 wait 256 64 3300
63 irecv 60 1100 200 0
63 irecv 62 1300 200 0
63 send 60 1300 1 0
63 send 62 1100 1 0
63 wait 61 64 1100
63 wait 63 64 1300
63 irecv 39 2100 200 0
63 irecv 55 2300 200 0
63 send 39 2300 3 0
63 send 55 2100 3 0
63 wait 40 64 2100
63 wait 56 64 2300
63 irecv 127 3100 200 0
63 irecv 255 3300 200 0
63 send 127 3300 9 0
63 send 255 3100 9 0
63 wait 128 64 3100
63 wait 256 64 3300
63 irecv 60 1100 200 0
63 irecv 62 1300 200 0
63 send 60 1300 1 0
63 send 62 1100 1 0
63 wait 61 64 1100
63 wait 63 64 1300
63 irecv 39 2100 200 0
63 irecv 55 2300 200 0
63 send 39 2300 3 0
63 send 55 2100 3 0
63 wait 40 64 2100
63 wait 56 64 2300
63 irecv 127 3100 200 0
63 irecv 255 3300 200 0
63 send 127 3300 9 0
63 send 255 3100 9 0
63 wait 128 64 3100
63 wait 256 64 3300
63 send 35 2300 24 0
63 send 59 2100 12 0
63 send 95 3300 24 0
63 send 31 3100 12 0
63 irecv 60 1100 200 0
63 irecv 62 1300 200 0
63 send 60 1300 1 0
63 send 62 1100 1 0
63 wait 61 64 1100
63 wait 63 64 1300
63 irecv 35 2100 200 0
63 irecv 59 2300 200 0
63 send 35 2300 4 0
63 send 59 2100 4 0
63 wait 36 64 2100
63 wait 60 64 2300
63 irecv 95 3100 200 0
63 irecv 31 3300 200 0
63 send 95 3300 12 0
63 send 31 3100 12 0
63 wait 96 64 3100
63 wait 32 64 3300
63 irecv 60 1100 200 0
63 irecv 62 1300 200 0
63 send 60 1300 1 0
63 send 62 1100 1 0
63 wait 61 64 1100
63 wait 63 64 1300
63 irecv 35 2100 200 0
63 irecv 59 2300 200 0
63 send 35 2300 4 0
63 send 59 2100 4 0
63 wait 36 64 2100
63 wait 60 64 2300
63 irecv 95 3100 200 0
63 irecv 31 3300 200 0
63 send 95 3300 12 0
63 send 31 3100 12 0
63 wait 96 64 3100
63 wait 32 64 3300
63 irecv 60 1100 200 0
63 irecv 62 1300 200 0
63 send 60 1300 4 0
63 send 62 1100 4 0
63 wait 61 64 1100
63 wait 63 64 1300
63 irecv 35 2100 200 0
63 irecv 59 2300 200 0
63 send 35 2300 12 0
63 send 59 2100 12 0
63 wait 36 64 2100
63 wait 60 64 2300
63 irecv 95 3100 200 0
63 irecv 31 3300 200 0
63 send 95 3300 24 0
63 send 31 3100 24 0
63 wait 96 64 3100
63 wait 32 64 3300
63 irecv 60 1100 200 0
63 irecv 62 1300 200 0
63 send 60 1300 4 0
63 send 62 1100 4 0
63 wait 61 64 1100
63 wait 63 64 1300
63 irecv 35 2100 200 0
63 irecv 59 2300 200 0
63 send 35 2300 12 0
63 send 59 2100 12 0
63 wait 36 64 2100
63 wait 60 64 2300
63 irecv 95 3100 200 0
63 irecv 31 3300 200 0
63 send 95 3300 24 0
63 send 31 3100 24 0
63 wait 96 64 3100
63 wait 32 64 3300
63 irecv 60 1100 200 0
63 irecv 62 1300 200 0
63 send 60 1300 16 0
63 send 62 1100 16 0
63 wait 61 64 1100
63 wait 63 64 1300
63 irecv 35 2100 200 0
63 irecv 59 2300 200 0
63 send 35 2300 40 0
63 send 59 2100 40 0
63 wait 36 64 2100
63 wait 60 64 2300
63 irecv 95 3100 200 0
63 irecv 31 3300 200 0
63 send 95 3300 60 0
63 send 31 3100 60 0
63 wait 96 64 3100
63 wait 32 64 3300
63 irecv 60 1100 200 0
63 irecv 62 1300 200 0
63 send 60 1300 16 0
63 send 62 1100 16 0
63 wait 61 64 1100
63 wait 63 64 1300
63 irecv 35 2100 200 0
63 irecv 59 2300 200 0
63 send 35 2300 40 0
63 send 59 2100 40 0
63 wait 36 64 2100
63 wait 60 64 2300
63 irecv 95 3100 200 0
63 irecv 31 3300 200 0
63 send 95 3300 60 0
63 send 31 3100 60 0
63 wait 96 64 3100
63 wait 32 64 3300
63 irecv 60 1100 200 0
63 irecv 62 1300 200 0
63 send 60 1300 16 0
63 send 62 1100 16 0
63 wait 61 64 1100
63 wait 63 64 1300
63 irecv 35 2100 200 0
63 irecv 59 2300 200 0
63 send 35 2300 40 0
63 send 59 2100 40 0
63 wait 36 64 2100
63 wait 60 64 2300
63 irecv 95 3100 200 0
63 irecv 31 3300 200 0
63 send 95 3300 60 0
63 send 31 3100 60 0
63 wait 96 64 3100
63 wait 32 64 3300
63 irecv 60 1100 200 0
63 irecv 62 1300 200 0
63 send 60 1300 4 0
63 send 62 1100 4 0
63 wait 61 64 1100
63 wait 63 64 1300
63 irecv 35 2100 200 0
63 irecv 59 2300 200 0
63 send 35 2300 12 0
63 send 59 2100 12 0
63 wait 36 64 2100
63 wait 60 64 2300
63 irecv 95 3100 200 0
63 irecv 31 3300 200 0
63 send 95 3300 24 0
63 send 31 3100 24 0
63 wait 96 64 3100
63 wait 32 64 3300
63 irecv 60 1100 200 0
63 irecv 62 1300 200 0
63 send 60 1300 1 0
63 send 62 1100 1 0
63 wait 61 64 1100
63 wait 63 64 1300
63 irecv 35 2100 200 0
63 irecv 59 2300 200 0
63 send 35 2300 4 0
63 send 59 2100 4 0
63 wait 36 64 2100
63 wait 60 64 2300
63 irecv 95 3100 200 0
63 irecv 31 3300 200 0
63 send 95 3300 12 0
63 send 31 3100 12 0
63 wait 96 64 3100
63 wait 32 64 3300
63 irecv 60 1100 200 0
63 irecv 62 1300 200 0
63 send 60 1300 1 0
63 send 62 1100 1 0
63 wait 61 64 1100
63 wait 63 64 1300
63 irecv 39 2100 200 0
63 irecv 55 2300 200 0
63 send 39 2300 3 0
63 send 55 2100 3 0
63 wait 40 64 2100
63 wait 56 64 2300
63 irecv 127 3100 200 0
63 irecv 255 3300 200 0
63 send 127 3300 9 0
63 send 255 3100 9 0
63 wait 128 64 3100
63 wait 256 64 3300
63 send 60 1300 18 0
63 send 62 1100 9 0
63 send 39 2300 18 0
63 send 55 2100 9 0
63 irecv 127 3100 200 0
63 irecv 255 3300 200 0
63 wait 128 64 3100
63 wait 256 64 3300
63 irecv 60 1100 200 0
63 irecv 62 1300 200 0
63 send 60 1300 1 0
63 send 62 1100 1 0
63 wait 61 64 1100
63 wait 63 64 1300
63 irecv 39 2100 200 0
63 irecv 55 2300 200 0
63 send 39 2300 3 0
63 send 55 2100 3 0
63 wait 40 64 2100
63 wait 56 64 2300
63 irecv 127 3100 200 0
63 irecv 255 3300 200 0
63 send 127 3300 9 0
63 send 255 3100 9 0
63 wait 128 64 3100
63 wait 256 64 3300
63 irecv 60 1100 200 0
63 irecv 62 1300 200 0
63 send 60 1300 1 0
63 send 62 1100 1 0
63 wait 61 64 1100
63 wait 63 64 1300
63 irecv 39 2100 200 0
63 irecv 55 2300 200 0
63 send 39 2300 3 0
63 send 55 2100 3 0
63 wait 40 64 2100
63 wait 56 64 2300
63 irecv 127 3100 200 0
63 irecv 255 3300 200 0
63 send 127 3300 9 0
63 send 255 3100 9 0
63 wait 128 64 3100
63 wait 256 64 3300
63 send 35 2300 24 0
63 send 59 2100 12 0
63 send 95 3300 24 0
63 send 31 3100 12 0
63 irecv 60 1100 200 0
63 irecv 62 1300 200 0
63 send 60 1300 1 0
63 send 62 1100 1 0
63 wait 61 64 1100
63 wait 63 64 1300
63 irecv 35 2100 200 0
63 irecv 59 2300 200 0
63 send 35 2300 4 0
63 send 59 2100 4 0
63 wait 36 64 2100
63 wait 60 64 2300
63 irecv 95 3100 200 0
63 irecv 31 3300 200 0
63 send 95 3300 12 0
63 send 31 3100 12 0
63 wait 96 64 3100
63 wait 32 64 3300
63 irecv 60 1100 200 0
63 irecv 62 1300 200 0
63 send 60 1300 1 0
63 send 62 1100 1 0
63 wait 61 64 1100
63 wait 63 64 1300
63 irecv 35 2100 200 0
63 irecv 59 2300 200 0
63 send 35 2300 4 0
63 send 59 2100 4 0
63 wait 36 64 2100
63 wait 60 64 2300
63 irecv 95 3100 200 0
63 irecv 31 3300 200 0
63 send 95 3300 12 0
63 send 31 3100 12 0
63 wait 96 64 3100
63 wait 32 64 3300
63 irecv 60 1100 200 0
63 irecv 62 1300 200 0
63 send 60 1300 4 0
63 send 62 1100 4 0
63 wait 61 64 1100
63 wait 63 64 1300
63 irecv 35 2100 200 0
63 irecv 59 2300 200 0
63 send 35 2300 12 0
63 send 59 2100 12 0
63 wait 36 64 2100
63 wait 60 64 2300
63 irecv 95 3100 200 0
63 irecv 31 3300 200 0
63 send 95 3300 24 0
63 send 31 3100 24 0
63 wait 96 64 3100
63 wait 32 64 3300
63 irecv 60 1100 200 0
63 irecv 62 1300 200 0
63 send 60 1300 4 0
63 send 62 1100 4 0
63 wait 61 64 1100
63 wait 63 64 1300
63 irecv 35 2100 200 0
63 irecv 59 2300 200 0
63 send 35 2300 12 0
63 send 59 2100 12 0
63 wait 36 64 2100
63 wait 60 64 2300
63 irecv 95 3100 200 0
63 irecv 31 3300 200 0
63 send 95 3300 24 0
63 send 31 3100 24 0
63 wait 96 64 3100
63 wait 32 64 3300
63 irecv 60 1100 200 0
63 irecv 62 1300 200 0
63 send 60 1300 16 0
63 send 62 1100 16 0
63 wait 61 64 1100
63 wait 63 64 1300
63 irecv 35 2100 200 0
63 irecv 59 2300 200 0
63 send 35 2300 40 0
63 send 59 2100 40 0
63 wait 36 64 2100
63 wait 60 64 2300
63 irecv 95 3100 200 0
63 irecv 31 3300 200 0
63 send 95 3300 60 0
63 send 31 3100 60 0
63 wait 96 64 3100
63 wait 32 64 3300
63 irecv 60 1100 200 0
63 irecv 62 1300 200 0
63 send 60 1300 16 0
63 send 62 1100 16 0
63 wait 61 64 1100
63 wait 63 64 1300
63 irecv 35 2100 200 0
63 irecv 59 2300 200 0
63 send 35 2300 40 0
63 send 59 2100 40 0
63 wait 36 64 2100
63 wait 60 64 2300
63 irecv 95 3100 200 0
63 irecv 31 3300 200 0
63 send 95 3300 60 0
63 send 31 3100 60 0
63 wait 96 64 3100
63 wait 32 64 3300
63 irecv 60 1100 200 0
63 irecv 62 1300 200 0
63 send 60 1300 16 0
63 send 62 1100 16 0
63 wait 61 64 1100
63 wait 63 64 1300
63 irecv 35 2100 200 0
63 irecv 59 2300 200 0
63 send 35 2300 40 0
63 send 59 2100 40 0
63 wait 36 64 2100
63 wait 60 64 2300
63 irecv 95 3100 200 0
63 irecv 31 3300 200 0
63 send 95 3300 60 0
63 send 31 3100 60 0
63 wait 96 64 3100
63 wait 32 64 3300
63 irecv 60 1100 200 0
63 irecv 62 1300 200 0
63 send 60 1300 4 0
63 send 62 1100 4 0
63 wait 61 64 1100
63 wait 63 64 1300
63 irecv 35 2100 200 0
63 irecv 59 2300 200 0
63 send 35 2300 12 0
63 send 59 2100 12 0
63 wait 36 64 2100
63 wait 60 64 2300
63 irecv 95 3100 200 0
63 irecv 31 3300 200 0
63 send 95 3300 24 0
63 send 31 3100 24 0
63 wait 96 64 3100
63 wait 32 64 3300
63 irecv 60 1100 200 0
63 irecv 62 1300 200 0
63 send 60 1300 1 0
63 send 62 1100 1 0
63 wait 61 64 1100
63 wait 63 64 1300
63 irecv 35 2100 200 0
63 irecv 59 2300 200 0
63 send 35 2300 4 0
63 send 59 2100 4 0
63 wait 36 64 2100
63 wait 60 64 2300
63 irecv 95 3100 200 0
63 irecv 31 3300 200 0
63 send 95 3300 12 0
63 send 31 3100 12 0
63 wait 96 64 3100
63 wait 32 64 3300
63 irecv 60 1100 200 0
63 irecv 62 1300 200 0
63 send 60 1300 1 0
63 send 62 1100 1 0
63 wait 61 64 1100
63 wait 63 64 1300
63 irecv 39 2100 200 0
63 irecv 55 2300 200 0
63 send 39 2300 3 0
63 send 55 2100 3 0
63 wait 40 64 2100
63 wait 56 64 2300
63 irecv 127 3100 200 0
63 irecv 255 3300 200 0
63 send 127 3300 9 0
63 send 255 3100 9 0
63 wait 128 64 3100
63 wait 256 64 3300
63 send 60 1300 18 0
63 send 62 1100 9 0
63 send 39 2300 18 0
63 send 55 2100 9 0
63 irecv 127 3100 200 0
63 irecv 255 3300 200 0
63 wait 128 64 3100
63 wait 256 64 3300
63 irecv 60 1100 200 0
63 irecv 62 1300 200 0
63 send 60 1300 1 0
63 send 62 1100 1 0
63 wait 61 64 1100
63 wait 63 64 1300
63 irecv 39 2100 200 0
63 irecv 55 2300 200 0
63 send 39 2300 3 0
63 send 55 2100 3 0
63 wait 40 64 2100
63 wait 56 64 2300
63 irecv 127 3100 200 0
63 irecv 255 3300 200 0
63 send 127 3300 9 0
63 send 255 3100 9 0
63 wait 128 64 3100
63 wait 256 64 3300
63 irecv 60 1100 200 0
63 irecv 62 1300 200 0
63 send 60 1300 1 0
63 send 62 1100 1 0
63 wait 61 64 1100
63 wait 63 64 1300
63 irecv 39 2100 200 0
63 irecv 55 2300 200 0
63 send 39 2300 3 0
63 send 55 2100 3 0
63 wait 40 64 2100
63 wait 56 64 2300
63 irecv 127 3100 200 0
63 irecv 255 3300 200 0
63 send 127 3300 9 0
63 send 255 3100 9 0
63 wait 128 64 3100
63 wait 256 64 3300
63 send 35 2300 24 0
63 send 59 2100 12 0
63 send 95 3300 24 0
63 send 31 3100 12 0
63 irecv 60 1100 200 0
63 irecv 62 1300 200 0
63 send 60 1300 1 0
63 send 62 1100 1 0
63 wait 61 64 1100
63 wait 63 64 1300
63 irecv 35 2100 200 0
63 irecv 59 2300 200 0
63 send 35 2300 4 0
63 send 59 2100 4 0
63 wait 36 64 2100
63 wait 60 64 2300
63 irecv 95 3100 200 0
63 irecv 31 3300 200 0
63 send 95 3300 12 0
63 send 31 3100 12 0
63 wait 96 64 3100
63 wait 32 64 3300
63 irecv 60 1100 200 0
63 irecv 62 1300 200 0
63 send 60 1300 1 0
63 send 62 1100 1 0
63 wait 61 64 1100
63 wait 63 64 1300
63 irecv 35 2100 200 0
63 irecv 59 2300 200 0
63 send 35 2300 4 0
63 send 59 2100 4 0
63 wait 36 64 2100
63 wait 60 64 2300
63 irecv 95 3100 200 0
63 irecv 31 3300 200 0
63 send 95 3300 12 0
63 send 31 3100 12 0
63 wait 96 64 3100
63 wait 32 64 3300
63 irecv 60 1100 200 0
63 irecv 62 1300 200 0
63 send 60 1300 4 0
63 send 62 1100 4 0
63 wait 61 64 1100
63 wait 63 64 1300
63 irecv 35 2100 200 0
63 irecv 59 2300 200 0
63 send 35 2300 12 0
63 send 59 2100 12 0
63 wait 36 64 2100
63 wait 60 64 2300
63 irecv 95 3100 200 0
63 irecv 31 3300 200 0
63 send 95 3300 24 0
63 send 31 3100 24 0
63 wait 96 64 3100
63 wait 32 64 3300
63 irecv 60 1100 200 0
63 irecv 62 1300 200 0
63 send 60 1300 4 0
63 send 62 1100 4 0
63 wait 61 64 1100
63 wait 63 64 1300
63 irecv 35 2100 200 0
63 irecv 59 2300 200 0
63 send 35 2300 12 0
63 send 59 2100 12 0
63 wait 36 64 2100
63 wait 60 64 2300
63 irecv 95 3100 200 0
63 irecv 31 3300 200 0
63 send 95 3300 24 0
63 send 31 3100 24 0
63 wait 96 64 3100
63 wait 32 64 3300
63 irecv 60 1100 200 0
63 irecv 62 1300 200 0
63 send 60 1300 16 0
63 send 62 1100 16 0
63 wait 61 64 1100
63 wait 63 64 1300
63 irecv 35 2100 200 0
63 irecv 59 2300 200 0
63 send 35 2300 40 0
63 send 59 2100 40 0
63 wait 36 64 2100
63 wait 60 64 2300
63 irecv 95 3100 200 0
63 irecv 31 3300 200 0
63 send 95 3300 60 0
63 send 31 3100 60 0
63 wait 96 64 3100
63 wait 32 64 3300
63 irecv 60 1100 200 0
63 irecv 62 1300 200 0
63 send 60 1300 16 0
63 send 62 1100 16 0
63 wait 61 64 1100
63 wait 63 64 1300
63 irecv 35 2100 200 0
63 irecv 59 2300 200 0
63 send 35 2300 40 0
63 send 59 2100 40 0
63 wait 36 64 2100
63 wait 60 64 2300
63 irecv 95 3100 200 0
63 irecv 31 3300 200 0
63 send 95 3300 60 0
63 send 31 3100 60 0
63 wait 96 64 3100
63 wait 32 64 3300
63 irecv 60 1100 200 0
63 irecv 62 1300 200 0
63 send 60 1300 16 0
63 send 62 1100 16 0
63 wait 61 64 1100
63 wait 63 64 1300
63 irecv 35 2100 200 0
63 irecv 59 2300 200 0
63 send 35 2300 40 0
63 send 59 2100 40 0
63 wait 36 64 2100
63 wait 60 64 2300
63 irecv 95 3100 200 0
63 irecv 31 3300 200 0
63 send 95 3300 60 0
63 send 31 3100 60 0
63 wait 96 64 3100
63 wait 32 64 3300
63 allreduce 1 0 0 
63 allreduce 1 0 0 
63 reduce 1 0 0 0 
63 finalize
