131 init
131 barrier
131 bcast 1 0 1 
131 bcast 1 0 1 
131 bcast 1 0 1 
131 bcast 1 0 1 
131 bcast 1 0 1 
131 bcast 8 0 1 
131 bcast 1 0 16 
131 barrier
131 allreduce 1 0 0 
131 allreduce 4 0 1 
131 allreduce 1 0 0 
131 allreduce 4 0 1 
131 allreduce 1 0 0 
131 allreduce 4 0 1 
131 allreduce 1 0 0 
131 allreduce 4 0 1 
131 allreduce 1 0 0 
131 allreduce 4 0 1 
131 allreduce 1 0 0 
131 allreduce 4 0 1 
131 allreduce 1 0 0 
131 allreduce 4 0 1 
131 allreduce 1 0 0 
131 allreduce 4 0 1 
131 allreduce 1 0 0 
131 allreduce 4 0 1 
131 allreduce 1 0 0 
131 allreduce 4 0 1 
131 allreduce 1 0 0 
131 allreduce 4 0 1 
131 allreduce 1 0 0 
131 allreduce 4 0 1 
131 allreduce 1 0 0 
131 allreduce 4 0 1 
131 allreduce 1 0 0 
131 allreduce 4 0 1 
131 allreduce 1 0 0 
131 allreduce 4 0 1 
131 allreduce 1 0 0 
131 allreduce 4 0 1 
131 allreduce 1 0 0 
131 allreduce 4 0 1 
131 allreduce 1 0 0 
131 allreduce 4 0 1 
131 allreduce 1 0 0 
131 allreduce 4 0 1 
131 allreduce 1 0 0 
131 allreduce 4 0 1 
131 barrier
131 irecv 128 1100 200 0
131 irecv 130 1300 200 0
131 send 128 1300 16 0
131 send 130 1100 16 0
131 wait 129 132 1100
131 wait 131 132 1300
131 irecv 135 2100 200 0
131 irecv 159 2300 200 0
131 send 135 2300 40 0
131 send 159 2100 40 0
131 wait 136 132 2100
131 wait 160 132 2300
131 irecv 163 3100 200 0
131 irecv 99 3300 200 0
131 send 163 3300 60 0
131 send 99 3100 60 0
131 wait 164 132 3100
131 wait 100 132 3300
131 allreduce 1 0 0 
131 allreduce 1 0 0 
131 irecv 128 1100 200 0
131 irecv 130 1300 200 0
131 send 128 1300 16 0
131 send 130 1100 16 0
131 wait 129 132 1100
131 wait 131 132 1300
131 irecv 135 2100 200 0
131 irecv 159 2300 200 0
131 send 135 2300 40 0
131 send 159 2100 40 0
131 wait 136 132 2100
131 wait 160 132 2300
131 irecv 163 3100 200 0
131 irecv 99 3300 200 0
131 send 163 3300 60 0
131 send 99 3100 60 0
131 wait 164 132 3100
131 wait 100 132 3300
131 allreduce 1 0 0 
131 allreduce 1 0 0 
131 irecv 128 1100 200 0
131 irecv 130 1300 200 0
131 send 128 1300 4 0
131 send 130 1100 4 0
131 wait 129 132 1100
131 wait 131 132 1300
131 irecv 135 2100 200 0
131 irecv 159 2300 200 0
131 send 135 2300 12 0
131 send 159 2100 12 0
131 wait 136 132 2100
131 wait 160 132 2300
131 irecv 163 3100 200 0
131 irecv 99 3300 200 0
131 send 163 3300 24 0
131 send 99 3100 24 0
131 wait 164 132 3100
131 wait 100 132 3300
131 irecv 128 1100 200 0
131 irecv 130 1300 200 0
131 send 128 1300 1 0
131 send 130 1100 1 0
131 wait 129 132 1100
131 wait 131 132 1300
131 irecv 135 2100 200 0
131 irecv 159 2300 200 0
131 send 135 2300 4 0
131 send 159 2100 4 0
131 wait 136 132 2100
131 wait 160 132 2300
131 irecv 163 3100 200 0
131 irecv 99 3300 200 0
131 send 163 3300 12 0
131 send 99 3100 12 0
131 wait 164 132 3100
131 wait 100 132 3300
131 send 128 1300 8 0
131 send 130 1100 4 0
131 irecv 135 2100 200 0
131 irecv 159 2300 200 0
131 wait 136 132 2100
131 wait 160 132 2300
131 irecv 163 3100 200 0
131 irecv 99 3300 200 0
131 wait 164 132 3100
131 wait 100 132 3300
131 irecv 128 1100 200 0
131 irecv 130 1300 200 0
131 send 128 1300 1 0
131 send 130 1100 1 0
131 wait 129 132 1100
131 wait 131 132 1300
131 irecv 135 2100 200 0
131 irecv 159 2300 200 0
131 send 135 2300 4 0
131 send 159 2100 4 0
131 wait 136 132 2100
131 wait 160 132 2300
131 irecv 163 3100 200 0
131 irecv 99 3300 200 0
131 send 163 3300 12 0
131 send 99 3100 12 0
131 wait 164 132 3100
131 wait 100 132 3300
131 irecv 128 1100 200 0
131 irecv 130 1300 200 0
131 send 128 1300 1 0
131 send 130 1100 1 0
131 wait 129 132 1100
131 wait 131 132 1300
131 irecv 135 2100 200 0
131 irecv 159 2300 200 0
131 send 135 2300 4 0
131 send 159 2100 4 0
131 wait 136 132 2100
131 wait 160 132 2300
131 irecv 163 3100 200 0
131 irecv 99 3300 200 0
131 send 163 3300 12 0
131 send 99 3100 12 0
131 wait 164 132 3100
131 wait 100 132 3300
131 irecv 128 1100 200 0
131 irecv 130 1300 200 0
131 send 128 1300 4 0
131 send 130 1100 4 0
131 wait 129 132 1100
131 wait 131 132 1300
131 irecv 135 2100 200 0
131 irecv 159 2300 200 0
131 send 135 2300 12 0
131 send 159 2100 12 0
131 wait 136 132 2100
131 wait 160 132 2300
131 irecv 163 3100 200 0
131 irecv 99 3300 200 0
131 send 163 3300 24 0
131 send 99 3100 24 0
131 wait 164 132 3100
131 wait 100 132 3300
131 irecv 128 1100 200 0
131 irecv 130 1300 200 0
131 send 128 1300 4 0
131 send 130 1100 4 0
131 wait 129 132 1100
131 wait 131 132 1300
131 irecv 135 2100 200 0
131 irecv 159 2300 200 0
131 send 135 2300 12 0
131 send 159 2100 12 0
131 wait 136 132 2100
131 wait 160 132 2300
131 irecv 163 3100 200 0
131 irecv 99 3300 200 0
131 send 163 3300 24 0
131 send 99 3100 24 0
131 wait 164 132 3100
131 wait 100 132 3300
131 irecv 128 1100 200 0
131 irecv 130 1300 200 0
131 send 128 1300 16 0
131 send 130 1100 16 0
131 wait 129 132 1100
131 wait 131 132 1300
131 irecv 135 2100 200 0
131 irecv 159 2300 200 0
131 send 135 2300 40 0
131 send 159 2100 40 0
131 wait 136 132 2100
131 wait 160 132 2300
131 irecv 163 3100 200 0
131 irecv 99 3300 200 0
131 send 163 3300 60 0
131 send 99 3100 60 0
131 wait 164 132 3100
131 wait 100 132 3300
131 irecv 128 1100 200 0
131 irecv 130 1300 200 0
131 send 128 1300 16 0
131 send 130 1100 16 0
131 wait 129 132 1100
131 wait 131 132 1300
131 irecv 135 2100 200 0
131 irecv 159 2300 200 0
131 send 135 2300 40 0
131 send 159 2100 40 0
131 wait 136 132 2100
131 wait 160 132 2300
131 irecv 163 3100 200 0
131 irecv 99 3300 200 0
131 send 163 3300 60 0
131 send 99 3100 60 0
131 wait 164 132 3100
131 wait 100 132 3300
131 irecv 128 1100 200 0
131 irecv 130 1300 200 0
131 send 128 1300 16 0
131 send 130 1100 16 0
131 wait 129 132 1100
131 wait 131 132 1300
131 irecv 135 2100 200 0
131 irecv 159 2300 200 0
131 send 135 2300 40 0
131 send 159 2100 40 0
131 wait 136 132 2100
131 wait 160 132 2300
131 irecv 163 3100 200 0
131 irecv 99 3300 200 0
131 send 163 3300 60 0
131 send 99 3100 60 0
131 wait 164 132 3100
131 wait 100 132 3300
131 barrier
131 allreduce 1 0 0 
131 allreduce 4 0 1 
131 allreduce 1 0 0 
131 allreduce 4 0 1 
131 allreduce 1 0 0 
131 allreduce 4 0 1 
131 allreduce 1 0 0 
131 allreduce 4 0 1 
131 allreduce 1 0 0 
131 allreduce 4 0 1 
131 allreduce 1 0 0 
131 allreduce 4 0 1 
131 allreduce 1 0 0 
131 allreduce 4 0 1 
131 allreduce 1 0 0 
131 allreduce 4 0 1 
131 allreduce 1 0 0 
131 allreduce 4 0 1 
131 allreduce 1 0 0 
131 allreduce 4 0 1 
131 allreduce 1 0 0 
131 allreduce 4 0 1 
131 allreduce 1 0 0 
131 allreduce 4 0 1 
131 allreduce 1 0 0 
131 allreduce 4 0 1 
131 allreduce 1 0 0 
131 allreduce 4 0 1 
131 allreduce 1 0 0 
131 allreduce 4 0 1 
131 allreduce 1 0 0 
131 allreduce 4 0 1 
131 allreduce 1 0 0 
131 allreduce 4 0 1 
131 allreduce 1 0 0 
131 allreduce 4 0 1 
131 allreduce 1 0 0 
131 allreduce 4 0 1 
131 allreduce 1 0 0 
131 allreduce 4 0 1 
131 barrier
131 irecv 128 1100 200 0
131 irecv 130 1300 200 0
131 send 128 1300 16 0
131 send 130 1100 16 0
131 wait 129 132 1100
131 wait 131 132 1300
131 irecv 135 2100 200 0
131 irecv 159 2300 200 0
131 send 135 2300 40 0
131 send 159 2100 40 0
131 wait 136 132 2100
131 wait 160 132 2300
131 irecv 163 3100 200 0
131 irecv 99 3300 200 0
131 send 163 3300 60 0
131 send 99 3100 60 0
131 wait 164 132 3100
131 wait 100 132 3300
131 barrier
131 irecv 128 1100 200 0
131 irecv 130 1300 200 0
131 send 128 1300 16 0
131 send 130 1100 16 0
131 wait 129 132 1100
131 wait 131 132 1300
131 irecv 135 2100 200 0
131 irecv 159 2300 200 0
131 send 135 2300 40 0
131 send 159 2100 40 0
131 wait 136 132 2100
131 wait 160 132 2300
131 irecv 163 3100 200 0
131 irecv 99 3300 200 0
131 send 163 3300 60 0
131 send 99 3100 60 0
131 wait 164 132 3100
131 wait 100 132 3300
131 allreduce 1 0 0 
131 allreduce 1 0 0 
131 irecv 128 1100 200 0
131 irecv 130 1300 200 0
131 send 128 1300 4 0
131 send 130 1100 4 0
131 wait 129 132 1100
131 wait 131 132 1300
131 irecv 135 2100 200 0
131 irecv 159 2300 200 0
131 send 135 2300 12 0
131 send 159 2100 12 0
131 wait 136 132 2100
131 wait 160 132 2300
131 irecv 163 3100 200 0
131 irecv 99 3300 200 0
131 send 163 3300 24 0
131 send 99 3100 24 0
131 wait 164 132 3100
131 wait 100 132 3300
131 irecv 128 1100 200 0
131 irecv 130 1300 200 0
131 send 128 1300 1 0
131 send 130 1100 1 0
131 wait 129 132 1100
131 wait 131 132 1300
131 irecv 135 2100 200 0
131 irecv 159 2300 200 0
131 send 135 2300 4 0
131 send 159 2100 4 0
131 wait 136 132 2100
131 wait 160 132 2300
131 irecv 163 3100 200 0
131 irecv 99 3300 200 0
131 send 163 3300 12 0
131 send 99 3100 12 0
131 wait 164 132 3100
131 wait 100 132 3300
131 send 128 1300 8 0
131 send 130 1100 4 0
131 irecv 135 2100 200 0
131 irecv 159 2300 200 0
131 wait 136 132 2100
131 wait 160 132 2300
131 irecv 163 3100 200 0
131 irecv 99 3300 200 0
131 wait 164 132 3100
131 wait 100 132 3300
131 irecv 128 1100 200 0
131 irecv 130 1300 200 0
131 send 128 1300 1 0
131 send 130 1100 1 0
131 wait 129 132 1100
131 wait 131 132 1300
131 irecv 135 2100 200 0
131 irecv 159 2300 200 0
131 send 135 2300 4 0
131 send 159 2100 4 0
131 wait 136 132 2100
131 wait 160 132 2300
131 irecv 163 3100 200 0
131 irecv 99 3300 200 0
131 send 163 3300 12 0
131 send 99 3100 12 0
131 wait 164 132 3100
131 wait 100 132 3300
131 irecv 128 1100 200 0
131 irecv 130 1300 200 0
131 send 128 1300 1 0
131 send 130 1100 1 0
131 wait 129 132 1100
131 wait 131 132 1300
131 irecv 135 2100 200 0
131 irecv 159 2300 200 0
131 send 135 2300 4 0
131 send 159 2100 4 0
131 wait 136 132 2100
131 wait 160 132 2300
131 irecv 163 3100 200 0
131 irecv 99 3300 200 0
131 send 163 3300 12 0
131 send 99 3100 12 0
131 wait 164 132 3100
131 wait 100 132 3300
131 irecv 128 1100 200 0
131 irecv 130 1300 200 0
131 send 128 1300 4 0
131 send 130 1100 4 0
131 wait 129 132 1100
131 wait 131 132 1300
131 irecv 135 2100 200 0
131 irecv 159 2300 200 0
131 send 135 2300 12 0
131 send 159 2100 12 0
131 wait 136 132 2100
131 wait 160 132 2300
131 irecv 163 3100 200 0
131 irecv 99 3300 200 0
131 send 163 3300 24 0
131 send 99 3100 24 0
131 wait 164 132 3100
131 wait 100 132 3300
131 irecv 128 1100 200 0
131 irecv 130 1300 200 0
131 send 128 1300 4 0
131 send 130 1100 4 0
131 wait 129 132 1100
131 wait 131 132 1300
131 irecv 135 2100 200 0
131 irecv 159 2300 200 0
131 send 135 2300 12 0
131 send 159 2100 12 0
131 wait 136 132 2100
131 wait 160 132 2300
131 irecv 163 3100 200 0
131 irecv 99 3300 200 0
131 send 163 3300 24 0
131 send 99 3100 24 0
131 wait 164 132 3100
131 wait 100 132 3300
131 irecv 128 1100 200 0
131 irecv 130 1300 200 0
131 send 128 1300 16 0
131 send 130 1100 16 0
131 wait 129 132 1100
131 wait 131 132 1300
131 irecv 135 2100 200 0
131 irecv 159 2300 200 0
131 send 135 2300 40 0
131 send 159 2100 40 0
131 wait 136 132 2100
131 wait 160 132 2300
131 irecv 163 3100 200 0
131 irecv 99 3300 200 0
131 send 163 3300 60 0
131 send 99 3100 60 0
131 wait 164 132 3100
131 wait 100 132 3300
131 irecv 128 1100 200 0
131 irecv 130 1300 200 0
131 send 128 1300 16 0
131 send 130 1100 16 0
131 wait 129 132 1100
131 wait 131 132 1300
131 irecv 135 2100 200 0
131 irecv 159 2300 200 0
131 send 135 2300 40 0
131 send 159 2100 40 0
131 wait 136 132 2100
131 wait 160 132 2300
131 irecv 163 3100 200 0
131 irecv 99 3300 200 0
131 send 163 3300 60 0
131 send 99 3100 60 0
131 wait 164 132 3100
131 wait 100 132 3300
131 irecv 128 1100 200 0
131 irecv 130 1300 200 0
131 send 128 1300 16 0
131 send 130 1100 16 0
131 wait 129 132 1100
131 wait 131 132 1300
131 irecv 135 2100 200 0
131 irecv 159 2300 200 0
131 send 135 2300 40 0
131 send 159 2100 40 0
131 wait 136 132 2100
131 wait 160 132 2300
131 irecv 163 3100 200 0
131 irecv 99 3300 200 0
131 send 163 3300 60 0
131 send 99 3100 60 0
131 wait 164 132 3100
131 wait 100 132 3300
131 irecv 128 1100 200 0
131 irecv 130 1300 200 0
131 send 128 1300 4 0
131 send 130 1100 4 0
131 wait 129 132 1100
131 wait 131 132 1300
131 irecv 135 2100 200 0
131 irecv 159 2300 200 0
131 send 135 2300 12 0
131 send 159 2100 12 0
131 wait 136 132 2100
131 wait 160 132 2300
131 irecv 163 3100 200 0
131 irecv 99 3300 200 0
131 send 163 3300 24 0
131 send 99 3100 24 0
131 wait 164 132 3100
131 wait 100 132 3300
131 irecv 128 1100 200 0
131 irecv 130 1300 200 0
131 send 128 1300 1 0
131 send 130 1100 1 0
131 wait 129 132 1100
131 wait 131 132 1300
131 irecv 135 2100 200 0
131 irecv 159 2300 200 0
131 send 135 2300 4 0
131 send 159 2100 4 0
131 wait 136 132 2100
131 wait 160 132 2300
131 irecv 163 3100 200 0
131 irecv 99 3300 200 0
131 send 163 3300 12 0
131 send 99 3100 12 0
131 wait 164 132 3100
131 wait 100 132 3300
131 send 128 1300 8 0
131 send 130 1100 4 0
131 irecv 135 2100 200 0
131 irecv 159 2300 200 0
131 wait 136 132 2100
131 wait 160 132 2300
131 irecv 163 3100 200 0
131 irecv 99 3300 200 0
131 wait 164 132 3100
131 wait 100 132 3300
131 irecv 128 1100 200 0
131 irecv 130 1300 200 0
131 send 128 1300 1 0
131 send 130 1100 1 0
131 wait 129 132 1100
131 wait 131 132 1300
131 irecv 135 2100 200 0
131 irecv 159 2300 200 0
131 send 135 2300 4 0
131 send 159 2100 4 0
131 wait 136 132 2100
131 wait 160 132 2300
131 irecv 163 3100 200 0
131 irecv 99 3300 200 0
131 send 163 3300 12 0
131 send 99 3100 12 0
131 wait 164 132 3100
131 wait 100 132 3300
131 irecv 128 1100 200 0
131 irecv 130 1300 200 0
131 send 128 1300 1 0
131 send 130 1100 1 0
131 wait 129 132 1100
131 wait 131 132 1300
131 irecv 135 2100 200 0
131 irecv 159 2300 200 0
131 send 135 2300 4 0
131 send 159 2100 4 0
131 wait 136 132 2100
131 wait 160 132 2300
131 irecv 163 3100 200 0
131 irecv 99 3300 200 0
131 send 163 3300 12 0
131 send 99 3100 12 0
131 wait 164 132 3100
131 wait 100 132 3300
131 irecv 128 1100 200 0
131 irecv 130 1300 200 0
131 send 128 1300 4 0
131 send 130 1100 4 0
131 wait 129 132 1100
131 wait 131 132 1300
131 irecv 135 2100 200 0
131 irecv 159 2300 200 0
131 send 135 2300 12 0
131 send 159 2100 12 0
131 wait 136 132 2100
131 wait 160 132 2300
131 irecv 163 3100 200 0
131 irecv 99 3300 200 0
131 send 163 3300 24 0
131 send 99 3100 24 0
131 wait 164 132 3100
131 wait 100 132 3300
131 irecv 128 1100 200 0
131 irecv 130 1300 200 0
131 send 128 1300 4 0
131 send 130 1100 4 0
131 wait 129 132 1100
131 wait 131 132 1300
131 irecv 135 2100 200 0
131 irecv 159 2300 200 0
131 send 135 2300 12 0
131 send 159 2100 12 0
131 wait 136 132 2100
131 wait 160 132 2300
131 irecv 163 3100 200 0
131 irecv 99 3300 200 0
131 send 163 3300 24 0
131 send 99 3100 24 0
131 wait 164 132 3100
131 wait 100 132 3300
131 irecv 128 1100 200 0
131 irecv 130 1300 200 0
131 send 128 1300 16 0
131 send 130 1100 16 0
131 wait 129 132 1100
131 wait 131 132 1300
131 irecv 135 2100 200 0
131 irecv 159 2300 200 0
131 send 135 2300 40 0
131 send 159 2100 40 0
131 wait 136 132 2100
131 wait 160 132 2300
131 irecv 163 3100 200 0
131 irecv 99 3300 200 0
131 send 163 3300 60 0
131 send 99 3100 60 0
131 wait 164 132 3100
131 wait 100 132 3300
131 irecv 128 1100 200 0
131 irecv 130 1300 200 0
131 send 128 1300 16 0
131 send 130 1100 16 0
131 wait 129 132 1100
131 wait 131 132 1300
131 irecv 135 2100 200 0
131 irecv 159 2300 200 0
131 send 135 2300 40 0
131 send 159 2100 40 0
131 wait 136 132 2100
131 wait 160 132 2300
131 irecv 163 3100 200 0
131 irecv 99 3300 200 0
131 send 163 3300 60 0
131 send 99 3100 60 0
131 wait 164 132 3100
131 wait 100 132 3300
131 irecv 128 1100 200 0
131 irecv 130 1300 200 0
131 send 128 1300 16 0
131 send 130 1100 16 0
131 wait 129 132 1100
131 wait 131 132 1300
131 irecv 135 2100 200 0
131 irecv 159 2300 200 0
131 send 135 2300 40 0
131 send 159 2100 40 0
131 wait 136 132 2100
131 wait 160 132 2300
131 irecv 163 3100 200 0
131 irecv 99 3300 200 0
131 send 163 3300 60 0
131 send 99 3100 60 0
131 wait 164 132 3100
131 wait 100 132 3300
131 irecv 128 1100 200 0
131 irecv 130 1300 200 0
131 send 128 1300 4 0
131 send 130 1100 4 0
131 wait 129 132 1100
131 wait 131 132 1300
131 irecv 135 2100 200 0
131 irecv 159 2300 200 0
131 send 135 2300 12 0
131 send 159 2100 12 0
131 wait 136 132 2100
131 wait 160 132 2300
131 irecv 163 3100 200 0
131 irecv 99 3300 200 0
131 send 163 3300 24 0
131 send 99 3100 24 0
131 wait 164 132 3100
131 wait 100 132 3300
131 irecv 128 1100 200 0
131 irecv 130 1300 200 0
131 send 128 1300 1 0
131 send 130 1100 1 0
131 wait 129 132 1100
131 wait 131 132 1300
131 irecv 135 2100 200 0
131 irecv 159 2300 200 0
131 send 135 2300 4 0
131 send 159 2100 4 0
131 wait 136 132 2100
131 wait 160 132 2300
131 irecv 163 3100 200 0
131 irecv 99 3300 200 0
131 send 163 3300 12 0
131 send 99 3100 12 0
131 wait 164 132 3100
131 wait 100 132 3300
131 send 128 1300 8 0
131 send 130 1100 4 0
131 irecv 135 2100 200 0
131 irecv 159 2300 200 0
131 wait 136 132 2100
131 wait 160 132 2300
131 irecv 163 3100 200 0
131 irecv 99 3300 200 0
131 wait 164 132 3100
131 wait 100 132 3300
131 irecv 128 1100 200 0
131 irecv 130 1300 200 0
131 send 128 1300 1 0
131 send 130 1100 1 0
131 wait 129 132 1100
131 wait 131 132 1300
131 irecv 135 2100 200 0
131 irecv 159 2300 200 0
131 send 135 2300 4 0
131 send 159 2100 4 0
131 wait 136 132 2100
131 wait 160 132 2300
131 irecv 163 3100 200 0
131 irecv 99 3300 200 0
131 send 163 3300 12 0
131 send 99 3100 12 0
131 wait 164 132 3100
131 wait 100 132 3300
131 irecv 128 1100 200 0
131 irecv 130 1300 200 0
131 send 128 1300 1 0
131 send 130 1100 1 0
131 wait 129 132 1100
131 wait 131 132 1300
131 irecv 135 2100 200 0
131 irecv 159 2300 200 0
131 send 135 2300 4 0
131 send 159 2100 4 0
131 wait 136 132 2100
131 wait 160 132 2300
131 irecv 163 3100 200 0
131 irecv 99 3300 200 0
131 send 163 3300 12 0
131 send 99 3100 12 0
131 wait 164 132 3100
131 wait 100 132 3300
131 irecv 128 1100 200 0
131 irecv 130 1300 200 0
131 send 128 1300 4 0
131 send 130 1100 4 0
131 wait 129 132 1100
131 wait 131 132 1300
131 irecv 135 2100 200 0
131 irecv 159 2300 200 0
131 send 135 2300 12 0
131 send 159 2100 12 0
131 wait 136 132 2100
131 wait 160 132 2300
131 irecv 163 3100 200 0
131 irecv 99 3300 200 0
131 send 163 3300 24 0
131 send 99 3100 24 0
131 wait 164 132 3100
131 wait 100 132 3300
131 irecv 128 1100 200 0
131 irecv 130 1300 200 0
131 send 128 1300 4 0
131 send 130 1100 4 0
131 wait 129 132 1100
131 wait 131 132 1300
131 irecv 135 2100 200 0
131 irecv 159 2300 200 0
131 send 135 2300 12 0
131 send 159 2100 12 0
131 wait 136 132 2100
131 wait 160 132 2300
131 irecv 163 3100 200 0
131 irecv 99 3300 200 0
131 send 163 3300 24 0
131 send 99 3100 24 0
131 wait 164 132 3100
131 wait 100 132 3300
131 irecv 128 1100 200 0
131 irecv 130 1300 200 0
131 send 128 1300 16 0
131 send 130 1100 16 0
131 wait 129 132 1100
131 wait 131 132 1300
131 irecv 135 2100 200 0
131 irecv 159 2300 200 0
131 send 135 2300 40 0
131 send 159 2100 40 0
131 wait 136 132 2100
131 wait 160 132 2300
131 irecv 163 3100 200 0
131 irecv 99 3300 200 0
131 send 163 3300 60 0
131 send 99 3100 60 0
131 wait 164 132 3100
131 wait 100 132 3300
131 irecv 128 1100 200 0
131 irecv 130 1300 200 0
131 send 128 1300 16 0
131 send 130 1100 16 0
131 wait 129 132 1100
131 wait 131 132 1300
131 irecv 135 2100 200 0
131 irecv 159 2300 200 0
131 send 135 2300 40 0
131 send 159 2100 40 0
131 wait 136 132 2100
131 wait 160 132 2300
131 irecv 163 3100 200 0
131 irecv 99 3300 200 0
131 send 163 3300 60 0
131 send 99 3100 60 0
131 wait 164 132 3100
131 wait 100 132 3300
131 irecv 128 1100 200 0
131 irecv 130 1300 200 0
131 send 128 1300 16 0
131 send 130 1100 16 0
131 wait 129 132 1100
131 wait 131 132 1300
131 irecv 135 2100 200 0
131 irecv 159 2300 200 0
131 send 135 2300 40 0
131 send 159 2100 40 0
131 wait 136 132 2100
131 wait 160 132 2300
131 irecv 163 3100 200 0
131 irecv 99 3300 200 0
131 send 163 3300 60 0
131 send 99 3100 60 0
131 wait 164 132 3100
131 wait 100 132 3300
131 irecv 128 1100 200 0
131 irecv 130 1300 200 0
131 send 128 1300 4 0
131 send 130 1100 4 0
131 wait 129 132 1100
131 wait 131 132 1300
131 irecv 135 2100 200 0
131 irecv 159 2300 200 0
131 send 135 2300 12 0
131 send 159 2100 12 0
131 wait 136 132 2100
131 wait 160 132 2300
131 irecv 163 3100 200 0
131 irecv 99 3300 200 0
131 send 163 3300 24 0
131 send 99 3100 24 0
131 wait 164 132 3100
131 wait 100 132 3300
131 irecv 128 1100 200 0
131 irecv 130 1300 200 0
131 send 128 1300 1 0
131 send 130 1100 1 0
131 wait 129 132 1100
131 wait 131 132 1300
131 irecv 135 2100 200 0
131 irecv 159 2300 200 0
131 send 135 2300 4 0
131 send 159 2100 4 0
131 wait 136 132 2100
131 wait 160 132 2300
131 irecv 163 3100 200 0
131 irecv 99 3300 200 0
131 send 163 3300 12 0
131 send 99 3100 12 0
131 wait 164 132 3100
131 wait 100 132 3300
131 send 128 1300 8 0
131 send 130 1100 4 0
131 irecv 135 2100 200 0
131 irecv 159 2300 200 0
131 wait 136 132 2100
131 wait 160 132 2300
131 irecv 163 3100 200 0
131 irecv 99 3300 200 0
131 wait 164 132 3100
131 wait 100 132 3300
131 irecv 128 1100 200 0
131 irecv 130 1300 200 0
131 send 128 1300 1 0
131 send 130 1100 1 0
131 wait 129 132 1100
131 wait 131 132 1300
131 irecv 135 2100 200 0
131 irecv 159 2300 200 0
131 send 135 2300 4 0
131 send 159 2100 4 0
131 wait 136 132 2100
131 wait 160 132 2300
131 irecv 163 3100 200 0
131 irecv 99 3300 200 0
131 send 163 3300 12 0
131 send 99 3100 12 0
131 wait 164 132 3100
131 wait 100 132 3300
131 irecv 128 1100 200 0
131 irecv 130 1300 200 0
131 send 128 1300 1 0
131 send 130 1100 1 0
131 wait 129 132 1100
131 wait 131 132 1300
131 irecv 135 2100 200 0
131 irecv 159 2300 200 0
131 send 135 2300 4 0
131 send 159 2100 4 0
131 wait 136 132 2100
131 wait 160 132 2300
131 irecv 163 3100 200 0
131 irecv 99 3300 200 0
131 send 163 3300 12 0
131 send 99 3100 12 0
131 wait 164 132 3100
131 wait 100 132 3300
131 irecv 128 1100 200 0
131 irecv 130 1300 200 0
131 send 128 1300 4 0
131 send 130 1100 4 0
131 wait 129 132 1100
131 wait 131 132 1300
131 irecv 135 2100 200 0
131 irecv 159 2300 200 0
131 send 135 2300 12 0
131 send 159 2100 12 0
131 wait 136 132 2100
131 wait 160 132 2300
131 irecv 163 3100 200 0
131 irecv 99 3300 200 0
131 send 163 3300 24 0
131 send 99 3100 24 0
131 wait 164 132 3100
131 wait 100 132 3300
131 irecv 128 1100 200 0
131 irecv 130 1300 200 0
131 send 128 1300 4 0
131 send 130 1100 4 0
131 wait 129 132 1100
131 wait 131 132 1300
131 irecv 135 2100 200 0
131 irecv 159 2300 200 0
131 send 135 2300 12 0
131 send 159 2100 12 0
131 wait 136 132 2100
131 wait 160 132 2300
131 irecv 163 3100 200 0
131 irecv 99 3300 200 0
131 send 163 3300 24 0
131 send 99 3100 24 0
131 wait 164 132 3100
131 wait 100 132 3300
131 irecv 128 1100 200 0
131 irecv 130 1300 200 0
131 send 128 1300 16 0
131 send 130 1100 16 0
131 wait 129 132 1100
131 wait 131 132 1300
131 irecv 135 2100 200 0
131 irecv 159 2300 200 0
131 send 135 2300 40 0
131 send 159 2100 40 0
131 wait 136 132 2100
131 wait 160 132 2300
131 irecv 163 3100 200 0
131 irecv 99 3300 200 0
131 send 163 3300 60 0
131 send 99 3100 60 0
131 wait 164 132 3100
131 wait 100 132 3300
131 irecv 128 1100 200 0
131 irecv 130 1300 200 0
131 send 128 1300 16 0
131 send 130 1100 16 0
131 wait 129 132 1100
131 wait 131 132 1300
131 irecv 135 2100 200 0
131 irecv 159 2300 200 0
131 send 135 2300 40 0
131 send 159 2100 40 0
131 wait 136 132 2100
131 wait 160 132 2300
131 irecv 163 3100 200 0
131 irecv 99 3300 200 0
131 send 163 3300 60 0
131 send 99 3100 60 0
131 wait 164 132 3100
131 wait 100 132 3300
131 irecv 128 1100 200 0
131 irecv 130 1300 200 0
131 send 128 1300 16 0
131 send 130 1100 16 0
131 wait 129 132 1100
131 wait 131 132 1300
131 irecv 135 2100 200 0
131 irecv 159 2300 200 0
131 send 135 2300 40 0
131 send 159 2100 40 0
131 wait 136 132 2100
131 wait 160 132 2300
131 irecv 163 3100 200 0
131 irecv 99 3300 200 0
131 send 163 3300 60 0
131 send 99 3100 60 0
131 wait 164 132 3100
131 wait 100 132 3300
131 allreduce 1 0 0 
131 allreduce 1 0 0 
131 reduce 1 0 0 0 
131 finalize
