21 init
21 barrier
21 bcast 1 0 1 
21 bcast 1 0 1 
21 bcast 1 0 1 
21 bcast 1 0 1 
21 bcast 1 0 1 
21 bcast 8 0 1 
21 bcast 1 0 16 
21 barrier
21 allreduce 1 0 0 
21 allreduce 4 0 1 
21 allreduce 1 0 0 
21 allreduce 4 0 1 
21 allreduce 1 0 0 
21 allreduce 4 0 1 
21 allreduce 1 0 0 
21 allreduce 4 0 1 
21 allreduce 1 0 0 
21 allreduce 4 0 1 
21 allreduce 1 0 0 
21 allreduce 4 0 1 
21 allreduce 1 0 0 
21 allreduce 4 0 1 
21 allreduce 1 0 0 
21 allreduce 4 0 1 
21 allreduce 1 0 0 
21 allreduce 4 0 1 
21 allreduce 1 0 0 
21 allreduce 4 0 1 
21 allreduce 1 0 0 
21 allreduce 4 0 1 
21 allreduce 1 0 0 
21 allreduce 4 0 1 
21 allreduce 1 0 0 
21 allreduce 4 0 1 
21 allreduce 1 0 0 
21 allreduce 4 0 1 
21 allreduce 1 0 0 
21 allreduce 4 0 1 
21 allreduce 1 0 0 
21 allreduce 4 0 1 
21 allreduce 1 0 0 
21 allreduce 4 0 1 
21 allreduce 1 0 0 
21 allreduce 4 0 1 
21 allreduce 1 0 0 
21 allreduce 4 0 1 
21 allreduce 1 0 0 
21 allreduce 4 0 1 
21 barrier
21 irecv 22 1100 200 0
21 irecv 20 1300 200 0
21 send 22 1300 16 0
21 send 20 1100 16 0
21 wait 23 22 1100
21 wait 21 22 1300
21 irecv 25 2100 200 0
21 irecv 17 2300 200 0
21 send 25 2300 40 0
21 send 17 2100 40 0
21 wait 26 22 2100
21 wait 18 22 2300
21 irecv 53 3100 200 0
21 irecv 245 3300 200 0
21 send 53 3300 60 0
21 send 245 3100 60 0
21 wait 54 22 3100
21 wait 246 22 3300
21 allreduce 1 0 0 
21 allreduce 1 0 0 
21 irecv 22 1100 200 0
21 irecv 20 1300 200 0
21 send 22 1300 16 0
21 send 20 1100 16 0
21 wait 23 22 1100
21 wait 21 22 1300
21 irecv 25 2100 200 0
21 irecv 17 2300 200 0
21 send 25 2300 40 0
21 send 17 2100 40 0
21 wait 26 22 2100
21 wait 18 22 2300
21 irecv 53 3100 200 0
21 irecv 245 3300 200 0
21 send 53 3300 60 0
21 send 245 3100 60 0
21 wait 54 22 3100
21 wait 246 22 3300
21 allreduce 1 0 0 
21 allreduce 1 0 0 
21 irecv 22 1100 200 0
21 irecv 20 1300 200 0
21 send 22 1300 4 0
21 send 20 1100 4 0
21 wait 23 22 1100
21 wait 21 22 1300
21 irecv 25 2100 200 0
21 irecv 17 2300 200 0
21 send 25 2300 12 0
21 send 17 2100 12 0
21 wait 26 22 2100
21 wait 18 22 2300
21 irecv 53 3100 200 0
21 irecv 245 3300 200 0
21 send 53 3300 24 0
21 send 245 3100 24 0
21 wait 54 22 3100
21 wait 246 22 3300
21 irecv 22 1100 200 0
21 irecv 20 1300 200 0
21 send 22 1300 1 0
21 send 20 1100 1 0
21 wait 23 22 1100
21 wait 21 22 1300
21 irecv 25 2100 200 0
21 irecv 17 2300 200 0
21 send 25 2300 4 0
21 send 17 2100 4 0
21 wait 26 22 2100
21 wait 18 22 2300
21 irecv 53 3100 200 0
21 irecv 245 3300 200 0
21 send 53 3300 12 0
21 send 245 3100 12 0
21 wait 54 22 3100
21 wait 246 22 3300
21 send 22 1300 12 0
21 send 20 1100 6 0
21 irecv 29 2100 200 0
21 irecv 13 2300 200 0
21 wait 30 22 2100
21 wait 14 22 2300
21 send 25 2300 24 0
21 send 17 2100 12 0
21 irecv 53 3100 200 0
21 irecv 245 3300 200 0
21 wait 54 22 3100
21 wait 246 22 3300
21 irecv 22 1100 200 0
21 irecv 20 1300 200 0
21 send 22 1300 1 0
21 send 20 1100 1 0
21 wait 23 22 1100
21 wait 21 22 1300
21 irecv 25 2100 200 0
21 irecv 17 2300 200 0
21 send 25 2300 4 0
21 send 17 2100 4 0
21 wait 26 22 2100
21 wait 18 22 2300
21 irecv 53 3100 200 0
21 irecv 245 3300 200 0
21 send 53 3300 12 0
21 send 245 3100 12 0
21 wait 54 22 3100
21 wait 246 22 3300
21 irecv 22 1100 200 0
21 irecv 20 1300 200 0
21 send 22 1300 1 0
21 send 20 1100 1 0
21 wait 23 22 1100
21 wait 21 22 1300
21 irecv 25 2100 200 0
21 irecv 17 2300 200 0
21 send 25 2300 4 0
21 send 17 2100 4 0
21 wait 26 22 2100
21 wait 18 22 2300
21 irecv 53 3100 200 0
21 irecv 245 3300 200 0
21 send 53 3300 12 0
21 send 245 3100 12 0
21 wait 54 22 3100
21 wait 246 22 3300
21 irecv 22 1100 200 0
21 irecv 20 1300 200 0
21 send 22 1300 4 0
21 send 20 1100 4 0
21 wait 23 22 1100
21 wait 21 22 1300
21 irecv 25 2100 200 0
21 irecv 17 2300 200 0
21 send 25 2300 12 0
21 send 17 2100 12 0
21 wait 26 22 2100
21 wait 18 22 2300
21 irecv 53 3100 200 0
21 irecv 245 3300 200 0
21 send 53 3300 24 0
21 send 245 3100 24 0
21 wait 54 22 3100
21 wait 246 22 3300
21 irecv 22 1100 200 0
21 irecv 20 1300 200 0
21 send 22 1300 4 0
21 send 20 1100 4 0
21 wait 23 22 1100
21 wait 21 22 1300
21 irecv 25 2100 200 0
21 irecv 17 2300 200 0
21 send 25 2300 12 0
21 send 17 2100 12 0
21 wait 26 22 2100
21 wait 18 22 2300
21 irecv 53 3100 200 0
21 irecv 245 3300 200 0
21 send 53 3300 24 0
21 send 245 3100 24 0
21 wait 54 22 3100
21 wait 246 22 3300
21 irecv 22 1100 200 0
21 irecv 20 1300 200 0
21 send 22 1300 16 0
21 send 20 1100 16 0
21 wait 23 22 1100
21 wait 21 22 1300
21 irecv 25 2100 200 0
21 irecv 17 2300 200 0
21 send 25 2300 40 0
21 send 17 2100 40 0
21 wait 26 22 2100
21 wait 18 22 2300
21 irecv 53 3100 200 0
21 irecv 245 3300 200 0
21 send 53 3300 60 0
21 send 245 3100 60 0
21 wait 54 22 3100
21 wait 246 22 3300
21 irecv 22 1100 200 0
21 irecv 20 1300 200 0
21 send 22 1300 16 0
21 send 20 1100 16 0
21 wait 23 22 1100
21 wait 21 22 1300
21 irecv 25 2100 200 0
21 irecv 17 2300 200 0
21 send 25 2300 40 0
21 send 17 2100 40 0
21 wait 26 22 2100
21 wait 18 22 2300
21 irecv 53 3100 200 0
21 irecv 245 3300 200 0
21 send 53 3300 60 0
21 send 245 3100 60 0
21 wait 54 22 3100
21 wait 246 22 3300
21 irecv 22 1100 200 0
21 irecv 20 1300 200 0
21 send 22 1300 16 0
21 send 20 1100 16 0
21 wait 23 22 1100
21 wait 21 22 1300
21 irecv 25 2100 200 0
21 irecv 17 2300 200 0
21 send 25 2300 40 0
21 send 17 2100 40 0
21 wait 26 22 2100
21 wait 18 22 2300
21 irecv 53 3100 200 0
21 irecv 245 3300 200 0
21 send 53 3300 60 0
21 send 245 3100 60 0
21 wait 54 22 3100
21 wait 246 22 3300
21 barrier
21 allreduce 1 0 0 
21 allreduce 4 0 1 
21 allreduce 1 0 0 
21 allreduce 4 0 1 
21 allreduce 1 0 0 
21 allreduce 4 0 1 
21 allreduce 1 0 0 
21 allreduce 4 0 1 
21 allreduce 1 0 0 
21 allreduce 4 0 1 
21 allreduce 1 0 0 
21 allreduce 4 0 1 
21 allreduce 1 0 0 
21 allreduce 4 0 1 
21 allreduce 1 0 0 
21 allreduce 4 0 1 
21 allreduce 1 0 0 
21 allreduce 4 0 1 
21 allreduce 1 0 0 
21 allreduce 4 0 1 
21 allreduce 1 0 0 
21 allreduce 4 0 1 
21 allreduce 1 0 0 
21 allreduce 4 0 1 
21 allreduce 1 0 0 
21 allreduce 4 0 1 
21 allreduce 1 0 0 
21 allreduce 4 0 1 
21 allreduce 1 0 0 
21 allreduce 4 0 1 
21 allreduce 1 0 0 
21 allreduce 4 0 1 
21 allreduce 1 0 0 
21 allreduce 4 0 1 
21 allreduce 1 0 0 
21 allreduce 4 0 1 
21 allreduce 1 0 0 
21 allreduce 4 0 1 
21 allreduce 1 0 0 
21 allreduce 4 0 1 
21 barrier
21 irecv 22 1100 200 0
21 irecv 20 1300 200 0
21 send 22 1300 16 0
21 send 20 1100 16 0
21 wait 23 22 1100
21 wait 21 22 1300
21 irecv 25 2100 200 0
21 irecv 17 2300 200 0
21 send 25 2300 40 0
21 send 17 2100 40 0
21 wait 26 22 2100
21 wait 18 22 2300
21 irecv 53 3100 200 0
21 irecv 245 3300 200 0
21 send 53 3300 60 0
21 send 245 3100 60 0
21 wait 54 22 3100
21 wait 246 22 3300
21 barrier
21 irecv 22 1100 200 0
21 irecv 20 1300 200 0
21 send 22 1300 16 0
21 send 20 1100 16 0
21 wait 23 22 1100
21 wait 21 22 1300
21 irecv 25 2100 200 0
21 irecv 17 2300 200 0
21 send 25 2300 40 0
21 send 17 2100 40 0
21 wait 26 22 2100
21 wait 18 22 2300
21 irecv 53 3100 200 0
21 irecv 245 3300 200 0
21 send 53 3300 60 0
21 send 245 3100 60 0
21 wait 54 22 3100
21 wait 246 22 3300
21 allreduce 1 0 0 
21 allreduce 1 0 0 
21 irecv 22 1100 200 0
21 irecv 20 1300 200 0
21 send 22 1300 4 0
21 send 20 1100 4 0
21 wait 23 22 1100
21 wait 21 22 1300
21 irecv 25 2100 200 0
21 irecv 17 2300 200 0
21 send 25 2300 12 0
21 send 17 2100 12 0
21 wait 26 22 2100
21 wait 18 22 2300
21 irecv 53 3100 200 0
21 irecv 245 3300 200 0
21 send 53 3300 24 0
21 send 245 3100 24 0
21 wait 54 22 3100
21 wait 246 22 3300
21 irecv 22 1100 200 0
21 irecv 20 1300 200 0
21 send 22 1300 1 0
21 send 20 1100 1 0
21 wait 23 22 1100
21 wait 21 22 1300
21 irecv 25 2100 200 0
21 irecv 17 2300 200 0
21 send 25 2300 4 0
21 send 17 2100 4 0
21 wait 26 22 2100
21 wait 18 22 2300
21 irecv 53 3100 200 0
21 irecv 245 3300 200 0
21 send 53 3300 12 0
21 send 245 3100 12 0
21 wait 54 22 3100
21 wait 246 22 3300
21 send 22 1300 12 0
21 send 20 1100 6 0
21 irecv 29 2100 200 0
21 irecv 13 2300 200 0
21 wait 30 22 2100
21 wait 14 22 2300
21 send 25 2300 24 0
21 send 17 2100 12 0
21 irecv 53 3100 200 0
21 irecv 245 3300 200 0
21 wait 54 22 3100
21 wait 246 22 3300
21 irecv 22 1100 200 0
21 irecv 20 1300 200 0
21 send 22 1300 1 0
21 send 20 1100 1 0
21 wait 23 22 1100
21 wait 21 22 1300
21 irecv 25 2100 200 0
21 irecv 17 2300 200 0
21 send 25 2300 4 0
21 send 17 2100 4 0
21 wait 26 22 2100
21 wait 18 22 2300
21 irecv 53 3100 200 0
21 irecv 245 3300 200 0
21 send 53 3300 12 0
21 send 245 3100 12 0
21 wait 54 22 3100
21 wait 246 22 3300
21 irecv 22 1100 200 0
21 irecv 20 1300 200 0
21 send 22 1300 1 0
21 send 20 1100 1 0
21 wait 23 22 1100
21 wait 21 22 1300
21 irecv 25 2100 200 0
21 irecv 17 2300 200 0
21 send 25 2300 4 0
21 send 17 2100 4 0
21 wait 26 22 2100
21 wait 18 22 2300
21 irecv 53 3100 200 0
21 irecv 245 3300 200 0
21 send 53 3300 12 0
21 send 245 3100 12 0
21 wait 54 22 3100
21 wait 246 22 3300
21 irecv 22 1100 200 0
21 irecv 20 1300 200 0
21 send 22 1300 4 0
21 send 20 1100 4 0
21 wait 23 22 1100
21 wait 21 22 1300
21 irecv 25 2100 200 0
21 irecv 17 2300 200 0
21 send 25 2300 12 0
21 send 17 2100 12 0
21 wait 26 22 2100
21 wait 18 22 2300
21 irecv 53 3100 200 0
21 irecv 245 3300 200 0
21 send 53 3300 24 0
21 send 245 3100 24 0
21 wait 54 22 3100
21 wait 246 22 3300
21 irecv 22 1100 200 0
21 irecv 20 1300 200 0
21 send 22 1300 4 0
21 send 20 1100 4 0
21 wait 23 22 1100
21 wait 21 22 1300
21 irecv 25 2100 200 0
21 irecv 17 2300 200 0
21 send 25 2300 12 0
21 send 17 2100 12 0
21 wait 26 22 2100
21 wait 18 22 2300
21 irecv 53 3100 200 0
21 irecv 245 3300 200 0
21 send 53 3300 24 0
21 send 245 3100 24 0
21 wait 54 22 3100
21 wait 246 22 3300
21 irecv 22 1100 200 0
21 irecv 20 1300 200 0
21 send 22 1300 16 0
21 send 20 1100 16 0
21 wait 23 22 1100
21 wait 21 22 1300
21 irecv 25 2100 200 0
21 irecv 17 2300 200 0
21 send 25 2300 40 0
21 send 17 2100 40 0
21 wait 26 22 2100
21 wait 18 22 2300
21 irecv 53 3100 200 0
21 irecv 245 3300 200 0
21 send 53 3300 60 0
21 send 245 3100 60 0
21 wait 54 22 3100
21 wait 246 22 3300
21 irecv 22 1100 200 0
21 irecv 20 1300 200 0
21 send 22 1300 16 0
21 send 20 1100 16 0
21 wait 23 22 1100
21 wait 21 22 1300
21 irecv 25 2100 200 0
21 irecv 17 2300 200 0
21 send 25 2300 40 0
21 send 17 2100 40 0
21 wait 26 22 2100
21 wait 18 22 2300
21 irecv 53 3100 200 0
21 irecv 245 3300 200 0
21 send 53 3300 60 0
21 send 245 3100 60 0
21 wait 54 22 3100
21 wait 246 22 3300
21 irecv 22 1100 200 0
21 irecv 20 1300 200 0
21 send 22 1300 16 0
21 send 20 1100 16 0
21 wait 23 22 1100
21 wait 21 22 1300
21 irecv 25 2100 200 0
21 irecv 17 2300 200 0
21 send 25 2300 40 0
21 send 17 2100 40 0
21 wait 26 22 2100
21 wait 18 22 2300
21 irecv 53 3100 200 0
21 irecv 245 3300 200 0
21 send 53 3300 60 0
21 send 245 3100 60 0
21 wait 54 22 3100
21 wait 246 22 3300
21 irecv 22 1100 200 0
21 irecv 20 1300 200 0
21 send 22 1300 4 0
21 send 20 1100 4 0
21 wait 23 22 1100
21 wait 21 22 1300
21 irecv 25 2100 200 0
21 irecv 17 2300 200 0
21 send 25 2300 12 0
21 send 17 2100 12 0
21 wait 26 22 2100
21 wait 18 22 2300
21 irecv 53 3100 200 0
21 irecv 245 3300 200 0
21 send 53 3300 24 0
21 send 245 3100 24 0
21 wait 54 22 3100
21 wait 246 22 3300
21 irecv 22 1100 200 0
21 irecv 20 1300 200 0
21 send 22 1300 1 0
21 send 20 1100 1 0
21 wait 23 22 1100
21 wait 21 22 1300
21 irecv 25 2100 200 0
21 irecv 17 2300 200 0
21 send 25 2300 4 0
21 send 17 2100 4 0
21 wait 26 22 2100
21 wait 18 22 2300
21 irecv 53 3100 200 0
21 irecv 245 3300 200 0
21 send 53 3300 12 0
21 send 245 3100 12 0
21 wait 54 22 3100
21 wait 246 22 3300
21 send 22 1300 12 0
21 send 20 1100 6 0
21 irecv 29 2100 200 0
21 irecv 13 2300 200 0
21 wait 30 22 2100
21 wait 14 22 2300
21 send 25 2300 24 0
21 send 17 2100 12 0
21 irecv 53 3100 200 0
21 irecv 245 3300 200 0
21 wait 54 22 3100
21 wait 246 22 3300
21 irecv 22 1100 200 0
21 irecv 20 1300 200 0
21 send 22 1300 1 0
21 send 20 1100 1 0
21 wait 23 22 1100
21 wait 21 22 1300
21 irecv 25 2100 200 0
21 irecv 17 2300 200 0
21 send 25 2300 4 0
21 send 17 2100 4 0
21 wait 26 22 2100
21 wait 18 22 2300
21 irecv 53 3100 200 0
21 irecv 245 3300 200 0
21 send 53 3300 12 0
21 send 245 3100 12 0
21 wait 54 22 3100
21 wait 246 22 3300
21 irecv 22 1100 200 0
21 irecv 20 1300 200 0
21 send 22 1300 1 0
21 send 20 1100 1 0
21 wait 23 22 1100
21 wait 21 22 1300
21 irecv 25 2100 200 0
21 irecv 17 2300 200 0
21 send 25 2300 4 0
21 send 17 2100 4 0
21 wait 26 22 2100
21 wait 18 22 2300
21 irecv 53 3100 200 0
21 irecv 245 3300 200 0
21 send 53 3300 12 0
21 send 245 3100 12 0
21 wait 54 22 3100
21 wait 246 22 3300
21 irecv 22 1100 200 0
21 irecv 20 1300 200 0
21 send 22 1300 4 0
21 send 20 1100 4 0
21 wait 23 22 1100
21 wait 21 22 1300
21 irecv 25 2100 200 0
21 irecv 17 2300 200 0
21 send 25 2300 12 0
21 send 17 2100 12 0
21 wait 26 22 2100
21 wait 18 22 2300
21 irecv 53 3100 200 0
21 irecv 245 3300 200 0
21 send 53 3300 24 0
21 send 245 3100 24 0
21 wait 54 22 3100
21 wait 246 22 3300
21 irecv 22 1100 200 0
21 irecv 20 1300 200 0
21 send 22 1300 4 0
21 send 20 1100 4 0
21 wait 23 22 1100
21 wait 21 22 1300
21 irecv 25 2100 200 0
21 irecv 17 2300 200 0
21 send 25 2300 12 0
21 send 17 2100 12 0
21 wait 26 22 2100
21 wait 18 22 2300
21 irecv 53 3100 200 0
21 irecv 245 3300 200 0
21 send 53 3300 24 0
21 send 245 3100 24 0
21 wait 54 22 3100
21 wait 246 22 3300
21 irecv 22 1100 200 0
21 irecv 20 1300 200 0
21 send 22 1300 16 0
21 send 20 1100 16 0
21 wait 23 22 1100
21 wait 21 22 1300
21 irecv 25 2100 200 0
21 irecv 17 2300 200 0
21 send 25 2300 40 0
21 send 17 2100 40 0
21 wait 26 22 2100
21 wait 18 22 2300
21 irecv 53 3100 200 0
21 irecv 245 3300 200 0
21 send 53 3300 60 0
21 send 245 3100 60 0
21 wait 54 22 3100
21 wait 246 22 3300
21 irecv 22 1100 200 0
21 irecv 20 1300 200 0
21 send 22 1300 16 0
21 send 20 1100 16 0
21 wait 23 22 1100
21 wait 21 22 1300
21 irecv 25 2100 200 0
21 irecv 17 2300 200 0
21 send 25 2300 40 0
21 send 17 2100 40 0
21 wait 26 22 2100
21 wait 18 22 2300
21 irecv 53 3100 200 0
21 irecv 245 3300 200 0
21 send 53 3300 60 0
21 send 245 3100 60 0
21 wait 54 22 3100
21 wait 246 22 3300
21 irecv 22 1100 200 0
21 irecv 20 1300 200 0
21 send 22 1300 16 0
21 send 20 1100 16 0
21 wait 23 22 1100
21 wait 21 22 1300
21 irecv 25 2100 200 0
21 irecv 17 2300 200 0
21 send 25 2300 40 0
21 send 17 2100 40 0
21 wait 26 22 2100
21 wait 18 22 2300
21 irecv 53 3100 200 0
21 irecv 245 3300 200 0
21 send 53 3300 60 0
21 send 245 3100 60 0
21 wait 54 22 3100
21 wait 246 22 3300
21 irecv 22 1100 200 0
21 irecv 20 1300 200 0
21 send 22 1300 4 0
21 send 20 1100 4 0
21 wait 23 22 1100
21 wait 21 22 1300
21 irecv 25 2100 200 0
21 irecv 17 2300 200 0
21 send 25 2300 12 0
21 send 17 2100 12 0
21 wait 26 22 2100
21 wait 18 22 2300
21 irecv 53 3100 200 0
21 irecv 245 3300 200 0
21 send 53 3300 24 0
21 send 245 3100 24 0
21 wait 54 22 3100
21 wait 246 22 3300
21 irecv 22 1100 200 0
21 irecv 20 1300 200 0
21 send 22 1300 1 0
21 send 20 1100 1 0
21 wait 23 22 1100
21 wait 21 22 1300
21 irecv 25 2100 200 0
21 irecv 17 2300 200 0
21 send 25 2300 4 0
21 send 17 2100 4 0
21 wait 26 22 2100
21 wait 18 22 2300
21 irecv 53 3100 200 0
21 irecv 245 3300 200 0
21 send 53 3300 12 0
21 send 245 3100 12 0
21 wait 54 22 3100
21 wait 246 22 3300
21 send 22 1300 12 0
21 send 20 1100 6 0
21 irecv 29 2100 200 0
21 irecv 13 2300 200 0
21 wait 30 22 2100
21 wait 14 22 2300
21 send 25 2300 24 0
21 send 17 2100 12 0
21 irecv 53 3100 200 0
21 irecv 245 3300 200 0
21 wait 54 22 3100
21 wait 246 22 3300
21 irecv 22 1100 200 0
21 irecv 20 1300 200 0
21 send 22 1300 1 0
21 send 20 1100 1 0
21 wait 23 22 1100
21 wait 21 22 1300
21 irecv 25 2100 200 0
21 irecv 17 2300 200 0
21 send 25 2300 4 0
21 send 17 2100 4 0
21 wait 26 22 2100
21 wait 18 22 2300
21 irecv 53 3100 200 0
21 irecv 245 3300 200 0
21 send 53 3300 12 0
21 send 245 3100 12 0
21 wait 54 22 3100
21 wait 246 22 3300
21 irecv 22 1100 200 0
21 irecv 20 1300 200 0
21 send 22 1300 1 0
21 send 20 1100 1 0
21 wait 23 22 1100
21 wait 21 22 1300
21 irecv 25 2100 200 0
21 irecv 17 2300 200 0
21 send 25 2300 4 0
21 send 17 2100 4 0
21 wait 26 22 2100
21 wait 18 22 2300
21 irecv 53 3100 200 0
21 irecv 245 3300 200 0
21 send 53 3300 12 0
21 send 245 3100 12 0
21 wait 54 22 3100
21 wait 246 22 3300
21 irecv 22 1100 200 0
21 irecv 20 1300 200 0
21 send 22 1300 4 0
21 send 20 1100 4 0
21 wait 23 22 1100
21 wait 21 22 1300
21 irecv 25 2100 200 0
21 irecv 17 2300 200 0
21 send 25 2300 12 0
21 send 17 2100 12 0
21 wait 26 22 2100
21 wait 18 22 2300
21 irecv 53 3100 200 0
21 irecv 245 3300 200 0
21 send 53 3300 24 0
21 send 245 3100 24 0
21 wait 54 22 3100
21 wait 246 22 3300
21 irecv 22 1100 200 0
21 irecv 20 1300 200 0
21 send 22 1300 4 0
21 send 20 1100 4 0
21 wait 23 22 1100
21 wait 21 22 1300
21 irecv 25 2100 200 0
21 irecv 17 2300 200 0
21 send 25 2300 12 0
21 send 17 2100 12 0
21 wait 26 22 2100
21 wait 18 22 2300
21 irecv 53 3100 200 0
21 irecv 245 3300 200 0
21 send 53 3300 24 0
21 send 245 3100 24 0
21 wait 54 22 3100
21 wait 246 22 3300
21 irecv 22 1100 200 0
21 irecv 20 1300 200 0
21 send 22 1300 16 0
21 send 20 1100 16 0
21 wait 23 22 1100
21 wait 21 22 1300
21 irecv 25 2100 200 0
21 irecv 17 2300 200 0
21 send 25 2300 40 0
21 send 17 2100 40 0
21 wait 26 22 2100
21 wait 18 22 2300
21 irecv 53 3100 200 0
21 irecv 245 3300 200 0
21 send 53 3300 60 0
21 send 245 3100 60 0
21 wait 54 22 3100
21 wait 246 22 3300
21 irecv 22 1100 200 0
21 irecv 20 1300 200 0
21 send 22 1300 16 0
21 send 20 1100 16 0
21 wait 23 22 1100
21 wait 21 22 1300
21 irecv 25 2100 200 0
21 irecv 17 2300 200 0
21 send 25 2300 40 0
21 send 17 2100 40 0
21 wait 26 22 2100
21 wait 18 22 2300
21 irecv 53 3100 200 0
21 irecv 245 3300 200 0
21 send 53 3300 60 0
21 send 245 3100 60 0
21 wait 54 22 3100
21 wait 246 22 3300
21 irecv 22 1100 200 0
21 irecv 20 1300 200 0
21 send 22 1300 16 0
21 send 20 1100 16 0
21 wait 23 22 1100
21 wait 21 22 1300
21 irecv 25 2100 200 0
21 irecv 17 2300 200 0
21 send 25 2300 40 0
21 send 17 2100 40 0
21 wait 26 22 2100
21 wait 18 22 2300
21 irecv 53 3100 200 0
21 irecv 245 3300 200 0
21 send 53 3300 60 0
21 send 245 3100 60 0
21 wait 54 22 3100
21 wait 246 22 3300
21 irecv 22 1100 200 0
21 irecv 20 1300 200 0
21 send 22 1300 4 0
21 send 20 1100 4 0
21 wait 23 22 1100
21 wait 21 22 1300
21 irecv 25 2100 200 0
21 irecv 17 2300 200 0
21 send 25 2300 12 0
21 send 17 2100 12 0
21 wait 26 22 2100
21 wait 18 22 2300
21 irecv 53 3100 200 0
21 irecv 245 3300 200 0
21 send 53 3300 24 0
21 send 245 3100 24 0
21 wait 54 22 3100
21 wait 246 22 3300
21 irecv 22 1100 200 0
21 irecv 20 1300 200 0
21 send 22 1300 1 0
21 send 20 1100 1 0
21 wait 23 22 1100
21 wait 21 22 1300
21 irecv 25 2100 200 0
21 irecv 17 2300 200 0
21 send 25 2300 4 0
21 send 17 2100 4 0
21 wait 26 22 2100
21 wait 18 22 2300
21 irecv 53 3100 200 0
21 irecv 245 3300 200 0
21 send 53 3300 12 0
21 send 245 3100 12 0
21 wait 54 22 3100
21 wait 246 22 3300
21 send 22 1300 12 0
21 send 20 1100 6 0
21 irecv 29 2100 200 0
21 irecv 13 2300 200 0
21 wait 30 22 2100
21 wait 14 22 2300
21 send 25 2300 24 0
21 send 17 2100 12 0
21 irecv 53 3100 200 0
21 irecv 245 3300 200 0
21 wait 54 22 3100
21 wait 246 22 3300
21 irecv 22 1100 200 0
21 irecv 20 1300 200 0
21 send 22 1300 1 0
21 send 20 1100 1 0
21 wait 23 22 1100
21 wait 21 22 1300
21 irecv 25 2100 200 0
21 irecv 17 2300 200 0
21 send 25 2300 4 0
21 send 17 2100 4 0
21 wait 26 22 2100
21 wait 18 22 2300
21 irecv 53 3100 200 0
21 irecv 245 3300 200 0
21 send 53 3300 12 0
21 send 245 3100 12 0
21 wait 54 22 3100
21 wait 246 22 3300
21 irecv 22 1100 200 0
21 irecv 20 1300 200 0
21 send 22 1300 1 0
21 send 20 1100 1 0
21 wait 23 22 1100
21 wait 21 22 1300
21 irecv 25 2100 200 0
21 irecv 17 2300 200 0
21 send 25 2300 4 0
21 send 17 2100 4 0
21 wait 26 22 2100
21 wait 18 22 2300
21 irecv 53 3100 200 0
21 irecv 245 3300 200 0
21 send 53 3300 12 0
21 send 245 3100 12 0
21 wait 54 22 3100
21 wait 246 22 3300
21 irecv 22 1100 200 0
21 irecv 20 1300 200 0
21 send 22 1300 4 0
21 send 20 1100 4 0
21 wait 23 22 1100
21 wait 21 22 1300
21 irecv 25 2100 200 0
21 irecv 17 2300 200 0
21 send 25 2300 12 0
21 send 17 2100 12 0
21 wait 26 22 2100
21 wait 18 22 2300
21 irecv 53 3100 200 0
21 irecv 245 3300 200 0
21 send 53 3300 24 0
21 send 245 3100 24 0
21 wait 54 22 3100
21 wait 246 22 3300
21 irecv 22 1100 200 0
21 irecv 20 1300 200 0
21 send 22 1300 4 0
21 send 20 1100 4 0
21 wait 23 22 1100
21 wait 21 22 1300
21 irecv 25 2100 200 0
21 irecv 17 2300 200 0
21 send 25 2300 12 0
21 send 17 2100 12 0
21 wait 26 22 2100
21 wait 18 22 2300
21 irecv 53 3100 200 0
21 irecv 245 3300 200 0
21 send 53 3300 24 0
21 send 245 3100 24 0
21 wait 54 22 3100
21 wait 246 22 3300
21 irecv 22 1100 200 0
21 irecv 20 1300 200 0
21 send 22 1300 16 0
21 send 20 1100 16 0
21 wait 23 22 1100
21 wait 21 22 1300
21 irecv 25 2100 200 0
21 irecv 17 2300 200 0
21 send 25 2300 40 0
21 send 17 2100 40 0
21 wait 26 22 2100
21 wait 18 22 2300
21 irecv 53 3100 200 0
21 irecv 245 3300 200 0
21 send 53 3300 60 0
21 send 245 3100 60 0
21 wait 54 22 3100
21 wait 246 22 3300
21 irecv 22 1100 200 0
21 irecv 20 1300 200 0
21 send 22 1300 16 0
21 send 20 1100 16 0
21 wait 23 22 1100
21 wait 21 22 1300
21 irecv 25 2100 200 0
21 irecv 17 2300 200 0
21 send 25 2300 40 0
21 send 17 2100 40 0
21 wait 26 22 2100
21 wait 18 22 2300
21 irecv 53 3100 200 0
21 irecv 245 3300 200 0
21 send 53 3300 60 0
21 send 245 3100 60 0
21 wait 54 22 3100
21 wait 246 22 3300
21 irecv 22 1100 200 0
21 irecv 20 1300 200 0
21 send 22 1300 16 0
21 send 20 1100 16 0
21 wait 23 22 1100
21 wait 21 22 1300
21 irecv 25 2100 200 0
21 irecv 17 2300 200 0
21 send 25 2300 40 0
21 send 17 2100 40 0
21 wait 26 22 2100
21 wait 18 22 2300
21 irecv 53 3100 200 0
21 irecv 245 3300 200 0
21 send 53 3300 60 0
21 send 245 3100 60 0
21 wait 54 22 3100
21 wait 246 22 3300
21 allreduce 1 0 0 
21 allreduce 1 0 0 
21 reduce 1 0 0 0 
21 finalize
