125 init
125 barrier
125 bcast 1 0 1 
125 bcast 1 0 1 
125 bcast 1 0 1 
125 bcast 1 0 1 
125 bcast 1 0 1 
125 bcast 8 0 1 
125 bcast 1 0 16 
125 barrier
125 allreduce 1 0 0 
125 allreduce 4 0 1 
125 allreduce 1 0 0 
125 allreduce 4 0 1 
125 allreduce 1 0 0 
125 allreduce 4 0 1 
125 allreduce 1 0 0 
125 allreduce 4 0 1 
125 allreduce 1 0 0 
125 allreduce 4 0 1 
125 allreduce 1 0 0 
125 allreduce 4 0 1 
125 allreduce 1 0 0 
125 allreduce 4 0 1 
125 allreduce 1 0 0 
125 allreduce 4 0 1 
125 allreduce 1 0 0 
125 allreduce 4 0 1 
125 allreduce 1 0 0 
125 allreduce 4 0 1 
125 allreduce 1 0 0 
125 allreduce 4 0 1 
125 allreduce 1 0 0 
125 allreduce 4 0 1 
125 allreduce 1 0 0 
125 allreduce 4 0 1 
125 allreduce 1 0 0 
125 allreduce 4 0 1 
125 allreduce 1 0 0 
125 allreduce 4 0 1 
125 allreduce 1 0 0 
125 allreduce 4 0 1 
125 allreduce 1 0 0 
125 allreduce 4 0 1 
125 allreduce 1 0 0 
125 allreduce 4 0 1 
125 allreduce 1 0 0 
125 allreduce 4 0 1 
125 allreduce 1 0 0 
125 allreduce 4 0 1 
125 barrier
125 irecv 126 1100 200 0
125 irecv 124 1300 200 0
125 send 126 1300 16 0
125 send 124 1100 16 0
125 wait 127 126 1100
125 wait 125 126 1300
125 irecv 97 2100 200 0
125 irecv 121 2300 200 0
125 send 97 2300 40 0
125 send 121 2100 40 0
125 wait 98 126 2100
125 wait 122 126 2300
125 irecv 157 3100 200 0
125 irecv 93 3300 200 0
125 send 157 3300 60 0
125 send 93 3100 60 0
125 wait 158 126 3100
125 wait 94 126 3300
125 allreduce 1 0 0 
125 allreduce 1 0 0 
125 irecv 126 1100 200 0
125 irecv 124 1300 200 0
125 send 126 1300 16 0
125 send 124 1100 16 0
125 wait 127 126 1100
125 wait 125 126 1300
125 irecv 97 2100 200 0
125 irecv 121 2300 200 0
125 send 97 2300 40 0
125 send 121 2100 40 0
125 wait 98 126 2100
125 wait 122 126 2300
125 irecv 157 3100 200 0
125 irecv 93 3300 200 0
125 send 157 3300 60 0
125 send 93 3100 60 0
125 wait 158 126 3100
125 wait 94 126 3300
125 allreduce 1 0 0 
125 allreduce 1 0 0 
125 irecv 126 1100 200 0
125 irecv 124 1300 200 0
125 send 126 1300 4 0
125 send 124 1100 4 0
125 wait 127 126 1100
125 wait 125 126 1300
125 irecv 97 2100 200 0
125 irecv 121 2300 200 0
125 send 97 2300 12 0
125 send 121 2100 12 0
125 wait 98 126 2100
125 wait 122 126 2300
125 irecv 157 3100 200 0
125 irecv 93 3300 200 0
125 send 157 3300 24 0
125 send 93 3100 24 0
125 wait 158 126 3100
125 wait 94 126 3300
125 irecv 126 1100 200 0
125 irecv 124 1300 200 0
125 send 126 1300 1 0
125 send 124 1100 1 0
125 wait 127 126 1100
125 wait 125 126 1300
125 irecv 97 2100 200 0
125 irecv 121 2300 200 0
125 send 97 2300 4 0
125 send 121 2100 4 0
125 wait 98 126 2100
125 wait 122 126 2300
125 irecv 157 3100 200 0
125 irecv 93 3300 200 0
125 send 157 3300 12 0
125 send 93 3100 12 0
125 wait 158 126 3100
125 wait 94 126 3300
125 irecv 126 1100 200 0
125 irecv 124 1300 200 0
125 send 126 1300 1 0
125 send 124 1100 1 0
125 wait 127 126 1100
125 wait 125 126 1300
125 irecv 101 2100 200 0
125 irecv 117 2300 200 0
125 send 101 2300 3 0
125 send 117 2100 3 0
125 wait 102 126 2100
125 wait 118 126 2300
125 irecv 189 3100 200 0
125 irecv 61 3300 200 0
125 send 189 3300 9 0
125 send 61 3100 9 0
125 wait 190 126 3100
125 wait 62 126 3300
125 irecv 127 1100 200 0
125 irecv 127 1300 200 0
125 send 127 1300 1 0
125 send 127 1100 1 0
125 wait 128 126 1100
125 wait 128 126 1300
125 irecv 109 2100 200 0
125 irecv 109 2300 200 0
125 send 109 2300 3 0
125 send 109 2100 3 0
125 wait 110 126 2100
125 wait 110 126 2300
125 irecv 253 3100 200 0
125 irecv 253 3300 200 0
125 send 253 3300 9 0
125 send 253 3100 9 0
125 wait 254 126 3100
125 wait 254 126 3300
125 irecv 127 1100 200 0
125 irecv 127 1300 200 0
125 send 127 1300 1 0
125 send 127 1100 1 0
125 wait 128 126 1100
125 wait 128 126 1300
125 irecv 109 2100 200 0
125 irecv 109 2300 200 0
125 send 109 2300 3 0
125 send 109 2100 3 0
125 wait 110 126 2100
125 wait 110 126 2300
125 irecv 253 3100 200 0
125 irecv 253 3300 200 0
125 send 253 3300 9 0
125 send 253 3100 9 0
125 wait 254 126 3100
125 wait 254 126 3300
125 send 126 1300 18 0
125 send 124 1100 9 0
125 send 101 2300 18 0
125 send 117 2100 9 0
125 send 189 3300 18 0
125 send 61 3100 9 0
125 irecv 126 1100 200 0
125 irecv 124 1300 200 0
125 send 126 1300 1 0
125 send 124 1100 1 0
125 wait 127 126 1100
125 wait 125 126 1300
125 irecv 101 2100 200 0
125 irecv 117 2300 200 0
125 send 101 2300 3 0
125 send 117 2100 3 0
125 wait 102 126 2100
125 wait 118 126 2300
125 irecv 189 3100 200 0
125 irecv 61 3300 200 0
125 send 189 3300 9 0
125 send 61 3100 9 0
125 wait 190 126 3100
125 wait 62 126 3300
125 irecv 126 1100 200 0
125 irecv 124 1300 200 0
125 send 126 1300 1 0
125 send 124 1100 1 0
125 wait 127 126 1100
125 wait 125 126 1300
125 irecv 101 2100 200 0
125 irecv 117 2300 200 0
125 send 101 2300 3 0
125 send 117 2100 3 0
125 wait 102 126 2100
125 wait 118 126 2300
125 irecv 189 3100 200 0
125 irecv 61 3300 200 0
125 send 189 3300 9 0
125 send 61 3100 9 0
125 wait 190 126 3100
125 wait 62 126 3300
125 send 97 2300 24 0
125 send 121 2100 12 0
125 send 157 3300 24 0
125 send 93 3100 12 0
125 irecv 126 1100 200 0
125 irecv 124 1300 200 0
125 send 126 1300 1 0
125 send 124 1100 1 0
125 wait 127 126 1100
125 wait 125 126 1300
125 irecv 97 2100 200 0
125 irecv 121 2300 200 0
125 send 97 2300 4 0
125 send 121 2100 4 0
125 wait 98 126 2100
125 wait 122 126 2300
125 irecv 157 3100 200 0
125 irecv 93 3300 200 0
125 send 157 3300 12 0
125 send 93 3100 12 0
125 wait 158 126 3100
125 wait 94 126 3300
125 irecv 126 1100 200 0
125 irecv 124 1300 200 0
125 send 126 1300 1 0
125 send 124 1100 1 0
125 wait 127 126 1100
125 wait 125 126 1300
125 irecv 97 2100 200 0
125 irecv 121 2300 200 0
125 send 97 2300 4 0
125 send 121 2100 4 0
125 wait 98 126 2100
125 wait 122 126 2300
125 irecv 157 3100 200 0
125 irecv 93 3300 200 0
125 send 157 3300 12 0
125 send 93 3100 12 0
125 wait 158 126 3100
125 wait 94 126 3300
125 irecv 126 1100 200 0
125 irecv 124 1300 200 0
125 send 126 1300 4 0
125 send 124 1100 4 0
125 wait 127 126 1100
125 wait 125 126 1300
125 irecv 97 2100 200 0
125 irecv 121 2300 200 0
125 send 97 2300 12 0
125 send 121 2100 12 0
125 wait 98 126 2100
125 wait 122 126 2300
125 irecv 157 3100 200 0
125 irecv 93 3300 200 0
125 send 157 3300 24 0
125 send 93 3100 24 0
125 wait 158 126 3100
125 wait 94 126 3300
125 irecv 126 1100 200 0
125 irecv 124 1300 200 0
125 send 126 1300 4 0
125 send 124 1100 4 0
125 wait 127 126 1100
125 wait 125 126 1300
125 irecv 97 2100 200 0
125 irecv 121 2300 200 0
125 send 97 2300 12 0
125 send 121 2100 12 0
125 wait 98 126 2100
125 wait 122 126 2300
125 irecv 157 3100 200 0
125 irecv 93 3300 200 0
125 send 157 3300 24 0
125 send 93 3100 24 0
125 wait 158 126 3100
125 wait 94 126 3300
125 irecv 126 1100 200 0
125 irecv 124 1300 200 0
125 send 126 1300 16 0
125 send 124 1100 16 0
125 wait 127 126 1100
125 wait 125 126 1300
125 irecv 97 2100 200 0
125 irecv 121 2300 200 0
125 send 97 2300 40 0
125 send 121 2100 40 0
125 wait 98 126 2100
125 wait 122 126 2300
125 irecv 157 3100 200 0
125 irecv 93 3300 200 0
125 send 157 3300 60 0
125 send 93 3100 60 0
125 wait 158 126 3100
125 wait 94 126 3300
125 irecv 126 1100 200 0
125 irecv 124 1300 200 0
125 send 126 1300 16 0
125 send 124 1100 16 0
125 wait 127 126 1100
125 wait 125 126 1300
125 irecv 97 2100 200 0
125 irecv 121 2300 200 0
125 send 97 2300 40 0
125 send 121 2100 40 0
125 wait 98 126 2100
125 wait 122 126 2300
125 irecv 157 3100 200 0
125 irecv 93 3300 200 0
125 send 157 3300 60 0
125 send 93 3100 60 0
125 wait 158 126 3100
125 wait 94 126 3300
125 irecv 126 1100 200 0
125 irecv 124 1300 200 0
125 send 126 1300 16 0
125 send 124 1100 16 0
125 wait 127 126 1100
125 wait 125 126 1300
125 irecv 97 2100 200 0
125 irecv 121 2300 200 0
125 send 97 2300 40 0
125 send 121 2100 40 0
125 wait 98 126 2100
125 wait 122 126 2300
125 irecv 157 3100 200 0
125 irecv 93 3300 200 0
125 send 157 3300 60 0
125 send 93 3100 60 0
125 wait 158 126 3100
125 wait 94 126 3300
125 barrier
125 allreduce 1 0 0 
125 allreduce 4 0 1 
125 allreduce 1 0 0 
125 allreduce 4 0 1 
125 allreduce 1 0 0 
125 allreduce 4 0 1 
125 allreduce 1 0 0 
125 allreduce 4 0 1 
125 allreduce 1 0 0 
125 allreduce 4 0 1 
125 allreduce 1 0 0 
125 allreduce 4 0 1 
125 allreduce 1 0 0 
125 allreduce 4 0 1 
125 allreduce 1 0 0 
125 allreduce 4 0 1 
125 allreduce 1 0 0 
125 allreduce 4 0 1 
125 allreduce 1 0 0 
125 allreduce 4 0 1 
125 allreduce 1 0 0 
125 allreduce 4 0 1 
125 allreduce 1 0 0 
125 allreduce 4 0 1 
125 allreduce 1 0 0 
125 allreduce 4 0 1 
125 allreduce 1 0 0 
125 allreduce 4 0 1 
125 allreduce 1 0 0 
125 allreduce 4 0 1 
125 allreduce 1 0 0 
125 allreduce 4 0 1 
125 allreduce 1 0 0 
125 allreduce 4 0 1 
125 allreduce 1 0 0 
125 allreduce 4 0 1 
125 allreduce 1 0 0 
125 allreduce 4 0 1 
125 allreduce 1 0 0 
125 allreduce 4 0 1 
125 barrier
125 irecv 126 1100 200 0
125 irecv 124 1300 200 0
125 send 126 1300 16 0
125 send 124 1100 16 0
125 wait 127 126 1100
125 wait 125 126 1300
125 irecv 97 2100 200 0
125 irecv 121 2300 200 0
125 send 97 2300 40 0
125 send 121 2100 40 0
125 wait 98 126 2100
125 wait 122 126 2300
125 irecv 157 3100 200 0
125 irecv 93 3300 200 0
125 send 157 3300 60 0
125 send 93 3100 60 0
125 wait 158 126 3100
125 wait 94 126 3300
125 barrier
125 irecv 126 1100 200 0
125 irecv 124 1300 200 0
125 send 126 1300 16 0
125 send 124 1100 16 0
125 wait 127 126 1100
125 wait 125 126 1300
125 irecv 97 2100 200 0
125 irecv 121 2300 200 0
125 send 97 2300 40 0
125 send 121 2100 40 0
125 wait 98 126 2100
125 wait 122 126 2300
125 irecv 157 3100 200 0
125 irecv 93 3300 200 0
125 send 157 3300 60 0
125 send 93 3100 60 0
125 wait 158 126 3100
125 wait 94 126 3300
125 allreduce 1 0 0 
125 allreduce 1 0 0 
125 irecv 126 1100 200 0
125 irecv 124 1300 200 0
125 send 126 1300 4 0
125 send 124 1100 4 0
125 wait 127 126 1100
125 wait 125 126 1300
125 irecv 97 2100 200 0
125 irecv 121 2300 200 0
125 send 97 2300 12 0
125 send 121 2100 12 0
125 wait 98 126 2100
125 wait 122 126 2300
125 irecv 157 3100 200 0
125 irecv 93 3300 200 0
125 send 157 3300 24 0
125 send 93 3100 24 0
125 wait 158 126 3100
125 wait 94 126 3300
125 irecv 126 1100 200 0
125 irecv 124 1300 200 0
125 send 126 1300 1 0
125 send 124 1100 1 0
125 wait 127 126 1100
125 wait 125 126 1300
125 irecv 97 2100 200 0
125 irecv 121 2300 200 0
125 send 97 2300 4 0
125 send 121 2100 4 0
125 wait 98 126 2100
125 wait 122 126 2300
125 irecv 157 3100 200 0
125 irecv 93 3300 200 0
125 send 157 3300 12 0
125 send 93 3100 12 0
125 wait 158 126 3100
125 wait 94 126 3300
125 irecv 126 1100 200 0
125 irecv 124 1300 200 0
125 send 126 1300 1 0
125 send 124 1100 1 0
125 wait 127 126 1100
125 wait 125 126 1300
125 irecv 101 2100 200 0
125 irecv 117 2300 200 0
125 send 101 2300 3 0
125 send 117 2100 3 0
125 wait 102 126 2100
125 wait 118 126 2300
125 irecv 189 3100 200 0
125 irecv 61 3300 200 0
125 send 189 3300 9 0
125 send 61 3100 9 0
125 wait 190 126 3100
125 wait 62 126 3300
125 irecv 127 1100 200 0
125 irecv 127 1300 200 0
125 send 127 1300 1 0
125 send 127 1100 1 0
125 wait 128 126 1100
125 wait 128 126 1300
125 irecv 109 2100 200 0
125 irecv 109 2300 200 0
125 send 109 2300 3 0
125 send 109 2100 3 0
125 wait 110 126 2100
125 wait 110 126 2300
125 irecv 253 3100 200 0
125 irecv 253 3300 200 0
125 send 253 3300 9 0
125 send 253 3100 9 0
125 wait 254 126 3100
125 wait 254 126 3300
125 irecv 127 1100 200 0
125 irecv 127 1300 200 0
125 send 127 1300 1 0
125 send 127 1100 1 0
125 wait 128 126 1100
125 wait 128 126 1300
125 irecv 109 2100 200 0
125 irecv 109 2300 200 0
125 send 109 2300 3 0
125 send 109 2100 3 0
125 wait 110 126 2100
125 wait 110 126 2300
125 irecv 253 3100 200 0
125 irecv 253 3300 200 0
125 send 253 3300 9 0
125 send 253 3100 9 0
125 wait 254 126 3100
125 wait 254 126 3300
125 send 126 1300 18 0
125 send 124 1100 9 0
125 send 101 2300 18 0
125 send 117 2100 9 0
125 send 189 3300 18 0
125 send 61 3100 9 0
125 irecv 126 1100 200 0
125 irecv 124 1300 200 0
125 send 126 1300 1 0
125 send 124 1100 1 0
125 wait 127 126 1100
125 wait 125 126 1300
125 irecv 101 2100 200 0
125 irecv 117 2300 200 0
125 send 101 2300 3 0
125 send 117 2100 3 0
125 wait 102 126 2100
125 wait 118 126 2300
125 irecv 189 3100 200 0
125 irecv 61 3300 200 0
125 send 189 3300 9 0
125 send 61 3100 9 0
125 wait 190 126 3100
125 wait 62 126 3300
125 irecv 126 1100 200 0
125 irecv 124 1300 200 0
125 send 126 1300 1 0
125 send 124 1100 1 0
125 wait 127 126 1100
125 wait 125 126 1300
125 irecv 101 2100 200 0
125 irecv 117 2300 200 0
125 send 101 2300 3 0
125 send 117 2100 3 0
125 wait 102 126 2100
125 wait 118 126 2300
125 irecv 189 3100 200 0
125 irecv 61 3300 200 0
125 send 189 3300 9 0
125 send 61 3100 9 0
125 wait 190 126 3100
125 wait 62 126 3300
125 send 97 2300 24 0
125 send 121 2100 12 0
125 send 157 3300 24 0
125 send 93 3100 12 0
125 irecv 126 1100 200 0
125 irecv 124 1300 200 0
125 send 126 1300 1 0
125 send 124 1100 1 0
125 wait 127 126 1100
125 wait 125 126 1300
125 irecv 97 2100 200 0
125 irecv 121 2300 200 0
125 send 97 2300 4 0
125 send 121 2100 4 0
125 wait 98 126 2100
125 wait 122 126 2300
125 irecv 157 3100 200 0
125 irecv 93 3300 200 0
125 send 157 3300 12 0
125 send 93 3100 12 0
125 wait 158 126 3100
125 wait 94 126 3300
125 irecv 126 1100 200 0
125 irecv 124 1300 200 0
125 send 126 1300 1 0
125 send 124 1100 1 0
125 wait 127 126 1100
125 wait 125 126 1300
125 irecv 97 2100 200 0
125 irecv 121 2300 200 0
125 send 97 2300 4 0
125 send 121 2100 4 0
125 wait 98 126 2100
125 wait 122 126 2300
125 irecv 157 3100 200 0
125 irecv 93 3300 200 0
125 send 157 3300 12 0
125 send 93 3100 12 0
125 wait 158 126 3100
125 wait 94 126 3300
125 irecv 126 1100 200 0
125 irecv 124 1300 200 0
125 send 126 1300 4 0
125 send 124 1100 4 0
125 wait 127 126 1100
125 wait 125 126 1300
125 irecv 97 2100 200 0
125 irecv 121 2300 200 0
125 send 97 2300 12 0
125 send 121 2100 12 0
125 wait 98 126 2100
125 wait 122 126 2300
125 irecv 157 3100 200 0
125 irecv 93 3300 200 0
125 send 157 3300 24 0
125 send 93 3100 24 0
125 wait 158 126 3100
125 wait 94 126 3300
125 irecv 126 1100 200 0
125 irecv 124 1300 200 0
125 send 126 1300 4 0
125 send 124 1100 4 0
125 wait 127 126 1100
125 wait 125 126 1300
125 irecv 97 2100 200 0
125 irecv 121 2300 200 0
125 send 97 2300 12 0
125 send 121 2100 12 0
125 wait 98 126 2100
125 wait 122 126 2300
125 irecv 157 3100 200 0
125 irecv 93 3300 200 0
125 send 157 3300 24 0
125 send 93 3100 24 0
125 wait 158 126 3100
125 wait 94 126 3300
125 irecv 126 1100 200 0
125 irecv 124 1300 200 0
125 send 126 1300 16 0
125 send 124 1100 16 0
125 wait 127 126 1100
125 wait 125 126 1300
125 irecv 97 2100 200 0
125 irecv 121 2300 200 0
125 send 97 2300 40 0
125 send 121 2100 40 0
125 wait 98 126 2100
125 wait 122 126 2300
125 irecv 157 3100 200 0
125 irecv 93 3300 200 0
125 send 157 3300 60 0
125 send 93 3100 60 0
125 wait 158 126 3100
125 wait 94 126 3300
125 irecv 126 1100 200 0
125 irecv 124 1300 200 0
125 send 126 1300 16 0
125 send 124 1100 16 0
125 wait 127 126 1100
125 wait 125 126 1300
125 irecv 97 2100 200 0
125 irecv 121 2300 200 0
125 send 97 2300 40 0
125 send 121 2100 40 0
125 wait 98 126 2100
125 wait 122 126 2300
125 irecv 157 3100 200 0
125 irecv 93 3300 200 0
125 send 157 3300 60 0
125 send 93 3100 60 0
125 wait 158 126 3100
125 wait 94 126 3300
125 irecv 126 1100 200 0
125 irecv 124 1300 200 0
125 send 126 1300 16 0
125 send 124 1100 16 0
125 wait 127 126 1100
125 wait 125 126 1300
125 irecv 97 2100 200 0
125 irecv 121 2300 200 0
125 send 97 2300 40 0
125 send 121 2100 40 0
125 wait 98 126 2100
125 wait 122 126 2300
125 irecv 157 3100 200 0
125 irecv 93 3300 200 0
125 send 157 3300 60 0
125 send 93 3100 60 0
125 wait 158 126 3100
125 wait 94 126 3300
125 irecv 126 1100 200 0
125 irecv 124 1300 200 0
125 send 126 1300 4 0
125 send 124 1100 4 0
125 wait 127 126 1100
125 wait 125 126 1300
125 irecv 97 2100 200 0
125 irecv 121 2300 200 0
125 send 97 2300 12 0
125 send 121 2100 12 0
125 wait 98 126 2100
125 wait 122 126 2300
125 irecv 157 3100 200 0
125 irecv 93 3300 200 0
125 send 157 3300 24 0
125 send 93 3100 24 0
125 wait 158 126 3100
125 wait 94 126 3300
125 irecv 126 1100 200 0
125 irecv 124 1300 200 0
125 send 126 1300 1 0
125 send 124 1100 1 0
125 wait 127 126 1100
125 wait 125 126 1300
125 irecv 97 2100 200 0
125 irecv 121 2300 200 0
125 send 97 2300 4 0
125 send 121 2100 4 0
125 wait 98 126 2100
125 wait 122 126 2300
125 irecv 157 3100 200 0
125 irecv 93 3300 200 0
125 send 157 3300 12 0
125 send 93 3100 12 0
125 wait 158 126 3100
125 wait 94 126 3300
125 irecv 126 1100 200 0
125 irecv 124 1300 200 0
125 send 126 1300 1 0
125 send 124 1100 1 0
125 wait 127 126 1100
125 wait 125 126 1300
125 irecv 101 2100 200 0
125 irecv 117 2300 200 0
125 send 101 2300 3 0
125 send 117 2100 3 0
125 wait 102 126 2100
125 wait 118 126 2300
125 irecv 189 3100 200 0
125 irecv 61 3300 200 0
125 send 189 3300 9 0
125 send 61 3100 9 0
125 wait 190 126 3100
125 wait 62 126 3300
125 irecv 127 1100 200 0
125 irecv 127 1300 200 0
125 send 127 1300 1 0
125 send 127 1100 1 0
125 wait 128 126 1100
125 wait 128 126 1300
125 irecv 109 2100 200 0
125 irecv 109 2300 200 0
125 send 109 2300 3 0
125 send 109 2100 3 0
125 wait 110 126 2100
125 wait 110 126 2300
125 irecv 253 3100 200 0
125 irecv 253 3300 200 0
125 send 253 3300 9 0
125 send 253 3100 9 0
125 wait 254 126 3100
125 wait 254 126 3300
125 irecv 127 1100 200 0
125 irecv 127 1300 200 0
125 send 127 1300 1 0
125 send 127 1100 1 0
125 wait 128 126 1100
125 wait 128 126 1300
125 irecv 109 2100 200 0
125 irecv 109 2300 200 0
125 send 109 2300 3 0
125 send 109 2100 3 0
125 wait 110 126 2100
125 wait 110 126 2300
125 irecv 253 3100 200 0
125 irecv 253 3300 200 0
125 send 253 3300 9 0
125 send 253 3100 9 0
125 wait 254 126 3100
125 wait 254 126 3300
125 send 126 1300 18 0
125 send 124 1100 9 0
125 send 101 2300 18 0
125 send 117 2100 9 0
125 send 189 3300 18 0
125 send 61 3100 9 0
125 irecv 126 1100 200 0
125 irecv 124 1300 200 0
125 send 126 1300 1 0
125 send 124 1100 1 0
125 wait 127 126 1100
125 wait 125 126 1300
125 irecv 101 2100 200 0
125 irecv 117 2300 200 0
125 send 101 2300 3 0
125 send 117 2100 3 0
125 wait 102 126 2100
125 wait 118 126 2300
125 irecv 189 3100 200 0
125 irecv 61 3300 200 0
125 send 189 3300 9 0
125 send 61 3100 9 0
125 wait 190 126 3100
125 wait 62 126 3300
125 irecv 126 1100 200 0
125 irecv 124 1300 200 0
125 send 126 1300 1 0
125 send 124 1100 1 0
125 wait 127 126 1100
125 wait 125 126 1300
125 irecv 101 2100 200 0
125 irecv 117 2300 200 0
125 send 101 2300 3 0
125 send 117 2100 3 0
125 wait 102 126 2100
125 wait 118 126 2300
125 irecv 189 3100 200 0
125 irecv 61 3300 200 0
125 send 189 3300 9 0
125 send 61 3100 9 0
125 wait 190 126 3100
125 wait 62 126 3300
125 send 97 2300 24 0
125 send 121 2100 12 0
125 send 157 3300 24 0
125 send 93 3100 12 0
125 irecv 126 1100 200 0
125 irecv 124 1300 200 0
125 send 126 1300 1 0
125 send 124 1100 1 0
125 wait 127 126 1100
125 wait 125 126 1300
125 irecv 97 2100 200 0
125 irecv 121 2300 200 0
125 send 97 2300 4 0
125 send 121 2100 4 0
125 wait 98 126 2100
125 wait 122 126 2300
125 irecv 157 3100 200 0
125 irecv 93 3300 200 0
125 send 157 3300 12 0
125 send 93 3100 12 0
125 wait 158 126 3100
125 wait 94 126 3300
125 irecv 126 1100 200 0
125 irecv 124 1300 200 0
125 send 126 1300 1 0
125 send 124 1100 1 0
125 wait 127 126 1100
125 wait 125 126 1300
125 irecv 97 2100 200 0
125 irecv 121 2300 200 0
125 send 97 2300 4 0
125 send 121 2100 4 0
125 wait 98 126 2100
125 wait 122 126 2300
125 irecv 157 3100 200 0
125 irecv 93 3300 200 0
125 send 157 3300 12 0
125 send 93 3100 12 0
125 wait 158 126 3100
125 wait 94 126 3300
125 irecv 126 1100 200 0
125 irecv 124 1300 200 0
125 send 126 1300 4 0
125 send 124 1100 4 0
125 wait 127 126 1100
125 wait 125 126 1300
125 irecv 97 2100 200 0
125 irecv 121 2300 200 0
125 send 97 2300 12 0
125 send 121 2100 12 0
125 wait 98 126 2100
125 wait 122 126 2300
125 irecv 157 3100 200 0
125 irecv 93 3300 200 0
125 send 157 3300 24 0
125 send 93 3100 24 0
125 wait 158 126 3100
125 wait 94 126 3300
125 irecv 126 1100 200 0
125 irecv 124 1300 200 0
125 send 126 1300 4 0
125 send 124 1100 4 0
125 wait 127 126 1100
125 wait 125 126 1300
125 irecv 97 2100 200 0
125 irecv 121 2300 200 0
125 send 97 2300 12 0
125 send 121 2100 12 0
125 wait 98 126 2100
125 wait 122 126 2300
125 irecv 157 3100 200 0
125 irecv 93 3300 200 0
125 send 157 3300 24 0
125 send 93 3100 24 0
125 wait 158 126 3100
125 wait 94 126 3300
125 irecv 126 1100 200 0
125 irecv 124 1300 200 0
125 send 126 1300 16 0
125 send 124 1100 16 0
125 wait 127 126 1100
125 wait 125 126 1300
125 irecv 97 2100 200 0
125 irecv 121 2300 200 0
125 send 97 2300 40 0
125 send 121 2100 40 0
125 wait 98 126 2100
125 wait 122 126 2300
125 irecv 157 3100 200 0
125 irecv 93 3300 200 0
125 send 157 3300 60 0
125 send 93 3100 60 0
125 wait 158 126 3100
125 wait 94 126 3300
125 irecv 126 1100 200 0
125 irecv 124 1300 200 0
125 send 126 1300 16 0
125 send 124 1100 16 0
125 wait 127 126 1100
125 wait 125 126 1300
125 irecv 97 2100 200 0
125 irecv 121 2300 200 0
125 send 97 2300 40 0
125 send 121 2100 40 0
125 wait 98 126 2100
125 wait 122 126 2300
125 irecv 157 3100 200 0
125 irecv 93 3300 200 0
125 send 157 3300 60 0
125 send 93 3100 60 0
125 wait 158 126 3100
125 wait 94 126 3300
125 irecv 126 1100 200 0
125 irecv 124 1300 200 0
125 send 126 1300 16 0
125 send 124 1100 16 0
125 wait 127 126 1100
125 wait 125 126 1300
125 irecv 97 2100 200 0
125 irecv 121 2300 200 0
125 send 97 2300 40 0
125 send 121 2100 40 0
125 wait 98 126 2100
125 wait 122 126 2300
125 irecv 157 3100 200 0
125 irecv 93 3300 200 0
125 send 157 3300 60 0
125 send 93 3100 60 0
125 wait 158 126 3100
125 wait 94 126 3300
125 irecv 126 1100 200 0
125 irecv 124 1300 200 0
125 send 126 1300 4 0
125 send 124 1100 4 0
125 wait 127 126 1100
125 wait 125 126 1300
125 irecv 97 2100 200 0
125 irecv 121 2300 200 0
125 send 97 2300 12 0
125 send 121 2100 12 0
125 wait 98 126 2100
125 wait 122 126 2300
125 irecv 157 3100 200 0
125 irecv 93 3300 200 0
125 send 157 3300 24 0
125 send 93 3100 24 0
125 wait 158 126 3100
125 wait 94 126 3300
125 irecv 126 1100 200 0
125 irecv 124 1300 200 0
125 send 126 1300 1 0
125 send 124 1100 1 0
125 wait 127 126 1100
125 wait 125 126 1300
125 irecv 97 2100 200 0
125 irecv 121 2300 200 0
125 send 97 2300 4 0
125 send 121 2100 4 0
125 wait 98 126 2100
125 wait 122 126 2300
125 irecv 157 3100 200 0
125 irecv 93 3300 200 0
125 send 157 3300 12 0
125 send 93 3100 12 0
125 wait 158 126 3100
125 wait 94 126 3300
125 irecv 126 1100 200 0
125 irecv 124 1300 200 0
125 send 126 1300 1 0
125 send 124 1100 1 0
125 wait 127 126 1100
125 wait 125 126 1300
125 irecv 101 2100 200 0
125 irecv 117 2300 200 0
125 send 101 2300 3 0
125 send 117 2100 3 0
125 wait 102 126 2100
125 wait 118 126 2300
125 irecv 189 3100 200 0
125 irecv 61 3300 200 0
125 send 189 3300 9 0
125 send 61 3100 9 0
125 wait 190 126 3100
125 wait 62 126 3300
125 irecv 127 1100 200 0
125 irecv 127 1300 200 0
125 send 127 1300 1 0
125 send 127 1100 1 0
125 wait 128 126 1100
125 wait 128 126 1300
125 irecv 109 2100 200 0
125 irecv 109 2300 200 0
125 send 109 2300 3 0
125 send 109 2100 3 0
125 wait 110 126 2100
125 wait 110 126 2300
125 irecv 253 3100 200 0
125 irecv 253 3300 200 0
125 send 253 3300 9 0
125 send 253 3100 9 0
125 wait 254 126 3100
125 wait 254 126 3300
125 irecv 127 1100 200 0
125 irecv 127 1300 200 0
125 send 127 1300 1 0
125 send 127 1100 1 0
125 wait 128 126 1100
125 wait 128 126 1300
125 irecv 109 2100 200 0
125 irecv 109 2300 200 0
125 send 109 2300 3 0
125 send 109 2100 3 0
125 wait 110 126 2100
125 wait 110 126 2300
125 irecv 253 3100 200 0
125 irecv 253 3300 200 0
125 send 253 3300 9 0
125 send 253 3100 9 0
125 wait 254 126 3100
125 wait 254 126 3300
125 send 126 1300 18 0
125 send 124 1100 9 0
125 send 101 2300 18 0
125 send 117 2100 9 0
125 send 189 3300 18 0
125 send 61 3100 9 0
125 irecv 126 1100 200 0
125 irecv 124 1300 200 0
125 send 126 1300 1 0
125 send 124 1100 1 0
125 wait 127 126 1100
125 wait 125 126 1300
125 irecv 101 2100 200 0
125 irecv 117 2300 200 0
125 send 101 2300 3 0
125 send 117 2100 3 0
125 wait 102 126 2100
125 wait 118 126 2300
125 irecv 189 3100 200 0
125 irecv 61 3300 200 0
125 send 189 3300 9 0
125 send 61 3100 9 0
125 wait 190 126 3100
125 wait 62 126 3300
125 irecv 126 1100 200 0
125 irecv 124 1300 200 0
125 send 126 1300 1 0
125 send 124 1100 1 0
125 wait 127 126 1100
125 wait 125 126 1300
125 irecv 101 2100 200 0
125 irecv 117 2300 200 0
125 send 101 2300 3 0
125 send 117 2100 3 0
125 wait 102 126 2100
125 wait 118 126 2300
125 irecv 189 3100 200 0
125 irecv 61 3300 200 0
125 send 189 3300 9 0
125 send 61 3100 9 0
125 wait 190 126 3100
125 wait 62 126 3300
125 send 97 2300 24 0
125 send 121 2100 12 0
125 send 157 3300 24 0
125 send 93 3100 12 0
125 irecv 126 1100 200 0
125 irecv 124 1300 200 0
125 send 126 1300 1 0
125 send 124 1100 1 0
125 wait 127 126 1100
125 wait 125 126 1300
125 irecv 97 2100 200 0
125 irecv 121 2300 200 0
125 send 97 2300 4 0
125 send 121 2100 4 0
125 wait 98 126 2100
125 wait 122 126 2300
125 irecv 157 3100 200 0
125 irecv 93 3300 200 0
125 send 157 3300 12 0
125 send 93 3100 12 0
125 wait 158 126 3100
125 wait 94 126 3300
125 irecv 126 1100 200 0
125 irecv 124 1300 200 0
125 send 126 1300 1 0
125 send 124 1100 1 0
125 wait 127 126 1100
125 wait 125 126 1300
125 irecv 97 2100 200 0
125 irecv 121 2300 200 0
125 send 97 2300 4 0
125 send 121 2100 4 0
125 wait 98 126 2100
125 wait 122 126 2300
125 irecv 157 3100 200 0
125 irecv 93 3300 200 0
125 send 157 3300 12 0
125 send 93 3100 12 0
125 wait 158 126 3100
125 wait 94 126 3300
125 irecv 126 1100 200 0
125 irecv 124 1300 200 0
125 send 126 1300 4 0
125 send 124 1100 4 0
125 wait 127 126 1100
125 wait 125 126 1300
125 irecv 97 2100 200 0
125 irecv 121 2300 200 0
125 send 97 2300 12 0
125 send 121 2100 12 0
125 wait 98 126 2100
125 wait 122 126 2300
125 irecv 157 3100 200 0
125 irecv 93 3300 200 0
125 send 157 3300 24 0
125 send 93 3100 24 0
125 wait 158 126 3100
125 wait 94 126 3300
125 irecv 126 1100 200 0
125 irecv 124 1300 200 0
125 send 126 1300 4 0
125 send 124 1100 4 0
125 wait 127 126 1100
125 wait 125 126 1300
125 irecv 97 2100 200 0
125 irecv 121 2300 200 0
125 send 97 2300 12 0
125 send 121 2100 12 0
125 wait 98 126 2100
125 wait 122 126 2300
125 irecv 157 3100 200 0
125 irecv 93 3300 200 0
125 send 157 3300 24 0
125 send 93 3100 24 0
125 wait 158 126 3100
125 wait 94 126 3300
125 irecv 126 1100 200 0
125 irecv 124 1300 200 0
125 send 126 1300 16 0
125 send 124 1100 16 0
125 wait 127 126 1100
125 wait 125 126 1300
125 irecv 97 2100 200 0
125 irecv 121 2300 200 0
125 send 97 2300 40 0
125 send 121 2100 40 0
125 wait 98 126 2100
125 wait 122 126 2300
125 irecv 157 3100 200 0
125 irecv 93 3300 200 0
125 send 157 3300 60 0
125 send 93 3100 60 0
125 wait 158 126 3100
125 wait 94 126 3300
125 irecv 126 1100 200 0
125 irecv 124 1300 200 0
125 send 126 1300 16 0
125 send 124 1100 16 0
125 wait 127 126 1100
125 wait 125 126 1300
125 irecv 97 2100 200 0
125 irecv 121 2300 200 0
125 send 97 2300 40 0
125 send 121 2100 40 0
125 wait 98 126 2100
125 wait 122 126 2300
125 irecv 157 3100 200 0
125 irecv 93 3300 200 0
125 send 157 3300 60 0
125 send 93 3100 60 0
125 wait 158 126 3100
125 wait 94 126 3300
125 irecv 126 1100 200 0
125 irecv 124 1300 200 0
125 send 126 1300 16 0
125 send 124 1100 16 0
125 wait 127 126 1100
125 wait 125 126 1300
125 irecv 97 2100 200 0
125 irecv 121 2300 200 0
125 send 97 2300 40 0
125 send 121 2100 40 0
125 wait 98 126 2100
125 wait 122 126 2300
125 irecv 157 3100 200 0
125 irecv 93 3300 200 0
125 send 157 3300 60 0
125 send 93 3100 60 0
125 wait 158 126 3100
125 wait 94 126 3300
125 irecv 126 1100 200 0
125 irecv 124 1300 200 0
125 send 126 1300 4 0
125 send 124 1100 4 0
125 wait 127 126 1100
125 wait 125 126 1300
125 irecv 97 2100 200 0
125 irecv 121 2300 200 0
125 send 97 2300 12 0
125 send 121 2100 12 0
125 wait 98 126 2100
125 wait 122 126 2300
125 irecv 157 3100 200 0
125 irecv 93 3300 200 0
125 send 157 3300 24 0
125 send 93 3100 24 0
125 wait 158 126 3100
125 wait 94 126 3300
125 irecv 126 1100 200 0
125 irecv 124 1300 200 0
125 send 126 1300 1 0
125 send 124 1100 1 0
125 wait 127 126 1100
125 wait 125 126 1300
125 irecv 97 2100 200 0
125 irecv 121 2300 200 0
125 send 97 2300 4 0
125 send 121 2100 4 0
125 wait 98 126 2100
125 wait 122 126 2300
125 irecv 157 3100 200 0
125 irecv 93 3300 200 0
125 send 157 3300 12 0
125 send 93 3100 12 0
125 wait 158 126 3100
125 wait 94 126 3300
125 irecv 126 1100 200 0
125 irecv 124 1300 200 0
125 send 126 1300 1 0
125 send 124 1100 1 0
125 wait 127 126 1100
125 wait 125 126 1300
125 irecv 101 2100 200 0
125 irecv 117 2300 200 0
125 send 101 2300 3 0
125 send 117 2100 3 0
125 wait 102 126 2100
125 wait 118 126 2300
125 irecv 189 3100 200 0
125 irecv 61 3300 200 0
125 send 189 3300 9 0
125 send 61 3100 9 0
125 wait 190 126 3100
125 wait 62 126 3300
125 irecv 127 1100 200 0
125 irecv 127 1300 200 0
125 send 127 1300 1 0
125 send 127 1100 1 0
125 wait 128 126 1100
125 wait 128 126 1300
125 irecv 109 2100 200 0
125 irecv 109 2300 200 0
125 send 109 2300 3 0
125 send 109 2100 3 0
125 wait 110 126 2100
125 wait 110 126 2300
125 irecv 253 3100 200 0
125 irecv 253 3300 200 0
125 send 253 3300 9 0
125 send 253 3100 9 0
125 wait 254 126 3100
125 wait 254 126 3300
125 irecv 127 1100 200 0
125 irecv 127 1300 200 0
125 send 127 1300 1 0
125 send 127 1100 1 0
125 wait 128 126 1100
125 wait 128 126 1300
125 irecv 109 2100 200 0
125 irecv 109 2300 200 0
125 send 109 2300 3 0
125 send 109 2100 3 0
125 wait 110 126 2100
125 wait 110 126 2300
125 irecv 253 3100 200 0
125 irecv 253 3300 200 0
125 send 253 3300 9 0
125 send 253 3100 9 0
125 wait 254 126 3100
125 wait 254 126 3300
125 send 126 1300 18 0
125 send 124 1100 9 0
125 send 101 2300 18 0
125 send 117 2100 9 0
125 send 189 3300 18 0
125 send 61 3100 9 0
125 irecv 126 1100 200 0
125 irecv 124 1300 200 0
125 send 126 1300 1 0
125 send 124 1100 1 0
125 wait 127 126 1100
125 wait 125 126 1300
125 irecv 101 2100 200 0
125 irecv 117 2300 200 0
125 send 101 2300 3 0
125 send 117 2100 3 0
125 wait 102 126 2100
125 wait 118 126 2300
125 irecv 189 3100 200 0
125 irecv 61 3300 200 0
125 send 189 3300 9 0
125 send 61 3100 9 0
125 wait 190 126 3100
125 wait 62 126 3300
125 irecv 126 1100 200 0
125 irecv 124 1300 200 0
125 send 126 1300 1 0
125 send 124 1100 1 0
125 wait 127 126 1100
125 wait 125 126 1300
125 irecv 101 2100 200 0
125 irecv 117 2300 200 0
125 send 101 2300 3 0
125 send 117 2100 3 0
125 wait 102 126 2100
125 wait 118 126 2300
125 irecv 189 3100 200 0
125 irecv 61 3300 200 0
125 send 189 3300 9 0
125 send 61 3100 9 0
125 wait 190 126 3100
125 wait 62 126 3300
125 send 97 2300 24 0
125 send 121 2100 12 0
125 send 157 3300 24 0
125 send 93 3100 12 0
125 irecv 126 1100 200 0
125 irecv 124 1300 200 0
125 send 126 1300 1 0
125 send 124 1100 1 0
125 wait 127 126 1100
125 wait 125 126 1300
125 irecv 97 2100 200 0
125 irecv 121 2300 200 0
125 send 97 2300 4 0
125 send 121 2100 4 0
125 wait 98 126 2100
125 wait 122 126 2300
125 irecv 157 3100 200 0
125 irecv 93 3300 200 0
125 send 157 3300 12 0
125 send 93 3100 12 0
125 wait 158 126 3100
125 wait 94 126 3300
125 irecv 126 1100 200 0
125 irecv 124 1300 200 0
125 send 126 1300 1 0
125 send 124 1100 1 0
125 wait 127 126 1100
125 wait 125 126 1300
125 irecv 97 2100 200 0
125 irecv 121 2300 200 0
125 send 97 2300 4 0
125 send 121 2100 4 0
125 wait 98 126 2100
125 wait 122 126 2300
125 irecv 157 3100 200 0
125 irecv 93 3300 200 0
125 send 157 3300 12 0
125 send 93 3100 12 0
125 wait 158 126 3100
125 wait 94 126 3300
125 irecv 126 1100 200 0
125 irecv 124 1300 200 0
125 send 126 1300 4 0
125 send 124 1100 4 0
125 wait 127 126 1100
125 wait 125 126 1300
125 irecv 97 2100 200 0
125 irecv 121 2300 200 0
125 send 97 2300 12 0
125 send 121 2100 12 0
125 wait 98 126 2100
125 wait 122 126 2300
125 irecv 157 3100 200 0
125 irecv 93 3300 200 0
125 send 157 3300 24 0
125 send 93 3100 24 0
125 wait 158 126 3100
125 wait 94 126 3300
125 irecv 126 1100 200 0
125 irecv 124 1300 200 0
125 send 126 1300 4 0
125 send 124 1100 4 0
125 wait 127 126 1100
125 wait 125 126 1300
125 irecv 97 2100 200 0
125 irecv 121 2300 200 0
125 send 97 2300 12 0
125 send 121 2100 12 0
125 wait 98 126 2100
125 wait 122 126 2300
125 irecv 157 3100 200 0
125 irecv 93 3300 200 0
125 send 157 3300 24 0
125 send 93 3100 24 0
125 wait 158 126 3100
125 wait 94 126 3300
125 irecv 126 1100 200 0
125 irecv 124 1300 200 0
125 send 126 1300 16 0
125 send 124 1100 16 0
125 wait 127 126 1100
125 wait 125 126 1300
125 irecv 97 2100 200 0
125 irecv 121 2300 200 0
125 send 97 2300 40 0
125 send 121 2100 40 0
125 wait 98 126 2100
125 wait 122 126 2300
125 irecv 157 3100 200 0
125 irecv 93 3300 200 0
125 send 157 3300 60 0
125 send 93 3100 60 0
125 wait 158 126 3100
125 wait 94 126 3300
125 irecv 126 1100 200 0
125 irecv 124 1300 200 0
125 send 126 1300 16 0
125 send 124 1100 16 0
125 wait 127 126 1100
125 wait 125 126 1300
125 irecv 97 2100 200 0
125 irecv 121 2300 200 0
125 send 97 2300 40 0
125 send 121 2100 40 0
125 wait 98 126 2100
125 wait 122 126 2300
125 irecv 157 3100 200 0
125 irecv 93 3300 200 0
125 send 157 3300 60 0
125 send 93 3100 60 0
125 wait 158 126 3100
125 wait 94 126 3300
125 irecv 126 1100 200 0
125 irecv 124 1300 200 0
125 send 126 1300 16 0
125 send 124 1100 16 0
125 wait 127 126 1100
125 wait 125 126 1300
125 irecv 97 2100 200 0
125 irecv 121 2300 200 0
125 send 97 2300 40 0
125 send 121 2100 40 0
125 wait 98 126 2100
125 wait 122 126 2300
125 irecv 157 3100 200 0
125 irecv 93 3300 200 0
125 send 157 3300 60 0
125 send 93 3100 60 0
125 wait 158 126 3100
125 wait 94 126 3300
125 allreduce 1 0 0 
125 allreduce 1 0 0 
125 reduce 1 0 0 0 
125 finalize
