203 init
203 barrier
203 bcast 1 0 1 
203 bcast 1 0 1 
203 bcast 1 0 1 
203 bcast 1 0 1 
203 bcast 1 0 1 
203 bcast 8 0 1 
203 bcast 1 0 16 
203 barrier
203 allreduce 1 0 0 
203 allreduce 4 0 1 
203 allreduce 1 0 0 
203 allreduce 4 0 1 
203 allreduce 1 0 0 
203 allreduce 4 0 1 
203 allreduce 1 0 0 
203 allreduce 4 0 1 
203 allreduce 1 0 0 
203 allreduce 4 0 1 
203 allreduce 1 0 0 
203 allreduce 4 0 1 
203 allreduce 1 0 0 
203 allreduce 4 0 1 
203 allreduce 1 0 0 
203 allreduce 4 0 1 
203 allreduce 1 0 0 
203 allreduce 4 0 1 
203 allreduce 1 0 0 
203 allreduce 4 0 1 
203 allreduce 1 0 0 
203 allreduce 4 0 1 
203 allreduce 1 0 0 
203 allreduce 4 0 1 
203 allreduce 1 0 0 
203 allreduce 4 0 1 
203 allreduce 1 0 0 
203 allreduce 4 0 1 
203 allreduce 1 0 0 
203 allreduce 4 0 1 
203 allreduce 1 0 0 
203 allreduce 4 0 1 
203 allreduce 1 0 0 
203 allreduce 4 0 1 
203 allreduce 1 0 0 
203 allreduce 4 0 1 
203 allreduce 1 0 0 
203 allreduce 4 0 1 
203 allreduce 1 0 0 
203 allreduce 4 0 1 
203 barrier
203 irecv 200 1100 200 0
203 irecv 202 1300 200 0
203 send 200 1300 16 0
203 send 202 1100 16 0
203 wait 201 204 1100
203 wait 203 204 1300
203 irecv 207 2100 200 0
203 irecv 199 2300 200 0
203 send 207 2300 40 0
203 send 199 2100 40 0
203 wait 208 204 2100
203 wait 200 204 2300
203 irecv 235 3100 200 0
203 irecv 171 3300 200 0
203 send 235 3300 60 0
203 send 171 3100 60 0
203 wait 236 204 3100
203 wait 172 204 3300
203 allreduce 1 0 0 
203 allreduce 1 0 0 
203 irecv 200 1100 200 0
203 irecv 202 1300 200 0
203 send 200 1300 16 0
203 send 202 1100 16 0
203 wait 201 204 1100
203 wait 203 204 1300
203 irecv 207 2100 200 0
203 irecv 199 2300 200 0
203 send 207 2300 40 0
203 send 199 2100 40 0
203 wait 208 204 2100
203 wait 200 204 2300
203 irecv 235 3100 200 0
203 irecv 171 3300 200 0
203 send 235 3300 60 0
203 send 171 3100 60 0
203 wait 236 204 3100
203 wait 172 204 3300
203 allreduce 1 0 0 
203 allreduce 1 0 0 
203 irecv 200 1100 200 0
203 irecv 202 1300 200 0
203 send 200 1300 4 0
203 send 202 1100 4 0
203 wait 201 204 1100
203 wait 203 204 1300
203 irecv 207 2100 200 0
203 irecv 199 2300 200 0
203 send 207 2300 12 0
203 send 199 2100 12 0
203 wait 208 204 2100
203 wait 200 204 2300
203 irecv 235 3100 200 0
203 irecv 171 3300 200 0
203 send 235 3300 24 0
203 send 171 3100 24 0
203 wait 236 204 3100
203 wait 172 204 3300
203 irecv 200 1100 200 0
203 irecv 202 1300 200 0
203 send 200 1300 1 0
203 send 202 1100 1 0
203 wait 201 204 1100
203 wait 203 204 1300
203 irecv 207 2100 200 0
203 irecv 199 2300 200 0
203 send 207 2300 4 0
203 send 199 2100 4 0
203 wait 208 204 2100
203 wait 200 204 2300
203 irecv 235 3100 200 0
203 irecv 171 3300 200 0
203 send 235 3300 12 0
203 send 171 3100 12 0
203 wait 236 204 3100
203 wait 172 204 3300
203 send 200 1300 8 0
203 send 202 1100 4 0
203 irecv 207 2100 200 0
203 irecv 199 2300 200 0
203 wait 208 204 2100
203 wait 200 204 2300
203 irecv 235 3100 200 0
203 irecv 171 3300 200 0
203 wait 236 204 3100
203 wait 172 204 3300
203 irecv 200 1100 200 0
203 irecv 202 1300 200 0
203 send 200 1300 1 0
203 send 202 1100 1 0
203 wait 201 204 1100
203 wait 203 204 1300
203 irecv 207 2100 200 0
203 irecv 199 2300 200 0
203 send 207 2300 4 0
203 send 199 2100 4 0
203 wait 208 204 2100
203 wait 200 204 2300
203 irecv 235 3100 200 0
203 irecv 171 3300 200 0
203 send 235 3300 12 0
203 send 171 3100 12 0
203 wait 236 204 3100
203 wait 172 204 3300
203 irecv 200 1100 200 0
203 irecv 202 1300 200 0
203 send 200 1300 1 0
203 send 202 1100 1 0
203 wait 201 204 1100
203 wait 203 204 1300
203 irecv 207 2100 200 0
203 irecv 199 2300 200 0
203 send 207 2300 4 0
203 send 199 2100 4 0
203 wait 208 204 2100
203 wait 200 204 2300
203 irecv 235 3100 200 0
203 irecv 171 3300 200 0
203 send 235 3300 12 0
203 send 171 3100 12 0
203 wait 236 204 3100
203 wait 172 204 3300
203 irecv 200 1100 200 0
203 irecv 202 1300 200 0
203 send 200 1300 4 0
203 send 202 1100 4 0
203 wait 201 204 1100
203 wait 203 204 1300
203 irecv 207 2100 200 0
203 irecv 199 2300 200 0
203 send 207 2300 12 0
203 send 199 2100 12 0
203 wait 208 204 2100
203 wait 200 204 2300
203 irecv 235 3100 200 0
203 irecv 171 3300 200 0
203 send 235 3300 24 0
203 send 171 3100 24 0
203 wait 236 204 3100
203 wait 172 204 3300
203 irecv 200 1100 200 0
203 irecv 202 1300 200 0
203 send 200 1300 4 0
203 send 202 1100 4 0
203 wait 201 204 1100
203 wait 203 204 1300
203 irecv 207 2100 200 0
203 irecv 199 2300 200 0
203 send 207 2300 12 0
203 send 199 2100 12 0
203 wait 208 204 2100
203 wait 200 204 2300
203 irecv 235 3100 200 0
203 irecv 171 3300 200 0
203 send 235 3300 24 0
203 send 171 3100 24 0
203 wait 236 204 3100
203 wait 172 204 3300
203 irecv 200 1100 200 0
203 irecv 202 1300 200 0
203 send 200 1300 16 0
203 send 202 1100 16 0
203 wait 201 204 1100
203 wait 203 204 1300
203 irecv 207 2100 200 0
203 irecv 199 2300 200 0
203 send 207 2300 40 0
203 send 199 2100 40 0
203 wait 208 204 2100
203 wait 200 204 2300
203 irecv 235 3100 200 0
203 irecv 171 3300 200 0
203 send 235 3300 60 0
203 send 171 3100 60 0
203 wait 236 204 3100
203 wait 172 204 3300
203 irecv 200 1100 200 0
203 irecv 202 1300 200 0
203 send 200 1300 16 0
203 send 202 1100 16 0
203 wait 201 204 1100
203 wait 203 204 1300
203 irecv 207 2100 200 0
203 irecv 199 2300 200 0
203 send 207 2300 40 0
203 send 199 2100 40 0
203 wait 208 204 2100
203 wait 200 204 2300
203 irecv 235 3100 200 0
203 irecv 171 3300 200 0
203 send 235 3300 60 0
203 send 171 3100 60 0
203 wait 236 204 3100
203 wait 172 204 3300
203 irecv 200 1100 200 0
203 irecv 202 1300 200 0
203 send 200 1300 16 0
203 send 202 1100 16 0
203 wait 201 204 1100
203 wait 203 204 1300
203 irecv 207 2100 200 0
203 irecv 199 2300 200 0
203 send 207 2300 40 0
203 send 199 2100 40 0
203 wait 208 204 2100
203 wait 200 204 2300
203 irecv 235 3100 200 0
203 irecv 171 3300 200 0
203 send 235 3300 60 0
203 send 171 3100 60 0
203 wait 236 204 3100
203 wait 172 204 3300
203 barrier
203 allreduce 1 0 0 
203 allreduce 4 0 1 
203 allreduce 1 0 0 
203 allreduce 4 0 1 
203 allreduce 1 0 0 
203 allreduce 4 0 1 
203 allreduce 1 0 0 
203 allreduce 4 0 1 
203 allreduce 1 0 0 
203 allreduce 4 0 1 
203 allreduce 1 0 0 
203 allreduce 4 0 1 
203 allreduce 1 0 0 
203 allreduce 4 0 1 
203 allreduce 1 0 0 
203 allreduce 4 0 1 
203 allreduce 1 0 0 
203 allreduce 4 0 1 
203 allreduce 1 0 0 
203 allreduce 4 0 1 
203 allreduce 1 0 0 
203 allreduce 4 0 1 
203 allreduce 1 0 0 
203 allreduce 4 0 1 
203 allreduce 1 0 0 
203 allreduce 4 0 1 
203 allreduce 1 0 0 
203 allreduce 4 0 1 
203 allreduce 1 0 0 
203 allreduce 4 0 1 
203 allreduce 1 0 0 
203 allreduce 4 0 1 
203 allreduce 1 0 0 
203 allreduce 4 0 1 
203 allreduce 1 0 0 
203 allreduce 4 0 1 
203 allreduce 1 0 0 
203 allreduce 4 0 1 
203 allreduce 1 0 0 
203 allreduce 4 0 1 
203 barrier
203 irecv 200 1100 200 0
203 irecv 202 1300 200 0
203 send 200 1300 16 0
203 send 202 1100 16 0
203 wait 201 204 1100
203 wait 203 204 1300
203 irecv 207 2100 200 0
203 irecv 199 2300 200 0
203 send 207 2300 40 0
203 send 199 2100 40 0
203 wait 208 204 2100
203 wait 200 204 2300
203 irecv 235 3100 200 0
203 irecv 171 3300 200 0
203 send 235 3300 60 0
203 send 171 3100 60 0
203 wait 236 204 3100
203 wait 172 204 3300
203 barrier
203 irecv 200 1100 200 0
203 irecv 202 1300 200 0
203 send 200 1300 16 0
203 send 202 1100 16 0
203 wait 201 204 1100
203 wait 203 204 1300
203 irecv 207 2100 200 0
203 irecv 199 2300 200 0
203 send 207 2300 40 0
203 send 199 2100 40 0
203 wait 208 204 2100
203 wait 200 204 2300
203 irecv 235 3100 200 0
203 irecv 171 3300 200 0
203 send 235 3300 60 0
203 send 171 3100 60 0
203 wait 236 204 3100
203 wait 172 204 3300
203 allreduce 1 0 0 
203 allreduce 1 0 0 
203 irecv 200 1100 200 0
203 irecv 202 1300 200 0
203 send 200 1300 4 0
203 send 202 1100 4 0
203 wait 201 204 1100
203 wait 203 204 1300
203 irecv 207 2100 200 0
203 irecv 199 2300 200 0
203 send 207 2300 12 0
203 send 199 2100 12 0
203 wait 208 204 2100
203 wait 200 204 2300
203 irecv 235 3100 200 0
203 irecv 171 3300 200 0
203 send 235 3300 24 0
203 send 171 3100 24 0
203 wait 236 204 3100
203 wait 172 204 3300
203 irecv 200 1100 200 0
203 irecv 202 1300 200 0
203 send 200 1300 1 0
203 send 202 1100 1 0
203 wait 201 204 1100
203 wait 203 204 1300
203 irecv 207 2100 200 0
203 irecv 199 2300 200 0
203 send 207 2300 4 0
203 send 199 2100 4 0
203 wait 208 204 2100
203 wait 200 204 2300
203 irecv 235 3100 200 0
203 irecv 171 3300 200 0
203 send 235 3300 12 0
203 send 171 3100 12 0
203 wait 236 204 3100
203 wait 172 204 3300
203 send 200 1300 8 0
203 send 202 1100 4 0
203 irecv 207 2100 200 0
203 irecv 199 2300 200 0
203 wait 208 204 2100
203 wait 200 204 2300
203 irecv 235 3100 200 0
203 irecv 171 3300 200 0
203 wait 236 204 3100
203 wait 172 204 3300
203 irecv 200 1100 200 0
203 irecv 202 1300 200 0
203 send 200 1300 1 0
203 send 202 1100 1 0
203 wait 201 204 1100
203 wait 203 204 1300
203 irecv 207 2100 200 0
203 irecv 199 2300 200 0
203 send 207 2300 4 0
203 send 199 2100 4 0
203 wait 208 204 2100
203 wait 200 204 2300
203 irecv 235 3100 200 0
203 irecv 171 3300 200 0
203 send 235 3300 12 0
203 send 171 3100 12 0
203 wait 236 204 3100
203 wait 172 204 3300
203 irecv 200 1100 200 0
203 irecv 202 1300 200 0
203 send 200 1300 1 0
203 send 202 1100 1 0
203 wait 201 204 1100
203 wait 203 204 1300
203 irecv 207 2100 200 0
203 irecv 199 2300 200 0
203 send 207 2300 4 0
203 send 199 2100 4 0
203 wait 208 204 2100
203 wait 200 204 2300
203 irecv 235 3100 200 0
203 irecv 171 3300 200 0
203 send 235 3300 12 0
203 send 171 3100 12 0
203 wait 236 204 3100
203 wait 172 204 3300
203 irecv 200 1100 200 0
203 irecv 202 1300 200 0
203 send 200 1300 4 0
203 send 202 1100 4 0
203 wait 201 204 1100
203 wait 203 204 1300
203 irecv 207 2100 200 0
203 irecv 199 2300 200 0
203 send 207 2300 12 0
203 send 199 2100 12 0
203 wait 208 204 2100
203 wait 200 204 2300
203 irecv 235 3100 200 0
203 irecv 171 3300 200 0
203 send 235 3300 24 0
203 send 171 3100 24 0
203 wait 236 204 3100
203 wait 172 204 3300
203 irecv 200 1100 200 0
203 irecv 202 1300 200 0
203 send 200 1300 4 0
203 send 202 1100 4 0
203 wait 201 204 1100
203 wait 203 204 1300
203 irecv 207 2100 200 0
203 irecv 199 2300 200 0
203 send 207 2300 12 0
203 send 199 2100 12 0
203 wait 208 204 2100
203 wait 200 204 2300
203 irecv 235 3100 200 0
203 irecv 171 3300 200 0
203 send 235 3300 24 0
203 send 171 3100 24 0
203 wait 236 204 3100
203 wait 172 204 3300
203 irecv 200 1100 200 0
203 irecv 202 1300 200 0
203 send 200 1300 16 0
203 send 202 1100 16 0
203 wait 201 204 1100
203 wait 203 204 1300
203 irecv 207 2100 200 0
203 irecv 199 2300 200 0
203 send 207 2300 40 0
203 send 199 2100 40 0
203 wait 208 204 2100
203 wait 200 204 2300
203 irecv 235 3100 200 0
203 irecv 171 3300 200 0
203 send 235 3300 60 0
203 send 171 3100 60 0
203 wait 236 204 3100
203 wait 172 204 3300
203 irecv 200 1100 200 0
203 irecv 202 1300 200 0
203 send 200 1300 16 0
203 send 202 1100 16 0
203 wait 201 204 1100
203 wait 203 204 1300
203 irecv 207 2100 200 0
203 irecv 199 2300 200 0
203 send 207 2300 40 0
203 send 199 2100 40 0
203 wait 208 204 2100
203 wait 200 204 2300
203 irecv 235 3100 200 0
203 irecv 171 3300 200 0
203 send 235 3300 60 0
203 send 171 3100 60 0
203 wait 236 204 3100
203 wait 172 204 3300
203 irecv 200 1100 200 0
203 irecv 202 1300 200 0
203 send 200 1300 16 0
203 send 202 1100 16 0
203 wait 201 204 1100
203 wait 203 204 1300
203 irecv 207 2100 200 0
203 irecv 199 2300 200 0
203 send 207 2300 40 0
203 send 199 2100 40 0
203 wait 208 204 2100
203 wait 200 204 2300
203 irecv 235 3100 200 0
203 irecv 171 3300 200 0
203 send 235 3300 60 0
203 send 171 3100 60 0
203 wait 236 204 3100
203 wait 172 204 3300
203 irecv 200 1100 200 0
203 irecv 202 1300 200 0
203 send 200 1300 4 0
203 send 202 1100 4 0
203 wait 201 204 1100
203 wait 203 204 1300
203 irecv 207 2100 200 0
203 irecv 199 2300 200 0
203 send 207 2300 12 0
203 send 199 2100 12 0
203 wait 208 204 2100
203 wait 200 204 2300
203 irecv 235 3100 200 0
203 irecv 171 3300 200 0
203 send 235 3300 24 0
203 send 171 3100 24 0
203 wait 236 204 3100
203 wait 172 204 3300
203 irecv 200 1100 200 0
203 irecv 202 1300 200 0
203 send 200 1300 1 0
203 send 202 1100 1 0
203 wait 201 204 1100
203 wait 203 204 1300
203 irecv 207 2100 200 0
203 irecv 199 2300 200 0
203 send 207 2300 4 0
203 send 199 2100 4 0
203 wait 208 204 2100
203 wait 200 204 2300
203 irecv 235 3100 200 0
203 irecv 171 3300 200 0
203 send 235 3300 12 0
203 send 171 3100 12 0
203 wait 236 204 3100
203 wait 172 204 3300
203 send 200 1300 8 0
203 send 202 1100 4 0
203 irecv 207 2100 200 0
203 irecv 199 2300 200 0
203 wait 208 204 2100
203 wait 200 204 2300
203 irecv 235 3100 200 0
203 irecv 171 3300 200 0
203 wait 236 204 3100
203 wait 172 204 3300
203 irecv 200 1100 200 0
203 irecv 202 1300 200 0
203 send 200 1300 1 0
203 send 202 1100 1 0
203 wait 201 204 1100
203 wait 203 204 1300
203 irecv 207 2100 200 0
203 irecv 199 2300 200 0
203 send 207 2300 4 0
203 send 199 2100 4 0
203 wait 208 204 2100
203 wait 200 204 2300
203 irecv 235 3100 200 0
203 irecv 171 3300 200 0
203 send 235 3300 12 0
203 send 171 3100 12 0
203 wait 236 204 3100
203 wait 172 204 3300
203 irecv 200 1100 200 0
203 irecv 202 1300 200 0
203 send 200 1300 1 0
203 send 202 1100 1 0
203 wait 201 204 1100
203 wait 203 204 1300
203 irecv 207 2100 200 0
203 irecv 199 2300 200 0
203 send 207 2300 4 0
203 send 199 2100 4 0
203 wait 208 204 2100
203 wait 200 204 2300
203 irecv 235 3100 200 0
203 irecv 171 3300 200 0
203 send 235 3300 12 0
203 send 171 3100 12 0
203 wait 236 204 3100
203 wait 172 204 3300
203 irecv 200 1100 200 0
203 irecv 202 1300 200 0
203 send 200 1300 4 0
203 send 202 1100 4 0
203 wait 201 204 1100
203 wait 203 204 1300
203 irecv 207 2100 200 0
203 irecv 199 2300 200 0
203 send 207 2300 12 0
203 send 199 2100 12 0
203 wait 208 204 2100
203 wait 200 204 2300
203 irecv 235 3100 200 0
203 irecv 171 3300 200 0
203 send 235 3300 24 0
203 send 171 3100 24 0
203 wait 236 204 3100
203 wait 172 204 3300
203 irecv 200 1100 200 0
203 irecv 202 1300 200 0
203 send 200 1300 4 0
203 send 202 1100 4 0
203 wait 201 204 1100
203 wait 203 204 1300
203 irecv 207 2100 200 0
203 irecv 199 2300 200 0
203 send 207 2300 12 0
203 send 199 2100 12 0
203 wait 208 204 2100
203 wait 200 204 2300
203 irecv 235 3100 200 0
203 irecv 171 3300 200 0
203 send 235 3300 24 0
203 send 171 3100 24 0
203 wait 236 204 3100
203 wait 172 204 3300
203 irecv 200 1100 200 0
203 irecv 202 1300 200 0
203 send 200 1300 16 0
203 send 202 1100 16 0
203 wait 201 204 1100
203 wait 203 204 1300
203 irecv 207 2100 200 0
203 irecv 199 2300 200 0
203 send 207 2300 40 0
203 send 199 2100 40 0
203 wait 208 204 2100
203 wait 200 204 2300
203 irecv 235 3100 200 0
203 irecv 171 3300 200 0
203 send 235 3300 60 0
203 send 171 3100 60 0
203 wait 236 204 3100
203 wait 172 204 3300
203 irecv 200 1100 200 0
203 irecv 202 1300 200 0
203 send 200 1300 16 0
203 send 202 1100 16 0
203 wait 201 204 1100
203 wait 203 204 1300
203 irecv 207 2100 200 0
203 irecv 199 2300 200 0
203 send 207 2300 40 0
203 send 199 2100 40 0
203 wait 208 204 2100
203 wait 200 204 2300
203 irecv 235 3100 200 0
203 irecv 171 3300 200 0
203 send 235 3300 60 0
203 send 171 3100 60 0
203 wait 236 204 3100
203 wait 172 204 3300
203 irecv 200 1100 200 0
203 irecv 202 1300 200 0
203 send 200 1300 16 0
203 send 202 1100 16 0
203 wait 201 204 1100
203 wait 203 204 1300
203 irecv 207 2100 200 0
203 irecv 199 2300 200 0
203 send 207 2300 40 0
203 send 199 2100 40 0
203 wait 208 204 2100
203 wait 200 204 2300
203 irecv 235 3100 200 0
203 irecv 171 3300 200 0
203 send 235 3300 60 0
203 send 171 3100 60 0
203 wait 236 204 3100
203 wait 172 204 3300
203 irecv 200 1100 200 0
203 irecv 202 1300 200 0
203 send 200 1300 4 0
203 send 202 1100 4 0
203 wait 201 204 1100
203 wait 203 204 1300
203 irecv 207 2100 200 0
203 irecv 199 2300 200 0
203 send 207 2300 12 0
203 send 199 2100 12 0
203 wait 208 204 2100
203 wait 200 204 2300
203 irecv 235 3100 200 0
203 irecv 171 3300 200 0
203 send 235 3300 24 0
203 send 171 3100 24 0
203 wait 236 204 3100
203 wait 172 204 3300
203 irecv 200 1100 200 0
203 irecv 202 1300 200 0
203 send 200 1300 1 0
203 send 202 1100 1 0
203 wait 201 204 1100
203 wait 203 204 1300
203 irecv 207 2100 200 0
203 irecv 199 2300 200 0
203 send 207 2300 4 0
203 send 199 2100 4 0
203 wait 208 204 2100
203 wait 200 204 2300
203 irecv 235 3100 200 0
203 irecv 171 3300 200 0
203 send 235 3300 12 0
203 send 171 3100 12 0
203 wait 236 204 3100
203 wait 172 204 3300
203 send 200 1300 8 0
203 send 202 1100 4 0
203 irecv 207 2100 200 0
203 irecv 199 2300 200 0
203 wait 208 204 2100
203 wait 200 204 2300
203 irecv 235 3100 200 0
203 irecv 171 3300 200 0
203 wait 236 204 3100
203 wait 172 204 3300
203 irecv 200 1100 200 0
203 irecv 202 1300 200 0
203 send 200 1300 1 0
203 send 202 1100 1 0
203 wait 201 204 1100
203 wait 203 204 1300
203 irecv 207 2100 200 0
203 irecv 199 2300 200 0
203 send 207 2300 4 0
203 send 199 2100 4 0
203 wait 208 204 2100
203 wait 200 204 2300
203 irecv 235 3100 200 0
203 irecv 171 3300 200 0
203 send 235 3300 12 0
203 send 171 3100 12 0
203 wait 236 204 3100
203 wait 172 204 3300
203 irecv 200 1100 200 0
203 irecv 202 1300 200 0
203 send 200 1300 1 0
203 send 202 1100 1 0
203 wait 201 204 1100
203 wait 203 204 1300
203 irecv 207 2100 200 0
203 irecv 199 2300 200 0
203 send 207 2300 4 0
203 send 199 2100 4 0
203 wait 208 204 2100
203 wait 200 204 2300
203 irecv 235 3100 200 0
203 irecv 171 3300 200 0
203 send 235 3300 12 0
203 send 171 3100 12 0
203 wait 236 204 3100
203 wait 172 204 3300
203 irecv 200 1100 200 0
203 irecv 202 1300 200 0
203 send 200 1300 4 0
203 send 202 1100 4 0
203 wait 201 204 1100
203 wait 203 204 1300
203 irecv 207 2100 200 0
203 irecv 199 2300 200 0
203 send 207 2300 12 0
203 send 199 2100 12 0
203 wait 208 204 2100
203 wait 200 204 2300
203 irecv 235 3100 200 0
203 irecv 171 3300 200 0
203 send 235 3300 24 0
203 send 171 3100 24 0
203 wait 236 204 3100
203 wait 172 204 3300
203 irecv 200 1100 200 0
203 irecv 202 1300 200 0
203 send 200 1300 4 0
203 send 202 1100 4 0
203 wait 201 204 1100
203 wait 203 204 1300
203 irecv 207 2100 200 0
203 irecv 199 2300 200 0
203 send 207 2300 12 0
203 send 199 2100 12 0
203 wait 208 204 2100
203 wait 200 204 2300
203 irecv 235 3100 200 0
203 irecv 171 3300 200 0
203 send 235 3300 24 0
203 send 171 3100 24 0
203 wait 236 204 3100
203 wait 172 204 3300
203 irecv 200 1100 200 0
203 irecv 202 1300 200 0
203 send 200 1300 16 0
203 send 202 1100 16 0
203 wait 201 204 1100
203 wait 203 204 1300
203 irecv 207 2100 200 0
203 irecv 199 2300 200 0
203 send 207 2300 40 0
203 send 199 2100 40 0
203 wait 208 204 2100
203 wait 200 204 2300
203 irecv 235 3100 200 0
203 irecv 171 3300 200 0
203 send 235 3300 60 0
203 send 171 3100 60 0
203 wait 236 204 3100
203 wait 172 204 3300
203 irecv 200 1100 200 0
203 irecv 202 1300 200 0
203 send 200 1300 16 0
203 send 202 1100 16 0
203 wait 201 204 1100
203 wait 203 204 1300
203 irecv 207 2100 200 0
203 irecv 199 2300 200 0
203 send 207 2300 40 0
203 send 199 2100 40 0
203 wait 208 204 2100
203 wait 200 204 2300
203 irecv 235 3100 200 0
203 irecv 171 3300 200 0
203 send 235 3300 60 0
203 send 171 3100 60 0
203 wait 236 204 3100
203 wait 172 204 3300
203 irecv 200 1100 200 0
203 irecv 202 1300 200 0
203 send 200 1300 16 0
203 send 202 1100 16 0
203 wait 201 204 1100
203 wait 203 204 1300
203 irecv 207 2100 200 0
203 irecv 199 2300 200 0
203 send 207 2300 40 0
203 send 199 2100 40 0
203 wait 208 204 2100
203 wait 200 204 2300
203 irecv 235 3100 200 0
203 irecv 171 3300 200 0
203 send 235 3300 60 0
203 send 171 3100 60 0
203 wait 236 204 3100
203 wait 172 204 3300
203 irecv 200 1100 200 0
203 irecv 202 1300 200 0
203 send 200 1300 4 0
203 send 202 1100 4 0
203 wait 201 204 1100
203 wait 203 204 1300
203 irecv 207 2100 200 0
203 irecv 199 2300 200 0
203 send 207 2300 12 0
203 send 199 2100 12 0
203 wait 208 204 2100
203 wait 200 204 2300
203 irecv 235 3100 200 0
203 irecv 171 3300 200 0
203 send 235 3300 24 0
203 send 171 3100 24 0
203 wait 236 204 3100
203 wait 172 204 3300
203 irecv 200 1100 200 0
203 irecv 202 1300 200 0
203 send 200 1300 1 0
203 send 202 1100 1 0
203 wait 201 204 1100
203 wait 203 204 1300
203 irecv 207 2100 200 0
203 irecv 199 2300 200 0
203 send 207 2300 4 0
203 send 199 2100 4 0
203 wait 208 204 2100
203 wait 200 204 2300
203 irecv 235 3100 200 0
203 irecv 171 3300 200 0
203 send 235 3300 12 0
203 send 171 3100 12 0
203 wait 236 204 3100
203 wait 172 204 3300
203 send 200 1300 8 0
203 send 202 1100 4 0
203 irecv 207 2100 200 0
203 irecv 199 2300 200 0
203 wait 208 204 2100
203 wait 200 204 2300
203 irecv 235 3100 200 0
203 irecv 171 3300 200 0
203 wait 236 204 3100
203 wait 172 204 3300
203 irecv 200 1100 200 0
203 irecv 202 1300 200 0
203 send 200 1300 1 0
203 send 202 1100 1 0
203 wait 201 204 1100
203 wait 203 204 1300
203 irecv 207 2100 200 0
203 irecv 199 2300 200 0
203 send 207 2300 4 0
203 send 199 2100 4 0
203 wait 208 204 2100
203 wait 200 204 2300
203 irecv 235 3100 200 0
203 irecv 171 3300 200 0
203 send 235 3300 12 0
203 send 171 3100 12 0
203 wait 236 204 3100
203 wait 172 204 3300
203 irecv 200 1100 200 0
203 irecv 202 1300 200 0
203 send 200 1300 1 0
203 send 202 1100 1 0
203 wait 201 204 1100
203 wait 203 204 1300
203 irecv 207 2100 200 0
203 irecv 199 2300 200 0
203 send 207 2300 4 0
203 send 199 2100 4 0
203 wait 208 204 2100
203 wait 200 204 2300
203 irecv 235 3100 200 0
203 irecv 171 3300 200 0
203 send 235 3300 12 0
203 send 171 3100 12 0
203 wait 236 204 3100
203 wait 172 204 3300
203 irecv 200 1100 200 0
203 irecv 202 1300 200 0
203 send 200 1300 4 0
203 send 202 1100 4 0
203 wait 201 204 1100
203 wait 203 204 1300
203 irecv 207 2100 200 0
203 irecv 199 2300 200 0
203 send 207 2300 12 0
203 send 199 2100 12 0
203 wait 208 204 2100
203 wait 200 204 2300
203 irecv 235 3100 200 0
203 irecv 171 3300 200 0
203 send 235 3300 24 0
203 send 171 3100 24 0
203 wait 236 204 3100
203 wait 172 204 3300
203 irecv 200 1100 200 0
203 irecv 202 1300 200 0
203 send 200 1300 4 0
203 send 202 1100 4 0
203 wait 201 204 1100
203 wait 203 204 1300
203 irecv 207 2100 200 0
203 irecv 199 2300 200 0
203 send 207 2300 12 0
203 send 199 2100 12 0
203 wait 208 204 2100
203 wait 200 204 2300
203 irecv 235 3100 200 0
203 irecv 171 3300 200 0
203 send 235 3300 24 0
203 send 171 3100 24 0
203 wait 236 204 3100
203 wait 172 204 3300
203 irecv 200 1100 200 0
203 irecv 202 1300 200 0
203 send 200 1300 16 0
203 send 202 1100 16 0
203 wait 201 204 1100
203 wait 203 204 1300
203 irecv 207 2100 200 0
203 irecv 199 2300 200 0
203 send 207 2300 40 0
203 send 199 2100 40 0
203 wait 208 204 2100
203 wait 200 204 2300
203 irecv 235 3100 200 0
203 irecv 171 3300 200 0
203 send 235 3300 60 0
203 send 171 3100 60 0
203 wait 236 204 3100
203 wait 172 204 3300
203 irecv 200 1100 200 0
203 irecv 202 1300 200 0
203 send 200 1300 16 0
203 send 202 1100 16 0
203 wait 201 204 1100
203 wait 203 204 1300
203 irecv 207 2100 200 0
203 irecv 199 2300 200 0
203 send 207 2300 40 0
203 send 199 2100 40 0
203 wait 208 204 2100
203 wait 200 204 2300
203 irecv 235 3100 200 0
203 irecv 171 3300 200 0
203 send 235 3300 60 0
203 send 171 3100 60 0
203 wait 236 204 3100
203 wait 172 204 3300
203 irecv 200 1100 200 0
203 irecv 202 1300 200 0
203 send 200 1300 16 0
203 send 202 1100 16 0
203 wait 201 204 1100
203 wait 203 204 1300
203 irecv 207 2100 200 0
203 irecv 199 2300 200 0
203 send 207 2300 40 0
203 send 199 2100 40 0
203 wait 208 204 2100
203 wait 200 204 2300
203 irecv 235 3100 200 0
203 irecv 171 3300 200 0
203 send 235 3300 60 0
203 send 171 3100 60 0
203 wait 236 204 3100
203 wait 172 204 3300
203 allreduce 1 0 0 
203 allreduce 1 0 0 
203 reduce 1 0 0 0 
203 finalize
