7 init
7 barrier
7 bcast 1 0 1 
7 bcast 1 0 1 
7 bcast 1 0 1 
7 bcast 1 0 1 
7 bcast 1 0 1 
7 bcast 8 0 1 
7 bcast 1 0 16 
7 barrier
7 allreduce 1 0 0 
7 allreduce 4 0 1 
7 allreduce 1 0 0 
7 allreduce 4 0 1 
7 allreduce 1 0 0 
7 allreduce 4 0 1 
7 allreduce 1 0 0 
7 allreduce 4 0 1 
7 allreduce 1 0 0 
7 allreduce 4 0 1 
7 allreduce 1 0 0 
7 allreduce 4 0 1 
7 allreduce 1 0 0 
7 allreduce 4 0 1 
7 allreduce 1 0 0 
7 allreduce 4 0 1 
7 allreduce 1 0 0 
7 allreduce 4 0 1 
7 allreduce 1 0 0 
7 allreduce 4 0 1 
7 allreduce 1 0 0 
7 allreduce 4 0 1 
7 allreduce 1 0 0 
7 allreduce 4 0 1 
7 allreduce 1 0 0 
7 allreduce 4 0 1 
7 allreduce 1 0 0 
7 allreduce 4 0 1 
7 allreduce 1 0 0 
7 allreduce 4 0 1 
7 allreduce 1 0 0 
7 allreduce 4 0 1 
7 allreduce 1 0 0 
7 allreduce 4 0 1 
7 allreduce 1 0 0 
7 allreduce 4 0 1 
7 allreduce 1 0 0 
7 allreduce 4 0 1 
7 allreduce 1 0 0 
7 allreduce 4 0 1 
7 barrier
7 irecv 4 1100 200 0
7 irecv 6 1300 200 0
7 send 4 1300 16 0
7 send 6 1100 16 0
7 wait 5 8 1100
7 wait 7 8 1300
7 irecv 11 2100 200 0
7 irecv 3 2300 200 0
7 send 11 2300 40 0
7 send 3 2100 40 0
7 wait 12 8 2100
7 wait 4 8 2300
7 irecv 39 3100 200 0
7 irecv 231 3300 200 0
7 send 39 3300 60 0
7 send 231 3100 60 0
7 wait 40 8 3100
7 wait 232 8 3300
7 allreduce 1 0 0 
7 allreduce 1 0 0 
7 irecv 4 1100 200 0
7 irecv 6 1300 200 0
7 send 4 1300 16 0
7 send 6 1100 16 0
7 wait 5 8 1100
7 wait 7 8 1300
7 irecv 11 2100 200 0
7 irecv 3 2300 200 0
7 send 11 2300 40 0
7 send 3 2100 40 0
7 wait 12 8 2100
7 wait 4 8 2300
7 irecv 39 3100 200 0
7 irecv 231 3300 200 0
7 send 39 3300 60 0
7 send 231 3100 60 0
7 wait 40 8 3100
7 wait 232 8 3300
7 allreduce 1 0 0 
7 allreduce 1 0 0 
7 irecv 4 1100 200 0
7 irecv 6 1300 200 0
7 send 4 1300 4 0
7 send 6 1100 4 0
7 wait 5 8 1100
7 wait 7 8 1300
7 irecv 11 2100 200 0
7 irecv 3 2300 200 0
7 send 11 2300 12 0
7 send 3 2100 12 0
7 wait 12 8 2100
7 wait 4 8 2300
7 irecv 39 3100 200 0
7 irecv 231 3300 200 0
7 send 39 3300 24 0
7 send 231 3100 24 0
7 wait 40 8 3100
7 wait 232 8 3300
7 irecv 4 1100 200 0
7 irecv 6 1300 200 0
7 send 4 1300 1 0
7 send 6 1100 1 0
7 wait 5 8 1100
7 wait 7 8 1300
7 irecv 11 2100 200 0
7 compute 312.5
7 irecv 3 2300 200 0
7 send 11 2300 4 0
7 send 3 2100 4 0
7 wait 12 8 2100
7 wait 4 8 2300
7 irecv 39 3100 200 0
7 irecv 231 3300 200 0
7 send 39 3300 12 0
7 send 231 3100 12 0
7 wait 40 8 3100
7 wait 232 8 3300
7 send 4 1300 12 0
7 send 6 1100 6 0
7 irecv 15 2100 200 0
7 irecv 31 2300 200 0
7 wait 16 8 2100
7 wait 32 8 2300
7 send 11 2300 24 0
7 send 3 2100 12 0
7 irecv 39 3100 200 0
7 irecv 231 3300 200 0
7 wait 40 8 3100
7 wait 232 8 3300
7 irecv 4 1100 200 0
7 irecv 6 1300 200 0
7 send 4 1300 1 0
7 send 6 1100 1 0
7 wait 5 8 1100
7 wait 7 8 1300
7 irecv 11 2100 200 0
7 irecv 3 2300 200 0
7 send 11 2300 4 0
7 send 3 2100 4 0
7 wait 12 8 2100
7 wait 4 8 2300
7 irecv 39 3100 200 0
7 irecv 231 3300 200 0
7 send 39 3300 12 0
7 send 231 3100 12 0
7 wait 40 8 3100
7 wait 232 8 3300
7 irecv 4 1100 200 0
7 irecv 6 1300 200 0
7 send 4 1300 1 0
7 send 6 1100 1 0
7 wait 5 8 1100
7 wait 7 8 1300
7 irecv 11 2100 200 0
7 irecv 3 2300 200 0
7 send 11 2300 4 0
7 send 3 2100 4 0
7 wait 12 8 2100
7 wait 4 8 2300
7 irecv 39 3100 200 0
7 irecv 231 3300 200 0
7 send 39 3300 12 0
7 send 231 3100 12 0
7 wait 40 8 3100
7 wait 232 8 3300
7 irecv 4 1100 200 0
7 irecv 6 1300 200 0
7 send 4 1300 4 0
7 send 6 1100 4 0
7 wait 5 8 1100
7 wait 7 8 1300
7 irecv 11 2100 200 0
7 irecv 3 2300 200 0
7 send 11 2300 12 0
7 send 3 2100 12 0
7 wait 12 8 2100
7 wait 4 8 2300
7 irecv 39 3100 200 0
7 irecv 231 3300 200 0
7 send 39 3300 24 0
7 send 231 3100 24 0
7 wait 40 8 3100
7 wait 232 8 3300
7 irecv 4 1100 200 0
7 irecv 6 1300 200 0
7 send 4 1300 4 0
7 send 6 1100 4 0
7 wait 5 8 1100
7 wait 7 8 1300
7 irecv 11 2100 200 0
7 irecv 3 2300 200 0
7 send 11 2300 12 0
7 send 3 2100 12 0
7 wait 12 8 2100
7 wait 4 8 2300
7 irecv 39 3100 200 0
7 irecv 231 3300 200 0
7 send 39 3300 24 0
7 send 231 3100 24 0
7 wait 40 8 3100
7 wait 232 8 3300
7 irecv 4 1100 200 0
7 irecv 6 1300 200 0
7 send 4 1300 16 0
7 send 6 1100 16 0
7 wait 5 8 1100
7 wait 7 8 1300
7 irecv 11 2100 200 0
7 irecv 3 2300 200 0
7 send 11 2300 40 0
7 send 3 2100 40 0
7 wait 12 8 2100
7 wait 4 8 2300
7 irecv 39 3100 200 0
7 irecv 231 3300 200 0
7 send 39 3300 60 0
7 send 231 3100 60 0
7 wait 40 8 3100
7 wait 232 8 3300
7 irecv 4 1100 200 0
7 irecv 6 1300 200 0
7 send 4 1300 16 0
7 send 6 1100 16 0
7 wait 5 8 1100
7 wait 7 8 1300
7 irecv 11 2100 200 0
7 irecv 3 2300 200 0
7 send 11 2300 40 0
7 send 3 2100 40 0
7 wait 12 8 2100
7 wait 4 8 2300
7 irecv 39 3100 200 0
7 irecv 231 3300 200 0
7 send 39 3300 60 0
7 send 231 3100 60 0
7 wait 40 8 3100
7 wait 232 8 3300
7 irecv 4 1100 200 0
7 irecv 6 1300 200 0
7 send 4 1300 16 0
7 send 6 1100 16 0
7 wait 5 8 1100
7 wait 7 8 1300
7 irecv 11 2100 200 0
7 irecv 3 2300 200 0
7 send 11 2300 40 0
7 send 3 2100 40 0
7 wait 12 8 2100
7 wait 4 8 2300
7 irecv 39 3100 200 0
7 irecv 231 3300 200 0
7 send 39 3300 60 0
7 send 231 3100 60 0
7 wait 40 8 3100
7 wait 232 8 3300
7 barrier
7 allreduce 1 0 0 
7 allreduce 4 0 1 
7 allreduce 1 0 0 
7 allreduce 4 0 1 
7 allreduce 1 0 0 
7 allreduce 4 0 1 
7 allreduce 1 0 0 
7 allreduce 4 0 1 
7 allreduce 1 0 0 
7 allreduce 4 0 1 
7 allreduce 1 0 0 
7 allreduce 4 0 1 
7 allreduce 1 0 0 
7 allreduce 4 0 1 
7 allreduce 1 0 0 
7 allreduce 4 0 1 
7 allreduce 1 0 0 
7 allreduce 4 0 1 
7 allreduce 1 0 0 
7 allreduce 4 0 1 
7 allreduce 1 0 0 
7 allreduce 4 0 1 
7 allreduce 1 0 0 
7 allreduce 4 0 1 
7 allreduce 1 0 0 
7 allreduce 4 0 1 
7 allreduce 1 0 0 
7 allreduce 4 0 1 
7 allreduce 1 0 0 
7 allreduce 4 0 1 
7 allreduce 1 0 0 
7 allreduce 4 0 1 
7 allreduce 1 0 0 
7 allreduce 4 0 1 
7 allreduce 1 0 0 
7 allreduce 4 0 1 
7 allreduce 1 0 0 
7 allreduce 4 0 1 
7 allreduce 1 0 0 
7 allreduce 4 0 1 
7 barrier
7 irecv 4 1100 200 0
7 irecv 6 1300 200 0
7 send 4 1300 16 0
7 send 6 1100 16 0
7 wait 5 8 1100
7 wait 7 8 1300
7 irecv 11 2100 200 0
7 irecv 3 2300 200 0
7 send 11 2300 40 0
7 send 3 2100 40 0
7 wait 12 8 2100
7 wait 4 8 2300
7 irecv 39 3100 200 0
7 irecv 231 3300 200 0
7 send 39 3300 60 0
7 send 231 3100 60 0
7 wait 40 8 3100
7 wait 232 8 3300
7 barrier
7 irecv 4 1100 200 0
7 irecv 6 1300 200 0
7 send 4 1300 16 0
7 send 6 1100 16 0
7 wait 5 8 1100
7 wait 7 8 1300
7 irecv 11 2100 200 0
7 irecv 3 2300 200 0
7 send 11 2300 40 0
7 send 3 2100 40 0
7 wait 12 8 2100
7 wait 4 8 2300
7 irecv 39 3100 200 0
7 irecv 231 3300 200 0
7 send 39 3300 60 0
7 send 231 3100 60 0
7 wait 40 8 3100
7 wait 232 8 3300
7 allreduce 1 0 0 
7 allreduce 1 0 0 
7 irecv 4 1100 200 0
7 irecv 6 1300 200 0
7 send 4 1300 4 0
7 send 6 1100 4 0
7 wait 5 8 1100
7 wait 7 8 1300
7 irecv 11 2100 200 0
7 irecv 3 2300 200 0
7 send 11 2300 12 0
7 send 3 2100 12 0
7 wait 12 8 2100
7 wait 4 8 2300
7 irecv 39 3100 200 0
7 irecv 231 3300 200 0
7 send 39 3300 24 0
7 send 231 3100 24 0
7 wait 40 8 3100
7 wait 232 8 3300
7 irecv 4 1100 200 0
7 irecv 6 1300 200 0
7 send 4 1300 1 0
7 send 6 1100 1 0
7 wait 5 8 1100
7 wait 7 8 1300
7 irecv 11 2100 200 0
7 irecv 3 2300 200 0
7 send 11 2300 4 0
7 send 3 2100 4 0
7 wait 12 8 2100
7 wait 4 8 2300
7 irecv 39 3100 200 0
7 irecv 231 3300 200 0
7 send 39 3300 12 0
7 send 231 3100 12 0
7 wait 40 8 3100
7 wait 232 8 3300
7 send 4 1300 12 0
7 send 6 1100 6 0
7 irecv 15 2100 200 0
7 irecv 31 2300 200 0
7 wait 16 8 2100
7 wait 32 8 2300
7 send 11 2300 24 0
7 send 3 2100 12 0
7 irecv 39 3100 200 0
7 irecv 231 3300 200 0
7 wait 40 8 3100
7 wait 232 8 3300
7 irecv 4 1100 200 0
7 irecv 6 1300 200 0
7 send 4 1300 1 0
7 send 6 1100 1 0
7 wait 5 8 1100
7 wait 7 8 1300
7 irecv 11 2100 200 0
7 irecv 3 2300 200 0
7 send 11 2300 4 0
7 send 3 2100 4 0
7 wait 12 8 2100
7 wait 4 8 2300
7 irecv 39 3100 200 0
7 irecv 231 3300 200 0
7 send 39 3300 12 0
7 compute 312.5
7 send 231 3100 12 0
7 wait 40 8 3100
7 wait 232 8 3300
7 irecv 4 1100 200 0
7 irecv 6 1300 200 0
7 send 4 1300 1 0
7 send 6 1100 1 0
7 wait 5 8 1100
7 wait 7 8 1300
7 irecv 11 2100 200 0
7 irecv 3 2300 200 0
7 send 11 2300 4 0
7 send 3 2100 4 0
7 wait 12 8 2100
7 wait 4 8 2300
7 irecv 39 3100 200 0
7 irecv 231 3300 200 0
7 send 39 3300 12 0
7 send 231 3100 12 0
7 wait 40 8 3100
7 wait 232 8 3300
7 irecv 4 1100 200 0
7 irecv 6 1300 200 0
7 send 4 1300 4 0
7 send 6 1100 4 0
7 wait 5 8 1100
7 wait 7 8 1300
7 irecv 11 2100 200 0
7 irecv 3 2300 200 0
7 send 11 2300 12 0
7 send 3 2100 12 0
7 wait 12 8 2100
7 wait 4 8 2300
7 irecv 39 3100 200 0
7 irecv 231 3300 200 0
7 send 39 3300 24 0
7 send 231 3100 24 0
7 wait 40 8 3100
7 wait 232 8 3300
7 irecv 4 1100 200 0
7 irecv 6 1300 200 0
7 send 4 1300 4 0
7 send 6 1100 4 0
7 wait 5 8 1100
7 wait 7 8 1300
7 irecv 11 2100 200 0
7 irecv 3 2300 200 0
7 send 11 2300 12 0
7 send 3 2100 12 0
7 wait 12 8 2100
7 wait 4 8 2300
7 irecv 39 3100 200 0
7 irecv 231 3300 200 0
7 send 39 3300 24 0
7 send 231 3100 24 0
7 wait 40 8 3100
7 wait 232 8 3300
7 irecv 4 1100 200 0
7 irecv 6 1300 200 0
7 send 4 1300 16 0
7 send 6 1100 16 0
7 wait 5 8 1100
7 wait 7 8 1300
7 irecv 11 2100 200 0
7 irecv 3 2300 200 0
7 send 11 2300 40 0
7 send 3 2100 40 0
7 wait 12 8 2100
7 wait 4 8 2300
7 irecv 39 3100 200 0
7 irecv 231 3300 200 0
7 send 39 3300 60 0
7 send 231 3100 60 0
7 wait 40 8 3100
7 wait 232 8 3300
7 irecv 4 1100 200 0
7 irecv 6 1300 200 0
7 send 4 1300 16 0
7 send 6 1100 16 0
7 wait 5 8 1100
7 wait 7 8 1300
7 irecv 11 2100 200 0
7 irecv 3 2300 200 0
7 send 11 2300 40 0
7 send 3 2100 40 0
7 wait 12 8 2100
7 wait 4 8 2300
7 irecv 39 3100 200 0
7 irecv 231 3300 200 0
7 send 39 3300 60 0
7 send 231 3100 60 0
7 wait 40 8 3100
7 wait 232 8 3300
7 irecv 4 1100 200 0
7 irecv 6 1300 200 0
7 send 4 1300 16 0
7 send 6 1100 16 0
7 wait 5 8 1100
7 wait 7 8 1300
7 irecv 11 2100 200 0
7 irecv 3 2300 200 0
7 send 11 2300 40 0
7 send 3 2100 40 0
7 wait 12 8 2100
7 wait 4 8 2300
7 irecv 39 3100 200 0
7 irecv 231 3300 200 0
7 send 39 3300 60 0
7 send 231 3100 60 0
7 wait 40 8 3100
7 wait 232 8 3300
7 irecv 4 1100 200 0
7 irecv 6 1300 200 0
7 send 4 1300 4 0
7 send 6 1100 4 0
7 wait 5 8 1100
7 wait 7 8 1300
7 irecv 11 2100 200 0
7 irecv 3 2300 200 0
7 send 11 2300 12 0
7 send 3 2100 12 0
7 wait 12 8 2100
7 wait 4 8 2300
7 irecv 39 3100 200 0
7 irecv 231 3300 200 0
7 send 39 3300 24 0
7 send 231 3100 24 0
7 wait 40 8 3100
7 wait 232 8 3300
7 irecv 4 1100 200 0
7 irecv 6 1300 200 0
7 send 4 1300 1 0
7 send 6 1100 1 0
7 wait 5 8 1100
7 wait 7 8 1300
7 irecv 11 2100 200 0
7 irecv 3 2300 200 0
7 send 11 2300 4 0
7 send 3 2100 4 0
7 wait 12 8 2100
7 wait 4 8 2300
7 irecv 39 3100 200 0
7 irecv 231 3300 200 0
7 send 39 3300 12 0
7 send 231 3100 12 0
7 wait 40 8 3100
7 wait 232 8 3300
7 send 4 1300 12 0
7 send 6 1100 6 0
7 irecv 15 2100 200 0
7 irecv 31 2300 200 0
7 wait 16 8 2100
7 wait 32 8 2300
7 send 11 2300 24 0
7 send 3 2100 12 0
7 irecv 39 3100 200 0
7 irecv 231 3300 200 0
7 wait 40 8 3100
7 wait 232 8 3300
7 irecv 4 1100 200 0
7 irecv 6 1300 200 0
7 send 4 1300 1 0
7 send 6 1100 1 0
7 wait 5 8 1100
7 wait 7 8 1300
7 irecv 11 2100 200 0
7 irecv 3 2300 200 0
7 send 11 2300 4 0
7 send 3 2100 4 0
7 wait 12 8 2100
7 wait 4 8 2300
7 irecv 39 3100 200 0
7 irecv 231 3300 200 0
7 send 39 3300 12 0
7 send 231 3100 12 0
7 wait 40 8 3100
7 wait 232 8 3300
7 irecv 4 1100 200 0
7 irecv 6 1300 200 0
7 send 4 1300 1 0
7 send 6 1100 1 0
7 wait 5 8 1100
7 wait 7 8 1300
7 irecv 11 2100 200 0
7 irecv 3 2300 200 0
7 send 11 2300 4 0
7 send 3 2100 4 0
7 wait 12 8 2100
7 wait 4 8 2300
7 irecv 39 3100 200 0
7 irecv 231 3300 200 0
7 send 39 3300 12 0
7 send 231 3100 12 0
7 wait 40 8 3100
7 wait 232 8 3300
7 irecv 4 1100 200 0
7 irecv 6 1300 200 0
7 send 4 1300 4 0
7 send 6 1100 4 0
7 wait 5 8 1100
7 wait 7 8 1300
7 irecv 11 2100 200 0
7 irecv 3 2300 200 0
7 send 11 2300 12 0
7 send 3 2100 12 0
7 wait 12 8 2100
7 wait 4 8 2300
7 irecv 39 3100 200 0
7 irecv 231 3300 200 0
7 send 39 3300 24 0
7 send 231 3100 24 0
7 wait 40 8 3100
7 wait 232 8 3300
7 irecv 4 1100 200 0
7 irecv 6 1300 200 0
7 send 4 1300 4 0
7 send 6 1100 4 0
7 wait 5 8 1100
7 wait 7 8 1300
7 irecv 11 2100 200 0
7 irecv 3 2300 200 0
7 send 11 2300 12 0
7 send 3 2100 12 0
7 wait 12 8 2100
7 wait 4 8 2300
7 irecv 39 3100 200 0
7 irecv 231 3300 200 0
7 send 39 3300 24 0
7 send 231 3100 24 0
7 wait 40 8 3100
7 wait 232 8 3300
7 irecv 4 1100 200 0
7 irecv 6 1300 200 0
7 send 4 1300 16 0
7 send 6 1100 16 0
7 wait 5 8 1100
7 wait 7 8 1300
7 irecv 11 2100 200 0
7 irecv 3 2300 200 0
7 send 11 2300 40 0
7 send 3 2100 40 0
7 wait 12 8 2100
7 wait 4 8 2300
7 irecv 39 3100 200 0
7 irecv 231 3300 200 0
7 send 39 3300 60 0
7 send 231 3100 60 0
7 wait 40 8 3100
7 wait 232 8 3300
7 irecv 4 1100 200 0
7 irecv 6 1300 200 0
7 send 4 1300 16 0
7 send 6 1100 16 0
7 wait 5 8 1100
7 wait 7 8 1300
7 irecv 11 2100 200 0
7 irecv 3 2300 200 0
7 send 11 2300 40 0
7 send 3 2100 40 0
7 wait 12 8 2100
7 wait 4 8 2300
7 irecv 39 3100 200 0
7 irecv 231 3300 200 0
7 send 39 3300 60 0
7 send 231 3100 60 0
7 wait 40 8 3100
7 wait 232 8 3300
7 irecv 4 1100 200 0
7 irecv 6 1300 200 0
7 send 4 1300 16 0
7 send 6 1100 16 0
7 wait 5 8 1100
7 wait 7 8 1300
7 irecv 11 2100 200 0
7 irecv 3 2300 200 0
7 send 11 2300 40 0
7 send 3 2100 40 0
7 wait 12 8 2100
7 wait 4 8 2300
7 irecv 39 3100 200 0
7 irecv 231 3300 200 0
7 send 39 3300 60 0
7 send 231 3100 60 0
7 wait 40 8 3100
7 wait 232 8 3300
7 irecv 4 1100 200 0
7 irecv 6 1300 200 0
7 send 4 1300 4 0
7 send 6 1100 4 0
7 wait 5 8 1100
7 wait 7 8 1300
7 irecv 11 2100 200 0
7 irecv 3 2300 200 0
7 send 11 2300 12 0
7 send 3 2100 12 0
7 wait 12 8 2100
7 wait 4 8 2300
7 irecv 39 3100 200 0
7 irecv 231 3300 200 0
7 send 39 3300 24 0
7 send 231 3100 24 0
7 wait 40 8 3100
7 wait 232 8 3300
7 irecv 4 1100 200 0
7 irecv 6 1300 200 0
7 send 4 1300 1 0
7 send 6 1100 1 0
7 wait 5 8 1100
7 wait 7 8 1300
7 irecv 11 2100 200 0
7 irecv 3 2300 200 0
7 send 11 2300 4 0
7 send 3 2100 4 0
7 wait 12 8 2100
7 wait 4 8 2300
7 irecv 39 3100 200 0
7 irecv 231 3300 200 0
7 send 39 3300 12 0
7 send 231 3100 12 0
7 wait 40 8 3100
7 wait 232 8 3300
7 send 4 1300 12 0
7 send 6 1100 6 0
7 irecv 15 2100 200 0
7 irecv 31 2300 200 0
7 wait 16 8 2100
7 wait 32 8 2300
7 send 11 2300 24 0
7 send 3 2100 12 0
7 irecv 39 3100 200 0
7 irecv 231 3300 200 0
7 wait 40 8 3100
7 wait 232 8 3300
7 irecv 4 1100 200 0
7 irecv 6 1300 200 0
7 send 4 1300 1 0
7 send 6 1100 1 0
7 wait 5 8 1100
7 wait 7 8 1300
7 irecv 11 2100 200 0
7 irecv 3 2300 200 0
7 send 11 2300 4 0
7 send 3 2100 4 0
7 wait 12 8 2100
7 wait 4 8 2300
7 irecv 39 3100 200 0
7 irecv 231 3300 200 0
7 send 39 3300 12 0
7 send 231 3100 12 0
7 wait 40 8 3100
7 wait 232 8 3300
7 irecv 4 1100 200 0
7 irecv 6 1300 200 0
7 send 4 1300 1 0
7 send 6 1100 1 0
7 wait 5 8 1100
7 wait 7 8 1300
7 irecv 11 2100 200 0
7 irecv 3 2300 200 0
7 send 11 2300 4 0
7 send 3 2100 4 0
7 wait 12 8 2100
7 wait 4 8 2300
7 irecv 39 3100 200 0
7 irecv 231 3300 200 0
7 send 39 3300 12 0
7 send 231 3100 12 0
7 wait 40 8 3100
7 wait 232 8 3300
7 irecv 4 1100 200 0
7 irecv 6 1300 200 0
7 send 4 1300 4 0
7 send 6 1100 4 0
7 wait 5 8 1100
7 wait 7 8 1300
7 irecv 11 2100 200 0
7 irecv 3 2300 200 0
7 send 11 2300 12 0
7 send 3 2100 12 0
7 wait 12 8 2100
7 wait 4 8 2300
7 irecv 39 3100 200 0
7 irecv 231 3300 200 0
7 send 39 3300 24 0
7 send 231 3100 24 0
7 wait 40 8 3100
7 wait 232 8 3300
7 irecv 4 1100 200 0
7 irecv 6 1300 200 0
7 send 4 1300 4 0
7 send 6 1100 4 0
7 wait 5 8 1100
7 wait 7 8 1300
7 irecv 11 2100 200 0
7 irecv 3 2300 200 0
7 send 11 2300 12 0
7 send 3 2100 12 0
7 wait 12 8 2100
7 wait 4 8 2300
7 irecv 39 3100 200 0
7 irecv 231 3300 200 0
7 send 39 3300 24 0
7 send 231 3100 24 0
7 wait 40 8 3100
7 wait 232 8 3300
7 irecv 4 1100 200 0
7 irecv 6 1300 200 0
7 send 4 1300 16 0
7 send 6 1100 16 0
7 wait 5 8 1100
7 wait 7 8 1300
7 irecv 11 2100 200 0
7 irecv 3 2300 200 0
7 send 11 2300 40 0
7 send 3 2100 40 0
7 wait 12 8 2100
7 wait 4 8 2300
7 irecv 39 3100 200 0
7 irecv 231 3300 200 0
7 send 39 3300 60 0
7 send 231 3100 60 0
7 wait 40 8 3100
7 wait 232 8 3300
7 irecv 4 1100 200 0
7 irecv 6 1300 200 0
7 send 4 1300 16 0
7 send 6 1100 16 0
7 wait 5 8 1100
7 wait 7 8 1300
7 irecv 11 2100 200 0
7 irecv 3 2300 200 0
7 send 11 2300 40 0
7 send 3 2100 40 0
7 wait 12 8 2100
7 wait 4 8 2300
7 irecv 39 3100 200 0
7 irecv 231 3300 200 0
7 send 39 3300 60 0
7 send 231 3100 60 0
7 wait 40 8 3100
7 wait 232 8 3300
7 irecv 4 1100 200 0
7 irecv 6 1300 200 0
7 send 4 1300 16 0
7 send 6 1100 16 0
7 wait 5 8 1100
7 wait 7 8 1300
7 irecv 11 2100 200 0
7 irecv 3 2300 200 0
7 send 11 2300 40 0
7 send 3 2100 40 0
7 wait 12 8 2100
7 wait 4 8 2300
7 irecv 39 3100 200 0
7 irecv 231 3300 200 0
7 send 39 3300 60 0
7 send 231 3100 60 0
7 wait 40 8 3100
7 wait 232 8 3300
7 irecv 4 1100 200 0
7 irecv 6 1300 200 0
7 send 4 1300 4 0
7 send 6 1100 4 0
7 wait 5 8 1100
7 wait 7 8 1300
7 irecv 11 2100 200 0
7 irecv 3 2300 200 0
7 send 11 2300 12 0
7 send 3 2100 12 0
7 wait 12 8 2100
7 wait 4 8 2300
7 irecv 39 3100 200 0
7 irecv 231 3300 200 0
7 send 39 3300 24 0
7 send 231 3100 24 0
7 wait 40 8 3100
7 wait 232 8 3300
7 irecv 4 1100 200 0
7 irecv 6 1300 200 0
7 send 4 1300 1 0
7 send 6 1100 1 0
7 wait 5 8 1100
7 wait 7 8 1300
7 irecv 11 2100 200 0
7 irecv 3 2300 200 0
7 send 11 2300 4 0
7 send 3 2100 4 0
7 wait 12 8 2100
7 wait 4 8 2300
7 irecv 39 3100 200 0
7 irecv 231 3300 200 0
7 send 39 3300 12 0
7 send 231 3100 12 0
7 wait 40 8 3100
7 wait 232 8 3300
7 send 4 1300 12 0
7 send 6 1100 6 0
7 irecv 15 2100 200 0
7 irecv 31 2300 200 0
7 wait 16 8 2100
7 wait 32 8 2300
7 send 11 2300 24 0
7 send 3 2100 12 0
7 irecv 39 3100 200 0
7 irecv 231 3300 200 0
7 wait 40 8 3100
7 wait 232 8 3300
7 irecv 4 1100 200 0
7 irecv 6 1300 200 0
7 send 4 1300 1 0
7 send 6 1100 1 0
7 wait 5 8 1100
7 wait 7 8 1300
7 irecv 11 2100 200 0
7 irecv 3 2300 200 0
7 send 11 2300 4 0
7 send 3 2100 4 0
7 wait 12 8 2100
7 wait 4 8 2300
7 irecv 39 3100 200 0
7 irecv 231 3300 200 0
7 send 39 3300 12 0
7 send 231 3100 12 0
7 wait 40 8 3100
7 wait 232 8 3300
7 irecv 4 1100 200 0
7 irecv 6 1300 200 0
7 send 4 1300 1 0
7 send 6 1100 1 0
7 wait 5 8 1100
7 wait 7 8 1300
7 irecv 11 2100 200 0
7 irecv 3 2300 200 0
7 send 11 2300 4 0
7 send 3 2100 4 0
7 wait 12 8 2100
7 wait 4 8 2300
7 irecv 39 3100 200 0
7 irecv 231 3300 200 0
7 send 39 3300 12 0
7 send 231 3100 12 0
7 wait 40 8 3100
7 wait 232 8 3300
7 irecv 4 1100 200 0
7 irecv 6 1300 200 0
7 send 4 1300 4 0
7 send 6 1100 4 0
7 wait 5 8 1100
7 wait 7 8 1300
7 irecv 11 2100 200 0
7 irecv 3 2300 200 0
7 send 11 2300 12 0
7 send 3 2100 12 0
7 wait 12 8 2100
7 wait 4 8 2300
7 irecv 39 3100 200 0
7 irecv 231 3300 200 0
7 send 39 3300 24 0
7 send 231 3100 24 0
7 wait 40 8 3100
7 wait 232 8 3300
7 irecv 4 1100 200 0
7 irecv 6 1300 200 0
7 send 4 1300 4 0
7 send 6 1100 4 0
7 wait 5 8 1100
7 wait 7 8 1300
7 irecv 11 2100 200 0
7 irecv 3 2300 200 0
7 send 11 2300 12 0
7 send 3 2100 12 0
7 wait 12 8 2100
7 wait 4 8 2300
7 irecv 39 3100 200 0
7 irecv 231 3300 200 0
7 send 39 3300 24 0
7 send 231 3100 24 0
7 wait 40 8 3100
7 wait 232 8 3300
7 irecv 4 1100 200 0
7 irecv 6 1300 200 0
7 send 4 1300 16 0
7 send 6 1100 16 0
7 wait 5 8 1100
7 wait 7 8 1300
7 irecv 11 2100 200 0
7 irecv 3 2300 200 0
7 send 11 2300 40 0
7 send 3 2100 40 0
7 wait 12 8 2100
7 wait 4 8 2300
7 irecv 39 3100 200 0
7 irecv 231 3300 200 0
7 send 39 3300 60 0
7 send 231 3100 60 0
7 wait 40 8 3100
7 wait 232 8 3300
7 irecv 4 1100 200 0
7 irecv 6 1300 200 0
7 send 4 1300 16 0
7 send 6 1100 16 0
7 wait 5 8 1100
7 wait 7 8 1300
7 irecv 11 2100 200 0
7 irecv 3 2300 200 0
7 send 11 2300 40 0
7 send 3 2100 40 0
7 wait 12 8 2100
7 wait 4 8 2300
7 irecv 39 3100 200 0
7 irecv 231 3300 200 0
7 send 39 3300 60 0
7 send 231 3100 60 0
7 wait 40 8 3100
7 wait 232 8 3300
7 irecv 4 1100 200 0
7 irecv 6 1300 200 0
7 send 4 1300 16 0
7 send 6 1100 16 0
7 wait 5 8 1100
7 wait 7 8 1300
7 irecv 11 2100 200 0
7 irecv 3 2300 200 0
7 send 11 2300 40 0
7 send 3 2100 40 0
7 wait 12 8 2100
7 wait 4 8 2300
7 irecv 39 3100 200 0
7 irecv 231 3300 200 0
7 send 39 3300 60 0
7 send 231 3100 60 0
7 wait 40 8 3100
7 wait 232 8 3300
7 allreduce 1 0 0 
7 allreduce 1 0 0 
7 reduce 1 0 0 0 
7 finalize
