238 init
238 barrier
238 bcast 1 0 1 
238 bcast 1 0 1 
238 bcast 1 0 1 
238 bcast 1 0 1 
238 bcast 1 0 1 
238 bcast 8 0 1 
238 bcast 1 0 16 
238 barrier
238 allreduce 1 0 0 
238 allreduce 4 0 1 
238 allreduce 1 0 0 
238 allreduce 4 0 1 
238 allreduce 1 0 0 
238 allreduce 4 0 1 
238 allreduce 1 0 0 
238 allreduce 4 0 1 
238 allreduce 1 0 0 
238 allreduce 4 0 1 
238 allreduce 1 0 0 
238 allreduce 4 0 1 
238 allreduce 1 0 0 
238 allreduce 4 0 1 
238 allreduce 1 0 0 
238 allreduce 4 0 1 
238 allreduce 1 0 0 
238 allreduce 4 0 1 
238 allreduce 1 0 0 
238 allreduce 4 0 1 
238 allreduce 1 0 0 
238 allreduce 4 0 1 
238 allreduce 1 0 0 
238 allreduce 4 0 1 
238 allreduce 1 0 0 
238 allreduce 4 0 1 
238 allreduce 1 0 0 
238 allreduce 4 0 1 
238 allreduce 1 0 0 
238 allreduce 4 0 1 
238 allreduce 1 0 0 
238 allreduce 4 0 1 
238 allreduce 1 0 0 
238 allreduce 4 0 1 
238 allreduce 1 0 0 
238 allreduce 4 0 1 
238 allreduce 1 0 0 
238 allreduce 4 0 1 
238 allreduce 1 0 0 
238 allreduce 4 0 1 
238 barrier
238 irecv 239 1100 200 0
238 irecv 237 1300 200 0
238 send 239 1300 16 0
238 send 237 1100 16 0
238 wait 240 239 1100
238 wait 238 239 1300
238 irecv 242 2100 200 0
238 irecv 234 2300 200 0
238 send 242 2300 40 0
238 send 234 2100 40 0
238 wait 243 239 2100
238 wait 235 239 2300
238 irecv 14 3100 200 0
238 irecv 206 3300 200 0
238 send 14 3300 60 0
238 send 206 3100 60 0
238 wait 15 239 3100
238 wait 207 239 3300
238 allreduce 1 0 0 
238 allreduce 1 0 0 
238 irecv 239 1100 200 0
238 irecv 237 1300 200 0
238 send 239 1300 16 0
238 send 237 1100 16 0
238 wait 240 239 1100
238 wait 238 239 1300
238 irecv 242 2100 200 0
238 irecv 234 2300 200 0
238 send 242 2300 40 0
238 send 234 2100 40 0
238 wait 243 239 2100
238 wait 235 239 2300
238 irecv 14 3100 200 0
238 irecv 206 3300 200 0
238 send 14 3300 60 0
238 send 206 3100 60 0
238 wait 15 239 3100
238 wait 207 239 3300
238 allreduce 1 0 0 
238 allreduce 1 0 0 
238 irecv 239 1100 200 0
238 irecv 237 1300 200 0
238 send 239 1300 4 0
238 send 237 1100 4 0
238 wait 240 239 1100
238 wait 238 239 1300
238 irecv 242 2100 200 0
238 irecv 234 2300 200 0
238 send 242 2300 12 0
238 send 234 2100 12 0
238 wait 243 239 2100
238 wait 235 239 2300
238 irecv 14 3100 200 0
238 irecv 206 3300 200 0
238 send 14 3300 24 0
238 send 206 3100 24 0
238 wait 15 239 3100
238 wait 207 239 3300
238 irecv 239 1100 200 0
238 irecv 237 1300 200 0
238 send 239 1300 1 0
238 send 237 1100 1 0
238 wait 240 239 1100
238 wait 238 239 1300
238 irecv 242 2100 200 0
238 irecv 234 2300 200 0
238 send 242 2300 4 0
238 send 234 2100 4 0
238 wait 243 239 2100
238 wait 235 239 2300
238 irecv 14 3100 200 0
238 irecv 206 3300 200 0
238 send 14 3300 12 0
238 send 206 3100 12 0
238 wait 15 239 3100
238 wait 207 239 3300
238 irecv 239 1100 200 0
238 irecv 237 1300 200 0
238 send 239 1300 1 0
238 send 237 1100 1 0
238 wait 240 239 1100
238 wait 238 239 1300
238 irecv 246 2100 200 0
238 irecv 230 2300 200 0
238 send 246 2300 3 0
238 send 230 2100 3 0
238 wait 247 239 2100
238 wait 231 239 2300
238 irecv 46 3100 200 0
238 irecv 174 3300 200 0
238 send 46 3300 9 0
238 send 174 3100 9 0
238 wait 47 239 3100
238 wait 175 239 3300
238 irecv 239 1100 200 0
238 irecv 237 1300 200 0
238 wait 240 239 1100
238 wait 238 239 1300
238 send 246 2300 18 0
238 send 230 2100 9 0
238 send 46 3300 18 0
238 send 174 3100 9 0
238 irecv 239 1100 200 0
238 irecv 237 1300 200 0
238 send 239 1300 1 0
238 send 237 1100 1 0
238 wait 240 239 1100
238 wait 238 239 1300
238 irecv 246 2100 200 0
238 irecv 230 2300 200 0
238 send 246 2300 3 0
238 send 230 2100 3 0
238 wait 247 239 2100
238 wait 231 239 2300
238 irecv 46 3100 200 0
238 irecv 174 3300 200 0
238 send 46 3300 9 0
238 send 174 3100 9 0
238 wait 47 239 3100
238 wait 175 239 3300
238 irecv 239 1100 200 0
238 irecv 237 1300 200 0
238 send 239 1300 1 0
238 send 237 1100 1 0
238 wait 240 239 1100
238 wait 238 239 1300
238 irecv 246 2100 200 0
238 irecv 230 2300 200 0
238 send 246 2300 3 0
238 send 230 2100 3 0
238 wait 247 239 2100
238 wait 231 239 2300
238 irecv 46 3100 200 0
238 irecv 174 3300 200 0
238 send 46 3300 9 0
238 send 174 3100 9 0
238 wait 47 239 3100
238 wait 175 239 3300
238 send 242 2300 24 0
238 send 234 2100 12 0
238 send 14 3300 24 0
238 send 206 3100 12 0
238 irecv 239 1100 200 0
238 irecv 237 1300 200 0
238 send 239 1300 1 0
238 send 237 1100 1 0
238 wait 240 239 1100
238 wait 238 239 1300
238 irecv 242 2100 200 0
238 irecv 234 2300 200 0
238 send 242 2300 4 0
238 send 234 2100 4 0
238 wait 243 239 2100
238 wait 235 239 2300
238 irecv 14 3100 200 0
238 irecv 206 3300 200 0
238 send 14 3300 12 0
238 send 206 3100 12 0
238 wait 15 239 3100
238 wait 207 239 3300
238 irecv 239 1100 200 0
238 irecv 237 1300 200 0
238 send 239 1300 1 0
238 send 237 1100 1 0
238 wait 240 239 1100
238 wait 238 239 1300
238 irecv 242 2100 200 0
238 irecv 234 2300 200 0
238 send 242 2300 4 0
238 send 234 2100 4 0
238 wait 243 239 2100
238 wait 235 239 2300
238 irecv 14 3100 200 0
238 irecv 206 3300 200 0
238 send 14 3300 12 0
238 send 206 3100 12 0
238 wait 15 239 3100
238 wait 207 239 3300
238 irecv 239 1100 200 0
238 irecv 237 1300 200 0
238 send 239 1300 4 0
238 send 237 1100 4 0
238 wait 240 239 1100
238 wait 238 239 1300
238 irecv 242 2100 200 0
238 irecv 234 2300 200 0
238 send 242 2300 12 0
238 send 234 2100 12 0
238 wait 243 239 2100
238 wait 235 239 2300
238 irecv 14 3100 200 0
238 irecv 206 3300 200 0
238 send 14 3300 24 0
238 send 206 3100 24 0
238 wait 15 239 3100
238 wait 207 239 3300
238 irecv 239 1100 200 0
238 irecv 237 1300 200 0
238 send 239 1300 4 0
238 send 237 1100 4 0
238 wait 240 239 1100
238 wait 238 239 1300
238 irecv 242 2100 200 0
238 irecv 234 2300 200 0
238 send 242 2300 12 0
238 send 234 2100 12 0
238 wait 243 239 2100
238 wait 235 239 2300
238 irecv 14 3100 200 0
238 irecv 206 3300 200 0
238 send 14 3300 24 0
238 send 206 3100 24 0
238 wait 15 239 3100
238 wait 207 239 3300
238 irecv 239 1100 200 0
238 irecv 237 1300 200 0
238 send 239 1300 16 0
238 send 237 1100 16 0
238 wait 240 239 1100
238 wait 238 239 1300
238 irecv 242 2100 200 0
238 irecv 234 2300 200 0
238 send 242 2300 40 0
238 send 234 2100 40 0
238 wait 243 239 2100
238 wait 235 239 2300
238 irecv 14 3100 200 0
238 irecv 206 3300 200 0
238 send 14 3300 60 0
238 send 206 3100 60 0
238 wait 15 239 3100
238 wait 207 239 3300
238 irecv 239 1100 200 0
238 irecv 237 1300 200 0
238 send 239 1300 16 0
238 send 237 1100 16 0
238 wait 240 239 1100
238 wait 238 239 1300
238 irecv 242 2100 200 0
238 irecv 234 2300 200 0
238 send 242 2300 40 0
238 send 234 2100 40 0
238 wait 243 239 2100
238 wait 235 239 2300
238 irecv 14 3100 200 0
238 irecv 206 3300 200 0
238 send 14 3300 60 0
238 send 206 3100 60 0
238 wait 15 239 3100
238 wait 207 239 3300
238 irecv 239 1100 200 0
238 irecv 237 1300 200 0
238 send 239 1300 16 0
238 send 237 1100 16 0
238 wait 240 239 1100
238 wait 238 239 1300
238 irecv 242 2100 200 0
238 irecv 234 2300 200 0
238 send 242 2300 40 0
238 send 234 2100 40 0
238 wait 243 239 2100
238 wait 235 239 2300
238 irecv 14 3100 200 0
238 irecv 206 3300 200 0
238 send 14 3300 60 0
238 send 206 3100 60 0
238 wait 15 239 3100
238 wait 207 239 3300
238 barrier
238 allreduce 1 0 0 
238 allreduce 4 0 1 
238 allreduce 1 0 0 
238 allreduce 4 0 1 
238 allreduce 1 0 0 
238 allreduce 4 0 1 
238 allreduce 1 0 0 
238 allreduce 4 0 1 
238 allreduce 1 0 0 
238 allreduce 4 0 1 
238 allreduce 1 0 0 
238 allreduce 4 0 1 
238 allreduce 1 0 0 
238 allreduce 4 0 1 
238 allreduce 1 0 0 
238 allreduce 4 0 1 
238 allreduce 1 0 0 
238 allreduce 4 0 1 
238 allreduce 1 0 0 
238 allreduce 4 0 1 
238 allreduce 1 0 0 
238 allreduce 4 0 1 
238 allreduce 1 0 0 
238 allreduce 4 0 1 
238 allreduce 1 0 0 
238 allreduce 4 0 1 
238 allreduce 1 0 0 
238 allreduce 4 0 1 
238 allreduce 1 0 0 
238 allreduce 4 0 1 
238 allreduce 1 0 0 
238 allreduce 4 0 1 
238 allreduce 1 0 0 
238 allreduce 4 0 1 
238 allreduce 1 0 0 
238 allreduce 4 0 1 
238 allreduce 1 0 0 
238 allreduce 4 0 1 
238 allreduce 1 0 0 
238 allreduce 4 0 1 
238 barrier
238 irecv 239 1100 200 0
238 irecv 237 1300 200 0
238 send 239 1300 16 0
238 send 237 1100 16 0
238 wait 240 239 1100
238 wait 238 239 1300
238 irecv 242 2100 200 0
238 irecv 234 2300 200 0
238 send 242 2300 40 0
238 send 234 2100 40 0
238 wait 243 239 2100
238 wait 235 239 2300
238 irecv 14 3100 200 0
238 irecv 206 3300 200 0
238 send 14 3300 60 0
238 send 206 3100 60 0
238 wait 15 239 3100
238 wait 207 239 3300
238 barrier
238 irecv 239 1100 200 0
238 irecv 237 1300 200 0
238 send 239 1300 16 0
238 send 237 1100 16 0
238 wait 240 239 1100
238 wait 238 239 1300
238 irecv 242 2100 200 0
238 irecv 234 2300 200 0
238 send 242 2300 40 0
238 send 234 2100 40 0
238 wait 243 239 2100
238 wait 235 239 2300
238 irecv 14 3100 200 0
238 irecv 206 3300 200 0
238 send 14 3300 60 0
238 send 206 3100 60 0
238 wait 15 239 3100
238 wait 207 239 3300
238 allreduce 1 0 0 
238 allreduce 1 0 0 
238 irecv 239 1100 200 0
238 irecv 237 1300 200 0
238 send 239 1300 4 0
238 send 237 1100 4 0
238 wait 240 239 1100
238 wait 238 239 1300
238 irecv 242 2100 200 0
238 irecv 234 2300 200 0
238 send 242 2300 12 0
238 send 234 2100 12 0
238 wait 243 239 2100
238 wait 235 239 2300
238 irecv 14 3100 200 0
238 irecv 206 3300 200 0
238 send 14 3300 24 0
238 send 206 3100 24 0
238 wait 15 239 3100
238 wait 207 239 3300
238 irecv 239 1100 200 0
238 irecv 237 1300 200 0
238 send 239 1300 1 0
238 send 237 1100 1 0
238 wait 240 239 1100
238 wait 238 239 1300
238 irecv 242 2100 200 0
238 irecv 234 2300 200 0
238 send 242 2300 4 0
238 send 234 2100 4 0
238 wait 243 239 2100
238 wait 235 239 2300
238 irecv 14 3100 200 0
238 irecv 206 3300 200 0
238 send 14 3300 12 0
238 send 206 3100 12 0
238 wait 15 239 3100
238 wait 207 239 3300
238 irecv 239 1100 200 0
238 irecv 237 1300 200 0
238 send 239 1300 1 0
238 send 237 1100 1 0
238 wait 240 239 1100
238 wait 238 239 1300
238 irecv 246 2100 200 0
238 irecv 230 2300 200 0
238 send 246 2300 3 0
238 send 230 2100 3 0
238 wait 247 239 2100
238 wait 231 239 2300
238 irecv 46 3100 200 0
238 irecv 174 3300 200 0
238 send 46 3300 9 0
238 send 174 3100 9 0
238 wait 47 239 3100
238 wait 175 239 3300
238 irecv 239 1100 200 0
238 irecv 237 1300 200 0
238 wait 240 239 1100
238 wait 238 239 1300
238 send 246 2300 18 0
238 send 230 2100 9 0
238 send 46 3300 18 0
238 send 174 3100 9 0
238 irecv 239 1100 200 0
238 irecv 237 1300 200 0
238 send 239 1300 1 0
238 send 237 1100 1 0
238 wait 240 239 1100
238 wait 238 239 1300
238 irecv 246 2100 200 0
238 irecv 230 2300 200 0
238 send 246 2300 3 0
238 send 230 2100 3 0
238 wait 247 239 2100
238 wait 231 239 2300
238 irecv 46 3100 200 0
238 irecv 174 3300 200 0
238 send 46 3300 9 0
238 send 174 3100 9 0
238 wait 47 239 3100
238 wait 175 239 3300
238 irecv 239 1100 200 0
238 irecv 237 1300 200 0
238 send 239 1300 1 0
238 send 237 1100 1 0
238 wait 240 239 1100
238 wait 238 239 1300
238 irecv 246 2100 200 0
238 irecv 230 2300 200 0
238 send 246 2300 3 0
238 send 230 2100 3 0
238 wait 247 239 2100
238 wait 231 239 2300
238 irecv 46 3100 200 0
238 irecv 174 3300 200 0
238 send 46 3300 9 0
238 send 174 3100 9 0
238 wait 47 239 3100
238 wait 175 239 3300
238 send 242 2300 24 0
238 send 234 2100 12 0
238 send 14 3300 24 0
238 send 206 3100 12 0
238 irecv 239 1100 200 0
238 irecv 237 1300 200 0
238 send 239 1300 1 0
238 send 237 1100 1 0
238 wait 240 239 1100
238 wait 238 239 1300
238 irecv 242 2100 200 0
238 irecv 234 2300 200 0
238 send 242 2300 4 0
238 send 234 2100 4 0
238 wait 243 239 2100
238 wait 235 239 2300
238 irecv 14 3100 200 0
238 irecv 206 3300 200 0
238 send 14 3300 12 0
238 send 206 3100 12 0
238 wait 15 239 3100
238 wait 207 239 3300
238 irecv 239 1100 200 0
238 irecv 237 1300 200 0
238 send 239 1300 1 0
238 send 237 1100 1 0
238 wait 240 239 1100
238 wait 238 239 1300
238 irecv 242 2100 200 0
238 irecv 234 2300 200 0
238 send 242 2300 4 0
238 send 234 2100 4 0
238 wait 243 239 2100
238 wait 235 239 2300
238 irecv 14 3100 200 0
238 irecv 206 3300 200 0
238 send 14 3300 12 0
238 send 206 3100 12 0
238 wait 15 239 3100
238 wait 207 239 3300
238 irecv 239 1100 200 0
238 irecv 237 1300 200 0
238 send 239 1300 4 0
238 send 237 1100 4 0
238 wait 240 239 1100
238 wait 238 239 1300
238 irecv 242 2100 200 0
238 irecv 234 2300 200 0
238 send 242 2300 12 0
238 send 234 2100 12 0
238 wait 243 239 2100
238 wait 235 239 2300
238 irecv 14 3100 200 0
238 irecv 206 3300 200 0
238 send 14 3300 24 0
238 send 206 3100 24 0
238 wait 15 239 3100
238 wait 207 239 3300
238 irecv 239 1100 200 0
238 irecv 237 1300 200 0
238 send 239 1300 4 0
238 send 237 1100 4 0
238 wait 240 239 1100
238 wait 238 239 1300
238 irecv 242 2100 200 0
238 irecv 234 2300 200 0
238 send 242 2300 12 0
238 send 234 2100 12 0
238 wait 243 239 2100
238 wait 235 239 2300
238 irecv 14 3100 200 0
238 irecv 206 3300 200 0
238 send 14 3300 24 0
238 send 206 3100 24 0
238 wait 15 239 3100
238 wait 207 239 3300
238 irecv 239 1100 200 0
238 irecv 237 1300 200 0
238 send 239 1300 16 0
238 send 237 1100 16 0
238 wait 240 239 1100
238 wait 238 239 1300
238 irecv 242 2100 200 0
238 irecv 234 2300 200 0
238 send 242 2300 40 0
238 send 234 2100 40 0
238 wait 243 239 2100
238 wait 235 239 2300
238 irecv 14 3100 200 0
238 irecv 206 3300 200 0
238 send 14 3300 60 0
238 send 206 3100 60 0
238 wait 15 239 3100
238 wait 207 239 3300
238 irecv 239 1100 200 0
238 irecv 237 1300 200 0
238 send 239 1300 16 0
238 send 237 1100 16 0
238 wait 240 239 1100
238 wait 238 239 1300
238 irecv 242 2100 200 0
238 irecv 234 2300 200 0
238 send 242 2300 40 0
238 send 234 2100 40 0
238 wait 243 239 2100
238 wait 235 239 2300
238 irecv 14 3100 200 0
238 irecv 206 3300 200 0
238 send 14 3300 60 0
238 send 206 3100 60 0
238 wait 15 239 3100
238 wait 207 239 3300
238 irecv 239 1100 200 0
238 irecv 237 1300 200 0
238 send 239 1300 16 0
238 send 237 1100 16 0
238 wait 240 239 1100
238 wait 238 239 1300
238 irecv 242 2100 200 0
238 irecv 234 2300 200 0
238 send 242 2300 40 0
238 send 234 2100 40 0
238 wait 243 239 2100
238 wait 235 239 2300
238 irecv 14 3100 200 0
238 irecv 206 3300 200 0
238 send 14 3300 60 0
238 send 206 3100 60 0
238 wait 15 239 3100
238 wait 207 239 3300
238 irecv 239 1100 200 0
238 irecv 237 1300 200 0
238 send 239 1300 4 0
238 send 237 1100 4 0
238 wait 240 239 1100
238 wait 238 239 1300
238 irecv 242 2100 200 0
238 irecv 234 2300 200 0
238 send 242 2300 12 0
238 send 234 2100 12 0
238 wait 243 239 2100
238 wait 235 239 2300
238 irecv 14 3100 200 0
238 irecv 206 3300 200 0
238 send 14 3300 24 0
238 send 206 3100 24 0
238 wait 15 239 3100
238 wait 207 239 3300
238 irecv 239 1100 200 0
238 irecv 237 1300 200 0
238 send 239 1300 1 0
238 send 237 1100 1 0
238 wait 240 239 1100
238 wait 238 239 1300
238 irecv 242 2100 200 0
238 irecv 234 2300 200 0
238 send 242 2300 4 0
238 send 234 2100 4 0
238 wait 243 239 2100
238 wait 235 239 2300
238 irecv 14 3100 200 0
238 irecv 206 3300 200 0
238 send 14 3300 12 0
238 send 206 3100 12 0
238 wait 15 239 3100
238 wait 207 239 3300
238 irecv 239 1100 200 0
238 irecv 237 1300 200 0
238 send 239 1300 1 0
238 send 237 1100 1 0
238 wait 240 239 1100
238 wait 238 239 1300
238 irecv 246 2100 200 0
238 irecv 230 2300 200 0
238 send 246 2300 3 0
238 send 230 2100 3 0
238 wait 247 239 2100
238 wait 231 239 2300
238 irecv 46 3100 200 0
238 irecv 174 3300 200 0
238 send 46 3300 9 0
238 send 174 3100 9 0
238 wait 47 239 3100
238 wait 175 239 3300
238 irecv 239 1100 200 0
238 irecv 237 1300 200 0
238 wait 240 239 1100
238 wait 238 239 1300
238 send 246 2300 18 0
238 send 230 2100 9 0
238 send 46 3300 18 0
238 send 174 3100 9 0
238 irecv 239 1100 200 0
238 irecv 237 1300 200 0
238 send 239 1300 1 0
238 send 237 1100 1 0
238 wait 240 239 1100
238 wait 238 239 1300
238 irecv 246 2100 200 0
238 irecv 230 2300 200 0
238 send 246 2300 3 0
238 send 230 2100 3 0
238 wait 247 239 2100
238 wait 231 239 2300
238 irecv 46 3100 200 0
238 irecv 174 3300 200 0
238 send 46 3300 9 0
238 send 174 3100 9 0
238 wait 47 239 3100
238 wait 175 239 3300
238 irecv 239 1100 200 0
238 irecv 237 1300 200 0
238 send 239 1300 1 0
238 send 237 1100 1 0
238 wait 240 239 1100
238 wait 238 239 1300
238 irecv 246 2100 200 0
238 irecv 230 2300 200 0
238 send 246 2300 3 0
238 send 230 2100 3 0
238 wait 247 239 2100
238 wait 231 239 2300
238 irecv 46 3100 200 0
238 irecv 174 3300 200 0
238 send 46 3300 9 0
238 send 174 3100 9 0
238 wait 47 239 3100
238 wait 175 239 3300
238 send 242 2300 24 0
238 send 234 2100 12 0
238 send 14 3300 24 0
238 send 206 3100 12 0
238 irecv 239 1100 200 0
238 irecv 237 1300 200 0
238 send 239 1300 1 0
238 send 237 1100 1 0
238 wait 240 239 1100
238 wait 238 239 1300
238 irecv 242 2100 200 0
238 irecv 234 2300 200 0
238 send 242 2300 4 0
238 send 234 2100 4 0
238 wait 243 239 2100
238 wait 235 239 2300
238 irecv 14 3100 200 0
238 irecv 206 3300 200 0
238 send 14 3300 12 0
238 send 206 3100 12 0
238 wait 15 239 3100
238 wait 207 239 3300
238 irecv 239 1100 200 0
238 irecv 237 1300 200 0
238 send 239 1300 1 0
238 send 237 1100 1 0
238 wait 240 239 1100
238 wait 238 239 1300
238 irecv 242 2100 200 0
238 irecv 234 2300 200 0
238 send 242 2300 4 0
238 send 234 2100 4 0
238 wait 243 239 2100
238 wait 235 239 2300
238 irecv 14 3100 200 0
238 irecv 206 3300 200 0
238 send 14 3300 12 0
238 send 206 3100 12 0
238 wait 15 239 3100
238 wait 207 239 3300
238 irecv 239 1100 200 0
238 irecv 237 1300 200 0
238 send 239 1300 4 0
238 send 237 1100 4 0
238 wait 240 239 1100
238 wait 238 239 1300
238 irecv 242 2100 200 0
238 irecv 234 2300 200 0
238 send 242 2300 12 0
238 send 234 2100 12 0
238 wait 243 239 2100
238 wait 235 239 2300
238 irecv 14 3100 200 0
238 irecv 206 3300 200 0
238 send 14 3300 24 0
238 send 206 3100 24 0
238 wait 15 239 3100
238 wait 207 239 3300
238 irecv 239 1100 200 0
238 irecv 237 1300 200 0
238 send 239 1300 4 0
238 send 237 1100 4 0
238 wait 240 239 1100
238 wait 238 239 1300
238 irecv 242 2100 200 0
238 irecv 234 2300 200 0
238 send 242 2300 12 0
238 send 234 2100 12 0
238 wait 243 239 2100
238 wait 235 239 2300
238 irecv 14 3100 200 0
238 irecv 206 3300 200 0
238 send 14 3300 24 0
238 send 206 3100 24 0
238 wait 15 239 3100
238 wait 207 239 3300
238 irecv 239 1100 200 0
238 irecv 237 1300 200 0
238 send 239 1300 16 0
238 send 237 1100 16 0
238 wait 240 239 1100
238 wait 238 239 1300
238 irecv 242 2100 200 0
238 irecv 234 2300 200 0
238 send 242 2300 40 0
238 send 234 2100 40 0
238 wait 243 239 2100
238 wait 235 239 2300
238 irecv 14 3100 200 0
238 irecv 206 3300 200 0
238 send 14 3300 60 0
238 send 206 3100 60 0
238 wait 15 239 3100
238 wait 207 239 3300
238 irecv 239 1100 200 0
238 irecv 237 1300 200 0
238 send 239 1300 16 0
238 send 237 1100 16 0
238 wait 240 239 1100
238 wait 238 239 1300
238 irecv 242 2100 200 0
238 irecv 234 2300 200 0
238 send 242 2300 40 0
238 send 234 2100 40 0
238 wait 243 239 2100
238 wait 235 239 2300
238 irecv 14 3100 200 0
238 irecv 206 3300 200 0
238 send 14 3300 60 0
238 send 206 3100 60 0
238 wait 15 239 3100
238 wait 207 239 3300
238 irecv 239 1100 200 0
238 irecv 237 1300 200 0
238 send 239 1300 16 0
238 send 237 1100 16 0
238 wait 240 239 1100
238 wait 238 239 1300
238 irecv 242 2100 200 0
238 irecv 234 2300 200 0
238 send 242 2300 40 0
238 send 234 2100 40 0
238 wait 243 239 2100
238 wait 235 239 2300
238 irecv 14 3100 200 0
238 irecv 206 3300 200 0
238 send 14 3300 60 0
238 send 206 3100 60 0
238 wait 15 239 3100
238 wait 207 239 3300
238 irecv 239 1100 200 0
238 irecv 237 1300 200 0
238 send 239 1300 4 0
238 send 237 1100 4 0
238 wait 240 239 1100
238 wait 238 239 1300
238 irecv 242 2100 200 0
238 irecv 234 2300 200 0
238 send 242 2300 12 0
238 send 234 2100 12 0
238 wait 243 239 2100
238 wait 235 239 2300
238 irecv 14 3100 200 0
238 irecv 206 3300 200 0
238 send 14 3300 24 0
238 send 206 3100 24 0
238 wait 15 239 3100
238 wait 207 239 3300
238 irecv 239 1100 200 0
238 irecv 237 1300 200 0
238 send 239 1300 1 0
238 send 237 1100 1 0
238 wait 240 239 1100
238 wait 238 239 1300
238 irecv 242 2100 200 0
238 irecv 234 2300 200 0
238 send 242 2300 4 0
238 send 234 2100 4 0
238 wait 243 239 2100
238 wait 235 239 2300
238 irecv 14 3100 200 0
238 irecv 206 3300 200 0
238 send 14 3300 12 0
238 send 206 3100 12 0
238 wait 15 239 3100
238 wait 207 239 3300
238 irecv 239 1100 200 0
238 irecv 237 1300 200 0
238 send 239 1300 1 0
238 send 237 1100 1 0
238 wait 240 239 1100
238 wait 238 239 1300
238 irecv 246 2100 200 0
238 irecv 230 2300 200 0
238 send 246 2300 3 0
238 send 230 2100 3 0
238 wait 247 239 2100
238 wait 231 239 2300
238 irecv 46 3100 200 0
238 irecv 174 3300 200 0
238 send 46 3300 9 0
238 send 174 3100 9 0
238 wait 47 239 3100
238 wait 175 239 3300
238 irecv 239 1100 200 0
238 irecv 237 1300 200 0
238 wait 240 239 1100
238 wait 238 239 1300
238 send 246 2300 18 0
238 send 230 2100 9 0
238 send 46 3300 18 0
238 send 174 3100 9 0
238 irecv 239 1100 200 0
238 irecv 237 1300 200 0
238 send 239 1300 1 0
238 send 237 1100 1 0
238 wait 240 239 1100
238 wait 238 239 1300
238 irecv 246 2100 200 0
238 irecv 230 2300 200 0
238 send 246 2300 3 0
238 send 230 2100 3 0
238 wait 247 239 2100
238 wait 231 239 2300
238 irecv 46 3100 200 0
238 irecv 174 3300 200 0
238 send 46 3300 9 0
238 send 174 3100 9 0
238 wait 47 239 3100
238 wait 175 239 3300
238 irecv 239 1100 200 0
238 irecv 237 1300 200 0
238 send 239 1300 1 0
238 send 237 1100 1 0
238 wait 240 239 1100
238 wait 238 239 1300
238 irecv 246 2100 200 0
238 irecv 230 2300 200 0
238 send 246 2300 3 0
238 send 230 2100 3 0
238 wait 247 239 2100
238 wait 231 239 2300
238 irecv 46 3100 200 0
238 irecv 174 3300 200 0
238 send 46 3300 9 0
238 send 174 3100 9 0
238 wait 47 239 3100
238 wait 175 239 3300
238 send 242 2300 24 0
238 send 234 2100 12 0
238 send 14 3300 24 0
238 send 206 3100 12 0
238 irecv 239 1100 200 0
238 irecv 237 1300 200 0
238 send 239 1300 1 0
238 send 237 1100 1 0
238 wait 240 239 1100
238 wait 238 239 1300
238 irecv 242 2100 200 0
238 irecv 234 2300 200 0
238 send 242 2300 4 0
238 send 234 2100 4 0
238 wait 243 239 2100
238 wait 235 239 2300
238 irecv 14 3100 200 0
238 irecv 206 3300 200 0
238 send 14 3300 12 0
238 send 206 3100 12 0
238 wait 15 239 3100
238 wait 207 239 3300
238 irecv 239 1100 200 0
238 irecv 237 1300 200 0
238 send 239 1300 1 0
238 send 237 1100 1 0
238 wait 240 239 1100
238 wait 238 239 1300
238 irecv 242 2100 200 0
238 irecv 234 2300 200 0
238 send 242 2300 4 0
238 send 234 2100 4 0
238 wait 243 239 2100
238 wait 235 239 2300
238 irecv 14 3100 200 0
238 irecv 206 3300 200 0
238 send 14 3300 12 0
238 send 206 3100 12 0
238 wait 15 239 3100
238 wait 207 239 3300
238 irecv 239 1100 200 0
238 irecv 237 1300 200 0
238 send 239 1300 4 0
238 send 237 1100 4 0
238 wait 240 239 1100
238 wait 238 239 1300
238 irecv 242 2100 200 0
238 irecv 234 2300 200 0
238 send 242 2300 12 0
238 send 234 2100 12 0
238 wait 243 239 2100
238 wait 235 239 2300
238 irecv 14 3100 200 0
238 irecv 206 3300 200 0
238 send 14 3300 24 0
238 send 206 3100 24 0
238 wait 15 239 3100
238 wait 207 239 3300
238 irecv 239 1100 200 0
238 irecv 237 1300 200 0
238 send 239 1300 4 0
238 send 237 1100 4 0
238 wait 240 239 1100
238 wait 238 239 1300
238 irecv 242 2100 200 0
238 irecv 234 2300 200 0
238 send 242 2300 12 0
238 send 234 2100 12 0
238 wait 243 239 2100
238 wait 235 239 2300
238 irecv 14 3100 200 0
238 irecv 206 3300 200 0
238 send 14 3300 24 0
238 send 206 3100 24 0
238 wait 15 239 3100
238 wait 207 239 3300
238 irecv 239 1100 200 0
238 irecv 237 1300 200 0
238 send 239 1300 16 0
238 send 237 1100 16 0
238 wait 240 239 1100
238 wait 238 239 1300
238 irecv 242 2100 200 0
238 irecv 234 2300 200 0
238 send 242 2300 40 0
238 send 234 2100 40 0
238 wait 243 239 2100
238 wait 235 239 2300
238 irecv 14 3100 200 0
238 irecv 206 3300 200 0
238 send 14 3300 60 0
238 send 206 3100 60 0
238 wait 15 239 3100
238 wait 207 239 3300
238 irecv 239 1100 200 0
238 irecv 237 1300 200 0
238 send 239 1300 16 0
238 send 237 1100 16 0
238 wait 240 239 1100
238 wait 238 239 1300
238 irecv 242 2100 200 0
238 irecv 234 2300 200 0
238 send 242 2300 40 0
238 send 234 2100 40 0
238 wait 243 239 2100
238 wait 235 239 2300
238 irecv 14 3100 200 0
238 irecv 206 3300 200 0
238 send 14 3300 60 0
238 send 206 3100 60 0
238 wait 15 239 3100
238 wait 207 239 3300
238 irecv 239 1100 200 0
238 irecv 237 1300 200 0
238 send 239 1300 16 0
238 send 237 1100 16 0
238 wait 240 239 1100
238 wait 238 239 1300
238 irecv 242 2100 200 0
238 irecv 234 2300 200 0
238 send 242 2300 40 0
238 send 234 2100 40 0
238 wait 243 239 2100
238 wait 235 239 2300
238 irecv 14 3100 200 0
238 irecv 206 3300 200 0
238 send 14 3300 60 0
238 send 206 3100 60 0
238 wait 15 239 3100
238 wait 207 239 3300
238 irecv 239 1100 200 0
238 irecv 237 1300 200 0
238 send 239 1300 4 0
238 send 237 1100 4 0
238 wait 240 239 1100
238 wait 238 239 1300
238 irecv 242 2100 200 0
238 irecv 234 2300 200 0
238 send 242 2300 12 0
238 send 234 2100 12 0
238 wait 243 239 2100
238 wait 235 239 2300
238 irecv 14 3100 200 0
238 irecv 206 3300 200 0
238 send 14 3300 24 0
238 send 206 3100 24 0
238 wait 15 239 3100
238 wait 207 239 3300
238 irecv 239 1100 200 0
238 irecv 237 1300 200 0
238 send 239 1300 1 0
238 send 237 1100 1 0
238 wait 240 239 1100
238 wait 238 239 1300
238 irecv 242 2100 200 0
238 irecv 234 2300 200 0
238 send 242 2300 4 0
238 send 234 2100 4 0
238 wait 243 239 2100
238 wait 235 239 2300
238 irecv 14 3100 200 0
238 irecv 206 3300 200 0
238 send 14 3300 12 0
238 send 206 3100 12 0
238 wait 15 239 3100
238 wait 207 239 3300
238 irecv 239 1100 200 0
238 irecv 237 1300 200 0
238 send 239 1300 1 0
238 send 237 1100 1 0
238 wait 240 239 1100
238 wait 238 239 1300
238 irecv 246 2100 200 0
238 irecv 230 2300 200 0
238 send 246 2300 3 0
238 send 230 2100 3 0
238 wait 247 239 2100
238 wait 231 239 2300
238 irecv 46 3100 200 0
238 irecv 174 3300 200 0
238 send 46 3300 9 0
238 send 174 3100 9 0
238 wait 47 239 3100
238 wait 175 239 3300
238 irecv 239 1100 200 0
238 irecv 237 1300 200 0
238 wait 240 239 1100
238 wait 238 239 1300
238 send 246 2300 18 0
238 send 230 2100 9 0
238 send 46 3300 18 0
238 send 174 3100 9 0
238 irecv 239 1100 200 0
238 irecv 237 1300 200 0
238 send 239 1300 1 0
238 send 237 1100 1 0
238 wait 240 239 1100
238 wait 238 239 1300
238 irecv 246 2100 200 0
238 irecv 230 2300 200 0
238 send 246 2300 3 0
238 send 230 2100 3 0
238 wait 247 239 2100
238 wait 231 239 2300
238 irecv 46 3100 200 0
238 irecv 174 3300 200 0
238 send 46 3300 9 0
238 send 174 3100 9 0
238 wait 47 239 3100
238 wait 175 239 3300
238 irecv 239 1100 200 0
238 irecv 237 1300 200 0
238 send 239 1300 1 0
238 send 237 1100 1 0
238 wait 240 239 1100
238 wait 238 239 1300
238 irecv 246 2100 200 0
238 irecv 230 2300 200 0
238 send 246 2300 3 0
238 send 230 2100 3 0
238 wait 247 239 2100
238 wait 231 239 2300
238 irecv 46 3100 200 0
238 irecv 174 3300 200 0
238 send 46 3300 9 0
238 send 174 3100 9 0
238 wait 47 239 3100
238 wait 175 239 3300
238 send 242 2300 24 0
238 send 234 2100 12 0
238 send 14 3300 24 0
238 send 206 3100 12 0
238 irecv 239 1100 200 0
238 irecv 237 1300 200 0
238 send 239 1300 1 0
238 send 237 1100 1 0
238 wait 240 239 1100
238 wait 238 239 1300
238 irecv 242 2100 200 0
238 irecv 234 2300 200 0
238 send 242 2300 4 0
238 send 234 2100 4 0
238 wait 243 239 2100
238 wait 235 239 2300
238 irecv 14 3100 200 0
238 irecv 206 3300 200 0
238 send 14 3300 12 0
238 send 206 3100 12 0
238 wait 15 239 3100
238 wait 207 239 3300
238 irecv 239 1100 200 0
238 irecv 237 1300 200 0
238 send 239 1300 1 0
238 send 237 1100 1 0
238 wait 240 239 1100
238 wait 238 239 1300
238 irecv 242 2100 200 0
238 irecv 234 2300 200 0
238 send 242 2300 4 0
238 send 234 2100 4 0
238 wait 243 239 2100
238 wait 235 239 2300
238 irecv 14 3100 200 0
238 irecv 206 3300 200 0
238 send 14 3300 12 0
238 send 206 3100 12 0
238 wait 15 239 3100
238 wait 207 239 3300
238 irecv 239 1100 200 0
238 irecv 237 1300 200 0
238 send 239 1300 4 0
238 send 237 1100 4 0
238 wait 240 239 1100
238 wait 238 239 1300
238 irecv 242 2100 200 0
238 irecv 234 2300 200 0
238 send 242 2300 12 0
238 send 234 2100 12 0
238 wait 243 239 2100
238 wait 235 239 2300
238 irecv 14 3100 200 0
238 irecv 206 3300 200 0
238 send 14 3300 24 0
238 send 206 3100 24 0
238 wait 15 239 3100
238 wait 207 239 3300
238 irecv 239 1100 200 0
238 irecv 237 1300 200 0
238 send 239 1300 4 0
238 send 237 1100 4 0
238 wait 240 239 1100
238 wait 238 239 1300
238 irecv 242 2100 200 0
238 irecv 234 2300 200 0
238 send 242 2300 12 0
238 send 234 2100 12 0
238 wait 243 239 2100
238 wait 235 239 2300
238 irecv 14 3100 200 0
238 irecv 206 3300 200 0
238 send 14 3300 24 0
238 send 206 3100 24 0
238 wait 15 239 3100
238 wait 207 239 3300
238 irecv 239 1100 200 0
238 irecv 237 1300 200 0
238 send 239 1300 16 0
238 send 237 1100 16 0
238 wait 240 239 1100
238 wait 238 239 1300
238 irecv 242 2100 200 0
238 irecv 234 2300 200 0
238 send 242 2300 40 0
238 send 234 2100 40 0
238 wait 243 239 2100
238 wait 235 239 2300
238 irecv 14 3100 200 0
238 irecv 206 3300 200 0
238 send 14 3300 60 0
238 send 206 3100 60 0
238 wait 15 239 3100
238 wait 207 239 3300
238 irecv 239 1100 200 0
238 irecv 237 1300 200 0
238 send 239 1300 16 0
238 send 237 1100 16 0
238 wait 240 239 1100
238 wait 238 239 1300
238 irecv 242 2100 200 0
238 irecv 234 2300 200 0
238 send 242 2300 40 0
238 send 234 2100 40 0
238 wait 243 239 2100
238 wait 235 239 2300
238 irecv 14 3100 200 0
238 irecv 206 3300 200 0
238 send 14 3300 60 0
238 send 206 3100 60 0
238 wait 15 239 3100
238 wait 207 239 3300
238 irecv 239 1100 200 0
238 irecv 237 1300 200 0
238 send 239 1300 16 0
238 send 237 1100 16 0
238 wait 240 239 1100
238 wait 238 239 1300
238 irecv 242 2100 200 0
238 irecv 234 2300 200 0
238 send 242 2300 40 0
238 send 234 2100 40 0
238 wait 243 239 2100
238 wait 235 239 2300
238 irecv 14 3100 200 0
238 irecv 206 3300 200 0
238 send 14 3300 60 0
238 send 206 3100 60 0
238 wait 15 239 3100
238 wait 207 239 3300
238 allreduce 1 0 0 
238 allreduce 1 0 0 
238 reduce 1 0 0 0 
238 finalize
