162 init
162 barrier
162 bcast 1 0 1 
162 bcast 1 0 1 
162 bcast 1 0 1 
162 bcast 1 0 1 
162 bcast 1 0 1 
162 bcast 8 0 1 
162 bcast 1 0 16 
162 barrier
162 allreduce 1 0 0 
162 allreduce 4 0 1 
162 allreduce 1 0 0 
162 allreduce 4 0 1 
162 allreduce 1 0 0 
162 allreduce 4 0 1 
162 allreduce 1 0 0 
162 allreduce 4 0 1 
162 allreduce 1 0 0 
162 allreduce 4 0 1 
162 allreduce 1 0 0 
162 allreduce 4 0 1 
162 allreduce 1 0 0 
162 allreduce 4 0 1 
162 allreduce 1 0 0 
162 allreduce 4 0 1 
162 allreduce 1 0 0 
162 allreduce 4 0 1 
162 allreduce 1 0 0 
162 allreduce 4 0 1 
162 allreduce 1 0 0 
162 allreduce 4 0 1 
162 allreduce 1 0 0 
162 allreduce 4 0 1 
162 allreduce 1 0 0 
162 allreduce 4 0 1 
162 allreduce 1 0 0 
162 allreduce 4 0 1 
162 allreduce 1 0 0 
162 allreduce 4 0 1 
162 allreduce 1 0 0 
162 allreduce 4 0 1 
162 allreduce 1 0 0 
162 allreduce 4 0 1 
162 allreduce 1 0 0 
162 allreduce 4 0 1 
162 allreduce 1 0 0 
162 allreduce 4 0 1 
162 allreduce 1 0 0 
162 allreduce 4 0 1 
162 barrier
162 irecv 163 1100 200 0
162 irecv 161 1300 200 0
162 send 163 1300 16 0
162 send 161 1100 16 0
162 wait 164 163 1100
162 wait 162 163 1300
162 irecv 166 2100 200 0
162 irecv 190 2300 200 0
162 send 166 2300 40 0
162 send 190 2100 40 0
162 wait 167 163 2100
162 wait 191 163 2300
162 irecv 194 3100 200 0
162 irecv 130 3300 200 0
162 send 194 3300 60 0
162 send 130 3100 60 0
162 wait 195 163 3100
162 wait 131 163 3300
162 allreduce 1 0 0 
162 allreduce 1 0 0 
162 irecv 163 1100 200 0
162 irecv 161 1300 200 0
162 send 163 1300 16 0
162 send 161 1100 16 0
162 wait 164 163 1100
162 wait 162 163 1300
162 irecv 166 2100 200 0
162 irecv 190 2300 200 0
162 send 166 2300 40 0
162 send 190 2100 40 0
162 wait 167 163 2100
162 wait 191 163 2300
162 irecv 194 3100 200 0
162 irecv 130 3300 200 0
162 send 194 3300 60 0
162 send 130 3100 60 0
162 wait 195 163 3100
162 wait 131 163 3300
162 allreduce 1 0 0 
162 allreduce 1 0 0 
162 irecv 163 1100 200 0
162 irecv 161 1300 200 0
162 send 163 1300 4 0
162 send 161 1100 4 0
162 wait 164 163 1100
162 wait 162 163 1300
162 irecv 166 2100 200 0
162 irecv 190 2300 200 0
162 send 166 2300 12 0
162 send 190 2100 12 0
162 wait 167 163 2100
162 wait 191 163 2300
162 irecv 194 3100 200 0
162 irecv 130 3300 200 0
162 send 194 3300 24 0
162 send 130 3100 24 0
162 wait 195 163 3100
162 wait 131 163 3300
162 irecv 163 1100 200 0
162 irecv 161 1300 200 0
162 send 163 1300 1 0
162 send 161 1100 1 0
162 wait 164 163 1100
162 wait 162 163 1300
162 irecv 166 2100 200 0
162 irecv 190 2300 200 0
162 send 166 2300 4 0
162 send 190 2100 4 0
162 wait 167 163 2100
162 wait 191 163 2300
162 irecv 194 3100 200 0
162 irecv 130 3300 200 0
162 send 194 3300 12 0
162 send 130 3100 12 0
162 wait 195 163 3100
162 wait 131 163 3300
162 irecv 163 1100 200 0
162 irecv 161 1300 200 0
162 wait 164 163 1100
162 wait 162 163 1300
162 irecv 226 3100 200 0
162 irecv 98 3300 200 0
162 wait 227 163 3100
162 wait 99 163 3300
162 irecv 166 2100 200 0
162 irecv 190 2300 200 0
162 wait 167 163 2100
162 wait 191 163 2300
162 send 194 3300 24 0
162 send 130 3100 12 0
162 irecv 163 1100 200 0
162 irecv 161 1300 200 0
162 send 163 1300 1 0
162 send 161 1100 1 0
162 wait 164 163 1100
162 wait 162 163 1300
162 irecv 166 2100 200 0
162 irecv 190 2300 200 0
162 send 166 2300 4 0
162 send 190 2100 4 0
162 wait 167 163 2100
162 wait 191 163 2300
162 irecv 194 3100 200 0
162 irecv 130 3300 200 0
162 send 194 3300 12 0
162 send 130 3100 12 0
162 wait 195 163 3100
162 wait 131 163 3300
162 irecv 163 1100 200 0
162 irecv 161 1300 200 0
162 send 163 1300 1 0
162 send 161 1100 1 0
162 wait 164 163 1100
162 wait 162 163 1300
162 irecv 166 2100 200 0
162 irecv 190 2300 200 0
162 send 166 2300 4 0
162 send 190 2100 4 0
162 wait 167 163 2100
162 wait 191 163 2300
162 irecv 194 3100 200 0
162 irecv 130 3300 200 0
162 send 194 3300 12 0
162 send 130 3100 12 0
162 wait 195 163 3100
162 wait 131 163 3300
162 irecv 163 1100 200 0
162 irecv 161 1300 200 0
162 send 163 1300 4 0
162 send 161 1100 4 0
162 wait 164 163 1100
162 wait 162 163 1300
162 irecv 166 2100 200 0
162 irecv 190 2300 200 0
162 send 166 2300 12 0
162 send 190 2100 12 0
162 wait 167 163 2100
162 wait 191 163 2300
162 irecv 194 3100 200 0
162 irecv 130 3300 200 0
162 send 194 3300 24 0
162 send 130 3100 24 0
162 wait 195 163 3100
162 wait 131 163 3300
162 irecv 163 1100 200 0
162 irecv 161 1300 200 0
162 send 163 1300 4 0
162 send 161 1100 4 0
162 wait 164 163 1100
162 wait 162 163 1300
162 irecv 166 2100 200 0
162 irecv 190 2300 200 0
162 send 166 2300 12 0
162 send 190 2100 12 0
162 wait 167 163 2100
162 wait 191 163 2300
162 irecv 194 3100 200 0
162 irecv 130 3300 200 0
162 send 194 3300 24 0
162 send 130 3100 24 0
162 wait 195 163 3100
162 wait 131 163 3300
162 irecv 163 1100 200 0
162 irecv 161 1300 200 0
162 send 163 1300 16 0
162 send 161 1100 16 0
162 wait 164 163 1100
162 wait 162 163 1300
162 irecv 166 2100 200 0
162 irecv 190 2300 200 0
162 send 166 2300 40 0
162 send 190 2100 40 0
162 wait 167 163 2100
162 wait 191 163 2300
162 irecv 194 3100 200 0
162 irecv 130 3300 200 0
162 send 194 3300 60 0
162 send 130 3100 60 0
162 wait 195 163 3100
162 wait 131 163 3300
162 irecv 163 1100 200 0
162 irecv 161 1300 200 0
162 send 163 1300 16 0
162 send 161 1100 16 0
162 wait 164 163 1100
162 wait 162 163 1300
162 irecv 166 2100 200 0
162 irecv 190 2300 200 0
162 send 166 2300 40 0
162 send 190 2100 40 0
162 wait 167 163 2100
162 wait 191 163 2300
162 irecv 194 3100 200 0
162 irecv 130 3300 200 0
162 send 194 3300 60 0
162 send 130 3100 60 0
162 wait 195 163 3100
162 wait 131 163 3300
162 irecv 163 1100 200 0
162 irecv 161 1300 200 0
162 send 163 1300 16 0
162 send 161 1100 16 0
162 wait 164 163 1100
162 wait 162 163 1300
162 irecv 166 2100 200 0
162 irecv 190 2300 200 0
162 send 166 2300 40 0
162 send 190 2100 40 0
162 wait 167 163 2100
162 wait 191 163 2300
162 irecv 194 3100 200 0
162 irecv 130 3300 200 0
162 send 194 3300 60 0
162 send 130 3100 60 0
162 wait 195 163 3100
162 wait 131 163 3300
162 barrier
162 allreduce 1 0 0 
162 allreduce 4 0 1 
162 allreduce 1 0 0 
162 allreduce 4 0 1 
162 allreduce 1 0 0 
162 allreduce 4 0 1 
162 allreduce 1 0 0 
162 allreduce 4 0 1 
162 allreduce 1 0 0 
162 allreduce 4 0 1 
162 allreduce 1 0 0 
162 allreduce 4 0 1 
162 allreduce 1 0 0 
162 allreduce 4 0 1 
162 allreduce 1 0 0 
162 allreduce 4 0 1 
162 allreduce 1 0 0 
162 allreduce 4 0 1 
162 allreduce 1 0 0 
162 allreduce 4 0 1 
162 allreduce 1 0 0 
162 allreduce 4 0 1 
162 allreduce 1 0 0 
162 allreduce 4 0 1 
162 allreduce 1 0 0 
162 allreduce 4 0 1 
162 allreduce 1 0 0 
162 allreduce 4 0 1 
162 allreduce 1 0 0 
162 allreduce 4 0 1 
162 allreduce 1 0 0 
162 allreduce 4 0 1 
162 allreduce 1 0 0 
162 allreduce 4 0 1 
162 allreduce 1 0 0 
162 allreduce 4 0 1 
162 allreduce 1 0 0 
162 allreduce 4 0 1 
162 allreduce 1 0 0 
162 allreduce 4 0 1 
162 barrier
162 irecv 163 1100 200 0
162 irecv 161 1300 200 0
162 send 163 1300 16 0
162 send 161 1100 16 0
162 wait 164 163 1100
162 wait 162 163 1300
162 irecv 166 2100 200 0
162 irecv 190 2300 200 0
162 send 166 2300 40 0
162 send 190 2100 40 0
162 wait 167 163 2100
162 wait 191 163 2300
162 irecv 194 3100 200 0
162 irecv 130 3300 200 0
162 send 194 3300 60 0
162 send 130 3100 60 0
162 wait 195 163 3100
162 wait 131 163 3300
162 barrier
162 irecv 163 1100 200 0
162 irecv 161 1300 200 0
162 send 163 1300 16 0
162 send 161 1100 16 0
162 wait 164 163 1100
162 wait 162 163 1300
162 irecv 166 2100 200 0
162 irecv 190 2300 200 0
162 send 166 2300 40 0
162 send 190 2100 40 0
162 wait 167 163 2100
162 wait 191 163 2300
162 irecv 194 3100 200 0
162 irecv 130 3300 200 0
162 send 194 3300 60 0
162 send 130 3100 60 0
162 wait 195 163 3100
162 wait 131 163 3300
162 allreduce 1 0 0 
162 allreduce 1 0 0 
162 irecv 163 1100 200 0
162 irecv 161 1300 200 0
162 send 163 1300 4 0
162 send 161 1100 4 0
162 wait 164 163 1100
162 wait 162 163 1300
162 irecv 166 2100 200 0
162 irecv 190 2300 200 0
162 send 166 2300 12 0
162 send 190 2100 12 0
162 wait 167 163 2100
162 wait 191 163 2300
162 irecv 194 3100 200 0
162 irecv 130 3300 200 0
162 send 194 3300 24 0
162 send 130 3100 24 0
162 wait 195 163 3100
162 wait 131 163 3300
162 irecv 163 1100 200 0
162 irecv 161 1300 200 0
162 send 163 1300 1 0
162 send 161 1100 1 0
162 wait 164 163 1100
162 wait 162 163 1300
162 irecv 166 2100 200 0
162 irecv 190 2300 200 0
162 send 166 2300 4 0
162 send 190 2100 4 0
162 wait 167 163 2100
162 wait 191 163 2300
162 irecv 194 3100 200 0
162 irecv 130 3300 200 0
162 send 194 3300 12 0
162 send 130 3100 12 0
162 wait 195 163 3100
162 wait 131 163 3300
162 irecv 163 1100 200 0
162 irecv 161 1300 200 0
162 wait 164 163 1100
162 wait 162 163 1300
162 irecv 226 3100 200 0
162 irecv 98 3300 200 0
162 wait 227 163 3100
162 wait 99 163 3300
162 irecv 166 2100 200 0
162 irecv 190 2300 200 0
162 wait 167 163 2100
162 wait 191 163 2300
162 send 194 3300 24 0
162 send 130 3100 12 0
162 irecv 163 1100 200 0
162 irecv 161 1300 200 0
162 send 163 1300 1 0
162 send 161 1100 1 0
162 wait 164 163 1100
162 wait 162 163 1300
162 irecv 166 2100 200 0
162 irecv 190 2300 200 0
162 send 166 2300 4 0
162 send 190 2100 4 0
162 wait 167 163 2100
162 wait 191 163 2300
162 irecv 194 3100 200 0
162 irecv 130 3300 200 0
162 send 194 3300 12 0
162 send 130 3100 12 0
162 wait 195 163 3100
162 wait 131 163 3300
162 irecv 163 1100 200 0
162 irecv 161 1300 200 0
162 send 163 1300 1 0
162 send 161 1100 1 0
162 wait 164 163 1100
162 wait 162 163 1300
162 irecv 166 2100 200 0
162 irecv 190 2300 200 0
162 send 166 2300 4 0
162 send 190 2100 4 0
162 wait 167 163 2100
162 wait 191 163 2300
162 irecv 194 3100 200 0
162 irecv 130 3300 200 0
162 send 194 3300 12 0
162 send 130 3100 12 0
162 wait 195 163 3100
162 wait 131 163 3300
162 irecv 163 1100 200 0
162 irecv 161 1300 200 0
162 send 163 1300 4 0
162 send 161 1100 4 0
162 wait 164 163 1100
162 wait 162 163 1300
162 irecv 166 2100 200 0
162 irecv 190 2300 200 0
162 send 166 2300 12 0
162 send 190 2100 12 0
162 wait 167 163 2100
162 wait 191 163 2300
162 irecv 194 3100 200 0
162 irecv 130 3300 200 0
162 send 194 3300 24 0
162 send 130 3100 24 0
162 wait 195 163 3100
162 wait 131 163 3300
162 irecv 163 1100 200 0
162 irecv 161 1300 200 0
162 send 163 1300 4 0
162 send 161 1100 4 0
162 wait 164 163 1100
162 wait 162 163 1300
162 irecv 166 2100 200 0
162 irecv 190 2300 200 0
162 send 166 2300 12 0
162 send 190 2100 12 0
162 wait 167 163 2100
162 wait 191 163 2300
162 irecv 194 3100 200 0
162 irecv 130 3300 200 0
162 send 194 3300 24 0
162 send 130 3100 24 0
162 wait 195 163 3100
162 wait 131 163 3300
162 irecv 163 1100 200 0
162 irecv 161 1300 200 0
162 send 163 1300 16 0
162 send 161 1100 16 0
162 wait 164 163 1100
162 wait 162 163 1300
162 irecv 166 2100 200 0
162 irecv 190 2300 200 0
162 send 166 2300 40 0
162 send 190 2100 40 0
162 wait 167 163 2100
162 wait 191 163 2300
162 irecv 194 3100 200 0
162 irecv 130 3300 200 0
162 send 194 3300 60 0
162 send 130 3100 60 0
162 wait 195 163 3100
162 wait 131 163 3300
162 irecv 163 1100 200 0
162 irecv 161 1300 200 0
162 send 163 1300 16 0
162 send 161 1100 16 0
162 wait 164 163 1100
162 wait 162 163 1300
162 irecv 166 2100 200 0
162 irecv 190 2300 200 0
162 send 166 2300 40 0
162 send 190 2100 40 0
162 wait 167 163 2100
162 wait 191 163 2300
162 irecv 194 3100 200 0
162 irecv 130 3300 200 0
162 send 194 3300 60 0
162 send 130 3100 60 0
162 wait 195 163 3100
162 wait 131 163 3300
162 irecv 163 1100 200 0
162 irecv 161 1300 200 0
162 send 163 1300 16 0
162 send 161 1100 16 0
162 wait 164 163 1100
162 wait 162 163 1300
162 irecv 166 2100 200 0
162 irecv 190 2300 200 0
162 send 166 2300 40 0
162 send 190 2100 40 0
162 wait 167 163 2100
162 wait 191 163 2300
162 irecv 194 3100 200 0
162 irecv 130 3300 200 0
162 send 194 3300 60 0
162 send 130 3100 60 0
162 wait 195 163 3100
162 wait 131 163 3300
162 irecv 163 1100 200 0
162 irecv 161 1300 200 0
162 send 163 1300 4 0
162 send 161 1100 4 0
162 wait 164 163 1100
162 wait 162 163 1300
162 irecv 166 2100 200 0
162 irecv 190 2300 200 0
162 send 166 2300 12 0
162 send 190 2100 12 0
162 wait 167 163 2100
162 wait 191 163 2300
162 irecv 194 3100 200 0
162 irecv 130 3300 200 0
162 send 194 3300 24 0
162 send 130 3100 24 0
162 wait 195 163 3100
162 wait 131 163 3300
162 irecv 163 1100 200 0
162 irecv 161 1300 200 0
162 send 163 1300 1 0
162 send 161 1100 1 0
162 wait 164 163 1100
162 wait 162 163 1300
162 irecv 166 2100 200 0
162 irecv 190 2300 200 0
162 send 166 2300 4 0
162 send 190 2100 4 0
162 wait 167 163 2100
162 wait 191 163 2300
162 irecv 194 3100 200 0
162 irecv 130 3300 200 0
162 send 194 3300 12 0
162 send 130 3100 12 0
162 wait 195 163 3100
162 wait 131 163 3300
162 irecv 163 1100 200 0
162 irecv 161 1300 200 0
162 wait 164 163 1100
162 wait 162 163 1300
162 irecv 226 3100 200 0
162 irecv 98 3300 200 0
162 wait 227 163 3100
162 wait 99 163 3300
162 irecv 166 2100 200 0
162 irecv 190 2300 200 0
162 wait 167 163 2100
162 wait 191 163 2300
162 send 194 3300 24 0
162 send 130 3100 12 0
162 irecv 163 1100 200 0
162 irecv 161 1300 200 0
162 send 163 1300 1 0
162 send 161 1100 1 0
162 wait 164 163 1100
162 wait 162 163 1300
162 irecv 166 2100 200 0
162 irecv 190 2300 200 0
162 send 166 2300 4 0
162 send 190 2100 4 0
162 wait 167 163 2100
162 wait 191 163 2300
162 irecv 194 3100 200 0
162 irecv 130 3300 200 0
162 send 194 3300 12 0
162 send 130 3100 12 0
162 wait 195 163 3100
162 wait 131 163 3300
162 irecv 163 1100 200 0
162 irecv 161 1300 200 0
162 send 163 1300 1 0
162 send 161 1100 1 0
162 wait 164 163 1100
162 wait 162 163 1300
162 irecv 166 2100 200 0
162 irecv 190 2300 200 0
162 send 166 2300 4 0
162 send 190 2100 4 0
162 wait 167 163 2100
162 wait 191 163 2300
162 irecv 194 3100 200 0
162 irecv 130 3300 200 0
162 send 194 3300 12 0
162 send 130 3100 12 0
162 wait 195 163 3100
162 wait 131 163 3300
162 irecv 163 1100 200 0
162 irecv 161 1300 200 0
162 send 163 1300 4 0
162 send 161 1100 4 0
162 wait 164 163 1100
162 wait 162 163 1300
162 irecv 166 2100 200 0
162 irecv 190 2300 200 0
162 send 166 2300 12 0
162 send 190 2100 12 0
162 wait 167 163 2100
162 wait 191 163 2300
162 irecv 194 3100 200 0
162 irecv 130 3300 200 0
162 send 194 3300 24 0
162 send 130 3100 24 0
162 wait 195 163 3100
162 wait 131 163 3300
162 irecv 163 1100 200 0
162 irecv 161 1300 200 0
162 send 163 1300 4 0
162 send 161 1100 4 0
162 wait 164 163 1100
162 wait 162 163 1300
162 irecv 166 2100 200 0
162 irecv 190 2300 200 0
162 send 166 2300 12 0
162 send 190 2100 12 0
162 wait 167 163 2100
162 wait 191 163 2300
162 irecv 194 3100 200 0
162 irecv 130 3300 200 0
162 send 194 3300 24 0
162 send 130 3100 24 0
162 wait 195 163 3100
162 wait 131 163 3300
162 irecv 163 1100 200 0
162 irecv 161 1300 200 0
162 send 163 1300 16 0
162 send 161 1100 16 0
162 wait 164 163 1100
162 wait 162 163 1300
162 irecv 166 2100 200 0
162 irecv 190 2300 200 0
162 send 166 2300 40 0
162 send 190 2100 40 0
162 wait 167 163 2100
162 wait 191 163 2300
162 irecv 194 3100 200 0
162 irecv 130 3300 200 0
162 send 194 3300 60 0
162 send 130 3100 60 0
162 wait 195 163 3100
162 wait 131 163 3300
162 irecv 163 1100 200 0
162 irecv 161 1300 200 0
162 send 163 1300 16 0
162 send 161 1100 16 0
162 wait 164 163 1100
162 wait 162 163 1300
162 irecv 166 2100 200 0
162 irecv 190 2300 200 0
162 send 166 2300 40 0
162 send 190 2100 40 0
162 wait 167 163 2100
162 wait 191 163 2300
162 irecv 194 3100 200 0
162 irecv 130 3300 200 0
162 send 194 3300 60 0
162 send 130 3100 60 0
162 wait 195 163 3100
162 wait 131 163 3300
162 irecv 163 1100 200 0
162 irecv 161 1300 200 0
162 send 163 1300 16 0
162 send 161 1100 16 0
162 wait 164 163 1100
162 wait 162 163 1300
162 irecv 166 2100 200 0
162 irecv 190 2300 200 0
162 send 166 2300 40 0
162 send 190 2100 40 0
162 wait 167 163 2100
162 wait 191 163 2300
162 irecv 194 3100 200 0
162 irecv 130 3300 200 0
162 send 194 3300 60 0
162 send 130 3100 60 0
162 wait 195 163 3100
162 wait 131 163 3300
162 irecv 163 1100 200 0
162 irecv 161 1300 200 0
162 send 163 1300 4 0
162 send 161 1100 4 0
162 wait 164 163 1100
162 wait 162 163 1300
162 irecv 166 2100 200 0
162 irecv 190 2300 200 0
162 send 166 2300 12 0
162 send 190 2100 12 0
162 wait 167 163 2100
162 wait 191 163 2300
162 irecv 194 3100 200 0
162 irecv 130 3300 200 0
162 send 194 3300 24 0
162 send 130 3100 24 0
162 wait 195 163 3100
162 wait 131 163 3300
162 irecv 163 1100 200 0
162 irecv 161 1300 200 0
162 send 163 1300 1 0
162 send 161 1100 1 0
162 wait 164 163 1100
162 wait 162 163 1300
162 irecv 166 2100 200 0
162 irecv 190 2300 200 0
162 send 166 2300 4 0
162 send 190 2100 4 0
162 wait 167 163 2100
162 wait 191 163 2300
162 irecv 194 3100 200 0
162 irecv 130 3300 200 0
162 send 194 3300 12 0
162 send 130 3100 12 0
162 wait 195 163 3100
162 wait 131 163 3300
162 irecv 163 1100 200 0
162 irecv 161 1300 200 0
162 wait 164 163 1100
162 wait 162 163 1300
162 irecv 226 3100 200 0
162 irecv 98 3300 200 0
162 wait 227 163 3100
162 wait 99 163 3300
162 irecv 166 2100 200 0
162 irecv 190 2300 200 0
162 wait 167 163 2100
162 wait 191 163 2300
162 send 194 3300 24 0
162 send 130 3100 12 0
162 irecv 163 1100 200 0
162 irecv 161 1300 200 0
162 send 163 1300 1 0
162 send 161 1100 1 0
162 wait 164 163 1100
162 wait 162 163 1300
162 irecv 166 2100 200 0
162 irecv 190 2300 200 0
162 send 166 2300 4 0
162 send 190 2100 4 0
162 wait 167 163 2100
162 wait 191 163 2300
162 irecv 194 3100 200 0
162 irecv 130 3300 200 0
162 send 194 3300 12 0
162 send 130 3100 12 0
162 wait 195 163 3100
162 wait 131 163 3300
162 irecv 163 1100 200 0
162 irecv 161 1300 200 0
162 send 163 1300 1 0
162 send 161 1100 1 0
162 wait 164 163 1100
162 wait 162 163 1300
162 irecv 166 2100 200 0
162 irecv 190 2300 200 0
162 send 166 2300 4 0
162 send 190 2100 4 0
162 wait 167 163 2100
162 wait 191 163 2300
162 irecv 194 3100 200 0
162 irecv 130 3300 200 0
162 send 194 3300 12 0
162 send 130 3100 12 0
162 wait 195 163 3100
162 wait 131 163 3300
162 irecv 163 1100 200 0
162 irecv 161 1300 200 0
162 send 163 1300 4 0
162 send 161 1100 4 0
162 wait 164 163 1100
162 wait 162 163 1300
162 irecv 166 2100 200 0
162 irecv 190 2300 200 0
162 send 166 2300 12 0
162 send 190 2100 12 0
162 wait 167 163 2100
162 wait 191 163 2300
162 irecv 194 3100 200 0
162 irecv 130 3300 200 0
162 send 194 3300 24 0
162 send 130 3100 24 0
162 wait 195 163 3100
162 wait 131 163 3300
162 irecv 163 1100 200 0
162 irecv 161 1300 200 0
162 send 163 1300 4 0
162 send 161 1100 4 0
162 wait 164 163 1100
162 wait 162 163 1300
162 irecv 166 2100 200 0
162 irecv 190 2300 200 0
162 send 166 2300 12 0
162 send 190 2100 12 0
162 wait 167 163 2100
162 wait 191 163 2300
162 irecv 194 3100 200 0
162 irecv 130 3300 200 0
162 send 194 3300 24 0
162 send 130 3100 24 0
162 wait 195 163 3100
162 wait 131 163 3300
162 irecv 163 1100 200 0
162 irecv 161 1300 200 0
162 send 163 1300 16 0
162 send 161 1100 16 0
162 wait 164 163 1100
162 wait 162 163 1300
162 irecv 166 2100 200 0
162 irecv 190 2300 200 0
162 send 166 2300 40 0
162 send 190 2100 40 0
162 wait 167 163 2100
162 wait 191 163 2300
162 irecv 194 3100 200 0
162 irecv 130 3300 200 0
162 send 194 3300 60 0
162 send 130 3100 60 0
162 wait 195 163 3100
162 wait 131 163 3300
162 irecv 163 1100 200 0
162 irecv 161 1300 200 0
162 send 163 1300 16 0
162 send 161 1100 16 0
162 wait 164 163 1100
162 wait 162 163 1300
162 irecv 166 2100 200 0
162 irecv 190 2300 200 0
162 send 166 2300 40 0
162 send 190 2100 40 0
162 wait 167 163 2100
162 wait 191 163 2300
162 irecv 194 3100 200 0
162 irecv 130 3300 200 0
162 send 194 3300 60 0
162 send 130 3100 60 0
162 wait 195 163 3100
162 wait 131 163 3300
162 irecv 163 1100 200 0
162 irecv 161 1300 200 0
162 send 163 1300 16 0
162 send 161 1100 16 0
162 wait 164 163 1100
162 wait 162 163 1300
162 irecv 166 2100 200 0
162 irecv 190 2300 200 0
162 send 166 2300 40 0
162 send 190 2100 40 0
162 wait 167 163 2100
162 wait 191 163 2300
162 irecv 194 3100 200 0
162 irecv 130 3300 200 0
162 send 194 3300 60 0
162 send 130 3100 60 0
162 wait 195 163 3100
162 wait 131 163 3300
162 irecv 163 1100 200 0
162 irecv 161 1300 200 0
162 send 163 1300 4 0
162 send 161 1100 4 0
162 wait 164 163 1100
162 wait 162 163 1300
162 irecv 166 2100 200 0
162 irecv 190 2300 200 0
162 send 166 2300 12 0
162 send 190 2100 12 0
162 wait 167 163 2100
162 wait 191 163 2300
162 irecv 194 3100 200 0
162 irecv 130 3300 200 0
162 send 194 3300 24 0
162 send 130 3100 24 0
162 wait 195 163 3100
162 wait 131 163 3300
162 irecv 163 1100 200 0
162 irecv 161 1300 200 0
162 send 163 1300 1 0
162 send 161 1100 1 0
162 wait 164 163 1100
162 wait 162 163 1300
162 irecv 166 2100 200 0
162 irecv 190 2300 200 0
162 send 166 2300 4 0
162 send 190 2100 4 0
162 wait 167 163 2100
162 wait 191 163 2300
162 irecv 194 3100 200 0
162 irecv 130 3300 200 0
162 send 194 3300 12 0
162 send 130 3100 12 0
162 wait 195 163 3100
162 wait 131 163 3300
162 irecv 163 1100 200 0
162 irecv 161 1300 200 0
162 wait 164 163 1100
162 wait 162 163 1300
162 irecv 226 3100 200 0
162 irecv 98 3300 200 0
162 wait 227 163 3100
162 wait 99 163 3300
162 irecv 166 2100 200 0
162 irecv 190 2300 200 0
162 wait 167 163 2100
162 wait 191 163 2300
162 send 194 3300 24 0
162 send 130 3100 12 0
162 irecv 163 1100 200 0
162 irecv 161 1300 200 0
162 send 163 1300 1 0
162 send 161 1100 1 0
162 wait 164 163 1100
162 wait 162 163 1300
162 irecv 166 2100 200 0
162 irecv 190 2300 200 0
162 send 166 2300 4 0
162 send 190 2100 4 0
162 wait 167 163 2100
162 wait 191 163 2300
162 irecv 194 3100 200 0
162 irecv 130 3300 200 0
162 send 194 3300 12 0
162 send 130 3100 12 0
162 wait 195 163 3100
162 wait 131 163 3300
162 irecv 163 1100 200 0
162 irecv 161 1300 200 0
162 send 163 1300 1 0
162 send 161 1100 1 0
162 wait 164 163 1100
162 wait 162 163 1300
162 irecv 166 2100 200 0
162 irecv 190 2300 200 0
162 send 166 2300 4 0
162 send 190 2100 4 0
162 wait 167 163 2100
162 wait 191 163 2300
162 irecv 194 3100 200 0
162 irecv 130 3300 200 0
162 send 194 3300 12 0
162 send 130 3100 12 0
162 wait 195 163 3100
162 wait 131 163 3300
162 irecv 163 1100 200 0
162 irecv 161 1300 200 0
162 send 163 1300 4 0
162 send 161 1100 4 0
162 wait 164 163 1100
162 wait 162 163 1300
162 irecv 166 2100 200 0
162 irecv 190 2300 200 0
162 send 166 2300 12 0
162 send 190 2100 12 0
162 wait 167 163 2100
162 wait 191 163 2300
162 irecv 194 3100 200 0
162 irecv 130 3300 200 0
162 send 194 3300 24 0
162 send 130 3100 24 0
162 wait 195 163 3100
162 wait 131 163 3300
162 irecv 163 1100 200 0
162 irecv 161 1300 200 0
162 send 163 1300 4 0
162 send 161 1100 4 0
162 wait 164 163 1100
162 wait 162 163 1300
162 irecv 166 2100 200 0
162 irecv 190 2300 200 0
162 send 166 2300 12 0
162 send 190 2100 12 0
162 wait 167 163 2100
162 wait 191 163 2300
162 irecv 194 3100 200 0
162 irecv 130 3300 200 0
162 send 194 3300 24 0
162 send 130 3100 24 0
162 wait 195 163 3100
162 wait 131 163 3300
162 irecv 163 1100 200 0
162 irecv 161 1300 200 0
162 send 163 1300 16 0
162 send 161 1100 16 0
162 wait 164 163 1100
162 wait 162 163 1300
162 irecv 166 2100 200 0
162 irecv 190 2300 200 0
162 send 166 2300 40 0
162 send 190 2100 40 0
162 wait 167 163 2100
162 wait 191 163 2300
162 irecv 194 3100 200 0
162 irecv 130 3300 200 0
162 send 194 3300 60 0
162 send 130 3100 60 0
162 wait 195 163 3100
162 wait 131 163 3300
162 irecv 163 1100 200 0
162 irecv 161 1300 200 0
162 send 163 1300 16 0
162 send 161 1100 16 0
162 wait 164 163 1100
162 wait 162 163 1300
162 irecv 166 2100 200 0
162 irecv 190 2300 200 0
162 send 166 2300 40 0
162 send 190 2100 40 0
162 wait 167 163 2100
162 wait 191 163 2300
162 irecv 194 3100 200 0
162 irecv 130 3300 200 0
162 send 194 3300 60 0
162 send 130 3100 60 0
162 wait 195 163 3100
162 wait 131 163 3300
162 irecv 163 1100 200 0
162 irecv 161 1300 200 0
162 send 163 1300 16 0
162 send 161 1100 16 0
162 wait 164 163 1100
162 wait 162 163 1300
162 irecv 166 2100 200 0
162 irecv 190 2300 200 0
162 send 166 2300 40 0
162 send 190 2100 40 0
162 wait 167 163 2100
162 wait 191 163 2300
162 irecv 194 3100 200 0
162 irecv 130 3300 200 0
162 send 194 3300 60 0
162 send 130 3100 60 0
162 wait 195 163 3100
162 wait 131 163 3300
162 allreduce 1 0 0 
162 allreduce 1 0 0 
162 reduce 1 0 0 0 
162 finalize
