246 init
246 barrier
246 bcast 1 0 1 
246 bcast 1 0 1 
246 bcast 1 0 1 
246 bcast 1 0 1 
246 bcast 1 0 1 
246 bcast 8 0 1 
246 bcast 1 0 16 
246 barrier
246 allreduce 1 0 0 
246 allreduce 4 0 1 
246 allreduce 1 0 0 
246 allreduce 4 0 1 
246 allreduce 1 0 0 
246 allreduce 4 0 1 
246 allreduce 1 0 0 
246 allreduce 4 0 1 
246 allreduce 1 0 0 
246 allreduce 4 0 1 
246 allreduce 1 0 0 
246 allreduce 4 0 1 
246 allreduce 1 0 0 
246 allreduce 4 0 1 
246 allreduce 1 0 0 
246 allreduce 4 0 1 
246 allreduce 1 0 0 
246 allreduce 4 0 1 
246 allreduce 1 0 0 
246 allreduce 4 0 1 
246 allreduce 1 0 0 
246 allreduce 4 0 1 
246 allreduce 1 0 0 
246 allreduce 4 0 1 
246 allreduce 1 0 0 
246 allreduce 4 0 1 
246 allreduce 1 0 0 
246 allreduce 4 0 1 
246 allreduce 1 0 0 
246 allreduce 4 0 1 
246 allreduce 1 0 0 
246 allreduce 4 0 1 
246 allreduce 1 0 0 
246 allreduce 4 0 1 
246 allreduce 1 0 0 
246 allreduce 4 0 1 
246 allreduce 1 0 0 
246 allreduce 4 0 1 
246 allreduce 1 0 0 
246 allreduce 4 0 1 
246 barrier
246 irecv 247 1100 200 0
246 irecv 245 1300 200 0
246 send 247 1300 16 0
246 send 245 1100 16 0
246 wait 248 247 1100
246 wait 246 247 1300
246 irecv 250 2100 200 0
246 irecv 242 2300 200 0
246 send 250 2300 40 0
246 send 242 2100 40 0
246 wait 251 247 2100
246 wait 243 247 2300
246 irecv 22 3100 200 0
246 irecv 214 3300 200 0
246 send 22 3300 60 0
246 send 214 3100 60 0
246 wait 23 247 3100
246 wait 215 247 3300
246 allreduce 1 0 0 
246 allreduce 1 0 0 
246 irecv 247 1100 200 0
246 irecv 245 1300 200 0
246 send 247 1300 16 0
246 send 245 1100 16 0
246 wait 248 247 1100
246 wait 246 247 1300
246 irecv 250 2100 200 0
246 irecv 242 2300 200 0
246 send 250 2300 40 0
246 send 242 2100 40 0
246 wait 251 247 2100
246 wait 243 247 2300
246 irecv 22 3100 200 0
246 irecv 214 3300 200 0
246 send 22 3300 60 0
246 send 214 3100 60 0
246 wait 23 247 3100
246 wait 215 247 3300
246 allreduce 1 0 0 
246 allreduce 1 0 0 
246 irecv 247 1100 200 0
246 irecv 245 1300 200 0
246 send 247 1300 4 0
246 send 245 1100 4 0
246 wait 248 247 1100
246 wait 246 247 1300
246 irecv 250 2100 200 0
246 irecv 242 2300 200 0
246 send 250 2300 12 0
246 send 242 2100 12 0
246 wait 251 247 2100
246 wait 243 247 2300
246 irecv 22 3100 200 0
246 irecv 214 3300 200 0
246 send 22 3300 24 0
246 send 214 3100 24 0
246 wait 23 247 3100
246 wait 215 247 3300
246 irecv 247 1100 200 0
246 irecv 245 1300 200 0
246 send 247 1300 1 0
246 send 245 1100 1 0
246 wait 248 247 1100
246 wait 246 247 1300
246 irecv 250 2100 200 0
246 irecv 242 2300 200 0
246 send 250 2300 4 0
246 send 242 2100 4 0
246 wait 251 247 2100
246 wait 243 247 2300
246 irecv 22 3100 200 0
246 irecv 214 3300 200 0
246 send 22 3300 12 0
246 send 214 3100 12 0
246 wait 23 247 3100
246 wait 215 247 3300
246 irecv 247 1100 200 0
246 irecv 245 1300 200 0
246 send 247 1300 1 0
246 send 245 1100 1 0
246 wait 248 247 1100
246 wait 246 247 1300
246 irecv 254 2100 200 0
246 irecv 238 2300 200 0
246 send 254 2300 3 0
246 send 238 2100 3 0
246 wait 255 247 2100
246 wait 239 247 2300
246 irecv 54 3100 200 0
246 irecv 182 3300 200 0
246 send 54 3300 9 0
246 send 182 3100 9 0
246 wait 55 247 3100
246 wait 183 247 3300
246 irecv 247 1100 200 0
246 irecv 245 1300 200 0
246 wait 248 247 1100
246 wait 246 247 1300
246 irecv 254 2100 200 0
246 irecv 238 2300 200 0
246 wait 255 247 2100
246 wait 239 247 2300
246 send 54 3300 18 0
246 send 182 3100 9 0
246 irecv 247 1100 200 0
246 irecv 245 1300 200 0
246 send 247 1300 1 0
246 send 245 1100 1 0
246 wait 248 247 1100
246 wait 246 247 1300
246 irecv 254 2100 200 0
246 irecv 238 2300 200 0
246 send 254 2300 3 0
246 send 238 2100 3 0
246 wait 255 247 2100
246 wait 239 247 2300
246 irecv 54 3100 200 0
246 irecv 182 3300 200 0
246 send 54 3300 9 0
246 send 182 3100 9 0
246 wait 55 247 3100
246 wait 183 247 3300
246 irecv 247 1100 200 0
246 irecv 245 1300 200 0
246 send 247 1300 1 0
246 send 245 1100 1 0
246 wait 248 247 1100
246 wait 246 247 1300
246 irecv 254 2100 200 0
246 irecv 238 2300 200 0
246 send 254 2300 3 0
246 send 238 2100 3 0
246 wait 255 247 2100
246 wait 239 247 2300
246 irecv 54 3100 200 0
246 irecv 182 3300 200 0
246 send 54 3300 9 0
246 send 182 3100 9 0
246 wait 55 247 3100
246 wait 183 247 3300
246 send 250 2300 24 0
246 send 242 2100 12 0
246 send 22 3300 24 0
246 send 214 3100 12 0
246 irecv 247 1100 200 0
246 irecv 245 1300 200 0
246 send 247 1300 1 0
246 send 245 1100 1 0
246 wait 248 247 1100
246 wait 246 247 1300
246 irecv 250 2100 200 0
246 irecv 242 2300 200 0
246 send 250 2300 4 0
246 send 242 2100 4 0
246 wait 251 247 2100
246 wait 243 247 2300
246 irecv 22 3100 200 0
246 irecv 214 3300 200 0
246 send 22 3300 12 0
246 send 214 3100 12 0
246 wait 23 247 3100
246 wait 215 247 3300
246 irecv 247 1100 200 0
246 irecv 245 1300 200 0
246 send 247 1300 1 0
246 send 245 1100 1 0
246 wait 248 247 1100
246 wait 246 247 1300
246 irecv 250 2100 200 0
246 irecv 242 2300 200 0
246 send 250 2300 4 0
246 send 242 2100 4 0
246 wait 251 247 2100
246 wait 243 247 2300
246 irecv 22 3100 200 0
246 irecv 214 3300 200 0
246 send 22 3300 12 0
246 send 214 3100 12 0
246 wait 23 247 3100
246 wait 215 247 3300
246 irecv 247 1100 200 0
246 irecv 245 1300 200 0
246 send 247 1300 4 0
246 send 245 1100 4 0
246 wait 248 247 1100
246 wait 246 247 1300
246 irecv 250 2100 200 0
246 irecv 242 2300 200 0
246 send 250 2300 12 0
246 send 242 2100 12 0
246 wait 251 247 2100
246 wait 243 247 2300
246 irecv 22 3100 200 0
246 irecv 214 3300 200 0
246 send 22 3300 24 0
246 send 214 3100 24 0
246 wait 23 247 3100
246 wait 215 247 3300
246 irecv 247 1100 200 0
246 irecv 245 1300 200 0
246 send 247 1300 4 0
246 send 245 1100 4 0
246 wait 248 247 1100
246 wait 246 247 1300
246 irecv 250 2100 200 0
246 irecv 242 2300 200 0
246 send 250 2300 12 0
246 send 242 2100 12 0
246 wait 251 247 2100
246 wait 243 247 2300
246 irecv 22 3100 200 0
246 irecv 214 3300 200 0
246 send 22 3300 24 0
246 send 214 3100 24 0
246 wait 23 247 3100
246 wait 215 247 3300
246 irecv 247 1100 200 0
246 irecv 245 1300 200 0
246 send 247 1300 16 0
246 send 245 1100 16 0
246 wait 248 247 1100
246 wait 246 247 1300
246 irecv 250 2100 200 0
246 irecv 242 2300 200 0
246 send 250 2300 40 0
246 send 242 2100 40 0
246 wait 251 247 2100
246 wait 243 247 2300
246 irecv 22 3100 200 0
246 irecv 214 3300 200 0
246 send 22 3300 60 0
246 send 214 3100 60 0
246 wait 23 247 3100
246 wait 215 247 3300
246 irecv 247 1100 200 0
246 irecv 245 1300 200 0
246 send 247 1300 16 0
246 send 245 1100 16 0
246 wait 248 247 1100
246 wait 246 247 1300
246 irecv 250 2100 200 0
246 irecv 242 2300 200 0
246 send 250 2300 40 0
246 send 242 2100 40 0
246 wait 251 247 2100
246 wait 243 247 2300
246 irecv 22 3100 200 0
246 irecv 214 3300 200 0
246 send 22 3300 60 0
246 send 214 3100 60 0
246 wait 23 247 3100
246 wait 215 247 3300
246 irecv 247 1100 200 0
246 irecv 245 1300 200 0
246 send 247 1300 16 0
246 send 245 1100 16 0
246 wait 248 247 1100
246 wait 246 247 1300
246 irecv 250 2100 200 0
246 irecv 242 2300 200 0
246 send 250 2300 40 0
246 send 242 2100 40 0
246 wait 251 247 2100
246 wait 243 247 2300
246 irecv 22 3100 200 0
246 irecv 214 3300 200 0
246 send 22 3300 60 0
246 send 214 3100 60 0
246 wait 23 247 3100
246 wait 215 247 3300
246 barrier
246 allreduce 1 0 0 
246 allreduce 4 0 1 
246 allreduce 1 0 0 
246 allreduce 4 0 1 
246 allreduce 1 0 0 
246 allreduce 4 0 1 
246 allreduce 1 0 0 
246 allreduce 4 0 1 
246 allreduce 1 0 0 
246 allreduce 4 0 1 
246 allreduce 1 0 0 
246 allreduce 4 0 1 
246 allreduce 1 0 0 
246 allreduce 4 0 1 
246 allreduce 1 0 0 
246 allreduce 4 0 1 
246 allreduce 1 0 0 
246 allreduce 4 0 1 
246 allreduce 1 0 0 
246 allreduce 4 0 1 
246 allreduce 1 0 0 
246 allreduce 4 0 1 
246 allreduce 1 0 0 
246 allreduce 4 0 1 
246 allreduce 1 0 0 
246 allreduce 4 0 1 
246 allreduce 1 0 0 
246 allreduce 4 0 1 
246 allreduce 1 0 0 
246 allreduce 4 0 1 
246 allreduce 1 0 0 
246 allreduce 4 0 1 
246 allreduce 1 0 0 
246 allreduce 4 0 1 
246 allreduce 1 0 0 
246 allreduce 4 0 1 
246 allreduce 1 0 0 
246 allreduce 4 0 1 
246 allreduce 1 0 0 
246 allreduce 4 0 1 
246 barrier
246 irecv 247 1100 200 0
246 irecv 245 1300 200 0
246 send 247 1300 16 0
246 send 245 1100 16 0
246 wait 248 247 1100
246 wait 246 247 1300
246 irecv 250 2100 200 0
246 irecv 242 2300 200 0
246 send 250 2300 40 0
246 send 242 2100 40 0
246 wait 251 247 2100
246 wait 243 247 2300
246 irecv 22 3100 200 0
246 irecv 214 3300 200 0
246 send 22 3300 60 0
246 send 214 3100 60 0
246 wait 23 247 3100
246 wait 215 247 3300
246 barrier
246 irecv 247 1100 200 0
246 irecv 245 1300 200 0
246 send 247 1300 16 0
246 send 245 1100 16 0
246 wait 248 247 1100
246 wait 246 247 1300
246 irecv 250 2100 200 0
246 irecv 242 2300 200 0
246 send 250 2300 40 0
246 send 242 2100 40 0
246 wait 251 247 2100
246 wait 243 247 2300
246 irecv 22 3100 200 0
246 irecv 214 3300 200 0
246 send 22 3300 60 0
246 send 214 3100 60 0
246 wait 23 247 3100
246 wait 215 247 3300
246 allreduce 1 0 0 
246 allreduce 1 0 0 
246 irecv 247 1100 200 0
246 irecv 245 1300 200 0
246 send 247 1300 4 0
246 send 245 1100 4 0
246 wait 248 247 1100
246 wait 246 247 1300
246 irecv 250 2100 200 0
246 irecv 242 2300 200 0
246 send 250 2300 12 0
246 send 242 2100 12 0
246 wait 251 247 2100
246 wait 243 247 2300
246 irecv 22 3100 200 0
246 irecv 214 3300 200 0
246 send 22 3300 24 0
246 send 214 3100 24 0
246 wait 23 247 3100
246 wait 215 247 3300
246 irecv 247 1100 200 0
246 irecv 245 1300 200 0
246 send 247 1300 1 0
246 send 245 1100 1 0
246 wait 248 247 1100
246 wait 246 247 1300
246 irecv 250 2100 200 0
246 irecv 242 2300 200 0
246 send 250 2300 4 0
246 send 242 2100 4 0
246 wait 251 247 2100
246 wait 243 247 2300
246 irecv 22 3100 200 0
246 irecv 214 3300 200 0
246 send 22 3300 12 0
246 send 214 3100 12 0
246 wait 23 247 3100
246 wait 215 247 3300
246 irecv 247 1100 200 0
246 irecv 245 1300 200 0
246 send 247 1300 1 0
246 send 245 1100 1 0
246 wait 248 247 1100
246 wait 246 247 1300
246 irecv 254 2100 200 0
246 irecv 238 2300 200 0
246 send 254 2300 3 0
246 send 238 2100 3 0
246 wait 255 247 2100
246 wait 239 247 2300
246 irecv 54 3100 200 0
246 irecv 182 3300 200 0
246 send 54 3300 9 0
246 send 182 3100 9 0
246 wait 55 247 3100
246 wait 183 247 3300
246 irecv 247 1100 200 0
246 irecv 245 1300 200 0
246 wait 248 247 1100
246 wait 246 247 1300
246 irecv 254 2100 200 0
246 irecv 238 2300 200 0
246 wait 255 247 2100
246 wait 239 247 2300
246 send 54 3300 18 0
246 send 182 3100 9 0
246 irecv 247 1100 200 0
246 irecv 245 1300 200 0
246 send 247 1300 1 0
246 send 245 1100 1 0
246 wait 248 247 1100
246 wait 246 247 1300
246 irecv 254 2100 200 0
246 irecv 238 2300 200 0
246 send 254 2300 3 0
246 send 238 2100 3 0
246 wait 255 247 2100
246 wait 239 247 2300
246 irecv 54 3100 200 0
246 irecv 182 3300 200 0
246 send 54 3300 9 0
246 send 182 3100 9 0
246 wait 55 247 3100
246 wait 183 247 3300
246 irecv 247 1100 200 0
246 irecv 245 1300 200 0
246 send 247 1300 1 0
246 send 245 1100 1 0
246 wait 248 247 1100
246 wait 246 247 1300
246 irecv 254 2100 200 0
246 irecv 238 2300 200 0
246 send 254 2300 3 0
246 send 238 2100 3 0
246 wait 255 247 2100
246 wait 239 247 2300
246 irecv 54 3100 200 0
246 irecv 182 3300 200 0
246 send 54 3300 9 0
246 send 182 3100 9 0
246 wait 55 247 3100
246 wait 183 247 3300
246 send 250 2300 24 0
246 send 242 2100 12 0
246 send 22 3300 24 0
246 send 214 3100 12 0
246 irecv 247 1100 200 0
246 irecv 245 1300 200 0
246 send 247 1300 1 0
246 send 245 1100 1 0
246 wait 248 247 1100
246 wait 246 247 1300
246 irecv 250 2100 200 0
246 irecv 242 2300 200 0
246 send 250 2300 4 0
246 send 242 2100 4 0
246 wait 251 247 2100
246 wait 243 247 2300
246 irecv 22 3100 200 0
246 irecv 214 3300 200 0
246 send 22 3300 12 0
246 send 214 3100 12 0
246 wait 23 247 3100
246 wait 215 247 3300
246 irecv 247 1100 200 0
246 irecv 245 1300 200 0
246 send 247 1300 1 0
246 send 245 1100 1 0
246 wait 248 247 1100
246 wait 246 247 1300
246 irecv 250 2100 200 0
246 irecv 242 2300 200 0
246 send 250 2300 4 0
246 send 242 2100 4 0
246 wait 251 247 2100
246 wait 243 247 2300
246 irecv 22 3100 200 0
246 irecv 214 3300 200 0
246 send 22 3300 12 0
246 send 214 3100 12 0
246 wait 23 247 3100
246 wait 215 247 3300
246 irecv 247 1100 200 0
246 irecv 245 1300 200 0
246 send 247 1300 4 0
246 send 245 1100 4 0
246 wait 248 247 1100
246 wait 246 247 1300
246 irecv 250 2100 200 0
246 irecv 242 2300 200 0
246 send 250 2300 12 0
246 send 242 2100 12 0
246 wait 251 247 2100
246 wait 243 247 2300
246 irecv 22 3100 200 0
246 irecv 214 3300 200 0
246 send 22 3300 24 0
246 send 214 3100 24 0
246 wait 23 247 3100
246 wait 215 247 3300
246 irecv 247 1100 200 0
246 irecv 245 1300 200 0
246 send 247 1300 4 0
246 send 245 1100 4 0
246 wait 248 247 1100
246 wait 246 247 1300
246 irecv 250 2100 200 0
246 irecv 242 2300 200 0
246 send 250 2300 12 0
246 send 242 2100 12 0
246 wait 251 247 2100
246 wait 243 247 2300
246 irecv 22 3100 200 0
246 irecv 214 3300 200 0
246 send 22 3300 24 0
246 send 214 3100 24 0
246 wait 23 247 3100
246 wait 215 247 3300
246 irecv 247 1100 200 0
246 irecv 245 1300 200 0
246 send 247 1300 16 0
246 send 245 1100 16 0
246 wait 248 247 1100
246 wait 246 247 1300
246 irecv 250 2100 200 0
246 irecv 242 2300 200 0
246 send 250 2300 40 0
246 send 242 2100 40 0
246 wait 251 247 2100
246 wait 243 247 2300
246 irecv 22 3100 200 0
246 irecv 214 3300 200 0
246 send 22 3300 60 0
246 send 214 3100 60 0
246 wait 23 247 3100
246 wait 215 247 3300
246 irecv 247 1100 200 0
246 irecv 245 1300 200 0
246 send 247 1300 16 0
246 send 245 1100 16 0
246 wait 248 247 1100
246 wait 246 247 1300
246 irecv 250 2100 200 0
246 irecv 242 2300 200 0
246 send 250 2300 40 0
246 send 242 2100 40 0
246 wait 251 247 2100
246 wait 243 247 2300
246 irecv 22 3100 200 0
246 irecv 214 3300 200 0
246 send 22 3300 60 0
246 send 214 3100 60 0
246 wait 23 247 3100
246 wait 215 247 3300
246 irecv 247 1100 200 0
246 irecv 245 1300 200 0
246 send 247 1300 16 0
246 send 245 1100 16 0
246 wait 248 247 1100
246 wait 246 247 1300
246 irecv 250 2100 200 0
246 irecv 242 2300 200 0
246 send 250 2300 40 0
246 send 242 2100 40 0
246 wait 251 247 2100
246 wait 243 247 2300
246 irecv 22 3100 200 0
246 irecv 214 3300 200 0
246 send 22 3300 60 0
246 send 214 3100 60 0
246 wait 23 247 3100
246 wait 215 247 3300
246 irecv 247 1100 200 0
246 irecv 245 1300 200 0
246 send 247 1300 4 0
246 send 245 1100 4 0
246 wait 248 247 1100
246 wait 246 247 1300
246 irecv 250 2100 200 0
246 irecv 242 2300 200 0
246 send 250 2300 12 0
246 send 242 2100 12 0
246 wait 251 247 2100
246 wait 243 247 2300
246 irecv 22 3100 200 0
246 irecv 214 3300 200 0
246 send 22 3300 24 0
246 send 214 3100 24 0
246 wait 23 247 3100
246 wait 215 247 3300
246 irecv 247 1100 200 0
246 irecv 245 1300 200 0
246 send 247 1300 1 0
246 send 245 1100 1 0
246 wait 248 247 1100
246 wait 246 247 1300
246 irecv 250 2100 200 0
246 irecv 242 2300 200 0
246 send 250 2300 4 0
246 send 242 2100 4 0
246 wait 251 247 2100
246 wait 243 247 2300
246 irecv 22 3100 200 0
246 irecv 214 3300 200 0
246 send 22 3300 12 0
246 send 214 3100 12 0
246 wait 23 247 3100
246 wait 215 247 3300
246 irecv 247 1100 200 0
246 irecv 245 1300 200 0
246 send 247 1300 1 0
246 send 245 1100 1 0
246 wait 248 247 1100
246 wait 246 247 1300
246 irecv 254 2100 200 0
246 irecv 238 2300 200 0
246 send 254 2300 3 0
246 send 238 2100 3 0
246 wait 255 247 2100
246 wait 239 247 2300
246 irecv 54 3100 200 0
246 irecv 182 3300 200 0
246 send 54 3300 9 0
246 send 182 3100 9 0
246 wait 55 247 3100
246 wait 183 247 3300
246 irecv 247 1100 200 0
246 irecv 245 1300 200 0
246 wait 248 247 1100
246 wait 246 247 1300
246 irecv 254 2100 200 0
246 irecv 238 2300 200 0
246 wait 255 247 2100
246 wait 239 247 2300
246 send 54 3300 18 0
246 send 182 3100 9 0
246 irecv 247 1100 200 0
246 irecv 245 1300 200 0
246 send 247 1300 1 0
246 send 245 1100 1 0
246 wait 248 247 1100
246 wait 246 247 1300
246 irecv 254 2100 200 0
246 irecv 238 2300 200 0
246 send 254 2300 3 0
246 send 238 2100 3 0
246 wait 255 247 2100
246 wait 239 247 2300
246 irecv 54 3100 200 0
246 irecv 182 3300 200 0
246 send 54 3300 9 0
246 send 182 3100 9 0
246 wait 55 247 3100
246 wait 183 247 3300
246 irecv 247 1100 200 0
246 irecv 245 1300 200 0
246 send 247 1300 1 0
246 send 245 1100 1 0
246 wait 248 247 1100
246 wait 246 247 1300
246 irecv 254 2100 200 0
246 irecv 238 2300 200 0
246 send 254 2300 3 0
246 send 238 2100 3 0
246 wait 255 247 2100
246 wait 239 247 2300
246 irecv 54 3100 200 0
246 irecv 182 3300 200 0
246 send 54 3300 9 0
246 send 182 3100 9 0
246 wait 55 247 3100
246 wait 183 247 3300
246 send 250 2300 24 0
246 send 242 2100 12 0
246 send 22 3300 24 0
246 send 214 3100 12 0
246 irecv 247 1100 200 0
246 irecv 245 1300 200 0
246 send 247 1300 1 0
246 send 245 1100 1 0
246 wait 248 247 1100
246 wait 246 247 1300
246 irecv 250 2100 200 0
246 irecv 242 2300 200 0
246 send 250 2300 4 0
246 send 242 2100 4 0
246 wait 251 247 2100
246 wait 243 247 2300
246 irecv 22 3100 200 0
246 irecv 214 3300 200 0
246 send 22 3300 12 0
246 send 214 3100 12 0
246 wait 23 247 3100
246 wait 215 247 3300
246 irecv 247 1100 200 0
246 irecv 245 1300 200 0
246 send 247 1300 1 0
246 send 245 1100 1 0
246 wait 248 247 1100
246 wait 246 247 1300
246 irecv 250 2100 200 0
246 irecv 242 2300 200 0
246 send 250 2300 4 0
246 send 242 2100 4 0
246 wait 251 247 2100
246 wait 243 247 2300
246 irecv 22 3100 200 0
246 irecv 214 3300 200 0
246 send 22 3300 12 0
246 send 214 3100 12 0
246 wait 23 247 3100
246 wait 215 247 3300
246 irecv 247 1100 200 0
246 irecv 245 1300 200 0
246 send 247 1300 4 0
246 send 245 1100 4 0
246 wait 248 247 1100
246 wait 246 247 1300
246 irecv 250 2100 200 0
246 irecv 242 2300 200 0
246 send 250 2300 12 0
246 send 242 2100 12 0
246 wait 251 247 2100
246 wait 243 247 2300
246 irecv 22 3100 200 0
246 irecv 214 3300 200 0
246 send 22 3300 24 0
246 send 214 3100 24 0
246 wait 23 247 3100
246 wait 215 247 3300
246 irecv 247 1100 200 0
246 irecv 245 1300 200 0
246 send 247 1300 4 0
246 send 245 1100 4 0
246 wait 248 247 1100
246 wait 246 247 1300
246 irecv 250 2100 200 0
246 irecv 242 2300 200 0
246 send 250 2300 12 0
246 send 242 2100 12 0
246 wait 251 247 2100
246 wait 243 247 2300
246 irecv 22 3100 200 0
246 irecv 214 3300 200 0
246 send 22 3300 24 0
246 send 214 3100 24 0
246 wait 23 247 3100
246 wait 215 247 3300
246 irecv 247 1100 200 0
246 irecv 245 1300 200 0
246 send 247 1300 16 0
246 send 245 1100 16 0
246 wait 248 247 1100
246 wait 246 247 1300
246 irecv 250 2100 200 0
246 irecv 242 2300 200 0
246 send 250 2300 40 0
246 send 242 2100 40 0
246 wait 251 247 2100
246 wait 243 247 2300
246 irecv 22 3100 200 0
246 irecv 214 3300 200 0
246 send 22 3300 60 0
246 send 214 3100 60 0
246 wait 23 247 3100
246 wait 215 247 3300
246 irecv 247 1100 200 0
246 irecv 245 1300 200 0
246 send 247 1300 16 0
246 send 245 1100 16 0
246 wait 248 247 1100
246 wait 246 247 1300
246 irecv 250 2100 200 0
246 irecv 242 2300 200 0
246 send 250 2300 40 0
246 send 242 2100 40 0
246 wait 251 247 2100
246 wait 243 247 2300
246 irecv 22 3100 200 0
246 irecv 214 3300 200 0
246 send 22 3300 60 0
246 send 214 3100 60 0
246 wait 23 247 3100
246 wait 215 247 3300
246 irecv 247 1100 200 0
246 irecv 245 1300 200 0
246 send 247 1300 16 0
246 send 245 1100 16 0
246 wait 248 247 1100
246 wait 246 247 1300
246 irecv 250 2100 200 0
246 irecv 242 2300 200 0
246 send 250 2300 40 0
246 send 242 2100 40 0
246 wait 251 247 2100
246 wait 243 247 2300
246 irecv 22 3100 200 0
246 irecv 214 3300 200 0
246 send 22 3300 60 0
246 send 214 3100 60 0
246 wait 23 247 3100
246 wait 215 247 3300
246 irecv 247 1100 200 0
246 irecv 245 1300 200 0
246 send 247 1300 4 0
246 send 245 1100 4 0
246 wait 248 247 1100
246 wait 246 247 1300
246 irecv 250 2100 200 0
246 irecv 242 2300 200 0
246 send 250 2300 12 0
246 send 242 2100 12 0
246 wait 251 247 2100
246 wait 243 247 2300
246 irecv 22 3100 200 0
246 irecv 214 3300 200 0
246 send 22 3300 24 0
246 send 214 3100 24 0
246 wait 23 247 3100
246 wait 215 247 3300
246 irecv 247 1100 200 0
246 irecv 245 1300 200 0
246 send 247 1300 1 0
246 send 245 1100 1 0
246 wait 248 247 1100
246 wait 246 247 1300
246 irecv 250 2100 200 0
246 irecv 242 2300 200 0
246 send 250 2300 4 0
246 send 242 2100 4 0
246 wait 251 247 2100
246 wait 243 247 2300
246 irecv 22 3100 200 0
246 irecv 214 3300 200 0
246 send 22 3300 12 0
246 send 214 3100 12 0
246 wait 23 247 3100
246 wait 215 247 3300
246 irecv 247 1100 200 0
246 irecv 245 1300 200 0
246 send 247 1300 1 0
246 send 245 1100 1 0
246 wait 248 247 1100
246 wait 246 247 1300
246 irecv 254 2100 200 0
246 irecv 238 2300 200 0
246 send 254 2300 3 0
246 send 238 2100 3 0
246 wait 255 247 2100
246 wait 239 247 2300
246 irecv 54 3100 200 0
246 irecv 182 3300 200 0
246 send 54 3300 9 0
246 send 182 3100 9 0
246 wait 55 247 3100
246 wait 183 247 3300
246 irecv 247 1100 200 0
246 irecv 245 1300 200 0
246 wait 248 247 1100
246 wait 246 247 1300
246 irecv 254 2100 200 0
246 irecv 238 2300 200 0
246 wait 255 247 2100
246 wait 239 247 2300
246 send 54 3300 18 0
246 send 182 3100 9 0
246 irecv 247 1100 200 0
246 irecv 245 1300 200 0
246 send 247 1300 1 0
246 send 245 1100 1 0
246 wait 248 247 1100
246 wait 246 247 1300
246 irecv 254 2100 200 0
246 irecv 238 2300 200 0
246 send 254 2300 3 0
246 send 238 2100 3 0
246 wait 255 247 2100
246 wait 239 247 2300
246 irecv 54 3100 200 0
246 irecv 182 3300 200 0
246 send 54 3300 9 0
246 send 182 3100 9 0
246 wait 55 247 3100
246 wait 183 247 3300
246 irecv 247 1100 200 0
246 irecv 245 1300 200 0
246 send 247 1300 1 0
246 send 245 1100 1 0
246 wait 248 247 1100
246 wait 246 247 1300
246 irecv 254 2100 200 0
246 irecv 238 2300 200 0
246 send 254 2300 3 0
246 send 238 2100 3 0
246 wait 255 247 2100
246 wait 239 247 2300
246 irecv 54 3100 200 0
246 irecv 182 3300 200 0
246 send 54 3300 9 0
246 send 182 3100 9 0
246 wait 55 247 3100
246 wait 183 247 3300
246 send 250 2300 24 0
246 send 242 2100 12 0
246 send 22 3300 24 0
246 send 214 3100 12 0
246 irecv 247 1100 200 0
246 irecv 245 1300 200 0
246 send 247 1300 1 0
246 send 245 1100 1 0
246 wait 248 247 1100
246 wait 246 247 1300
246 irecv 250 2100 200 0
246 irecv 242 2300 200 0
246 send 250 2300 4 0
246 send 242 2100 4 0
246 wait 251 247 2100
246 wait 243 247 2300
246 irecv 22 3100 200 0
246 irecv 214 3300 200 0
246 send 22 3300 12 0
246 send 214 3100 12 0
246 wait 23 247 3100
246 wait 215 247 3300
246 irecv 247 1100 200 0
246 irecv 245 1300 200 0
246 send 247 1300 1 0
246 send 245 1100 1 0
246 wait 248 247 1100
246 wait 246 247 1300
246 irecv 250 2100 200 0
246 irecv 242 2300 200 0
246 send 250 2300 4 0
246 send 242 2100 4 0
246 wait 251 247 2100
246 wait 243 247 2300
246 irecv 22 3100 200 0
246 irecv 214 3300 200 0
246 send 22 3300 12 0
246 send 214 3100 12 0
246 wait 23 247 3100
246 wait 215 247 3300
246 irecv 247 1100 200 0
246 irecv 245 1300 200 0
246 send 247 1300 4 0
246 send 245 1100 4 0
246 wait 248 247 1100
246 wait 246 247 1300
246 irecv 250 2100 200 0
246 irecv 242 2300 200 0
246 send 250 2300 12 0
246 send 242 2100 12 0
246 wait 251 247 2100
246 wait 243 247 2300
246 irecv 22 3100 200 0
246 irecv 214 3300 200 0
246 send 22 3300 24 0
246 send 214 3100 24 0
246 wait 23 247 3100
246 wait 215 247 3300
246 irecv 247 1100 200 0
246 irecv 245 1300 200 0
246 send 247 1300 4 0
246 send 245 1100 4 0
246 wait 248 247 1100
246 wait 246 247 1300
246 irecv 250 2100 200 0
246 irecv 242 2300 200 0
246 send 250 2300 12 0
246 send 242 2100 12 0
246 wait 251 247 2100
246 wait 243 247 2300
246 irecv 22 3100 200 0
246 irecv 214 3300 200 0
246 send 22 3300 24 0
246 send 214 3100 24 0
246 wait 23 247 3100
246 wait 215 247 3300
246 irecv 247 1100 200 0
246 irecv 245 1300 200 0
246 send 247 1300 16 0
246 send 245 1100 16 0
246 wait 248 247 1100
246 wait 246 247 1300
246 irecv 250 2100 200 0
246 irecv 242 2300 200 0
246 send 250 2300 40 0
246 send 242 2100 40 0
246 wait 251 247 2100
246 wait 243 247 2300
246 irecv 22 3100 200 0
246 irecv 214 3300 200 0
246 send 22 3300 60 0
246 send 214 3100 60 0
246 wait 23 247 3100
246 wait 215 247 3300
246 irecv 247 1100 200 0
246 irecv 245 1300 200 0
246 send 247 1300 16 0
246 send 245 1100 16 0
246 wait 248 247 1100
246 wait 246 247 1300
246 irecv 250 2100 200 0
246 irecv 242 2300 200 0
246 send 250 2300 40 0
246 send 242 2100 40 0
246 wait 251 247 2100
246 wait 243 247 2300
246 irecv 22 3100 200 0
246 irecv 214 3300 200 0
246 send 22 3300 60 0
246 send 214 3100 60 0
246 wait 23 247 3100
246 wait 215 247 3300
246 irecv 247 1100 200 0
246 irecv 245 1300 200 0
246 send 247 1300 16 0
246 send 245 1100 16 0
246 wait 248 247 1100
246 wait 246 247 1300
246 irecv 250 2100 200 0
246 irecv 242 2300 200 0
246 send 250 2300 40 0
246 send 242 2100 40 0
246 wait 251 247 2100
246 wait 243 247 2300
246 irecv 22 3100 200 0
246 irecv 214 3300 200 0
246 send 22 3300 60 0
246 send 214 3100 60 0
246 wait 23 247 3100
246 wait 215 247 3300
246 irecv 247 1100 200 0
246 irecv 245 1300 200 0
246 send 247 1300 4 0
246 send 245 1100 4 0
246 wait 248 247 1100
246 wait 246 247 1300
246 irecv 250 2100 200 0
246 irecv 242 2300 200 0
246 send 250 2300 12 0
246 send 242 2100 12 0
246 wait 251 247 2100
246 wait 243 247 2300
246 irecv 22 3100 200 0
246 irecv 214 3300 200 0
246 send 22 3300 24 0
246 send 214 3100 24 0
246 wait 23 247 3100
246 wait 215 247 3300
246 irecv 247 1100 200 0
246 irecv 245 1300 200 0
246 send 247 1300 1 0
246 send 245 1100 1 0
246 wait 248 247 1100
246 wait 246 247 1300
246 irecv 250 2100 200 0
246 irecv 242 2300 200 0
246 send 250 2300 4 0
246 send 242 2100 4 0
246 wait 251 247 2100
246 wait 243 247 2300
246 irecv 22 3100 200 0
246 irecv 214 3300 200 0
246 send 22 3300 12 0
246 send 214 3100 12 0
246 wait 23 247 3100
246 wait 215 247 3300
246 irecv 247 1100 200 0
246 irecv 245 1300 200 0
246 send 247 1300 1 0
246 send 245 1100 1 0
246 wait 248 247 1100
246 wait 246 247 1300
246 irecv 254 2100 200 0
246 irecv 238 2300 200 0
246 send 254 2300 3 0
246 send 238 2100 3 0
246 wait 255 247 2100
246 wait 239 247 2300
246 irecv 54 3100 200 0
246 irecv 182 3300 200 0
246 send 54 3300 9 0
246 send 182 3100 9 0
246 wait 55 247 3100
246 wait 183 247 3300
246 irecv 247 1100 200 0
246 irecv 245 1300 200 0
246 wait 248 247 1100
246 wait 246 247 1300
246 irecv 254 2100 200 0
246 irecv 238 2300 200 0
246 wait 255 247 2100
246 wait 239 247 2300
246 send 54 3300 18 0
246 send 182 3100 9 0
246 irecv 247 1100 200 0
246 irecv 245 1300 200 0
246 send 247 1300 1 0
246 send 245 1100 1 0
246 wait 248 247 1100
246 wait 246 247 1300
246 irecv 254 2100 200 0
246 irecv 238 2300 200 0
246 send 254 2300 3 0
246 send 238 2100 3 0
246 wait 255 247 2100
246 wait 239 247 2300
246 irecv 54 3100 200 0
246 irecv 182 3300 200 0
246 send 54 3300 9 0
246 send 182 3100 9 0
246 wait 55 247 3100
246 wait 183 247 3300
246 irecv 247 1100 200 0
246 irecv 245 1300 200 0
246 send 247 1300 1 0
246 send 245 1100 1 0
246 wait 248 247 1100
246 wait 246 247 1300
246 irecv 254 2100 200 0
246 irecv 238 2300 200 0
246 send 254 2300 3 0
246 send 238 2100 3 0
246 wait 255 247 2100
246 wait 239 247 2300
246 irecv 54 3100 200 0
246 irecv 182 3300 200 0
246 send 54 3300 9 0
246 send 182 3100 9 0
246 wait 55 247 3100
246 wait 183 247 3300
246 send 250 2300 24 0
246 send 242 2100 12 0
246 send 22 3300 24 0
246 send 214 3100 12 0
246 irecv 247 1100 200 0
246 irecv 245 1300 200 0
246 send 247 1300 1 0
246 send 245 1100 1 0
246 wait 248 247 1100
246 wait 246 247 1300
246 irecv 250 2100 200 0
246 irecv 242 2300 200 0
246 send 250 2300 4 0
246 send 242 2100 4 0
246 wait 251 247 2100
246 wait 243 247 2300
246 irecv 22 3100 200 0
246 irecv 214 3300 200 0
246 send 22 3300 12 0
246 send 214 3100 12 0
246 wait 23 247 3100
246 wait 215 247 3300
246 irecv 247 1100 200 0
246 irecv 245 1300 200 0
246 send 247 1300 1 0
246 send 245 1100 1 0
246 wait 248 247 1100
246 wait 246 247 1300
246 irecv 250 2100 200 0
246 irecv 242 2300 200 0
246 send 250 2300 4 0
246 send 242 2100 4 0
246 wait 251 247 2100
246 wait 243 247 2300
246 irecv 22 3100 200 0
246 irecv 214 3300 200 0
246 send 22 3300 12 0
246 send 214 3100 12 0
246 wait 23 247 3100
246 wait 215 247 3300
246 irecv 247 1100 200 0
246 irecv 245 1300 200 0
246 send 247 1300 4 0
246 send 245 1100 4 0
246 wait 248 247 1100
246 wait 246 247 1300
246 irecv 250 2100 200 0
246 irecv 242 2300 200 0
246 send 250 2300 12 0
246 send 242 2100 12 0
246 wait 251 247 2100
246 wait 243 247 2300
246 irecv 22 3100 200 0
246 irecv 214 3300 200 0
246 send 22 3300 24 0
246 send 214 3100 24 0
246 wait 23 247 3100
246 wait 215 247 3300
246 irecv 247 1100 200 0
246 irecv 245 1300 200 0
246 send 247 1300 4 0
246 send 245 1100 4 0
246 wait 248 247 1100
246 wait 246 247 1300
246 irecv 250 2100 200 0
246 irecv 242 2300 200 0
246 send 250 2300 12 0
246 send 242 2100 12 0
246 wait 251 247 2100
246 wait 243 247 2300
246 irecv 22 3100 200 0
246 irecv 214 3300 200 0
246 send 22 3300 24 0
246 send 214 3100 24 0
246 wait 23 247 3100
246 wait 215 247 3300
246 irecv 247 1100 200 0
246 irecv 245 1300 200 0
246 send 247 1300 16 0
246 send 245 1100 16 0
246 wait 248 247 1100
246 wait 246 247 1300
246 irecv 250 2100 200 0
246 irecv 242 2300 200 0
246 send 250 2300 40 0
246 send 242 2100 40 0
246 wait 251 247 2100
246 wait 243 247 2300
246 irecv 22 3100 200 0
246 irecv 214 3300 200 0
246 send 22 3300 60 0
246 send 214 3100 60 0
246 wait 23 247 3100
246 wait 215 247 3300
246 irecv 247 1100 200 0
246 irecv 245 1300 200 0
246 send 247 1300 16 0
246 send 245 1100 16 0
246 wait 248 247 1100
246 wait 246 247 1300
246 irecv 250 2100 200 0
246 irecv 242 2300 200 0
246 send 250 2300 40 0
246 send 242 2100 40 0
246 wait 251 247 2100
246 wait 243 247 2300
246 irecv 22 3100 200 0
246 irecv 214 3300 200 0
246 send 22 3300 60 0
246 send 214 3100 60 0
246 wait 23 247 3100
246 wait 215 247 3300
246 irecv 247 1100 200 0
246 irecv 245 1300 200 0
246 send 247 1300 16 0
246 send 245 1100 16 0
246 wait 248 247 1100
246 wait 246 247 1300
246 irecv 250 2100 200 0
246 irecv 242 2300 200 0
246 send 250 2300 40 0
246 send 242 2100 40 0
246 wait 251 247 2100
246 wait 243 247 2300
246 irecv 22 3100 200 0
246 irecv 214 3300 200 0
246 send 22 3300 60 0
246 send 214 3100 60 0
246 wait 23 247 3100
246 wait 215 247 3300
246 allreduce 1 0 0 
246 allreduce 1 0 0 
246 reduce 1 0 0 0 
246 finalize
