151 init
151 barrier
151 bcast 1 0 1 
151 bcast 1 0 1 
151 bcast 1 0 1 
151 bcast 1 0 1 
151 bcast 1 0 1 
151 bcast 8 0 1 
151 bcast 1 0 16 
151 barrier
151 allreduce 1 0 0 
151 allreduce 4 0 1 
151 allreduce 1 0 0 
151 allreduce 4 0 1 
151 allreduce 1 0 0 
151 allreduce 4 0 1 
151 allreduce 1 0 0 
151 allreduce 4 0 1 
151 allreduce 1 0 0 
151 allreduce 4 0 1 
151 allreduce 1 0 0 
151 allreduce 4 0 1 
151 allreduce 1 0 0 
151 allreduce 4 0 1 
151 allreduce 1 0 0 
151 allreduce 4 0 1 
151 allreduce 1 0 0 
151 allreduce 4 0 1 
151 allreduce 1 0 0 
151 allreduce 4 0 1 
151 allreduce 1 0 0 
151 allreduce 4 0 1 
151 allreduce 1 0 0 
151 allreduce 4 0 1 
151 allreduce 1 0 0 
151 allreduce 4 0 1 
151 allreduce 1 0 0 
151 allreduce 4 0 1 
151 allreduce 1 0 0 
151 allreduce 4 0 1 
151 allreduce 1 0 0 
151 allreduce 4 0 1 
151 allreduce 1 0 0 
151 allreduce 4 0 1 
151 allreduce 1 0 0 
151 allreduce 4 0 1 
151 allreduce 1 0 0 
151 allreduce 4 0 1 
151 allreduce 1 0 0 
151 allreduce 4 0 1 
151 barrier
151 irecv 148 1100 200 0
151 irecv 150 1300 200 0
151 send 148 1300 16 0
151 send 150 1100 16 0
151 wait 149 152 1100
151 wait 151 152 1300
151 irecv 155 2100 200 0
151 irecv 147 2300 200 0
151 send 155 2300 40 0
151 send 147 2100 40 0
151 wait 156 152 2100
151 wait 148 152 2300
151 irecv 183 3100 200 0
151 irecv 119 3300 200 0
151 send 183 3300 60 0
151 send 119 3100 60 0
151 wait 184 152 3100
151 wait 120 152 3300
151 allreduce 1 0 0 
151 allreduce 1 0 0 
151 irecv 148 1100 200 0
151 irecv 150 1300 200 0
151 send 148 1300 16 0
151 send 150 1100 16 0
151 wait 149 152 1100
151 wait 151 152 1300
151 irecv 155 2100 200 0
151 irecv 147 2300 200 0
151 send 155 2300 40 0
151 send 147 2100 40 0
151 wait 156 152 2100
151 wait 148 152 2300
151 irecv 183 3100 200 0
151 irecv 119 3300 200 0
151 send 183 3300 60 0
151 send 119 3100 60 0
151 wait 184 152 3100
151 wait 120 152 3300
151 allreduce 1 0 0 
151 allreduce 1 0 0 
151 irecv 148 1100 200 0
151 irecv 150 1300 200 0
151 send 148 1300 4 0
151 send 150 1100 4 0
151 wait 149 152 1100
151 wait 151 152 1300
151 irecv 155 2100 200 0
151 irecv 147 2300 200 0
151 send 155 2300 12 0
151 send 147 2100 12 0
151 wait 156 152 2100
151 wait 148 152 2300
151 irecv 183 3100 200 0
151 irecv 119 3300 200 0
151 send 183 3300 24 0
151 send 119 3100 24 0
151 wait 184 152 3100
151 wait 120 152 3300
151 irecv 148 1100 200 0
151 irecv 150 1300 200 0
151 send 148 1300 1 0
151 send 150 1100 1 0
151 wait 149 152 1100
151 wait 151 152 1300
151 irecv 155 2100 200 0
151 irecv 147 2300 200 0
151 send 155 2300 4 0
151 send 147 2100 4 0
151 wait 156 152 2100
151 wait 148 152 2300
151 irecv 183 3100 200 0
151 irecv 119 3300 200 0
151 send 183 3300 12 0
151 send 119 3100 12 0
151 wait 184 152 3100
151 wait 120 152 3300
151 send 148 1300 12 0
151 send 150 1100 6 0
151 irecv 159 2100 200 0
151 irecv 143 2300 200 0
151 wait 160 152 2100
151 wait 144 152 2300
151 send 155 2300 24 0
151 send 147 2100 12 0
151 irecv 183 3100 200 0
151 irecv 119 3300 200 0
151 wait 184 152 3100
151 wait 120 152 3300
151 irecv 148 1100 200 0
151 irecv 150 1300 200 0
151 send 148 1300 1 0
151 send 150 1100 1 0
151 wait 149 152 1100
151 wait 151 152 1300
151 irecv 155 2100 200 0
151 irecv 147 2300 200 0
151 send 155 2300 4 0
151 send 147 2100 4 0
151 wait 156 152 2100
151 wait 148 152 2300
151 irecv 183 3100 200 0
151 irecv 119 3300 200 0
151 send 183 3300 12 0
151 send 119 3100 12 0
151 wait 184 152 3100
151 wait 120 152 3300
151 irecv 148 1100 200 0
151 irecv 150 1300 200 0
151 send 148 1300 1 0
151 send 150 1100 1 0
151 wait 149 152 1100
151 wait 151 152 1300
151 irecv 155 2100 200 0
151 irecv 147 2300 200 0
151 send 155 2300 4 0
151 send 147 2100 4 0
151 wait 156 152 2100
151 wait 148 152 2300
151 irecv 183 3100 200 0
151 irecv 119 3300 200 0
151 send 183 3300 12 0
151 send 119 3100 12 0
151 wait 184 152 3100
151 wait 120 152 3300
151 irecv 148 1100 200 0
151 irecv 150 1300 200 0
151 send 148 1300 4 0
151 send 150 1100 4 0
151 wait 149 152 1100
151 wait 151 152 1300
151 irecv 155 2100 200 0
151 irecv 147 2300 200 0
151 send 155 2300 12 0
151 send 147 2100 12 0
151 wait 156 152 2100
151 wait 148 152 2300
151 irecv 183 3100 200 0
151 irecv 119 3300 200 0
151 send 183 3300 24 0
151 send 119 3100 24 0
151 wait 184 152 3100
151 wait 120 152 3300
151 irecv 148 1100 200 0
151 irecv 150 1300 200 0
151 send 148 1300 4 0
151 send 150 1100 4 0
151 wait 149 152 1100
151 wait 151 152 1300
151 irecv 155 2100 200 0
151 irecv 147 2300 200 0
151 send 155 2300 12 0
151 send 147 2100 12 0
151 wait 156 152 2100
151 wait 148 152 2300
151 irecv 183 3100 200 0
151 irecv 119 3300 200 0
151 send 183 3300 24 0
151 send 119 3100 24 0
151 wait 184 152 3100
151 wait 120 152 3300
151 irecv 148 1100 200 0
151 irecv 150 1300 200 0
151 send 148 1300 16 0
151 send 150 1100 16 0
151 wait 149 152 1100
151 wait 151 152 1300
151 irecv 155 2100 200 0
151 irecv 147 2300 200 0
151 send 155 2300 40 0
151 send 147 2100 40 0
151 wait 156 152 2100
151 wait 148 152 2300
151 irecv 183 3100 200 0
151 irecv 119 3300 200 0
151 send 183 3300 60 0
151 send 119 3100 60 0
151 wait 184 152 3100
151 wait 120 152 3300
151 irecv 148 1100 200 0
151 irecv 150 1300 200 0
151 send 148 1300 16 0
151 send 150 1100 16 0
151 wait 149 152 1100
151 wait 151 152 1300
151 irecv 155 2100 200 0
151 irecv 147 2300 200 0
151 send 155 2300 40 0
151 send 147 2100 40 0
151 wait 156 152 2100
151 wait 148 152 2300
151 irecv 183 3100 200 0
151 irecv 119 3300 200 0
151 send 183 3300 60 0
151 send 119 3100 60 0
151 wait 184 152 3100
151 wait 120 152 3300
151 irecv 148 1100 200 0
151 irecv 150 1300 200 0
151 send 148 1300 16 0
151 send 150 1100 16 0
151 wait 149 152 1100
151 wait 151 152 1300
151 irecv 155 2100 200 0
151 irecv 147 2300 200 0
151 send 155 2300 40 0
151 send 147 2100 40 0
151 wait 156 152 2100
151 wait 148 152 2300
151 irecv 183 3100 200 0
151 irecv 119 3300 200 0
151 send 183 3300 60 0
151 send 119 3100 60 0
151 wait 184 152 3100
151 wait 120 152 3300
151 barrier
151 allreduce 1 0 0 
151 allreduce 4 0 1 
151 allreduce 1 0 0 
151 allreduce 4 0 1 
151 allreduce 1 0 0 
151 allreduce 4 0 1 
151 allreduce 1 0 0 
151 allreduce 4 0 1 
151 allreduce 1 0 0 
151 allreduce 4 0 1 
151 allreduce 1 0 0 
151 allreduce 4 0 1 
151 allreduce 1 0 0 
151 allreduce 4 0 1 
151 allreduce 1 0 0 
151 allreduce 4 0 1 
151 allreduce 1 0 0 
151 allreduce 4 0 1 
151 allreduce 1 0 0 
151 allreduce 4 0 1 
151 allreduce 1 0 0 
151 allreduce 4 0 1 
151 allreduce 1 0 0 
151 allreduce 4 0 1 
151 allreduce 1 0 0 
151 allreduce 4 0 1 
151 allreduce 1 0 0 
151 allreduce 4 0 1 
151 allreduce 1 0 0 
151 allreduce 4 0 1 
151 allreduce 1 0 0 
151 allreduce 4 0 1 
151 allreduce 1 0 0 
151 allreduce 4 0 1 
151 allreduce 1 0 0 
151 allreduce 4 0 1 
151 allreduce 1 0 0 
151 allreduce 4 0 1 
151 allreduce 1 0 0 
151 allreduce 4 0 1 
151 barrier
151 irecv 148 1100 200 0
151 irecv 150 1300 200 0
151 send 148 1300 16 0
151 send 150 1100 16 0
151 wait 149 152 1100
151 wait 151 152 1300
151 irecv 155 2100 200 0
151 irecv 147 2300 200 0
151 send 155 2300 40 0
151 send 147 2100 40 0
151 wait 156 152 2100
151 wait 148 152 2300
151 irecv 183 3100 200 0
151 irecv 119 3300 200 0
151 send 183 3300 60 0
151 send 119 3100 60 0
151 wait 184 152 3100
151 wait 120 152 3300
151 barrier
151 irecv 148 1100 200 0
151 irecv 150 1300 200 0
151 send 148 1300 16 0
151 send 150 1100 16 0
151 wait 149 152 1100
151 wait 151 152 1300
151 irecv 155 2100 200 0
151 irecv 147 2300 200 0
151 send 155 2300 40 0
151 send 147 2100 40 0
151 wait 156 152 2100
151 wait 148 152 2300
151 irecv 183 3100 200 0
151 irecv 119 3300 200 0
151 send 183 3300 60 0
151 send 119 3100 60 0
151 wait 184 152 3100
151 wait 120 152 3300
151 allreduce 1 0 0 
151 allreduce 1 0 0 
151 irecv 148 1100 200 0
151 irecv 150 1300 200 0
151 send 148 1300 4 0
151 send 150 1100 4 0
151 wait 149 152 1100
151 wait 151 152 1300
151 irecv 155 2100 200 0
151 irecv 147 2300 200 0
151 send 155 2300 12 0
151 send 147 2100 12 0
151 wait 156 152 2100
151 wait 148 152 2300
151 irecv 183 3100 200 0
151 irecv 119 3300 200 0
151 send 183 3300 24 0
151 send 119 3100 24 0
151 wait 184 152 3100
151 wait 120 152 3300
151 irecv 148 1100 200 0
151 irecv 150 1300 200 0
151 send 148 1300 1 0
151 send 150 1100 1 0
151 wait 149 152 1100
151 wait 151 152 1300
151 irecv 155 2100 200 0
151 irecv 147 2300 200 0
151 send 155 2300 4 0
151 send 147 2100 4 0
151 wait 156 152 2100
151 wait 148 152 2300
151 irecv 183 3100 200 0
151 irecv 119 3300 200 0
151 send 183 3300 12 0
151 send 119 3100 12 0
151 wait 184 152 3100
151 wait 120 152 3300
151 send 148 1300 12 0
151 send 150 1100 6 0
151 irecv 159 2100 200 0
151 irecv 143 2300 200 0
151 wait 160 152 2100
151 wait 144 152 2300
151 send 155 2300 24 0
151 send 147 2100 12 0
151 irecv 183 3100 200 0
151 irecv 119 3300 200 0
151 wait 184 152 3100
151 wait 120 152 3300
151 irecv 148 1100 200 0
151 irecv 150 1300 200 0
151 send 148 1300 1 0
151 send 150 1100 1 0
151 wait 149 152 1100
151 wait 151 152 1300
151 irecv 155 2100 200 0
151 irecv 147 2300 200 0
151 send 155 2300 4 0
151 send 147 2100 4 0
151 wait 156 152 2100
151 wait 148 152 2300
151 irecv 183 3100 200 0
151 irecv 119 3300 200 0
151 send 183 3300 12 0
151 send 119 3100 12 0
151 wait 184 152 3100
151 wait 120 152 3300
151 irecv 148 1100 200 0
151 irecv 150 1300 200 0
151 send 148 1300 1 0
151 send 150 1100 1 0
151 wait 149 152 1100
151 wait 151 152 1300
151 irecv 155 2100 200 0
151 irecv 147 2300 200 0
151 send 155 2300 4 0
151 send 147 2100 4 0
151 wait 156 152 2100
151 wait 148 152 2300
151 irecv 183 3100 200 0
151 irecv 119 3300 200 0
151 send 183 3300 12 0
151 send 119 3100 12 0
151 wait 184 152 3100
151 wait 120 152 3300
151 irecv 148 1100 200 0
151 irecv 150 1300 200 0
151 send 148 1300 4 0
151 send 150 1100 4 0
151 wait 149 152 1100
151 wait 151 152 1300
151 irecv 155 2100 200 0
151 irecv 147 2300 200 0
151 send 155 2300 12 0
151 send 147 2100 12 0
151 wait 156 152 2100
151 wait 148 152 2300
151 irecv 183 3100 200 0
151 irecv 119 3300 200 0
151 send 183 3300 24 0
151 send 119 3100 24 0
151 wait 184 152 3100
151 wait 120 152 3300
151 irecv 148 1100 200 0
151 irecv 150 1300 200 0
151 send 148 1300 4 0
151 send 150 1100 4 0
151 wait 149 152 1100
151 wait 151 152 1300
151 irecv 155 2100 200 0
151 irecv 147 2300 200 0
151 send 155 2300 12 0
151 send 147 2100 12 0
151 wait 156 152 2100
151 wait 148 152 2300
151 irecv 183 3100 200 0
151 irecv 119 3300 200 0
151 send 183 3300 24 0
151 send 119 3100 24 0
151 wait 184 152 3100
151 wait 120 152 3300
151 irecv 148 1100 200 0
151 irecv 150 1300 200 0
151 send 148 1300 16 0
151 send 150 1100 16 0
151 wait 149 152 1100
151 wait 151 152 1300
151 irecv 155 2100 200 0
151 irecv 147 2300 200 0
151 send 155 2300 40 0
151 send 147 2100 40 0
151 wait 156 152 2100
151 wait 148 152 2300
151 irecv 183 3100 200 0
151 irecv 119 3300 200 0
151 send 183 3300 60 0
151 send 119 3100 60 0
151 wait 184 152 3100
151 wait 120 152 3300
151 irecv 148 1100 200 0
151 irecv 150 1300 200 0
151 send 148 1300 16 0
151 send 150 1100 16 0
151 wait 149 152 1100
151 wait 151 152 1300
151 irecv 155 2100 200 0
151 irecv 147 2300 200 0
151 send 155 2300 40 0
151 send 147 2100 40 0
151 wait 156 152 2100
151 wait 148 152 2300
151 irecv 183 3100 200 0
151 irecv 119 3300 200 0
151 send 183 3300 60 0
151 send 119 3100 60 0
151 wait 184 152 3100
151 wait 120 152 3300
151 irecv 148 1100 200 0
151 irecv 150 1300 200 0
151 send 148 1300 16 0
151 send 150 1100 16 0
151 wait 149 152 1100
151 wait 151 152 1300
151 irecv 155 2100 200 0
151 irecv 147 2300 200 0
151 send 155 2300 40 0
151 send 147 2100 40 0
151 wait 156 152 2100
151 wait 148 152 2300
151 irecv 183 3100 200 0
151 irecv 119 3300 200 0
151 send 183 3300 60 0
151 send 119 3100 60 0
151 wait 184 152 3100
151 wait 120 152 3300
151 irecv 148 1100 200 0
151 irecv 150 1300 200 0
151 send 148 1300 4 0
151 send 150 1100 4 0
151 wait 149 152 1100
151 wait 151 152 1300
151 irecv 155 2100 200 0
151 irecv 147 2300 200 0
151 send 155 2300 12 0
151 send 147 2100 12 0
151 wait 156 152 2100
151 wait 148 152 2300
151 irecv 183 3100 200 0
151 irecv 119 3300 200 0
151 send 183 3300 24 0
151 send 119 3100 24 0
151 wait 184 152 3100
151 wait 120 152 3300
151 irecv 148 1100 200 0
151 irecv 150 1300 200 0
151 send 148 1300 1 0
151 send 150 1100 1 0
151 wait 149 152 1100
151 wait 151 152 1300
151 irecv 155 2100 200 0
151 irecv 147 2300 200 0
151 send 155 2300 4 0
151 send 147 2100 4 0
151 wait 156 152 2100
151 wait 148 152 2300
151 irecv 183 3100 200 0
151 irecv 119 3300 200 0
151 send 183 3300 12 0
151 send 119 3100 12 0
151 wait 184 152 3100
151 wait 120 152 3300
151 send 148 1300 12 0
151 send 150 1100 6 0
151 irecv 159 2100 200 0
151 irecv 143 2300 200 0
151 wait 160 152 2100
151 wait 144 152 2300
151 send 155 2300 24 0
151 send 147 2100 12 0
151 irecv 183 3100 200 0
151 irecv 119 3300 200 0
151 wait 184 152 3100
151 wait 120 152 3300
151 irecv 148 1100 200 0
151 irecv 150 1300 200 0
151 send 148 1300 1 0
151 send 150 1100 1 0
151 wait 149 152 1100
151 wait 151 152 1300
151 irecv 155 2100 200 0
151 irecv 147 2300 200 0
151 send 155 2300 4 0
151 send 147 2100 4 0
151 wait 156 152 2100
151 wait 148 152 2300
151 irecv 183 3100 200 0
151 irecv 119 3300 200 0
151 send 183 3300 12 0
151 send 119 3100 12 0
151 wait 184 152 3100
151 wait 120 152 3300
151 irecv 148 1100 200 0
151 irecv 150 1300 200 0
151 send 148 1300 1 0
151 send 150 1100 1 0
151 wait 149 152 1100
151 wait 151 152 1300
151 irecv 155 2100 200 0
151 irecv 147 2300 200 0
151 send 155 2300 4 0
151 send 147 2100 4 0
151 wait 156 152 2100
151 wait 148 152 2300
151 irecv 183 3100 200 0
151 irecv 119 3300 200 0
151 send 183 3300 12 0
151 send 119 3100 12 0
151 wait 184 152 3100
151 wait 120 152 3300
151 irecv 148 1100 200 0
151 irecv 150 1300 200 0
151 send 148 1300 4 0
151 send 150 1100 4 0
151 wait 149 152 1100
151 wait 151 152 1300
151 irecv 155 2100 200 0
151 irecv 147 2300 200 0
151 send 155 2300 12 0
151 send 147 2100 12 0
151 wait 156 152 2100
151 wait 148 152 2300
151 irecv 183 3100 200 0
151 irecv 119 3300 200 0
151 send 183 3300 24 0
151 send 119 3100 24 0
151 wait 184 152 3100
151 wait 120 152 3300
151 irecv 148 1100 200 0
151 irecv 150 1300 200 0
151 send 148 1300 4 0
151 send 150 1100 4 0
151 wait 149 152 1100
151 wait 151 152 1300
151 irecv 155 2100 200 0
151 irecv 147 2300 200 0
151 send 155 2300 12 0
151 send 147 2100 12 0
151 wait 156 152 2100
151 wait 148 152 2300
151 irecv 183 3100 200 0
151 irecv 119 3300 200 0
151 send 183 3300 24 0
151 send 119 3100 24 0
151 wait 184 152 3100
151 wait 120 152 3300
151 irecv 148 1100 200 0
151 irecv 150 1300 200 0
151 send 148 1300 16 0
151 send 150 1100 16 0
151 wait 149 152 1100
151 wait 151 152 1300
151 irecv 155 2100 200 0
151 irecv 147 2300 200 0
151 send 155 2300 40 0
151 send 147 2100 40 0
151 wait 156 152 2100
151 wait 148 152 2300
151 irecv 183 3100 200 0
151 irecv 119 3300 200 0
151 send 183 3300 60 0
151 send 119 3100 60 0
151 wait 184 152 3100
151 wait 120 152 3300
151 irecv 148 1100 200 0
151 irecv 150 1300 200 0
151 send 148 1300 16 0
151 send 150 1100 16 0
151 wait 149 152 1100
151 wait 151 152 1300
151 irecv 155 2100 200 0
151 irecv 147 2300 200 0
151 send 155 2300 40 0
151 send 147 2100 40 0
151 wait 156 152 2100
151 wait 148 152 2300
151 irecv 183 3100 200 0
151 irecv 119 3300 200 0
151 send 183 3300 60 0
151 send 119 3100 60 0
151 wait 184 152 3100
151 wait 120 152 3300
151 irecv 148 1100 200 0
151 irecv 150 1300 200 0
151 send 148 1300 16 0
151 send 150 1100 16 0
151 wait 149 152 1100
151 wait 151 152 1300
151 irecv 155 2100 200 0
151 irecv 147 2300 200 0
151 send 155 2300 40 0
151 send 147 2100 40 0
151 wait 156 152 2100
151 wait 148 152 2300
151 irecv 183 3100 200 0
151 irecv 119 3300 200 0
151 send 183 3300 60 0
151 send 119 3100 60 0
151 wait 184 152 3100
151 wait 120 152 3300
151 irecv 148 1100 200 0
151 irecv 150 1300 200 0
151 send 148 1300 4 0
151 send 150 1100 4 0
151 wait 149 152 1100
151 wait 151 152 1300
151 irecv 155 2100 200 0
151 irecv 147 2300 200 0
151 send 155 2300 12 0
151 send 147 2100 12 0
151 wait 156 152 2100
151 wait 148 152 2300
151 irecv 183 3100 200 0
151 irecv 119 3300 200 0
151 send 183 3300 24 0
151 send 119 3100 24 0
151 wait 184 152 3100
151 wait 120 152 3300
151 irecv 148 1100 200 0
151 irecv 150 1300 200 0
151 send 148 1300 1 0
151 send 150 1100 1 0
151 wait 149 152 1100
151 wait 151 152 1300
151 irecv 155 2100 200 0
151 irecv 147 2300 200 0
151 send 155 2300 4 0
151 send 147 2100 4 0
151 wait 156 152 2100
151 wait 148 152 2300
151 irecv 183 3100 200 0
151 irecv 119 3300 200 0
151 send 183 3300 12 0
151 send 119 3100 12 0
151 wait 184 152 3100
151 wait 120 152 3300
151 send 148 1300 12 0
151 send 150 1100 6 0
151 irecv 159 2100 200 0
151 irecv 143 2300 200 0
151 wait 160 152 2100
151 wait 144 152 2300
151 send 155 2300 24 0
151 send 147 2100 12 0
151 irecv 183 3100 200 0
151 irecv 119 3300 200 0
151 wait 184 152 3100
151 wait 120 152 3300
151 irecv 148 1100 200 0
151 irecv 150 1300 200 0
151 send 148 1300 1 0
151 send 150 1100 1 0
151 wait 149 152 1100
151 wait 151 152 1300
151 irecv 155 2100 200 0
151 irecv 147 2300 200 0
151 send 155 2300 4 0
151 send 147 2100 4 0
151 wait 156 152 2100
151 wait 148 152 2300
151 irecv 183 3100 200 0
151 irecv 119 3300 200 0
151 send 183 3300 12 0
151 send 119 3100 12 0
151 wait 184 152 3100
151 wait 120 152 3300
151 irecv 148 1100 200 0
151 irecv 150 1300 200 0
151 send 148 1300 1 0
151 send 150 1100 1 0
151 wait 149 152 1100
151 wait 151 152 1300
151 irecv 155 2100 200 0
151 irecv 147 2300 200 0
151 send 155 2300 4 0
151 send 147 2100 4 0
151 wait 156 152 2100
151 wait 148 152 2300
151 irecv 183 3100 200 0
151 irecv 119 3300 200 0
151 send 183 3300 12 0
151 send 119 3100 12 0
151 wait 184 152 3100
151 wait 120 152 3300
151 irecv 148 1100 200 0
151 irecv 150 1300 200 0
151 send 148 1300 4 0
151 send 150 1100 4 0
151 wait 149 152 1100
151 wait 151 152 1300
151 irecv 155 2100 200 0
151 irecv 147 2300 200 0
151 send 155 2300 12 0
151 send 147 2100 12 0
151 wait 156 152 2100
151 wait 148 152 2300
151 irecv 183 3100 200 0
151 irecv 119 3300 200 0
151 send 183 3300 24 0
151 send 119 3100 24 0
151 wait 184 152 3100
151 wait 120 152 3300
151 irecv 148 1100 200 0
151 irecv 150 1300 200 0
151 send 148 1300 4 0
151 send 150 1100 4 0
151 wait 149 152 1100
151 wait 151 152 1300
151 irecv 155 2100 200 0
151 irecv 147 2300 200 0
151 send 155 2300 12 0
151 send 147 2100 12 0
151 wait 156 152 2100
151 wait 148 152 2300
151 irecv 183 3100 200 0
151 irecv 119 3300 200 0
151 send 183 3300 24 0
151 send 119 3100 24 0
151 wait 184 152 3100
151 wait 120 152 3300
151 irecv 148 1100 200 0
151 irecv 150 1300 200 0
151 send 148 1300 16 0
151 send 150 1100 16 0
151 wait 149 152 1100
151 wait 151 152 1300
151 irecv 155 2100 200 0
151 irecv 147 2300 200 0
151 send 155 2300 40 0
151 send 147 2100 40 0
151 wait 156 152 2100
151 wait 148 152 2300
151 irecv 183 3100 200 0
151 irecv 119 3300 200 0
151 send 183 3300 60 0
151 send 119 3100 60 0
151 wait 184 152 3100
151 wait 120 152 3300
151 irecv 148 1100 200 0
151 irecv 150 1300 200 0
151 send 148 1300 16 0
151 send 150 1100 16 0
151 wait 149 152 1100
151 wait 151 152 1300
151 irecv 155 2100 200 0
151 irecv 147 2300 200 0
151 send 155 2300 40 0
151 send 147 2100 40 0
151 wait 156 152 2100
151 wait 148 152 2300
151 irecv 183 3100 200 0
151 irecv 119 3300 200 0
151 send 183 3300 60 0
151 send 119 3100 60 0
151 wait 184 152 3100
151 wait 120 152 3300
151 irecv 148 1100 200 0
151 irecv 150 1300 200 0
151 send 148 1300 16 0
151 send 150 1100 16 0
151 wait 149 152 1100
151 wait 151 152 1300
151 irecv 155 2100 200 0
151 irecv 147 2300 200 0
151 send 155 2300 40 0
151 send 147 2100 40 0
151 wait 156 152 2100
151 wait 148 152 2300
151 irecv 183 3100 200 0
151 irecv 119 3300 200 0
151 send 183 3300 60 0
151 send 119 3100 60 0
151 wait 184 152 3100
151 wait 120 152 3300
151 irecv 148 1100 200 0
151 irecv 150 1300 200 0
151 send 148 1300 4 0
151 send 150 1100 4 0
151 wait 149 152 1100
151 wait 151 152 1300
151 irecv 155 2100 200 0
151 irecv 147 2300 200 0
151 send 155 2300 12 0
151 send 147 2100 12 0
151 wait 156 152 2100
151 wait 148 152 2300
151 irecv 183 3100 200 0
151 irecv 119 3300 200 0
151 send 183 3300 24 0
151 send 119 3100 24 0
151 wait 184 152 3100
151 wait 120 152 3300
151 irecv 148 1100 200 0
151 irecv 150 1300 200 0
151 send 148 1300 1 0
151 send 150 1100 1 0
151 wait 149 152 1100
151 wait 151 152 1300
151 irecv 155 2100 200 0
151 irecv 147 2300 200 0
151 send 155 2300 4 0
151 send 147 2100 4 0
151 wait 156 152 2100
151 wait 148 152 2300
151 irecv 183 3100 200 0
151 irecv 119 3300 200 0
151 send 183 3300 12 0
151 send 119 3100 12 0
151 wait 184 152 3100
151 wait 120 152 3300
151 send 148 1300 12 0
151 send 150 1100 6 0
151 irecv 159 2100 200 0
151 irecv 143 2300 200 0
151 wait 160 152 2100
151 wait 144 152 2300
151 send 155 2300 24 0
151 send 147 2100 12 0
151 irecv 183 3100 200 0
151 irecv 119 3300 200 0
151 wait 184 152 3100
151 wait 120 152 3300
151 irecv 148 1100 200 0
151 irecv 150 1300 200 0
151 send 148 1300 1 0
151 send 150 1100 1 0
151 wait 149 152 1100
151 wait 151 152 1300
151 irecv 155 2100 200 0
151 irecv 147 2300 200 0
151 send 155 2300 4 0
151 send 147 2100 4 0
151 wait 156 152 2100
151 wait 148 152 2300
151 irecv 183 3100 200 0
151 irecv 119 3300 200 0
151 send 183 3300 12 0
151 send 119 3100 12 0
151 wait 184 152 3100
151 wait 120 152 3300
151 irecv 148 1100 200 0
151 irecv 150 1300 200 0
151 send 148 1300 1 0
151 send 150 1100 1 0
151 wait 149 152 1100
151 wait 151 152 1300
151 irecv 155 2100 200 0
151 irecv 147 2300 200 0
151 send 155 2300 4 0
151 send 147 2100 4 0
151 wait 156 152 2100
151 wait 148 152 2300
151 irecv 183 3100 200 0
151 irecv 119 3300 200 0
151 send 183 3300 12 0
151 send 119 3100 12 0
151 wait 184 152 3100
151 wait 120 152 3300
151 irecv 148 1100 200 0
151 irecv 150 1300 200 0
151 send 148 1300 4 0
151 send 150 1100 4 0
151 wait 149 152 1100
151 wait 151 152 1300
151 irecv 155 2100 200 0
151 irecv 147 2300 200 0
151 send 155 2300 12 0
151 send 147 2100 12 0
151 wait 156 152 2100
151 wait 148 152 2300
151 irecv 183 3100 200 0
151 irecv 119 3300 200 0
151 send 183 3300 24 0
151 send 119 3100 24 0
151 wait 184 152 3100
151 wait 120 152 3300
151 irecv 148 1100 200 0
151 irecv 150 1300 200 0
151 send 148 1300 4 0
151 send 150 1100 4 0
151 wait 149 152 1100
151 wait 151 152 1300
151 irecv 155 2100 200 0
151 irecv 147 2300 200 0
151 send 155 2300 12 0
151 send 147 2100 12 0
151 wait 156 152 2100
151 wait 148 152 2300
151 irecv 183 3100 200 0
151 irecv 119 3300 200 0
151 send 183 3300 24 0
151 send 119 3100 24 0
151 wait 184 152 3100
151 wait 120 152 3300
151 irecv 148 1100 200 0
151 irecv 150 1300 200 0
151 send 148 1300 16 0
151 send 150 1100 16 0
151 wait 149 152 1100
151 wait 151 152 1300
151 irecv 155 2100 200 0
151 irecv 147 2300 200 0
151 send 155 2300 40 0
151 send 147 2100 40 0
151 wait 156 152 2100
151 wait 148 152 2300
151 irecv 183 3100 200 0
151 irecv 119 3300 200 0
151 send 183 3300 60 0
151 send 119 3100 60 0
151 wait 184 152 3100
151 wait 120 152 3300
151 irecv 148 1100 200 0
151 irecv 150 1300 200 0
151 send 148 1300 16 0
151 send 150 1100 16 0
151 wait 149 152 1100
151 wait 151 152 1300
151 irecv 155 2100 200 0
151 irecv 147 2300 200 0
151 send 155 2300 40 0
151 send 147 2100 40 0
151 wait 156 152 2100
151 wait 148 152 2300
151 irecv 183 3100 200 0
151 irecv 119 3300 200 0
151 send 183 3300 60 0
151 send 119 3100 60 0
151 wait 184 152 3100
151 wait 120 152 3300
151 irecv 148 1100 200 0
151 irecv 150 1300 200 0
151 send 148 1300 16 0
151 send 150 1100 16 0
151 wait 149 152 1100
151 wait 151 152 1300
151 irecv 155 2100 200 0
151 irecv 147 2300 200 0
151 send 155 2300 40 0
151 send 147 2100 40 0
151 wait 156 152 2100
151 wait 148 152 2300
151 irecv 183 3100 200 0
151 irecv 119 3300 200 0
151 send 183 3300 60 0
151 send 119 3100 60 0
151 wait 184 152 3100
151 wait 120 152 3300
151 allreduce 1 0 0 
151 allreduce 1 0 0 
151 reduce 1 0 0 0 
151 finalize
