99 init
99 barrier
99 bcast 1 0 1 
99 bcast 1 0 1 
99 bcast 1 0 1 
99 bcast 1 0 1 
99 bcast 1 0 1 
99 bcast 8 0 1 
99 bcast 1 0 16 
99 barrier
99 allreduce 1 0 0 
99 allreduce 4 0 1 
99 allreduce 1 0 0 
99 allreduce 4 0 1 
99 allreduce 1 0 0 
99 allreduce 4 0 1 
99 allreduce 1 0 0 
99 allreduce 4 0 1 
99 allreduce 1 0 0 
99 allreduce 4 0 1 
99 allreduce 1 0 0 
99 allreduce 4 0 1 
99 allreduce 1 0 0 
99 allreduce 4 0 1 
99 allreduce 1 0 0 
99 allreduce 4 0 1 
99 allreduce 1 0 0 
99 allreduce 4 0 1 
99 allreduce 1 0 0 
99 allreduce 4 0 1 
99 allreduce 1 0 0 
99 allreduce 4 0 1 
99 allreduce 1 0 0 
99 allreduce 4 0 1 
99 allreduce 1 0 0 
99 allreduce 4 0 1 
99 allreduce 1 0 0 
99 allreduce 4 0 1 
99 allreduce 1 0 0 
99 allreduce 4 0 1 
99 allreduce 1 0 0 
99 allreduce 4 0 1 
99 allreduce 1 0 0 
99 allreduce 4 0 1 
99 allreduce 1 0 0 
99 allreduce 4 0 1 
99 allreduce 1 0 0 
99 allreduce 4 0 1 
99 allreduce 1 0 0 
99 allreduce 4 0 1 
99 barrier
99 irecv 96 1100 200 0
99 irecv 98 1300 200 0
99 send 96 1300 16 0
99 send 98 1100 16 0
99 wait 97 100 1100
99 wait 99 100 1300
99 irecv 103 2100 200 0
99 irecv 127 2300 200 0
99 send 103 2300 40 0
99 send 127 2100 40 0
99 wait 104 100 2100
99 wait 128 100 2300
99 irecv 131 3100 200 0
99 irecv 67 3300 200 0
99 send 131 3300 60 0
99 send 67 3100 60 0
99 wait 132 100 3100
99 wait 68 100 3300
99 allreduce 1 0 0 
99 allreduce 1 0 0 
99 irecv 96 1100 200 0
99 irecv 98 1300 200 0
99 send 96 1300 16 0
99 send 98 1100 16 0
99 wait 97 100 1100
99 wait 99 100 1300
99 irecv 103 2100 200 0
99 irecv 127 2300 200 0
99 send 103 2300 40 0
99 send 127 2100 40 0
99 wait 104 100 2100
99 wait 128 100 2300
99 irecv 131 3100 200 0
99 irecv 67 3300 200 0
99 send 131 3300 60 0
99 send 67 3100 60 0
99 wait 132 100 3100
99 wait 68 100 3300
99 allreduce 1 0 0 
99 allreduce 1 0 0 
99 irecv 96 1100 200 0
99 irecv 98 1300 200 0
99 send 96 1300 4 0
99 send 98 1100 4 0
99 wait 97 100 1100
99 wait 99 100 1300
99 irecv 103 2100 200 0
99 irecv 127 2300 200 0
99 send 103 2300 12 0
99 send 127 2100 12 0
99 wait 104 100 2100
99 wait 128 100 2300
99 irecv 131 3100 200 0
99 irecv 67 3300 200 0
99 send 131 3300 24 0
99 send 67 3100 24 0
99 wait 132 100 3100
99 wait 68 100 3300
99 irecv 96 1100 200 0
99 irecv 98 1300 200 0
99 send 96 1300 1 0
99 send 98 1100 1 0
99 wait 97 100 1100
99 wait 99 100 1300
99 irecv 103 2100 200 0
99 irecv 127 2300 200 0
99 send 103 2300 4 0
99 send 127 2100 4 0
99 wait 104 100 2100
99 wait 128 100 2300
99 irecv 131 3100 200 0
99 irecv 67 3300 200 0
99 send 131 3300 12 0
99 send 67 3100 12 0
99 wait 132 100 3100
99 wait 68 100 3300
99 send 96 1300 12 0
99 send 98 1100 6 0
99 send 163 3300 12 0
99 send 35 3100 6 0
99 irecv 103 2100 200 0
99 irecv 127 2300 200 0
99 wait 104 100 2100
99 wait 128 100 2300
99 send 131 3300 24 0
99 send 67 3100 12 0
99 irecv 96 1100 200 0
99 irecv 98 1300 200 0
99 send 96 1300 1 0
99 send 98 1100 1 0
99 wait 97 100 1100
99 wait 99 100 1300
99 irecv 103 2100 200 0
99 irecv 127 2300 200 0
99 send 103 2300 4 0
99 send 127 2100 4 0
99 wait 104 100 2100
99 wait 128 100 2300
99 irecv 131 3100 200 0
99 irecv 67 3300 200 0
99 send 131 3300 12 0
99 send 67 3100 12 0
99 wait 132 100 3100
99 wait 68 100 3300
99 irecv 96 1100 200 0
99 irecv 98 1300 200 0
99 send 96 1300 1 0
99 send 98 1100 1 0
99 wait 97 100 1100
99 wait 99 100 1300
99 irecv 103 2100 200 0
99 irecv 127 2300 200 0
99 send 103 2300 4 0
99 send 127 2100 4 0
99 wait 104 100 2100
99 wait 128 100 2300
99 irecv 131 3100 200 0
99 irecv 67 3300 200 0
99 send 131 3300 12 0
99 send 67 3100 12 0
99 wait 132 100 3100
99 wait 68 100 3300
99 irecv 96 1100 200 0
99 irecv 98 1300 200 0
99 send 96 1300 4 0
99 send 98 1100 4 0
99 wait 97 100 1100
99 wait 99 100 1300
99 irecv 103 2100 200 0
99 irecv 127 2300 200 0
99 send 103 2300 12 0
99 send 127 2100 12 0
99 wait 104 100 2100
99 wait 128 100 2300
99 irecv 131 3100 200 0
99 irecv 67 3300 200 0
99 send 131 3300 24 0
99 send 67 3100 24 0
99 wait 132 100 3100
99 wait 68 100 3300
99 irecv 96 1100 200 0
99 irecv 98 1300 200 0
99 send 96 1300 4 0
99 send 98 1100 4 0
99 wait 97 100 1100
99 wait 99 100 1300
99 irecv 103 2100 200 0
99 irecv 127 2300 200 0
99 send 103 2300 12 0
99 send 127 2100 12 0
99 wait 104 100 2100
99 wait 128 100 2300
99 irecv 131 3100 200 0
99 irecv 67 3300 200 0
99 send 131 3300 24 0
99 send 67 3100 24 0
99 wait 132 100 3100
99 wait 68 100 3300
99 irecv 96 1100 200 0
99 irecv 98 1300 200 0
99 send 96 1300 16 0
99 send 98 1100 16 0
99 wait 97 100 1100
99 wait 99 100 1300
99 irecv 103 2100 200 0
99 irecv 127 2300 200 0
99 send 103 2300 40 0
99 send 127 2100 40 0
99 wait 104 100 2100
99 wait 128 100 2300
99 irecv 131 3100 200 0
99 irecv 67 3300 200 0
99 send 131 3300 60 0
99 send 67 3100 60 0
99 wait 132 100 3100
99 wait 68 100 3300
99 irecv 96 1100 200 0
99 irecv 98 1300 200 0
99 send 96 1300 16 0
99 send 98 1100 16 0
99 wait 97 100 1100
99 wait 99 100 1300
99 irecv 103 2100 200 0
99 irecv 127 2300 200 0
99 send 103 2300 40 0
99 send 127 2100 40 0
99 wait 104 100 2100
99 wait 128 100 2300
99 irecv 131 3100 200 0
99 irecv 67 3300 200 0
99 send 131 3300 60 0
99 send 67 3100 60 0
99 wait 132 100 3100
99 wait 68 100 3300
99 irecv 96 1100 200 0
99 irecv 98 1300 200 0
99 send 96 1300 16 0
99 send 98 1100 16 0
99 wait 97 100 1100
99 wait 99 100 1300
99 irecv 103 2100 200 0
99 irecv 127 2300 200 0
99 send 103 2300 40 0
99 send 127 2100 40 0
99 wait 104 100 2100
99 wait 128 100 2300
99 irecv 131 3100 200 0
99 irecv 67 3300 200 0
99 send 131 3300 60 0
99 send 67 3100 60 0
99 wait 132 100 3100
99 wait 68 100 3300
99 barrier
99 allreduce 1 0 0 
99 allreduce 4 0 1 
99 allreduce 1 0 0 
99 allreduce 4 0 1 
99 allreduce 1 0 0 
99 allreduce 4 0 1 
99 allreduce 1 0 0 
99 allreduce 4 0 1 
99 allreduce 1 0 0 
99 allreduce 4 0 1 
99 allreduce 1 0 0 
99 allreduce 4 0 1 
99 allreduce 1 0 0 
99 allreduce 4 0 1 
99 allreduce 1 0 0 
99 allreduce 4 0 1 
99 allreduce 1 0 0 
99 allreduce 4 0 1 
99 allreduce 1 0 0 
99 allreduce 4 0 1 
99 allreduce 1 0 0 
99 allreduce 4 0 1 
99 allreduce 1 0 0 
99 allreduce 4 0 1 
99 allreduce 1 0 0 
99 allreduce 4 0 1 
99 allreduce 1 0 0 
99 allreduce 4 0 1 
99 allreduce 1 0 0 
99 allreduce 4 0 1 
99 allreduce 1 0 0 
99 allreduce 4 0 1 
99 allreduce 1 0 0 
99 allreduce 4 0 1 
99 allreduce 1 0 0 
99 allreduce 4 0 1 
99 allreduce 1 0 0 
99 allreduce 4 0 1 
99 allreduce 1 0 0 
99 allreduce 4 0 1 
99 barrier
99 irecv 96 1100 200 0
99 irecv 98 1300 200 0
99 send 96 1300 16 0
99 send 98 1100 16 0
99 wait 97 100 1100
99 wait 99 100 1300
99 irecv 103 2100 200 0
99 irecv 127 2300 200 0
99 send 103 2300 40 0
99 send 127 2100 40 0
99 wait 104 100 2100
99 wait 128 100 2300
99 irecv 131 3100 200 0
99 irecv 67 3300 200 0
99 send 131 3300 60 0
99 send 67 3100 60 0
99 wait 132 100 3100
99 wait 68 100 3300
99 barrier
99 irecv 96 1100 200 0
99 irecv 98 1300 200 0
99 send 96 1300 16 0
99 send 98 1100 16 0
99 wait 97 100 1100
99 wait 99 100 1300
99 irecv 103 2100 200 0
99 irecv 127 2300 200 0
99 send 103 2300 40 0
99 send 127 2100 40 0
99 wait 104 100 2100
99 wait 128 100 2300
99 irecv 131 3100 200 0
99 irecv 67 3300 200 0
99 send 131 3300 60 0
99 send 67 3100 60 0
99 wait 132 100 3100
99 wait 68 100 3300
99 allreduce 1 0 0 
99 allreduce 1 0 0 
99 irecv 96 1100 200 0
99 irecv 98 1300 200 0
99 send 96 1300 4 0
99 send 98 1100 4 0
99 wait 97 100 1100
99 compute 312.5
99 wait 99 100 1300
99 irecv 103 2100 200 0
99 irecv 127 2300 200 0
99 send 103 2300 12 0
99 send 127 2100 12 0
99 wait 104 100 2100
99 wait 128 100 2300
99 irecv 131 3100 200 0
99 irecv 67 3300 200 0
99 send 131 3300 24 0
99 send 67 3100 24 0
99 wait 132 100 3100
99 wait 68 100 3300
99 irecv 96 1100 200 0
99 irecv 98 1300 200 0
99 send 96 1300 1 0
99 send 98 1100 1 0
99 wait 97 100 1100
99 wait 99 100 1300
99 irecv 103 2100 200 0
99 irecv 127 2300 200 0
99 send 103 2300 4 0
99 send 127 2100 4 0
99 wait 104 100 2100
99 wait 128 100 2300
99 irecv 131 3100 200 0
99 irecv 67 3300 200 0
99 send 131 3300 12 0
99 send 67 3100 12 0
99 wait 132 100 3100
99 wait 68 100 3300
99 send 96 1300 12 0
99 send 98 1100 6 0
99 send 163 3300 12 0
99 send 35 3100 6 0
99 irecv 103 2100 200 0
99 irecv 127 2300 200 0
99 wait 104 100 2100
99 wait 128 100 2300
99 send 131 3300 24 0
99 send 67 3100 12 0
99 irecv 96 1100 200 0
99 irecv 98 1300 200 0
99 send 96 1300 1 0
99 send 98 1100 1 0
99 wait 97 100 1100
99 wait 99 100 1300
99 irecv 103 2100 200 0
99 irecv 127 2300 200 0
99 send 103 2300 4 0
99 send 127 2100 4 0
99 wait 104 100 2100
99 wait 128 100 2300
99 irecv 131 3100 200 0
99 irecv 67 3300 200 0
99 send 131 3300 12 0
99 send 67 3100 12 0
99 wait 132 100 3100
99 wait 68 100 3300
99 irecv 96 1100 200 0
99 irecv 98 1300 200 0
99 send 96 1300 1 0
99 send 98 1100 1 0
99 wait 97 100 1100
99 wait 99 100 1300
99 irecv 103 2100 200 0
99 irecv 127 2300 200 0
99 send 103 2300 4 0
99 send 127 2100 4 0
99 wait 104 100 2100
99 wait 128 100 2300
99 irecv 131 3100 200 0
99 irecv 67 3300 200 0
99 send 131 3300 12 0
99 send 67 3100 12 0
99 wait 132 100 3100
99 wait 68 100 3300
99 irecv 96 1100 200 0
99 irecv 98 1300 200 0
99 send 96 1300 4 0
99 send 98 1100 4 0
99 wait 97 100 1100
99 wait 99 100 1300
99 irecv 103 2100 200 0
99 irecv 127 2300 200 0
99 send 103 2300 12 0
99 send 127 2100 12 0
99 wait 104 100 2100
99 wait 128 100 2300
99 irecv 131 3100 200 0
99 irecv 67 3300 200 0
99 send 131 3300 24 0
99 send 67 3100 24 0
99 wait 132 100 3100
99 wait 68 100 3300
99 irecv 96 1100 200 0
99 irecv 98 1300 200 0
99 send 96 1300 4 0
99 send 98 1100 4 0
99 wait 97 100 1100
99 wait 99 100 1300
99 irecv 103 2100 200 0
99 irecv 127 2300 200 0
99 send 103 2300 12 0
99 send 127 2100 12 0
99 wait 104 100 2100
99 wait 128 100 2300
99 irecv 131 3100 200 0
99 irecv 67 3300 200 0
99 send 131 3300 24 0
99 send 67 3100 24 0
99 wait 132 100 3100
99 wait 68 100 3300
99 irecv 96 1100 200 0
99 irecv 98 1300 200 0
99 send 96 1300 16 0
99 send 98 1100 16 0
99 wait 97 100 1100
99 wait 99 100 1300
99 irecv 103 2100 200 0
99 irecv 127 2300 200 0
99 send 103 2300 40 0
99 send 127 2100 40 0
99 wait 104 100 2100
99 wait 128 100 2300
99 irecv 131 3100 200 0
99 irecv 67 3300 200 0
99 send 131 3300 60 0
99 send 67 3100 60 0
99 wait 132 100 3100
99 wait 68 100 3300
99 irecv 96 1100 200 0
99 irecv 98 1300 200 0
99 send 96 1300 16 0
99 send 98 1100 16 0
99 wait 97 100 1100
99 wait 99 100 1300
99 irecv 103 2100 200 0
99 irecv 127 2300 200 0
99 send 103 2300 40 0
99 send 127 2100 40 0
99 wait 104 100 2100
99 wait 128 100 2300
99 irecv 131 3100 200 0
99 irecv 67 3300 200 0
99 send 131 3300 60 0
99 send 67 3100 60 0
99 wait 132 100 3100
99 wait 68 100 3300
99 irecv 96 1100 200 0
99 irecv 98 1300 200 0
99 send 96 1300 16 0
99 send 98 1100 16 0
99 wait 97 100 1100
99 wait 99 100 1300
99 irecv 103 2100 200 0
99 irecv 127 2300 200 0
99 send 103 2300 40 0
99 send 127 2100 40 0
99 wait 104 100 2100
99 wait 128 100 2300
99 irecv 131 3100 200 0
99 irecv 67 3300 200 0
99 send 131 3300 60 0
99 send 67 3100 60 0
99 wait 132 100 3100
99 wait 68 100 3300
99 irecv 96 1100 200 0
99 irecv 98 1300 200 0
99 send 96 1300 4 0
99 send 98 1100 4 0
99 wait 97 100 1100
99 wait 99 100 1300
99 irecv 103 2100 200 0
99 irecv 127 2300 200 0
99 send 103 2300 12 0
99 send 127 2100 12 0
99 wait 104 100 2100
99 wait 128 100 2300
99 irecv 131 3100 200 0
99 irecv 67 3300 200 0
99 send 131 3300 24 0
99 send 67 3100 24 0
99 wait 132 100 3100
99 wait 68 100 3300
99 irecv 96 1100 200 0
99 irecv 98 1300 200 0
99 send 96 1300 1 0
99 send 98 1100 1 0
99 wait 97 100 1100
99 wait 99 100 1300
99 irecv 103 2100 200 0
99 irecv 127 2300 200 0
99 send 103 2300 4 0
99 send 127 2100 4 0
99 wait 104 100 2100
99 wait 128 100 2300
99 irecv 131 3100 200 0
99 irecv 67 3300 200 0
99 send 131 3300 12 0
99 send 67 3100 12 0
99 wait 132 100 3100
99 wait 68 100 3300
99 send 96 1300 12 0
99 send 98 1100 6 0
99 send 163 3300 12 0
99 send 35 3100 6 0
99 irecv 103 2100 200 0
99 irecv 127 2300 200 0
99 wait 104 100 2100
99 wait 128 100 2300
99 send 131 3300 24 0
99 send 67 3100 12 0
99 irecv 96 1100 200 0
99 irecv 98 1300 200 0
99 send 96 1300 1 0
99 send 98 1100 1 0
99 wait 97 100 1100
99 wait 99 100 1300
99 irecv 103 2100 200 0
99 irecv 127 2300 200 0
99 send 103 2300 4 0
99 send 127 2100 4 0
99 wait 104 100 2100
99 wait 128 100 2300
99 irecv 131 3100 200 0
99 irecv 67 3300 200 0
99 send 131 3300 12 0
99 send 67 3100 12 0
99 wait 132 100 3100
99 wait 68 100 3300
99 irecv 96 1100 200 0
99 irecv 98 1300 200 0
99 send 96 1300 1 0
99 send 98 1100 1 0
99 wait 97 100 1100
99 wait 99 100 1300
99 irecv 103 2100 200 0
99 irecv 127 2300 200 0
99 send 103 2300 4 0
99 send 127 2100 4 0
99 wait 104 100 2100
99 wait 128 100 2300
99 irecv 131 3100 200 0
99 irecv 67 3300 200 0
99 send 131 3300 12 0
99 send 67 3100 12 0
99 wait 132 100 3100
99 wait 68 100 3300
99 irecv 96 1100 200 0
99 irecv 98 1300 200 0
99 send 96 1300 4 0
99 send 98 1100 4 0
99 wait 97 100 1100
99 wait 99 100 1300
99 irecv 103 2100 200 0
99 irecv 127 2300 200 0
99 send 103 2300 12 0
99 send 127 2100 12 0
99 wait 104 100 2100
99 wait 128 100 2300
99 irecv 131 3100 200 0
99 irecv 67 3300 200 0
99 send 131 3300 24 0
99 send 67 3100 24 0
99 wait 132 100 3100
99 wait 68 100 3300
99 irecv 96 1100 200 0
99 irecv 98 1300 200 0
99 send 96 1300 4 0
99 send 98 1100 4 0
99 wait 97 100 1100
99 wait 99 100 1300
99 irecv 103 2100 200 0
99 irecv 127 2300 200 0
99 send 103 2300 12 0
99 send 127 2100 12 0
99 wait 104 100 2100
99 wait 128 100 2300
99 irecv 131 3100 200 0
99 irecv 67 3300 200 0
99 send 131 3300 24 0
99 send 67 3100 24 0
99 wait 132 100 3100
99 wait 68 100 3300
99 irecv 96 1100 200 0
99 irecv 98 1300 200 0
99 send 96 1300 16 0
99 send 98 1100 16 0
99 wait 97 100 1100
99 wait 99 100 1300
99 irecv 103 2100 200 0
99 irecv 127 2300 200 0
99 send 103 2300 40 0
99 send 127 2100 40 0
99 wait 104 100 2100
99 wait 128 100 2300
99 irecv 131 3100 200 0
99 irecv 67 3300 200 0
99 send 131 3300 60 0
99 send 67 3100 60 0
99 wait 132 100 3100
99 wait 68 100 3300
99 irecv 96 1100 200 0
99 irecv 98 1300 200 0
99 send 96 1300 16 0
99 send 98 1100 16 0
99 wait 97 100 1100
99 wait 99 100 1300
99 irecv 103 2100 200 0
99 irecv 127 2300 200 0
99 send 103 2300 40 0
99 send 127 2100 40 0
99 wait 104 100 2100
99 wait 128 100 2300
99 irecv 131 3100 200 0
99 irecv 67 3300 200 0
99 send 131 3300 60 0
99 send 67 3100 60 0
99 wait 132 100 3100
99 wait 68 100 3300
99 irecv 96 1100 200 0
99 irecv 98 1300 200 0
99 send 96 1300 16 0
99 send 98 1100 16 0
99 wait 97 100 1100
99 wait 99 100 1300
99 irecv 103 2100 200 0
99 irecv 127 2300 200 0
99 send 103 2300 40 0
99 send 127 2100 40 0
99 wait 104 100 2100
99 wait 128 100 2300
99 irecv 131 3100 200 0
99 irecv 67 3300 200 0
99 send 131 3300 60 0
99 send 67 3100 60 0
99 wait 132 100 3100
99 wait 68 100 3300
99 irecv 96 1100 200 0
99 irecv 98 1300 200 0
99 send 96 1300 4 0
99 send 98 1100 4 0
99 wait 97 100 1100
99 wait 99 100 1300
99 irecv 103 2100 200 0
99 irecv 127 2300 200 0
99 send 103 2300 12 0
99 send 127 2100 12 0
99 wait 104 100 2100
99 wait 128 100 2300
99 irecv 131 3100 200 0
99 irecv 67 3300 200 0
99 send 131 3300 24 0
99 send 67 3100 24 0
99 wait 132 100 3100
99 wait 68 100 3300
99 irecv 96 1100 200 0
99 irecv 98 1300 200 0
99 send 96 1300 1 0
99 send 98 1100 1 0
99 wait 97 100 1100
99 wait 99 100 1300
99 irecv 103 2100 200 0
99 irecv 127 2300 200 0
99 send 103 2300 4 0
99 send 127 2100 4 0
99 wait 104 100 2100
99 wait 128 100 2300
99 irecv 131 3100 200 0
99 irecv 67 3300 200 0
99 send 131 3300 12 0
99 send 67 3100 12 0
99 wait 132 100 3100
99 wait 68 100 3300
99 send 96 1300 12 0
99 send 98 1100 6 0
99 send 163 3300 12 0
99 send 35 3100 6 0
99 irecv 103 2100 200 0
99 irecv 127 2300 200 0
99 wait 104 100 2100
99 wait 128 100 2300
99 send 131 3300 24 0
99 send 67 3100 12 0
99 irecv 96 1100 200 0
99 irecv 98 1300 200 0
99 send 96 1300 1 0
99 send 98 1100 1 0
99 wait 97 100 1100
99 wait 99 100 1300
99 irecv 103 2100 200 0
99 irecv 127 2300 200 0
99 send 103 2300 4 0
99 send 127 2100 4 0
99 wait 104 100 2100
99 wait 128 100 2300
99 irecv 131 3100 200 0
99 irecv 67 3300 200 0
99 send 131 3300 12 0
99 send 67 3100 12 0
99 wait 132 100 3100
99 wait 68 100 3300
99 irecv 96 1100 200 0
99 irecv 98 1300 200 0
99 send 96 1300 1 0
99 send 98 1100 1 0
99 wait 97 100 1100
99 wait 99 100 1300
99 irecv 103 2100 200 0
99 irecv 127 2300 200 0
99 send 103 2300 4 0
99 send 127 2100 4 0
99 wait 104 100 2100
99 wait 128 100 2300
99 irecv 131 3100 200 0
99 irecv 67 3300 200 0
99 send 131 3300 12 0
99 send 67 3100 12 0
99 wait 132 100 3100
99 wait 68 100 3300
99 irecv 96 1100 200 0
99 irecv 98 1300 200 0
99 send 96 1300 4 0
99 send 98 1100 4 0
99 wait 97 100 1100
99 wait 99 100 1300
99 irecv 103 2100 200 0
99 irecv 127 2300 200 0
99 send 103 2300 12 0
99 send 127 2100 12 0
99 wait 104 100 2100
99 wait 128 100 2300
99 irecv 131 3100 200 0
99 irecv 67 3300 200 0
99 send 131 3300 24 0
99 send 67 3100 24 0
99 wait 132 100 3100
99 wait 68 100 3300
99 irecv 96 1100 200 0
99 irecv 98 1300 200 0
99 send 96 1300 4 0
99 send 98 1100 4 0
99 wait 97 100 1100
99 wait 99 100 1300
99 irecv 103 2100 200 0
99 irecv 127 2300 200 0
99 send 103 2300 12 0
99 send 127 2100 12 0
99 wait 104 100 2100
99 wait 128 100 2300
99 irecv 131 3100 200 0
99 irecv 67 3300 200 0
99 send 131 3300 24 0
99 send 67 3100 24 0
99 wait 132 100 3100
99 wait 68 100 3300
99 irecv 96 1100 200 0
99 irecv 98 1300 200 0
99 send 96 1300 16 0
99 send 98 1100 16 0
99 wait 97 100 1100
99 wait 99 100 1300
99 irecv 103 2100 200 0
99 irecv 127 2300 200 0
99 send 103 2300 40 0
99 send 127 2100 40 0
99 wait 104 100 2100
99 wait 128 100 2300
99 irecv 131 3100 200 0
99 irecv 67 3300 200 0
99 send 131 3300 60 0
99 send 67 3100 60 0
99 wait 132 100 3100
99 wait 68 100 3300
99 irecv 96 1100 200 0
99 irecv 98 1300 200 0
99 send 96 1300 16 0
99 send 98 1100 16 0
99 wait 97 100 1100
99 wait 99 100 1300
99 irecv 103 2100 200 0
99 irecv 127 2300 200 0
99 send 103 2300 40 0
99 send 127 2100 40 0
99 wait 104 100 2100
99 wait 128 100 2300
99 irecv 131 3100 200 0
99 irecv 67 3300 200 0
99 send 131 3300 60 0
99 send 67 3100 60 0
99 wait 132 100 3100
99 wait 68 100 3300
99 irecv 96 1100 200 0
99 irecv 98 1300 200 0
99 send 96 1300 16 0
99 send 98 1100 16 0
99 wait 97 100 1100
99 wait 99 100 1300
99 irecv 103 2100 200 0
99 irecv 127 2300 200 0
99 send 103 2300 40 0
99 send 127 2100 40 0
99 wait 104 100 2100
99 wait 128 100 2300
99 irecv 131 3100 200 0
99 irecv 67 3300 200 0
99 send 131 3300 60 0
99 send 67 3100 60 0
99 wait 132 100 3100
99 wait 68 100 3300
99 irecv 96 1100 200 0
99 irecv 98 1300 200 0
99 send 96 1300 4 0
99 send 98 1100 4 0
99 wait 97 100 1100
99 wait 99 100 1300
99 irecv 103 2100 200 0
99 irecv 127 2300 200 0
99 send 103 2300 12 0
99 send 127 2100 12 0
99 wait 104 100 2100
99 wait 128 100 2300
99 irecv 131 3100 200 0
99 irecv 67 3300 200 0
99 send 131 3300 24 0
99 send 67 3100 24 0
99 wait 132 100 3100
99 wait 68 100 3300
99 irecv 96 1100 200 0
99 irecv 98 1300 200 0
99 send 96 1300 1 0
99 send 98 1100 1 0
99 wait 97 100 1100
99 wait 99 100 1300
99 irecv 103 2100 200 0
99 irecv 127 2300 200 0
99 send 103 2300 4 0
99 send 127 2100 4 0
99 wait 104 100 2100
99 wait 128 100 2300
99 irecv 131 3100 200 0
99 irecv 67 3300 200 0
99 send 131 3300 12 0
99 send 67 3100 12 0
99 wait 132 100 3100
99 wait 68 100 3300
99 send 96 1300 12 0
99 send 98 1100 6 0
99 send 163 3300 12 0
99 send 35 3100 6 0
99 irecv 103 2100 200 0
99 irecv 127 2300 200 0
99 wait 104 100 2100
99 wait 128 100 2300
99 send 131 3300 24 0
99 send 67 3100 12 0
99 irecv 96 1100 200 0
99 irecv 98 1300 200 0
99 send 96 1300 1 0
99 send 98 1100 1 0
99 wait 97 100 1100
99 wait 99 100 1300
99 irecv 103 2100 200 0
99 irecv 127 2300 200 0
99 send 103 2300 4 0
99 send 127 2100 4 0
99 wait 104 100 2100
99 wait 128 100 2300
99 irecv 131 3100 200 0
99 irecv 67 3300 200 0
99 send 131 3300 12 0
99 send 67 3100 12 0
99 wait 132 100 3100
99 wait 68 100 3300
99 irecv 96 1100 200 0
99 irecv 98 1300 200 0
99 send 96 1300 1 0
99 send 98 1100 1 0
99 wait 97 100 1100
99 wait 99 100 1300
99 irecv 103 2100 200 0
99 irecv 127 2300 200 0
99 send 103 2300 4 0
99 send 127 2100 4 0
99 wait 104 100 2100
99 wait 128 100 2300
99 irecv 131 3100 200 0
99 irecv 67 3300 200 0
99 send 131 3300 12 0
99 send 67 3100 12 0
99 wait 132 100 3100
99 wait 68 100 3300
99 irecv 96 1100 200 0
99 irecv 98 1300 200 0
99 send 96 1300 4 0
99 send 98 1100 4 0
99 wait 97 100 1100
99 wait 99 100 1300
99 irecv 103 2100 200 0
99 irecv 127 2300 200 0
99 send 103 2300 12 0
99 send 127 2100 12 0
99 wait 104 100 2100
99 wait 128 100 2300
99 irecv 131 3100 200 0
99 irecv 67 3300 200 0
99 send 131 3300 24 0
99 send 67 3100 24 0
99 wait 132 100 3100
99 wait 68 100 3300
99 irecv 96 1100 200 0
99 irecv 98 1300 200 0
99 send 96 1300 4 0
99 send 98 1100 4 0
99 wait 97 100 1100
99 wait 99 100 1300
99 irecv 103 2100 200 0
99 irecv 127 2300 200 0
99 send 103 2300 12 0
99 send 127 2100 12 0
99 wait 104 100 2100
99 wait 128 100 2300
99 irecv 131 3100 200 0
99 irecv 67 3300 200 0
99 send 131 3300 24 0
99 send 67 3100 24 0
99 wait 132 100 3100
99 wait 68 100 3300
99 irecv 96 1100 200 0
99 irecv 98 1300 200 0
99 send 96 1300 16 0
99 send 98 1100 16 0
99 wait 97 100 1100
99 wait 99 100 1300
99 irecv 103 2100 200 0
99 irecv 127 2300 200 0
99 send 103 2300 40 0
99 send 127 2100 40 0
99 wait 104 100 2100
99 wait 128 100 2300
99 irecv 131 3100 200 0
99 irecv 67 3300 200 0
99 send 131 3300 60 0
99 send 67 3100 60 0
99 wait 132 100 3100
99 wait 68 100 3300
99 irecv 96 1100 200 0
99 irecv 98 1300 200 0
99 send 96 1300 16 0
99 send 98 1100 16 0
99 wait 97 100 1100
99 wait 99 100 1300
99 irecv 103 2100 200 0
99 irecv 127 2300 200 0
99 send 103 2300 40 0
99 send 127 2100 40 0
99 wait 104 100 2100
99 wait 128 100 2300
99 irecv 131 3100 200 0
99 irecv 67 3300 200 0
99 send 131 3300 60 0
99 send 67 3100 60 0
99 wait 132 100 3100
99 wait 68 100 3300
99 irecv 96 1100 200 0
99 irecv 98 1300 200 0
99 send 96 1300 16 0
99 send 98 1100 16 0
99 wait 97 100 1100
99 wait 99 100 1300
99 irecv 103 2100 200 0
99 irecv 127 2300 200 0
99 send 103 2300 40 0
99 send 127 2100 40 0
99 wait 104 100 2100
99 wait 128 100 2300
99 irecv 131 3100 200 0
99 irecv 67 3300 200 0
99 send 131 3300 60 0
99 send 67 3100 60 0
99 wait 132 100 3100
99 wait 68 100 3300
99 allreduce 1 0 0 
99 allreduce 1 0 0 
99 reduce 1 0 0 0 
99 finalize
