224 init
224 barrier
224 bcast 1 0 1 
224 bcast 1 0 1 
224 bcast 1 0 1 
224 bcast 1 0 1 
224 bcast 1 0 1 
224 bcast 8 0 1 
224 bcast 1 0 16 
224 barrier
224 allreduce 1 0 0 
224 allreduce 4 0 1 
224 allreduce 1 0 0 
224 allreduce 4 0 1 
224 allreduce 1 0 0 
224 allreduce 4 0 1 
224 allreduce 1 0 0 
224 allreduce 4 0 1 
224 allreduce 1 0 0 
224 allreduce 4 0 1 
224 allreduce 1 0 0 
224 allreduce 4 0 1 
224 allreduce 1 0 0 
224 allreduce 4 0 1 
224 allreduce 1 0 0 
224 allreduce 4 0 1 
224 allreduce 1 0 0 
224 allreduce 4 0 1 
224 allreduce 1 0 0 
224 allreduce 4 0 1 
224 allreduce 1 0 0 
224 allreduce 4 0 1 
224 allreduce 1 0 0 
224 allreduce 4 0 1 
224 allreduce 1 0 0 
224 allreduce 4 0 1 
224 allreduce 1 0 0 
224 allreduce 4 0 1 
224 allreduce 1 0 0 
224 allreduce 4 0 1 
224 allreduce 1 0 0 
224 allreduce 4 0 1 
224 allreduce 1 0 0 
224 allreduce 4 0 1 
224 allreduce 1 0 0 
224 allreduce 4 0 1 
224 allreduce 1 0 0 
224 allreduce 4 0 1 
224 allreduce 1 0 0 
224 allreduce 4 0 1 
224 barrier
224 irecv 225 1100 200 0
224 irecv 227 1300 200 0
224 send 225 1300 16 0
224 send 227 1100 16 0
224 wait 226 225 1100
224 wait 228 225 1300
224 irecv 228 2100 200 0
224 irecv 252 2300 200 0
224 send 228 2300 40 0
224 send 252 2100 40 0
224 wait 229 225 2100
224 wait 253 225 2300
224 irecv 0 3100 200 0
224 irecv 192 3300 200 0
224 send 0 3300 60 0
224 send 192 3100 60 0
224 wait 1 225 3100
224 wait 193 225 3300
224 allreduce 1 0 0 
224 allreduce 1 0 0 
224 irecv 225 1100 200 0
224 irecv 227 1300 200 0
224 send 225 1300 16 0
224 send 227 1100 16 0
224 wait 226 225 1100
224 wait 228 225 1300
224 irecv 228 2100 200 0
224 irecv 252 2300 200 0
224 send 228 2300 40 0
224 send 252 2100 40 0
224 wait 229 225 2100
224 wait 253 225 2300
224 irecv 0 3100 200 0
224 irecv 192 3300 200 0
224 send 0 3300 60 0
224 send 192 3100 60 0
224 wait 1 225 3100
224 wait 193 225 3300
224 allreduce 1 0 0 
224 allreduce 1 0 0 
224 irecv 225 1100 200 0
224 irecv 227 1300 200 0
224 send 225 1300 4 0
224 send 227 1100 4 0
224 wait 226 225 1100
224 wait 228 225 1300
224 irecv 228 2100 200 0
224 irecv 252 2300 200 0
224 send 228 2300 12 0
224 send 252 2100 12 0
224 wait 229 225 2100
224 wait 253 225 2300
224 irecv 0 3100 200 0
224 irecv 192 3300 200 0
224 send 0 3300 24 0
224 send 192 3100 24 0
224 wait 1 225 3100
224 wait 193 225 3300
224 irecv 225 1100 200 0
224 irecv 227 1300 200 0
224 send 225 1300 1 0
224 send 227 1100 1 0
224 wait 226 225 1100
224 wait 228 225 1300
224 irecv 228 2100 200 0
224 irecv 252 2300 200 0
224 send 228 2300 4 0
224 send 252 2100 4 0
224 wait 229 225 2100
224 wait 253 225 2300
224 irecv 0 3100 200 0
224 irecv 192 3300 200 0
224 send 0 3300 12 0
224 send 192 3100 12 0
224 wait 1 225 3100
224 wait 193 225 3300
224 irecv 225 1100 200 0
224 irecv 227 1300 200 0
224 wait 226 225 1100
224 wait 228 225 1300
224 send 32 3300 12 0
224 send 160 3100 6 0
224 irecv 228 2100 200 0
224 irecv 252 2300 200 0
224 wait 229 225 2100
224 wait 253 225 2300
224 send 0 3300 24 0
224 send 192 3100 12 0
224 irecv 225 1100 200 0
224 irecv 227 1300 200 0
224 send 225 1300 1 0
224 send 227 1100 1 0
224 wait 226 225 1100
224 wait 228 225 1300
224 irecv 228 2100 200 0
224 irecv 252 2300 200 0
224 send 228 2300 4 0
224 send 252 2100 4 0
224 wait 229 225 2100
224 wait 253 225 2300
224 irecv 0 3100 200 0
224 irecv 192 3300 200 0
224 send 0 3300 12 0
224 send 192 3100 12 0
224 wait 1 225 3100
224 wait 193 225 3300
224 irecv 225 1100 200 0
224 irecv 227 1300 200 0
224 send 225 1300 1 0
224 send 227 1100 1 0
224 wait 226 225 1100
224 wait 228 225 1300
224 irecv 228 2100 200 0
224 irecv 252 2300 200 0
224 send 228 2300 4 0
224 send 252 2100 4 0
224 wait 229 225 2100
224 wait 253 225 2300
224 irecv 0 3100 200 0
224 irecv 192 3300 200 0
224 send 0 3300 12 0
224 send 192 3100 12 0
224 wait 1 225 3100
224 wait 193 225 3300
224 irecv 225 1100 200 0
224 irecv 227 1300 200 0
224 send 225 1300 4 0
224 send 227 1100 4 0
224 wait 226 225 1100
224 wait 228 225 1300
224 irecv 228 2100 200 0
224 irecv 252 2300 200 0
224 send 228 2300 12 0
224 send 252 2100 12 0
224 wait 229 225 2100
224 wait 253 225 2300
224 irecv 0 3100 200 0
224 irecv 192 3300 200 0
224 send 0 3300 24 0
224 send 192 3100 24 0
224 wait 1 225 3100
224 wait 193 225 3300
224 irecv 225 1100 200 0
224 irecv 227 1300 200 0
224 send 225 1300 4 0
224 send 227 1100 4 0
224 wait 226 225 1100
224 wait 228 225 1300
224 irecv 228 2100 200 0
224 irecv 252 2300 200 0
224 send 228 2300 12 0
224 send 252 2100 12 0
224 wait 229 225 2100
224 wait 253 225 2300
224 irecv 0 3100 200 0
224 irecv 192 3300 200 0
224 send 0 3300 24 0
224 send 192 3100 24 0
224 wait 1 225 3100
224 wait 193 225 3300
224 irecv 225 1100 200 0
224 irecv 227 1300 200 0
224 send 225 1300 16 0
224 send 227 1100 16 0
224 wait 226 225 1100
224 wait 228 225 1300
224 irecv 228 2100 200 0
224 irecv 252 2300 200 0
224 send 228 2300 40 0
224 send 252 2100 40 0
224 wait 229 225 2100
224 wait 253 225 2300
224 irecv 0 3100 200 0
224 irecv 192 3300 200 0
224 send 0 3300 60 0
224 send 192 3100 60 0
224 wait 1 225 3100
224 wait 193 225 3300
224 irecv 225 1100 200 0
224 irecv 227 1300 200 0
224 send 225 1300 16 0
224 send 227 1100 16 0
224 wait 226 225 1100
224 wait 228 225 1300
224 irecv 228 2100 200 0
224 irecv 252 2300 200 0
224 send 228 2300 40 0
224 send 252 2100 40 0
224 wait 229 225 2100
224 wait 253 225 2300
224 irecv 0 3100 200 0
224 irecv 192 3300 200 0
224 send 0 3300 60 0
224 send 192 3100 60 0
224 wait 1 225 3100
224 wait 193 225 3300
224 irecv 225 1100 200 0
224 irecv 227 1300 200 0
224 send 225 1300 16 0
224 send 227 1100 16 0
224 wait 226 225 1100
224 wait 228 225 1300
224 irecv 228 2100 200 0
224 irecv 252 2300 200 0
224 send 228 2300 40 0
224 send 252 2100 40 0
224 wait 229 225 2100
224 wait 253 225 2300
224 irecv 0 3100 200 0
224 irecv 192 3300 200 0
224 send 0 3300 60 0
224 send 192 3100 60 0
224 wait 1 225 3100
224 wait 193 225 3300
224 barrier
224 allreduce 1 0 0 
224 allreduce 4 0 1 
224 allreduce 1 0 0 
224 allreduce 4 0 1 
224 allreduce 1 0 0 
224 allreduce 4 0 1 
224 allreduce 1 0 0 
224 allreduce 4 0 1 
224 allreduce 1 0 0 
224 allreduce 4 0 1 
224 allreduce 1 0 0 
224 allreduce 4 0 1 
224 allreduce 1 0 0 
224 allreduce 4 0 1 
224 allreduce 1 0 0 
224 allreduce 4 0 1 
224 allreduce 1 0 0 
224 allreduce 4 0 1 
224 allreduce 1 0 0 
224 allreduce 4 0 1 
224 allreduce 1 0 0 
224 allreduce 4 0 1 
224 allreduce 1 0 0 
224 allreduce 4 0 1 
224 allreduce 1 0 0 
224 allreduce 4 0 1 
224 allreduce 1 0 0 
224 allreduce 4 0 1 
224 allreduce 1 0 0 
224 allreduce 4 0 1 
224 allreduce 1 0 0 
224 allreduce 4 0 1 
224 allreduce 1 0 0 
224 allreduce 4 0 1 
224 allreduce 1 0 0 
224 allreduce 4 0 1 
224 allreduce 1 0 0 
224 allreduce 4 0 1 
224 allreduce 1 0 0 
224 allreduce 4 0 1 
224 barrier
224 irecv 225 1100 200 0
224 irecv 227 1300 200 0
224 send 225 1300 16 0
224 send 227 1100 16 0
224 wait 226 225 1100
224 wait 228 225 1300
224 irecv 228 2100 200 0
224 irecv 252 2300 200 0
224 send 228 2300 40 0
224 send 252 2100 40 0
224 wait 229 225 2100
224 wait 253 225 2300
224 irecv 0 3100 200 0
224 irecv 192 3300 200 0
224 send 0 3300 60 0
224 send 192 3100 60 0
224 wait 1 225 3100
224 wait 193 225 3300
224 barrier
224 irecv 225 1100 200 0
224 irecv 227 1300 200 0
224 send 225 1300 16 0
224 send 227 1100 16 0
224 wait 226 225 1100
224 wait 228 225 1300
224 irecv 228 2100 200 0
224 irecv 252 2300 200 0
224 send 228 2300 40 0
224 send 252 2100 40 0
224 wait 229 225 2100
224 wait 253 225 2300
224 irecv 0 3100 200 0
224 irecv 192 3300 200 0
224 send 0 3300 60 0
224 send 192 3100 60 0
224 wait 1 225 3100
224 wait 193 225 3300
224 allreduce 1 0 0 
224 allreduce 1 0 0 
224 irecv 225 1100 200 0
224 irecv 227 1300 200 0
224 send 225 1300 4 0
224 send 227 1100 4 0
224 wait 226 225 1100
224 wait 228 225 1300
224 irecv 228 2100 200 0
224 irecv 252 2300 200 0
224 send 228 2300 12 0
224 send 252 2100 12 0
224 wait 229 225 2100
224 wait 253 225 2300
224 irecv 0 3100 200 0
224 irecv 192 3300 200 0
224 send 0 3300 24 0
224 send 192 3100 24 0
224 wait 1 225 3100
224 wait 193 225 3300
224 irecv 225 1100 200 0
224 irecv 227 1300 200 0
224 send 225 1300 1 0
224 send 227 1100 1 0
224 wait 226 225 1100
224 wait 228 225 1300
224 irecv 228 2100 200 0
224 irecv 252 2300 200 0
224 send 228 2300 4 0
224 send 252 2100 4 0
224 wait 229 225 2100
224 wait 253 225 2300
224 irecv 0 3100 200 0
224 irecv 192 3300 200 0
224 send 0 3300 12 0
224 send 192 3100 12 0
224 wait 1 225 3100
224 wait 193 225 3300
224 irecv 225 1100 200 0
224 irecv 227 1300 200 0
224 wait 226 225 1100
224 wait 228 225 1300
224 send 32 3300 12 0
224 send 160 3100 6 0
224 irecv 228 2100 200 0
224 irecv 252 2300 200 0
224 wait 229 225 2100
224 wait 253 225 2300
224 send 0 3300 24 0
224 send 192 3100 12 0
224 irecv 225 1100 200 0
224 irecv 227 1300 200 0
224 send 225 1300 1 0
224 send 227 1100 1 0
224 wait 226 225 1100
224 wait 228 225 1300
224 irecv 228 2100 200 0
224 irecv 252 2300 200 0
224 send 228 2300 4 0
224 send 252 2100 4 0
224 wait 229 225 2100
224 wait 253 225 2300
224 irecv 0 3100 200 0
224 irecv 192 3300 200 0
224 send 0 3300 12 0
224 send 192 3100 12 0
224 wait 1 225 3100
224 wait 193 225 3300
224 irecv 225 1100 200 0
224 irecv 227 1300 200 0
224 send 225 1300 1 0
224 send 227 1100 1 0
224 wait 226 225 1100
224 wait 228 225 1300
224 irecv 228 2100 200 0
224 irecv 252 2300 200 0
224 send 228 2300 4 0
224 send 252 2100 4 0
224 wait 229 225 2100
224 wait 253 225 2300
224 irecv 0 3100 200 0
224 irecv 192 3300 200 0
224 send 0 3300 12 0
224 send 192 3100 12 0
224 wait 1 225 3100
224 wait 193 225 3300
224 irecv 225 1100 200 0
224 irecv 227 1300 200 0
224 send 225 1300 4 0
224 send 227 1100 4 0
224 wait 226 225 1100
224 wait 228 225 1300
224 irecv 228 2100 200 0
224 irecv 252 2300 200 0
224 send 228 2300 12 0
224 send 252 2100 12 0
224 wait 229 225 2100
224 wait 253 225 2300
224 irecv 0 3100 200 0
224 irecv 192 3300 200 0
224 send 0 3300 24 0
224 send 192 3100 24 0
224 wait 1 225 3100
224 wait 193 225 3300
224 irecv 225 1100 200 0
224 irecv 227 1300 200 0
224 send 225 1300 4 0
224 send 227 1100 4 0
224 wait 226 225 1100
224 wait 228 225 1300
224 irecv 228 2100 200 0
224 irecv 252 2300 200 0
224 send 228 2300 12 0
224 send 252 2100 12 0
224 wait 229 225 2100
224 wait 253 225 2300
224 irecv 0 3100 200 0
224 irecv 192 3300 200 0
224 send 0 3300 24 0
224 send 192 3100 24 0
224 wait 1 225 3100
224 wait 193 225 3300
224 irecv 225 1100 200 0
224 irecv 227 1300 200 0
224 send 225 1300 16 0
224 send 227 1100 16 0
224 wait 226 225 1100
224 wait 228 225 1300
224 irecv 228 2100 200 0
224 irecv 252 2300 200 0
224 send 228 2300 40 0
224 send 252 2100 40 0
224 wait 229 225 2100
224 wait 253 225 2300
224 irecv 0 3100 200 0
224 irecv 192 3300 200 0
224 send 0 3300 60 0
224 send 192 3100 60 0
224 wait 1 225 3100
224 wait 193 225 3300
224 irecv 225 1100 200 0
224 irecv 227 1300 200 0
224 send 225 1300 16 0
224 send 227 1100 16 0
224 wait 226 225 1100
224 wait 228 225 1300
224 irecv 228 2100 200 0
224 irecv 252 2300 200 0
224 send 228 2300 40 0
224 send 252 2100 40 0
224 wait 229 225 2100
224 wait 253 225 2300
224 irecv 0 3100 200 0
224 irecv 192 3300 200 0
224 send 0 3300 60 0
224 send 192 3100 60 0
224 wait 1 225 3100
224 wait 193 225 3300
224 irecv 225 1100 200 0
224 irecv 227 1300 200 0
224 send 225 1300 16 0
224 send 227 1100 16 0
224 wait 226 225 1100
224 wait 228 225 1300
224 irecv 228 2100 200 0
224 irecv 252 2300 200 0
224 send 228 2300 40 0
224 send 252 2100 40 0
224 wait 229 225 2100
224 wait 253 225 2300
224 irecv 0 3100 200 0
224 irecv 192 3300 200 0
224 send 0 3300 60 0
224 send 192 3100 60 0
224 wait 1 225 3100
224 wait 193 225 3300
224 irecv 225 1100 200 0
224 irecv 227 1300 200 0
224 send 225 1300 4 0
224 send 227 1100 4 0
224 wait 226 225 1100
224 wait 228 225 1300
224 irecv 228 2100 200 0
224 irecv 252 2300 200 0
224 send 228 2300 12 0
224 send 252 2100 12 0
224 wait 229 225 2100
224 wait 253 225 2300
224 irecv 0 3100 200 0
224 irecv 192 3300 200 0
224 send 0 3300 24 0
224 send 192 3100 24 0
224 wait 1 225 3100
224 wait 193 225 3300
224 irecv 225 1100 200 0
224 irecv 227 1300 200 0
224 send 225 1300 1 0
224 send 227 1100 1 0
224 wait 226 225 1100
224 wait 228 225 1300
224 irecv 228 2100 200 0
224 irecv 252 2300 200 0
224 send 228 2300 4 0
224 send 252 2100 4 0
224 wait 229 225 2100
224 wait 253 225 2300
224 irecv 0 3100 200 0
224 irecv 192 3300 200 0
224 send 0 3300 12 0
224 send 192 3100 12 0
224 wait 1 225 3100
224 wait 193 225 3300
224 irecv 225 1100 200 0
224 irecv 227 1300 200 0
224 wait 226 225 1100
224 wait 228 225 1300
224 send 32 3300 12 0
224 send 160 3100 6 0
224 irecv 228 2100 200 0
224 irecv 252 2300 200 0
224 wait 229 225 2100
224 wait 253 225 2300
224 send 0 3300 24 0
224 send 192 3100 12 0
224 irecv 225 1100 200 0
224 irecv 227 1300 200 0
224 send 225 1300 1 0
224 send 227 1100 1 0
224 wait 226 225 1100
224 wait 228 225 1300
224 irecv 228 2100 200 0
224 irecv 252 2300 200 0
224 send 228 2300 4 0
224 send 252 2100 4 0
224 wait 229 225 2100
224 wait 253 225 2300
224 irecv 0 3100 200 0
224 irecv 192 3300 200 0
224 send 0 3300 12 0
224 send 192 3100 12 0
224 wait 1 225 3100
224 wait 193 225 3300
224 irecv 225 1100 200 0
224 irecv 227 1300 200 0
224 send 225 1300 1 0
224 send 227 1100 1 0
224 wait 226 225 1100
224 wait 228 225 1300
224 irecv 228 2100 200 0
224 irecv 252 2300 200 0
224 send 228 2300 4 0
224 send 252 2100 4 0
224 wait 229 225 2100
224 wait 253 225 2300
224 irecv 0 3100 200 0
224 irecv 192 3300 200 0
224 send 0 3300 12 0
224 send 192 3100 12 0
224 wait 1 225 3100
224 wait 193 225 3300
224 irecv 225 1100 200 0
224 irecv 227 1300 200 0
224 send 225 1300 4 0
224 send 227 1100 4 0
224 wait 226 225 1100
224 wait 228 225 1300
224 irecv 228 2100 200 0
224 irecv 252 2300 200 0
224 send 228 2300 12 0
224 send 252 2100 12 0
224 wait 229 225 2100
224 wait 253 225 2300
224 irecv 0 3100 200 0
224 irecv 192 3300 200 0
224 send 0 3300 24 0
224 send 192 3100 24 0
224 wait 1 225 3100
224 wait 193 225 3300
224 irecv 225 1100 200 0
224 irecv 227 1300 200 0
224 send 225 1300 4 0
224 send 227 1100 4 0
224 wait 226 225 1100
224 wait 228 225 1300
224 irecv 228 2100 200 0
224 irecv 252 2300 200 0
224 send 228 2300 12 0
224 send 252 2100 12 0
224 wait 229 225 2100
224 wait 253 225 2300
224 irecv 0 3100 200 0
224 irecv 192 3300 200 0
224 send 0 3300 24 0
224 send 192 3100 24 0
224 wait 1 225 3100
224 wait 193 225 3300
224 irecv 225 1100 200 0
224 irecv 227 1300 200 0
224 send 225 1300 16 0
224 send 227 1100 16 0
224 wait 226 225 1100
224 wait 228 225 1300
224 irecv 228 2100 200 0
224 irecv 252 2300 200 0
224 send 228 2300 40 0
224 send 252 2100 40 0
224 wait 229 225 2100
224 wait 253 225 2300
224 irecv 0 3100 200 0
224 irecv 192 3300 200 0
224 send 0 3300 60 0
224 send 192 3100 60 0
224 wait 1 225 3100
224 wait 193 225 3300
224 irecv 225 1100 200 0
224 irecv 227 1300 200 0
224 send 225 1300 16 0
224 send 227 1100 16 0
224 wait 226 225 1100
224 wait 228 225 1300
224 irecv 228 2100 200 0
224 irecv 252 2300 200 0
224 send 228 2300 40 0
224 send 252 2100 40 0
224 wait 229 225 2100
224 wait 253 225 2300
224 irecv 0 3100 200 0
224 irecv 192 3300 200 0
224 send 0 3300 60 0
224 send 192 3100 60 0
224 wait 1 225 3100
224 wait 193 225 3300
224 irecv 225 1100 200 0
224 irecv 227 1300 200 0
224 send 225 1300 16 0
224 send 227 1100 16 0
224 wait 226 225 1100
224 wait 228 225 1300
224 irecv 228 2100 200 0
224 irecv 252 2300 200 0
224 send 228 2300 40 0
224 send 252 2100 40 0
224 wait 229 225 2100
224 wait 253 225 2300
224 irecv 0 3100 200 0
224 irecv 192 3300 200 0
224 send 0 3300 60 0
224 send 192 3100 60 0
224 wait 1 225 3100
224 wait 193 225 3300
224 irecv 225 1100 200 0
224 irecv 227 1300 200 0
224 send 225 1300 4 0
224 send 227 1100 4 0
224 wait 226 225 1100
224 wait 228 225 1300
224 irecv 228 2100 200 0
224 irecv 252 2300 200 0
224 send 228 2300 12 0
224 send 252 2100 12 0
224 wait 229 225 2100
224 wait 253 225 2300
224 irecv 0 3100 200 0
224 irecv 192 3300 200 0
224 send 0 3300 24 0
224 send 192 3100 24 0
224 wait 1 225 3100
224 wait 193 225 3300
224 irecv 225 1100 200 0
224 irecv 227 1300 200 0
224 send 225 1300 1 0
224 send 227 1100 1 0
224 wait 226 225 1100
224 wait 228 225 1300
224 irecv 228 2100 200 0
224 irecv 252 2300 200 0
224 send 228 2300 4 0
224 send 252 2100 4 0
224 wait 229 225 2100
224 wait 253 225 2300
224 irecv 0 3100 200 0
224 irecv 192 3300 200 0
224 send 0 3300 12 0
224 send 192 3100 12 0
224 wait 1 225 3100
224 wait 193 225 3300
224 irecv 225 1100 200 0
224 irecv 227 1300 200 0
224 wait 226 225 1100
224 wait 228 225 1300
224 send 32 3300 12 0
224 send 160 3100 6 0
224 irecv 228 2100 200 0
224 irecv 252 2300 200 0
224 wait 229 225 2100
224 wait 253 225 2300
224 send 0 3300 24 0
224 send 192 3100 12 0
224 irecv 225 1100 200 0
224 irecv 227 1300 200 0
224 send 225 1300 1 0
224 send 227 1100 1 0
224 wait 226 225 1100
224 wait 228 225 1300
224 irecv 228 2100 200 0
224 irecv 252 2300 200 0
224 send 228 2300 4 0
224 send 252 2100 4 0
224 wait 229 225 2100
224 wait 253 225 2300
224 irecv 0 3100 200 0
224 irecv 192 3300 200 0
224 send 0 3300 12 0
224 send 192 3100 12 0
224 wait 1 225 3100
224 wait 193 225 3300
224 irecv 225 1100 200 0
224 irecv 227 1300 200 0
224 send 225 1300 1 0
224 send 227 1100 1 0
224 wait 226 225 1100
224 wait 228 225 1300
224 irecv 228 2100 200 0
224 irecv 252 2300 200 0
224 send 228 2300 4 0
224 send 252 2100 4 0
224 wait 229 225 2100
224 wait 253 225 2300
224 irecv 0 3100 200 0
224 irecv 192 3300 200 0
224 send 0 3300 12 0
224 send 192 3100 12 0
224 wait 1 225 3100
224 wait 193 225 3300
224 irecv 225 1100 200 0
224 irecv 227 1300 200 0
224 send 225 1300 4 0
224 send 227 1100 4 0
224 wait 226 225 1100
224 wait 228 225 1300
224 irecv 228 2100 200 0
224 irecv 252 2300 200 0
224 send 228 2300 12 0
224 send 252 2100 12 0
224 wait 229 225 2100
224 wait 253 225 2300
224 irecv 0 3100 200 0
224 irecv 192 3300 200 0
224 send 0 3300 24 0
224 send 192 3100 24 0
224 wait 1 225 3100
224 wait 193 225 3300
224 irecv 225 1100 200 0
224 irecv 227 1300 200 0
224 send 225 1300 4 0
224 send 227 1100 4 0
224 wait 226 225 1100
224 wait 228 225 1300
224 irecv 228 2100 200 0
224 irecv 252 2300 200 0
224 send 228 2300 12 0
224 send 252 2100 12 0
224 wait 229 225 2100
224 wait 253 225 2300
224 irecv 0 3100 200 0
224 irecv 192 3300 200 0
224 send 0 3300 24 0
224 send 192 3100 24 0
224 wait 1 225 3100
224 wait 193 225 3300
224 irecv 225 1100 200 0
224 irecv 227 1300 200 0
224 send 225 1300 16 0
224 send 227 1100 16 0
224 wait 226 225 1100
224 wait 228 225 1300
224 irecv 228 2100 200 0
224 irecv 252 2300 200 0
224 send 228 2300 40 0
224 send 252 2100 40 0
224 wait 229 225 2100
224 wait 253 225 2300
224 irecv 0 3100 200 0
224 irecv 192 3300 200 0
224 send 0 3300 60 0
224 send 192 3100 60 0
224 wait 1 225 3100
224 wait 193 225 3300
224 irecv 225 1100 200 0
224 irecv 227 1300 200 0
224 send 225 1300 16 0
224 send 227 1100 16 0
224 wait 226 225 1100
224 wait 228 225 1300
224 irecv 228 2100 200 0
224 irecv 252 2300 200 0
224 send 228 2300 40 0
224 send 252 2100 40 0
224 wait 229 225 2100
224 wait 253 225 2300
224 irecv 0 3100 200 0
224 irecv 192 3300 200 0
224 send 0 3300 60 0
224 send 192 3100 60 0
224 wait 1 225 3100
224 wait 193 225 3300
224 irecv 225 1100 200 0
224 irecv 227 1300 200 0
224 send 225 1300 16 0
224 send 227 1100 16 0
224 wait 226 225 1100
224 wait 228 225 1300
224 irecv 228 2100 200 0
224 irecv 252 2300 200 0
224 send 228 2300 40 0
224 send 252 2100 40 0
224 wait 229 225 2100
224 wait 253 225 2300
224 irecv 0 3100 200 0
224 irecv 192 3300 200 0
224 send 0 3300 60 0
224 send 192 3100 60 0
224 wait 1 225 3100
224 wait 193 225 3300
224 irecv 225 1100 200 0
224 irecv 227 1300 200 0
224 send 225 1300 4 0
224 send 227 1100 4 0
224 wait 226 225 1100
224 wait 228 225 1300
224 irecv 228 2100 200 0
224 irecv 252 2300 200 0
224 send 228 2300 12 0
224 send 252 2100 12 0
224 wait 229 225 2100
224 wait 253 225 2300
224 irecv 0 3100 200 0
224 irecv 192 3300 200 0
224 send 0 3300 24 0
224 send 192 3100 24 0
224 wait 1 225 3100
224 wait 193 225 3300
224 irecv 225 1100 200 0
224 irecv 227 1300 200 0
224 send 225 1300 1 0
224 send 227 1100 1 0
224 wait 226 225 1100
224 wait 228 225 1300
224 irecv 228 2100 200 0
224 irecv 252 2300 200 0
224 send 228 2300 4 0
224 send 252 2100 4 0
224 wait 229 225 2100
224 wait 253 225 2300
224 irecv 0 3100 200 0
224 irecv 192 3300 200 0
224 send 0 3300 12 0
224 send 192 3100 12 0
224 wait 1 225 3100
224 wait 193 225 3300
224 irecv 225 1100 200 0
224 irecv 227 1300 200 0
224 wait 226 225 1100
224 wait 228 225 1300
224 send 32 3300 12 0
224 send 160 3100 6 0
224 irecv 228 2100 200 0
224 irecv 252 2300 200 0
224 wait 229 225 2100
224 wait 253 225 2300
224 send 0 3300 24 0
224 send 192 3100 12 0
224 irecv 225 1100 200 0
224 irecv 227 1300 200 0
224 send 225 1300 1 0
224 send 227 1100 1 0
224 wait 226 225 1100
224 wait 228 225 1300
224 irecv 228 2100 200 0
224 irecv 252 2300 200 0
224 send 228 2300 4 0
224 send 252 2100 4 0
224 wait 229 225 2100
224 wait 253 225 2300
224 irecv 0 3100 200 0
224 irecv 192 3300 200 0
224 send 0 3300 12 0
224 send 192 3100 12 0
224 wait 1 225 3100
224 wait 193 225 3300
224 irecv 225 1100 200 0
224 irecv 227 1300 200 0
224 send 225 1300 1 0
224 send 227 1100 1 0
224 wait 226 225 1100
224 wait 228 225 1300
224 irecv 228 2100 200 0
224 irecv 252 2300 200 0
224 send 228 2300 4 0
224 send 252 2100 4 0
224 wait 229 225 2100
224 wait 253 225 2300
224 irecv 0 3100 200 0
224 irecv 192 3300 200 0
224 send 0 3300 12 0
224 send 192 3100 12 0
224 wait 1 225 3100
224 wait 193 225 3300
224 irecv 225 1100 200 0
224 irecv 227 1300 200 0
224 send 225 1300 4 0
224 send 227 1100 4 0
224 wait 226 225 1100
224 wait 228 225 1300
224 irecv 228 2100 200 0
224 irecv 252 2300 200 0
224 send 228 2300 12 0
224 send 252 2100 12 0
224 wait 229 225 2100
224 wait 253 225 2300
224 irecv 0 3100 200 0
224 irecv 192 3300 200 0
224 send 0 3300 24 0
224 send 192 3100 24 0
224 wait 1 225 3100
224 wait 193 225 3300
224 irecv 225 1100 200 0
224 irecv 227 1300 200 0
224 send 225 1300 4 0
224 send 227 1100 4 0
224 wait 226 225 1100
224 wait 228 225 1300
224 irecv 228 2100 200 0
224 irecv 252 2300 200 0
224 send 228 2300 12 0
224 send 252 2100 12 0
224 wait 229 225 2100
224 wait 253 225 2300
224 irecv 0 3100 200 0
224 irecv 192 3300 200 0
224 send 0 3300 24 0
224 send 192 3100 24 0
224 wait 1 225 3100
224 wait 193 225 3300
224 irecv 225 1100 200 0
224 irecv 227 1300 200 0
224 send 225 1300 16 0
224 send 227 1100 16 0
224 wait 226 225 1100
224 wait 228 225 1300
224 irecv 228 2100 200 0
224 irecv 252 2300 200 0
224 send 228 2300 40 0
224 send 252 2100 40 0
224 wait 229 225 2100
224 wait 253 225 2300
224 irecv 0 3100 200 0
224 irecv 192 3300 200 0
224 send 0 3300 60 0
224 send 192 3100 60 0
224 wait 1 225 3100
224 wait 193 225 3300
224 irecv 225 1100 200 0
224 irecv 227 1300 200 0
224 send 225 1300 16 0
224 send 227 1100 16 0
224 wait 226 225 1100
224 wait 228 225 1300
224 irecv 228 2100 200 0
224 irecv 252 2300 200 0
224 send 228 2300 40 0
224 send 252 2100 40 0
224 wait 229 225 2100
224 wait 253 225 2300
224 irecv 0 3100 200 0
224 irecv 192 3300 200 0
224 send 0 3300 60 0
224 send 192 3100 60 0
224 wait 1 225 3100
224 wait 193 225 3300
224 irecv 225 1100 200 0
224 irecv 227 1300 200 0
224 send 225 1300 16 0
224 send 227 1100 16 0
224 wait 226 225 1100
224 wait 228 225 1300
224 irecv 228 2100 200 0
224 irecv 252 2300 200 0
224 send 228 2300 40 0
224 send 252 2100 40 0
224 wait 229 225 2100
224 wait 253 225 2300
224 irecv 0 3100 200 0
224 irecv 192 3300 200 0
224 send 0 3300 60 0
224 send 192 3100 60 0
224 wait 1 225 3100
224 wait 193 225 3300
224 allreduce 1 0 0 
224 allreduce 1 0 0 
224 reduce 1 0 0 0 
224 finalize
