42 init
42 barrier
42 bcast 1 0 1 
42 bcast 1 0 1 
42 bcast 1 0 1 
42 bcast 1 0 1 
42 bcast 1 0 1 
42 bcast 8 0 1 
42 bcast 1 0 16 
42 barrier
42 allreduce 1 0 0 
42 allreduce 4 0 1 
42 allreduce 1 0 0 
42 allreduce 4 0 1 
42 allreduce 1 0 0 
42 allreduce 4 0 1 
42 allreduce 1 0 0 
42 allreduce 4 0 1 
42 allreduce 1 0 0 
42 allreduce 4 0 1 
42 allreduce 1 0 0 
42 allreduce 4 0 1 
42 allreduce 1 0 0 
42 allreduce 4 0 1 
42 allreduce 1 0 0 
42 allreduce 4 0 1 
42 allreduce 1 0 0 
42 allreduce 4 0 1 
42 allreduce 1 0 0 
42 allreduce 4 0 1 
42 allreduce 1 0 0 
42 allreduce 4 0 1 
42 allreduce 1 0 0 
42 allreduce 4 0 1 
42 allreduce 1 0 0 
42 allreduce 4 0 1 
42 allreduce 1 0 0 
42 allreduce 4 0 1 
42 allreduce 1 0 0 
42 allreduce 4 0 1 
42 allreduce 1 0 0 
42 allreduce 4 0 1 
42 allreduce 1 0 0 
42 allreduce 4 0 1 
42 allreduce 1 0 0 
42 allreduce 4 0 1 
42 allreduce 1 0 0 
42 allreduce 4 0 1 
42 allreduce 1 0 0 
42 allreduce 4 0 1 
42 barrier
42 irecv 43 1100 200 0
42 irecv 41 1300 200 0
42 send 43 1300 16 0
42 send 41 1100 16 0
42 wait 44 43 1100
42 wait 42 43 1300
42 irecv 46 2100 200 0
42 irecv 38 2300 200 0
42 send 46 2300 40 0
42 send 38 2100 40 0
42 wait 47 43 2100
42 wait 39 43 2300
42 irecv 74 3100 200 0
42 irecv 10 3300 200 0
42 send 74 3300 60 0
42 send 10 3100 60 0
42 wait 75 43 3100
42 wait 11 43 3300
42 allreduce 1 0 0 
42 allreduce 1 0 0 
42 irecv 43 1100 200 0
42 irecv 41 1300 200 0
42 send 43 1300 16 0
42 send 41 1100 16 0
42 wait 44 43 1100
42 wait 42 43 1300
42 irecv 46 2100 200 0
42 irecv 38 2300 200 0
42 send 46 2300 40 0
42 send 38 2100 40 0
42 wait 47 43 2100
42 wait 39 43 2300
42 irecv 74 3100 200 0
42 irecv 10 3300 200 0
42 send 74 3300 60 0
42 send 10 3100 60 0
42 wait 75 43 3100
42 wait 11 43 3300
42 allreduce 1 0 0 
42 allreduce 1 0 0 
42 irecv 43 1100 200 0
42 irecv 41 1300 200 0
42 send 43 1300 4 0
42 send 41 1100 4 0
42 wait 44 43 1100
42 wait 42 43 1300
42 irecv 46 2100 200 0
42 irecv 38 2300 200 0
42 send 46 2300 12 0
42 send 38 2100 12 0
42 wait 47 43 2100
42 wait 39 43 2300
42 irecv 74 3100 200 0
42 irecv 10 3300 200 0
42 send 74 3300 24 0
42 send 10 3100 24 0
42 wait 75 43 3100
42 wait 11 43 3300
42 irecv 43 1100 200 0
42 irecv 41 1300 200 0
42 send 43 1300 1 0
42 send 41 1100 1 0
42 wait 44 43 1100
42 wait 42 43 1300
42 irecv 46 2100 200 0
42 irecv 38 2300 200 0
42 send 46 2300 4 0
42 send 38 2100 4 0
42 wait 47 43 2100
42 wait 39 43 2300
42 irecv 74 3100 200 0
42 irecv 10 3300 200 0
42 send 74 3300 12 0
42 send 10 3100 12 0
42 wait 75 43 3100
42 wait 11 43 3300
42 irecv 43 1100 200 0
42 irecv 41 1300 200 0
42 wait 44 43 1100
42 wait 42 43 1300
42 irecv 106 3100 200 0
42 irecv 234 3300 200 0
42 wait 107 43 3100
42 wait 235 43 3300
42 irecv 46 2100 200 0
42 irecv 38 2300 200 0
42 wait 47 43 2100
42 wait 39 43 2300
42 send 74 3300 24 0
42 send 10 3100 12 0
42 irecv 43 1100 200 0
42 irecv 41 1300 200 0
42 send 43 1300 1 0
42 send 41 1100 1 0
42 wait 44 43 1100
42 wait 42 43 1300
42 irecv 46 2100 200 0
42 irecv 38 2300 200 0
42 send 46 2300 4 0
42 send 38 2100 4 0
42 wait 47 43 2100
42 wait 39 43 2300
42 irecv 74 3100 200 0
42 irecv 10 3300 200 0
42 send 74 3300 12 0
42 send 10 3100 12 0
42 wait 75 43 3100
42 wait 11 43 3300
42 irecv 43 1100 200 0
42 irecv 41 1300 200 0
42 send 43 1300 1 0
42 send 41 1100 1 0
42 wait 44 43 1100
42 wait 42 43 1300
42 irecv 46 2100 200 0
42 irecv 38 2300 200 0
42 send 46 2300 4 0
42 send 38 2100 4 0
42 wait 47 43 2100
42 wait 39 43 2300
42 irecv 74 3100 200 0
42 irecv 10 3300 200 0
42 send 74 3300 12 0
42 send 10 3100 12 0
42 wait 75 43 3100
42 wait 11 43 3300
42 irecv 43 1100 200 0
42 irecv 41 1300 200 0
42 send 43 1300 4 0
42 send 41 1100 4 0
42 wait 44 43 1100
42 wait 42 43 1300
42 irecv 46 2100 200 0
42 irecv 38 2300 200 0
42 send 46 2300 12 0
42 send 38 2100 12 0
42 wait 47 43 2100
42 wait 39 43 2300
42 irecv 74 3100 200 0
42 irecv 10 3300 200 0
42 send 74 3300 24 0
42 send 10 3100 24 0
42 wait 75 43 3100
42 wait 11 43 3300
42 irecv 43 1100 200 0
42 irecv 41 1300 200 0
42 send 43 1300 4 0
42 send 41 1100 4 0
42 wait 44 43 1100
42 wait 42 43 1300
42 irecv 46 2100 200 0
42 irecv 38 2300 200 0
42 send 46 2300 12 0
42 send 38 2100 12 0
42 wait 47 43 2100
42 wait 39 43 2300
42 irecv 74 3100 200 0
42 irecv 10 3300 200 0
42 send 74 3300 24 0
42 send 10 3100 24 0
42 wait 75 43 3100
42 wait 11 43 3300
42 irecv 43 1100 200 0
42 irecv 41 1300 200 0
42 send 43 1300 16 0
42 send 41 1100 16 0
42 wait 44 43 1100
42 wait 42 43 1300
42 irecv 46 2100 200 0
42 irecv 38 2300 200 0
42 send 46 2300 40 0
42 send 38 2100 40 0
42 wait 47 43 2100
42 wait 39 43 2300
42 irecv 74 3100 200 0
42 irecv 10 3300 200 0
42 send 74 3300 60 0
42 send 10 3100 60 0
42 wait 75 43 3100
42 wait 11 43 3300
42 irecv 43 1100 200 0
42 irecv 41 1300 200 0
42 send 43 1300 16 0
42 send 41 1100 16 0
42 wait 44 43 1100
42 wait 42 43 1300
42 irecv 46 2100 200 0
42 irecv 38 2300 200 0
42 send 46 2300 40 0
42 send 38 2100 40 0
42 wait 47 43 2100
42 wait 39 43 2300
42 irecv 74 3100 200 0
42 irecv 10 3300 200 0
42 send 74 3300 60 0
42 send 10 3100 60 0
42 wait 75 43 3100
42 wait 11 43 3300
42 irecv 43 1100 200 0
42 irecv 41 1300 200 0
42 send 43 1300 16 0
42 send 41 1100 16 0
42 wait 44 43 1100
42 wait 42 43 1300
42 irecv 46 2100 200 0
42 irecv 38 2300 200 0
42 send 46 2300 40 0
42 send 38 2100 40 0
42 wait 47 43 2100
42 wait 39 43 2300
42 irecv 74 3100 200 0
42 irecv 10 3300 200 0
42 send 74 3300 60 0
42 send 10 3100 60 0
42 wait 75 43 3100
42 wait 11 43 3300
42 barrier
42 allreduce 1 0 0 
42 allreduce 4 0 1 
42 allreduce 1 0 0 
42 allreduce 4 0 1 
42 allreduce 1 0 0 
42 allreduce 4 0 1 
42 allreduce 1 0 0 
42 allreduce 4 0 1 
42 allreduce 1 0 0 
42 allreduce 4 0 1 
42 allreduce 1 0 0 
42 allreduce 4 0 1 
42 allreduce 1 0 0 
42 allreduce 4 0 1 
42 allreduce 1 0 0 
42 allreduce 4 0 1 
42 allreduce 1 0 0 
42 allreduce 4 0 1 
42 allreduce 1 0 0 
42 allreduce 4 0 1 
42 allreduce 1 0 0 
42 allreduce 4 0 1 
42 allreduce 1 0 0 
42 allreduce 4 0 1 
42 allreduce 1 0 0 
42 allreduce 4 0 1 
42 allreduce 1 0 0 
42 allreduce 4 0 1 
42 allreduce 1 0 0 
42 allreduce 4 0 1 
42 allreduce 1 0 0 
42 allreduce 4 0 1 
42 allreduce 1 0 0 
42 allreduce 4 0 1 
42 allreduce 1 0 0 
42 allreduce 4 0 1 
42 allreduce 1 0 0 
42 allreduce 4 0 1 
42 allreduce 1 0 0 
42 allreduce 4 0 1 
42 barrier
42 irecv 43 1100 200 0
42 irecv 41 1300 200 0
42 send 43 1300 16 0
42 send 41 1100 16 0
42 wait 44 43 1100
42 wait 42 43 1300
42 irecv 46 2100 200 0
42 irecv 38 2300 200 0
42 send 46 2300 40 0
42 send 38 2100 40 0
42 wait 47 43 2100
42 wait 39 43 2300
42 irecv 74 3100 200 0
42 irecv 10 3300 200 0
42 send 74 3300 60 0
42 send 10 3100 60 0
42 wait 75 43 3100
42 wait 11 43 3300
42 barrier
42 irecv 43 1100 200 0
42 irecv 41 1300 200 0
42 send 43 1300 16 0
42 send 41 1100 16 0
42 wait 44 43 1100
42 wait 42 43 1300
42 irecv 46 2100 200 0
42 irecv 38 2300 200 0
42 send 46 2300 40 0
42 send 38 2100 40 0
42 wait 47 43 2100
42 wait 39 43 2300
42 irecv 74 3100 200 0
42 irecv 10 3300 200 0
42 send 74 3300 60 0
42 send 10 3100 60 0
42 wait 75 43 3100
42 wait 11 43 3300
42 allreduce 1 0 0 
42 allreduce 1 0 0 
42 irecv 43 1100 200 0
42 irecv 41 1300 200 0
42 send 43 1300 4 0
42 send 41 1100 4 0
42 wait 44 43 1100
42 wait 42 43 1300
42 irecv 46 2100 200 0
42 irecv 38 2300 200 0
42 send 46 2300 12 0
42 send 38 2100 12 0
42 wait 47 43 2100
42 wait 39 43 2300
42 irecv 74 3100 200 0
42 irecv 10 3300 200 0
42 send 74 3300 24 0
42 send 10 3100 24 0
42 wait 75 43 3100
42 wait 11 43 3300
42 irecv 43 1100 200 0
42 irecv 41 1300 200 0
42 send 43 1300 1 0
42 send 41 1100 1 0
42 wait 44 43 1100
42 wait 42 43 1300
42 irecv 46 2100 200 0
42 irecv 38 2300 200 0
42 send 46 2300 4 0
42 send 38 2100 4 0
42 wait 47 43 2100
42 wait 39 43 2300
42 irecv 74 3100 200 0
42 irecv 10 3300 200 0
42 send 74 3300 12 0
42 send 10 3100 12 0
42 wait 75 43 3100
42 wait 11 43 3300
42 irecv 43 1100 200 0
42 irecv 41 1300 200 0
42 wait 44 43 1100
42 wait 42 43 1300
42 irecv 106 3100 200 0
42 irecv 234 3300 200 0
42 wait 107 43 3100
42 wait 235 43 3300
42 irecv 46 2100 200 0
42 irecv 38 2300 200 0
42 wait 47 43 2100
42 wait 39 43 2300
42 send 74 3300 24 0
42 send 10 3100 12 0
42 irecv 43 1100 200 0
42 irecv 41 1300 200 0
42 send 43 1300 1 0
42 send 41 1100 1 0
42 wait 44 43 1100
42 wait 42 43 1300
42 irecv 46 2100 200 0
42 irecv 38 2300 200 0
42 send 46 2300 4 0
42 send 38 2100 4 0
42 wait 47 43 2100
42 wait 39 43 2300
42 irecv 74 3100 200 0
42 irecv 10 3300 200 0
42 send 74 3300 12 0
42 send 10 3100 12 0
42 wait 75 43 3100
42 wait 11 43 3300
42 irecv 43 1100 200 0
42 irecv 41 1300 200 0
42 send 43 1300 1 0
42 send 41 1100 1 0
42 wait 44 43 1100
42 wait 42 43 1300
42 irecv 46 2100 200 0
42 irecv 38 2300 200 0
42 send 46 2300 4 0
42 send 38 2100 4 0
42 wait 47 43 2100
42 wait 39 43 2300
42 irecv 74 3100 200 0
42 irecv 10 3300 200 0
42 send 74 3300 12 0
42 send 10 3100 12 0
42 wait 75 43 3100
42 wait 11 43 3300
42 irecv 43 1100 200 0
42 irecv 41 1300 200 0
42 send 43 1300 4 0
42 send 41 1100 4 0
42 wait 44 43 1100
42 wait 42 43 1300
42 irecv 46 2100 200 0
42 irecv 38 2300 200 0
42 send 46 2300 12 0
42 send 38 2100 12 0
42 wait 47 43 2100
42 wait 39 43 2300
42 irecv 74 3100 200 0
42 irecv 10 3300 200 0
42 send 74 3300 24 0
42 send 10 3100 24 0
42 wait 75 43 3100
42 wait 11 43 3300
42 irecv 43 1100 200 0
42 irecv 41 1300 200 0
42 send 43 1300 4 0
42 send 41 1100 4 0
42 wait 44 43 1100
42 wait 42 43 1300
42 irecv 46 2100 200 0
42 irecv 38 2300 200 0
42 send 46 2300 12 0
42 send 38 2100 12 0
42 wait 47 43 2100
42 wait 39 43 2300
42 irecv 74 3100 200 0
42 irecv 10 3300 200 0
42 send 74 3300 24 0
42 send 10 3100 24 0
42 wait 75 43 3100
42 wait 11 43 3300
42 irecv 43 1100 200 0
42 irecv 41 1300 200 0
42 send 43 1300 16 0
42 send 41 1100 16 0
42 wait 44 43 1100
42 wait 42 43 1300
42 irecv 46 2100 200 0
42 irecv 38 2300 200 0
42 send 46 2300 40 0
42 send 38 2100 40 0
42 wait 47 43 2100
42 wait 39 43 2300
42 irecv 74 3100 200 0
42 irecv 10 3300 200 0
42 send 74 3300 60 0
42 send 10 3100 60 0
42 wait 75 43 3100
42 wait 11 43 3300
42 irecv 43 1100 200 0
42 irecv 41 1300 200 0
42 send 43 1300 16 0
42 send 41 1100 16 0
42 wait 44 43 1100
42 wait 42 43 1300
42 irecv 46 2100 200 0
42 irecv 38 2300 200 0
42 send 46 2300 40 0
42 send 38 2100 40 0
42 wait 47 43 2100
42 wait 39 43 2300
42 irecv 74 3100 200 0
42 irecv 10 3300 200 0
42 send 74 3300 60 0
42 send 10 3100 60 0
42 wait 75 43 3100
42 wait 11 43 3300
42 irecv 43 1100 200 0
42 irecv 41 1300 200 0
42 send 43 1300 16 0
42 send 41 1100 16 0
42 wait 44 43 1100
42 wait 42 43 1300
42 irecv 46 2100 200 0
42 irecv 38 2300 200 0
42 send 46 2300 40 0
42 send 38 2100 40 0
42 wait 47 43 2100
42 wait 39 43 2300
42 irecv 74 3100 200 0
42 irecv 10 3300 200 0
42 send 74 3300 60 0
42 send 10 3100 60 0
42 wait 75 43 3100
42 wait 11 43 3300
42 irecv 43 1100 200 0
42 irecv 41 1300 200 0
42 send 43 1300 4 0
42 send 41 1100 4 0
42 wait 44 43 1100
42 wait 42 43 1300
42 irecv 46 2100 200 0
42 irecv 38 2300 200 0
42 send 46 2300 12 0
42 send 38 2100 12 0
42 wait 47 43 2100
42 wait 39 43 2300
42 irecv 74 3100 200 0
42 irecv 10 3300 200 0
42 send 74 3300 24 0
42 send 10 3100 24 0
42 wait 75 43 3100
42 wait 11 43 3300
42 irecv 43 1100 200 0
42 irecv 41 1300 200 0
42 send 43 1300 1 0
42 send 41 1100 1 0
42 wait 44 43 1100
42 wait 42 43 1300
42 irecv 46 2100 200 0
42 irecv 38 2300 200 0
42 send 46 2300 4 0
42 send 38 2100 4 0
42 wait 47 43 2100
42 wait 39 43 2300
42 irecv 74 3100 200 0
42 irecv 10 3300 200 0
42 send 74 3300 12 0
42 send 10 3100 12 0
42 wait 75 43 3100
42 wait 11 43 3300
42 irecv 43 1100 200 0
42 irecv 41 1300 200 0
42 wait 44 43 1100
42 wait 42 43 1300
42 irecv 106 3100 200 0
42 irecv 234 3300 200 0
42 wait 107 43 3100
42 wait 235 43 3300
42 irecv 46 2100 200 0
42 irecv 38 2300 200 0
42 wait 47 43 2100
42 wait 39 43 2300
42 send 74 3300 24 0
42 send 10 3100 12 0
42 irecv 43 1100 200 0
42 irecv 41 1300 200 0
42 send 43 1300 1 0
42 send 41 1100 1 0
42 wait 44 43 1100
42 wait 42 43 1300
42 irecv 46 2100 200 0
42 irecv 38 2300 200 0
42 send 46 2300 4 0
42 send 38 2100 4 0
42 wait 47 43 2100
42 wait 39 43 2300
42 irecv 74 3100 200 0
42 irecv 10 3300 200 0
42 send 74 3300 12 0
42 send 10 3100 12 0
42 wait 75 43 3100
42 wait 11 43 3300
42 irecv 43 1100 200 0
42 irecv 41 1300 200 0
42 send 43 1300 1 0
42 send 41 1100 1 0
42 wait 44 43 1100
42 wait 42 43 1300
42 irecv 46 2100 200 0
42 irecv 38 2300 200 0
42 send 46 2300 4 0
42 send 38 2100 4 0
42 wait 47 43 2100
42 wait 39 43 2300
42 irecv 74 3100 200 0
42 irecv 10 3300 200 0
42 send 74 3300 12 0
42 send 10 3100 12 0
42 wait 75 43 3100
42 wait 11 43 3300
42 irecv 43 1100 200 0
42 irecv 41 1300 200 0
42 send 43 1300 4 0
42 send 41 1100 4 0
42 wait 44 43 1100
42 wait 42 43 1300
42 irecv 46 2100 200 0
42 irecv 38 2300 200 0
42 send 46 2300 12 0
42 send 38 2100 12 0
42 wait 47 43 2100
42 wait 39 43 2300
42 irecv 74 3100 200 0
42 irecv 10 3300 200 0
42 send 74 3300 24 0
42 send 10 3100 24 0
42 wait 75 43 3100
42 wait 11 43 3300
42 irecv 43 1100 200 0
42 irecv 41 1300 200 0
42 send 43 1300 4 0
42 send 41 1100 4 0
42 wait 44 43 1100
42 wait 42 43 1300
42 irecv 46 2100 200 0
42 irecv 38 2300 200 0
42 send 46 2300 12 0
42 send 38 2100 12 0
42 wait 47 43 2100
42 wait 39 43 2300
42 irecv 74 3100 200 0
42 irecv 10 3300 200 0
42 send 74 3300 24 0
42 send 10 3100 24 0
42 wait 75 43 3100
42 wait 11 43 3300
42 irecv 43 1100 200 0
42 irecv 41 1300 200 0
42 send 43 1300 16 0
42 send 41 1100 16 0
42 wait 44 43 1100
42 wait 42 43 1300
42 irecv 46 2100 200 0
42 irecv 38 2300 200 0
42 send 46 2300 40 0
42 send 38 2100 40 0
42 wait 47 43 2100
42 wait 39 43 2300
42 irecv 74 3100 200 0
42 irecv 10 3300 200 0
42 send 74 3300 60 0
42 send 10 3100 60 0
42 wait 75 43 3100
42 wait 11 43 3300
42 irecv 43 1100 200 0
42 irecv 41 1300 200 0
42 send 43 1300 16 0
42 send 41 1100 16 0
42 wait 44 43 1100
42 wait 42 43 1300
42 irecv 46 2100 200 0
42 irecv 38 2300 200 0
42 send 46 2300 40 0
42 send 38 2100 40 0
42 wait 47 43 2100
42 wait 39 43 2300
42 irecv 74 3100 200 0
42 irecv 10 3300 200 0
42 send 74 3300 60 0
42 send 10 3100 60 0
42 wait 75 43 3100
42 wait 11 43 3300
42 irecv 43 1100 200 0
42 irecv 41 1300 200 0
42 send 43 1300 16 0
42 send 41 1100 16 0
42 wait 44 43 1100
42 wait 42 43 1300
42 irecv 46 2100 200 0
42 irecv 38 2300 200 0
42 send 46 2300 40 0
42 send 38 2100 40 0
42 wait 47 43 2100
42 wait 39 43 2300
42 irecv 74 3100 200 0
42 irecv 10 3300 200 0
42 send 74 3300 60 0
42 send 10 3100 60 0
42 wait 75 43 3100
42 wait 11 43 3300
42 irecv 43 1100 200 0
42 irecv 41 1300 200 0
42 send 43 1300 4 0
42 send 41 1100 4 0
42 wait 44 43 1100
42 wait 42 43 1300
42 irecv 46 2100 200 0
42 irecv 38 2300 200 0
42 send 46 2300 12 0
42 send 38 2100 12 0
42 wait 47 43 2100
42 wait 39 43 2300
42 irecv 74 3100 200 0
42 irecv 10 3300 200 0
42 send 74 3300 24 0
42 send 10 3100 24 0
42 wait 75 43 3100
42 wait 11 43 3300
42 irecv 43 1100 200 0
42 irecv 41 1300 200 0
42 send 43 1300 1 0
42 send 41 1100 1 0
42 wait 44 43 1100
42 wait 42 43 1300
42 irecv 46 2100 200 0
42 irecv 38 2300 200 0
42 send 46 2300 4 0
42 send 38 2100 4 0
42 wait 47 43 2100
42 wait 39 43 2300
42 irecv 74 3100 200 0
42 irecv 10 3300 200 0
42 send 74 3300 12 0
42 send 10 3100 12 0
42 wait 75 43 3100
42 wait 11 43 3300
42 irecv 43 1100 200 0
42 irecv 41 1300 200 0
42 wait 44 43 1100
42 wait 42 43 1300
42 irecv 106 3100 200 0
42 irecv 234 3300 200 0
42 wait 107 43 3100
42 wait 235 43 3300
42 irecv 46 2100 200 0
42 irecv 38 2300 200 0
42 wait 47 43 2100
42 wait 39 43 2300
42 send 74 3300 24 0
42 send 10 3100 12 0
42 irecv 43 1100 200 0
42 irecv 41 1300 200 0
42 send 43 1300 1 0
42 send 41 1100 1 0
42 wait 44 43 1100
42 wait 42 43 1300
42 irecv 46 2100 200 0
42 irecv 38 2300 200 0
42 send 46 2300 4 0
42 send 38 2100 4 0
42 wait 47 43 2100
42 wait 39 43 2300
42 irecv 74 3100 200 0
42 irecv 10 3300 200 0
42 send 74 3300 12 0
42 send 10 3100 12 0
42 wait 75 43 3100
42 wait 11 43 3300
42 irecv 43 1100 200 0
42 irecv 41 1300 200 0
42 send 43 1300 1 0
42 send 41 1100 1 0
42 wait 44 43 1100
42 wait 42 43 1300
42 irecv 46 2100 200 0
42 irecv 38 2300 200 0
42 send 46 2300 4 0
42 send 38 2100 4 0
42 wait 47 43 2100
42 wait 39 43 2300
42 irecv 74 3100 200 0
42 irecv 10 3300 200 0
42 send 74 3300 12 0
42 send 10 3100 12 0
42 wait 75 43 3100
42 wait 11 43 3300
42 irecv 43 1100 200 0
42 irecv 41 1300 200 0
42 send 43 1300 4 0
42 send 41 1100 4 0
42 wait 44 43 1100
42 wait 42 43 1300
42 irecv 46 2100 200 0
42 irecv 38 2300 200 0
42 send 46 2300 12 0
42 send 38 2100 12 0
42 wait 47 43 2100
42 wait 39 43 2300
42 irecv 74 3100 200 0
42 irecv 10 3300 200 0
42 send 74 3300 24 0
42 send 10 3100 24 0
42 wait 75 43 3100
42 wait 11 43 3300
42 irecv 43 1100 200 0
42 irecv 41 1300 200 0
42 send 43 1300 4 0
42 send 41 1100 4 0
42 wait 44 43 1100
42 wait 42 43 1300
42 irecv 46 2100 200 0
42 irecv 38 2300 200 0
42 send 46 2300 12 0
42 send 38 2100 12 0
42 wait 47 43 2100
42 wait 39 43 2300
42 irecv 74 3100 200 0
42 irecv 10 3300 200 0
42 send 74 3300 24 0
42 send 10 3100 24 0
42 wait 75 43 3100
42 wait 11 43 3300
42 irecv 43 1100 200 0
42 irecv 41 1300 200 0
42 send 43 1300 16 0
42 send 41 1100 16 0
42 wait 44 43 1100
42 wait 42 43 1300
42 irecv 46 2100 200 0
42 irecv 38 2300 200 0
42 send 46 2300 40 0
42 send 38 2100 40 0
42 wait 47 43 2100
42 wait 39 43 2300
42 irecv 74 3100 200 0
42 irecv 10 3300 200 0
42 send 74 3300 60 0
42 send 10 3100 60 0
42 wait 75 43 3100
42 wait 11 43 3300
42 irecv 43 1100 200 0
42 irecv 41 1300 200 0
42 send 43 1300 16 0
42 send 41 1100 16 0
42 wait 44 43 1100
42 wait 42 43 1300
42 irecv 46 2100 200 0
42 irecv 38 2300 200 0
42 send 46 2300 40 0
42 send 38 2100 40 0
42 wait 47 43 2100
42 wait 39 43 2300
42 irecv 74 3100 200 0
42 irecv 10 3300 200 0
42 send 74 3300 60 0
42 send 10 3100 60 0
42 wait 75 43 3100
42 wait 11 43 3300
42 irecv 43 1100 200 0
42 irecv 41 1300 200 0
42 send 43 1300 16 0
42 send 41 1100 16 0
42 wait 44 43 1100
42 wait 42 43 1300
42 irecv 46 2100 200 0
42 irecv 38 2300 200 0
42 send 46 2300 40 0
42 send 38 2100 40 0
42 wait 47 43 2100
42 wait 39 43 2300
42 irecv 74 3100 200 0
42 irecv 10 3300 200 0
42 send 74 3300 60 0
42 send 10 3100 60 0
42 wait 75 43 3100
42 wait 11 43 3300
42 irecv 43 1100 200 0
42 irecv 41 1300 200 0
42 send 43 1300 4 0
42 send 41 1100 4 0
42 wait 44 43 1100
42 wait 42 43 1300
42 irecv 46 2100 200 0
42 irecv 38 2300 200 0
42 send 46 2300 12 0
42 send 38 2100 12 0
42 wait 47 43 2100
42 wait 39 43 2300
42 irecv 74 3100 200 0
42 irecv 10 3300 200 0
42 send 74 3300 24 0
42 send 10 3100 24 0
42 wait 75 43 3100
42 wait 11 43 3300
42 irecv 43 1100 200 0
42 irecv 41 1300 200 0
42 send 43 1300 1 0
42 send 41 1100 1 0
42 wait 44 43 1100
42 wait 42 43 1300
42 irecv 46 2100 200 0
42 irecv 38 2300 200 0
42 send 46 2300 4 0
42 send 38 2100 4 0
42 wait 47 43 2100
42 wait 39 43 2300
42 irecv 74 3100 200 0
42 irecv 10 3300 200 0
42 send 74 3300 12 0
42 send 10 3100 12 0
42 wait 75 43 3100
42 wait 11 43 3300
42 irecv 43 1100 200 0
42 irecv 41 1300 200 0
42 wait 44 43 1100
42 wait 42 43 1300
42 irecv 106 3100 200 0
42 irecv 234 3300 200 0
42 wait 107 43 3100
42 wait 235 43 3300
42 irecv 46 2100 200 0
42 irecv 38 2300 200 0
42 wait 47 43 2100
42 wait 39 43 2300
42 send 74 3300 24 0
42 send 10 3100 12 0
42 irecv 43 1100 200 0
42 irecv 41 1300 200 0
42 send 43 1300 1 0
42 send 41 1100 1 0
42 wait 44 43 1100
42 wait 42 43 1300
42 irecv 46 2100 200 0
42 irecv 38 2300 200 0
42 send 46 2300 4 0
42 send 38 2100 4 0
42 wait 47 43 2100
42 wait 39 43 2300
42 irecv 74 3100 200 0
42 irecv 10 3300 200 0
42 send 74 3300 12 0
42 send 10 3100 12 0
42 wait 75 43 3100
42 wait 11 43 3300
42 irecv 43 1100 200 0
42 irecv 41 1300 200 0
42 send 43 1300 1 0
42 send 41 1100 1 0
42 wait 44 43 1100
42 wait 42 43 1300
42 irecv 46 2100 200 0
42 irecv 38 2300 200 0
42 send 46 2300 4 0
42 send 38 2100 4 0
42 wait 47 43 2100
42 wait 39 43 2300
42 irecv 74 3100 200 0
42 irecv 10 3300 200 0
42 send 74 3300 12 0
42 send 10 3100 12 0
42 wait 75 43 3100
42 wait 11 43 3300
42 irecv 43 1100 200 0
42 irecv 41 1300 200 0
42 send 43 1300 4 0
42 send 41 1100 4 0
42 wait 44 43 1100
42 wait 42 43 1300
42 irecv 46 2100 200 0
42 irecv 38 2300 200 0
42 send 46 2300 12 0
42 send 38 2100 12 0
42 wait 47 43 2100
42 wait 39 43 2300
42 irecv 74 3100 200 0
42 irecv 10 3300 200 0
42 send 74 3300 24 0
42 send 10 3100 24 0
42 wait 75 43 3100
42 wait 11 43 3300
42 irecv 43 1100 200 0
42 irecv 41 1300 200 0
42 send 43 1300 4 0
42 send 41 1100 4 0
42 wait 44 43 1100
42 wait 42 43 1300
42 irecv 46 2100 200 0
42 irecv 38 2300 200 0
42 send 46 2300 12 0
42 send 38 2100 12 0
42 wait 47 43 2100
42 wait 39 43 2300
42 irecv 74 3100 200 0
42 irecv 10 3300 200 0
42 send 74 3300 24 0
42 send 10 3100 24 0
42 wait 75 43 3100
42 wait 11 43 3300
42 irecv 43 1100 200 0
42 irecv 41 1300 200 0
42 send 43 1300 16 0
42 send 41 1100 16 0
42 wait 44 43 1100
42 wait 42 43 1300
42 irecv 46 2100 200 0
42 irecv 38 2300 200 0
42 send 46 2300 40 0
42 send 38 2100 40 0
42 wait 47 43 2100
42 wait 39 43 2300
42 irecv 74 3100 200 0
42 irecv 10 3300 200 0
42 send 74 3300 60 0
42 send 10 3100 60 0
42 wait 75 43 3100
42 wait 11 43 3300
42 irecv 43 1100 200 0
42 irecv 41 1300 200 0
42 send 43 1300 16 0
42 send 41 1100 16 0
42 wait 44 43 1100
42 wait 42 43 1300
42 irecv 46 2100 200 0
42 irecv 38 2300 200 0
42 send 46 2300 40 0
42 send 38 2100 40 0
42 wait 47 43 2100
42 wait 39 43 2300
42 irecv 74 3100 200 0
42 irecv 10 3300 200 0
42 send 74 3300 60 0
42 send 10 3100 60 0
42 wait 75 43 3100
42 wait 11 43 3300
42 irecv 43 1100 200 0
42 irecv 41 1300 200 0
42 send 43 1300 16 0
42 send 41 1100 16 0
42 wait 44 43 1100
42 wait 42 43 1300
42 irecv 46 2100 200 0
42 irecv 38 2300 200 0
42 send 46 2300 40 0
42 send 38 2100 40 0
42 wait 47 43 2100
42 wait 39 43 2300
42 irecv 74 3100 200 0
42 irecv 10 3300 200 0
42 send 74 3300 60 0
42 send 10 3100 60 0
42 wait 75 43 3100
42 wait 11 43 3300
42 allreduce 1 0 0 
42 allreduce 1 0 0 
42 reduce 1 0 0 0 
42 finalize
