233 init
233 barrier
233 bcast 1 0 1 
233 bcast 1 0 1 
233 bcast 1 0 1 
233 bcast 1 0 1 
233 bcast 1 0 1 
233 bcast 8 0 1 
233 bcast 1 0 16 
233 barrier
233 allreduce 1 0 0 
233 allreduce 4 0 1 
233 allreduce 1 0 0 
233 allreduce 4 0 1 
233 allreduce 1 0 0 
233 allreduce 4 0 1 
233 allreduce 1 0 0 
233 allreduce 4 0 1 
233 allreduce 1 0 0 
233 allreduce 4 0 1 
233 allreduce 1 0 0 
233 allreduce 4 0 1 
233 allreduce 1 0 0 
233 allreduce 4 0 1 
233 allreduce 1 0 0 
233 allreduce 4 0 1 
233 allreduce 1 0 0 
233 allreduce 4 0 1 
233 allreduce 1 0 0 
233 allreduce 4 0 1 
233 allreduce 1 0 0 
233 allreduce 4 0 1 
233 allreduce 1 0 0 
233 allreduce 4 0 1 
233 allreduce 1 0 0 
233 allreduce 4 0 1 
233 allreduce 1 0 0 
233 allreduce 4 0 1 
233 allreduce 1 0 0 
233 allreduce 4 0 1 
233 allreduce 1 0 0 
233 allreduce 4 0 1 
233 allreduce 1 0 0 
233 allreduce 4 0 1 
233 allreduce 1 0 0 
233 allreduce 4 0 1 
233 allreduce 1 0 0 
233 allreduce 4 0 1 
233 allreduce 1 0 0 
233 allreduce 4 0 1 
233 barrier
233 irecv 234 1100 200 0
233 irecv 232 1300 200 0
233 send 234 1300 16 0
233 send 232 1100 16 0
233 wait 235 234 1100
233 wait 233 234 1300
233 irecv 237 2100 200 0
233 irecv 229 2300 200 0
233 send 237 2300 40 0
233 send 229 2100 40 0
233 wait 238 234 2100
233 wait 230 234 2300
233 irecv 9 3100 200 0
233 irecv 201 3300 200 0
233 send 9 3300 60 0
233 send 201 3100 60 0
233 wait 10 234 3100
233 wait 202 234 3300
233 allreduce 1 0 0 
233 allreduce 1 0 0 
233 irecv 234 1100 200 0
233 irecv 232 1300 200 0
233 send 234 1300 16 0
233 send 232 1100 16 0
233 wait 235 234 1100
233 wait 233 234 1300
233 irecv 237 2100 200 0
233 irecv 229 2300 200 0
233 send 237 2300 40 0
233 send 229 2100 40 0
233 wait 238 234 2100
233 wait 230 234 2300
233 irecv 9 3100 200 0
233 irecv 201 3300 200 0
233 send 9 3300 60 0
233 send 201 3100 60 0
233 wait 10 234 3100
233 wait 202 234 3300
233 allreduce 1 0 0 
233 allreduce 1 0 0 
233 irecv 234 1100 200 0
233 irecv 232 1300 200 0
233 send 234 1300 4 0
233 send 232 1100 4 0
233 wait 235 234 1100
233 wait 233 234 1300
233 irecv 237 2100 200 0
233 irecv 229 2300 200 0
233 send 237 2300 12 0
233 send 229 2100 12 0
233 wait 238 234 2100
233 wait 230 234 2300
233 irecv 9 3100 200 0
233 irecv 201 3300 200 0
233 send 9 3300 24 0
233 send 201 3100 24 0
233 wait 10 234 3100
233 wait 202 234 3300
233 irecv 234 1100 200 0
233 irecv 232 1300 200 0
233 send 234 1300 1 0
233 send 232 1100 1 0
233 wait 235 234 1100
233 wait 233 234 1300
233 irecv 237 2100 200 0
233 irecv 229 2300 200 0
233 send 237 2300 4 0
233 send 229 2100 4 0
233 wait 238 234 2100
233 wait 230 234 2300
233 irecv 9 3100 200 0
233 irecv 201 3300 200 0
233 send 9 3300 12 0
233 send 201 3100 12 0
233 wait 10 234 3100
233 wait 202 234 3300
233 send 234 1300 12 0
233 send 232 1100 6 0
233 send 41 3300 12 0
233 send 169 3100 6 0
233 irecv 237 2100 200 0
233 irecv 229 2300 200 0
233 wait 238 234 2100
233 wait 230 234 2300
233 send 9 3300 24 0
233 send 201 3100 12 0
233 irecv 234 1100 200 0
233 irecv 232 1300 200 0
233 send 234 1300 1 0
233 send 232 1100 1 0
233 wait 235 234 1100
233 wait 233 234 1300
233 irecv 237 2100 200 0
233 irecv 229 2300 200 0
233 send 237 2300 4 0
233 send 229 2100 4 0
233 wait 238 234 2100
233 wait 230 234 2300
233 irecv 9 3100 200 0
233 irecv 201 3300 200 0
233 send 9 3300 12 0
233 send 201 3100 12 0
233 wait 10 234 3100
233 wait 202 234 3300
233 irecv 234 1100 200 0
233 irecv 232 1300 200 0
233 send 234 1300 1 0
233 send 232 1100 1 0
233 wait 235 234 1100
233 wait 233 234 1300
233 irecv 237 2100 200 0
233 irecv 229 2300 200 0
233 send 237 2300 4 0
233 send 229 2100 4 0
233 wait 238 234 2100
233 wait 230 234 2300
233 irecv 9 3100 200 0
233 irecv 201 3300 200 0
233 send 9 3300 12 0
233 send 201 3100 12 0
233 wait 10 234 3100
233 wait 202 234 3300
233 irecv 234 1100 200 0
233 irecv 232 1300 200 0
233 send 234 1300 4 0
233 send 232 1100 4 0
233 wait 235 234 1100
233 wait 233 234 1300
233 irecv 237 2100 200 0
233 irecv 229 2300 200 0
233 send 237 2300 12 0
233 send 229 2100 12 0
233 wait 238 234 2100
233 wait 230 234 2300
233 irecv 9 3100 200 0
233 irecv 201 3300 200 0
233 send 9 3300 24 0
233 send 201 3100 24 0
233 wait 10 234 3100
233 wait 202 234 3300
233 irecv 234 1100 200 0
233 irecv 232 1300 200 0
233 send 234 1300 4 0
233 send 232 1100 4 0
233 wait 235 234 1100
233 wait 233 234 1300
233 irecv 237 2100 200 0
233 irecv 229 2300 200 0
233 send 237 2300 12 0
233 send 229 2100 12 0
233 wait 238 234 2100
233 wait 230 234 2300
233 irecv 9 3100 200 0
233 irecv 201 3300 200 0
233 send 9 3300 24 0
233 send 201 3100 24 0
233 wait 10 234 3100
233 wait 202 234 3300
233 irecv 234 1100 200 0
233 irecv 232 1300 200 0
233 send 234 1300 16 0
233 send 232 1100 16 0
233 wait 235 234 1100
233 wait 233 234 1300
233 irecv 237 2100 200 0
233 irecv 229 2300 200 0
233 send 237 2300 40 0
233 send 229 2100 40 0
233 wait 238 234 2100
233 wait 230 234 2300
233 irecv 9 3100 200 0
233 irecv 201 3300 200 0
233 send 9 3300 60 0
233 send 201 3100 60 0
233 wait 10 234 3100
233 wait 202 234 3300
233 irecv 234 1100 200 0
233 irecv 232 1300 200 0
233 send 234 1300 16 0
233 send 232 1100 16 0
233 wait 235 234 1100
233 wait 233 234 1300
233 irecv 237 2100 200 0
233 irecv 229 2300 200 0
233 send 237 2300 40 0
233 send 229 2100 40 0
233 wait 238 234 2100
233 wait 230 234 2300
233 irecv 9 3100 200 0
233 irecv 201 3300 200 0
233 send 9 3300 60 0
233 send 201 3100 60 0
233 wait 10 234 3100
233 wait 202 234 3300
233 irecv 234 1100 200 0
233 irecv 232 1300 200 0
233 send 234 1300 16 0
233 send 232 1100 16 0
233 wait 235 234 1100
233 wait 233 234 1300
233 irecv 237 2100 200 0
233 irecv 229 2300 200 0
233 send 237 2300 40 0
233 send 229 2100 40 0
233 wait 238 234 2100
233 wait 230 234 2300
233 irecv 9 3100 200 0
233 irecv 201 3300 200 0
233 send 9 3300 60 0
233 send 201 3100 60 0
233 wait 10 234 3100
233 wait 202 234 3300
233 barrier
233 allreduce 1 0 0 
233 allreduce 4 0 1 
233 allreduce 1 0 0 
233 allreduce 4 0 1 
233 allreduce 1 0 0 
233 allreduce 4 0 1 
233 allreduce 1 0 0 
233 allreduce 4 0 1 
233 allreduce 1 0 0 
233 allreduce 4 0 1 
233 allreduce 1 0 0 
233 allreduce 4 0 1 
233 allreduce 1 0 0 
233 allreduce 4 0 1 
233 allreduce 1 0 0 
233 allreduce 4 0 1 
233 allreduce 1 0 0 
233 allreduce 4 0 1 
233 allreduce 1 0 0 
233 allreduce 4 0 1 
233 allreduce 1 0 0 
233 allreduce 4 0 1 
233 allreduce 1 0 0 
233 allreduce 4 0 1 
233 allreduce 1 0 0 
233 allreduce 4 0 1 
233 allreduce 1 0 0 
233 allreduce 4 0 1 
233 allreduce 1 0 0 
233 allreduce 4 0 1 
233 allreduce 1 0 0 
233 allreduce 4 0 1 
233 allreduce 1 0 0 
233 allreduce 4 0 1 
233 allreduce 1 0 0 
233 allreduce 4 0 1 
233 allreduce 1 0 0 
233 allreduce 4 0 1 
233 allreduce 1 0 0 
233 allreduce 4 0 1 
233 barrier
233 irecv 234 1100 200 0
233 irecv 232 1300 200 0
233 send 234 1300 16 0
233 send 232 1100 16 0
233 wait 235 234 1100
233 wait 233 234 1300
233 irecv 237 2100 200 0
233 irecv 229 2300 200 0
233 send 237 2300 40 0
233 send 229 2100 40 0
233 wait 238 234 2100
233 wait 230 234 2300
233 irecv 9 3100 200 0
233 irecv 201 3300 200 0
233 send 9 3300 60 0
233 send 201 3100 60 0
233 wait 10 234 3100
233 wait 202 234 3300
233 barrier
233 irecv 234 1100 200 0
233 irecv 232 1300 200 0
233 send 234 1300 16 0
233 send 232 1100 16 0
233 wait 235 234 1100
233 wait 233 234 1300
233 irecv 237 2100 200 0
233 irecv 229 2300 200 0
233 send 237 2300 40 0
233 send 229 2100 40 0
233 wait 238 234 2100
233 wait 230 234 2300
233 irecv 9 3100 200 0
233 irecv 201 3300 200 0
233 send 9 3300 60 0
233 send 201 3100 60 0
233 wait 10 234 3100
233 wait 202 234 3300
233 allreduce 1 0 0 
233 allreduce 1 0 0 
233 irecv 234 1100 200 0
233 irecv 232 1300 200 0
233 send 234 1300 4 0
233 send 232 1100 4 0
233 wait 235 234 1100
233 wait 233 234 1300
233 irecv 237 2100 200 0
233 irecv 229 2300 200 0
233 send 237 2300 12 0
233 send 229 2100 12 0
233 wait 238 234 2100
233 wait 230 234 2300
233 irecv 9 3100 200 0
233 irecv 201 3300 200 0
233 send 9 3300 24 0
233 send 201 3100 24 0
233 wait 10 234 3100
233 wait 202 234 3300
233 irecv 234 1100 200 0
233 irecv 232 1300 200 0
233 send 234 1300 1 0
233 send 232 1100 1 0
233 wait 235 234 1100
233 wait 233 234 1300
233 irecv 237 2100 200 0
233 irecv 229 2300 200 0
233 send 237 2300 4 0
233 send 229 2100 4 0
233 wait 238 234 2100
233 wait 230 234 2300
233 irecv 9 3100 200 0
233 irecv 201 3300 200 0
233 send 9 3300 12 0
233 send 201 3100 12 0
233 wait 10 234 3100
233 wait 202 234 3300
233 send 234 1300 12 0
233 send 232 1100 6 0
233 send 41 3300 12 0
233 send 169 3100 6 0
233 irecv 237 2100 200 0
233 irecv 229 2300 200 0
233 wait 238 234 2100
233 wait 230 234 2300
233 send 9 3300 24 0
233 send 201 3100 12 0
233 irecv 234 1100 200 0
233 irecv 232 1300 200 0
233 send 234 1300 1 0
233 send 232 1100 1 0
233 wait 235 234 1100
233 wait 233 234 1300
233 irecv 237 2100 200 0
233 irecv 229 2300 200 0
233 send 237 2300 4 0
233 send 229 2100 4 0
233 wait 238 234 2100
233 wait 230 234 2300
233 irecv 9 3100 200 0
233 irecv 201 3300 200 0
233 send 9 3300 12 0
233 send 201 3100 12 0
233 wait 10 234 3100
233 wait 202 234 3300
233 irecv 234 1100 200 0
233 irecv 232 1300 200 0
233 send 234 1300 1 0
233 send 232 1100 1 0
233 wait 235 234 1100
233 wait 233 234 1300
233 irecv 237 2100 200 0
233 irecv 229 2300 200 0
233 send 237 2300 4 0
233 send 229 2100 4 0
233 wait 238 234 2100
233 wait 230 234 2300
233 irecv 9 3100 200 0
233 irecv 201 3300 200 0
233 send 9 3300 12 0
233 send 201 3100 12 0
233 wait 10 234 3100
233 wait 202 234 3300
233 irecv 234 1100 200 0
233 irecv 232 1300 200 0
233 send 234 1300 4 0
233 send 232 1100 4 0
233 wait 235 234 1100
233 wait 233 234 1300
233 irecv 237 2100 200 0
233 irecv 229 2300 200 0
233 send 237 2300 12 0
233 send 229 2100 12 0
233 wait 238 234 2100
233 wait 230 234 2300
233 irecv 9 3100 200 0
233 irecv 201 3300 200 0
233 send 9 3300 24 0
233 send 201 3100 24 0
233 wait 10 234 3100
233 wait 202 234 3300
233 irecv 234 1100 200 0
233 irecv 232 1300 200 0
233 send 234 1300 4 0
233 send 232 1100 4 0
233 wait 235 234 1100
233 wait 233 234 1300
233 irecv 237 2100 200 0
233 irecv 229 2300 200 0
233 send 237 2300 12 0
233 send 229 2100 12 0
233 wait 238 234 2100
233 wait 230 234 2300
233 irecv 9 3100 200 0
233 irecv 201 3300 200 0
233 send 9 3300 24 0
233 send 201 3100 24 0
233 wait 10 234 3100
233 wait 202 234 3300
233 irecv 234 1100 200 0
233 irecv 232 1300 200 0
233 send 234 1300 16 0
233 send 232 1100 16 0
233 wait 235 234 1100
233 wait 233 234 1300
233 irecv 237 2100 200 0
233 irecv 229 2300 200 0
233 send 237 2300 40 0
233 send 229 2100 40 0
233 wait 238 234 2100
233 wait 230 234 2300
233 irecv 9 3100 200 0
233 irecv 201 3300 200 0
233 send 9 3300 60 0
233 send 201 3100 60 0
233 wait 10 234 3100
233 wait 202 234 3300
233 irecv 234 1100 200 0
233 irecv 232 1300 200 0
233 send 234 1300 16 0
233 send 232 1100 16 0
233 wait 235 234 1100
233 wait 233 234 1300
233 irecv 237 2100 200 0
233 irecv 229 2300 200 0
233 send 237 2300 40 0
233 send 229 2100 40 0
233 wait 238 234 2100
233 wait 230 234 2300
233 irecv 9 3100 200 0
233 irecv 201 3300 200 0
233 send 9 3300 60 0
233 send 201 3100 60 0
233 wait 10 234 3100
233 wait 202 234 3300
233 irecv 234 1100 200 0
233 irecv 232 1300 200 0
233 send 234 1300 16 0
233 send 232 1100 16 0
233 wait 235 234 1100
233 wait 233 234 1300
233 irecv 237 2100 200 0
233 irecv 229 2300 200 0
233 send 237 2300 40 0
233 send 229 2100 40 0
233 wait 238 234 2100
233 wait 230 234 2300
233 irecv 9 3100 200 0
233 irecv 201 3300 200 0
233 send 9 3300 60 0
233 send 201 3100 60 0
233 wait 10 234 3100
233 wait 202 234 3300
233 irecv 234 1100 200 0
233 irecv 232 1300 200 0
233 send 234 1300 4 0
233 send 232 1100 4 0
233 wait 235 234 1100
233 wait 233 234 1300
233 irecv 237 2100 200 0
233 irecv 229 2300 200 0
233 send 237 2300 12 0
233 send 229 2100 12 0
233 wait 238 234 2100
233 wait 230 234 2300
233 irecv 9 3100 200 0
233 irecv 201 3300 200 0
233 send 9 3300 24 0
233 send 201 3100 24 0
233 wait 10 234 3100
233 wait 202 234 3300
233 irecv 234 1100 200 0
233 irecv 232 1300 200 0
233 send 234 1300 1 0
233 send 232 1100 1 0
233 wait 235 234 1100
233 wait 233 234 1300
233 irecv 237 2100 200 0
233 irecv 229 2300 200 0
233 send 237 2300 4 0
233 send 229 2100 4 0
233 wait 238 234 2100
233 wait 230 234 2300
233 irecv 9 3100 200 0
233 irecv 201 3300 200 0
233 send 9 3300 12 0
233 send 201 3100 12 0
233 wait 10 234 3100
233 wait 202 234 3300
233 send 234 1300 12 0
233 send 232 1100 6 0
233 send 41 3300 12 0
233 send 169 3100 6 0
233 irecv 237 2100 200 0
233 irecv 229 2300 200 0
233 wait 238 234 2100
233 wait 230 234 2300
233 send 9 3300 24 0
233 send 201 3100 12 0
233 irecv 234 1100 200 0
233 irecv 232 1300 200 0
233 send 234 1300 1 0
233 send 232 1100 1 0
233 wait 235 234 1100
233 wait 233 234 1300
233 irecv 237 2100 200 0
233 irecv 229 2300 200 0
233 send 237 2300 4 0
233 send 229 2100 4 0
233 wait 238 234 2100
233 wait 230 234 2300
233 irecv 9 3100 200 0
233 irecv 201 3300 200 0
233 send 9 3300 12 0
233 send 201 3100 12 0
233 wait 10 234 3100
233 wait 202 234 3300
233 irecv 234 1100 200 0
233 irecv 232 1300 200 0
233 send 234 1300 1 0
233 send 232 1100 1 0
233 wait 235 234 1100
233 wait 233 234 1300
233 irecv 237 2100 200 0
233 irecv 229 2300 200 0
233 send 237 2300 4 0
233 send 229 2100 4 0
233 wait 238 234 2100
233 wait 230 234 2300
233 irecv 9 3100 200 0
233 irecv 201 3300 200 0
233 send 9 3300 12 0
233 send 201 3100 12 0
233 wait 10 234 3100
233 wait 202 234 3300
233 irecv 234 1100 200 0
233 irecv 232 1300 200 0
233 send 234 1300 4 0
233 send 232 1100 4 0
233 wait 235 234 1100
233 wait 233 234 1300
233 irecv 237 2100 200 0
233 irecv 229 2300 200 0
233 send 237 2300 12 0
233 send 229 2100 12 0
233 wait 238 234 2100
233 wait 230 234 2300
233 irecv 9 3100 200 0
233 irecv 201 3300 200 0
233 send 9 3300 24 0
233 send 201 3100 24 0
233 wait 10 234 3100
233 wait 202 234 3300
233 irecv 234 1100 200 0
233 irecv 232 1300 200 0
233 send 234 1300 4 0
233 send 232 1100 4 0
233 wait 235 234 1100
233 wait 233 234 1300
233 irecv 237 2100 200 0
233 irecv 229 2300 200 0
233 send 237 2300 12 0
233 send 229 2100 12 0
233 wait 238 234 2100
233 wait 230 234 2300
233 irecv 9 3100 200 0
233 irecv 201 3300 200 0
233 send 9 3300 24 0
233 send 201 3100 24 0
233 wait 10 234 3100
233 wait 202 234 3300
233 irecv 234 1100 200 0
233 irecv 232 1300 200 0
233 send 234 1300 16 0
233 send 232 1100 16 0
233 wait 235 234 1100
233 wait 233 234 1300
233 irecv 237 2100 200 0
233 irecv 229 2300 200 0
233 send 237 2300 40 0
233 send 229 2100 40 0
233 wait 238 234 2100
233 wait 230 234 2300
233 irecv 9 3100 200 0
233 irecv 201 3300 200 0
233 send 9 3300 60 0
233 send 201 3100 60 0
233 wait 10 234 3100
233 wait 202 234 3300
233 irecv 234 1100 200 0
233 irecv 232 1300 200 0
233 send 234 1300 16 0
233 send 232 1100 16 0
233 wait 235 234 1100
233 wait 233 234 1300
233 irecv 237 2100 200 0
233 irecv 229 2300 200 0
233 send 237 2300 40 0
233 send 229 2100 40 0
233 wait 238 234 2100
233 wait 230 234 2300
233 irecv 9 3100 200 0
233 irecv 201 3300 200 0
233 send 9 3300 60 0
233 send 201 3100 60 0
233 wait 10 234 3100
233 wait 202 234 3300
233 irecv 234 1100 200 0
233 irecv 232 1300 200 0
233 send 234 1300 16 0
233 send 232 1100 16 0
233 wait 235 234 1100
233 wait 233 234 1300
233 irecv 237 2100 200 0
233 irecv 229 2300 200 0
233 send 237 2300 40 0
233 send 229 2100 40 0
233 wait 238 234 2100
233 wait 230 234 2300
233 irecv 9 3100 200 0
233 irecv 201 3300 200 0
233 send 9 3300 60 0
233 send 201 3100 60 0
233 wait 10 234 3100
233 wait 202 234 3300
233 irecv 234 1100 200 0
233 irecv 232 1300 200 0
233 send 234 1300 4 0
233 send 232 1100 4 0
233 wait 235 234 1100
233 wait 233 234 1300
233 irecv 237 2100 200 0
233 irecv 229 2300 200 0
233 send 237 2300 12 0
233 send 229 2100 12 0
233 wait 238 234 2100
233 wait 230 234 2300
233 irecv 9 3100 200 0
233 irecv 201 3300 200 0
233 send 9 3300 24 0
233 send 201 3100 24 0
233 wait 10 234 3100
233 wait 202 234 3300
233 irecv 234 1100 200 0
233 irecv 232 1300 200 0
233 send 234 1300 1 0
233 send 232 1100 1 0
233 wait 235 234 1100
233 wait 233 234 1300
233 irecv 237 2100 200 0
233 irecv 229 2300 200 0
233 send 237 2300 4 0
233 send 229 2100 4 0
233 wait 238 234 2100
233 wait 230 234 2300
233 irecv 9 3100 200 0
233 irecv 201 3300 200 0
233 send 9 3300 12 0
233 send 201 3100 12 0
233 wait 10 234 3100
233 wait 202 234 3300
233 send 234 1300 12 0
233 send 232 1100 6 0
233 send 41 3300 12 0
233 send 169 3100 6 0
233 irecv 237 2100 200 0
233 irecv 229 2300 200 0
233 wait 238 234 2100
233 wait 230 234 2300
233 send 9 3300 24 0
233 send 201 3100 12 0
233 irecv 234 1100 200 0
233 irecv 232 1300 200 0
233 send 234 1300 1 0
233 send 232 1100 1 0
233 wait 235 234 1100
233 wait 233 234 1300
233 irecv 237 2100 200 0
233 irecv 229 2300 200 0
233 send 237 2300 4 0
233 send 229 2100 4 0
233 wait 238 234 2100
233 wait 230 234 2300
233 irecv 9 3100 200 0
233 irecv 201 3300 200 0
233 send 9 3300 12 0
233 send 201 3100 12 0
233 wait 10 234 3100
233 wait 202 234 3300
233 irecv 234 1100 200 0
233 irecv 232 1300 200 0
233 send 234 1300 1 0
233 send 232 1100 1 0
233 wait 235 234 1100
233 wait 233 234 1300
233 irecv 237 2100 200 0
233 irecv 229 2300 200 0
233 send 237 2300 4 0
233 send 229 2100 4 0
233 wait 238 234 2100
233 wait 230 234 2300
233 irecv 9 3100 200 0
233 irecv 201 3300 200 0
233 send 9 3300 12 0
233 send 201 3100 12 0
233 wait 10 234 3100
233 wait 202 234 3300
233 irecv 234 1100 200 0
233 irecv 232 1300 200 0
233 send 234 1300 4 0
233 send 232 1100 4 0
233 wait 235 234 1100
233 wait 233 234 1300
233 irecv 237 2100 200 0
233 irecv 229 2300 200 0
233 send 237 2300 12 0
233 send 229 2100 12 0
233 wait 238 234 2100
233 wait 230 234 2300
233 irecv 9 3100 200 0
233 irecv 201 3300 200 0
233 send 9 3300 24 0
233 send 201 3100 24 0
233 wait 10 234 3100
233 wait 202 234 3300
233 irecv 234 1100 200 0
233 irecv 232 1300 200 0
233 send 234 1300 4 0
233 send 232 1100 4 0
233 wait 235 234 1100
233 wait 233 234 1300
233 irecv 237 2100 200 0
233 irecv 229 2300 200 0
233 send 237 2300 12 0
233 send 229 2100 12 0
233 wait 238 234 2100
233 wait 230 234 2300
233 irecv 9 3100 200 0
233 irecv 201 3300 200 0
233 send 9 3300 24 0
233 send 201 3100 24 0
233 wait 10 234 3100
233 wait 202 234 3300
233 irecv 234 1100 200 0
233 irecv 232 1300 200 0
233 send 234 1300 16 0
233 send 232 1100 16 0
233 wait 235 234 1100
233 wait 233 234 1300
233 irecv 237 2100 200 0
233 irecv 229 2300 200 0
233 send 237 2300 40 0
233 send 229 2100 40 0
233 wait 238 234 2100
233 wait 230 234 2300
233 irecv 9 3100 200 0
233 irecv 201 3300 200 0
233 send 9 3300 60 0
233 send 201 3100 60 0
233 wait 10 234 3100
233 wait 202 234 3300
233 irecv 234 1100 200 0
233 irecv 232 1300 200 0
233 send 234 1300 16 0
233 send 232 1100 16 0
233 wait 235 234 1100
233 wait 233 234 1300
233 irecv 237 2100 200 0
233 irecv 229 2300 200 0
233 send 237 2300 40 0
233 send 229 2100 40 0
233 wait 238 234 2100
233 wait 230 234 2300
233 irecv 9 3100 200 0
233 irecv 201 3300 200 0
233 send 9 3300 60 0
233 send 201 3100 60 0
233 wait 10 234 3100
233 wait 202 234 3300
233 irecv 234 1100 200 0
233 irecv 232 1300 200 0
233 send 234 1300 16 0
233 send 232 1100 16 0
233 wait 235 234 1100
233 wait 233 234 1300
233 irecv 237 2100 200 0
233 irecv 229 2300 200 0
233 send 237 2300 40 0
233 send 229 2100 40 0
233 wait 238 234 2100
233 wait 230 234 2300
233 irecv 9 3100 200 0
233 irecv 201 3300 200 0
233 send 9 3300 60 0
233 send 201 3100 60 0
233 wait 10 234 3100
233 wait 202 234 3300
233 irecv 234 1100 200 0
233 irecv 232 1300 200 0
233 send 234 1300 4 0
233 send 232 1100 4 0
233 wait 235 234 1100
233 wait 233 234 1300
233 irecv 237 2100 200 0
233 irecv 229 2300 200 0
233 send 237 2300 12 0
233 send 229 2100 12 0
233 wait 238 234 2100
233 wait 230 234 2300
233 irecv 9 3100 200 0
233 irecv 201 3300 200 0
233 send 9 3300 24 0
233 send 201 3100 24 0
233 wait 10 234 3100
233 wait 202 234 3300
233 irecv 234 1100 200 0
233 irecv 232 1300 200 0
233 send 234 1300 1 0
233 send 232 1100 1 0
233 wait 235 234 1100
233 wait 233 234 1300
233 irecv 237 2100 200 0
233 irecv 229 2300 200 0
233 send 237 2300 4 0
233 send 229 2100 4 0
233 wait 238 234 2100
233 wait 230 234 2300
233 irecv 9 3100 200 0
233 irecv 201 3300 200 0
233 send 9 3300 12 0
233 send 201 3100 12 0
233 wait 10 234 3100
233 wait 202 234 3300
233 send 234 1300 12 0
233 send 232 1100 6 0
233 send 41 3300 12 0
233 send 169 3100 6 0
233 irecv 237 2100 200 0
233 irecv 229 2300 200 0
233 wait 238 234 2100
233 wait 230 234 2300
233 send 9 3300 24 0
233 send 201 3100 12 0
233 irecv 234 1100 200 0
233 irecv 232 1300 200 0
233 send 234 1300 1 0
233 send 232 1100 1 0
233 wait 235 234 1100
233 wait 233 234 1300
233 irecv 237 2100 200 0
233 irecv 229 2300 200 0
233 send 237 2300 4 0
233 send 229 2100 4 0
233 wait 238 234 2100
233 wait 230 234 2300
233 irecv 9 3100 200 0
233 irecv 201 3300 200 0
233 send 9 3300 12 0
233 send 201 3100 12 0
233 wait 10 234 3100
233 wait 202 234 3300
233 irecv 234 1100 200 0
233 irecv 232 1300 200 0
233 send 234 1300 1 0
233 send 232 1100 1 0
233 wait 235 234 1100
233 wait 233 234 1300
233 irecv 237 2100 200 0
233 irecv 229 2300 200 0
233 send 237 2300 4 0
233 send 229 2100 4 0
233 wait 238 234 2100
233 wait 230 234 2300
233 irecv 9 3100 200 0
233 irecv 201 3300 200 0
233 send 9 3300 12 0
233 send 201 3100 12 0
233 wait 10 234 3100
233 wait 202 234 3300
233 irecv 234 1100 200 0
233 irecv 232 1300 200 0
233 send 234 1300 4 0
233 send 232 1100 4 0
233 wait 235 234 1100
233 wait 233 234 1300
233 irecv 237 2100 200 0
233 irecv 229 2300 200 0
233 send 237 2300 12 0
233 send 229 2100 12 0
233 wait 238 234 2100
233 wait 230 234 2300
233 irecv 9 3100 200 0
233 irecv 201 3300 200 0
233 send 9 3300 24 0
233 send 201 3100 24 0
233 wait 10 234 3100
233 wait 202 234 3300
233 irecv 234 1100 200 0
233 irecv 232 1300 200 0
233 send 234 1300 4 0
233 send 232 1100 4 0
233 wait 235 234 1100
233 wait 233 234 1300
233 irecv 237 2100 200 0
233 irecv 229 2300 200 0
233 send 237 2300 12 0
233 send 229 2100 12 0
233 wait 238 234 2100
233 wait 230 234 2300
233 irecv 9 3100 200 0
233 irecv 201 3300 200 0
233 send 9 3300 24 0
233 send 201 3100 24 0
233 wait 10 234 3100
233 wait 202 234 3300
233 irecv 234 1100 200 0
233 irecv 232 1300 200 0
233 send 234 1300 16 0
233 send 232 1100 16 0
233 wait 235 234 1100
233 wait 233 234 1300
233 irecv 237 2100 200 0
233 irecv 229 2300 200 0
233 send 237 2300 40 0
233 send 229 2100 40 0
233 wait 238 234 2100
233 wait 230 234 2300
233 irecv 9 3100 200 0
233 irecv 201 3300 200 0
233 send 9 3300 60 0
233 send 201 3100 60 0
233 wait 10 234 3100
233 wait 202 234 3300
233 irecv 234 1100 200 0
233 irecv 232 1300 200 0
233 send 234 1300 16 0
233 send 232 1100 16 0
233 wait 235 234 1100
233 wait 233 234 1300
233 irecv 237 2100 200 0
233 irecv 229 2300 200 0
233 send 237 2300 40 0
233 send 229 2100 40 0
233 wait 238 234 2100
233 wait 230 234 2300
233 irecv 9 3100 200 0
233 irecv 201 3300 200 0
233 send 9 3300 60 0
233 send 201 3100 60 0
233 wait 10 234 3100
233 wait 202 234 3300
233 irecv 234 1100 200 0
233 irecv 232 1300 200 0
233 send 234 1300 16 0
233 send 232 1100 16 0
233 wait 235 234 1100
233 wait 233 234 1300
233 irecv 237 2100 200 0
233 irecv 229 2300 200 0
233 send 237 2300 40 0
233 send 229 2100 40 0
233 wait 238 234 2100
233 wait 230 234 2300
233 irecv 9 3100 200 0
233 irecv 201 3300 200 0
233 send 9 3300 60 0
233 send 201 3100 60 0
233 wait 10 234 3100
233 wait 202 234 3300
233 allreduce 1 0 0 
233 allreduce 1 0 0 
233 reduce 1 0 0 0 
233 finalize
