73 init
73 barrier
73 bcast 1 0 1 
73 bcast 1 0 1 
73 bcast 1 0 1 
73 bcast 1 0 1 
73 bcast 1 0 1 
73 bcast 8 0 1 
73 bcast 1 0 16 
73 barrier
73 allreduce 1 0 0 
73 allreduce 4 0 1 
73 allreduce 1 0 0 
73 allreduce 4 0 1 
73 allreduce 1 0 0 
73 allreduce 4 0 1 
73 allreduce 1 0 0 
73 allreduce 4 0 1 
73 allreduce 1 0 0 
73 allreduce 4 0 1 
73 allreduce 1 0 0 
73 allreduce 4 0 1 
73 allreduce 1 0 0 
73 allreduce 4 0 1 
73 allreduce 1 0 0 
73 allreduce 4 0 1 
73 allreduce 1 0 0 
73 allreduce 4 0 1 
73 allreduce 1 0 0 
73 allreduce 4 0 1 
73 allreduce 1 0 0 
73 allreduce 4 0 1 
73 allreduce 1 0 0 
73 allreduce 4 0 1 
73 allreduce 1 0 0 
73 allreduce 4 0 1 
73 allreduce 1 0 0 
73 allreduce 4 0 1 
73 allreduce 1 0 0 
73 allreduce 4 0 1 
73 allreduce 1 0 0 
73 allreduce 4 0 1 
73 allreduce 1 0 0 
73 allreduce 4 0 1 
73 allreduce 1 0 0 
73 allreduce 4 0 1 
73 allreduce 1 0 0 
73 allreduce 4 0 1 
73 allreduce 1 0 0 
73 allreduce 4 0 1 
73 barrier
73 irecv 74 1100 200 0
73 irecv 72 1300 200 0
73 send 74 1300 16 0
73 send 72 1100 16 0
73 wait 75 74 1100
73 wait 73 74 1300
73 irecv 77 2100 200 0
73 irecv 69 2300 200 0
73 send 77 2300 40 0
73 send 69 2100 40 0
73 wait 78 74 2100
73 wait 70 74 2300
73 irecv 105 3100 200 0
73 irecv 41 3300 200 0
73 send 105 3300 60 0
73 send 41 3100 60 0
73 wait 106 74 3100
73 wait 42 74 3300
73 allreduce 1 0 0 
73 allreduce 1 0 0 
73 irecv 74 1100 200 0
73 irecv 72 1300 200 0
73 send 74 1300 16 0
73 send 72 1100 16 0
73 wait 75 74 1100
73 wait 73 74 1300
73 irecv 77 2100 200 0
73 irecv 69 2300 200 0
73 send 77 2300 40 0
73 send 69 2100 40 0
73 wait 78 74 2100
73 wait 70 74 2300
73 irecv 105 3100 200 0
73 irecv 41 3300 200 0
73 send 105 3300 60 0
73 send 41 3100 60 0
73 wait 106 74 3100
73 wait 42 74 3300
73 allreduce 1 0 0 
73 allreduce 1 0 0 
73 irecv 74 1100 200 0
73 irecv 72 1300 200 0
73 send 74 1300 4 0
73 send 72 1100 4 0
73 wait 75 74 1100
73 wait 73 74 1300
73 irecv 77 2100 200 0
73 irecv 69 2300 200 0
73 send 77 2300 12 0
73 send 69 2100 12 0
73 wait 78 74 2100
73 wait 70 74 2300
73 irecv 105 3100 200 0
73 irecv 41 3300 200 0
73 send 105 3300 24 0
73 send 41 3100 24 0
73 wait 106 74 3100
73 wait 42 74 3300
73 irecv 74 1100 200 0
73 irecv 72 1300 200 0
73 send 74 1300 1 0
73 send 72 1100 1 0
73 wait 75 74 1100
73 wait 73 74 1300
73 irecv 77 2100 200 0
73 irecv 69 2300 200 0
73 send 77 2300 4 0
73 send 69 2100 4 0
73 wait 78 74 2100
73 wait 70 74 2300
73 irecv 105 3100 200 0
73 irecv 41 3300 200 0
73 send 105 3300 12 0
73 send 41 3100 12 0
73 wait 106 74 3100
73 wait 42 74 3300
73 send 74 1300 8 0
73 send 72 1100 4 0
73 irecv 77 2100 200 0
73 irecv 69 2300 200 0
73 wait 78 74 2100
73 wait 70 74 2300
73 irecv 105 3100 200 0
73 irecv 41 3300 200 0
73 wait 106 74 3100
73 wait 42 74 3300
73 irecv 74 1100 200 0
73 irecv 72 1300 200 0
73 send 74 1300 1 0
73 send 72 1100 1 0
73 wait 75 74 1100
73 wait 73 74 1300
73 irecv 77 2100 200 0
73 irecv 69 2300 200 0
73 send 77 2300 4 0
73 send 69 2100 4 0
73 wait 78 74 2100
73 wait 70 74 2300
73 irecv 105 3100 200 0
73 irecv 41 3300 200 0
73 send 105 3300 12 0
73 send 41 3100 12 0
73 wait 106 74 3100
73 wait 42 74 3300
73 irecv 74 1100 200 0
73 irecv 72 1300 200 0
73 send 74 1300 1 0
73 send 72 1100 1 0
73 wait 75 74 1100
73 wait 73 74 1300
73 irecv 77 2100 200 0
73 irecv 69 2300 200 0
73 send 77 2300 4 0
73 send 69 2100 4 0
73 wait 78 74 2100
73 wait 70 74 2300
73 irecv 105 3100 200 0
73 irecv 41 3300 200 0
73 send 105 3300 12 0
73 send 41 3100 12 0
73 wait 106 74 3100
73 wait 42 74 3300
73 irecv 74 1100 200 0
73 irecv 72 1300 200 0
73 send 74 1300 4 0
73 send 72 1100 4 0
73 wait 75 74 1100
73 wait 73 74 1300
73 irecv 77 2100 200 0
73 irecv 69 2300 200 0
73 send 77 2300 12 0
73 send 69 2100 12 0
73 wait 78 74 2100
73 wait 70 74 2300
73 irecv 105 3100 200 0
73 irecv 41 3300 200 0
73 send 105 3300 24 0
73 send 41 3100 24 0
73 wait 106 74 3100
73 wait 42 74 3300
73 irecv 74 1100 200 0
73 irecv 72 1300 200 0
73 send 74 1300 4 0
73 send 72 1100 4 0
73 wait 75 74 1100
73 wait 73 74 1300
73 irecv 77 2100 200 0
73 irecv 69 2300 200 0
73 send 77 2300 12 0
73 send 69 2100 12 0
73 wait 78 74 2100
73 wait 70 74 2300
73 irecv 105 3100 200 0
73 irecv 41 3300 200 0
73 send 105 3300 24 0
73 send 41 3100 24 0
73 wait 106 74 3100
73 wait 42 74 3300
73 irecv 74 1100 200 0
73 irecv 72 1300 200 0
73 send 74 1300 16 0
73 send 72 1100 16 0
73 wait 75 74 1100
73 wait 73 74 1300
73 irecv 77 2100 200 0
73 irecv 69 2300 200 0
73 send 77 2300 40 0
73 send 69 2100 40 0
73 wait 78 74 2100
73 wait 70 74 2300
73 irecv 105 3100 200 0
73 irecv 41 3300 200 0
73 send 105 3300 60 0
73 send 41 3100 60 0
73 wait 106 74 3100
73 wait 42 74 3300
73 irecv 74 1100 200 0
73 irecv 72 1300 200 0
73 send 74 1300 16 0
73 send 72 1100 16 0
73 wait 75 74 1100
73 wait 73 74 1300
73 irecv 77 2100 200 0
73 irecv 69 2300 200 0
73 send 77 2300 40 0
73 send 69 2100 40 0
73 wait 78 74 2100
73 wait 70 74 2300
73 irecv 105 3100 200 0
73 irecv 41 3300 200 0
73 send 105 3300 60 0
73 send 41 3100 60 0
73 wait 106 74 3100
73 wait 42 74 3300
73 irecv 74 1100 200 0
73 irecv 72 1300 200 0
73 send 74 1300 16 0
73 send 72 1100 16 0
73 wait 75 74 1100
73 wait 73 74 1300
73 irecv 77 2100 200 0
73 irecv 69 2300 200 0
73 send 77 2300 40 0
73 send 69 2100 40 0
73 wait 78 74 2100
73 wait 70 74 2300
73 irecv 105 3100 200 0
73 irecv 41 3300 200 0
73 send 105 3300 60 0
73 send 41 3100 60 0
73 wait 106 74 3100
73 wait 42 74 3300
73 barrier
73 allreduce 1 0 0 
73 allreduce 4 0 1 
73 allreduce 1 0 0 
73 allreduce 4 0 1 
73 allreduce 1 0 0 
73 allreduce 4 0 1 
73 allreduce 1 0 0 
73 allreduce 4 0 1 
73 allreduce 1 0 0 
73 allreduce 4 0 1 
73 allreduce 1 0 0 
73 allreduce 4 0 1 
73 allreduce 1 0 0 
73 allreduce 4 0 1 
73 allreduce 1 0 0 
73 allreduce 4 0 1 
73 allreduce 1 0 0 
73 allreduce 4 0 1 
73 allreduce 1 0 0 
73 allreduce 4 0 1 
73 allreduce 1 0 0 
73 allreduce 4 0 1 
73 allreduce 1 0 0 
73 allreduce 4 0 1 
73 allreduce 1 0 0 
73 allreduce 4 0 1 
73 allreduce 1 0 0 
73 allreduce 4 0 1 
73 allreduce 1 0 0 
73 allreduce 4 0 1 
73 allreduce 1 0 0 
73 allreduce 4 0 1 
73 allreduce 1 0 0 
73 allreduce 4 0 1 
73 allreduce 1 0 0 
73 allreduce 4 0 1 
73 allreduce 1 0 0 
73 allreduce 4 0 1 
73 allreduce 1 0 0 
73 allreduce 4 0 1 
73 barrier
73 irecv 74 1100 200 0
73 irecv 72 1300 200 0
73 send 74 1300 16 0
73 send 72 1100 16 0
73 wait 75 74 1100
73 wait 73 74 1300
73 irecv 77 2100 200 0
73 irecv 69 2300 200 0
73 send 77 2300 40 0
73 send 69 2100 40 0
73 wait 78 74 2100
73 wait 70 74 2300
73 irecv 105 3100 200 0
73 irecv 41 3300 200 0
73 send 105 3300 60 0
73 send 41 3100 60 0
73 wait 106 74 3100
73 wait 42 74 3300
73 barrier
73 irecv 74 1100 200 0
73 irecv 72 1300 200 0
73 send 74 1300 16 0
73 send 72 1100 16 0
73 wait 75 74 1100
73 wait 73 74 1300
73 irecv 77 2100 200 0
73 irecv 69 2300 200 0
73 send 77 2300 40 0
73 send 69 2100 40 0
73 wait 78 74 2100
73 wait 70 74 2300
73 irecv 105 3100 200 0
73 irecv 41 3300 200 0
73 send 105 3300 60 0
73 send 41 3100 60 0
73 wait 106 74 3100
73 wait 42 74 3300
73 allreduce 1 0 0 
73 allreduce 1 0 0 
73 irecv 74 1100 200 0
73 irecv 72 1300 200 0
73 send 74 1300 4 0
73 send 72 1100 4 0
73 wait 75 74 1100
73 wait 73 74 1300
73 irecv 77 2100 200 0
73 irecv 69 2300 200 0
73 send 77 2300 12 0
73 send 69 2100 12 0
73 wait 78 74 2100
73 wait 70 74 2300
73 irecv 105 3100 200 0
73 irecv 41 3300 200 0
73 send 105 3300 24 0
73 send 41 3100 24 0
73 wait 106 74 3100
73 wait 42 74 3300
73 irecv 74 1100 200 0
73 irecv 72 1300 200 0
73 send 74 1300 1 0
73 send 72 1100 1 0
73 wait 75 74 1100
73 wait 73 74 1300
73 irecv 77 2100 200 0
73 irecv 69 2300 200 0
73 send 77 2300 4 0
73 send 69 2100 4 0
73 wait 78 74 2100
73 wait 70 74 2300
73 irecv 105 3100 200 0
73 irecv 41 3300 200 0
73 send 105 3300 12 0
73 send 41 3100 12 0
73 wait 106 74 3100
73 wait 42 74 3300
73 send 74 1300 8 0
73 send 72 1100 4 0
73 irecv 77 2100 200 0
73 irecv 69 2300 200 0
73 wait 78 74 2100
73 wait 70 74 2300
73 irecv 105 3100 200 0
73 irecv 41 3300 200 0
73 wait 106 74 3100
73 wait 42 74 3300
73 irecv 74 1100 200 0
73 irecv 72 1300 200 0
73 send 74 1300 1 0
73 send 72 1100 1 0
73 wait 75 74 1100
73 wait 73 74 1300
73 irecv 77 2100 200 0
73 irecv 69 2300 200 0
73 send 77 2300 4 0
73 send 69 2100 4 0
73 wait 78 74 2100
73 wait 70 74 2300
73 irecv 105 3100 200 0
73 irecv 41 3300 200 0
73 send 105 3300 12 0
73 send 41 3100 12 0
73 wait 106 74 3100
73 wait 42 74 3300
73 irecv 74 1100 200 0
73 irecv 72 1300 200 0
73 send 74 1300 1 0
73 send 72 1100 1 0
73 wait 75 74 1100
73 wait 73 74 1300
73 irecv 77 2100 200 0
73 irecv 69 2300 200 0
73 send 77 2300 4 0
73 send 69 2100 4 0
73 wait 78 74 2100
73 wait 70 74 2300
73 irecv 105 3100 200 0
73 irecv 41 3300 200 0
73 send 105 3300 12 0
73 send 41 3100 12 0
73 wait 106 74 3100
73 wait 42 74 3300
73 irecv 74 1100 200 0
73 irecv 72 1300 200 0
73 send 74 1300 4 0
73 send 72 1100 4 0
73 wait 75 74 1100
73 wait 73 74 1300
73 irecv 77 2100 200 0
73 irecv 69 2300 200 0
73 send 77 2300 12 0
73 send 69 2100 12 0
73 wait 78 74 2100
73 wait 70 74 2300
73 irecv 105 3100 200 0
73 irecv 41 3300 200 0
73 send 105 3300 24 0
73 send 41 3100 24 0
73 wait 106 74 3100
73 wait 42 74 3300
73 irecv 74 1100 200 0
73 irecv 72 1300 200 0
73 send 74 1300 4 0
73 send 72 1100 4 0
73 wait 75 74 1100
73 wait 73 74 1300
73 irecv 77 2100 200 0
73 irecv 69 2300 200 0
73 send 77 2300 12 0
73 send 69 2100 12 0
73 wait 78 74 2100
73 wait 70 74 2300
73 irecv 105 3100 200 0
73 irecv 41 3300 200 0
73 send 105 3300 24 0
73 send 41 3100 24 0
73 wait 106 74 3100
73 wait 42 74 3300
73 irecv 74 1100 200 0
73 irecv 72 1300 200 0
73 send 74 1300 16 0
73 send 72 1100 16 0
73 wait 75 74 1100
73 wait 73 74 1300
73 irecv 77 2100 200 0
73 irecv 69 2300 200 0
73 send 77 2300 40 0
73 send 69 2100 40 0
73 wait 78 74 2100
73 wait 70 74 2300
73 irecv 105 3100 200 0
73 irecv 41 3300 200 0
73 send 105 3300 60 0
73 send 41 3100 60 0
73 wait 106 74 3100
73 wait 42 74 3300
73 irecv 74 1100 200 0
73 irecv 72 1300 200 0
73 send 74 1300 16 0
73 send 72 1100 16 0
73 wait 75 74 1100
73 wait 73 74 1300
73 irecv 77 2100 200 0
73 irecv 69 2300 200 0
73 send 77 2300 40 0
73 send 69 2100 40 0
73 wait 78 74 2100
73 wait 70 74 2300
73 irecv 105 3100 200 0
73 irecv 41 3300 200 0
73 send 105 3300 60 0
73 send 41 3100 60 0
73 wait 106 74 3100
73 wait 42 74 3300
73 irecv 74 1100 200 0
73 irecv 72 1300 200 0
73 send 74 1300 16 0
73 send 72 1100 16 0
73 wait 75 74 1100
73 wait 73 74 1300
73 irecv 77 2100 200 0
73 irecv 69 2300 200 0
73 send 77 2300 40 0
73 send 69 2100 40 0
73 wait 78 74 2100
73 wait 70 74 2300
73 irecv 105 3100 200 0
73 irecv 41 3300 200 0
73 send 105 3300 60 0
73 send 41 3100 60 0
73 wait 106 74 3100
73 wait 42 74 3300
73 irecv 74 1100 200 0
73 irecv 72 1300 200 0
73 send 74 1300 4 0
73 send 72 1100 4 0
73 wait 75 74 1100
73 wait 73 74 1300
73 irecv 77 2100 200 0
73 irecv 69 2300 200 0
73 send 77 2300 12 0
73 send 69 2100 12 0
73 wait 78 74 2100
73 wait 70 74 2300
73 irecv 105 3100 200 0
73 irecv 41 3300 200 0
73 send 105 3300 24 0
73 send 41 3100 24 0
73 wait 106 74 3100
73 wait 42 74 3300
73 irecv 74 1100 200 0
73 irecv 72 1300 200 0
73 send 74 1300 1 0
73 send 72 1100 1 0
73 wait 75 74 1100
73 wait 73 74 1300
73 irecv 77 2100 200 0
73 irecv 69 2300 200 0
73 send 77 2300 4 0
73 send 69 2100 4 0
73 wait 78 74 2100
73 wait 70 74 2300
73 irecv 105 3100 200 0
73 irecv 41 3300 200 0
73 send 105 3300 12 0
73 send 41 3100 12 0
73 wait 106 74 3100
73 wait 42 74 3300
73 send 74 1300 8 0
73 send 72 1100 4 0
73 irecv 77 2100 200 0
73 irecv 69 2300 200 0
73 wait 78 74 2100
73 wait 70 74 2300
73 irecv 105 3100 200 0
73 irecv 41 3300 200 0
73 wait 106 74 3100
73 wait 42 74 3300
73 irecv 74 1100 200 0
73 irecv 72 1300 200 0
73 send 74 1300 1 0
73 send 72 1100 1 0
73 wait 75 74 1100
73 wait 73 74 1300
73 irecv 77 2100 200 0
73 irecv 69 2300 200 0
73 send 77 2300 4 0
73 send 69 2100 4 0
73 wait 78 74 2100
73 wait 70 74 2300
73 irecv 105 3100 200 0
73 irecv 41 3300 200 0
73 send 105 3300 12 0
73 send 41 3100 12 0
73 wait 106 74 3100
73 wait 42 74 3300
73 irecv 74 1100 200 0
73 irecv 72 1300 200 0
73 send 74 1300 1 0
73 send 72 1100 1 0
73 wait 75 74 1100
73 wait 73 74 1300
73 irecv 77 2100 200 0
73 irecv 69 2300 200 0
73 send 77 2300 4 0
73 send 69 2100 4 0
73 wait 78 74 2100
73 wait 70 74 2300
73 irecv 105 3100 200 0
73 irecv 41 3300 200 0
73 send 105 3300 12 0
73 send 41 3100 12 0
73 wait 106 74 3100
73 wait 42 74 3300
73 irecv 74 1100 200 0
73 irecv 72 1300 200 0
73 send 74 1300 4 0
73 send 72 1100 4 0
73 wait 75 74 1100
73 wait 73 74 1300
73 irecv 77 2100 200 0
73 irecv 69 2300 200 0
73 send 77 2300 12 0
73 send 69 2100 12 0
73 wait 78 74 2100
73 wait 70 74 2300
73 irecv 105 3100 200 0
73 irecv 41 3300 200 0
73 send 105 3300 24 0
73 send 41 3100 24 0
73 wait 106 74 3100
73 wait 42 74 3300
73 irecv 74 1100 200 0
73 irecv 72 1300 200 0
73 send 74 1300 4 0
73 send 72 1100 4 0
73 wait 75 74 1100
73 wait 73 74 1300
73 irecv 77 2100 200 0
73 irecv 69 2300 200 0
73 send 77 2300 12 0
73 send 69 2100 12 0
73 wait 78 74 2100
73 wait 70 74 2300
73 irecv 105 3100 200 0
73 irecv 41 3300 200 0
73 send 105 3300 24 0
73 send 41 3100 24 0
73 wait 106 74 3100
73 wait 42 74 3300
73 irecv 74 1100 200 0
73 irecv 72 1300 200 0
73 send 74 1300 16 0
73 send 72 1100 16 0
73 wait 75 74 1100
73 wait 73 74 1300
73 irecv 77 2100 200 0
73 irecv 69 2300 200 0
73 send 77 2300 40 0
73 send 69 2100 40 0
73 wait 78 74 2100
73 wait 70 74 2300
73 irecv 105 3100 200 0
73 irecv 41 3300 200 0
73 send 105 3300 60 0
73 send 41 3100 60 0
73 wait 106 74 3100
73 wait 42 74 3300
73 irecv 74 1100 200 0
73 irecv 72 1300 200 0
73 send 74 1300 16 0
73 send 72 1100 16 0
73 wait 75 74 1100
73 wait 73 74 1300
73 irecv 77 2100 200 0
73 irecv 69 2300 200 0
73 send 77 2300 40 0
73 send 69 2100 40 0
73 wait 78 74 2100
73 wait 70 74 2300
73 irecv 105 3100 200 0
73 irecv 41 3300 200 0
73 send 105 3300 60 0
73 send 41 3100 60 0
73 wait 106 74 3100
73 wait 42 74 3300
73 irecv 74 1100 200 0
73 irecv 72 1300 200 0
73 send 74 1300 16 0
73 send 72 1100 16 0
73 wait 75 74 1100
73 wait 73 74 1300
73 irecv 77 2100 200 0
73 irecv 69 2300 200 0
73 send 77 2300 40 0
73 send 69 2100 40 0
73 wait 78 74 2100
73 wait 70 74 2300
73 irecv 105 3100 200 0
73 irecv 41 3300 200 0
73 send 105 3300 60 0
73 send 41 3100 60 0
73 wait 106 74 3100
73 wait 42 74 3300
73 irecv 74 1100 200 0
73 irecv 72 1300 200 0
73 send 74 1300 4 0
73 send 72 1100 4 0
73 wait 75 74 1100
73 wait 73 74 1300
73 irecv 77 2100 200 0
73 irecv 69 2300 200 0
73 send 77 2300 12 0
73 send 69 2100 12 0
73 wait 78 74 2100
73 wait 70 74 2300
73 irecv 105 3100 200 0
73 irecv 41 3300 200 0
73 send 105 3300 24 0
73 send 41 3100 24 0
73 wait 106 74 3100
73 wait 42 74 3300
73 irecv 74 1100 200 0
73 irecv 72 1300 200 0
73 send 74 1300 1 0
73 send 72 1100 1 0
73 wait 75 74 1100
73 wait 73 74 1300
73 irecv 77 2100 200 0
73 irecv 69 2300 200 0
73 send 77 2300 4 0
73 send 69 2100 4 0
73 wait 78 74 2100
73 wait 70 74 2300
73 irecv 105 3100 200 0
73 irecv 41 3300 200 0
73 send 105 3300 12 0
73 send 41 3100 12 0
73 wait 106 74 3100
73 wait 42 74 3300
73 send 74 1300 8 0
73 send 72 1100 4 0
73 irecv 77 2100 200 0
73 irecv 69 2300 200 0
73 wait 78 74 2100
73 wait 70 74 2300
73 irecv 105 3100 200 0
73 irecv 41 3300 200 0
73 wait 106 74 3100
73 wait 42 74 3300
73 irecv 74 1100 200 0
73 irecv 72 1300 200 0
73 send 74 1300 1 0
73 send 72 1100 1 0
73 wait 75 74 1100
73 wait 73 74 1300
73 irecv 77 2100 200 0
73 irecv 69 2300 200 0
73 send 77 2300 4 0
73 send 69 2100 4 0
73 wait 78 74 2100
73 wait 70 74 2300
73 irecv 105 3100 200 0
73 irecv 41 3300 200 0
73 send 105 3300 12 0
73 send 41 3100 12 0
73 wait 106 74 3100
73 wait 42 74 3300
73 irecv 74 1100 200 0
73 irecv 72 1300 200 0
73 send 74 1300 1 0
73 send 72 1100 1 0
73 wait 75 74 1100
73 wait 73 74 1300
73 irecv 77 2100 200 0
73 irecv 69 2300 200 0
73 send 77 2300 4 0
73 send 69 2100 4 0
73 wait 78 74 2100
73 wait 70 74 2300
73 irecv 105 3100 200 0
73 irecv 41 3300 200 0
73 send 105 3300 12 0
73 send 41 3100 12 0
73 wait 106 74 3100
73 wait 42 74 3300
73 irecv 74 1100 200 0
73 irecv 72 1300 200 0
73 send 74 1300 4 0
73 send 72 1100 4 0
73 wait 75 74 1100
73 wait 73 74 1300
73 irecv 77 2100 200 0
73 irecv 69 2300 200 0
73 send 77 2300 12 0
73 send 69 2100 12 0
73 wait 78 74 2100
73 wait 70 74 2300
73 irecv 105 3100 200 0
73 irecv 41 3300 200 0
73 send 105 3300 24 0
73 send 41 3100 24 0
73 wait 106 74 3100
73 wait 42 74 3300
73 irecv 74 1100 200 0
73 irecv 72 1300 200 0
73 send 74 1300 4 0
73 send 72 1100 4 0
73 wait 75 74 1100
73 wait 73 74 1300
73 irecv 77 2100 200 0
73 irecv 69 2300 200 0
73 send 77 2300 12 0
73 send 69 2100 12 0
73 wait 78 74 2100
73 wait 70 74 2300
73 irecv 105 3100 200 0
73 irecv 41 3300 200 0
73 send 105 3300 24 0
73 send 41 3100 24 0
73 wait 106 74 3100
73 wait 42 74 3300
73 irecv 74 1100 200 0
73 irecv 72 1300 200 0
73 send 74 1300 16 0
73 send 72 1100 16 0
73 wait 75 74 1100
73 wait 73 74 1300
73 irecv 77 2100 200 0
73 irecv 69 2300 200 0
73 send 77 2300 40 0
73 send 69 2100 40 0
73 wait 78 74 2100
73 wait 70 74 2300
73 irecv 105 3100 200 0
73 irecv 41 3300 200 0
73 send 105 3300 60 0
73 send 41 3100 60 0
73 wait 106 74 3100
73 wait 42 74 3300
73 irecv 74 1100 200 0
73 irecv 72 1300 200 0
73 send 74 1300 16 0
73 send 72 1100 16 0
73 wait 75 74 1100
73 wait 73 74 1300
73 irecv 77 2100 200 0
73 irecv 69 2300 200 0
73 send 77 2300 40 0
73 send 69 2100 40 0
73 wait 78 74 2100
73 wait 70 74 2300
73 irecv 105 3100 200 0
73 irecv 41 3300 200 0
73 send 105 3300 60 0
73 send 41 3100 60 0
73 wait 106 74 3100
73 wait 42 74 3300
73 irecv 74 1100 200 0
73 irecv 72 1300 200 0
73 send 74 1300 16 0
73 send 72 1100 16 0
73 wait 75 74 1100
73 wait 73 74 1300
73 irecv 77 2100 200 0
73 irecv 69 2300 200 0
73 send 77 2300 40 0
73 send 69 2100 40 0
73 wait 78 74 2100
73 wait 70 74 2300
73 irecv 105 3100 200 0
73 irecv 41 3300 200 0
73 send 105 3300 60 0
73 send 41 3100 60 0
73 wait 106 74 3100
73 wait 42 74 3300
73 irecv 74 1100 200 0
73 irecv 72 1300 200 0
73 send 74 1300 4 0
73 send 72 1100 4 0
73 wait 75 74 1100
73 wait 73 74 1300
73 irecv 77 2100 200 0
73 irecv 69 2300 200 0
73 send 77 2300 12 0
73 send 69 2100 12 0
73 wait 78 74 2100
73 wait 70 74 2300
73 irecv 105 3100 200 0
73 irecv 41 3300 200 0
73 send 105 3300 24 0
73 send 41 3100 24 0
73 wait 106 74 3100
73 wait 42 74 3300
73 irecv 74 1100 200 0
73 irecv 72 1300 200 0
73 send 74 1300 1 0
73 send 72 1100 1 0
73 wait 75 74 1100
73 wait 73 74 1300
73 irecv 77 2100 200 0
73 irecv 69 2300 200 0
73 send 77 2300 4 0
73 send 69 2100 4 0
73 wait 78 74 2100
73 wait 70 74 2300
73 irecv 105 3100 200 0
73 irecv 41 3300 200 0
73 send 105 3300 12 0
73 send 41 3100 12 0
73 wait 106 74 3100
73 wait 42 74 3300
73 send 74 1300 8 0
73 send 72 1100 4 0
73 irecv 77 2100 200 0
73 irecv 69 2300 200 0
73 wait 78 74 2100
73 wait 70 74 2300
73 irecv 105 3100 200 0
73 irecv 41 3300 200 0
73 wait 106 74 3100
73 wait 42 74 3300
73 irecv 74 1100 200 0
73 irecv 72 1300 200 0
73 send 74 1300 1 0
73 send 72 1100 1 0
73 wait 75 74 1100
73 wait 73 74 1300
73 irecv 77 2100 200 0
73 irecv 69 2300 200 0
73 send 77 2300 4 0
73 send 69 2100 4 0
73 wait 78 74 2100
73 wait 70 74 2300
73 irecv 105 3100 200 0
73 irecv 41 3300 200 0
73 send 105 3300 12 0
73 send 41 3100 12 0
73 wait 106 74 3100
73 wait 42 74 3300
73 irecv 74 1100 200 0
73 irecv 72 1300 200 0
73 send 74 1300 1 0
73 send 72 1100 1 0
73 wait 75 74 1100
73 wait 73 74 1300
73 irecv 77 2100 200 0
73 irecv 69 2300 200 0
73 send 77 2300 4 0
73 send 69 2100 4 0
73 wait 78 74 2100
73 wait 70 74 2300
73 irecv 105 3100 200 0
73 irecv 41 3300 200 0
73 send 105 3300 12 0
73 send 41 3100 12 0
73 wait 106 74 3100
73 wait 42 74 3300
73 irecv 74 1100 200 0
73 irecv 72 1300 200 0
73 send 74 1300 4 0
73 send 72 1100 4 0
73 wait 75 74 1100
73 wait 73 74 1300
73 irecv 77 2100 200 0
73 irecv 69 2300 200 0
73 send 77 2300 12 0
73 send 69 2100 12 0
73 wait 78 74 2100
73 wait 70 74 2300
73 irecv 105 3100 200 0
73 irecv 41 3300 200 0
73 send 105 3300 24 0
73 send 41 3100 24 0
73 wait 106 74 3100
73 wait 42 74 3300
73 irecv 74 1100 200 0
73 irecv 72 1300 200 0
73 send 74 1300 4 0
73 send 72 1100 4 0
73 wait 75 74 1100
73 wait 73 74 1300
73 irecv 77 2100 200 0
73 irecv 69 2300 200 0
73 send 77 2300 12 0
73 send 69 2100 12 0
73 wait 78 74 2100
73 wait 70 74 2300
73 irecv 105 3100 200 0
73 irecv 41 3300 200 0
73 send 105 3300 24 0
73 send 41 3100 24 0
73 wait 106 74 3100
73 wait 42 74 3300
73 irecv 74 1100 200 0
73 irecv 72 1300 200 0
73 send 74 1300 16 0
73 send 72 1100 16 0
73 wait 75 74 1100
73 wait 73 74 1300
73 irecv 77 2100 200 0
73 irecv 69 2300 200 0
73 send 77 2300 40 0
73 send 69 2100 40 0
73 wait 78 74 2100
73 wait 70 74 2300
73 irecv 105 3100 200 0
73 irecv 41 3300 200 0
73 send 105 3300 60 0
73 send 41 3100 60 0
73 wait 106 74 3100
73 wait 42 74 3300
73 irecv 74 1100 200 0
73 irecv 72 1300 200 0
73 send 74 1300 16 0
73 send 72 1100 16 0
73 wait 75 74 1100
73 wait 73 74 1300
73 irecv 77 2100 200 0
73 irecv 69 2300 200 0
73 send 77 2300 40 0
73 send 69 2100 40 0
73 wait 78 74 2100
73 wait 70 74 2300
73 irecv 105 3100 200 0
73 irecv 41 3300 200 0
73 send 105 3300 60 0
73 send 41 3100 60 0
73 wait 106 74 3100
73 wait 42 74 3300
73 irecv 74 1100 200 0
73 irecv 72 1300 200 0
73 send 74 1300 16 0
73 send 72 1100 16 0
73 wait 75 74 1100
73 wait 73 74 1300
73 irecv 77 2100 200 0
73 irecv 69 2300 200 0
73 send 77 2300 40 0
73 send 69 2100 40 0
73 wait 78 74 2100
73 wait 70 74 2300
73 irecv 105 3100 200 0
73 irecv 41 3300 200 0
73 send 105 3300 60 0
73 send 41 3100 60 0
73 wait 106 74 3100
73 wait 42 74 3300
73 allreduce 1 0 0 
73 allreduce 1 0 0 
73 reduce 1 0 0 0 
73 finalize
