30 init
30 barrier
30 bcast 1 0 1 
30 bcast 1 0 1 
30 bcast 1 0 1 
30 bcast 1 0 1 
30 bcast 1 0 1 
30 bcast 8 0 1 
30 bcast 1 0 16 
30 barrier
30 allreduce 1 0 0 
30 allreduce 4 0 1 
30 allreduce 1 0 0 
30 allreduce 4 0 1 
30 allreduce 1 0 0 
30 allreduce 4 0 1 
30 allreduce 1 0 0 
30 allreduce 4 0 1 
30 allreduce 1 0 0 
30 allreduce 4 0 1 
30 allreduce 1 0 0 
30 allreduce 4 0 1 
30 allreduce 1 0 0 
30 allreduce 4 0 1 
30 allreduce 1 0 0 
30 allreduce 4 0 1 
30 allreduce 1 0 0 
30 allreduce 4 0 1 
30 allreduce 1 0 0 
30 allreduce 4 0 1 
30 allreduce 1 0 0 
30 allreduce 4 0 1 
30 allreduce 1 0 0 
30 allreduce 4 0 1 
30 allreduce 1 0 0 
30 allreduce 4 0 1 
30 allreduce 1 0 0 
30 allreduce 4 0 1 
30 allreduce 1 0 0 
30 allreduce 4 0 1 
30 allreduce 1 0 0 
30 allreduce 4 0 1 
30 allreduce 1 0 0 
30 allreduce 4 0 1 
30 allreduce 1 0 0 
30 allreduce 4 0 1 
30 allreduce 1 0 0 
30 allreduce 4 0 1 
30 allreduce 1 0 0 
30 allreduce 4 0 1 
30 barrier
30 irecv 31 1100 200 0
30 irecv 29 1300 200 0
30 send 31 1300 16 0
30 send 29 1100 16 0
30 wait 32 31 1100
30 wait 30 31 1300
30 irecv 2 2100 200 0
30 irecv 26 2300 200 0
30 send 2 2300 40 0
30 send 26 2100 40 0
30 wait 3 31 2100
30 wait 27 31 2300
30 irecv 62 3100 200 0
30 irecv 254 3300 200 0
30 send 62 3300 60 0
30 send 254 3100 60 0
30 wait 63 31 3100
30 wait 255 31 3300
30 allreduce 1 0 0 
30 allreduce 1 0 0 
30 irecv 31 1100 200 0
30 irecv 29 1300 200 0
30 send 31 1300 16 0
30 send 29 1100 16 0
30 wait 32 31 1100
30 wait 30 31 1300
30 irecv 2 2100 200 0
30 irecv 26 2300 200 0
30 send 2 2300 40 0
30 send 26 2100 40 0
30 wait 3 31 2100
30 wait 27 31 2300
30 irecv 62 3100 200 0
30 irecv 254 3300 200 0
30 send 62 3300 60 0
30 send 254 3100 60 0
30 wait 63 31 3100
30 wait 255 31 3300
30 allreduce 1 0 0 
30 allreduce 1 0 0 
30 irecv 31 1100 200 0
30 irecv 29 1300 200 0
30 send 31 1300 4 0
30 send 29 1100 4 0
30 wait 32 31 1100
30 wait 30 31 1300
30 irecv 2 2100 200 0
30 irecv 26 2300 200 0
30 send 2 2300 12 0
30 send 26 2100 12 0
30 wait 3 31 2100
30 wait 27 31 2300
30 irecv 62 3100 200 0
30 irecv 254 3300 200 0
30 send 62 3300 24 0
30 send 254 3100 24 0
30 wait 63 31 3100
30 wait 255 31 3300
30 irecv 31 1100 200 0
30 irecv 29 1300 200 0
30 send 31 1300 1 0
30 send 29 1100 1 0
30 wait 32 31 1100
30 wait 30 31 1300
30 irecv 2 2100 200 0
30 irecv 26 2300 200 0
30 send 2 2300 4 0
30 send 26 2100 4 0
30 wait 3 31 2100
30 wait 27 31 2300
30 irecv 62 3100 200 0
30 irecv 254 3300 200 0
30 send 62 3300 12 0
30 send 254 3100 12 0
30 wait 63 31 3100
30 wait 255 31 3300
30 irecv 31 1100 200 0
30 irecv 29 1300 200 0
30 wait 32 31 1100
30 wait 30 31 1300
30 send 6 2300 12 0
30 send 22 2100 6 0
30 send 2 2300 24 0
30 send 26 2100 12 0
30 irecv 62 3100 200 0
30 irecv 254 3300 200 0
30 wait 63 31 3100
30 wait 255 31 3300
30 irecv 31 1100 200 0
30 irecv 29 1300 200 0
30 send 31 1300 1 0
30 send 29 1100 1 0
30 wait 32 31 1100
30 wait 30 31 1300
30 irecv 2 2100 200 0
30 irecv 26 2300 200 0
30 send 2 2300 4 0
30 send 26 2100 4 0
30 wait 3 31 2100
30 wait 27 31 2300
30 irecv 62 3100 200 0
30 irecv 254 3300 200 0
30 send 62 3300 12 0
30 send 254 3100 12 0
30 wait 63 31 3100
30 wait 255 31 3300
30 irecv 31 1100 200 0
30 irecv 29 1300 200 0
30 send 31 1300 1 0
30 send 29 1100 1 0
30 wait 32 31 1100
30 wait 30 31 1300
30 irecv 2 2100 200 0
30 irecv 26 2300 200 0
30 send 2 2300 4 0
30 send 26 2100 4 0
30 wait 3 31 2100
30 wait 27 31 2300
30 irecv 62 3100 200 0
30 irecv 254 3300 200 0
30 send 62 3300 12 0
30 send 254 3100 12 0
30 wait 63 31 3100
30 wait 255 31 3300
30 irecv 31 1100 200 0
30 irecv 29 1300 200 0
30 send 31 1300 4 0
30 send 29 1100 4 0
30 wait 32 31 1100
30 wait 30 31 1300
30 irecv 2 2100 200 0
30 irecv 26 2300 200 0
30 send 2 2300 12 0
30 send 26 2100 12 0
30 wait 3 31 2100
30 wait 27 31 2300
30 irecv 62 3100 200 0
30 irecv 254 3300 200 0
30 send 62 3300 24 0
30 send 254 3100 24 0
30 wait 63 31 3100
30 wait 255 31 3300
30 irecv 31 1100 200 0
30 irecv 29 1300 200 0
30 send 31 1300 4 0
30 send 29 1100 4 0
30 wait 32 31 1100
30 wait 30 31 1300
30 irecv 2 2100 200 0
30 irecv 26 2300 200 0
30 send 2 2300 12 0
30 send 26 2100 12 0
30 wait 3 31 2100
30 wait 27 31 2300
30 irecv 62 3100 200 0
30 irecv 254 3300 200 0
30 send 62 3300 24 0
30 send 254 3100 24 0
30 wait 63 31 3100
30 wait 255 31 3300
30 irecv 31 1100 200 0
30 irecv 29 1300 200 0
30 send 31 1300 16 0
30 send 29 1100 16 0
30 wait 32 31 1100
30 wait 30 31 1300
30 irecv 2 2100 200 0
30 irecv 26 2300 200 0
30 send 2 2300 40 0
30 send 26 2100 40 0
30 wait 3 31 2100
30 wait 27 31 2300
30 irecv 62 3100 200 0
30 irecv 254 3300 200 0
30 send 62 3300 60 0
30 send 254 3100 60 0
30 wait 63 31 3100
30 wait 255 31 3300
30 irecv 31 1100 200 0
30 irecv 29 1300 200 0
30 send 31 1300 16 0
30 send 29 1100 16 0
30 wait 32 31 1100
30 wait 30 31 1300
30 irecv 2 2100 200 0
30 irecv 26 2300 200 0
30 send 2 2300 40 0
30 send 26 2100 40 0
30 wait 3 31 2100
30 wait 27 31 2300
30 irecv 62 3100 200 0
30 irecv 254 3300 200 0
30 send 62 3300 60 0
30 send 254 3100 60 0
30 wait 63 31 3100
30 wait 255 31 3300
30 irecv 31 1100 200 0
30 irecv 29 1300 200 0
30 send 31 1300 16 0
30 send 29 1100 16 0
30 wait 32 31 1100
30 wait 30 31 1300
30 irecv 2 2100 200 0
30 irecv 26 2300 200 0
30 send 2 2300 40 0
30 send 26 2100 40 0
30 wait 3 31 2100
30 wait 27 31 2300
30 irecv 62 3100 200 0
30 irecv 254 3300 200 0
30 send 62 3300 60 0
30 send 254 3100 60 0
30 wait 63 31 3100
30 wait 255 31 3300
30 barrier
30 allreduce 1 0 0 
30 allreduce 4 0 1 
30 allreduce 1 0 0 
30 allreduce 4 0 1 
30 allreduce 1 0 0 
30 allreduce 4 0 1 
30 allreduce 1 0 0 
30 allreduce 4 0 1 
30 allreduce 1 0 0 
30 allreduce 4 0 1 
30 allreduce 1 0 0 
30 allreduce 4 0 1 
30 allreduce 1 0 0 
30 allreduce 4 0 1 
30 allreduce 1 0 0 
30 allreduce 4 0 1 
30 allreduce 1 0 0 
30 allreduce 4 0 1 
30 allreduce 1 0 0 
30 allreduce 4 0 1 
30 allreduce 1 0 0 
30 allreduce 4 0 1 
30 allreduce 1 0 0 
30 allreduce 4 0 1 
30 allreduce 1 0 0 
30 allreduce 4 0 1 
30 allreduce 1 0 0 
30 allreduce 4 0 1 
30 allreduce 1 0 0 
30 allreduce 4 0 1 
30 allreduce 1 0 0 
30 allreduce 4 0 1 
30 allreduce 1 0 0 
30 allreduce 4 0 1 
30 allreduce 1 0 0 
30 allreduce 4 0 1 
30 allreduce 1 0 0 
30 allreduce 4 0 1 
30 allreduce 1 0 0 
30 allreduce 4 0 1 
30 barrier
30 irecv 31 1100 200 0
30 irecv 29 1300 200 0
30 send 31 1300 16 0
30 send 29 1100 16 0
30 wait 32 31 1100
30 wait 30 31 1300
30 irecv 2 2100 200 0
30 irecv 26 2300 200 0
30 send 2 2300 40 0
30 send 26 2100 40 0
30 wait 3 31 2100
30 wait 27 31 2300
30 irecv 62 3100 200 0
30 irecv 254 3300 200 0
30 send 62 3300 60 0
30 send 254 3100 60 0
30 wait 63 31 3100
30 wait 255 31 3300
30 barrier
30 irecv 31 1100 200 0
30 irecv 29 1300 200 0
30 send 31 1300 16 0
30 send 29 1100 16 0
30 wait 32 31 1100
30 wait 30 31 1300
30 irecv 2 2100 200 0
30 irecv 26 2300 200 0
30 send 2 2300 40 0
30 send 26 2100 40 0
30 wait 3 31 2100
30 wait 27 31 2300
30 irecv 62 3100 200 0
30 irecv 254 3300 200 0
30 send 62 3300 60 0
30 send 254 3100 60 0
30 wait 63 31 3100
30 wait 255 31 3300
30 allreduce 1 0 0 
30 allreduce 1 0 0 
30 irecv 31 1100 200 0
30 irecv 29 1300 200 0
30 send 31 1300 4 0
30 send 29 1100 4 0
30 wait 32 31 1100
30 wait 30 31 1300
30 irecv 2 2100 200 0
30 irecv 26 2300 200 0
30 send 2 2300 12 0
30 send 26 2100 12 0
30 wait 3 31 2100
30 wait 27 31 2300
30 irecv 62 3100 200 0
30 irecv 254 3300 200 0
30 send 62 3300 24 0
30 send 254 3100 24 0
30 wait 63 31 3100
30 wait 255 31 3300
30 irecv 31 1100 200 0
30 irecv 29 1300 200 0
30 send 31 1300 1 0
30 send 29 1100 1 0
30 wait 32 31 1100
30 wait 30 31 1300
30 irecv 2 2100 200 0
30 irecv 26 2300 200 0
30 send 2 2300 4 0
30 send 26 2100 4 0
30 wait 3 31 2100
30 wait 27 31 2300
30 irecv 62 3100 200 0
30 irecv 254 3300 200 0
30 send 62 3300 12 0
30 send 254 3100 12 0
30 wait 63 31 3100
30 wait 255 31 3300
30 irecv 31 1100 200 0
30 irecv 29 1300 200 0
30 wait 32 31 1100
30 wait 30 31 1300
30 send 6 2300 12 0
30 send 22 2100 6 0
30 send 2 2300 24 0
30 send 26 2100 12 0
30 irecv 62 3100 200 0
30 irecv 254 3300 200 0
30 wait 63 31 3100
30 wait 255 31 3300
30 irecv 31 1100 200 0
30 irecv 29 1300 200 0
30 send 31 1300 1 0
30 send 29 1100 1 0
30 wait 32 31 1100
30 wait 30 31 1300
30 irecv 2 2100 200 0
30 irecv 26 2300 200 0
30 send 2 2300 4 0
30 send 26 2100 4 0
30 wait 3 31 2100
30 wait 27 31 2300
30 irecv 62 3100 200 0
30 irecv 254 3300 200 0
30 send 62 3300 12 0
30 send 254 3100 12 0
30 wait 63 31 3100
30 wait 255 31 3300
30 irecv 31 1100 200 0
30 irecv 29 1300 200 0
30 send 31 1300 1 0
30 send 29 1100 1 0
30 wait 32 31 1100
30 wait 30 31 1300
30 irecv 2 2100 200 0
30 irecv 26 2300 200 0
30 send 2 2300 4 0
30 send 26 2100 4 0
30 wait 3 31 2100
30 wait 27 31 2300
30 irecv 62 3100 200 0
30 irecv 254 3300 200 0
30 send 62 3300 12 0
30 send 254 3100 12 0
30 wait 63 31 3100
30 wait 255 31 3300
30 irecv 31 1100 200 0
30 irecv 29 1300 200 0
30 send 31 1300 4 0
30 send 29 1100 4 0
30 wait 32 31 1100
30 wait 30 31 1300
30 irecv 2 2100 200 0
30 irecv 26 2300 200 0
30 send 2 2300 12 0
30 send 26 2100 12 0
30 wait 3 31 2100
30 wait 27 31 2300
30 irecv 62 3100 200 0
30 irecv 254 3300 200 0
30 send 62 3300 24 0
30 send 254 3100 24 0
30 wait 63 31 3100
30 wait 255 31 3300
30 irecv 31 1100 200 0
30 irecv 29 1300 200 0
30 send 31 1300 4 0
30 send 29 1100 4 0
30 wait 32 31 1100
30 wait 30 31 1300
30 irecv 2 2100 200 0
30 irecv 26 2300 200 0
30 send 2 2300 12 0
30 send 26 2100 12 0
30 wait 3 31 2100
30 wait 27 31 2300
30 irecv 62 3100 200 0
30 irecv 254 3300 200 0
30 send 62 3300 24 0
30 send 254 3100 24 0
30 wait 63 31 3100
30 wait 255 31 3300
30 irecv 31 1100 200 0
30 irecv 29 1300 200 0
30 send 31 1300 16 0
30 send 29 1100 16 0
30 wait 32 31 1100
30 wait 30 31 1300
30 irecv 2 2100 200 0
30 irecv 26 2300 200 0
30 send 2 2300 40 0
30 send 26 2100 40 0
30 wait 3 31 2100
30 wait 27 31 2300
30 irecv 62 3100 200 0
30 irecv 254 3300 200 0
30 send 62 3300 60 0
30 send 254 3100 60 0
30 wait 63 31 3100
30 wait 255 31 3300
30 irecv 31 1100 200 0
30 irecv 29 1300 200 0
30 send 31 1300 16 0
30 send 29 1100 16 0
30 wait 32 31 1100
30 wait 30 31 1300
30 irecv 2 2100 200 0
30 irecv 26 2300 200 0
30 send 2 2300 40 0
30 send 26 2100 40 0
30 wait 3 31 2100
30 wait 27 31 2300
30 irecv 62 3100 200 0
30 irecv 254 3300 200 0
30 send 62 3300 60 0
30 send 254 3100 60 0
30 wait 63 31 3100
30 wait 255 31 3300
30 irecv 31 1100 200 0
30 irecv 29 1300 200 0
30 send 31 1300 16 0
30 send 29 1100 16 0
30 wait 32 31 1100
30 wait 30 31 1300
30 irecv 2 2100 200 0
30 irecv 26 2300 200 0
30 send 2 2300 40 0
30 send 26 2100 40 0
30 wait 3 31 2100
30 wait 27 31 2300
30 irecv 62 3100 200 0
30 irecv 254 3300 200 0
30 send 62 3300 60 0
30 send 254 3100 60 0
30 wait 63 31 3100
30 wait 255 31 3300
30 irecv 31 1100 200 0
30 irecv 29 1300 200 0
30 send 31 1300 4 0
30 send 29 1100 4 0
30 wait 32 31 1100
30 wait 30 31 1300
30 irecv 2 2100 200 0
30 irecv 26 2300 200 0
30 send 2 2300 12 0
30 send 26 2100 12 0
30 wait 3 31 2100
30 wait 27 31 2300
30 irecv 62 3100 200 0
30 irecv 254 3300 200 0
30 send 62 3300 24 0
30 send 254 3100 24 0
30 wait 63 31 3100
30 wait 255 31 3300
30 irecv 31 1100 200 0
30 irecv 29 1300 200 0
30 send 31 1300 1 0
30 send 29 1100 1 0
30 wait 32 31 1100
30 wait 30 31 1300
30 irecv 2 2100 200 0
30 irecv 26 2300 200 0
30 send 2 2300 4 0
30 send 26 2100 4 0
30 wait 3 31 2100
30 wait 27 31 2300
30 irecv 62 3100 200 0
30 irecv 254 3300 200 0
30 send 62 3300 12 0
30 send 254 3100 12 0
30 wait 63 31 3100
30 wait 255 31 3300
30 irecv 31 1100 200 0
30 irecv 29 1300 200 0
30 wait 32 31 1100
30 wait 30 31 1300
30 send 6 2300 12 0
30 send 22 2100 6 0
30 send 2 2300 24 0
30 send 26 2100 12 0
30 irecv 62 3100 200 0
30 irecv 254 3300 200 0
30 wait 63 31 3100
30 wait 255 31 3300
30 irecv 31 1100 200 0
30 irecv 29 1300 200 0
30 send 31 1300 1 0
30 send 29 1100 1 0
30 wait 32 31 1100
30 wait 30 31 1300
30 irecv 2 2100 200 0
30 irecv 26 2300 200 0
30 send 2 2300 4 0
30 send 26 2100 4 0
30 wait 3 31 2100
30 wait 27 31 2300
30 irecv 62 3100 200 0
30 irecv 254 3300 200 0
30 send 62 3300 12 0
30 send 254 3100 12 0
30 wait 63 31 3100
30 wait 255 31 3300
30 irecv 31 1100 200 0
30 irecv 29 1300 200 0
30 send 31 1300 1 0
30 send 29 1100 1 0
30 wait 32 31 1100
30 wait 30 31 1300
30 irecv 2 2100 200 0
30 irecv 26 2300 200 0
30 send 2 2300 4 0
30 send 26 2100 4 0
30 wait 3 31 2100
30 wait 27 31 2300
30 irecv 62 3100 200 0
30 irecv 254 3300 200 0
30 send 62 3300 12 0
30 send 254 3100 12 0
30 wait 63 31 3100
30 wait 255 31 3300
30 irecv 31 1100 200 0
30 irecv 29 1300 200 0
30 send 31 1300 4 0
30 send 29 1100 4 0
30 wait 32 31 1100
30 wait 30 31 1300
30 irecv 2 2100 200 0
30 irecv 26 2300 200 0
30 send 2 2300 12 0
30 send 26 2100 12 0
30 wait 3 31 2100
30 wait 27 31 2300
30 irecv 62 3100 200 0
30 irecv 254 3300 200 0
30 send 62 3300 24 0
30 send 254 3100 24 0
30 wait 63 31 3100
30 wait 255 31 3300
30 irecv 31 1100 200 0
30 irecv 29 1300 200 0
30 send 31 1300 4 0
30 send 29 1100 4 0
30 wait 32 31 1100
30 wait 30 31 1300
30 irecv 2 2100 200 0
30 irecv 26 2300 200 0
30 send 2 2300 12 0
30 send 26 2100 12 0
30 wait 3 31 2100
30 wait 27 31 2300
30 irecv 62 3100 200 0
30 irecv 254 3300 200 0
30 send 62 3300 24 0
30 send 254 3100 24 0
30 wait 63 31 3100
30 wait 255 31 3300
30 irecv 31 1100 200 0
30 irecv 29 1300 200 0
30 send 31 1300 16 0
30 send 29 1100 16 0
30 wait 32 31 1100
30 wait 30 31 1300
30 irecv 2 2100 200 0
30 irecv 26 2300 200 0
30 send 2 2300 40 0
30 send 26 2100 40 0
30 wait 3 31 2100
30 wait 27 31 2300
30 irecv 62 3100 200 0
30 irecv 254 3300 200 0
30 send 62 3300 60 0
30 send 254 3100 60 0
30 wait 63 31 3100
30 wait 255 31 3300
30 irecv 31 1100 200 0
30 irecv 29 1300 200 0
30 send 31 1300 16 0
30 send 29 1100 16 0
30 wait 32 31 1100
30 wait 30 31 1300
30 irecv 2 2100 200 0
30 irecv 26 2300 200 0
30 send 2 2300 40 0
30 send 26 2100 40 0
30 wait 3 31 2100
30 wait 27 31 2300
30 irecv 62 3100 200 0
30 irecv 254 3300 200 0
30 send 62 3300 60 0
30 send 254 3100 60 0
30 wait 63 31 3100
30 wait 255 31 3300
30 irecv 31 1100 200 0
30 irecv 29 1300 200 0
30 send 31 1300 16 0
30 send 29 1100 16 0
30 wait 32 31 1100
30 wait 30 31 1300
30 irecv 2 2100 200 0
30 irecv 26 2300 200 0
30 send 2 2300 40 0
30 send 26 2100 40 0
30 wait 3 31 2100
30 wait 27 31 2300
30 irecv 62 3100 200 0
30 irecv 254 3300 200 0
30 send 62 3300 60 0
30 send 254 3100 60 0
30 wait 63 31 3100
30 wait 255 31 3300
30 irecv 31 1100 200 0
30 irecv 29 1300 200 0
30 send 31 1300 4 0
30 send 29 1100 4 0
30 wait 32 31 1100
30 wait 30 31 1300
30 irecv 2 2100 200 0
30 irecv 26 2300 200 0
30 send 2 2300 12 0
30 send 26 2100 12 0
30 wait 3 31 2100
30 wait 27 31 2300
30 irecv 62 3100 200 0
30 irecv 254 3300 200 0
30 send 62 3300 24 0
30 send 254 3100 24 0
30 wait 63 31 3100
30 wait 255 31 3300
30 irecv 31 1100 200 0
30 irecv 29 1300 200 0
30 send 31 1300 1 0
30 send 29 1100 1 0
30 wait 32 31 1100
30 wait 30 31 1300
30 irecv 2 2100 200 0
30 irecv 26 2300 200 0
30 send 2 2300 4 0
30 send 26 2100 4 0
30 wait 3 31 2100
30 wait 27 31 2300
30 irecv 62 3100 200 0
30 irecv 254 3300 200 0
30 send 62 3300 12 0
30 send 254 3100 12 0
30 wait 63 31 3100
30 wait 255 31 3300
30 irecv 31 1100 200 0
30 irecv 29 1300 200 0
30 wait 32 31 1100
30 wait 30 31 1300
30 send 6 2300 12 0
30 send 22 2100 6 0
30 send 2 2300 24 0
30 send 26 2100 12 0
30 irecv 62 3100 200 0
30 irecv 254 3300 200 0
30 wait 63 31 3100
30 wait 255 31 3300
30 irecv 31 1100 200 0
30 irecv 29 1300 200 0
30 send 31 1300 1 0
30 send 29 1100 1 0
30 wait 32 31 1100
30 wait 30 31 1300
30 irecv 2 2100 200 0
30 irecv 26 2300 200 0
30 send 2 2300 4 0
30 send 26 2100 4 0
30 wait 3 31 2100
30 wait 27 31 2300
30 irecv 62 3100 200 0
30 irecv 254 3300 200 0
30 send 62 3300 12 0
30 send 254 3100 12 0
30 wait 63 31 3100
30 wait 255 31 3300
30 irecv 31 1100 200 0
30 irecv 29 1300 200 0
30 send 31 1300 1 0
30 send 29 1100 1 0
30 wait 32 31 1100
30 wait 30 31 1300
30 irecv 2 2100 200 0
30 irecv 26 2300 200 0
30 send 2 2300 4 0
30 send 26 2100 4 0
30 wait 3 31 2100
30 wait 27 31 2300
30 irecv 62 3100 200 0
30 irecv 254 3300 200 0
30 send 62 3300 12 0
30 send 254 3100 12 0
30 wait 63 31 3100
30 wait 255 31 3300
30 irecv 31 1100 200 0
30 irecv 29 1300 200 0
30 send 31 1300 4 0
30 send 29 1100 4 0
30 wait 32 31 1100
30 wait 30 31 1300
30 irecv 2 2100 200 0
30 irecv 26 2300 200 0
30 send 2 2300 12 0
30 send 26 2100 12 0
30 wait 3 31 2100
30 wait 27 31 2300
30 irecv 62 3100 200 0
30 irecv 254 3300 200 0
30 send 62 3300 24 0
30 send 254 3100 24 0
30 wait 63 31 3100
30 wait 255 31 3300
30 irecv 31 1100 200 0
30 irecv 29 1300 200 0
30 send 31 1300 4 0
30 send 29 1100 4 0
30 wait 32 31 1100
30 wait 30 31 1300
30 irecv 2 2100 200 0
30 irecv 26 2300 200 0
30 send 2 2300 12 0
30 send 26 2100 12 0
30 wait 3 31 2100
30 wait 27 31 2300
30 irecv 62 3100 200 0
30 irecv 254 3300 200 0
30 send 62 3300 24 0
30 send 254 3100 24 0
30 wait 63 31 3100
30 wait 255 31 3300
30 irecv 31 1100 200 0
30 irecv 29 1300 200 0
30 send 31 1300 16 0
30 send 29 1100 16 0
30 wait 32 31 1100
30 wait 30 31 1300
30 irecv 2 2100 200 0
30 irecv 26 2300 200 0
30 send 2 2300 40 0
30 send 26 2100 40 0
30 wait 3 31 2100
30 wait 27 31 2300
30 irecv 62 3100 200 0
30 irecv 254 3300 200 0
30 send 62 3300 60 0
30 send 254 3100 60 0
30 wait 63 31 3100
30 wait 255 31 3300
30 irecv 31 1100 200 0
30 irecv 29 1300 200 0
30 send 31 1300 16 0
30 send 29 1100 16 0
30 wait 32 31 1100
30 wait 30 31 1300
30 irecv 2 2100 200 0
30 irecv 26 2300 200 0
30 send 2 2300 40 0
30 send 26 2100 40 0
30 wait 3 31 2100
30 wait 27 31 2300
30 irecv 62 3100 200 0
30 irecv 254 3300 200 0
30 send 62 3300 60 0
30 send 254 3100 60 0
30 wait 63 31 3100
30 wait 255 31 3300
30 irecv 31 1100 200 0
30 irecv 29 1300 200 0
30 send 31 1300 16 0
30 send 29 1100 16 0
30 wait 32 31 1100
30 wait 30 31 1300
30 irecv 2 2100 200 0
30 irecv 26 2300 200 0
30 send 2 2300 40 0
30 send 26 2100 40 0
30 wait 3 31 2100
30 wait 27 31 2300
30 irecv 62 3100 200 0
30 irecv 254 3300 200 0
30 send 62 3300 60 0
30 send 254 3100 60 0
30 wait 63 31 3100
30 wait 255 31 3300
30 irecv 31 1100 200 0
30 irecv 29 1300 200 0
30 send 31 1300 4 0
30 send 29 1100 4 0
30 wait 32 31 1100
30 wait 30 31 1300
30 irecv 2 2100 200 0
30 irecv 26 2300 200 0
30 send 2 2300 12 0
30 send 26 2100 12 0
30 wait 3 31 2100
30 wait 27 31 2300
30 irecv 62 3100 200 0
30 irecv 254 3300 200 0
30 send 62 3300 24 0
30 send 254 3100 24 0
30 wait 63 31 3100
30 wait 255 31 3300
30 irecv 31 1100 200 0
30 irecv 29 1300 200 0
30 send 31 1300 1 0
30 send 29 1100 1 0
30 wait 32 31 1100
30 wait 30 31 1300
30 irecv 2 2100 200 0
30 irecv 26 2300 200 0
30 send 2 2300 4 0
30 send 26 2100 4 0
30 wait 3 31 2100
30 wait 27 31 2300
30 irecv 62 3100 200 0
30 irecv 254 3300 200 0
30 send 62 3300 12 0
30 send 254 3100 12 0
30 wait 63 31 3100
30 wait 255 31 3300
30 irecv 31 1100 200 0
30 irecv 29 1300 200 0
30 wait 32 31 1100
30 wait 30 31 1300
30 send 6 2300 12 0
30 send 22 2100 6 0
30 send 2 2300 24 0
30 send 26 2100 12 0
30 irecv 62 3100 200 0
30 irecv 254 3300 200 0
30 wait 63 31 3100
30 wait 255 31 3300
30 irecv 31 1100 200 0
30 irecv 29 1300 200 0
30 send 31 1300 1 0
30 send 29 1100 1 0
30 wait 32 31 1100
30 wait 30 31 1300
30 irecv 2 2100 200 0
30 irecv 26 2300 200 0
30 send 2 2300 4 0
30 send 26 2100 4 0
30 wait 3 31 2100
30 wait 27 31 2300
30 irecv 62 3100 200 0
30 irecv 254 3300 200 0
30 send 62 3300 12 0
30 send 254 3100 12 0
30 wait 63 31 3100
30 wait 255 31 3300
30 irecv 31 1100 200 0
30 irecv 29 1300 200 0
30 send 31 1300 1 0
30 send 29 1100 1 0
30 wait 32 31 1100
30 wait 30 31 1300
30 irecv 2 2100 200 0
30 irecv 26 2300 200 0
30 send 2 2300 4 0
30 send 26 2100 4 0
30 wait 3 31 2100
30 wait 27 31 2300
30 irecv 62 3100 200 0
30 irecv 254 3300 200 0
30 send 62 3300 12 0
30 send 254 3100 12 0
30 wait 63 31 3100
30 wait 255 31 3300
30 irecv 31 1100 200 0
30 irecv 29 1300 200 0
30 send 31 1300 4 0
30 send 29 1100 4 0
30 wait 32 31 1100
30 wait 30 31 1300
30 irecv 2 2100 200 0
30 irecv 26 2300 200 0
30 send 2 2300 12 0
30 send 26 2100 12 0
30 wait 3 31 2100
30 wait 27 31 2300
30 irecv 62 3100 200 0
30 irecv 254 3300 200 0
30 send 62 3300 24 0
30 send 254 3100 24 0
30 wait 63 31 3100
30 wait 255 31 3300
30 irecv 31 1100 200 0
30 irecv 29 1300 200 0
30 send 31 1300 4 0
30 send 29 1100 4 0
30 wait 32 31 1100
30 wait 30 31 1300
30 irecv 2 2100 200 0
30 irecv 26 2300 200 0
30 send 2 2300 12 0
30 send 26 2100 12 0
30 wait 3 31 2100
30 wait 27 31 2300
30 irecv 62 3100 200 0
30 irecv 254 3300 200 0
30 send 62 3300 24 0
30 send 254 3100 24 0
30 wait 63 31 3100
30 wait 255 31 3300
30 irecv 31 1100 200 0
30 irecv 29 1300 200 0
30 send 31 1300 16 0
30 send 29 1100 16 0
30 wait 32 31 1100
30 wait 30 31 1300
30 irecv 2 2100 200 0
30 irecv 26 2300 200 0
30 send 2 2300 40 0
30 send 26 2100 40 0
30 wait 3 31 2100
30 wait 27 31 2300
30 irecv 62 3100 200 0
30 irecv 254 3300 200 0
30 send 62 3300 60 0
30 send 254 3100 60 0
30 wait 63 31 3100
30 wait 255 31 3300
30 irecv 31 1100 200 0
30 irecv 29 1300 200 0
30 send 31 1300 16 0
30 send 29 1100 16 0
30 wait 32 31 1100
30 wait 30 31 1300
30 irecv 2 2100 200 0
30 irecv 26 2300 200 0
30 send 2 2300 40 0
30 send 26 2100 40 0
30 wait 3 31 2100
30 wait 27 31 2300
30 irecv 62 3100 200 0
30 irecv 254 3300 200 0
30 send 62 3300 60 0
30 send 254 3100 60 0
30 wait 63 31 3100
30 wait 255 31 3300
30 irecv 31 1100 200 0
30 irecv 29 1300 200 0
30 send 31 1300 16 0
30 send 29 1100 16 0
30 wait 32 31 1100
30 wait 30 31 1300
30 irecv 2 2100 200 0
30 irecv 26 2300 200 0
30 send 2 2300 40 0
30 send 26 2100 40 0
30 wait 3 31 2100
30 wait 27 31 2300
30 irecv 62 3100 200 0
30 irecv 254 3300 200 0
30 send 62 3300 60 0
30 send 254 3100 60 0
30 wait 63 31 3100
30 wait 255 31 3300
30 allreduce 1 0 0 
30 allreduce 1 0 0 
30 reduce 1 0 0 0 
30 finalize
