45 init
45 barrier
45 bcast 1 0 1 
45 bcast 1 0 1 
45 bcast 1 0 1 
45 bcast 1 0 1 
45 bcast 1 0 1 
45 bcast 8 0 1 
45 bcast 1 0 16 
45 barrier
45 allreduce 1 0 0 
45 allreduce 4 0 1 
45 allreduce 1 0 0 
45 allreduce 4 0 1 
45 allreduce 1 0 0 
45 allreduce 4 0 1 
45 allreduce 1 0 0 
45 allreduce 4 0 1 
45 allreduce 1 0 0 
45 allreduce 4 0 1 
45 allreduce 1 0 0 
45 allreduce 4 0 1 
45 allreduce 1 0 0 
45 allreduce 4 0 1 
45 allreduce 1 0 0 
45 allreduce 4 0 1 
45 allreduce 1 0 0 
45 allreduce 4 0 1 
45 allreduce 1 0 0 
45 allreduce 4 0 1 
45 allreduce 1 0 0 
45 allreduce 4 0 1 
45 allreduce 1 0 0 
45 allreduce 4 0 1 
45 allreduce 1 0 0 
45 allreduce 4 0 1 
45 allreduce 1 0 0 
45 allreduce 4 0 1 
45 allreduce 1 0 0 
45 allreduce 4 0 1 
45 allreduce 1 0 0 
45 allreduce 4 0 1 
45 allreduce 1 0 0 
45 allreduce 4 0 1 
45 allreduce 1 0 0 
45 allreduce 4 0 1 
45 allreduce 1 0 0 
45 allreduce 4 0 1 
45 allreduce 1 0 0 
45 allreduce 4 0 1 
45 barrier
45 irecv 46 1100 200 0
45 irecv 44 1300 200 0
45 send 46 1300 16 0
45 send 44 1100 16 0
45 wait 47 46 1100
45 wait 45 46 1300
45 irecv 49 2100 200 0
45 irecv 41 2300 200 0
45 send 49 2300 40 0
45 send 41 2100 40 0
45 wait 50 46 2100
45 wait 42 46 2300
45 irecv 77 3100 200 0
45 irecv 13 3300 200 0
45 send 77 3300 60 0
45 send 13 3100 60 0
45 wait 78 46 3100
45 wait 14 46 3300
45 allreduce 1 0 0 
45 allreduce 1 0 0 
45 irecv 46 1100 200 0
45 irecv 44 1300 200 0
45 send 46 1300 16 0
45 send 44 1100 16 0
45 wait 47 46 1100
45 wait 45 46 1300
45 irecv 49 2100 200 0
45 irecv 41 2300 200 0
45 send 49 2300 40 0
45 send 41 2100 40 0
45 wait 50 46 2100
45 wait 42 46 2300
45 irecv 77 3100 200 0
45 irecv 13 3300 200 0
45 send 77 3300 60 0
45 send 13 3100 60 0
45 wait 78 46 3100
45 wait 14 46 3300
45 allreduce 1 0 0 
45 allreduce 1 0 0 
45 irecv 46 1100 200 0
45 irecv 44 1300 200 0
45 send 46 1300 4 0
45 send 44 1100 4 0
45 wait 47 46 1100
45 wait 45 46 1300
45 irecv 49 2100 200 0
45 irecv 41 2300 200 0
45 send 49 2300 12 0
45 send 41 2100 12 0
45 wait 50 46 2100
45 wait 42 46 2300
45 irecv 77 3100 200 0
45 irecv 13 3300 200 0
45 send 77 3300 24 0
45 send 13 3100 24 0
45 wait 78 46 3100
45 wait 14 46 3300
45 irecv 46 1100 200 0
45 irecv 44 1300 200 0
45 send 46 1300 1 0
45 send 44 1100 1 0
45 wait 47 46 1100
45 wait 45 46 1300
45 irecv 49 2100 200 0
45 irecv 41 2300 200 0
45 send 49 2300 4 0
45 send 41 2100 4 0
45 wait 50 46 2100
45 wait 42 46 2300
45 irecv 77 3100 200 0
45 irecv 13 3300 200 0
45 send 77 3300 12 0
45 send 13 3100 12 0
45 wait 78 46 3100
45 wait 14 46 3300
45 irecv 46 1100 200 0
45 irecv 44 1300 200 0
45 send 46 1300 1 0
45 send 44 1100 1 0
45 wait 47 46 1100
45 wait 45 46 1300
45 irecv 53 2100 200 0
45 irecv 37 2300 200 0
45 send 53 2300 3 0
45 send 37 2100 3 0
45 wait 54 46 2100
45 wait 38 46 2300
45 irecv 109 3100 200 0
45 irecv 237 3300 200 0
45 send 109 3300 9 0
45 send 237 3100 9 0
45 wait 110 46 3100
45 wait 238 46 3300
45 send 46 1300 18 0
45 send 44 1100 9 0
45 send 53 2300 18 0
45 send 37 2100 9 0
45 irecv 109 3100 200 0
45 irecv 237 3300 200 0
45 wait 110 46 3100
45 wait 238 46 3300
45 irecv 46 1100 200 0
45 irecv 44 1300 200 0
45 send 46 1300 1 0
45 send 44 1100 1 0
45 wait 47 46 1100
45 wait 45 46 1300
45 irecv 53 2100 200 0
45 irecv 37 2300 200 0
45 send 53 2300 3 0
45 send 37 2100 3 0
45 wait 54 46 2100
45 wait 38 46 2300
45 irecv 109 3100 200 0
45 irecv 237 3300 200 0
45 send 109 3300 9 0
45 send 237 3100 9 0
45 wait 110 46 3100
45 wait 238 46 3300
45 irecv 46 1100 200 0
45 irecv 44 1300 200 0
45 send 46 1300 1 0
45 send 44 1100 1 0
45 wait 47 46 1100
45 wait 45 46 1300
45 irecv 53 2100 200 0
45 irecv 37 2300 200 0
45 send 53 2300 3 0
45 send 37 2100 3 0
45 wait 54 46 2100
45 wait 38 46 2300
45 irecv 109 3100 200 0
45 irecv 237 3300 200 0
45 send 109 3300 9 0
45 send 237 3100 9 0
45 wait 110 46 3100
45 wait 238 46 3300
45 send 49 2300 24 0
45 send 41 2100 12 0
45 send 77 3300 24 0
45 send 13 3100 12 0
45 irecv 46 1100 200 0
45 irecv 44 1300 200 0
45 send 46 1300 1 0
45 send 44 1100 1 0
45 wait 47 46 1100
45 wait 45 46 1300
45 irecv 49 2100 200 0
45 irecv 41 2300 200 0
45 send 49 2300 4 0
45 send 41 2100 4 0
45 wait 50 46 2100
45 wait 42 46 2300
45 irecv 77 3100 200 0
45 irecv 13 3300 200 0
45 send 77 3300 12 0
45 send 13 3100 12 0
45 wait 78 46 3100
45 wait 14 46 3300
45 irecv 46 1100 200 0
45 irecv 44 1300 200 0
45 send 46 1300 1 0
45 send 44 1100 1 0
45 wait 47 46 1100
45 wait 45 46 1300
45 irecv 49 2100 200 0
45 irecv 41 2300 200 0
45 send 49 2300 4 0
45 send 41 2100 4 0
45 wait 50 46 2100
45 wait 42 46 2300
45 irecv 77 3100 200 0
45 irecv 13 3300 200 0
45 send 77 3300 12 0
45 send 13 3100 12 0
45 wait 78 46 3100
45 wait 14 46 3300
45 irecv 46 1100 200 0
45 irecv 44 1300 200 0
45 send 46 1300 4 0
45 send 44 1100 4 0
45 wait 47 46 1100
45 wait 45 46 1300
45 irecv 49 2100 200 0
45 irecv 41 2300 200 0
45 send 49 2300 12 0
45 send 41 2100 12 0
45 wait 50 46 2100
45 wait 42 46 2300
45 irecv 77 3100 200 0
45 irecv 13 3300 200 0
45 send 77 3300 24 0
45 send 13 3100 24 0
45 wait 78 46 3100
45 wait 14 46 3300
45 irecv 46 1100 200 0
45 irecv 44 1300 200 0
45 send 46 1300 4 0
45 send 44 1100 4 0
45 wait 47 46 1100
45 wait 45 46 1300
45 irecv 49 2100 200 0
45 irecv 41 2300 200 0
45 send 49 2300 12 0
45 send 41 2100 12 0
45 wait 50 46 2100
45 wait 42 46 2300
45 irecv 77 3100 200 0
45 irecv 13 3300 200 0
45 send 77 3300 24 0
45 send 13 3100 24 0
45 wait 78 46 3100
45 wait 14 46 3300
45 irecv 46 1100 200 0
45 irecv 44 1300 200 0
45 send 46 1300 16 0
45 send 44 1100 16 0
45 wait 47 46 1100
45 wait 45 46 1300
45 irecv 49 2100 200 0
45 irecv 41 2300 200 0
45 send 49 2300 40 0
45 send 41 2100 40 0
45 wait 50 46 2100
45 wait 42 46 2300
45 irecv 77 3100 200 0
45 irecv 13 3300 200 0
45 send 77 3300 60 0
45 send 13 3100 60 0
45 wait 78 46 3100
45 wait 14 46 3300
45 irecv 46 1100 200 0
45 irecv 44 1300 200 0
45 send 46 1300 16 0
45 send 44 1100 16 0
45 wait 47 46 1100
45 wait 45 46 1300
45 irecv 49 2100 200 0
45 irecv 41 2300 200 0
45 send 49 2300 40 0
45 send 41 2100 40 0
45 wait 50 46 2100
45 wait 42 46 2300
45 irecv 77 3100 200 0
45 irecv 13 3300 200 0
45 send 77 3300 60 0
45 send 13 3100 60 0
45 wait 78 46 3100
45 wait 14 46 3300
45 irecv 46 1100 200 0
45 irecv 44 1300 200 0
45 send 46 1300 16 0
45 send 44 1100 16 0
45 wait 47 46 1100
45 wait 45 46 1300
45 irecv 49 2100 200 0
45 irecv 41 2300 200 0
45 send 49 2300 40 0
45 send 41 2100 40 0
45 wait 50 46 2100
45 wait 42 46 2300
45 irecv 77 3100 200 0
45 irecv 13 3300 200 0
45 send 77 3300 60 0
45 send 13 3100 60 0
45 wait 78 46 3100
45 wait 14 46 3300
45 barrier
45 allreduce 1 0 0 
45 allreduce 4 0 1 
45 allreduce 1 0 0 
45 allreduce 4 0 1 
45 allreduce 1 0 0 
45 allreduce 4 0 1 
45 allreduce 1 0 0 
45 allreduce 4 0 1 
45 allreduce 1 0 0 
45 allreduce 4 0 1 
45 allreduce 1 0 0 
45 allreduce 4 0 1 
45 allreduce 1 0 0 
45 allreduce 4 0 1 
45 allreduce 1 0 0 
45 allreduce 4 0 1 
45 allreduce 1 0 0 
45 allreduce 4 0 1 
45 allreduce 1 0 0 
45 allreduce 4 0 1 
45 allreduce 1 0 0 
45 allreduce 4 0 1 
45 allreduce 1 0 0 
45 allreduce 4 0 1 
45 allreduce 1 0 0 
45 allreduce 4 0 1 
45 allreduce 1 0 0 
45 allreduce 4 0 1 
45 allreduce 1 0 0 
45 allreduce 4 0 1 
45 allreduce 1 0 0 
45 allreduce 4 0 1 
45 allreduce 1 0 0 
45 allreduce 4 0 1 
45 allreduce 1 0 0 
45 allreduce 4 0 1 
45 allreduce 1 0 0 
45 allreduce 4 0 1 
45 allreduce 1 0 0 
45 allreduce 4 0 1 
45 barrier
45 irecv 46 1100 200 0
45 irecv 44 1300 200 0
45 send 46 1300 16 0
45 send 44 1100 16 0
45 wait 47 46 1100
45 wait 45 46 1300
45 irecv 49 2100 200 0
45 irecv 41 2300 200 0
45 send 49 2300 40 0
45 send 41 2100 40 0
45 wait 50 46 2100
45 wait 42 46 2300
45 irecv 77 3100 200 0
45 irecv 13 3300 200 0
45 send 77 3300 60 0
45 send 13 3100 60 0
45 wait 78 46 3100
45 wait 14 46 3300
45 barrier
45 irecv 46 1100 200 0
45 irecv 44 1300 200 0
45 send 46 1300 16 0
45 send 44 1100 16 0
45 wait 47 46 1100
45 wait 45 46 1300
45 irecv 49 2100 200 0
45 irecv 41 2300 200 0
45 send 49 2300 40 0
45 send 41 2100 40 0
45 wait 50 46 2100
45 wait 42 46 2300
45 irecv 77 3100 200 0
45 irecv 13 3300 200 0
45 send 77 3300 60 0
45 send 13 3100 60 0
45 wait 78 46 3100
45 wait 14 46 3300
45 allreduce 1 0 0 
45 allreduce 1 0 0 
45 irecv 46 1100 200 0
45 irecv 44 1300 200 0
45 send 46 1300 4 0
45 send 44 1100 4 0
45 wait 47 46 1100
45 wait 45 46 1300
45 irecv 49 2100 200 0
45 irecv 41 2300 200 0
45 send 49 2300 12 0
45 send 41 2100 12 0
45 wait 50 46 2100
45 wait 42 46 2300
45 irecv 77 3100 200 0
45 irecv 13 3300 200 0
45 send 77 3300 24 0
45 send 13 3100 24 0
45 wait 78 46 3100
45 wait 14 46 3300
45 irecv 46 1100 200 0
45 irecv 44 1300 200 0
45 send 46 1300 1 0
45 send 44 1100 1 0
45 wait 47 46 1100
45 wait 45 46 1300
45 irecv 49 2100 200 0
45 irecv 41 2300 200 0
45 send 49 2300 4 0
45 send 41 2100 4 0
45 wait 50 46 2100
45 wait 42 46 2300
45 irecv 77 3100 200 0
45 irecv 13 3300 200 0
45 send 77 3300 12 0
45 send 13 3100 12 0
45 wait 78 46 3100
45 wait 14 46 3300
45 irecv 46 1100 200 0
45 irecv 44 1300 200 0
45 send 46 1300 1 0
45 send 44 1100 1 0
45 wait 47 46 1100
45 wait 45 46 1300
45 irecv 53 2100 200 0
45 irecv 37 2300 200 0
45 send 53 2300 3 0
45 send 37 2100 3 0
45 wait 54 46 2100
45 wait 38 46 2300
45 irecv 109 3100 200 0
45 irecv 237 3300 200 0
45 send 109 3300 9 0
45 send 237 3100 9 0
45 wait 110 46 3100
45 wait 238 46 3300
45 send 46 1300 18 0
45 send 44 1100 9 0
45 send 53 2300 18 0
45 send 37 2100 9 0
45 irecv 109 3100 200 0
45 irecv 237 3300 200 0
45 wait 110 46 3100
45 wait 238 46 3300
45 irecv 46 1100 200 0
45 irecv 44 1300 200 0
45 send 46 1300 1 0
45 send 44 1100 1 0
45 wait 47 46 1100
45 wait 45 46 1300
45 irecv 53 2100 200 0
45 irecv 37 2300 200 0
45 send 53 2300 3 0
45 send 37 2100 3 0
45 wait 54 46 2100
45 wait 38 46 2300
45 irecv 109 3100 200 0
45 irecv 237 3300 200 0
45 send 109 3300 9 0
45 send 237 3100 9 0
45 wait 110 46 3100
45 wait 238 46 3300
45 irecv 46 1100 200 0
45 irecv 44 1300 200 0
45 send 46 1300 1 0
45 send 44 1100 1 0
45 wait 47 46 1100
45 wait 45 46 1300
45 irecv 53 2100 200 0
45 irecv 37 2300 200 0
45 send 53 2300 3 0
45 send 37 2100 3 0
45 wait 54 46 2100
45 wait 38 46 2300
45 irecv 109 3100 200 0
45 irecv 237 3300 200 0
45 send 109 3300 9 0
45 send 237 3100 9 0
45 wait 110 46 3100
45 wait 238 46 3300
45 send 49 2300 24 0
45 send 41 2100 12 0
45 send 77 3300 24 0
45 send 13 3100 12 0
45 irecv 46 1100 200 0
45 irecv 44 1300 200 0
45 send 46 1300 1 0
45 send 44 1100 1 0
45 wait 47 46 1100
45 wait 45 46 1300
45 irecv 49 2100 200 0
45 irecv 41 2300 200 0
45 send 49 2300 4 0
45 send 41 2100 4 0
45 wait 50 46 2100
45 wait 42 46 2300
45 irecv 77 3100 200 0
45 irecv 13 3300 200 0
45 send 77 3300 12 0
45 send 13 3100 12 0
45 wait 78 46 3100
45 wait 14 46 3300
45 irecv 46 1100 200 0
45 irecv 44 1300 200 0
45 send 46 1300 1 0
45 send 44 1100 1 0
45 wait 47 46 1100
45 wait 45 46 1300
45 irecv 49 2100 200 0
45 irecv 41 2300 200 0
45 send 49 2300 4 0
45 send 41 2100 4 0
45 wait 50 46 2100
45 wait 42 46 2300
45 irecv 77 3100 200 0
45 irecv 13 3300 200 0
45 send 77 3300 12 0
45 send 13 3100 12 0
45 wait 78 46 3100
45 wait 14 46 3300
45 irecv 46 1100 200 0
45 irecv 44 1300 200 0
45 send 46 1300 4 0
45 send 44 1100 4 0
45 wait 47 46 1100
45 wait 45 46 1300
45 irecv 49 2100 200 0
45 irecv 41 2300 200 0
45 send 49 2300 12 0
45 send 41 2100 12 0
45 wait 50 46 2100
45 wait 42 46 2300
45 irecv 77 3100 200 0
45 irecv 13 3300 200 0
45 send 77 3300 24 0
45 send 13 3100 24 0
45 wait 78 46 3100
45 wait 14 46 3300
45 irecv 46 1100 200 0
45 irecv 44 1300 200 0
45 send 46 1300 4 0
45 send 44 1100 4 0
45 wait 47 46 1100
45 wait 45 46 1300
45 irecv 49 2100 200 0
45 irecv 41 2300 200 0
45 send 49 2300 12 0
45 send 41 2100 12 0
45 wait 50 46 2100
45 wait 42 46 2300
45 irecv 77 3100 200 0
45 irecv 13 3300 200 0
45 send 77 3300 24 0
45 send 13 3100 24 0
45 wait 78 46 3100
45 wait 14 46 3300
45 irecv 46 1100 200 0
45 irecv 44 1300 200 0
45 send 46 1300 16 0
45 send 44 1100 16 0
45 wait 47 46 1100
45 wait 45 46 1300
45 irecv 49 2100 200 0
45 irecv 41 2300 200 0
45 send 49 2300 40 0
45 send 41 2100 40 0
45 wait 50 46 2100
45 wait 42 46 2300
45 irecv 77 3100 200 0
45 irecv 13 3300 200 0
45 send 77 3300 60 0
45 send 13 3100 60 0
45 wait 78 46 3100
45 wait 14 46 3300
45 irecv 46 1100 200 0
45 irecv 44 1300 200 0
45 send 46 1300 16 0
45 send 44 1100 16 0
45 wait 47 46 1100
45 wait 45 46 1300
45 irecv 49 2100 200 0
45 irecv 41 2300 200 0
45 send 49 2300 40 0
45 send 41 2100 40 0
45 wait 50 46 2100
45 wait 42 46 2300
45 irecv 77 3100 200 0
45 irecv 13 3300 200 0
45 send 77 3300 60 0
45 send 13 3100 60 0
45 wait 78 46 3100
45 wait 14 46 3300
45 irecv 46 1100 200 0
45 irecv 44 1300 200 0
45 send 46 1300 16 0
45 send 44 1100 16 0
45 wait 47 46 1100
45 wait 45 46 1300
45 irecv 49 2100 200 0
45 irecv 41 2300 200 0
45 send 49 2300 40 0
45 send 41 2100 40 0
45 wait 50 46 2100
45 wait 42 46 2300
45 irecv 77 3100 200 0
45 irecv 13 3300 200 0
45 send 77 3300 60 0
45 send 13 3100 60 0
45 wait 78 46 3100
45 wait 14 46 3300
45 irecv 46 1100 200 0
45 irecv 44 1300 200 0
45 send 46 1300 4 0
45 send 44 1100 4 0
45 wait 47 46 1100
45 wait 45 46 1300
45 irecv 49 2100 200 0
45 irecv 41 2300 200 0
45 send 49 2300 12 0
45 send 41 2100 12 0
45 wait 50 46 2100
45 wait 42 46 2300
45 irecv 77 3100 200 0
45 irecv 13 3300 200 0
45 send 77 3300 24 0
45 send 13 3100 24 0
45 wait 78 46 3100
45 wait 14 46 3300
45 irecv 46 1100 200 0
45 irecv 44 1300 200 0
45 send 46 1300 1 0
45 send 44 1100 1 0
45 wait 47 46 1100
45 wait 45 46 1300
45 irecv 49 2100 200 0
45 irecv 41 2300 200 0
45 send 49 2300 4 0
45 send 41 2100 4 0
45 wait 50 46 2100
45 wait 42 46 2300
45 irecv 77 3100 200 0
45 irecv 13 3300 200 0
45 send 77 3300 12 0
45 send 13 3100 12 0
45 wait 78 46 3100
45 wait 14 46 3300
45 irecv 46 1100 200 0
45 irecv 44 1300 200 0
45 send 46 1300 1 0
45 send 44 1100 1 0
45 wait 47 46 1100
45 wait 45 46 1300
45 irecv 53 2100 200 0
45 irecv 37 2300 200 0
45 send 53 2300 3 0
45 send 37 2100 3 0
45 wait 54 46 2100
45 wait 38 46 2300
45 irecv 109 3100 200 0
45 irecv 237 3300 200 0
45 send 109 3300 9 0
45 send 237 3100 9 0
45 wait 110 46 3100
45 wait 238 46 3300
45 send 46 1300 18 0
45 send 44 1100 9 0
45 send 53 2300 18 0
45 send 37 2100 9 0
45 irecv 109 3100 200 0
45 irecv 237 3300 200 0
45 wait 110 46 3100
45 wait 238 46 3300
45 irecv 46 1100 200 0
45 irecv 44 1300 200 0
45 send 46 1300 1 0
45 send 44 1100 1 0
45 wait 47 46 1100
45 wait 45 46 1300
45 irecv 53 2100 200 0
45 irecv 37 2300 200 0
45 send 53 2300 3 0
45 send 37 2100 3 0
45 wait 54 46 2100
45 wait 38 46 2300
45 irecv 109 3100 200 0
45 irecv 237 3300 200 0
45 send 109 3300 9 0
45 send 237 3100 9 0
45 wait 110 46 3100
45 wait 238 46 3300
45 irecv 46 1100 200 0
45 irecv 44 1300 200 0
45 send 46 1300 1 0
45 send 44 1100 1 0
45 wait 47 46 1100
45 wait 45 46 1300
45 irecv 53 2100 200 0
45 irecv 37 2300 200 0
45 send 53 2300 3 0
45 send 37 2100 3 0
45 wait 54 46 2100
45 wait 38 46 2300
45 irecv 109 3100 200 0
45 irecv 237 3300 200 0
45 send 109 3300 9 0
45 send 237 3100 9 0
45 wait 110 46 3100
45 wait 238 46 3300
45 send 49 2300 24 0
45 send 41 2100 12 0
45 send 77 3300 24 0
45 send 13 3100 12 0
45 irecv 46 1100 200 0
45 irecv 44 1300 200 0
45 send 46 1300 1 0
45 send 44 1100 1 0
45 wait 47 46 1100
45 wait 45 46 1300
45 irecv 49 2100 200 0
45 irecv 41 2300 200 0
45 send 49 2300 4 0
45 send 41 2100 4 0
45 wait 50 46 2100
45 wait 42 46 2300
45 irecv 77 3100 200 0
45 irecv 13 3300 200 0
45 send 77 3300 12 0
45 send 13 3100 12 0
45 wait 78 46 3100
45 wait 14 46 3300
45 irecv 46 1100 200 0
45 irecv 44 1300 200 0
45 send 46 1300 1 0
45 send 44 1100 1 0
45 wait 47 46 1100
45 wait 45 46 1300
45 irecv 49 2100 200 0
45 irecv 41 2300 200 0
45 send 49 2300 4 0
45 send 41 2100 4 0
45 wait 50 46 2100
45 wait 42 46 2300
45 irecv 77 3100 200 0
45 irecv 13 3300 200 0
45 send 77 3300 12 0
45 send 13 3100 12 0
45 wait 78 46 3100
45 wait 14 46 3300
45 irecv 46 1100 200 0
45 irecv 44 1300 200 0
45 send 46 1300 4 0
45 send 44 1100 4 0
45 wait 47 46 1100
45 wait 45 46 1300
45 irecv 49 2100 200 0
45 irecv 41 2300 200 0
45 send 49 2300 12 0
45 send 41 2100 12 0
45 wait 50 46 2100
45 wait 42 46 2300
45 irecv 77 3100 200 0
45 irecv 13 3300 200 0
45 send 77 3300 24 0
45 send 13 3100 24 0
45 wait 78 46 3100
45 wait 14 46 3300
45 irecv 46 1100 200 0
45 irecv 44 1300 200 0
45 send 46 1300 4 0
45 send 44 1100 4 0
45 wait 47 46 1100
45 wait 45 46 1300
45 irecv 49 2100 200 0
45 irecv 41 2300 200 0
45 send 49 2300 12 0
45 send 41 2100 12 0
45 wait 50 46 2100
45 wait 42 46 2300
45 irecv 77 3100 200 0
45 irecv 13 3300 200 0
45 send 77 3300 24 0
45 send 13 3100 24 0
45 wait 78 46 3100
45 wait 14 46 3300
45 irecv 46 1100 200 0
45 irecv 44 1300 200 0
45 send 46 1300 16 0
45 send 44 1100 16 0
45 wait 47 46 1100
45 wait 45 46 1300
45 compute 312.5
45 irecv 49 2100 200 0
45 irecv 41 2300 200 0
45 send 49 2300 40 0
45 send 41 2100 40 0
45 wait 50 46 2100
45 wait 42 46 2300
45 irecv 77 3100 200 0
45 irecv 13 3300 200 0
45 send 77 3300 60 0
45 send 13 3100 60 0
45 wait 78 46 3100
45 wait 14 46 3300
45 irecv 46 1100 200 0
45 irecv 44 1300 200 0
45 send 46 1300 16 0
45 send 44 1100 16 0
45 wait 47 46 1100
45 wait 45 46 1300
45 irecv 49 2100 200 0
45 irecv 41 2300 200 0
45 send 49 2300 40 0
45 send 41 2100 40 0
45 wait 50 46 2100
45 wait 42 46 2300
45 irecv 77 3100 200 0
45 irecv 13 3300 200 0
45 send 77 3300 60 0
45 send 13 3100 60 0
45 wait 78 46 3100
45 wait 14 46 3300
45 irecv 46 1100 200 0
45 irecv 44 1300 200 0
45 send 46 1300 16 0
45 send 44 1100 16 0
45 wait 47 46 1100
45 wait 45 46 1300
45 irecv 49 2100 200 0
45 irecv 41 2300 200 0
45 send 49 2300 40 0
45 send 41 2100 40 0
45 wait 50 46 2100
45 wait 42 46 2300
45 irecv 77 3100 200 0
45 irecv 13 3300 200 0
45 send 77 3300 60 0
45 send 13 3100 60 0
45 wait 78 46 3100
45 wait 14 46 3300
45 irecv 46 1100 200 0
45 irecv 44 1300 200 0
45 send 46 1300 4 0
45 send 44 1100 4 0
45 wait 47 46 1100
45 wait 45 46 1300
45 irecv 49 2100 200 0
45 irecv 41 2300 200 0
45 send 49 2300 12 0
45 send 41 2100 12 0
45 wait 50 46 2100
45 wait 42 46 2300
45 irecv 77 3100 200 0
45 irecv 13 3300 200 0
45 send 77 3300 24 0
45 send 13 3100 24 0
45 wait 78 46 3100
45 wait 14 46 3300
45 irecv 46 1100 200 0
45 irecv 44 1300 200 0
45 send 46 1300 1 0
45 send 44 1100 1 0
45 wait 47 46 1100
45 wait 45 46 1300
45 irecv 49 2100 200 0
45 irecv 41 2300 200 0
45 send 49 2300 4 0
45 send 41 2100 4 0
45 wait 50 46 2100
45 wait 42 46 2300
45 irecv 77 3100 200 0
45 irecv 13 3300 200 0
45 send 77 3300 12 0
45 send 13 3100 12 0
45 wait 78 46 3100
45 wait 14 46 3300
45 irecv 46 1100 200 0
45 irecv 44 1300 200 0
45 send 46 1300 1 0
45 send 44 1100 1 0
45 wait 47 46 1100
45 wait 45 46 1300
45 irecv 53 2100 200 0
45 irecv 37 2300 200 0
45 send 53 2300 3 0
45 send 37 2100 3 0
45 wait 54 46 2100
45 wait 38 46 2300
45 irecv 109 3100 200 0
45 irecv 237 3300 200 0
45 send 109 3300 9 0
45 send 237 3100 9 0
45 wait 110 46 3100
45 wait 238 46 3300
45 send 46 1300 18 0
45 send 44 1100 9 0
45 send 53 2300 18 0
45 send 37 2100 9 0
45 irecv 109 3100 200 0
45 irecv 237 3300 200 0
45 wait 110 46 3100
45 wait 238 46 3300
45 irecv 46 1100 200 0
45 irecv 44 1300 200 0
45 send 46 1300 1 0
45 send 44 1100 1 0
45 wait 47 46 1100
45 wait 45 46 1300
45 irecv 53 2100 200 0
45 irecv 37 2300 200 0
45 send 53 2300 3 0
45 send 37 2100 3 0
45 wait 54 46 2100
45 wait 38 46 2300
45 irecv 109 3100 200 0
45 irecv 237 3300 200 0
45 send 109 3300 9 0
45 send 237 3100 9 0
45 wait 110 46 3100
45 wait 238 46 3300
45 irecv 46 1100 200 0
45 irecv 44 1300 200 0
45 send 46 1300 1 0
45 send 44 1100 1 0
45 wait 47 46 1100
45 wait 45 46 1300
45 irecv 53 2100 200 0
45 irecv 37 2300 200 0
45 send 53 2300 3 0
45 send 37 2100 3 0
45 wait 54 46 2100
45 wait 38 46 2300
45 irecv 109 3100 200 0
45 irecv 237 3300 200 0
45 send 109 3300 9 0
45 send 237 3100 9 0
45 wait 110 46 3100
45 wait 238 46 3300
45 send 49 2300 24 0
45 send 41 2100 12 0
45 send 77 3300 24 0
45 send 13 3100 12 0
45 irecv 46 1100 200 0
45 irecv 44 1300 200 0
45 send 46 1300 1 0
45 send 44 1100 1 0
45 wait 47 46 1100
45 wait 45 46 1300
45 irecv 49 2100 200 0
45 irecv 41 2300 200 0
45 send 49 2300 4 0
45 send 41 2100 4 0
45 wait 50 46 2100
45 wait 42 46 2300
45 irecv 77 3100 200 0
45 irecv 13 3300 200 0
45 send 77 3300 12 0
45 send 13 3100 12 0
45 wait 78 46 3100
45 wait 14 46 3300
45 irecv 46 1100 200 0
45 irecv 44 1300 200 0
45 send 46 1300 1 0
45 send 44 1100 1 0
45 wait 47 46 1100
45 wait 45 46 1300
45 irecv 49 2100 200 0
45 irecv 41 2300 200 0
45 send 49 2300 4 0
45 send 41 2100 4 0
45 wait 50 46 2100
45 wait 42 46 2300
45 irecv 77 3100 200 0
45 irecv 13 3300 200 0
45 send 77 3300 12 0
45 send 13 3100 12 0
45 wait 78 46 3100
45 wait 14 46 3300
45 irecv 46 1100 200 0
45 irecv 44 1300 200 0
45 send 46 1300 4 0
45 send 44 1100 4 0
45 wait 47 46 1100
45 wait 45 46 1300
45 irecv 49 2100 200 0
45 irecv 41 2300 200 0
45 send 49 2300 12 0
45 send 41 2100 12 0
45 wait 50 46 2100
45 wait 42 46 2300
45 irecv 77 3100 200 0
45 irecv 13 3300 200 0
45 send 77 3300 24 0
45 send 13 3100 24 0
45 wait 78 46 3100
45 wait 14 46 3300
45 irecv 46 1100 200 0
45 irecv 44 1300 200 0
45 send 46 1300 4 0
45 send 44 1100 4 0
45 wait 47 46 1100
45 wait 45 46 1300
45 irecv 49 2100 200 0
45 irecv 41 2300 200 0
45 send 49 2300 12 0
45 send 41 2100 12 0
45 wait 50 46 2100
45 wait 42 46 2300
45 irecv 77 3100 200 0
45 irecv 13 3300 200 0
45 send 77 3300 24 0
45 send 13 3100 24 0
45 wait 78 46 3100
45 wait 14 46 3300
45 irecv 46 1100 200 0
45 irecv 44 1300 200 0
45 send 46 1300 16 0
45 send 44 1100 16 0
45 wait 47 46 1100
45 wait 45 46 1300
45 irecv 49 2100 200 0
45 irecv 41 2300 200 0
45 send 49 2300 40 0
45 send 41 2100 40 0
45 wait 50 46 2100
45 wait 42 46 2300
45 irecv 77 3100 200 0
45 irecv 13 3300 200 0
45 send 77 3300 60 0
45 send 13 3100 60 0
45 wait 78 46 3100
45 wait 14 46 3300
45 irecv 46 1100 200 0
45 irecv 44 1300 200 0
45 send 46 1300 16 0
45 send 44 1100 16 0
45 wait 47 46 1100
45 wait 45 46 1300
45 irecv 49 2100 200 0
45 irecv 41 2300 200 0
45 send 49 2300 40 0
45 send 41 2100 40 0
45 wait 50 46 2100
45 wait 42 46 2300
45 irecv 77 3100 200 0
45 irecv 13 3300 200 0
45 send 77 3300 60 0
45 send 13 3100 60 0
45 wait 78 46 3100
45 wait 14 46 3300
45 irecv 46 1100 200 0
45 irecv 44 1300 200 0
45 send 46 1300 16 0
45 send 44 1100 16 0
45 wait 47 46 1100
45 wait 45 46 1300
45 irecv 49 2100 200 0
45 irecv 41 2300 200 0
45 send 49 2300 40 0
45 send 41 2100 40 0
45 wait 50 46 2100
45 wait 42 46 2300
45 irecv 77 3100 200 0
45 irecv 13 3300 200 0
45 send 77 3300 60 0
45 send 13 3100 60 0
45 wait 78 46 3100
45 wait 14 46 3300
45 irecv 46 1100 200 0
45 irecv 44 1300 200 0
45 send 46 1300 4 0
45 send 44 1100 4 0
45 wait 47 46 1100
45 wait 45 46 1300
45 irecv 49 2100 200 0
45 irecv 41 2300 200 0
45 send 49 2300 12 0
45 send 41 2100 12 0
45 wait 50 46 2100
45 wait 42 46 2300
45 irecv 77 3100 200 0
45 irecv 13 3300 200 0
45 send 77 3300 24 0
45 send 13 3100 24 0
45 wait 78 46 3100
45 wait 14 46 3300
45 irecv 46 1100 200 0
45 irecv 44 1300 200 0
45 send 46 1300 1 0
45 send 44 1100 1 0
45 wait 47 46 1100
45 wait 45 46 1300
45 irecv 49 2100 200 0
45 irecv 41 2300 200 0
45 send 49 2300 4 0
45 send 41 2100 4 0
45 wait 50 46 2100
45 wait 42 46 2300
45 irecv 77 3100 200 0
45 irecv 13 3300 200 0
45 send 77 3300 12 0
45 send 13 3100 12 0
45 wait 78 46 3100
45 wait 14 46 3300
45 irecv 46 1100 200 0
45 irecv 44 1300 200 0
45 send 46 1300 1 0
45 send 44 1100 1 0
45 wait 47 46 1100
45 wait 45 46 1300
45 irecv 53 2100 200 0
45 irecv 37 2300 200 0
45 send 53 2300 3 0
45 send 37 2100 3 0
45 wait 54 46 2100
45 wait 38 46 2300
45 irecv 109 3100 200 0
45 irecv 237 3300 200 0
45 send 109 3300 9 0
45 send 237 3100 9 0
45 wait 110 46 3100
45 wait 238 46 3300
45 send 46 1300 18 0
45 send 44 1100 9 0
45 send 53 2300 18 0
45 send 37 2100 9 0
45 irecv 109 3100 200 0
45 irecv 237 3300 200 0
45 wait 110 46 3100
45 wait 238 46 3300
45 irecv 46 1100 200 0
45 irecv 44 1300 200 0
45 send 46 1300 1 0
45 send 44 1100 1 0
45 wait 47 46 1100
45 wait 45 46 1300
45 irecv 53 2100 200 0
45 irecv 37 2300 200 0
45 send 53 2300 3 0
45 send 37 2100 3 0
45 wait 54 46 2100
45 wait 38 46 2300
45 irecv 109 3100 200 0
45 irecv 237 3300 200 0
45 send 109 3300 9 0
45 send 237 3100 9 0
45 wait 110 46 3100
45 wait 238 46 3300
45 irecv 46 1100 200 0
45 irecv 44 1300 200 0
45 send 46 1300 1 0
45 send 44 1100 1 0
45 wait 47 46 1100
45 wait 45 46 1300
45 irecv 53 2100 200 0
45 irecv 37 2300 200 0
45 send 53 2300 3 0
45 send 37 2100 3 0
45 wait 54 46 2100
45 wait 38 46 2300
45 irecv 109 3100 200 0
45 irecv 237 3300 200 0
45 send 109 3300 9 0
45 send 237 3100 9 0
45 wait 110 46 3100
45 wait 238 46 3300
45 send 49 2300 24 0
45 send 41 2100 12 0
45 send 77 3300 24 0
45 send 13 3100 12 0
45 irecv 46 1100 200 0
45 irecv 44 1300 200 0
45 send 46 1300 1 0
45 send 44 1100 1 0
45 wait 47 46 1100
45 wait 45 46 1300
45 irecv 49 2100 200 0
45 irecv 41 2300 200 0
45 send 49 2300 4 0
45 send 41 2100 4 0
45 wait 50 46 2100
45 wait 42 46 2300
45 irecv 77 3100 200 0
45 irecv 13 3300 200 0
45 send 77 3300 12 0
45 send 13 3100 12 0
45 wait 78 46 3100
45 wait 14 46 3300
45 irecv 46 1100 200 0
45 irecv 44 1300 200 0
45 send 46 1300 1 0
45 send 44 1100 1 0
45 wait 47 46 1100
45 wait 45 46 1300
45 irecv 49 2100 200 0
45 irecv 41 2300 200 0
45 send 49 2300 4 0
45 send 41 2100 4 0
45 wait 50 46 2100
45 wait 42 46 2300
45 irecv 77 3100 200 0
45 irecv 13 3300 200 0
45 send 77 3300 12 0
45 send 13 3100 12 0
45 wait 78 46 3100
45 wait 14 46 3300
45 irecv 46 1100 200 0
45 irecv 44 1300 200 0
45 send 46 1300 4 0
45 send 44 1100 4 0
45 wait 47 46 1100
45 wait 45 46 1300
45 irecv 49 2100 200 0
45 irecv 41 2300 200 0
45 send 49 2300 12 0
45 send 41 2100 12 0
45 wait 50 46 2100
45 wait 42 46 2300
45 irecv 77 3100 200 0
45 irecv 13 3300 200 0
45 send 77 3300 24 0
45 send 13 3100 24 0
45 wait 78 46 3100
45 wait 14 46 3300
45 irecv 46 1100 200 0
45 irecv 44 1300 200 0
45 send 46 1300 4 0
45 send 44 1100 4 0
45 wait 47 46 1100
45 wait 45 46 1300
45 irecv 49 2100 200 0
45 irecv 41 2300 200 0
45 send 49 2300 12 0
45 send 41 2100 12 0
45 wait 50 46 2100
45 wait 42 46 2300
45 irecv 77 3100 200 0
45 irecv 13 3300 200 0
45 send 77 3300 24 0
45 send 13 3100 24 0
45 wait 78 46 3100
45 wait 14 46 3300
45 irecv 46 1100 200 0
45 irecv 44 1300 200 0
45 send 46 1300 16 0
45 send 44 1100 16 0
45 wait 47 46 1100
45 wait 45 46 1300
45 irecv 49 2100 200 0
45 irecv 41 2300 200 0
45 send 49 2300 40 0
45 send 41 2100 40 0
45 wait 50 46 2100
45 wait 42 46 2300
45 irecv 77 3100 200 0
45 irecv 13 3300 200 0
45 send 77 3300 60 0
45 send 13 3100 60 0
45 wait 78 46 3100
45 wait 14 46 3300
45 irecv 46 1100 200 0
45 irecv 44 1300 200 0
45 send 46 1300 16 0
45 send 44 1100 16 0
45 wait 47 46 1100
45 wait 45 46 1300
45 irecv 49 2100 200 0
45 irecv 41 2300 200 0
45 send 49 2300 40 0
45 send 41 2100 40 0
45 wait 50 46 2100
45 wait 42 46 2300
45 irecv 77 3100 200 0
45 irecv 13 3300 200 0
45 send 77 3300 60 0
45 send 13 3100 60 0
45 wait 78 46 3100
45 wait 14 46 3300
45 irecv 46 1100 200 0
45 irecv 44 1300 200 0
45 send 46 1300 16 0
45 send 44 1100 16 0
45 wait 47 46 1100
45 wait 45 46 1300
45 irecv 49 2100 200 0
45 irecv 41 2300 200 0
45 send 49 2300 40 0
45 send 41 2100 40 0
45 wait 50 46 2100
45 wait 42 46 2300
45 irecv 77 3100 200 0
45 irecv 13 3300 200 0
45 send 77 3300 60 0
45 send 13 3100 60 0
45 wait 78 46 3100
45 wait 14 46 3300
45 allreduce 1 0 0 
45 allreduce 1 0 0 
45 reduce 1 0 0 0 
45 finalize
