140 init
140 barrier
140 bcast 1 0 1 
140 bcast 1 0 1 
140 bcast 1 0 1 
140 bcast 1 0 1 
140 bcast 1 0 1 
140 bcast 8 0 1 
140 bcast 1 0 16 
140 barrier
140 allreduce 1 0 0 
140 allreduce 4 0 1 
140 allreduce 1 0 0 
140 allreduce 4 0 1 
140 allreduce 1 0 0 
140 allreduce 4 0 1 
140 allreduce 1 0 0 
140 allreduce 4 0 1 
140 allreduce 1 0 0 
140 allreduce 4 0 1 
140 allreduce 1 0 0 
140 allreduce 4 0 1 
140 allreduce 1 0 0 
140 allreduce 4 0 1 
140 allreduce 1 0 0 
140 allreduce 4 0 1 
140 allreduce 1 0 0 
140 allreduce 4 0 1 
140 allreduce 1 0 0 
140 allreduce 4 0 1 
140 allreduce 1 0 0 
140 allreduce 4 0 1 
140 allreduce 1 0 0 
140 allreduce 4 0 1 
140 allreduce 1 0 0 
140 allreduce 4 0 1 
140 allreduce 1 0 0 
140 allreduce 4 0 1 
140 allreduce 1 0 0 
140 allreduce 4 0 1 
140 allreduce 1 0 0 
140 allreduce 4 0 1 
140 allreduce 1 0 0 
140 allreduce 4 0 1 
140 allreduce 1 0 0 
140 allreduce 4 0 1 
140 allreduce 1 0 0 
140 allreduce 4 0 1 
140 allreduce 1 0 0 
140 allreduce 4 0 1 
140 barrier
140 irecv 141 1100 200 0
140 irecv 143 1300 200 0
140 send 141 1300 16 0
140 send 143 1100 16 0
140 wait 142 141 1100
140 wait 144 141 1300
140 irecv 144 2100 200 0
140 irecv 136 2300 200 0
140 send 144 2300 40 0
140 send 136 2100 40 0
140 wait 145 141 2100
140 wait 137 141 2300
140 irecv 172 3100 200 0
140 irecv 108 3300 200 0
140 send 172 3300 60 0
140 send 108 3100 60 0
140 wait 173 141 3100
140 wait 109 141 3300
140 allreduce 1 0 0 
140 allreduce 1 0 0 
140 irecv 141 1100 200 0
140 irecv 143 1300 200 0
140 send 141 1300 16 0
140 send 143 1100 16 0
140 wait 142 141 1100
140 wait 144 141 1300
140 irecv 144 2100 200 0
140 irecv 136 2300 200 0
140 send 144 2300 40 0
140 send 136 2100 40 0
140 wait 145 141 2100
140 wait 137 141 2300
140 irecv 172 3100 200 0
140 irecv 108 3300 200 0
140 send 172 3300 60 0
140 send 108 3100 60 0
140 wait 173 141 3100
140 wait 109 141 3300
140 allreduce 1 0 0 
140 allreduce 1 0 0 
140 irecv 141 1100 200 0
140 irecv 143 1300 200 0
140 send 141 1300 4 0
140 send 143 1100 4 0
140 wait 142 141 1100
140 wait 144 141 1300
140 irecv 144 2100 200 0
140 irecv 136 2300 200 0
140 send 144 2300 12 0
140 send 136 2100 12 0
140 wait 145 141 2100
140 wait 137 141 2300
140 irecv 172 3100 200 0
140 irecv 108 3300 200 0
140 send 172 3300 24 0
140 send 108 3100 24 0
140 wait 173 141 3100
140 wait 109 141 3300
140 irecv 141 1100 200 0
140 irecv 143 1300 200 0
140 send 141 1300 1 0
140 send 143 1100 1 0
140 wait 142 141 1100
140 wait 144 141 1300
140 irecv 144 2100 200 0
140 irecv 136 2300 200 0
140 send 144 2300 4 0
140 send 136 2100 4 0
140 wait 145 141 2100
140 wait 137 141 2300
140 irecv 172 3100 200 0
140 irecv 108 3300 200 0
140 send 172 3300 12 0
140 send 108 3100 12 0
140 wait 173 141 3100
140 wait 109 141 3300
140 irecv 141 1100 200 0
140 irecv 143 1300 200 0
140 wait 142 141 1100
140 wait 144 141 1300
140 send 148 2300 12 0
140 send 132 2100 6 0
140 send 144 2300 24 0
140 send 136 2100 12 0
140 irecv 172 3100 200 0
140 irecv 108 3300 200 0
140 wait 173 141 3100
140 wait 109 141 3300
140 irecv 141 1100 200 0
140 irecv 143 1300 200 0
140 send 141 1300 1 0
140 send 143 1100 1 0
140 wait 142 141 1100
140 wait 144 141 1300
140 irecv 144 2100 200 0
140 irecv 136 2300 200 0
140 send 144 2300 4 0
140 send 136 2100 4 0
140 wait 145 141 2100
140 wait 137 141 2300
140 irecv 172 3100 200 0
140 irecv 108 3300 200 0
140 send 172 3300 12 0
140 send 108 3100 12 0
140 wait 173 141 3100
140 wait 109 141 3300
140 irecv 141 1100 200 0
140 irecv 143 1300 200 0
140 send 141 1300 1 0
140 send 143 1100 1 0
140 wait 142 141 1100
140 wait 144 141 1300
140 irecv 144 2100 200 0
140 irecv 136 2300 200 0
140 send 144 2300 4 0
140 send 136 2100 4 0
140 wait 145 141 2100
140 wait 137 141 2300
140 irecv 172 3100 200 0
140 irecv 108 3300 200 0
140 send 172 3300 12 0
140 send 108 3100 12 0
140 wait 173 141 3100
140 wait 109 141 3300
140 irecv 141 1100 200 0
140 irecv 143 1300 200 0
140 send 141 1300 4 0
140 send 143 1100 4 0
140 wait 142 141 1100
140 wait 144 141 1300
140 irecv 144 2100 200 0
140 irecv 136 2300 200 0
140 send 144 2300 12 0
140 send 136 2100 12 0
140 wait 145 141 2100
140 wait 137 141 2300
140 irecv 172 3100 200 0
140 irecv 108 3300 200 0
140 send 172 3300 24 0
140 send 108 3100 24 0
140 wait 173 141 3100
140 wait 109 141 3300
140 irecv 141 1100 200 0
140 irecv 143 1300 200 0
140 send 141 1300 4 0
140 send 143 1100 4 0
140 wait 142 141 1100
140 wait 144 141 1300
140 irecv 144 2100 200 0
140 irecv 136 2300 200 0
140 send 144 2300 12 0
140 send 136 2100 12 0
140 wait 145 141 2100
140 wait 137 141 2300
140 irecv 172 3100 200 0
140 irecv 108 3300 200 0
140 send 172 3300 24 0
140 send 108 3100 24 0
140 wait 173 141 3100
140 wait 109 141 3300
140 irecv 141 1100 200 0
140 irecv 143 1300 200 0
140 send 141 1300 16 0
140 send 143 1100 16 0
140 wait 142 141 1100
140 wait 144 141 1300
140 irecv 144 2100 200 0
140 irecv 136 2300 200 0
140 send 144 2300 40 0
140 send 136 2100 40 0
140 wait 145 141 2100
140 wait 137 141 2300
140 irecv 172 3100 200 0
140 irecv 108 3300 200 0
140 send 172 3300 60 0
140 send 108 3100 60 0
140 wait 173 141 3100
140 wait 109 141 3300
140 irecv 141 1100 200 0
140 irecv 143 1300 200 0
140 send 141 1300 16 0
140 send 143 1100 16 0
140 wait 142 141 1100
140 wait 144 141 1300
140 irecv 144 2100 200 0
140 irecv 136 2300 200 0
140 send 144 2300 40 0
140 send 136 2100 40 0
140 wait 145 141 2100
140 wait 137 141 2300
140 irecv 172 3100 200 0
140 irecv 108 3300 200 0
140 send 172 3300 60 0
140 send 108 3100 60 0
140 wait 173 141 3100
140 wait 109 141 3300
140 irecv 141 1100 200 0
140 irecv 143 1300 200 0
140 send 141 1300 16 0
140 send 143 1100 16 0
140 wait 142 141 1100
140 wait 144 141 1300
140 irecv 144 2100 200 0
140 irecv 136 2300 200 0
140 send 144 2300 40 0
140 send 136 2100 40 0
140 wait 145 141 2100
140 wait 137 141 2300
140 irecv 172 3100 200 0
140 irecv 108 3300 200 0
140 send 172 3300 60 0
140 send 108 3100 60 0
140 wait 173 141 3100
140 wait 109 141 3300
140 barrier
140 allreduce 1 0 0 
140 allreduce 4 0 1 
140 allreduce 1 0 0 
140 allreduce 4 0 1 
140 allreduce 1 0 0 
140 allreduce 4 0 1 
140 allreduce 1 0 0 
140 allreduce 4 0 1 
140 allreduce 1 0 0 
140 allreduce 4 0 1 
140 allreduce 1 0 0 
140 allreduce 4 0 1 
140 allreduce 1 0 0 
140 allreduce 4 0 1 
140 allreduce 1 0 0 
140 allreduce 4 0 1 
140 allreduce 1 0 0 
140 allreduce 4 0 1 
140 allreduce 1 0 0 
140 allreduce 4 0 1 
140 allreduce 1 0 0 
140 allreduce 4 0 1 
140 allreduce 1 0 0 
140 allreduce 4 0 1 
140 allreduce 1 0 0 
140 allreduce 4 0 1 
140 allreduce 1 0 0 
140 allreduce 4 0 1 
140 allreduce 1 0 0 
140 allreduce 4 0 1 
140 allreduce 1 0 0 
140 allreduce 4 0 1 
140 allreduce 1 0 0 
140 allreduce 4 0 1 
140 allreduce 1 0 0 
140 allreduce 4 0 1 
140 allreduce 1 0 0 
140 allreduce 4 0 1 
140 allreduce 1 0 0 
140 allreduce 4 0 1 
140 barrier
140 irecv 141 1100 200 0
140 irecv 143 1300 200 0
140 send 141 1300 16 0
140 send 143 1100 16 0
140 wait 142 141 1100
140 wait 144 141 1300
140 irecv 144 2100 200 0
140 irecv 136 2300 200 0
140 send 144 2300 40 0
140 send 136 2100 40 0
140 wait 145 141 2100
140 wait 137 141 2300
140 irecv 172 3100 200 0
140 irecv 108 3300 200 0
140 send 172 3300 60 0
140 send 108 3100 60 0
140 wait 173 141 3100
140 wait 109 141 3300
140 barrier
140 irecv 141 1100 200 0
140 irecv 143 1300 200 0
140 send 141 1300 16 0
140 send 143 1100 16 0
140 wait 142 141 1100
140 wait 144 141 1300
140 irecv 144 2100 200 0
140 irecv 136 2300 200 0
140 send 144 2300 40 0
140 send 136 2100 40 0
140 wait 145 141 2100
140 wait 137 141 2300
140 irecv 172 3100 200 0
140 irecv 108 3300 200 0
140 send 172 3300 60 0
140 send 108 3100 60 0
140 wait 173 141 3100
140 wait 109 141 3300
140 allreduce 1 0 0 
140 allreduce 1 0 0 
140 irecv 141 1100 200 0
140 irecv 143 1300 200 0
140 send 141 1300 4 0
140 send 143 1100 4 0
140 wait 142 141 1100
140 wait 144 141 1300
140 irecv 144 2100 200 0
140 irecv 136 2300 200 0
140 send 144 2300 12 0
140 send 136 2100 12 0
140 wait 145 141 2100
140 wait 137 141 2300
140 irecv 172 3100 200 0
140 irecv 108 3300 200 0
140 send 172 3300 24 0
140 send 108 3100 24 0
140 wait 173 141 3100
140 wait 109 141 3300
140 irecv 141 1100 200 0
140 irecv 143 1300 200 0
140 send 141 1300 1 0
140 send 143 1100 1 0
140 wait 142 141 1100
140 wait 144 141 1300
140 irecv 144 2100 200 0
140 irecv 136 2300 200 0
140 send 144 2300 4 0
140 send 136 2100 4 0
140 wait 145 141 2100
140 wait 137 141 2300
140 irecv 172 3100 200 0
140 irecv 108 3300 200 0
140 send 172 3300 12 0
140 send 108 3100 12 0
140 wait 173 141 3100
140 wait 109 141 3300
140 irecv 141 1100 200 0
140 irecv 143 1300 200 0
140 wait 142 141 1100
140 wait 144 141 1300
140 send 148 2300 12 0
140 send 132 2100 6 0
140 send 144 2300 24 0
140 send 136 2100 12 0
140 irecv 172 3100 200 0
140 irecv 108 3300 200 0
140 wait 173 141 3100
140 wait 109 141 3300
140 irecv 141 1100 200 0
140 irecv 143 1300 200 0
140 send 141 1300 1 0
140 send 143 1100 1 0
140 wait 142 141 1100
140 wait 144 141 1300
140 irecv 144 2100 200 0
140 irecv 136 2300 200 0
140 send 144 2300 4 0
140 send 136 2100 4 0
140 wait 145 141 2100
140 wait 137 141 2300
140 irecv 172 3100 200 0
140 irecv 108 3300 200 0
140 send 172 3300 12 0
140 send 108 3100 12 0
140 wait 173 141 3100
140 wait 109 141 3300
140 irecv 141 1100 200 0
140 irecv 143 1300 200 0
140 send 141 1300 1 0
140 send 143 1100 1 0
140 wait 142 141 1100
140 wait 144 141 1300
140 irecv 144 2100 200 0
140 irecv 136 2300 200 0
140 send 144 2300 4 0
140 send 136 2100 4 0
140 wait 145 141 2100
140 wait 137 141 2300
140 irecv 172 3100 200 0
140 irecv 108 3300 200 0
140 send 172 3300 12 0
140 send 108 3100 12 0
140 wait 173 141 3100
140 wait 109 141 3300
140 irecv 141 1100 200 0
140 irecv 143 1300 200 0
140 send 141 1300 4 0
140 send 143 1100 4 0
140 wait 142 141 1100
140 wait 144 141 1300
140 irecv 144 2100 200 0
140 irecv 136 2300 200 0
140 send 144 2300 12 0
140 send 136 2100 12 0
140 wait 145 141 2100
140 wait 137 141 2300
140 irecv 172 3100 200 0
140 irecv 108 3300 200 0
140 send 172 3300 24 0
140 send 108 3100 24 0
140 wait 173 141 3100
140 wait 109 141 3300
140 irecv 141 1100 200 0
140 irecv 143 1300 200 0
140 send 141 1300 4 0
140 send 143 1100 4 0
140 wait 142 141 1100
140 wait 144 141 1300
140 irecv 144 2100 200 0
140 irecv 136 2300 200 0
140 send 144 2300 12 0
140 send 136 2100 12 0
140 wait 145 141 2100
140 wait 137 141 2300
140 irecv 172 3100 200 0
140 irecv 108 3300 200 0
140 send 172 3300 24 0
140 send 108 3100 24 0
140 wait 173 141 3100
140 wait 109 141 3300
140 irecv 141 1100 200 0
140 irecv 143 1300 200 0
140 send 141 1300 16 0
140 send 143 1100 16 0
140 wait 142 141 1100
140 wait 144 141 1300
140 irecv 144 2100 200 0
140 irecv 136 2300 200 0
140 send 144 2300 40 0
140 send 136 2100 40 0
140 wait 145 141 2100
140 wait 137 141 2300
140 irecv 172 3100 200 0
140 irecv 108 3300 200 0
140 send 172 3300 60 0
140 send 108 3100 60 0
140 wait 173 141 3100
140 wait 109 141 3300
140 irecv 141 1100 200 0
140 irecv 143 1300 200 0
140 send 141 1300 16 0
140 send 143 1100 16 0
140 wait 142 141 1100
140 wait 144 141 1300
140 irecv 144 2100 200 0
140 irecv 136 2300 200 0
140 send 144 2300 40 0
140 send 136 2100 40 0
140 wait 145 141 2100
140 wait 137 141 2300
140 irecv 172 3100 200 0
140 irecv 108 3300 200 0
140 send 172 3300 60 0
140 send 108 3100 60 0
140 wait 173 141 3100
140 wait 109 141 3300
140 irecv 141 1100 200 0
140 irecv 143 1300 200 0
140 send 141 1300 16 0
140 send 143 1100 16 0
140 wait 142 141 1100
140 wait 144 141 1300
140 irecv 144 2100 200 0
140 irecv 136 2300 200 0
140 send 144 2300 40 0
140 send 136 2100 40 0
140 wait 145 141 2100
140 wait 137 141 2300
140 irecv 172 3100 200 0
140 irecv 108 3300 200 0
140 send 172 3300 60 0
140 send 108 3100 60 0
140 wait 173 141 3100
140 wait 109 141 3300
140 irecv 141 1100 200 0
140 irecv 143 1300 200 0
140 send 141 1300 4 0
140 send 143 1100 4 0
140 wait 142 141 1100
140 wait 144 141 1300
140 irecv 144 2100 200 0
140 irecv 136 2300 200 0
140 send 144 2300 12 0
140 send 136 2100 12 0
140 wait 145 141 2100
140 wait 137 141 2300
140 irecv 172 3100 200 0
140 irecv 108 3300 200 0
140 send 172 3300 24 0
140 send 108 3100 24 0
140 wait 173 141 3100
140 wait 109 141 3300
140 irecv 141 1100 200 0
140 irecv 143 1300 200 0
140 send 141 1300 1 0
140 send 143 1100 1 0
140 wait 142 141 1100
140 wait 144 141 1300
140 irecv 144 2100 200 0
140 irecv 136 2300 200 0
140 send 144 2300 4 0
140 send 136 2100 4 0
140 wait 145 141 2100
140 wait 137 141 2300
140 irecv 172 3100 200 0
140 irecv 108 3300 200 0
140 send 172 3300 12 0
140 send 108 3100 12 0
140 wait 173 141 3100
140 wait 109 141 3300
140 irecv 141 1100 200 0
140 irecv 143 1300 200 0
140 wait 142 141 1100
140 wait 144 141 1300
140 send 148 2300 12 0
140 send 132 2100 6 0
140 send 144 2300 24 0
140 send 136 2100 12 0
140 irecv 172 3100 200 0
140 irecv 108 3300 200 0
140 wait 173 141 3100
140 wait 109 141 3300
140 irecv 141 1100 200 0
140 irecv 143 1300 200 0
140 send 141 1300 1 0
140 send 143 1100 1 0
140 wait 142 141 1100
140 wait 144 141 1300
140 irecv 144 2100 200 0
140 irecv 136 2300 200 0
140 send 144 2300 4 0
140 send 136 2100 4 0
140 wait 145 141 2100
140 wait 137 141 2300
140 irecv 172 3100 200 0
140 irecv 108 3300 200 0
140 send 172 3300 12 0
140 send 108 3100 12 0
140 wait 173 141 3100
140 wait 109 141 3300
140 irecv 141 1100 200 0
140 irecv 143 1300 200 0
140 send 141 1300 1 0
140 send 143 1100 1 0
140 wait 142 141 1100
140 wait 144 141 1300
140 irecv 144 2100 200 0
140 irecv 136 2300 200 0
140 send 144 2300 4 0
140 send 136 2100 4 0
140 wait 145 141 2100
140 wait 137 141 2300
140 irecv 172 3100 200 0
140 irecv 108 3300 200 0
140 send 172 3300 12 0
140 send 108 3100 12 0
140 wait 173 141 3100
140 wait 109 141 3300
140 irecv 141 1100 200 0
140 irecv 143 1300 200 0
140 send 141 1300 4 0
140 send 143 1100 4 0
140 wait 142 141 1100
140 wait 144 141 1300
140 irecv 144 2100 200 0
140 irecv 136 2300 200 0
140 send 144 2300 12 0
140 send 136 2100 12 0
140 wait 145 141 2100
140 wait 137 141 2300
140 irecv 172 3100 200 0
140 irecv 108 3300 200 0
140 send 172 3300 24 0
140 send 108 3100 24 0
140 wait 173 141 3100
140 wait 109 141 3300
140 irecv 141 1100 200 0
140 irecv 143 1300 200 0
140 send 141 1300 4 0
140 send 143 1100 4 0
140 wait 142 141 1100
140 wait 144 141 1300
140 irecv 144 2100 200 0
140 irecv 136 2300 200 0
140 send 144 2300 12 0
140 send 136 2100 12 0
140 wait 145 141 2100
140 wait 137 141 2300
140 irecv 172 3100 200 0
140 irecv 108 3300 200 0
140 send 172 3300 24 0
140 send 108 3100 24 0
140 wait 173 141 3100
140 wait 109 141 3300
140 irecv 141 1100 200 0
140 irecv 143 1300 200 0
140 send 141 1300 16 0
140 send 143 1100 16 0
140 wait 142 141 1100
140 wait 144 141 1300
140 irecv 144 2100 200 0
140 irecv 136 2300 200 0
140 send 144 2300 40 0
140 send 136 2100 40 0
140 wait 145 141 2100
140 wait 137 141 2300
140 irecv 172 3100 200 0
140 irecv 108 3300 200 0
140 send 172 3300 60 0
140 send 108 3100 60 0
140 wait 173 141 3100
140 wait 109 141 3300
140 irecv 141 1100 200 0
140 irecv 143 1300 200 0
140 send 141 1300 16 0
140 send 143 1100 16 0
140 wait 142 141 1100
140 wait 144 141 1300
140 irecv 144 2100 200 0
140 irecv 136 2300 200 0
140 send 144 2300 40 0
140 send 136 2100 40 0
140 wait 145 141 2100
140 wait 137 141 2300
140 irecv 172 3100 200 0
140 irecv 108 3300 200 0
140 send 172 3300 60 0
140 send 108 3100 60 0
140 wait 173 141 3100
140 wait 109 141 3300
140 irecv 141 1100 200 0
140 irecv 143 1300 200 0
140 send 141 1300 16 0
140 send 143 1100 16 0
140 wait 142 141 1100
140 wait 144 141 1300
140 irecv 144 2100 200 0
140 irecv 136 2300 200 0
140 send 144 2300 40 0
140 send 136 2100 40 0
140 wait 145 141 2100
140 wait 137 141 2300
140 irecv 172 3100 200 0
140 irecv 108 3300 200 0
140 send 172 3300 60 0
140 send 108 3100 60 0
140 wait 173 141 3100
140 wait 109 141 3300
140 irecv 141 1100 200 0
140 irecv 143 1300 200 0
140 send 141 1300 4 0
140 send 143 1100 4 0
140 wait 142 141 1100
140 wait 144 141 1300
140 irecv 144 2100 200 0
140 irecv 136 2300 200 0
140 send 144 2300 12 0
140 send 136 2100 12 0
140 wait 145 141 2100
140 wait 137 141 2300
140 irecv 172 3100 200 0
140 irecv 108 3300 200 0
140 send 172 3300 24 0
140 send 108 3100 24 0
140 wait 173 141 3100
140 wait 109 141 3300
140 irecv 141 1100 200 0
140 irecv 143 1300 200 0
140 send 141 1300 1 0
140 send 143 1100 1 0
140 wait 142 141 1100
140 wait 144 141 1300
140 irecv 144 2100 200 0
140 irecv 136 2300 200 0
140 send 144 2300 4 0
140 send 136 2100 4 0
140 wait 145 141 2100
140 wait 137 141 2300
140 irecv 172 3100 200 0
140 irecv 108 3300 200 0
140 send 172 3300 12 0
140 send 108 3100 12 0
140 wait 173 141 3100
140 wait 109 141 3300
140 irecv 141 1100 200 0
140 irecv 143 1300 200 0
140 wait 142 141 1100
140 wait 144 141 1300
140 send 148 2300 12 0
140 send 132 2100 6 0
140 send 144 2300 24 0
140 send 136 2100 12 0
140 irecv 172 3100 200 0
140 irecv 108 3300 200 0
140 wait 173 141 3100
140 wait 109 141 3300
140 irecv 141 1100 200 0
140 irecv 143 1300 200 0
140 send 141 1300 1 0
140 send 143 1100 1 0
140 wait 142 141 1100
140 wait 144 141 1300
140 irecv 144 2100 200 0
140 irecv 136 2300 200 0
140 send 144 2300 4 0
140 send 136 2100 4 0
140 wait 145 141 2100
140 wait 137 141 2300
140 irecv 172 3100 200 0
140 irecv 108 3300 200 0
140 send 172 3300 12 0
140 send 108 3100 12 0
140 wait 173 141 3100
140 wait 109 141 3300
140 irecv 141 1100 200 0
140 irecv 143 1300 200 0
140 send 141 1300 1 0
140 send 143 1100 1 0
140 wait 142 141 1100
140 wait 144 141 1300
140 irecv 144 2100 200 0
140 irecv 136 2300 200 0
140 send 144 2300 4 0
140 send 136 2100 4 0
140 wait 145 141 2100
140 wait 137 141 2300
140 irecv 172 3100 200 0
140 irecv 108 3300 200 0
140 send 172 3300 12 0
140 send 108 3100 12 0
140 wait 173 141 3100
140 wait 109 141 3300
140 irecv 141 1100 200 0
140 irecv 143 1300 200 0
140 send 141 1300 4 0
140 send 143 1100 4 0
140 wait 142 141 1100
140 wait 144 141 1300
140 irecv 144 2100 200 0
140 irecv 136 2300 200 0
140 send 144 2300 12 0
140 send 136 2100 12 0
140 wait 145 141 2100
140 wait 137 141 2300
140 irecv 172 3100 200 0
140 irecv 108 3300 200 0
140 send 172 3300 24 0
140 send 108 3100 24 0
140 wait 173 141 3100
140 wait 109 141 3300
140 irecv 141 1100 200 0
140 irecv 143 1300 200 0
140 send 141 1300 4 0
140 send 143 1100 4 0
140 wait 142 141 1100
140 wait 144 141 1300
140 irecv 144 2100 200 0
140 irecv 136 2300 200 0
140 send 144 2300 12 0
140 send 136 2100 12 0
140 wait 145 141 2100
140 wait 137 141 2300
140 irecv 172 3100 200 0
140 irecv 108 3300 200 0
140 send 172 3300 24 0
140 send 108 3100 24 0
140 wait 173 141 3100
140 wait 109 141 3300
140 irecv 141 1100 200 0
140 irecv 143 1300 200 0
140 send 141 1300 16 0
140 send 143 1100 16 0
140 wait 142 141 1100
140 wait 144 141 1300
140 irecv 144 2100 200 0
140 irecv 136 2300 200 0
140 send 144 2300 40 0
140 send 136 2100 40 0
140 wait 145 141 2100
140 wait 137 141 2300
140 irecv 172 3100 200 0
140 irecv 108 3300 200 0
140 send 172 3300 60 0
140 send 108 3100 60 0
140 wait 173 141 3100
140 wait 109 141 3300
140 irecv 141 1100 200 0
140 irecv 143 1300 200 0
140 send 141 1300 16 0
140 send 143 1100 16 0
140 wait 142 141 1100
140 wait 144 141 1300
140 irecv 144 2100 200 0
140 irecv 136 2300 200 0
140 send 144 2300 40 0
140 send 136 2100 40 0
140 wait 145 141 2100
140 wait 137 141 2300
140 irecv 172 3100 200 0
140 irecv 108 3300 200 0
140 send 172 3300 60 0
140 send 108 3100 60 0
140 wait 173 141 3100
140 wait 109 141 3300
140 irecv 141 1100 200 0
140 irecv 143 1300 200 0
140 send 141 1300 16 0
140 send 143 1100 16 0
140 wait 142 141 1100
140 wait 144 141 1300
140 irecv 144 2100 200 0
140 irecv 136 2300 200 0
140 send 144 2300 40 0
140 send 136 2100 40 0
140 wait 145 141 2100
140 wait 137 141 2300
140 irecv 172 3100 200 0
140 irecv 108 3300 200 0
140 send 172 3300 60 0
140 send 108 3100 60 0
140 wait 173 141 3100
140 wait 109 141 3300
140 irecv 141 1100 200 0
140 irecv 143 1300 200 0
140 send 141 1300 4 0
140 send 143 1100 4 0
140 wait 142 141 1100
140 wait 144 141 1300
140 irecv 144 2100 200 0
140 irecv 136 2300 200 0
140 send 144 2300 12 0
140 send 136 2100 12 0
140 wait 145 141 2100
140 wait 137 141 2300
140 irecv 172 3100 200 0
140 irecv 108 3300 200 0
140 send 172 3300 24 0
140 send 108 3100 24 0
140 wait 173 141 3100
140 wait 109 141 3300
140 irecv 141 1100 200 0
140 irecv 143 1300 200 0
140 send 141 1300 1 0
140 send 143 1100 1 0
140 wait 142 141 1100
140 wait 144 141 1300
140 irecv 144 2100 200 0
140 irecv 136 2300 200 0
140 send 144 2300 4 0
140 send 136 2100 4 0
140 wait 145 141 2100
140 wait 137 141 2300
140 irecv 172 3100 200 0
140 irecv 108 3300 200 0
140 send 172 3300 12 0
140 send 108 3100 12 0
140 wait 173 141 3100
140 wait 109 141 3300
140 irecv 141 1100 200 0
140 irecv 143 1300 200 0
140 wait 142 141 1100
140 wait 144 141 1300
140 send 148 2300 12 0
140 send 132 2100 6 0
140 send 144 2300 24 0
140 send 136 2100 12 0
140 irecv 172 3100 200 0
140 irecv 108 3300 200 0
140 wait 173 141 3100
140 wait 109 141 3300
140 irecv 141 1100 200 0
140 irecv 143 1300 200 0
140 send 141 1300 1 0
140 send 143 1100 1 0
140 wait 142 141 1100
140 wait 144 141 1300
140 irecv 144 2100 200 0
140 irecv 136 2300 200 0
140 send 144 2300 4 0
140 send 136 2100 4 0
140 wait 145 141 2100
140 wait 137 141 2300
140 irecv 172 3100 200 0
140 irecv 108 3300 200 0
140 send 172 3300 12 0
140 send 108 3100 12 0
140 wait 173 141 3100
140 wait 109 141 3300
140 irecv 141 1100 200 0
140 irecv 143 1300 200 0
140 send 141 1300 1 0
140 send 143 1100 1 0
140 wait 142 141 1100
140 wait 144 141 1300
140 irecv 144 2100 200 0
140 irecv 136 2300 200 0
140 send 144 2300 4 0
140 send 136 2100 4 0
140 wait 145 141 2100
140 wait 137 141 2300
140 irecv 172 3100 200 0
140 irecv 108 3300 200 0
140 send 172 3300 12 0
140 send 108 3100 12 0
140 wait 173 141 3100
140 wait 109 141 3300
140 irecv 141 1100 200 0
140 irecv 143 1300 200 0
140 send 141 1300 4 0
140 send 143 1100 4 0
140 wait 142 141 1100
140 wait 144 141 1300
140 irecv 144 2100 200 0
140 irecv 136 2300 200 0
140 send 144 2300 12 0
140 send 136 2100 12 0
140 wait 145 141 2100
140 wait 137 141 2300
140 irecv 172 3100 200 0
140 irecv 108 3300 200 0
140 send 172 3300 24 0
140 send 108 3100 24 0
140 wait 173 141 3100
140 wait 109 141 3300
140 irecv 141 1100 200 0
140 irecv 143 1300 200 0
140 send 141 1300 4 0
140 send 143 1100 4 0
140 wait 142 141 1100
140 wait 144 141 1300
140 irecv 144 2100 200 0
140 irecv 136 2300 200 0
140 send 144 2300 12 0
140 send 136 2100 12 0
140 wait 145 141 2100
140 wait 137 141 2300
140 irecv 172 3100 200 0
140 irecv 108 3300 200 0
140 send 172 3300 24 0
140 send 108 3100 24 0
140 wait 173 141 3100
140 wait 109 141 3300
140 irecv 141 1100 200 0
140 irecv 143 1300 200 0
140 send 141 1300 16 0
140 send 143 1100 16 0
140 wait 142 141 1100
140 wait 144 141 1300
140 irecv 144 2100 200 0
140 irecv 136 2300 200 0
140 send 144 2300 40 0
140 send 136 2100 40 0
140 wait 145 141 2100
140 wait 137 141 2300
140 irecv 172 3100 200 0
140 irecv 108 3300 200 0
140 send 172 3300 60 0
140 send 108 3100 60 0
140 wait 173 141 3100
140 wait 109 141 3300
140 irecv 141 1100 200 0
140 irecv 143 1300 200 0
140 send 141 1300 16 0
140 send 143 1100 16 0
140 wait 142 141 1100
140 wait 144 141 1300
140 irecv 144 2100 200 0
140 irecv 136 2300 200 0
140 send 144 2300 40 0
140 send 136 2100 40 0
140 wait 145 141 2100
140 wait 137 141 2300
140 irecv 172 3100 200 0
140 irecv 108 3300 200 0
140 send 172 3300 60 0
140 send 108 3100 60 0
140 wait 173 141 3100
140 wait 109 141 3300
140 irecv 141 1100 200 0
140 irecv 143 1300 200 0
140 send 141 1300 16 0
140 send 143 1100 16 0
140 wait 142 141 1100
140 wait 144 141 1300
140 irecv 144 2100 200 0
140 irecv 136 2300 200 0
140 send 144 2300 40 0
140 send 136 2100 40 0
140 wait 145 141 2100
140 wait 137 141 2300
140 irecv 172 3100 200 0
140 irecv 108 3300 200 0
140 send 172 3300 60 0
140 send 108 3100 60 0
140 wait 173 141 3100
140 wait 109 141 3300
140 allreduce 1 0 0 
140 allreduce 1 0 0 
140 reduce 1 0 0 0 
140 finalize
