78 init
78 barrier
78 bcast 1 0 1 
78 bcast 1 0 1 
78 bcast 1 0 1 
78 bcast 1 0 1 
78 bcast 1 0 1 
78 bcast 8 0 1 
78 bcast 1 0 16 
78 barrier
78 allreduce 1 0 0 
78 allreduce 4 0 1 
78 allreduce 1 0 0 
78 allreduce 4 0 1 
78 allreduce 1 0 0 
78 allreduce 4 0 1 
78 allreduce 1 0 0 
78 allreduce 4 0 1 
78 allreduce 1 0 0 
78 allreduce 4 0 1 
78 allreduce 1 0 0 
78 allreduce 4 0 1 
78 allreduce 1 0 0 
78 allreduce 4 0 1 
78 allreduce 1 0 0 
78 allreduce 4 0 1 
78 allreduce 1 0 0 
78 allreduce 4 0 1 
78 allreduce 1 0 0 
78 allreduce 4 0 1 
78 allreduce 1 0 0 
78 allreduce 4 0 1 
78 allreduce 1 0 0 
78 allreduce 4 0 1 
78 allreduce 1 0 0 
78 allreduce 4 0 1 
78 allreduce 1 0 0 
78 allreduce 4 0 1 
78 allreduce 1 0 0 
78 allreduce 4 0 1 
78 allreduce 1 0 0 
78 allreduce 4 0 1 
78 allreduce 1 0 0 
78 allreduce 4 0 1 
78 allreduce 1 0 0 
78 allreduce 4 0 1 
78 allreduce 1 0 0 
78 allreduce 4 0 1 
78 allreduce 1 0 0 
78 allreduce 4 0 1 
78 barrier
78 irecv 79 1100 200 0
78 irecv 77 1300 200 0
78 send 79 1300 16 0
78 send 77 1100 16 0
78 wait 80 79 1100
78 wait 78 79 1300
78 irecv 82 2100 200 0
78 irecv 74 2300 200 0
78 send 82 2300 40 0
78 send 74 2100 40 0
78 wait 83 79 2100
78 wait 75 79 2300
78 irecv 110 3100 200 0
78 irecv 46 3300 200 0
78 send 110 3300 60 0
78 send 46 3100 60 0
78 wait 111 79 3100
78 wait 47 79 3300
78 allreduce 1 0 0 
78 allreduce 1 0 0 
78 irecv 79 1100 200 0
78 irecv 77 1300 200 0
78 send 79 1300 16 0
78 send 77 1100 16 0
78 wait 80 79 1100
78 wait 78 79 1300
78 irecv 82 2100 200 0
78 irecv 74 2300 200 0
78 send 82 2300 40 0
78 send 74 2100 40 0
78 wait 83 79 2100
78 wait 75 79 2300
78 irecv 110 3100 200 0
78 irecv 46 3300 200 0
78 send 110 3300 60 0
78 send 46 3100 60 0
78 wait 111 79 3100
78 wait 47 79 3300
78 allreduce 1 0 0 
78 allreduce 1 0 0 
78 irecv 79 1100 200 0
78 irecv 77 1300 200 0
78 send 79 1300 4 0
78 send 77 1100 4 0
78 wait 80 79 1100
78 wait 78 79 1300
78 irecv 82 2100 200 0
78 irecv 74 2300 200 0
78 send 82 2300 12 0
78 send 74 2100 12 0
78 wait 83 79 2100
78 wait 75 79 2300
78 irecv 110 3100 200 0
78 irecv 46 3300 200 0
78 send 110 3300 24 0
78 send 46 3100 24 0
78 wait 111 79 3100
78 wait 47 79 3300
78 irecv 79 1100 200 0
78 irecv 77 1300 200 0
78 send 79 1300 1 0
78 send 77 1100 1 0
78 wait 80 79 1100
78 wait 78 79 1300
78 irecv 82 2100 200 0
78 irecv 74 2300 200 0
78 send 82 2300 4 0
78 send 74 2100 4 0
78 wait 83 79 2100
78 wait 75 79 2300
78 irecv 110 3100 200 0
78 irecv 46 3300 200 0
78 send 110 3300 12 0
78 send 46 3100 12 0
78 wait 111 79 3100
78 wait 47 79 3300
78 irecv 79 1100 200 0
78 irecv 77 1300 200 0
78 wait 80 79 1100
78 wait 78 79 1300
78 send 86 2300 12 0
78 send 70 2100 6 0
78 send 82 2300 24 0
78 send 74 2100 12 0
78 irecv 110 3100 200 0
78 irecv 46 3300 200 0
78 wait 111 79 3100
78 wait 47 79 3300
78 irecv 79 1100 200 0
78 irecv 77 1300 200 0
78 send 79 1300 1 0
78 send 77 1100 1 0
78 wait 80 79 1100
78 wait 78 79 1300
78 irecv 82 2100 200 0
78 irecv 74 2300 200 0
78 send 82 2300 4 0
78 send 74 2100 4 0
78 wait 83 79 2100
78 wait 75 79 2300
78 irecv 110 3100 200 0
78 irecv 46 3300 200 0
78 send 110 3300 12 0
78 send 46 3100 12 0
78 wait 111 79 3100
78 wait 47 79 3300
78 irecv 79 1100 200 0
78 irecv 77 1300 200 0
78 send 79 1300 1 0
78 send 77 1100 1 0
78 wait 80 79 1100
78 wait 78 79 1300
78 irecv 82 2100 200 0
78 irecv 74 2300 200 0
78 send 82 2300 4 0
78 send 74 2100 4 0
78 wait 83 79 2100
78 wait 75 79 2300
78 irecv 110 3100 200 0
78 irecv 46 3300 200 0
78 send 110 3300 12 0
78 send 46 3100 12 0
78 wait 111 79 3100
78 wait 47 79 3300
78 irecv 79 1100 200 0
78 irecv 77 1300 200 0
78 send 79 1300 4 0
78 send 77 1100 4 0
78 wait 80 79 1100
78 wait 78 79 1300
78 irecv 82 2100 200 0
78 irecv 74 2300 200 0
78 send 82 2300 12 0
78 send 74 2100 12 0
78 wait 83 79 2100
78 wait 75 79 2300
78 irecv 110 3100 200 0
78 irecv 46 3300 200 0
78 send 110 3300 24 0
78 send 46 3100 24 0
78 wait 111 79 3100
78 wait 47 79 3300
78 irecv 79 1100 200 0
78 irecv 77 1300 200 0
78 send 79 1300 4 0
78 send 77 1100 4 0
78 wait 80 79 1100
78 wait 78 79 1300
78 irecv 82 2100 200 0
78 irecv 74 2300 200 0
78 send 82 2300 12 0
78 send 74 2100 12 0
78 wait 83 79 2100
78 wait 75 79 2300
78 irecv 110 3100 200 0
78 irecv 46 3300 200 0
78 send 110 3300 24 0
78 send 46 3100 24 0
78 wait 111 79 3100
78 wait 47 79 3300
78 irecv 79 1100 200 0
78 irecv 77 1300 200 0
78 send 79 1300 16 0
78 send 77 1100 16 0
78 wait 80 79 1100
78 wait 78 79 1300
78 irecv 82 2100 200 0
78 irecv 74 2300 200 0
78 send 82 2300 40 0
78 send 74 2100 40 0
78 wait 83 79 2100
78 wait 75 79 2300
78 irecv 110 3100 200 0
78 irecv 46 3300 200 0
78 send 110 3300 60 0
78 send 46 3100 60 0
78 wait 111 79 3100
78 wait 47 79 3300
78 irecv 79 1100 200 0
78 irecv 77 1300 200 0
78 send 79 1300 16 0
78 send 77 1100 16 0
78 wait 80 79 1100
78 wait 78 79 1300
78 irecv 82 2100 200 0
78 irecv 74 2300 200 0
78 send 82 2300 40 0
78 send 74 2100 40 0
78 wait 83 79 2100
78 wait 75 79 2300
78 irecv 110 3100 200 0
78 irecv 46 3300 200 0
78 send 110 3300 60 0
78 send 46 3100 60 0
78 wait 111 79 3100
78 wait 47 79 3300
78 irecv 79 1100 200 0
78 irecv 77 1300 200 0
78 send 79 1300 16 0
78 send 77 1100 16 0
78 wait 80 79 1100
78 wait 78 79 1300
78 irecv 82 2100 200 0
78 irecv 74 2300 200 0
78 send 82 2300 40 0
78 send 74 2100 40 0
78 wait 83 79 2100
78 wait 75 79 2300
78 irecv 110 3100 200 0
78 irecv 46 3300 200 0
78 send 110 3300 60 0
78 send 46 3100 60 0
78 wait 111 79 3100
78 wait 47 79 3300
78 barrier
78 allreduce 1 0 0 
78 allreduce 4 0 1 
78 allreduce 1 0 0 
78 allreduce 4 0 1 
78 allreduce 1 0 0 
78 allreduce 4 0 1 
78 allreduce 1 0 0 
78 allreduce 4 0 1 
78 allreduce 1 0 0 
78 allreduce 4 0 1 
78 allreduce 1 0 0 
78 allreduce 4 0 1 
78 allreduce 1 0 0 
78 allreduce 4 0 1 
78 allreduce 1 0 0 
78 allreduce 4 0 1 
78 allreduce 1 0 0 
78 allreduce 4 0 1 
78 allreduce 1 0 0 
78 allreduce 4 0 1 
78 allreduce 1 0 0 
78 allreduce 4 0 1 
78 allreduce 1 0 0 
78 allreduce 4 0 1 
78 allreduce 1 0 0 
78 allreduce 4 0 1 
78 allreduce 1 0 0 
78 allreduce 4 0 1 
78 allreduce 1 0 0 
78 allreduce 4 0 1 
78 allreduce 1 0 0 
78 allreduce 4 0 1 
78 allreduce 1 0 0 
78 allreduce 4 0 1 
78 allreduce 1 0 0 
78 allreduce 4 0 1 
78 allreduce 1 0 0 
78 allreduce 4 0 1 
78 allreduce 1 0 0 
78 allreduce 4 0 1 
78 barrier
78 irecv 79 1100 200 0
78 irecv 77 1300 200 0
78 send 79 1300 16 0
78 send 77 1100 16 0
78 wait 80 79 1100
78 wait 78 79 1300
78 irecv 82 2100 200 0
78 irecv 74 2300 200 0
78 send 82 2300 40 0
78 send 74 2100 40 0
78 wait 83 79 2100
78 wait 75 79 2300
78 irecv 110 3100 200 0
78 irecv 46 3300 200 0
78 send 110 3300 60 0
78 send 46 3100 60 0
78 wait 111 79 3100
78 wait 47 79 3300
78 barrier
78 irecv 79 1100 200 0
78 irecv 77 1300 200 0
78 send 79 1300 16 0
78 send 77 1100 16 0
78 wait 80 79 1100
78 wait 78 79 1300
78 irecv 82 2100 200 0
78 irecv 74 2300 200 0
78 send 82 2300 40 0
78 send 74 2100 40 0
78 wait 83 79 2100
78 wait 75 79 2300
78 irecv 110 3100 200 0
78 irecv 46 3300 200 0
78 send 110 3300 60 0
78 send 46 3100 60 0
78 wait 111 79 3100
78 wait 47 79 3300
78 allreduce 1 0 0 
78 allreduce 1 0 0 
78 irecv 79 1100 200 0
78 irecv 77 1300 200 0
78 send 79 1300 4 0
78 send 77 1100 4 0
78 wait 80 79 1100
78 wait 78 79 1300
78 irecv 82 2100 200 0
78 irecv 74 2300 200 0
78 send 82 2300 12 0
78 send 74 2100 12 0
78 wait 83 79 2100
78 wait 75 79 2300
78 irecv 110 3100 200 0
78 irecv 46 3300 200 0
78 send 110 3300 24 0
78 send 46 3100 24 0
78 wait 111 79 3100
78 wait 47 79 3300
78 irecv 79 1100 200 0
78 irecv 77 1300 200 0
78 send 79 1300 1 0
78 send 77 1100 1 0
78 wait 80 79 1100
78 wait 78 79 1300
78 irecv 82 2100 200 0
78 irecv 74 2300 200 0
78 send 82 2300 4 0
78 send 74 2100 4 0
78 wait 83 79 2100
78 wait 75 79 2300
78 irecv 110 3100 200 0
78 irecv 46 3300 200 0
78 send 110 3300 12 0
78 send 46 3100 12 0
78 wait 111 79 3100
78 wait 47 79 3300
78 irecv 79 1100 200 0
78 irecv 77 1300 200 0
78 wait 80 79 1100
78 wait 78 79 1300
78 send 86 2300 12 0
78 send 70 2100 6 0
78 send 82 2300 24 0
78 send 74 2100 12 0
78 irecv 110 3100 200 0
78 irecv 46 3300 200 0
78 wait 111 79 3100
78 wait 47 79 3300
78 irecv 79 1100 200 0
78 irecv 77 1300 200 0
78 send 79 1300 1 0
78 send 77 1100 1 0
78 wait 80 79 1100
78 wait 78 79 1300
78 irecv 82 2100 200 0
78 irecv 74 2300 200 0
78 send 82 2300 4 0
78 send 74 2100 4 0
78 wait 83 79 2100
78 wait 75 79 2300
78 irecv 110 3100 200 0
78 irecv 46 3300 200 0
78 send 110 3300 12 0
78 send 46 3100 12 0
78 wait 111 79 3100
78 wait 47 79 3300
78 irecv 79 1100 200 0
78 irecv 77 1300 200 0
78 send 79 1300 1 0
78 send 77 1100 1 0
78 wait 80 79 1100
78 wait 78 79 1300
78 irecv 82 2100 200 0
78 irecv 74 2300 200 0
78 send 82 2300 4 0
78 send 74 2100 4 0
78 wait 83 79 2100
78 wait 75 79 2300
78 irecv 110 3100 200 0
78 irecv 46 3300 200 0
78 send 110 3300 12 0
78 send 46 3100 12 0
78 wait 111 79 3100
78 wait 47 79 3300
78 irecv 79 1100 200 0
78 irecv 77 1300 200 0
78 send 79 1300 4 0
78 send 77 1100 4 0
78 wait 80 79 1100
78 wait 78 79 1300
78 irecv 82 2100 200 0
78 irecv 74 2300 200 0
78 send 82 2300 12 0
78 send 74 2100 12 0
78 wait 83 79 2100
78 wait 75 79 2300
78 irecv 110 3100 200 0
78 irecv 46 3300 200 0
78 send 110 3300 24 0
78 send 46 3100 24 0
78 wait 111 79 3100
78 wait 47 79 3300
78 irecv 79 1100 200 0
78 irecv 77 1300 200 0
78 send 79 1300 4 0
78 send 77 1100 4 0
78 wait 80 79 1100
78 wait 78 79 1300
78 irecv 82 2100 200 0
78 irecv 74 2300 200 0
78 send 82 2300 12 0
78 send 74 2100 12 0
78 wait 83 79 2100
78 wait 75 79 2300
78 irecv 110 3100 200 0
78 irecv 46 3300 200 0
78 send 110 3300 24 0
78 send 46 3100 24 0
78 wait 111 79 3100
78 wait 47 79 3300
78 irecv 79 1100 200 0
78 irecv 77 1300 200 0
78 send 79 1300 16 0
78 send 77 1100 16 0
78 wait 80 79 1100
78 wait 78 79 1300
78 irecv 82 2100 200 0
78 irecv 74 2300 200 0
78 send 82 2300 40 0
78 send 74 2100 40 0
78 wait 83 79 2100
78 wait 75 79 2300
78 irecv 110 3100 200 0
78 irecv 46 3300 200 0
78 send 110 3300 60 0
78 send 46 3100 60 0
78 wait 111 79 3100
78 wait 47 79 3300
78 irecv 79 1100 200 0
78 irecv 77 1300 200 0
78 send 79 1300 16 0
78 send 77 1100 16 0
78 wait 80 79 1100
78 wait 78 79 1300
78 irecv 82 2100 200 0
78 irecv 74 2300 200 0
78 send 82 2300 40 0
78 send 74 2100 40 0
78 wait 83 79 2100
78 wait 75 79 2300
78 irecv 110 3100 200 0
78 irecv 46 3300 200 0
78 send 110 3300 60 0
78 send 46 3100 60 0
78 wait 111 79 3100
78 wait 47 79 3300
78 irecv 79 1100 200 0
78 irecv 77 1300 200 0
78 send 79 1300 16 0
78 send 77 1100 16 0
78 wait 80 79 1100
78 wait 78 79 1300
78 irecv 82 2100 200 0
78 irecv 74 2300 200 0
78 send 82 2300 40 0
78 send 74 2100 40 0
78 wait 83 79 2100
78 wait 75 79 2300
78 irecv 110 3100 200 0
78 irecv 46 3300 200 0
78 send 110 3300 60 0
78 send 46 3100 60 0
78 wait 111 79 3100
78 wait 47 79 3300
78 irecv 79 1100 200 0
78 irecv 77 1300 200 0
78 send 79 1300 4 0
78 send 77 1100 4 0
78 wait 80 79 1100
78 wait 78 79 1300
78 irecv 82 2100 200 0
78 irecv 74 2300 200 0
78 send 82 2300 12 0
78 send 74 2100 12 0
78 wait 83 79 2100
78 wait 75 79 2300
78 irecv 110 3100 200 0
78 irecv 46 3300 200 0
78 send 110 3300 24 0
78 send 46 3100 24 0
78 wait 111 79 3100
78 wait 47 79 3300
78 irecv 79 1100 200 0
78 irecv 77 1300 200 0
78 send 79 1300 1 0
78 send 77 1100 1 0
78 wait 80 79 1100
78 wait 78 79 1300
78 irecv 82 2100 200 0
78 irecv 74 2300 200 0
78 send 82 2300 4 0
78 send 74 2100 4 0
78 wait 83 79 2100
78 wait 75 79 2300
78 irecv 110 3100 200 0
78 irecv 46 3300 200 0
78 send 110 3300 12 0
78 send 46 3100 12 0
78 wait 111 79 3100
78 wait 47 79 3300
78 irecv 79 1100 200 0
78 irecv 77 1300 200 0
78 wait 80 79 1100
78 wait 78 79 1300
78 send 86 2300 12 0
78 send 70 2100 6 0
78 send 82 2300 24 0
78 send 74 2100 12 0
78 irecv 110 3100 200 0
78 irecv 46 3300 200 0
78 wait 111 79 3100
78 wait 47 79 3300
78 irecv 79 1100 200 0
78 irecv 77 1300 200 0
78 send 79 1300 1 0
78 send 77 1100 1 0
78 wait 80 79 1100
78 wait 78 79 1300
78 irecv 82 2100 200 0
78 irecv 74 2300 200 0
78 send 82 2300 4 0
78 send 74 2100 4 0
78 wait 83 79 2100
78 wait 75 79 2300
78 irecv 110 3100 200 0
78 irecv 46 3300 200 0
78 send 110 3300 12 0
78 send 46 3100 12 0
78 wait 111 79 3100
78 wait 47 79 3300
78 irecv 79 1100 200 0
78 irecv 77 1300 200 0
78 send 79 1300 1 0
78 send 77 1100 1 0
78 wait 80 79 1100
78 wait 78 79 1300
78 irecv 82 2100 200 0
78 irecv 74 2300 200 0
78 send 82 2300 4 0
78 send 74 2100 4 0
78 wait 83 79 2100
78 wait 75 79 2300
78 irecv 110 3100 200 0
78 irecv 46 3300 200 0
78 send 110 3300 12 0
78 send 46 3100 12 0
78 wait 111 79 3100
78 wait 47 79 3300
78 irecv 79 1100 200 0
78 irecv 77 1300 200 0
78 send 79 1300 4 0
78 send 77 1100 4 0
78 wait 80 79 1100
78 wait 78 79 1300
78 irecv 82 2100 200 0
78 irecv 74 2300 200 0
78 send 82 2300 12 0
78 send 74 2100 12 0
78 wait 83 79 2100
78 wait 75 79 2300
78 irecv 110 3100 200 0
78 irecv 46 3300 200 0
78 send 110 3300 24 0
78 send 46 3100 24 0
78 wait 111 79 3100
78 wait 47 79 3300
78 irecv 79 1100 200 0
78 irecv 77 1300 200 0
78 send 79 1300 4 0
78 send 77 1100 4 0
78 wait 80 79 1100
78 wait 78 79 1300
78 irecv 82 2100 200 0
78 irecv 74 2300 200 0
78 send 82 2300 12 0
78 send 74 2100 12 0
78 wait 83 79 2100
78 wait 75 79 2300
78 irecv 110 3100 200 0
78 irecv 46 3300 200 0
78 send 110 3300 24 0
78 send 46 3100 24 0
78 wait 111 79 3100
78 wait 47 79 3300
78 irecv 79 1100 200 0
78 irecv 77 1300 200 0
78 send 79 1300 16 0
78 send 77 1100 16 0
78 wait 80 79 1100
78 wait 78 79 1300
78 irecv 82 2100 200 0
78 irecv 74 2300 200 0
78 send 82 2300 40 0
78 send 74 2100 40 0
78 wait 83 79 2100
78 wait 75 79 2300
78 irecv 110 3100 200 0
78 irecv 46 3300 200 0
78 send 110 3300 60 0
78 send 46 3100 60 0
78 wait 111 79 3100
78 wait 47 79 3300
78 irecv 79 1100 200 0
78 irecv 77 1300 200 0
78 send 79 1300 16 0
78 send 77 1100 16 0
78 wait 80 79 1100
78 wait 78 79 1300
78 irecv 82 2100 200 0
78 irecv 74 2300 200 0
78 send 82 2300 40 0
78 send 74 2100 40 0
78 wait 83 79 2100
78 wait 75 79 2300
78 irecv 110 3100 200 0
78 irecv 46 3300 200 0
78 send 110 3300 60 0
78 send 46 3100 60 0
78 wait 111 79 3100
78 wait 47 79 3300
78 irecv 79 1100 200 0
78 irecv 77 1300 200 0
78 send 79 1300 16 0
78 send 77 1100 16 0
78 wait 80 79 1100
78 wait 78 79 1300
78 irecv 82 2100 200 0
78 irecv 74 2300 200 0
78 send 82 2300 40 0
78 send 74 2100 40 0
78 wait 83 79 2100
78 wait 75 79 2300
78 irecv 110 3100 200 0
78 irecv 46 3300 200 0
78 send 110 3300 60 0
78 send 46 3100 60 0
78 wait 111 79 3100
78 wait 47 79 3300
78 irecv 79 1100 200 0
78 irecv 77 1300 200 0
78 send 79 1300 4 0
78 send 77 1100 4 0
78 wait 80 79 1100
78 wait 78 79 1300
78 irecv 82 2100 200 0
78 irecv 74 2300 200 0
78 send 82 2300 12 0
78 send 74 2100 12 0
78 wait 83 79 2100
78 wait 75 79 2300
78 irecv 110 3100 200 0
78 irecv 46 3300 200 0
78 send 110 3300 24 0
78 send 46 3100 24 0
78 wait 111 79 3100
78 wait 47 79 3300
78 irecv 79 1100 200 0
78 irecv 77 1300 200 0
78 send 79 1300 1 0
78 send 77 1100 1 0
78 wait 80 79 1100
78 wait 78 79 1300
78 irecv 82 2100 200 0
78 irecv 74 2300 200 0
78 send 82 2300 4 0
78 send 74 2100 4 0
78 wait 83 79 2100
78 wait 75 79 2300
78 irecv 110 3100 200 0
78 irecv 46 3300 200 0
78 send 110 3300 12 0
78 send 46 3100 12 0
78 wait 111 79 3100
78 wait 47 79 3300
78 irecv 79 1100 200 0
78 irecv 77 1300 200 0
78 wait 80 79 1100
78 wait 78 79 1300
78 send 86 2300 12 0
78 send 70 2100 6 0
78 send 82 2300 24 0
78 send 74 2100 12 0
78 irecv 110 3100 200 0
78 irecv 46 3300 200 0
78 wait 111 79 3100
78 wait 47 79 3300
78 irecv 79 1100 200 0
78 irecv 77 1300 200 0
78 send 79 1300 1 0
78 send 77 1100 1 0
78 wait 80 79 1100
78 wait 78 79 1300
78 irecv 82 2100 200 0
78 irecv 74 2300 200 0
78 send 82 2300 4 0
78 send 74 2100 4 0
78 wait 83 79 2100
78 wait 75 79 2300
78 irecv 110 3100 200 0
78 irecv 46 3300 200 0
78 send 110 3300 12 0
78 send 46 3100 12 0
78 wait 111 79 3100
78 wait 47 79 3300
78 irecv 79 1100 200 0
78 irecv 77 1300 200 0
78 send 79 1300 1 0
78 send 77 1100 1 0
78 wait 80 79 1100
78 wait 78 79 1300
78 irecv 82 2100 200 0
78 irecv 74 2300 200 0
78 send 82 2300 4 0
78 send 74 2100 4 0
78 wait 83 79 2100
78 wait 75 79 2300
78 irecv 110 3100 200 0
78 irecv 46 3300 200 0
78 send 110 3300 12 0
78 send 46 3100 12 0
78 wait 111 79 3100
78 wait 47 79 3300
78 irecv 79 1100 200 0
78 irecv 77 1300 200 0
78 send 79 1300 4 0
78 send 77 1100 4 0
78 wait 80 79 1100
78 wait 78 79 1300
78 irecv 82 2100 200 0
78 irecv 74 2300 200 0
78 send 82 2300 12 0
78 send 74 2100 12 0
78 wait 83 79 2100
78 wait 75 79 2300
78 irecv 110 3100 200 0
78 irecv 46 3300 200 0
78 send 110 3300 24 0
78 send 46 3100 24 0
78 wait 111 79 3100
78 wait 47 79 3300
78 irecv 79 1100 200 0
78 irecv 77 1300 200 0
78 send 79 1300 4 0
78 send 77 1100 4 0
78 wait 80 79 1100
78 wait 78 79 1300
78 irecv 82 2100 200 0
78 irecv 74 2300 200 0
78 send 82 2300 12 0
78 send 74 2100 12 0
78 wait 83 79 2100
78 wait 75 79 2300
78 irecv 110 3100 200 0
78 irecv 46 3300 200 0
78 send 110 3300 24 0
78 send 46 3100 24 0
78 wait 111 79 3100
78 wait 47 79 3300
78 irecv 79 1100 200 0
78 irecv 77 1300 200 0
78 send 79 1300 16 0
78 send 77 1100 16 0
78 wait 80 79 1100
78 wait 78 79 1300
78 irecv 82 2100 200 0
78 irecv 74 2300 200 0
78 send 82 2300 40 0
78 send 74 2100 40 0
78 wait 83 79 2100
78 wait 75 79 2300
78 irecv 110 3100 200 0
78 irecv 46 3300 200 0
78 send 110 3300 60 0
78 send 46 3100 60 0
78 wait 111 79 3100
78 wait 47 79 3300
78 irecv 79 1100 200 0
78 irecv 77 1300 200 0
78 send 79 1300 16 0
78 send 77 1100 16 0
78 wait 80 79 1100
78 wait 78 79 1300
78 irecv 82 2100 200 0
78 irecv 74 2300 200 0
78 send 82 2300 40 0
78 send 74 2100 40 0
78 wait 83 79 2100
78 wait 75 79 2300
78 irecv 110 3100 200 0
78 irecv 46 3300 200 0
78 send 110 3300 60 0
78 send 46 3100 60 0
78 wait 111 79 3100
78 wait 47 79 3300
78 irecv 79 1100 200 0
78 irecv 77 1300 200 0
78 send 79 1300 16 0
78 send 77 1100 16 0
78 wait 80 79 1100
78 wait 78 79 1300
78 irecv 82 2100 200 0
78 irecv 74 2300 200 0
78 send 82 2300 40 0
78 send 74 2100 40 0
78 wait 83 79 2100
78 wait 75 79 2300
78 irecv 110 3100 200 0
78 irecv 46 3300 200 0
78 send 110 3300 60 0
78 send 46 3100 60 0
78 wait 111 79 3100
78 wait 47 79 3300
78 irecv 79 1100 200 0
78 irecv 77 1300 200 0
78 send 79 1300 4 0
78 send 77 1100 4 0
78 wait 80 79 1100
78 wait 78 79 1300
78 irecv 82 2100 200 0
78 irecv 74 2300 200 0
78 send 82 2300 12 0
78 send 74 2100 12 0
78 wait 83 79 2100
78 wait 75 79 2300
78 irecv 110 3100 200 0
78 irecv 46 3300 200 0
78 send 110 3300 24 0
78 send 46 3100 24 0
78 wait 111 79 3100
78 wait 47 79 3300
78 irecv 79 1100 200 0
78 irecv 77 1300 200 0
78 send 79 1300 1 0
78 send 77 1100 1 0
78 wait 80 79 1100
78 wait 78 79 1300
78 irecv 82 2100 200 0
78 irecv 74 2300 200 0
78 send 82 2300 4 0
78 send 74 2100 4 0
78 wait 83 79 2100
78 wait 75 79 2300
78 irecv 110 3100 200 0
78 irecv 46 3300 200 0
78 send 110 3300 12 0
78 send 46 3100 12 0
78 wait 111 79 3100
78 wait 47 79 3300
78 irecv 79 1100 200 0
78 irecv 77 1300 200 0
78 wait 80 79 1100
78 wait 78 79 1300
78 send 86 2300 12 0
78 send 70 2100 6 0
78 send 82 2300 24 0
78 send 74 2100 12 0
78 irecv 110 3100 200 0
78 irecv 46 3300 200 0
78 wait 111 79 3100
78 wait 47 79 3300
78 irecv 79 1100 200 0
78 irecv 77 1300 200 0
78 send 79 1300 1 0
78 send 77 1100 1 0
78 wait 80 79 1100
78 wait 78 79 1300
78 irecv 82 2100 200 0
78 irecv 74 2300 200 0
78 send 82 2300 4 0
78 send 74 2100 4 0
78 wait 83 79 2100
78 wait 75 79 2300
78 irecv 110 3100 200 0
78 irecv 46 3300 200 0
78 send 110 3300 12 0
78 send 46 3100 12 0
78 wait 111 79 3100
78 wait 47 79 3300
78 irecv 79 1100 200 0
78 irecv 77 1300 200 0
78 send 79 1300 1 0
78 send 77 1100 1 0
78 wait 80 79 1100
78 wait 78 79 1300
78 irecv 82 2100 200 0
78 irecv 74 2300 200 0
78 send 82 2300 4 0
78 send 74 2100 4 0
78 wait 83 79 2100
78 wait 75 79 2300
78 irecv 110 3100 200 0
78 irecv 46 3300 200 0
78 send 110 3300 12 0
78 send 46 3100 12 0
78 wait 111 79 3100
78 wait 47 79 3300
78 irecv 79 1100 200 0
78 irecv 77 1300 200 0
78 send 79 1300 4 0
78 send 77 1100 4 0
78 wait 80 79 1100
78 wait 78 79 1300
78 irecv 82 2100 200 0
78 irecv 74 2300 200 0
78 send 82 2300 12 0
78 send 74 2100 12 0
78 wait 83 79 2100
78 wait 75 79 2300
78 irecv 110 3100 200 0
78 irecv 46 3300 200 0
78 send 110 3300 24 0
78 send 46 3100 24 0
78 wait 111 79 3100
78 wait 47 79 3300
78 irecv 79 1100 200 0
78 irecv 77 1300 200 0
78 send 79 1300 4 0
78 send 77 1100 4 0
78 wait 80 79 1100
78 wait 78 79 1300
78 irecv 82 2100 200 0
78 irecv 74 2300 200 0
78 send 82 2300 12 0
78 send 74 2100 12 0
78 wait 83 79 2100
78 wait 75 79 2300
78 irecv 110 3100 200 0
78 irecv 46 3300 200 0
78 send 110 3300 24 0
78 send 46 3100 24 0
78 wait 111 79 3100
78 wait 47 79 3300
78 irecv 79 1100 200 0
78 irecv 77 1300 200 0
78 send 79 1300 16 0
78 send 77 1100 16 0
78 wait 80 79 1100
78 wait 78 79 1300
78 irecv 82 2100 200 0
78 irecv 74 2300 200 0
78 send 82 2300 40 0
78 send 74 2100 40 0
78 wait 83 79 2100
78 wait 75 79 2300
78 irecv 110 3100 200 0
78 irecv 46 3300 200 0
78 send 110 3300 60 0
78 send 46 3100 60 0
78 wait 111 79 3100
78 wait 47 79 3300
78 irecv 79 1100 200 0
78 irecv 77 1300 200 0
78 send 79 1300 16 0
78 send 77 1100 16 0
78 wait 80 79 1100
78 wait 78 79 1300
78 irecv 82 2100 200 0
78 irecv 74 2300 200 0
78 send 82 2300 40 0
78 send 74 2100 40 0
78 wait 83 79 2100
78 wait 75 79 2300
78 irecv 110 3100 200 0
78 irecv 46 3300 200 0
78 send 110 3300 60 0
78 send 46 3100 60 0
78 wait 111 79 3100
78 wait 47 79 3300
78 irecv 79 1100 200 0
78 irecv 77 1300 200 0
78 send 79 1300 16 0
78 send 77 1100 16 0
78 wait 80 79 1100
78 wait 78 79 1300
78 irecv 82 2100 200 0
78 irecv 74 2300 200 0
78 send 82 2300 40 0
78 send 74 2100 40 0
78 wait 83 79 2100
78 wait 75 79 2300
78 irecv 110 3100 200 0
78 irecv 46 3300 200 0
78 send 110 3300 60 0
78 send 46 3100 60 0
78 wait 111 79 3100
78 wait 47 79 3300
78 allreduce 1 0 0 
78 allreduce 1 0 0 
78 reduce 1 0 0 0 
78 finalize
