252 init
252 barrier
252 bcast 1 0 1 
252 bcast 1 0 1 
252 bcast 1 0 1 
252 bcast 1 0 1 
252 bcast 1 0 1 
252 bcast 8 0 1 
252 bcast 1 0 16 
252 barrier
252 allreduce 1 0 0 
252 allreduce 4 0 1 
252 allreduce 1 0 0 
252 allreduce 4 0 1 
252 allreduce 1 0 0 
252 allreduce 4 0 1 
252 allreduce 1 0 0 
252 allreduce 4 0 1 
252 allreduce 1 0 0 
252 allreduce 4 0 1 
252 allreduce 1 0 0 
252 allreduce 4 0 1 
252 allreduce 1 0 0 
252 allreduce 4 0 1 
252 allreduce 1 0 0 
252 allreduce 4 0 1 
252 allreduce 1 0 0 
252 allreduce 4 0 1 
252 allreduce 1 0 0 
252 allreduce 4 0 1 
252 allreduce 1 0 0 
252 allreduce 4 0 1 
252 allreduce 1 0 0 
252 allreduce 4 0 1 
252 allreduce 1 0 0 
252 allreduce 4 0 1 
252 allreduce 1 0 0 
252 allreduce 4 0 1 
252 allreduce 1 0 0 
252 allreduce 4 0 1 
252 allreduce 1 0 0 
252 allreduce 4 0 1 
252 allreduce 1 0 0 
252 allreduce 4 0 1 
252 allreduce 1 0 0 
252 allreduce 4 0 1 
252 allreduce 1 0 0 
252 allreduce 4 0 1 
252 allreduce 1 0 0 
252 allreduce 4 0 1 
252 barrier
252 irecv 253 1100 200 0
252 irecv 255 1300 200 0
252 send 253 1300 16 0
252 send 255 1100 16 0
252 wait 254 253 1100
252 wait 256 253 1300
252 irecv 224 2100 200 0
252 irecv 248 2300 200 0
252 send 224 2300 40 0
252 send 248 2100 40 0
252 wait 225 253 2100
252 wait 249 253 2300
252 irecv 28 3100 200 0
252 irecv 220 3300 200 0
252 send 28 3300 60 0
252 send 220 3100 60 0
252 wait 29 253 3100
252 wait 221 253 3300
252 allreduce 1 0 0 
252 allreduce 1 0 0 
252 irecv 253 1100 200 0
252 irecv 255 1300 200 0
252 send 253 1300 16 0
252 send 255 1100 16 0
252 wait 254 253 1100
252 wait 256 253 1300
252 irecv 224 2100 200 0
252 irecv 248 2300 200 0
252 send 224 2300 40 0
252 send 248 2100 40 0
252 wait 225 253 2100
252 wait 249 253 2300
252 irecv 28 3100 200 0
252 irecv 220 3300 200 0
252 send 28 3300 60 0
252 send 220 3100 60 0
252 wait 29 253 3100
252 wait 221 253 3300
252 allreduce 1 0 0 
252 allreduce 1 0 0 
252 irecv 253 1100 200 0
252 irecv 255 1300 200 0
252 send 253 1300 4 0
252 send 255 1100 4 0
252 wait 254 253 1100
252 wait 256 253 1300
252 irecv 224 2100 200 0
252 irecv 248 2300 200 0
252 send 224 2300 12 0
252 send 248 2100 12 0
252 wait 225 253 2100
252 wait 249 253 2300
252 irecv 28 3100 200 0
252 irecv 220 3300 200 0
252 send 28 3300 24 0
252 send 220 3100 24 0
252 wait 29 253 3100
252 wait 221 253 3300
252 irecv 253 1100 200 0
252 irecv 255 1300 200 0
252 send 253 1300 1 0
252 send 255 1100 1 0
252 wait 254 253 1100
252 wait 256 253 1300
252 irecv 224 2100 200 0
252 irecv 248 2300 200 0
252 send 224 2300 4 0
252 send 248 2100 4 0
252 wait 225 253 2100
252 wait 249 253 2300
252 irecv 28 3100 200 0
252 irecv 220 3300 200 0
252 send 28 3300 12 0
252 send 220 3100 12 0
252 wait 29 253 3100
252 wait 221 253 3300
252 irecv 253 1100 200 0
252 irecv 255 1300 200 0
252 send 253 1300 1 0
252 send 255 1100 1 0
252 wait 254 253 1100
252 wait 256 253 1300
252 irecv 228 2100 200 0
252 irecv 244 2300 200 0
252 send 228 2300 3 0
252 send 244 2100 3 0
252 wait 229 253 2100
252 wait 245 253 2300
252 irecv 60 3100 200 0
252 irecv 188 3300 200 0
252 send 60 3300 9 0
252 send 188 3100 9 0
252 wait 61 253 3100
252 wait 189 253 3300
252 irecv 253 1100 200 0
252 irecv 255 1300 200 0
252 wait 254 253 1100
252 wait 256 253 1300
252 send 228 2300 18 0
252 send 244 2100 9 0
252 send 60 3300 18 0
252 send 188 3100 9 0
252 irecv 253 1100 200 0
252 irecv 255 1300 200 0
252 send 253 1300 1 0
252 send 255 1100 1 0
252 wait 254 253 1100
252 wait 256 253 1300
252 irecv 228 2100 200 0
252 irecv 244 2300 200 0
252 send 228 2300 3 0
252 send 244 2100 3 0
252 wait 229 253 2100
252 wait 245 253 2300
252 irecv 60 3100 200 0
252 irecv 188 3300 200 0
252 send 60 3300 9 0
252 send 188 3100 9 0
252 wait 61 253 3100
252 wait 189 253 3300
252 irecv 253 1100 200 0
252 irecv 255 1300 200 0
252 send 253 1300 1 0
252 send 255 1100 1 0
252 wait 254 253 1100
252 wait 256 253 1300
252 irecv 228 2100 200 0
252 irecv 244 2300 200 0
252 send 228 2300 3 0
252 send 244 2100 3 0
252 wait 229 253 2100
252 wait 245 253 2300
252 irecv 60 3100 200 0
252 irecv 188 3300 200 0
252 send 60 3300 9 0
252 send 188 3100 9 0
252 wait 61 253 3100
252 wait 189 253 3300
252 send 224 2300 24 0
252 send 248 2100 12 0
252 send 28 3300 24 0
252 send 220 3100 12 0
252 irecv 253 1100 200 0
252 irecv 255 1300 200 0
252 send 253 1300 1 0
252 send 255 1100 1 0
252 wait 254 253 1100
252 wait 256 253 1300
252 irecv 224 2100 200 0
252 irecv 248 2300 200 0
252 send 224 2300 4 0
252 send 248 2100 4 0
252 wait 225 253 2100
252 wait 249 253 2300
252 irecv 28 3100 200 0
252 irecv 220 3300 200 0
252 send 28 3300 12 0
252 send 220 3100 12 0
252 wait 29 253 3100
252 wait 221 253 3300
252 irecv 253 1100 200 0
252 irecv 255 1300 200 0
252 send 253 1300 1 0
252 send 255 1100 1 0
252 wait 254 253 1100
252 wait 256 253 1300
252 irecv 224 2100 200 0
252 irecv 248 2300 200 0
252 send 224 2300 4 0
252 send 248 2100 4 0
252 wait 225 253 2100
252 wait 249 253 2300
252 irecv 28 3100 200 0
252 irecv 220 3300 200 0
252 send 28 3300 12 0
252 send 220 3100 12 0
252 wait 29 253 3100
252 wait 221 253 3300
252 irecv 253 1100 200 0
252 irecv 255 1300 200 0
252 send 253 1300 4 0
252 send 255 1100 4 0
252 wait 254 253 1100
252 wait 256 253 1300
252 irecv 224 2100 200 0
252 irecv 248 2300 200 0
252 send 224 2300 12 0
252 send 248 2100 12 0
252 wait 225 253 2100
252 wait 249 253 2300
252 irecv 28 3100 200 0
252 irecv 220 3300 200 0
252 send 28 3300 24 0
252 send 220 3100 24 0
252 wait 29 253 3100
252 wait 221 253 3300
252 irecv 253 1100 200 0
252 irecv 255 1300 200 0
252 send 253 1300 4 0
252 send 255 1100 4 0
252 wait 254 253 1100
252 wait 256 253 1300
252 irecv 224 2100 200 0
252 irecv 248 2300 200 0
252 send 224 2300 12 0
252 send 248 2100 12 0
252 wait 225 253 2100
252 wait 249 253 2300
252 irecv 28 3100 200 0
252 irecv 220 3300 200 0
252 send 28 3300 24 0
252 send 220 3100 24 0
252 wait 29 253 3100
252 wait 221 253 3300
252 irecv 253 1100 200 0
252 irecv 255 1300 200 0
252 send 253 1300 16 0
252 send 255 1100 16 0
252 wait 254 253 1100
252 wait 256 253 1300
252 irecv 224 2100 200 0
252 irecv 248 2300 200 0
252 send 224 2300 40 0
252 send 248 2100 40 0
252 wait 225 253 2100
252 wait 249 253 2300
252 irecv 28 3100 200 0
252 irecv 220 3300 200 0
252 send 28 3300 60 0
252 send 220 3100 60 0
252 wait 29 253 3100
252 wait 221 253 3300
252 irecv 253 1100 200 0
252 irecv 255 1300 200 0
252 send 253 1300 16 0
252 send 255 1100 16 0
252 wait 254 253 1100
252 wait 256 253 1300
252 irecv 224 2100 200 0
252 irecv 248 2300 200 0
252 send 224 2300 40 0
252 send 248 2100 40 0
252 wait 225 253 2100
252 wait 249 253 2300
252 irecv 28 3100 200 0
252 irecv 220 3300 200 0
252 send 28 3300 60 0
252 send 220 3100 60 0
252 wait 29 253 3100
252 wait 221 253 3300
252 irecv 253 1100 200 0
252 irecv 255 1300 200 0
252 send 253 1300 16 0
252 send 255 1100 16 0
252 wait 254 253 1100
252 wait 256 253 1300
252 irecv 224 2100 200 0
252 irecv 248 2300 200 0
252 send 224 2300 40 0
252 send 248 2100 40 0
252 wait 225 253 2100
252 wait 249 253 2300
252 irecv 28 3100 200 0
252 irecv 220 3300 200 0
252 send 28 3300 60 0
252 send 220 3100 60 0
252 wait 29 253 3100
252 wait 221 253 3300
252 barrier
252 allreduce 1 0 0 
252 allreduce 4 0 1 
252 allreduce 1 0 0 
252 allreduce 4 0 1 
252 allreduce 1 0 0 
252 allreduce 4 0 1 
252 allreduce 1 0 0 
252 allreduce 4 0 1 
252 allreduce 1 0 0 
252 allreduce 4 0 1 
252 allreduce 1 0 0 
252 allreduce 4 0 1 
252 allreduce 1 0 0 
252 allreduce 4 0 1 
252 allreduce 1 0 0 
252 allreduce 4 0 1 
252 allreduce 1 0 0 
252 allreduce 4 0 1 
252 allreduce 1 0 0 
252 allreduce 4 0 1 
252 allreduce 1 0 0 
252 allreduce 4 0 1 
252 allreduce 1 0 0 
252 allreduce 4 0 1 
252 allreduce 1 0 0 
252 allreduce 4 0 1 
252 allreduce 1 0 0 
252 allreduce 4 0 1 
252 allreduce 1 0 0 
252 allreduce 4 0 1 
252 allreduce 1 0 0 
252 allreduce 4 0 1 
252 allreduce 1 0 0 
252 allreduce 4 0 1 
252 allreduce 1 0 0 
252 allreduce 4 0 1 
252 allreduce 1 0 0 
252 allreduce 4 0 1 
252 allreduce 1 0 0 
252 allreduce 4 0 1 
252 barrier
252 irecv 253 1100 200 0
252 irecv 255 1300 200 0
252 send 253 1300 16 0
252 send 255 1100 16 0
252 wait 254 253 1100
252 wait 256 253 1300
252 irecv 224 2100 200 0
252 irecv 248 2300 200 0
252 send 224 2300 40 0
252 send 248 2100 40 0
252 wait 225 253 2100
252 wait 249 253 2300
252 irecv 28 3100 200 0
252 irecv 220 3300 200 0
252 send 28 3300 60 0
252 send 220 3100 60 0
252 wait 29 253 3100
252 wait 221 253 3300
252 barrier
252 irecv 253 1100 200 0
252 irecv 255 1300 200 0
252 send 253 1300 16 0
252 send 255 1100 16 0
252 wait 254 253 1100
252 wait 256 253 1300
252 irecv 224 2100 200 0
252 irecv 248 2300 200 0
252 send 224 2300 40 0
252 send 248 2100 40 0
252 wait 225 253 2100
252 wait 249 253 2300
252 irecv 28 3100 200 0
252 irecv 220 3300 200 0
252 send 28 3300 60 0
252 send 220 3100 60 0
252 wait 29 253 3100
252 wait 221 253 3300
252 allreduce 1 0 0 
252 allreduce 1 0 0 
252 irecv 253 1100 200 0
252 irecv 255 1300 200 0
252 send 253 1300 4 0
252 send 255 1100 4 0
252 wait 254 253 1100
252 wait 256 253 1300
252 irecv 224 2100 200 0
252 irecv 248 2300 200 0
252 send 224 2300 12 0
252 send 248 2100 12 0
252 wait 225 253 2100
252 wait 249 253 2300
252 irecv 28 3100 200 0
252 irecv 220 3300 200 0
252 send 28 3300 24 0
252 send 220 3100 24 0
252 wait 29 253 3100
252 wait 221 253 3300
252 irecv 253 1100 200 0
252 irecv 255 1300 200 0
252 send 253 1300 1 0
252 send 255 1100 1 0
252 wait 254 253 1100
252 wait 256 253 1300
252 irecv 224 2100 200 0
252 irecv 248 2300 200 0
252 send 224 2300 4 0
252 send 248 2100 4 0
252 wait 225 253 2100
252 wait 249 253 2300
252 irecv 28 3100 200 0
252 irecv 220 3300 200 0
252 send 28 3300 12 0
252 send 220 3100 12 0
252 wait 29 253 3100
252 wait 221 253 3300
252 irecv 253 1100 200 0
252 irecv 255 1300 200 0
252 send 253 1300 1 0
252 send 255 1100 1 0
252 wait 254 253 1100
252 wait 256 253 1300
252 irecv 228 2100 200 0
252 irecv 244 2300 200 0
252 send 228 2300 3 0
252 send 244 2100 3 0
252 wait 229 253 2100
252 wait 245 253 2300
252 irecv 60 3100 200 0
252 irecv 188 3300 200 0
252 send 60 3300 9 0
252 send 188 3100 9 0
252 wait 61 253 3100
252 wait 189 253 3300
252 irecv 253 1100 200 0
252 irecv 255 1300 200 0
252 wait 254 253 1100
252 wait 256 253 1300
252 send 228 2300 18 0
252 send 244 2100 9 0
252 send 60 3300 18 0
252 send 188 3100 9 0
252 irecv 253 1100 200 0
252 irecv 255 1300 200 0
252 send 253 1300 1 0
252 send 255 1100 1 0
252 wait 254 253 1100
252 wait 256 253 1300
252 irecv 228 2100 200 0
252 irecv 244 2300 200 0
252 send 228 2300 3 0
252 send 244 2100 3 0
252 wait 229 253 2100
252 wait 245 253 2300
252 irecv 60 3100 200 0
252 irecv 188 3300 200 0
252 send 60 3300 9 0
252 send 188 3100 9 0
252 wait 61 253 3100
252 wait 189 253 3300
252 irecv 253 1100 200 0
252 irecv 255 1300 200 0
252 send 253 1300 1 0
252 send 255 1100 1 0
252 wait 254 253 1100
252 wait 256 253 1300
252 irecv 228 2100 200 0
252 irecv 244 2300 200 0
252 send 228 2300 3 0
252 send 244 2100 3 0
252 wait 229 253 2100
252 wait 245 253 2300
252 irecv 60 3100 200 0
252 irecv 188 3300 200 0
252 send 60 3300 9 0
252 send 188 3100 9 0
252 wait 61 253 3100
252 wait 189 253 3300
252 send 224 2300 24 0
252 send 248 2100 12 0
252 send 28 3300 24 0
252 send 220 3100 12 0
252 irecv 253 1100 200 0
252 irecv 255 1300 200 0
252 send 253 1300 1 0
252 send 255 1100 1 0
252 wait 254 253 1100
252 wait 256 253 1300
252 irecv 224 2100 200 0
252 irecv 248 2300 200 0
252 send 224 2300 4 0
252 send 248 2100 4 0
252 wait 225 253 2100
252 wait 249 253 2300
252 irecv 28 3100 200 0
252 irecv 220 3300 200 0
252 send 28 3300 12 0
252 send 220 3100 12 0
252 wait 29 253 3100
252 wait 221 253 3300
252 irecv 253 1100 200 0
252 irecv 255 1300 200 0
252 send 253 1300 1 0
252 send 255 1100 1 0
252 wait 254 253 1100
252 wait 256 253 1300
252 irecv 224 2100 200 0
252 irecv 248 2300 200 0
252 send 224 2300 4 0
252 send 248 2100 4 0
252 wait 225 253 2100
252 wait 249 253 2300
252 irecv 28 3100 200 0
252 irecv 220 3300 200 0
252 send 28 3300 12 0
252 send 220 3100 12 0
252 wait 29 253 3100
252 wait 221 253 3300
252 irecv 253 1100 200 0
252 irecv 255 1300 200 0
252 send 253 1300 4 0
252 send 255 1100 4 0
252 wait 254 253 1100
252 wait 256 253 1300
252 irecv 224 2100 200 0
252 irecv 248 2300 200 0
252 send 224 2300 12 0
252 send 248 2100 12 0
252 wait 225 253 2100
252 wait 249 253 2300
252 irecv 28 3100 200 0
252 irecv 220 3300 200 0
252 send 28 3300 24 0
252 send 220 3100 24 0
252 wait 29 253 3100
252 wait 221 253 3300
252 irecv 253 1100 200 0
252 irecv 255 1300 200 0
252 send 253 1300 4 0
252 send 255 1100 4 0
252 wait 254 253 1100
252 wait 256 253 1300
252 irecv 224 2100 200 0
252 irecv 248 2300 200 0
252 send 224 2300 12 0
252 send 248 2100 12 0
252 wait 225 253 2100
252 wait 249 253 2300
252 irecv 28 3100 200 0
252 irecv 220 3300 200 0
252 send 28 3300 24 0
252 send 220 3100 24 0
252 wait 29 253 3100
252 wait 221 253 3300
252 irecv 253 1100 200 0
252 irecv 255 1300 200 0
252 send 253 1300 16 0
252 send 255 1100 16 0
252 wait 254 253 1100
252 wait 256 253 1300
252 irecv 224 2100 200 0
252 irecv 248 2300 200 0
252 send 224 2300 40 0
252 send 248 2100 40 0
252 wait 225 253 2100
252 wait 249 253 2300
252 irecv 28 3100 200 0
252 irecv 220 3300 200 0
252 send 28 3300 60 0
252 send 220 3100 60 0
252 wait 29 253 3100
252 wait 221 253 3300
252 irecv 253 1100 200 0
252 irecv 255 1300 200 0
252 send 253 1300 16 0
252 send 255 1100 16 0
252 wait 254 253 1100
252 wait 256 253 1300
252 irecv 224 2100 200 0
252 irecv 248 2300 200 0
252 send 224 2300 40 0
252 send 248 2100 40 0
252 wait 225 253 2100
252 wait 249 253 2300
252 irecv 28 3100 200 0
252 irecv 220 3300 200 0
252 send 28 3300 60 0
252 send 220 3100 60 0
252 wait 29 253 3100
252 wait 221 253 3300
252 irecv 253 1100 200 0
252 irecv 255 1300 200 0
252 send 253 1300 16 0
252 send 255 1100 16 0
252 wait 254 253 1100
252 wait 256 253 1300
252 irecv 224 2100 200 0
252 irecv 248 2300 200 0
252 send 224 2300 40 0
252 send 248 2100 40 0
252 wait 225 253 2100
252 wait 249 253 2300
252 irecv 28 3100 200 0
252 irecv 220 3300 200 0
252 send 28 3300 60 0
252 send 220 3100 60 0
252 wait 29 253 3100
252 wait 221 253 3300
252 irecv 253 1100 200 0
252 irecv 255 1300 200 0
252 send 253 1300 4 0
252 send 255 1100 4 0
252 wait 254 253 1100
252 wait 256 253 1300
252 irecv 224 2100 200 0
252 irecv 248 2300 200 0
252 send 224 2300 12 0
252 send 248 2100 12 0
252 wait 225 253 2100
252 wait 249 253 2300
252 irecv 28 3100 200 0
252 irecv 220 3300 200 0
252 send 28 3300 24 0
252 send 220 3100 24 0
252 wait 29 253 3100
252 wait 221 253 3300
252 irecv 253 1100 200 0
252 irecv 255 1300 200 0
252 send 253 1300 1 0
252 send 255 1100 1 0
252 wait 254 253 1100
252 wait 256 253 1300
252 irecv 224 2100 200 0
252 irecv 248 2300 200 0
252 send 224 2300 4 0
252 send 248 2100 4 0
252 wait 225 253 2100
252 wait 249 253 2300
252 irecv 28 3100 200 0
252 irecv 220 3300 200 0
252 send 28 3300 12 0
252 send 220 3100 12 0
252 wait 29 253 3100
252 wait 221 253 3300
252 irecv 253 1100 200 0
252 irecv 255 1300 200 0
252 send 253 1300 1 0
252 send 255 1100 1 0
252 wait 254 253 1100
252 wait 256 253 1300
252 irecv 228 2100 200 0
252 irecv 244 2300 200 0
252 send 228 2300 3 0
252 send 244 2100 3 0
252 wait 229 253 2100
252 wait 245 253 2300
252 irecv 60 3100 200 0
252 irecv 188 3300 200 0
252 send 60 3300 9 0
252 send 188 3100 9 0
252 wait 61 253 3100
252 wait 189 253 3300
252 irecv 253 1100 200 0
252 irecv 255 1300 200 0
252 wait 254 253 1100
252 wait 256 253 1300
252 send 228 2300 18 0
252 send 244 2100 9 0
252 send 60 3300 18 0
252 send 188 3100 9 0
252 irecv 253 1100 200 0
252 irecv 255 1300 200 0
252 send 253 1300 1 0
252 send 255 1100 1 0
252 wait 254 253 1100
252 wait 256 253 1300
252 irecv 228 2100 200 0
252 irecv 244 2300 200 0
252 send 228 2300 3 0
252 send 244 2100 3 0
252 wait 229 253 2100
252 wait 245 253 2300
252 irecv 60 3100 200 0
252 irecv 188 3300 200 0
252 send 60 3300 9 0
252 send 188 3100 9 0
252 wait 61 253 3100
252 wait 189 253 3300
252 irecv 253 1100 200 0
252 irecv 255 1300 200 0
252 send 253 1300 1 0
252 send 255 1100 1 0
252 wait 254 253 1100
252 wait 256 253 1300
252 irecv 228 2100 200 0
252 irecv 244 2300 200 0
252 send 228 2300 3 0
252 send 244 2100 3 0
252 wait 229 253 2100
252 wait 245 253 2300
252 irecv 60 3100 200 0
252 irecv 188 3300 200 0
252 send 60 3300 9 0
252 send 188 3100 9 0
252 wait 61 253 3100
252 wait 189 253 3300
252 send 224 2300 24 0
252 send 248 2100 12 0
252 send 28 3300 24 0
252 send 220 3100 12 0
252 irecv 253 1100 200 0
252 irecv 255 1300 200 0
252 send 253 1300 1 0
252 send 255 1100 1 0
252 wait 254 253 1100
252 wait 256 253 1300
252 irecv 224 2100 200 0
252 irecv 248 2300 200 0
252 send 224 2300 4 0
252 send 248 2100 4 0
252 wait 225 253 2100
252 wait 249 253 2300
252 irecv 28 3100 200 0
252 irecv 220 3300 200 0
252 send 28 3300 12 0
252 send 220 3100 12 0
252 wait 29 253 3100
252 wait 221 253 3300
252 irecv 253 1100 200 0
252 irecv 255 1300 200 0
252 send 253 1300 1 0
252 send 255 1100 1 0
252 wait 254 253 1100
252 wait 256 253 1300
252 irecv 224 2100 200 0
252 irecv 248 2300 200 0
252 send 224 2300 4 0
252 send 248 2100 4 0
252 wait 225 253 2100
252 wait 249 253 2300
252 irecv 28 3100 200 0
252 irecv 220 3300 200 0
252 send 28 3300 12 0
252 send 220 3100 12 0
252 wait 29 253 3100
252 wait 221 253 3300
252 irecv 253 1100 200 0
252 irecv 255 1300 200 0
252 send 253 1300 4 0
252 send 255 1100 4 0
252 wait 254 253 1100
252 wait 256 253 1300
252 irecv 224 2100 200 0
252 irecv 248 2300 200 0
252 send 224 2300 12 0
252 send 248 2100 12 0
252 wait 225 253 2100
252 wait 249 253 2300
252 irecv 28 3100 200 0
252 irecv 220 3300 200 0
252 send 28 3300 24 0
252 send 220 3100 24 0
252 wait 29 253 3100
252 wait 221 253 3300
252 irecv 253 1100 200 0
252 irecv 255 1300 200 0
252 send 253 1300 4 0
252 send 255 1100 4 0
252 wait 254 253 1100
252 wait 256 253 1300
252 irecv 224 2100 200 0
252 irecv 248 2300 200 0
252 send 224 2300 12 0
252 send 248 2100 12 0
252 wait 225 253 2100
252 wait 249 253 2300
252 irecv 28 3100 200 0
252 irecv 220 3300 200 0
252 send 28 3300 24 0
252 send 220 3100 24 0
252 wait 29 253 3100
252 wait 221 253 3300
252 irecv 253 1100 200 0
252 irecv 255 1300 200 0
252 send 253 1300 16 0
252 send 255 1100 16 0
252 wait 254 253 1100
252 wait 256 253 1300
252 irecv 224 2100 200 0
252 irecv 248 2300 200 0
252 send 224 2300 40 0
252 send 248 2100 40 0
252 wait 225 253 2100
252 wait 249 253 2300
252 irecv 28 3100 200 0
252 irecv 220 3300 200 0
252 send 28 3300 60 0
252 send 220 3100 60 0
252 wait 29 253 3100
252 wait 221 253 3300
252 irecv 253 1100 200 0
252 irecv 255 1300 200 0
252 send 253 1300 16 0
252 send 255 1100 16 0
252 wait 254 253 1100
252 wait 256 253 1300
252 irecv 224 2100 200 0
252 irecv 248 2300 200 0
252 send 224 2300 40 0
252 send 248 2100 40 0
252 wait 225 253 2100
252 wait 249 253 2300
252 irecv 28 3100 200 0
252 irecv 220 3300 200 0
252 send 28 3300 60 0
252 send 220 3100 60 0
252 wait 29 253 3100
252 wait 221 253 3300
252 irecv 253 1100 200 0
252 irecv 255 1300 200 0
252 send 253 1300 16 0
252 send 255 1100 16 0
252 wait 254 253 1100
252 wait 256 253 1300
252 irecv 224 2100 200 0
252 irecv 248 2300 200 0
252 send 224 2300 40 0
252 send 248 2100 40 0
252 wait 225 253 2100
252 wait 249 253 2300
252 irecv 28 3100 200 0
252 irecv 220 3300 200 0
252 send 28 3300 60 0
252 send 220 3100 60 0
252 wait 29 253 3100
252 wait 221 253 3300
252 irecv 253 1100 200 0
252 irecv 255 1300 200 0
252 send 253 1300 4 0
252 send 255 1100 4 0
252 wait 254 253 1100
252 wait 256 253 1300
252 irecv 224 2100 200 0
252 irecv 248 2300 200 0
252 send 224 2300 12 0
252 send 248 2100 12 0
252 wait 225 253 2100
252 wait 249 253 2300
252 irecv 28 3100 200 0
252 irecv 220 3300 200 0
252 send 28 3300 24 0
252 send 220 3100 24 0
252 wait 29 253 3100
252 wait 221 253 3300
252 irecv 253 1100 200 0
252 irecv 255 1300 200 0
252 send 253 1300 1 0
252 send 255 1100 1 0
252 wait 254 253 1100
252 wait 256 253 1300
252 irecv 224 2100 200 0
252 irecv 248 2300 200 0
252 send 224 2300 4 0
252 send 248 2100 4 0
252 wait 225 253 2100
252 wait 249 253 2300
252 irecv 28 3100 200 0
252 irecv 220 3300 200 0
252 send 28 3300 12 0
252 send 220 3100 12 0
252 wait 29 253 3100
252 wait 221 253 3300
252 irecv 253 1100 200 0
252 irecv 255 1300 200 0
252 send 253 1300 1 0
252 send 255 1100 1 0
252 wait 254 253 1100
252 wait 256 253 1300
252 irecv 228 2100 200 0
252 irecv 244 2300 200 0
252 send 228 2300 3 0
252 send 244 2100 3 0
252 wait 229 253 2100
252 wait 245 253 2300
252 irecv 60 3100 200 0
252 irecv 188 3300 200 0
252 send 60 3300 9 0
252 send 188 3100 9 0
252 wait 61 253 3100
252 wait 189 253 3300
252 irecv 253 1100 200 0
252 irecv 255 1300 200 0
252 wait 254 253 1100
252 wait 256 253 1300
252 send 228 2300 18 0
252 send 244 2100 9 0
252 send 60 3300 18 0
252 send 188 3100 9 0
252 irecv 253 1100 200 0
252 irecv 255 1300 200 0
252 send 253 1300 1 0
252 send 255 1100 1 0
252 wait 254 253 1100
252 wait 256 253 1300
252 irecv 228 2100 200 0
252 irecv 244 2300 200 0
252 send 228 2300 3 0
252 send 244 2100 3 0
252 wait 229 253 2100
252 wait 245 253 2300
252 irecv 60 3100 200 0
252 irecv 188 3300 200 0
252 send 60 3300 9 0
252 send 188 3100 9 0
252 wait 61 253 3100
252 wait 189 253 3300
252 irecv 253 1100 200 0
252 irecv 255 1300 200 0
252 send 253 1300 1 0
252 send 255 1100 1 0
252 wait 254 253 1100
252 wait 256 253 1300
252 irecv 228 2100 200 0
252 irecv 244 2300 200 0
252 send 228 2300 3 0
252 send 244 2100 3 0
252 wait 229 253 2100
252 wait 245 253 2300
252 irecv 60 3100 200 0
252 irecv 188 3300 200 0
252 send 60 3300 9 0
252 send 188 3100 9 0
252 wait 61 253 3100
252 wait 189 253 3300
252 send 224 2300 24 0
252 send 248 2100 12 0
252 send 28 3300 24 0
252 send 220 3100 12 0
252 irecv 253 1100 200 0
252 irecv 255 1300 200 0
252 send 253 1300 1 0
252 send 255 1100 1 0
252 wait 254 253 1100
252 wait 256 253 1300
252 irecv 224 2100 200 0
252 irecv 248 2300 200 0
252 send 224 2300 4 0
252 send 248 2100 4 0
252 wait 225 253 2100
252 wait 249 253 2300
252 irecv 28 3100 200 0
252 irecv 220 3300 200 0
252 send 28 3300 12 0
252 send 220 3100 12 0
252 wait 29 253 3100
252 wait 221 253 3300
252 irecv 253 1100 200 0
252 irecv 255 1300 200 0
252 send 253 1300 1 0
252 send 255 1100 1 0
252 wait 254 253 1100
252 wait 256 253 1300
252 irecv 224 2100 200 0
252 irecv 248 2300 200 0
252 send 224 2300 4 0
252 send 248 2100 4 0
252 wait 225 253 2100
252 wait 249 253 2300
252 irecv 28 3100 200 0
252 irecv 220 3300 200 0
252 send 28 3300 12 0
252 send 220 3100 12 0
252 wait 29 253 3100
252 wait 221 253 3300
252 irecv 253 1100 200 0
252 irecv 255 1300 200 0
252 send 253 1300 4 0
252 send 255 1100 4 0
252 wait 254 253 1100
252 wait 256 253 1300
252 irecv 224 2100 200 0
252 irecv 248 2300 200 0
252 send 224 2300 12 0
252 send 248 2100 12 0
252 wait 225 253 2100
252 wait 249 253 2300
252 irecv 28 3100 200 0
252 irecv 220 3300 200 0
252 send 28 3300 24 0
252 send 220 3100 24 0
252 wait 29 253 3100
252 wait 221 253 3300
252 irecv 253 1100 200 0
252 irecv 255 1300 200 0
252 send 253 1300 4 0
252 send 255 1100 4 0
252 wait 254 253 1100
252 wait 256 253 1300
252 irecv 224 2100 200 0
252 irecv 248 2300 200 0
252 send 224 2300 12 0
252 send 248 2100 12 0
252 wait 225 253 2100
252 wait 249 253 2300
252 irecv 28 3100 200 0
252 irecv 220 3300 200 0
252 send 28 3300 24 0
252 send 220 3100 24 0
252 wait 29 253 3100
252 wait 221 253 3300
252 irecv 253 1100 200 0
252 irecv 255 1300 200 0
252 send 253 1300 16 0
252 send 255 1100 16 0
252 wait 254 253 1100
252 wait 256 253 1300
252 irecv 224 2100 200 0
252 irecv 248 2300 200 0
252 send 224 2300 40 0
252 send 248 2100 40 0
252 wait 225 253 2100
252 wait 249 253 2300
252 irecv 28 3100 200 0
252 irecv 220 3300 200 0
252 send 28 3300 60 0
252 send 220 3100 60 0
252 wait 29 253 3100
252 wait 221 253 3300
252 irecv 253 1100 200 0
252 irecv 255 1300 200 0
252 send 253 1300 16 0
252 send 255 1100 16 0
252 wait 254 253 1100
252 wait 256 253 1300
252 irecv 224 2100 200 0
252 irecv 248 2300 200 0
252 send 224 2300 40 0
252 send 248 2100 40 0
252 wait 225 253 2100
252 wait 249 253 2300
252 irecv 28 3100 200 0
252 irecv 220 3300 200 0
252 send 28 3300 60 0
252 send 220 3100 60 0
252 wait 29 253 3100
252 wait 221 253 3300
252 irecv 253 1100 200 0
252 irecv 255 1300 200 0
252 send 253 1300 16 0
252 send 255 1100 16 0
252 wait 254 253 1100
252 wait 256 253 1300
252 irecv 224 2100 200 0
252 irecv 248 2300 200 0
252 send 224 2300 40 0
252 send 248 2100 40 0
252 wait 225 253 2100
252 wait 249 253 2300
252 irecv 28 3100 200 0
252 irecv 220 3300 200 0
252 send 28 3300 60 0
252 send 220 3100 60 0
252 wait 29 253 3100
252 wait 221 253 3300
252 irecv 253 1100 200 0
252 irecv 255 1300 200 0
252 send 253 1300 4 0
252 send 255 1100 4 0
252 wait 254 253 1100
252 wait 256 253 1300
252 irecv 224 2100 200 0
252 irecv 248 2300 200 0
252 send 224 2300 12 0
252 send 248 2100 12 0
252 wait 225 253 2100
252 wait 249 253 2300
252 irecv 28 3100 200 0
252 irecv 220 3300 200 0
252 send 28 3300 24 0
252 send 220 3100 24 0
252 wait 29 253 3100
252 wait 221 253 3300
252 irecv 253 1100 200 0
252 irecv 255 1300 200 0
252 send 253 1300 1 0
252 send 255 1100 1 0
252 wait 254 253 1100
252 wait 256 253 1300
252 irecv 224 2100 200 0
252 irecv 248 2300 200 0
252 send 224 2300 4 0
252 send 248 2100 4 0
252 wait 225 253 2100
252 wait 249 253 2300
252 irecv 28 3100 200 0
252 irecv 220 3300 200 0
252 send 28 3300 12 0
252 send 220 3100 12 0
252 wait 29 253 3100
252 wait 221 253 3300
252 irecv 253 1100 200 0
252 irecv 255 1300 200 0
252 send 253 1300 1 0
252 send 255 1100 1 0
252 wait 254 253 1100
252 wait 256 253 1300
252 irecv 228 2100 200 0
252 irecv 244 2300 200 0
252 send 228 2300 3 0
252 send 244 2100 3 0
252 wait 229 253 2100
252 wait 245 253 2300
252 irecv 60 3100 200 0
252 irecv 188 3300 200 0
252 send 60 3300 9 0
252 send 188 3100 9 0
252 wait 61 253 3100
252 wait 189 253 3300
252 irecv 253 1100 200 0
252 irecv 255 1300 200 0
252 wait 254 253 1100
252 wait 256 253 1300
252 send 228 2300 18 0
252 send 244 2100 9 0
252 send 60 3300 18 0
252 send 188 3100 9 0
252 irecv 253 1100 200 0
252 irecv 255 1300 200 0
252 send 253 1300 1 0
252 send 255 1100 1 0
252 wait 254 253 1100
252 wait 256 253 1300
252 irecv 228 2100 200 0
252 irecv 244 2300 200 0
252 send 228 2300 3 0
252 send 244 2100 3 0
252 wait 229 253 2100
252 wait 245 253 2300
252 irecv 60 3100 200 0
252 irecv 188 3300 200 0
252 send 60 3300 9 0
252 send 188 3100 9 0
252 wait 61 253 3100
252 wait 189 253 3300
252 irecv 253 1100 200 0
252 irecv 255 1300 200 0
252 send 253 1300 1 0
252 send 255 1100 1 0
252 wait 254 253 1100
252 wait 256 253 1300
252 irecv 228 2100 200 0
252 irecv 244 2300 200 0
252 send 228 2300 3 0
252 send 244 2100 3 0
252 wait 229 253 2100
252 wait 245 253 2300
252 irecv 60 3100 200 0
252 irecv 188 3300 200 0
252 send 60 3300 9 0
252 send 188 3100 9 0
252 wait 61 253 3100
252 wait 189 253 3300
252 send 224 2300 24 0
252 send 248 2100 12 0
252 send 28 3300 24 0
252 send 220 3100 12 0
252 irecv 253 1100 200 0
252 irecv 255 1300 200 0
252 send 253 1300 1 0
252 send 255 1100 1 0
252 wait 254 253 1100
252 wait 256 253 1300
252 irecv 224 2100 200 0
252 irecv 248 2300 200 0
252 send 224 2300 4 0
252 send 248 2100 4 0
252 wait 225 253 2100
252 wait 249 253 2300
252 irecv 28 3100 200 0
252 irecv 220 3300 200 0
252 send 28 3300 12 0
252 send 220 3100 12 0
252 wait 29 253 3100
252 wait 221 253 3300
252 irecv 253 1100 200 0
252 irecv 255 1300 200 0
252 send 253 1300 1 0
252 send 255 1100 1 0
252 wait 254 253 1100
252 wait 256 253 1300
252 irecv 224 2100 200 0
252 irecv 248 2300 200 0
252 send 224 2300 4 0
252 send 248 2100 4 0
252 wait 225 253 2100
252 wait 249 253 2300
252 irecv 28 3100 200 0
252 irecv 220 3300 200 0
252 send 28 3300 12 0
252 send 220 3100 12 0
252 wait 29 253 3100
252 wait 221 253 3300
252 irecv 253 1100 200 0
252 irecv 255 1300 200 0
252 send 253 1300 4 0
252 send 255 1100 4 0
252 wait 254 253 1100
252 wait 256 253 1300
252 irecv 224 2100 200 0
252 irecv 248 2300 200 0
252 send 224 2300 12 0
252 send 248 2100 12 0
252 wait 225 253 2100
252 wait 249 253 2300
252 irecv 28 3100 200 0
252 irecv 220 3300 200 0
252 send 28 3300 24 0
252 send 220 3100 24 0
252 wait 29 253 3100
252 wait 221 253 3300
252 irecv 253 1100 200 0
252 irecv 255 1300 200 0
252 send 253 1300 4 0
252 send 255 1100 4 0
252 wait 254 253 1100
252 wait 256 253 1300
252 irecv 224 2100 200 0
252 irecv 248 2300 200 0
252 send 224 2300 12 0
252 send 248 2100 12 0
252 wait 225 253 2100
252 wait 249 253 2300
252 irecv 28 3100 200 0
252 irecv 220 3300 200 0
252 send 28 3300 24 0
252 send 220 3100 24 0
252 wait 29 253 3100
252 wait 221 253 3300
252 irecv 253 1100 200 0
252 irecv 255 1300 200 0
252 send 253 1300 16 0
252 send 255 1100 16 0
252 wait 254 253 1100
252 wait 256 253 1300
252 irecv 224 2100 200 0
252 irecv 248 2300 200 0
252 send 224 2300 40 0
252 send 248 2100 40 0
252 wait 225 253 2100
252 wait 249 253 2300
252 irecv 28 3100 200 0
252 irecv 220 3300 200 0
252 send 28 3300 60 0
252 send 220 3100 60 0
252 wait 29 253 3100
252 wait 221 253 3300
252 irecv 253 1100 200 0
252 irecv 255 1300 200 0
252 send 253 1300 16 0
252 send 255 1100 16 0
252 wait 254 253 1100
252 wait 256 253 1300
252 irecv 224 2100 200 0
252 irecv 248 2300 200 0
252 send 224 2300 40 0
252 send 248 2100 40 0
252 wait 225 253 2100
252 wait 249 253 2300
252 irecv 28 3100 200 0
252 irecv 220 3300 200 0
252 send 28 3300 60 0
252 send 220 3100 60 0
252 wait 29 253 3100
252 wait 221 253 3300
252 irecv 253 1100 200 0
252 irecv 255 1300 200 0
252 send 253 1300 16 0
252 send 255 1100 16 0
252 wait 254 253 1100
252 wait 256 253 1300
252 irecv 224 2100 200 0
252 irecv 248 2300 200 0
252 send 224 2300 40 0
252 send 248 2100 40 0
252 wait 225 253 2100
252 wait 249 253 2300
252 irecv 28 3100 200 0
252 irecv 220 3300 200 0
252 send 28 3300 60 0
252 send 220 3100 60 0
252 wait 29 253 3100
252 wait 221 253 3300
252 allreduce 1 0 0 
252 allreduce 1 0 0 
252 reduce 1 0 0 0 
252 finalize
