205 init
205 barrier
205 bcast 1 0 1 
205 bcast 1 0 1 
205 bcast 1 0 1 
205 bcast 1 0 1 
205 bcast 1 0 1 
205 bcast 8 0 1 
205 bcast 1 0 16 
205 barrier
205 allreduce 1 0 0 
205 allreduce 4 0 1 
205 allreduce 1 0 0 
205 allreduce 4 0 1 
205 allreduce 1 0 0 
205 allreduce 4 0 1 
205 allreduce 1 0 0 
205 allreduce 4 0 1 
205 allreduce 1 0 0 
205 allreduce 4 0 1 
205 allreduce 1 0 0 
205 allreduce 4 0 1 
205 allreduce 1 0 0 
205 allreduce 4 0 1 
205 allreduce 1 0 0 
205 allreduce 4 0 1 
205 allreduce 1 0 0 
205 allreduce 4 0 1 
205 allreduce 1 0 0 
205 allreduce 4 0 1 
205 allreduce 1 0 0 
205 allreduce 4 0 1 
205 allreduce 1 0 0 
205 allreduce 4 0 1 
205 allreduce 1 0 0 
205 allreduce 4 0 1 
205 allreduce 1 0 0 
205 allreduce 4 0 1 
205 allreduce 1 0 0 
205 allreduce 4 0 1 
205 allreduce 1 0 0 
205 allreduce 4 0 1 
205 allreduce 1 0 0 
205 allreduce 4 0 1 
205 allreduce 1 0 0 
205 allreduce 4 0 1 
205 allreduce 1 0 0 
205 allreduce 4 0 1 
205 allreduce 1 0 0 
205 allreduce 4 0 1 
205 barrier
205 irecv 206 1100 200 0
205 irecv 204 1300 200 0
205 send 206 1300 16 0
205 send 204 1100 16 0
205 wait 207 206 1100
205 wait 205 206 1300
205 irecv 209 2100 200 0
205 irecv 201 2300 200 0
205 send 209 2300 40 0
205 send 201 2100 40 0
205 wait 210 206 2100
205 wait 202 206 2300
205 irecv 237 3100 200 0
205 irecv 173 3300 200 0
205 send 237 3300 60 0
205 send 173 3100 60 0
205 wait 238 206 3100
205 wait 174 206 3300
205 allreduce 1 0 0 
205 allreduce 1 0 0 
205 irecv 206 1100 200 0
205 irecv 204 1300 200 0
205 send 206 1300 16 0
205 send 204 1100 16 0
205 wait 207 206 1100
205 wait 205 206 1300
205 irecv 209 2100 200 0
205 irecv 201 2300 200 0
205 send 209 2300 40 0
205 send 201 2100 40 0
205 wait 210 206 2100
205 wait 202 206 2300
205 irecv 237 3100 200 0
205 irecv 173 3300 200 0
205 send 237 3300 60 0
205 send 173 3100 60 0
205 wait 238 206 3100
205 wait 174 206 3300
205 allreduce 1 0 0 
205 allreduce 1 0 0 
205 irecv 206 1100 200 0
205 irecv 204 1300 200 0
205 send 206 1300 4 0
205 send 204 1100 4 0
205 wait 207 206 1100
205 wait 205 206 1300
205 irecv 209 2100 200 0
205 irecv 201 2300 200 0
205 send 209 2300 12 0
205 send 201 2100 12 0
205 wait 210 206 2100
205 wait 202 206 2300
205 irecv 237 3100 200 0
205 irecv 173 3300 200 0
205 send 237 3300 24 0
205 send 173 3100 24 0
205 wait 238 206 3100
205 wait 174 206 3300
205 irecv 206 1100 200 0
205 irecv 204 1300 200 0
205 send 206 1300 1 0
205 send 204 1100 1 0
205 wait 207 206 1100
205 wait 205 206 1300
205 irecv 209 2100 200 0
205 irecv 201 2300 200 0
205 send 209 2300 4 0
205 send 201 2100 4 0
205 wait 210 206 2100
205 wait 202 206 2300
205 irecv 237 3100 200 0
205 irecv 173 3300 200 0
205 send 237 3300 12 0
205 send 173 3100 12 0
205 wait 238 206 3100
205 wait 174 206 3300
205 send 206 1300 12 0
205 send 204 1100 6 0
205 send 213 2300 12 0
205 send 197 2100 6 0
205 send 209 2300 24 0
205 send 201 2100 12 0
205 irecv 237 3100 200 0
205 irecv 173 3300 200 0
205 wait 238 206 3100
205 wait 174 206 3300
205 irecv 206 1100 200 0
205 irecv 204 1300 200 0
205 send 206 1300 1 0
205 send 204 1100 1 0
205 wait 207 206 1100
205 wait 205 206 1300
205 irecv 209 2100 200 0
205 irecv 201 2300 200 0
205 send 209 2300 4 0
205 send 201 2100 4 0
205 wait 210 206 2100
205 wait 202 206 2300
205 irecv 237 3100 200 0
205 irecv 173 3300 200 0
205 send 237 3300 12 0
205 send 173 3100 12 0
205 wait 238 206 3100
205 wait 174 206 3300
205 irecv 206 1100 200 0
205 irecv 204 1300 200 0
205 send 206 1300 1 0
205 send 204 1100 1 0
205 wait 207 206 1100
205 wait 205 206 1300
205 irecv 209 2100 200 0
205 irecv 201 2300 200 0
205 send 209 2300 4 0
205 send 201 2100 4 0
205 wait 210 206 2100
205 wait 202 206 2300
205 irecv 237 3100 200 0
205 irecv 173 3300 200 0
205 send 237 3300 12 0
205 send 173 3100 12 0
205 wait 238 206 3100
205 wait 174 206 3300
205 irecv 206 1100 200 0
205 irecv 204 1300 200 0
205 send 206 1300 4 0
205 send 204 1100 4 0
205 wait 207 206 1100
205 wait 205 206 1300
205 irecv 209 2100 200 0
205 irecv 201 2300 200 0
205 send 209 2300 12 0
205 send 201 2100 12 0
205 wait 210 206 2100
205 wait 202 206 2300
205 irecv 237 3100 200 0
205 irecv 173 3300 200 0
205 send 237 3300 24 0
205 send 173 3100 24 0
205 wait 238 206 3100
205 wait 174 206 3300
205 irecv 206 1100 200 0
205 irecv 204 1300 200 0
205 send 206 1300 4 0
205 send 204 1100 4 0
205 wait 207 206 1100
205 wait 205 206 1300
205 irecv 209 2100 200 0
205 irecv 201 2300 200 0
205 send 209 2300 12 0
205 send 201 2100 12 0
205 wait 210 206 2100
205 wait 202 206 2300
205 irecv 237 3100 200 0
205 irecv 173 3300 200 0
205 send 237 3300 24 0
205 send 173 3100 24 0
205 wait 238 206 3100
205 wait 174 206 3300
205 irecv 206 1100 200 0
205 irecv 204 1300 200 0
205 send 206 1300 16 0
205 send 204 1100 16 0
205 wait 207 206 1100
205 wait 205 206 1300
205 irecv 209 2100 200 0
205 irecv 201 2300 200 0
205 send 209 2300 40 0
205 send 201 2100 40 0
205 wait 210 206 2100
205 wait 202 206 2300
205 irecv 237 3100 200 0
205 irecv 173 3300 200 0
205 send 237 3300 60 0
205 send 173 3100 60 0
205 wait 238 206 3100
205 wait 174 206 3300
205 irecv 206 1100 200 0
205 irecv 204 1300 200 0
205 send 206 1300 16 0
205 send 204 1100 16 0
205 wait 207 206 1100
205 wait 205 206 1300
205 irecv 209 2100 200 0
205 irecv 201 2300 200 0
205 send 209 2300 40 0
205 send 201 2100 40 0
205 wait 210 206 2100
205 wait 202 206 2300
205 irecv 237 3100 200 0
205 irecv 173 3300 200 0
205 send 237 3300 60 0
205 send 173 3100 60 0
205 wait 238 206 3100
205 wait 174 206 3300
205 irecv 206 1100 200 0
205 irecv 204 1300 200 0
205 send 206 1300 16 0
205 send 204 1100 16 0
205 wait 207 206 1100
205 wait 205 206 1300
205 irecv 209 2100 200 0
205 irecv 201 2300 200 0
205 send 209 2300 40 0
205 send 201 2100 40 0
205 wait 210 206 2100
205 wait 202 206 2300
205 irecv 237 3100 200 0
205 irecv 173 3300 200 0
205 send 237 3300 60 0
205 send 173 3100 60 0
205 wait 238 206 3100
205 wait 174 206 3300
205 barrier
205 allreduce 1 0 0 
205 allreduce 4 0 1 
205 allreduce 1 0 0 
205 allreduce 4 0 1 
205 allreduce 1 0 0 
205 allreduce 4 0 1 
205 allreduce 1 0 0 
205 allreduce 4 0 1 
205 allreduce 1 0 0 
205 allreduce 4 0 1 
205 allreduce 1 0 0 
205 allreduce 4 0 1 
205 allreduce 1 0 0 
205 allreduce 4 0 1 
205 allreduce 1 0 0 
205 allreduce 4 0 1 
205 allreduce 1 0 0 
205 allreduce 4 0 1 
205 allreduce 1 0 0 
205 allreduce 4 0 1 
205 allreduce 1 0 0 
205 allreduce 4 0 1 
205 allreduce 1 0 0 
205 allreduce 4 0 1 
205 allreduce 1 0 0 
205 allreduce 4 0 1 
205 allreduce 1 0 0 
205 allreduce 4 0 1 
205 allreduce 1 0 0 
205 allreduce 4 0 1 
205 allreduce 1 0 0 
205 allreduce 4 0 1 
205 allreduce 1 0 0 
205 allreduce 4 0 1 
205 allreduce 1 0 0 
205 allreduce 4 0 1 
205 allreduce 1 0 0 
205 allreduce 4 0 1 
205 allreduce 1 0 0 
205 allreduce 4 0 1 
205 barrier
205 irecv 206 1100 200 0
205 irecv 204 1300 200 0
205 send 206 1300 16 0
205 send 204 1100 16 0
205 wait 207 206 1100
205 wait 205 206 1300
205 irecv 209 2100 200 0
205 irecv 201 2300 200 0
205 send 209 2300 40 0
205 send 201 2100 40 0
205 wait 210 206 2100
205 wait 202 206 2300
205 irecv 237 3100 200 0
205 irecv 173 3300 200 0
205 send 237 3300 60 0
205 send 173 3100 60 0
205 wait 238 206 3100
205 wait 174 206 3300
205 barrier
205 irecv 206 1100 200 0
205 irecv 204 1300 200 0
205 send 206 1300 16 0
205 send 204 1100 16 0
205 wait 207 206 1100
205 wait 205 206 1300
205 irecv 209 2100 200 0
205 irecv 201 2300 200 0
205 send 209 2300 40 0
205 send 201 2100 40 0
205 wait 210 206 2100
205 wait 202 206 2300
205 irecv 237 3100 200 0
205 irecv 173 3300 200 0
205 send 237 3300 60 0
205 send 173 3100 60 0
205 wait 238 206 3100
205 wait 174 206 3300
205 allreduce 1 0 0 
205 allreduce 1 0 0 
205 irecv 206 1100 200 0
205 irecv 204 1300 200 0
205 send 206 1300 4 0
205 send 204 1100 4 0
205 wait 207 206 1100
205 wait 205 206 1300
205 irecv 209 2100 200 0
205 irecv 201 2300 200 0
205 send 209 2300 12 0
205 send 201 2100 12 0
205 wait 210 206 2100
205 wait 202 206 2300
205 irecv 237 3100 200 0
205 irecv 173 3300 200 0
205 send 237 3300 24 0
205 send 173 3100 24 0
205 wait 238 206 3100
205 wait 174 206 3300
205 irecv 206 1100 200 0
205 irecv 204 1300 200 0
205 send 206 1300 1 0
205 send 204 1100 1 0
205 wait 207 206 1100
205 wait 205 206 1300
205 irecv 209 2100 200 0
205 irecv 201 2300 200 0
205 send 209 2300 4 0
205 send 201 2100 4 0
205 wait 210 206 2100
205 wait 202 206 2300
205 irecv 237 3100 200 0
205 irecv 173 3300 200 0
205 send 237 3300 12 0
205 send 173 3100 12 0
205 wait 238 206 3100
205 wait 174 206 3300
205 send 206 1300 12 0
205 send 204 1100 6 0
205 send 213 2300 12 0
205 send 197 2100 6 0
205 send 209 2300 24 0
205 send 201 2100 12 0
205 irecv 237 3100 200 0
205 irecv 173 3300 200 0
205 wait 238 206 3100
205 wait 174 206 3300
205 irecv 206 1100 200 0
205 irecv 204 1300 200 0
205 send 206 1300 1 0
205 send 204 1100 1 0
205 wait 207 206 1100
205 wait 205 206 1300
205 irecv 209 2100 200 0
205 irecv 201 2300 200 0
205 send 209 2300 4 0
205 send 201 2100 4 0
205 wait 210 206 2100
205 wait 202 206 2300
205 irecv 237 3100 200 0
205 irecv 173 3300 200 0
205 send 237 3300 12 0
205 send 173 3100 12 0
205 wait 238 206 3100
205 wait 174 206 3300
205 irecv 206 1100 200 0
205 irecv 204 1300 200 0
205 send 206 1300 1 0
205 send 204 1100 1 0
205 wait 207 206 1100
205 wait 205 206 1300
205 irecv 209 2100 200 0
205 irecv 201 2300 200 0
205 send 209 2300 4 0
205 send 201 2100 4 0
205 wait 210 206 2100
205 wait 202 206 2300
205 irecv 237 3100 200 0
205 irecv 173 3300 200 0
205 send 237 3300 12 0
205 send 173 3100 12 0
205 wait 238 206 3100
205 wait 174 206 3300
205 irecv 206 1100 200 0
205 irecv 204 1300 200 0
205 send 206 1300 4 0
205 send 204 1100 4 0
205 wait 207 206 1100
205 wait 205 206 1300
205 irecv 209 2100 200 0
205 irecv 201 2300 200 0
205 send 209 2300 12 0
205 send 201 2100 12 0
205 wait 210 206 2100
205 wait 202 206 2300
205 irecv 237 3100 200 0
205 irecv 173 3300 200 0
205 send 237 3300 24 0
205 send 173 3100 24 0
205 wait 238 206 3100
205 wait 174 206 3300
205 irecv 206 1100 200 0
205 irecv 204 1300 200 0
205 send 206 1300 4 0
205 send 204 1100 4 0
205 wait 207 206 1100
205 wait 205 206 1300
205 irecv 209 2100 200 0
205 irecv 201 2300 200 0
205 send 209 2300 12 0
205 send 201 2100 12 0
205 wait 210 206 2100
205 wait 202 206 2300
205 irecv 237 3100 200 0
205 irecv 173 3300 200 0
205 send 237 3300 24 0
205 send 173 3100 24 0
205 wait 238 206 3100
205 wait 174 206 3300
205 irecv 206 1100 200 0
205 irecv 204 1300 200 0
205 send 206 1300 16 0
205 send 204 1100 16 0
205 wait 207 206 1100
205 wait 205 206 1300
205 irecv 209 2100 200 0
205 irecv 201 2300 200 0
205 send 209 2300 40 0
205 send 201 2100 40 0
205 wait 210 206 2100
205 wait 202 206 2300
205 irecv 237 3100 200 0
205 irecv 173 3300 200 0
205 send 237 3300 60 0
205 send 173 3100 60 0
205 wait 238 206 3100
205 wait 174 206 3300
205 irecv 206 1100 200 0
205 irecv 204 1300 200 0
205 send 206 1300 16 0
205 send 204 1100 16 0
205 wait 207 206 1100
205 wait 205 206 1300
205 irecv 209 2100 200 0
205 irecv 201 2300 200 0
205 send 209 2300 40 0
205 send 201 2100 40 0
205 wait 210 206 2100
205 wait 202 206 2300
205 irecv 237 3100 200 0
205 irecv 173 3300 200 0
205 send 237 3300 60 0
205 send 173 3100 60 0
205 wait 238 206 3100
205 wait 174 206 3300
205 irecv 206 1100 200 0
205 irecv 204 1300 200 0
205 send 206 1300 16 0
205 send 204 1100 16 0
205 wait 207 206 1100
205 wait 205 206 1300
205 irecv 209 2100 200 0
205 irecv 201 2300 200 0
205 send 209 2300 40 0
205 send 201 2100 40 0
205 wait 210 206 2100
205 wait 202 206 2300
205 irecv 237 3100 200 0
205 irecv 173 3300 200 0
205 send 237 3300 60 0
205 send 173 3100 60 0
205 wait 238 206 3100
205 wait 174 206 3300
205 irecv 206 1100 200 0
205 irecv 204 1300 200 0
205 send 206 1300 4 0
205 send 204 1100 4 0
205 wait 207 206 1100
205 wait 205 206 1300
205 irecv 209 2100 200 0
205 irecv 201 2300 200 0
205 send 209 2300 12 0
205 send 201 2100 12 0
205 wait 210 206 2100
205 wait 202 206 2300
205 irecv 237 3100 200 0
205 irecv 173 3300 200 0
205 send 237 3300 24 0
205 send 173 3100 24 0
205 wait 238 206 3100
205 wait 174 206 3300
205 irecv 206 1100 200 0
205 irecv 204 1300 200 0
205 send 206 1300 1 0
205 send 204 1100 1 0
205 wait 207 206 1100
205 wait 205 206 1300
205 irecv 209 2100 200 0
205 irecv 201 2300 200 0
205 send 209 2300 4 0
205 send 201 2100 4 0
205 wait 210 206 2100
205 wait 202 206 2300
205 irecv 237 3100 200 0
205 irecv 173 3300 200 0
205 send 237 3300 12 0
205 send 173 3100 12 0
205 wait 238 206 3100
205 wait 174 206 3300
205 send 206 1300 12 0
205 send 204 1100 6 0
205 send 213 2300 12 0
205 send 197 2100 6 0
205 send 209 2300 24 0
205 send 201 2100 12 0
205 irecv 237 3100 200 0
205 irecv 173 3300 200 0
205 wait 238 206 3100
205 wait 174 206 3300
205 irecv 206 1100 200 0
205 irecv 204 1300 200 0
205 send 206 1300 1 0
205 send 204 1100 1 0
205 wait 207 206 1100
205 wait 205 206 1300
205 irecv 209 2100 200 0
205 irecv 201 2300 200 0
205 send 209 2300 4 0
205 send 201 2100 4 0
205 wait 210 206 2100
205 wait 202 206 2300
205 irecv 237 3100 200 0
205 irecv 173 3300 200 0
205 send 237 3300 12 0
205 send 173 3100 12 0
205 wait 238 206 3100
205 wait 174 206 3300
205 irecv 206 1100 200 0
205 irecv 204 1300 200 0
205 send 206 1300 1 0
205 send 204 1100 1 0
205 wait 207 206 1100
205 wait 205 206 1300
205 irecv 209 2100 200 0
205 irecv 201 2300 200 0
205 send 209 2300 4 0
205 send 201 2100 4 0
205 wait 210 206 2100
205 wait 202 206 2300
205 irecv 237 3100 200 0
205 irecv 173 3300 200 0
205 send 237 3300 12 0
205 send 173 3100 12 0
205 wait 238 206 3100
205 wait 174 206 3300
205 irecv 206 1100 200 0
205 irecv 204 1300 200 0
205 send 206 1300 4 0
205 send 204 1100 4 0
205 wait 207 206 1100
205 wait 205 206 1300
205 irecv 209 2100 200 0
205 irecv 201 2300 200 0
205 send 209 2300 12 0
205 send 201 2100 12 0
205 wait 210 206 2100
205 wait 202 206 2300
205 irecv 237 3100 200 0
205 irecv 173 3300 200 0
205 send 237 3300 24 0
205 send 173 3100 24 0
205 wait 238 206 3100
205 wait 174 206 3300
205 irecv 206 1100 200 0
205 irecv 204 1300 200 0
205 send 206 1300 4 0
205 send 204 1100 4 0
205 wait 207 206 1100
205 wait 205 206 1300
205 irecv 209 2100 200 0
205 irecv 201 2300 200 0
205 send 209 2300 12 0
205 send 201 2100 12 0
205 wait 210 206 2100
205 wait 202 206 2300
205 irecv 237 3100 200 0
205 irecv 173 3300 200 0
205 send 237 3300 24 0
205 send 173 3100 24 0
205 wait 238 206 3100
205 wait 174 206 3300
205 irecv 206 1100 200 0
205 irecv 204 1300 200 0
205 send 206 1300 16 0
205 send 204 1100 16 0
205 wait 207 206 1100
205 wait 205 206 1300
205 irecv 209 2100 200 0
205 irecv 201 2300 200 0
205 send 209 2300 40 0
205 send 201 2100 40 0
205 wait 210 206 2100
205 wait 202 206 2300
205 irecv 237 3100 200 0
205 irecv 173 3300 200 0
205 send 237 3300 60 0
205 send 173 3100 60 0
205 wait 238 206 3100
205 wait 174 206 3300
205 irecv 206 1100 200 0
205 irecv 204 1300 200 0
205 send 206 1300 16 0
205 send 204 1100 16 0
205 wait 207 206 1100
205 wait 205 206 1300
205 irecv 209 2100 200 0
205 irecv 201 2300 200 0
205 send 209 2300 40 0
205 send 201 2100 40 0
205 wait 210 206 2100
205 wait 202 206 2300
205 irecv 237 3100 200 0
205 irecv 173 3300 200 0
205 send 237 3300 60 0
205 send 173 3100 60 0
205 wait 238 206 3100
205 wait 174 206 3300
205 irecv 206 1100 200 0
205 irecv 204 1300 200 0
205 send 206 1300 16 0
205 send 204 1100 16 0
205 wait 207 206 1100
205 wait 205 206 1300
205 irecv 209 2100 200 0
205 irecv 201 2300 200 0
205 send 209 2300 40 0
205 send 201 2100 40 0
205 wait 210 206 2100
205 wait 202 206 2300
205 irecv 237 3100 200 0
205 irecv 173 3300 200 0
205 send 237 3300 60 0
205 send 173 3100 60 0
205 wait 238 206 3100
205 wait 174 206 3300
205 irecv 206 1100 200 0
205 irecv 204 1300 200 0
205 send 206 1300 4 0
205 send 204 1100 4 0
205 wait 207 206 1100
205 wait 205 206 1300
205 irecv 209 2100 200 0
205 irecv 201 2300 200 0
205 send 209 2300 12 0
205 send 201 2100 12 0
205 wait 210 206 2100
205 wait 202 206 2300
205 irecv 237 3100 200 0
205 irecv 173 3300 200 0
205 send 237 3300 24 0
205 send 173 3100 24 0
205 wait 238 206 3100
205 wait 174 206 3300
205 irecv 206 1100 200 0
205 irecv 204 1300 200 0
205 send 206 1300 1 0
205 send 204 1100 1 0
205 wait 207 206 1100
205 wait 205 206 1300
205 irecv 209 2100 200 0
205 irecv 201 2300 200 0
205 send 209 2300 4 0
205 send 201 2100 4 0
205 wait 210 206 2100
205 wait 202 206 2300
205 irecv 237 3100 200 0
205 irecv 173 3300 200 0
205 send 237 3300 12 0
205 send 173 3100 12 0
205 wait 238 206 3100
205 wait 174 206 3300
205 send 206 1300 12 0
205 send 204 1100 6 0
205 send 213 2300 12 0
205 send 197 2100 6 0
205 send 209 2300 24 0
205 send 201 2100 12 0
205 irecv 237 3100 200 0
205 irecv 173 3300 200 0
205 wait 238 206 3100
205 wait 174 206 3300
205 irecv 206 1100 200 0
205 irecv 204 1300 200 0
205 send 206 1300 1 0
205 send 204 1100 1 0
205 wait 207 206 1100
205 wait 205 206 1300
205 irecv 209 2100 200 0
205 irecv 201 2300 200 0
205 send 209 2300 4 0
205 send 201 2100 4 0
205 wait 210 206 2100
205 wait 202 206 2300
205 irecv 237 3100 200 0
205 irecv 173 3300 200 0
205 send 237 3300 12 0
205 send 173 3100 12 0
205 wait 238 206 3100
205 wait 174 206 3300
205 irecv 206 1100 200 0
205 irecv 204 1300 200 0
205 send 206 1300 1 0
205 send 204 1100 1 0
205 wait 207 206 1100
205 wait 205 206 1300
205 irecv 209 2100 200 0
205 irecv 201 2300 200 0
205 send 209 2300 4 0
205 send 201 2100 4 0
205 wait 210 206 2100
205 wait 202 206 2300
205 irecv 237 3100 200 0
205 irecv 173 3300 200 0
205 send 237 3300 12 0
205 send 173 3100 12 0
205 wait 238 206 3100
205 wait 174 206 3300
205 irecv 206 1100 200 0
205 irecv 204 1300 200 0
205 send 206 1300 4 0
205 send 204 1100 4 0
205 wait 207 206 1100
205 wait 205 206 1300
205 irecv 209 2100 200 0
205 irecv 201 2300 200 0
205 send 209 2300 12 0
205 send 201 2100 12 0
205 wait 210 206 2100
205 wait 202 206 2300
205 irecv 237 3100 200 0
205 irecv 173 3300 200 0
205 send 237 3300 24 0
205 send 173 3100 24 0
205 wait 238 206 3100
205 wait 174 206 3300
205 irecv 206 1100 200 0
205 irecv 204 1300 200 0
205 send 206 1300 4 0
205 send 204 1100 4 0
205 wait 207 206 1100
205 wait 205 206 1300
205 irecv 209 2100 200 0
205 irecv 201 2300 200 0
205 send 209 2300 12 0
205 send 201 2100 12 0
205 wait 210 206 2100
205 wait 202 206 2300
205 irecv 237 3100 200 0
205 irecv 173 3300 200 0
205 send 237 3300 24 0
205 send 173 3100 24 0
205 wait 238 206 3100
205 wait 174 206 3300
205 irecv 206 1100 200 0
205 irecv 204 1300 200 0
205 send 206 1300 16 0
205 send 204 1100 16 0
205 wait 207 206 1100
205 wait 205 206 1300
205 irecv 209 2100 200 0
205 irecv 201 2300 200 0
205 send 209 2300 40 0
205 send 201 2100 40 0
205 wait 210 206 2100
205 wait 202 206 2300
205 irecv 237 3100 200 0
205 irecv 173 3300 200 0
205 send 237 3300 60 0
205 send 173 3100 60 0
205 wait 238 206 3100
205 wait 174 206 3300
205 irecv 206 1100 200 0
205 irecv 204 1300 200 0
205 send 206 1300 16 0
205 send 204 1100 16 0
205 wait 207 206 1100
205 wait 205 206 1300
205 irecv 209 2100 200 0
205 irecv 201 2300 200 0
205 send 209 2300 40 0
205 send 201 2100 40 0
205 wait 210 206 2100
205 wait 202 206 2300
205 irecv 237 3100 200 0
205 irecv 173 3300 200 0
205 send 237 3300 60 0
205 send 173 3100 60 0
205 wait 238 206 3100
205 wait 174 206 3300
205 irecv 206 1100 200 0
205 irecv 204 1300 200 0
205 send 206 1300 16 0
205 send 204 1100 16 0
205 wait 207 206 1100
205 wait 205 206 1300
205 irecv 209 2100 200 0
205 irecv 201 2300 200 0
205 send 209 2300 40 0
205 send 201 2100 40 0
205 wait 210 206 2100
205 wait 202 206 2300
205 irecv 237 3100 200 0
205 irecv 173 3300 200 0
205 send 237 3300 60 0
205 send 173 3100 60 0
205 wait 238 206 3100
205 wait 174 206 3300
205 irecv 206 1100 200 0
205 irecv 204 1300 200 0
205 send 206 1300 4 0
205 send 204 1100 4 0
205 wait 207 206 1100
205 wait 205 206 1300
205 irecv 209 2100 200 0
205 irecv 201 2300 200 0
205 send 209 2300 12 0
205 send 201 2100 12 0
205 wait 210 206 2100
205 wait 202 206 2300
205 irecv 237 3100 200 0
205 irecv 173 3300 200 0
205 send 237 3300 24 0
205 send 173 3100 24 0
205 wait 238 206 3100
205 wait 174 206 3300
205 irecv 206 1100 200 0
205 irecv 204 1300 200 0
205 send 206 1300 1 0
205 send 204 1100 1 0
205 wait 207 206 1100
205 wait 205 206 1300
205 irecv 209 2100 200 0
205 irecv 201 2300 200 0
205 send 209 2300 4 0
205 send 201 2100 4 0
205 wait 210 206 2100
205 wait 202 206 2300
205 irecv 237 3100 200 0
205 irecv 173 3300 200 0
205 send 237 3300 12 0
205 send 173 3100 12 0
205 wait 238 206 3100
205 wait 174 206 3300
205 send 206 1300 12 0
205 send 204 1100 6 0
205 send 213 2300 12 0
205 send 197 2100 6 0
205 send 209 2300 24 0
205 send 201 2100 12 0
205 irecv 237 3100 200 0
205 irecv 173 3300 200 0
205 wait 238 206 3100
205 wait 174 206 3300
205 irecv 206 1100 200 0
205 irecv 204 1300 200 0
205 send 206 1300 1 0
205 send 204 1100 1 0
205 wait 207 206 1100
205 wait 205 206 1300
205 irecv 209 2100 200 0
205 irecv 201 2300 200 0
205 send 209 2300 4 0
205 send 201 2100 4 0
205 wait 210 206 2100
205 wait 202 206 2300
205 irecv 237 3100 200 0
205 irecv 173 3300 200 0
205 send 237 3300 12 0
205 send 173 3100 12 0
205 wait 238 206 3100
205 wait 174 206 3300
205 irecv 206 1100 200 0
205 irecv 204 1300 200 0
205 send 206 1300 1 0
205 send 204 1100 1 0
205 wait 207 206 1100
205 wait 205 206 1300
205 irecv 209 2100 200 0
205 irecv 201 2300 200 0
205 send 209 2300 4 0
205 send 201 2100 4 0
205 wait 210 206 2100
205 wait 202 206 2300
205 irecv 237 3100 200 0
205 irecv 173 3300 200 0
205 send 237 3300 12 0
205 send 173 3100 12 0
205 wait 238 206 3100
205 wait 174 206 3300
205 irecv 206 1100 200 0
205 irecv 204 1300 200 0
205 send 206 1300 4 0
205 send 204 1100 4 0
205 wait 207 206 1100
205 wait 205 206 1300
205 irecv 209 2100 200 0
205 irecv 201 2300 200 0
205 send 209 2300 12 0
205 send 201 2100 12 0
205 wait 210 206 2100
205 wait 202 206 2300
205 irecv 237 3100 200 0
205 irecv 173 3300 200 0
205 send 237 3300 24 0
205 send 173 3100 24 0
205 wait 238 206 3100
205 wait 174 206 3300
205 irecv 206 1100 200 0
205 irecv 204 1300 200 0
205 send 206 1300 4 0
205 send 204 1100 4 0
205 wait 207 206 1100
205 wait 205 206 1300
205 irecv 209 2100 200 0
205 irecv 201 2300 200 0
205 send 209 2300 12 0
205 send 201 2100 12 0
205 wait 210 206 2100
205 wait 202 206 2300
205 irecv 237 3100 200 0
205 irecv 173 3300 200 0
205 send 237 3300 24 0
205 send 173 3100 24 0
205 wait 238 206 3100
205 wait 174 206 3300
205 irecv 206 1100 200 0
205 irecv 204 1300 200 0
205 send 206 1300 16 0
205 send 204 1100 16 0
205 wait 207 206 1100
205 wait 205 206 1300
205 irecv 209 2100 200 0
205 irecv 201 2300 200 0
205 send 209 2300 40 0
205 send 201 2100 40 0
205 wait 210 206 2100
205 wait 202 206 2300
205 irecv 237 3100 200 0
205 irecv 173 3300 200 0
205 send 237 3300 60 0
205 send 173 3100 60 0
205 wait 238 206 3100
205 wait 174 206 3300
205 irecv 206 1100 200 0
205 irecv 204 1300 200 0
205 send 206 1300 16 0
205 send 204 1100 16 0
205 wait 207 206 1100
205 wait 205 206 1300
205 irecv 209 2100 200 0
205 irecv 201 2300 200 0
205 send 209 2300 40 0
205 send 201 2100 40 0
205 wait 210 206 2100
205 wait 202 206 2300
205 irecv 237 3100 200 0
205 irecv 173 3300 200 0
205 send 237 3300 60 0
205 send 173 3100 60 0
205 wait 238 206 3100
205 wait 174 206 3300
205 irecv 206 1100 200 0
205 irecv 204 1300 200 0
205 send 206 1300 16 0
205 send 204 1100 16 0
205 wait 207 206 1100
205 wait 205 206 1300
205 irecv 209 2100 200 0
205 irecv 201 2300 200 0
205 send 209 2300 40 0
205 send 201 2100 40 0
205 wait 210 206 2100
205 wait 202 206 2300
205 irecv 237 3100 200 0
205 irecv 173 3300 200 0
205 send 237 3300 60 0
205 send 173 3100 60 0
205 wait 238 206 3100
205 wait 174 206 3300
205 allreduce 1 0 0 
205 allreduce 1 0 0 
205 reduce 1 0 0 0 
205 finalize
