76 init
76 barrier
76 bcast 1 0 1 
76 bcast 1 0 1 
76 bcast 1 0 1 
76 bcast 1 0 1 
76 bcast 1 0 1 
76 bcast 8 0 1 
76 bcast 1 0 16 
76 barrier
76 allreduce 1 0 0 
76 allreduce 4 0 1 
76 allreduce 1 0 0 
76 allreduce 4 0 1 
76 allreduce 1 0 0 
76 allreduce 4 0 1 
76 allreduce 1 0 0 
76 allreduce 4 0 1 
76 allreduce 1 0 0 
76 allreduce 4 0 1 
76 allreduce 1 0 0 
76 allreduce 4 0 1 
76 allreduce 1 0 0 
76 allreduce 4 0 1 
76 allreduce 1 0 0 
76 allreduce 4 0 1 
76 allreduce 1 0 0 
76 allreduce 4 0 1 
76 allreduce 1 0 0 
76 allreduce 4 0 1 
76 allreduce 1 0 0 
76 allreduce 4 0 1 
76 allreduce 1 0 0 
76 allreduce 4 0 1 
76 allreduce 1 0 0 
76 allreduce 4 0 1 
76 allreduce 1 0 0 
76 allreduce 4 0 1 
76 allreduce 1 0 0 
76 allreduce 4 0 1 
76 allreduce 1 0 0 
76 allreduce 4 0 1 
76 allreduce 1 0 0 
76 allreduce 4 0 1 
76 allreduce 1 0 0 
76 allreduce 4 0 1 
76 allreduce 1 0 0 
76 allreduce 4 0 1 
76 allreduce 1 0 0 
76 allreduce 4 0 1 
76 barrier
76 irecv 77 1100 200 0
76 irecv 79 1300 200 0
76 send 77 1300 16 0
76 send 79 1100 16 0
76 wait 78 77 1100
76 wait 80 77 1300
76 irecv 80 2100 200 0
76 irecv 72 2300 200 0
76 send 80 2300 40 0
76 send 72 2100 40 0
76 wait 81 77 2100
76 wait 73 77 2300
76 irecv 108 3100 200 0
76 irecv 44 3300 200 0
76 send 108 3300 60 0
76 send 44 3100 60 0
76 wait 109 77 3100
76 wait 45 77 3300
76 allreduce 1 0 0 
76 allreduce 1 0 0 
76 irecv 77 1100 200 0
76 irecv 79 1300 200 0
76 send 77 1300 16 0
76 send 79 1100 16 0
76 wait 78 77 1100
76 wait 80 77 1300
76 irecv 80 2100 200 0
76 irecv 72 2300 200 0
76 send 80 2300 40 0
76 send 72 2100 40 0
76 wait 81 77 2100
76 wait 73 77 2300
76 irecv 108 3100 200 0
76 irecv 44 3300 200 0
76 send 108 3300 60 0
76 send 44 3100 60 0
76 wait 109 77 3100
76 wait 45 77 3300
76 allreduce 1 0 0 
76 allreduce 1 0 0 
76 irecv 77 1100 200 0
76 irecv 79 1300 200 0
76 send 77 1300 4 0
76 send 79 1100 4 0
76 wait 78 77 1100
76 wait 80 77 1300
76 irecv 80 2100 200 0
76 irecv 72 2300 200 0
76 send 80 2300 12 0
76 send 72 2100 12 0
76 wait 81 77 2100
76 wait 73 77 2300
76 irecv 108 3100 200 0
76 irecv 44 3300 200 0
76 send 108 3300 24 0
76 send 44 3100 24 0
76 wait 109 77 3100
76 wait 45 77 3300
76 irecv 77 1100 200 0
76 irecv 79 1300 200 0
76 send 77 1300 1 0
76 send 79 1100 1 0
76 wait 78 77 1100
76 wait 80 77 1300
76 irecv 80 2100 200 0
76 irecv 72 2300 200 0
76 send 80 2300 4 0
76 send 72 2100 4 0
76 wait 81 77 2100
76 wait 73 77 2300
76 irecv 108 3100 200 0
76 irecv 44 3300 200 0
76 send 108 3300 12 0
76 send 44 3100 12 0
76 wait 109 77 3100
76 wait 45 77 3300
76 irecv 77 1100 200 0
76 irecv 79 1300 200 0
76 wait 78 77 1100
76 wait 80 77 1300
76 send 84 2300 12 0
76 send 68 2100 6 0
76 send 80 2300 24 0
76 send 72 2100 12 0
76 irecv 108 3100 200 0
76 irecv 44 3300 200 0
76 wait 109 77 3100
76 wait 45 77 3300
76 irecv 77 1100 200 0
76 irecv 79 1300 200 0
76 send 77 1300 1 0
76 send 79 1100 1 0
76 wait 78 77 1100
76 wait 80 77 1300
76 irecv 80 2100 200 0
76 irecv 72 2300 200 0
76 send 80 2300 4 0
76 send 72 2100 4 0
76 wait 81 77 2100
76 wait 73 77 2300
76 irecv 108 3100 200 0
76 irecv 44 3300 200 0
76 send 108 3300 12 0
76 send 44 3100 12 0
76 wait 109 77 3100
76 wait 45 77 3300
76 irecv 77 1100 200 0
76 irecv 79 1300 200 0
76 send 77 1300 1 0
76 send 79 1100 1 0
76 wait 78 77 1100
76 wait 80 77 1300
76 irecv 80 2100 200 0
76 irecv 72 2300 200 0
76 send 80 2300 4 0
76 send 72 2100 4 0
76 wait 81 77 2100
76 wait 73 77 2300
76 irecv 108 3100 200 0
76 irecv 44 3300 200 0
76 send 108 3300 12 0
76 send 44 3100 12 0
76 wait 109 77 3100
76 wait 45 77 3300
76 irecv 77 1100 200 0
76 irecv 79 1300 200 0
76 send 77 1300 4 0
76 send 79 1100 4 0
76 wait 78 77 1100
76 wait 80 77 1300
76 irecv 80 2100 200 0
76 irecv 72 2300 200 0
76 send 80 2300 12 0
76 send 72 2100 12 0
76 wait 81 77 2100
76 wait 73 77 2300
76 irecv 108 3100 200 0
76 irecv 44 3300 200 0
76 send 108 3300 24 0
76 send 44 3100 24 0
76 wait 109 77 3100
76 wait 45 77 3300
76 irecv 77 1100 200 0
76 irecv 79 1300 200 0
76 send 77 1300 4 0
76 send 79 1100 4 0
76 wait 78 77 1100
76 wait 80 77 1300
76 irecv 80 2100 200 0
76 irecv 72 2300 200 0
76 send 80 2300 12 0
76 send 72 2100 12 0
76 wait 81 77 2100
76 wait 73 77 2300
76 irecv 108 3100 200 0
76 irecv 44 3300 200 0
76 send 108 3300 24 0
76 send 44 3100 24 0
76 wait 109 77 3100
76 wait 45 77 3300
76 irecv 77 1100 200 0
76 irecv 79 1300 200 0
76 send 77 1300 16 0
76 send 79 1100 16 0
76 wait 78 77 1100
76 wait 80 77 1300
76 irecv 80 2100 200 0
76 irecv 72 2300 200 0
76 send 80 2300 40 0
76 send 72 2100 40 0
76 wait 81 77 2100
76 wait 73 77 2300
76 irecv 108 3100 200 0
76 irecv 44 3300 200 0
76 send 108 3300 60 0
76 send 44 3100 60 0
76 wait 109 77 3100
76 wait 45 77 3300
76 irecv 77 1100 200 0
76 irecv 79 1300 200 0
76 send 77 1300 16 0
76 send 79 1100 16 0
76 wait 78 77 1100
76 wait 80 77 1300
76 irecv 80 2100 200 0
76 irecv 72 2300 200 0
76 send 80 2300 40 0
76 send 72 2100 40 0
76 wait 81 77 2100
76 wait 73 77 2300
76 irecv 108 3100 200 0
76 irecv 44 3300 200 0
76 send 108 3300 60 0
76 send 44 3100 60 0
76 wait 109 77 3100
76 wait 45 77 3300
76 irecv 77 1100 200 0
76 irecv 79 1300 200 0
76 send 77 1300 16 0
76 send 79 1100 16 0
76 wait 78 77 1100
76 wait 80 77 1300
76 irecv 80 2100 200 0
76 irecv 72 2300 200 0
76 send 80 2300 40 0
76 send 72 2100 40 0
76 wait 81 77 2100
76 wait 73 77 2300
76 irecv 108 3100 200 0
76 irecv 44 3300 200 0
76 send 108 3300 60 0
76 send 44 3100 60 0
76 wait 109 77 3100
76 wait 45 77 3300
76 barrier
76 allreduce 1 0 0 
76 allreduce 4 0 1 
76 allreduce 1 0 0 
76 allreduce 4 0 1 
76 allreduce 1 0 0 
76 allreduce 4 0 1 
76 allreduce 1 0 0 
76 allreduce 4 0 1 
76 allreduce 1 0 0 
76 allreduce 4 0 1 
76 allreduce 1 0 0 
76 allreduce 4 0 1 
76 allreduce 1 0 0 
76 allreduce 4 0 1 
76 allreduce 1 0 0 
76 allreduce 4 0 1 
76 allreduce 1 0 0 
76 allreduce 4 0 1 
76 allreduce 1 0 0 
76 allreduce 4 0 1 
76 allreduce 1 0 0 
76 allreduce 4 0 1 
76 allreduce 1 0 0 
76 allreduce 4 0 1 
76 allreduce 1 0 0 
76 allreduce 4 0 1 
76 allreduce 1 0 0 
76 allreduce 4 0 1 
76 allreduce 1 0 0 
76 allreduce 4 0 1 
76 allreduce 1 0 0 
76 allreduce 4 0 1 
76 allreduce 1 0 0 
76 allreduce 4 0 1 
76 allreduce 1 0 0 
76 allreduce 4 0 1 
76 allreduce 1 0 0 
76 allreduce 4 0 1 
76 allreduce 1 0 0 
76 allreduce 4 0 1 
76 barrier
76 irecv 77 1100 200 0
76 irecv 79 1300 200 0
76 send 77 1300 16 0
76 send 79 1100 16 0
76 wait 78 77 1100
76 wait 80 77 1300
76 irecv 80 2100 200 0
76 irecv 72 2300 200 0
76 send 80 2300 40 0
76 send 72 2100 40 0
76 wait 81 77 2100
76 wait 73 77 2300
76 irecv 108 3100 200 0
76 irecv 44 3300 200 0
76 send 108 3300 60 0
76 send 44 3100 60 0
76 wait 109 77 3100
76 wait 45 77 3300
76 barrier
76 irecv 77 1100 200 0
76 irecv 79 1300 200 0
76 send 77 1300 16 0
76 send 79 1100 16 0
76 wait 78 77 1100
76 wait 80 77 1300
76 irecv 80 2100 200 0
76 irecv 72 2300 200 0
76 send 80 2300 40 0
76 send 72 2100 40 0
76 wait 81 77 2100
76 wait 73 77 2300
76 irecv 108 3100 200 0
76 irecv 44 3300 200 0
76 send 108 3300 60 0
76 send 44 3100 60 0
76 wait 109 77 3100
76 wait 45 77 3300
76 allreduce 1 0 0 
76 allreduce 1 0 0 
76 irecv 77 1100 200 0
76 irecv 79 1300 200 0
76 send 77 1300 4 0
76 send 79 1100 4 0
76 wait 78 77 1100
76 wait 80 77 1300
76 irecv 80 2100 200 0
76 irecv 72 2300 200 0
76 send 80 2300 12 0
76 send 72 2100 12 0
76 wait 81 77 2100
76 wait 73 77 2300
76 irecv 108 3100 200 0
76 irecv 44 3300 200 0
76 send 108 3300 24 0
76 send 44 3100 24 0
76 wait 109 77 3100
76 wait 45 77 3300
76 irecv 77 1100 200 0
76 irecv 79 1300 200 0
76 send 77 1300 1 0
76 send 79 1100 1 0
76 wait 78 77 1100
76 wait 80 77 1300
76 irecv 80 2100 200 0
76 irecv 72 2300 200 0
76 send 80 2300 4 0
76 send 72 2100 4 0
76 wait 81 77 2100
76 wait 73 77 2300
76 irecv 108 3100 200 0
76 irecv 44 3300 200 0
76 send 108 3300 12 0
76 send 44 3100 12 0
76 wait 109 77 3100
76 wait 45 77 3300
76 irecv 77 1100 200 0
76 irecv 79 1300 200 0
76 wait 78 77 1100
76 wait 80 77 1300
76 send 84 2300 12 0
76 send 68 2100 6 0
76 send 80 2300 24 0
76 send 72 2100 12 0
76 irecv 108 3100 200 0
76 irecv 44 3300 200 0
76 wait 109 77 3100
76 wait 45 77 3300
76 irecv 77 1100 200 0
76 irecv 79 1300 200 0
76 send 77 1300 1 0
76 send 79 1100 1 0
76 wait 78 77 1100
76 wait 80 77 1300
76 irecv 80 2100 200 0
76 irecv 72 2300 200 0
76 send 80 2300 4 0
76 send 72 2100 4 0
76 wait 81 77 2100
76 wait 73 77 2300
76 irecv 108 3100 200 0
76 irecv 44 3300 200 0
76 send 108 3300 12 0
76 send 44 3100 12 0
76 wait 109 77 3100
76 wait 45 77 3300
76 irecv 77 1100 200 0
76 irecv 79 1300 200 0
76 send 77 1300 1 0
76 send 79 1100 1 0
76 wait 78 77 1100
76 wait 80 77 1300
76 irecv 80 2100 200 0
76 irecv 72 2300 200 0
76 send 80 2300 4 0
76 send 72 2100 4 0
76 wait 81 77 2100
76 wait 73 77 2300
76 irecv 108 3100 200 0
76 irecv 44 3300 200 0
76 send 108 3300 12 0
76 send 44 3100 12 0
76 wait 109 77 3100
76 wait 45 77 3300
76 irecv 77 1100 200 0
76 irecv 79 1300 200 0
76 send 77 1300 4 0
76 send 79 1100 4 0
76 wait 78 77 1100
76 wait 80 77 1300
76 irecv 80 2100 200 0
76 irecv 72 2300 200 0
76 send 80 2300 12 0
76 send 72 2100 12 0
76 wait 81 77 2100
76 wait 73 77 2300
76 irecv 108 3100 200 0
76 irecv 44 3300 200 0
76 send 108 3300 24 0
76 send 44 3100 24 0
76 wait 109 77 3100
76 wait 45 77 3300
76 irecv 77 1100 200 0
76 irecv 79 1300 200 0
76 send 77 1300 4 0
76 send 79 1100 4 0
76 wait 78 77 1100
76 wait 80 77 1300
76 irecv 80 2100 200 0
76 irecv 72 2300 200 0
76 send 80 2300 12 0
76 send 72 2100 12 0
76 wait 81 77 2100
76 wait 73 77 2300
76 irecv 108 3100 200 0
76 irecv 44 3300 200 0
76 send 108 3300 24 0
76 send 44 3100 24 0
76 wait 109 77 3100
76 wait 45 77 3300
76 irecv 77 1100 200 0
76 irecv 79 1300 200 0
76 send 77 1300 16 0
76 send 79 1100 16 0
76 wait 78 77 1100
76 wait 80 77 1300
76 irecv 80 2100 200 0
76 irecv 72 2300 200 0
76 send 80 2300 40 0
76 send 72 2100 40 0
76 wait 81 77 2100
76 wait 73 77 2300
76 irecv 108 3100 200 0
76 irecv 44 3300 200 0
76 send 108 3300 60 0
76 send 44 3100 60 0
76 wait 109 77 3100
76 wait 45 77 3300
76 irecv 77 1100 200 0
76 irecv 79 1300 200 0
76 send 77 1300 16 0
76 send 79 1100 16 0
76 wait 78 77 1100
76 wait 80 77 1300
76 irecv 80 2100 200 0
76 irecv 72 2300 200 0
76 send 80 2300 40 0
76 send 72 2100 40 0
76 wait 81 77 2100
76 wait 73 77 2300
76 irecv 108 3100 200 0
76 irecv 44 3300 200 0
76 send 108 3300 60 0
76 send 44 3100 60 0
76 wait 109 77 3100
76 wait 45 77 3300
76 irecv 77 1100 200 0
76 irecv 79 1300 200 0
76 send 77 1300 16 0
76 send 79 1100 16 0
76 wait 78 77 1100
76 wait 80 77 1300
76 irecv 80 2100 200 0
76 irecv 72 2300 200 0
76 send 80 2300 40 0
76 send 72 2100 40 0
76 wait 81 77 2100
76 wait 73 77 2300
76 irecv 108 3100 200 0
76 irecv 44 3300 200 0
76 send 108 3300 60 0
76 send 44 3100 60 0
76 wait 109 77 3100
76 wait 45 77 3300
76 irecv 77 1100 200 0
76 irecv 79 1300 200 0
76 send 77 1300 4 0
76 send 79 1100 4 0
76 wait 78 77 1100
76 wait 80 77 1300
76 irecv 80 2100 200 0
76 irecv 72 2300 200 0
76 send 80 2300 12 0
76 send 72 2100 12 0
76 wait 81 77 2100
76 wait 73 77 2300
76 irecv 108 3100 200 0
76 irecv 44 3300 200 0
76 send 108 3300 24 0
76 send 44 3100 24 0
76 wait 109 77 3100
76 wait 45 77 3300
76 irecv 77 1100 200 0
76 irecv 79 1300 200 0
76 send 77 1300 1 0
76 send 79 1100 1 0
76 wait 78 77 1100
76 wait 80 77 1300
76 irecv 80 2100 200 0
76 irecv 72 2300 200 0
76 send 80 2300 4 0
76 send 72 2100 4 0
76 wait 81 77 2100
76 wait 73 77 2300
76 irecv 108 3100 200 0
76 irecv 44 3300 200 0
76 send 108 3300 12 0
76 send 44 3100 12 0
76 wait 109 77 3100
76 wait 45 77 3300
76 irecv 77 1100 200 0
76 irecv 79 1300 200 0
76 wait 78 77 1100
76 wait 80 77 1300
76 send 84 2300 12 0
76 send 68 2100 6 0
76 send 80 2300 24 0
76 send 72 2100 12 0
76 irecv 108 3100 200 0
76 irecv 44 3300 200 0
76 wait 109 77 3100
76 wait 45 77 3300
76 irecv 77 1100 200 0
76 irecv 79 1300 200 0
76 send 77 1300 1 0
76 send 79 1100 1 0
76 wait 78 77 1100
76 wait 80 77 1300
76 irecv 80 2100 200 0
76 irecv 72 2300 200 0
76 send 80 2300 4 0
76 send 72 2100 4 0
76 wait 81 77 2100
76 wait 73 77 2300
76 irecv 108 3100 200 0
76 irecv 44 3300 200 0
76 send 108 3300 12 0
76 send 44 3100 12 0
76 wait 109 77 3100
76 wait 45 77 3300
76 irecv 77 1100 200 0
76 irecv 79 1300 200 0
76 send 77 1300 1 0
76 send 79 1100 1 0
76 wait 78 77 1100
76 wait 80 77 1300
76 irecv 80 2100 200 0
76 irecv 72 2300 200 0
76 send 80 2300 4 0
76 send 72 2100 4 0
76 wait 81 77 2100
76 wait 73 77 2300
76 irecv 108 3100 200 0
76 irecv 44 3300 200 0
76 send 108 3300 12 0
76 send 44 3100 12 0
76 wait 109 77 3100
76 wait 45 77 3300
76 irecv 77 1100 200 0
76 irecv 79 1300 200 0
76 send 77 1300 4 0
76 send 79 1100 4 0
76 wait 78 77 1100
76 wait 80 77 1300
76 irecv 80 2100 200 0
76 irecv 72 2300 200 0
76 send 80 2300 12 0
76 send 72 2100 12 0
76 wait 81 77 2100
76 wait 73 77 2300
76 irecv 108 3100 200 0
76 irecv 44 3300 200 0
76 send 108 3300 24 0
76 send 44 3100 24 0
76 wait 109 77 3100
76 wait 45 77 3300
76 irecv 77 1100 200 0
76 irecv 79 1300 200 0
76 send 77 1300 4 0
76 send 79 1100 4 0
76 wait 78 77 1100
76 wait 80 77 1300
76 irecv 80 2100 200 0
76 irecv 72 2300 200 0
76 send 80 2300 12 0
76 send 72 2100 12 0
76 wait 81 77 2100
76 wait 73 77 2300
76 irecv 108 3100 200 0
76 irecv 44 3300 200 0
76 send 108 3300 24 0
76 send 44 3100 24 0
76 wait 109 77 3100
76 wait 45 77 3300
76 irecv 77 1100 200 0
76 irecv 79 1300 200 0
76 send 77 1300 16 0
76 send 79 1100 16 0
76 wait 78 77 1100
76 wait 80 77 1300
76 irecv 80 2100 200 0
76 irecv 72 2300 200 0
76 send 80 2300 40 0
76 send 72 2100 40 0
76 wait 81 77 2100
76 wait 73 77 2300
76 irecv 108 3100 200 0
76 irecv 44 3300 200 0
76 send 108 3300 60 0
76 send 44 3100 60 0
76 wait 109 77 3100
76 wait 45 77 3300
76 irecv 77 1100 200 0
76 irecv 79 1300 200 0
76 send 77 1300 16 0
76 send 79 1100 16 0
76 wait 78 77 1100
76 wait 80 77 1300
76 irecv 80 2100 200 0
76 irecv 72 2300 200 0
76 send 80 2300 40 0
76 send 72 2100 40 0
76 wait 81 77 2100
76 wait 73 77 2300
76 irecv 108 3100 200 0
76 irecv 44 3300 200 0
76 send 108 3300 60 0
76 send 44 3100 60 0
76 wait 109 77 3100
76 wait 45 77 3300
76 irecv 77 1100 200 0
76 irecv 79 1300 200 0
76 send 77 1300 16 0
76 send 79 1100 16 0
76 wait 78 77 1100
76 wait 80 77 1300
76 irecv 80 2100 200 0
76 irecv 72 2300 200 0
76 send 80 2300 40 0
76 send 72 2100 40 0
76 wait 81 77 2100
76 wait 73 77 2300
76 irecv 108 3100 200 0
76 irecv 44 3300 200 0
76 send 108 3300 60 0
76 send 44 3100 60 0
76 wait 109 77 3100
76 wait 45 77 3300
76 irecv 77 1100 200 0
76 irecv 79 1300 200 0
76 send 77 1300 4 0
76 send 79 1100 4 0
76 wait 78 77 1100
76 wait 80 77 1300
76 irecv 80 2100 200 0
76 irecv 72 2300 200 0
76 send 80 2300 12 0
76 send 72 2100 12 0
76 wait 81 77 2100
76 wait 73 77 2300
76 irecv 108 3100 200 0
76 irecv 44 3300 200 0
76 send 108 3300 24 0
76 send 44 3100 24 0
76 wait 109 77 3100
76 wait 45 77 3300
76 irecv 77 1100 200 0
76 irecv 79 1300 200 0
76 send 77 1300 1 0
76 send 79 1100 1 0
76 wait 78 77 1100
76 wait 80 77 1300
76 irecv 80 2100 200 0
76 irecv 72 2300 200 0
76 send 80 2300 4 0
76 send 72 2100 4 0
76 wait 81 77 2100
76 wait 73 77 2300
76 irecv 108 3100 200 0
76 irecv 44 3300 200 0
76 send 108 3300 12 0
76 send 44 3100 12 0
76 wait 109 77 3100
76 wait 45 77 3300
76 irecv 77 1100 200 0
76 irecv 79 1300 200 0
76 wait 78 77 1100
76 wait 80 77 1300
76 send 84 2300 12 0
76 send 68 2100 6 0
76 send 80 2300 24 0
76 send 72 2100 12 0
76 irecv 108 3100 200 0
76 irecv 44 3300 200 0
76 wait 109 77 3100
76 wait 45 77 3300
76 irecv 77 1100 200 0
76 irecv 79 1300 200 0
76 send 77 1300 1 0
76 send 79 1100 1 0
76 wait 78 77 1100
76 wait 80 77 1300
76 irecv 80 2100 200 0
76 irecv 72 2300 200 0
76 send 80 2300 4 0
76 send 72 2100 4 0
76 wait 81 77 2100
76 wait 73 77 2300
76 irecv 108 3100 200 0
76 irecv 44 3300 200 0
76 send 108 3300 12 0
76 send 44 3100 12 0
76 wait 109 77 3100
76 wait 45 77 3300
76 irecv 77 1100 200 0
76 irecv 79 1300 200 0
76 send 77 1300 1 0
76 send 79 1100 1 0
76 wait 78 77 1100
76 wait 80 77 1300
76 irecv 80 2100 200 0
76 irecv 72 2300 200 0
76 send 80 2300 4 0
76 send 72 2100 4 0
76 wait 81 77 2100
76 wait 73 77 2300
76 irecv 108 3100 200 0
76 irecv 44 3300 200 0
76 send 108 3300 12 0
76 send 44 3100 12 0
76 wait 109 77 3100
76 wait 45 77 3300
76 irecv 77 1100 200 0
76 irecv 79 1300 200 0
76 send 77 1300 4 0
76 send 79 1100 4 0
76 wait 78 77 1100
76 wait 80 77 1300
76 irecv 80 2100 200 0
76 irecv 72 2300 200 0
76 send 80 2300 12 0
76 send 72 2100 12 0
76 wait 81 77 2100
76 wait 73 77 2300
76 irecv 108 3100 200 0
76 irecv 44 3300 200 0
76 send 108 3300 24 0
76 send 44 3100 24 0
76 wait 109 77 3100
76 wait 45 77 3300
76 irecv 77 1100 200 0
76 irecv 79 1300 200 0
76 send 77 1300 4 0
76 send 79 1100 4 0
76 wait 78 77 1100
76 wait 80 77 1300
76 irecv 80 2100 200 0
76 irecv 72 2300 200 0
76 send 80 2300 12 0
76 send 72 2100 12 0
76 wait 81 77 2100
76 wait 73 77 2300
76 irecv 108 3100 200 0
76 irecv 44 3300 200 0
76 send 108 3300 24 0
76 send 44 3100 24 0
76 wait 109 77 3100
76 wait 45 77 3300
76 irecv 77 1100 200 0
76 irecv 79 1300 200 0
76 send 77 1300 16 0
76 send 79 1100 16 0
76 wait 78 77 1100
76 wait 80 77 1300
76 irecv 80 2100 200 0
76 irecv 72 2300 200 0
76 send 80 2300 40 0
76 send 72 2100 40 0
76 wait 81 77 2100
76 wait 73 77 2300
76 irecv 108 3100 200 0
76 irecv 44 3300 200 0
76 send 108 3300 60 0
76 send 44 3100 60 0
76 wait 109 77 3100
76 wait 45 77 3300
76 irecv 77 1100 200 0
76 irecv 79 1300 200 0
76 send 77 1300 16 0
76 send 79 1100 16 0
76 wait 78 77 1100
76 wait 80 77 1300
76 irecv 80 2100 200 0
76 irecv 72 2300 200 0
76 send 80 2300 40 0
76 send 72 2100 40 0
76 wait 81 77 2100
76 wait 73 77 2300
76 irecv 108 3100 200 0
76 irecv 44 3300 200 0
76 send 108 3300 60 0
76 send 44 3100 60 0
76 wait 109 77 3100
76 wait 45 77 3300
76 irecv 77 1100 200 0
76 irecv 79 1300 200 0
76 send 77 1300 16 0
76 send 79 1100 16 0
76 wait 78 77 1100
76 wait 80 77 1300
76 irecv 80 2100 200 0
76 irecv 72 2300 200 0
76 send 80 2300 40 0
76 send 72 2100 40 0
76 wait 81 77 2100
76 wait 73 77 2300
76 irecv 108 3100 200 0
76 irecv 44 3300 200 0
76 send 108 3300 60 0
76 send 44 3100 60 0
76 wait 109 77 3100
76 wait 45 77 3300
76 irecv 77 1100 200 0
76 irecv 79 1300 200 0
76 send 77 1300 4 0
76 send 79 1100 4 0
76 wait 78 77 1100
76 wait 80 77 1300
76 irecv 80 2100 200 0
76 irecv 72 2300 200 0
76 send 80 2300 12 0
76 send 72 2100 12 0
76 wait 81 77 2100
76 wait 73 77 2300
76 irecv 108 3100 200 0
76 irecv 44 3300 200 0
76 send 108 3300 24 0
76 send 44 3100 24 0
76 wait 109 77 3100
76 wait 45 77 3300
76 irecv 77 1100 200 0
76 irecv 79 1300 200 0
76 send 77 1300 1 0
76 send 79 1100 1 0
76 wait 78 77 1100
76 wait 80 77 1300
76 irecv 80 2100 200 0
76 irecv 72 2300 200 0
76 send 80 2300 4 0
76 send 72 2100 4 0
76 wait 81 77 2100
76 wait 73 77 2300
76 irecv 108 3100 200 0
76 irecv 44 3300 200 0
76 send 108 3300 12 0
76 send 44 3100 12 0
76 wait 109 77 3100
76 wait 45 77 3300
76 irecv 77 1100 200 0
76 irecv 79 1300 200 0
76 wait 78 77 1100
76 wait 80 77 1300
76 send 84 2300 12 0
76 send 68 2100 6 0
76 send 80 2300 24 0
76 send 72 2100 12 0
76 irecv 108 3100 200 0
76 irecv 44 3300 200 0
76 wait 109 77 3100
76 wait 45 77 3300
76 irecv 77 1100 200 0
76 irecv 79 1300 200 0
76 send 77 1300 1 0
76 send 79 1100 1 0
76 wait 78 77 1100
76 wait 80 77 1300
76 irecv 80 2100 200 0
76 irecv 72 2300 200 0
76 send 80 2300 4 0
76 send 72 2100 4 0
76 wait 81 77 2100
76 wait 73 77 2300
76 irecv 108 3100 200 0
76 irecv 44 3300 200 0
76 send 108 3300 12 0
76 send 44 3100 12 0
76 wait 109 77 3100
76 wait 45 77 3300
76 irecv 77 1100 200 0
76 irecv 79 1300 200 0
76 send 77 1300 1 0
76 send 79 1100 1 0
76 wait 78 77 1100
76 wait 80 77 1300
76 irecv 80 2100 200 0
76 irecv 72 2300 200 0
76 send 80 2300 4 0
76 send 72 2100 4 0
76 wait 81 77 2100
76 wait 73 77 2300
76 irecv 108 3100 200 0
76 irecv 44 3300 200 0
76 send 108 3300 12 0
76 send 44 3100 12 0
76 wait 109 77 3100
76 wait 45 77 3300
76 irecv 77 1100 200 0
76 irecv 79 1300 200 0
76 send 77 1300 4 0
76 send 79 1100 4 0
76 wait 78 77 1100
76 wait 80 77 1300
76 irecv 80 2100 200 0
76 irecv 72 2300 200 0
76 send 80 2300 12 0
76 send 72 2100 12 0
76 wait 81 77 2100
76 wait 73 77 2300
76 irecv 108 3100 200 0
76 irecv 44 3300 200 0
76 send 108 3300 24 0
76 send 44 3100 24 0
76 wait 109 77 3100
76 wait 45 77 3300
76 irecv 77 1100 200 0
76 irecv 79 1300 200 0
76 send 77 1300 4 0
76 send 79 1100 4 0
76 wait 78 77 1100
76 wait 80 77 1300
76 irecv 80 2100 200 0
76 irecv 72 2300 200 0
76 send 80 2300 12 0
76 send 72 2100 12 0
76 wait 81 77 2100
76 wait 73 77 2300
76 irecv 108 3100 200 0
76 irecv 44 3300 200 0
76 send 108 3300 24 0
76 send 44 3100 24 0
76 wait 109 77 3100
76 wait 45 77 3300
76 irecv 77 1100 200 0
76 irecv 79 1300 200 0
76 send 77 1300 16 0
76 send 79 1100 16 0
76 wait 78 77 1100
76 wait 80 77 1300
76 irecv 80 2100 200 0
76 irecv 72 2300 200 0
76 send 80 2300 40 0
76 send 72 2100 40 0
76 wait 81 77 2100
76 wait 73 77 2300
76 irecv 108 3100 200 0
76 irecv 44 3300 200 0
76 send 108 3300 60 0
76 send 44 3100 60 0
76 wait 109 77 3100
76 wait 45 77 3300
76 irecv 77 1100 200 0
76 irecv 79 1300 200 0
76 send 77 1300 16 0
76 send 79 1100 16 0
76 wait 78 77 1100
76 wait 80 77 1300
76 irecv 80 2100 200 0
76 irecv 72 2300 200 0
76 send 80 2300 40 0
76 send 72 2100 40 0
76 wait 81 77 2100
76 wait 73 77 2300
76 irecv 108 3100 200 0
76 irecv 44 3300 200 0
76 send 108 3300 60 0
76 send 44 3100 60 0
76 wait 109 77 3100
76 wait 45 77 3300
76 irecv 77 1100 200 0
76 irecv 79 1300 200 0
76 send 77 1300 16 0
76 send 79 1100 16 0
76 wait 78 77 1100
76 wait 80 77 1300
76 irecv 80 2100 200 0
76 irecv 72 2300 200 0
76 send 80 2300 40 0
76 send 72 2100 40 0
76 wait 81 77 2100
76 wait 73 77 2300
76 irecv 108 3100 200 0
76 irecv 44 3300 200 0
76 send 108 3300 60 0
76 send 44 3100 60 0
76 wait 109 77 3100
76 wait 45 77 3300
76 allreduce 1 0 0 
76 allreduce 1 0 0 
76 reduce 1 0 0 0 
76 finalize
