83 init
83 barrier
83 bcast 1 0 1 
83 bcast 1 0 1 
83 bcast 1 0 1 
83 bcast 1 0 1 
83 bcast 1 0 1 
83 bcast 8 0 1 
83 bcast 1 0 16 
83 barrier
83 allreduce 1 0 0 
83 allreduce 4 0 1 
83 allreduce 1 0 0 
83 allreduce 4 0 1 
83 allreduce 1 0 0 
83 allreduce 4 0 1 
83 allreduce 1 0 0 
83 allreduce 4 0 1 
83 allreduce 1 0 0 
83 allreduce 4 0 1 
83 allreduce 1 0 0 
83 allreduce 4 0 1 
83 allreduce 1 0 0 
83 allreduce 4 0 1 
83 allreduce 1 0 0 
83 allreduce 4 0 1 
83 allreduce 1 0 0 
83 allreduce 4 0 1 
83 allreduce 1 0 0 
83 allreduce 4 0 1 
83 allreduce 1 0 0 
83 allreduce 4 0 1 
83 allreduce 1 0 0 
83 allreduce 4 0 1 
83 allreduce 1 0 0 
83 allreduce 4 0 1 
83 allreduce 1 0 0 
83 allreduce 4 0 1 
83 allreduce 1 0 0 
83 allreduce 4 0 1 
83 allreduce 1 0 0 
83 allreduce 4 0 1 
83 allreduce 1 0 0 
83 allreduce 4 0 1 
83 allreduce 1 0 0 
83 allreduce 4 0 1 
83 allreduce 1 0 0 
83 allreduce 4 0 1 
83 allreduce 1 0 0 
83 allreduce 4 0 1 
83 barrier
83 irecv 80 1100 200 0
83 irecv 82 1300 200 0
83 send 80 1300 16 0
83 send 82 1100 16 0
83 wait 81 84 1100
83 wait 83 84 1300
83 irecv 87 2100 200 0
83 irecv 79 2300 200 0
83 send 87 2300 40 0
83 send 79 2100 40 0
83 wait 88 84 2100
83 wait 80 84 2300
83 irecv 115 3100 200 0
83 irecv 51 3300 200 0
83 send 115 3300 60 0
83 send 51 3100 60 0
83 wait 116 84 3100
83 wait 52 84 3300
83 allreduce 1 0 0 
83 allreduce 1 0 0 
83 irecv 80 1100 200 0
83 irecv 82 1300 200 0
83 send 80 1300 16 0
83 send 82 1100 16 0
83 wait 81 84 1100
83 wait 83 84 1300
83 irecv 87 2100 200 0
83 irecv 79 2300 200 0
83 send 87 2300 40 0
83 send 79 2100 40 0
83 wait 88 84 2100
83 wait 80 84 2300
83 irecv 115 3100 200 0
83 irecv 51 3300 200 0
83 send 115 3300 60 0
83 send 51 3100 60 0
83 wait 116 84 3100
83 wait 52 84 3300
83 allreduce 1 0 0 
83 allreduce 1 0 0 
83 irecv 80 1100 200 0
83 irecv 82 1300 200 0
83 send 80 1300 4 0
83 send 82 1100 4 0
83 wait 81 84 1100
83 wait 83 84 1300
83 irecv 87 2100 200 0
83 irecv 79 2300 200 0
83 send 87 2300 12 0
83 send 79 2100 12 0
83 wait 88 84 2100
83 wait 80 84 2300
83 irecv 115 3100 200 0
83 irecv 51 3300 200 0
83 send 115 3300 24 0
83 send 51 3100 24 0
83 wait 116 84 3100
83 wait 52 84 3300
83 irecv 80 1100 200 0
83 irecv 82 1300 200 0
83 send 80 1300 1 0
83 send 82 1100 1 0
83 wait 81 84 1100
83 wait 83 84 1300
83 irecv 87 2100 200 0
83 irecv 79 2300 200 0
83 send 87 2300 4 0
83 send 79 2100 4 0
83 wait 88 84 2100
83 wait 80 84 2300
83 irecv 115 3100 200 0
83 irecv 51 3300 200 0
83 send 115 3300 12 0
83 send 51 3100 12 0
83 wait 116 84 3100
83 wait 52 84 3300
83 send 80 1300 8 0
83 send 82 1100 4 0
83 irecv 87 2100 200 0
83 irecv 79 2300 200 0
83 wait 88 84 2100
83 wait 80 84 2300
83 irecv 115 3100 200 0
83 irecv 51 3300 200 0
83 wait 116 84 3100
83 wait 52 84 3300
83 irecv 80 1100 200 0
83 irecv 82 1300 200 0
83 send 80 1300 1 0
83 send 82 1100 1 0
83 wait 81 84 1100
83 wait 83 84 1300
83 irecv 87 2100 200 0
83 irecv 79 2300 200 0
83 send 87 2300 4 0
83 send 79 2100 4 0
83 wait 88 84 2100
83 wait 80 84 2300
83 irecv 115 3100 200 0
83 irecv 51 3300 200 0
83 send 115 3300 12 0
83 send 51 3100 12 0
83 wait 116 84 3100
83 wait 52 84 3300
83 irecv 80 1100 200 0
83 irecv 82 1300 200 0
83 send 80 1300 1 0
83 send 82 1100 1 0
83 wait 81 84 1100
83 wait 83 84 1300
83 irecv 87 2100 200 0
83 irecv 79 2300 200 0
83 send 87 2300 4 0
83 send 79 2100 4 0
83 wait 88 84 2100
83 wait 80 84 2300
83 irecv 115 3100 200 0
83 irecv 51 3300 200 0
83 send 115 3300 12 0
83 send 51 3100 12 0
83 wait 116 84 3100
83 wait 52 84 3300
83 irecv 80 1100 200 0
83 irecv 82 1300 200 0
83 send 80 1300 4 0
83 send 82 1100 4 0
83 wait 81 84 1100
83 wait 83 84 1300
83 irecv 87 2100 200 0
83 irecv 79 2300 200 0
83 send 87 2300 12 0
83 send 79 2100 12 0
83 wait 88 84 2100
83 wait 80 84 2300
83 irecv 115 3100 200 0
83 irecv 51 3300 200 0
83 send 115 3300 24 0
83 send 51 3100 24 0
83 wait 116 84 3100
83 wait 52 84 3300
83 irecv 80 1100 200 0
83 irecv 82 1300 200 0
83 send 80 1300 4 0
83 send 82 1100 4 0
83 wait 81 84 1100
83 wait 83 84 1300
83 irecv 87 2100 200 0
83 irecv 79 2300 200 0
83 send 87 2300 12 0
83 send 79 2100 12 0
83 wait 88 84 2100
83 wait 80 84 2300
83 irecv 115 3100 200 0
83 irecv 51 3300 200 0
83 send 115 3300 24 0
83 send 51 3100 24 0
83 wait 116 84 3100
83 wait 52 84 3300
83 irecv 80 1100 200 0
83 irecv 82 1300 200 0
83 send 80 1300 16 0
83 send 82 1100 16 0
83 wait 81 84 1100
83 wait 83 84 1300
83 irecv 87 2100 200 0
83 irecv 79 2300 200 0
83 send 87 2300 40 0
83 send 79 2100 40 0
83 wait 88 84 2100
83 wait 80 84 2300
83 irecv 115 3100 200 0
83 irecv 51 3300 200 0
83 send 115 3300 60 0
83 send 51 3100 60 0
83 wait 116 84 3100
83 wait 52 84 3300
83 irecv 80 1100 200 0
83 irecv 82 1300 200 0
83 send 80 1300 16 0
83 send 82 1100 16 0
83 wait 81 84 1100
83 wait 83 84 1300
83 irecv 87 2100 200 0
83 irecv 79 2300 200 0
83 send 87 2300 40 0
83 send 79 2100 40 0
83 wait 88 84 2100
83 wait 80 84 2300
83 irecv 115 3100 200 0
83 irecv 51 3300 200 0
83 send 115 3300 60 0
83 send 51 3100 60 0
83 wait 116 84 3100
83 wait 52 84 3300
83 irecv 80 1100 200 0
83 irecv 82 1300 200 0
83 send 80 1300 16 0
83 send 82 1100 16 0
83 wait 81 84 1100
83 wait 83 84 1300
83 irecv 87 2100 200 0
83 irecv 79 2300 200 0
83 send 87 2300 40 0
83 send 79 2100 40 0
83 wait 88 84 2100
83 wait 80 84 2300
83 irecv 115 3100 200 0
83 irecv 51 3300 200 0
83 send 115 3300 60 0
83 send 51 3100 60 0
83 wait 116 84 3100
83 wait 52 84 3300
83 barrier
83 allreduce 1 0 0 
83 allreduce 4 0 1 
83 allreduce 1 0 0 
83 allreduce 4 0 1 
83 allreduce 1 0 0 
83 allreduce 4 0 1 
83 allreduce 1 0 0 
83 allreduce 4 0 1 
83 allreduce 1 0 0 
83 allreduce 4 0 1 
83 allreduce 1 0 0 
83 allreduce 4 0 1 
83 allreduce 1 0 0 
83 allreduce 4 0 1 
83 allreduce 1 0 0 
83 allreduce 4 0 1 
83 allreduce 1 0 0 
83 allreduce 4 0 1 
83 allreduce 1 0 0 
83 allreduce 4 0 1 
83 allreduce 1 0 0 
83 allreduce 4 0 1 
83 allreduce 1 0 0 
83 allreduce 4 0 1 
83 allreduce 1 0 0 
83 allreduce 4 0 1 
83 allreduce 1 0 0 
83 allreduce 4 0 1 
83 allreduce 1 0 0 
83 allreduce 4 0 1 
83 allreduce 1 0 0 
83 allreduce 4 0 1 
83 allreduce 1 0 0 
83 allreduce 4 0 1 
83 allreduce 1 0 0 
83 allreduce 4 0 1 
83 allreduce 1 0 0 
83 allreduce 4 0 1 
83 allreduce 1 0 0 
83 allreduce 4 0 1 
83 barrier
83 irecv 80 1100 200 0
83 irecv 82 1300 200 0
83 send 80 1300 16 0
83 send 82 1100 16 0
83 wait 81 84 1100
83 wait 83 84 1300
83 irecv 87 2100 200 0
83 irecv 79 2300 200 0
83 send 87 2300 40 0
83 send 79 2100 40 0
83 wait 88 84 2100
83 wait 80 84 2300
83 irecv 115 3100 200 0
83 irecv 51 3300 200 0
83 send 115 3300 60 0
83 send 51 3100 60 0
83 wait 116 84 3100
83 wait 52 84 3300
83 barrier
83 irecv 80 1100 200 0
83 irecv 82 1300 200 0
83 send 80 1300 16 0
83 send 82 1100 16 0
83 wait 81 84 1100
83 wait 83 84 1300
83 irecv 87 2100 200 0
83 irecv 79 2300 200 0
83 send 87 2300 40 0
83 send 79 2100 40 0
83 wait 88 84 2100
83 wait 80 84 2300
83 irecv 115 3100 200 0
83 irecv 51 3300 200 0
83 send 115 3300 60 0
83 send 51 3100 60 0
83 wait 116 84 3100
83 wait 52 84 3300
83 allreduce 1 0 0 
83 allreduce 1 0 0 
83 irecv 80 1100 200 0
83 irecv 82 1300 200 0
83 send 80 1300 4 0
83 send 82 1100 4 0
83 wait 81 84 1100
83 wait 83 84 1300
83 irecv 87 2100 200 0
83 irecv 79 2300 200 0
83 send 87 2300 12 0
83 send 79 2100 12 0
83 wait 88 84 2100
83 wait 80 84 2300
83 irecv 115 3100 200 0
83 irecv 51 3300 200 0
83 send 115 3300 24 0
83 send 51 3100 24 0
83 wait 116 84 3100
83 wait 52 84 3300
83 irecv 80 1100 200 0
83 irecv 82 1300 200 0
83 send 80 1300 1 0
83 send 82 1100 1 0
83 wait 81 84 1100
83 wait 83 84 1300
83 irecv 87 2100 200 0
83 irecv 79 2300 200 0
83 send 87 2300 4 0
83 send 79 2100 4 0
83 wait 88 84 2100
83 wait 80 84 2300
83 irecv 115 3100 200 0
83 irecv 51 3300 200 0
83 send 115 3300 12 0
83 send 51 3100 12 0
83 wait 116 84 3100
83 wait 52 84 3300
83 send 80 1300 8 0
83 send 82 1100 4 0
83 irecv 87 2100 200 0
83 irecv 79 2300 200 0
83 wait 88 84 2100
83 wait 80 84 2300
83 irecv 115 3100 200 0
83 irecv 51 3300 200 0
83 wait 116 84 3100
83 wait 52 84 3300
83 irecv 80 1100 200 0
83 irecv 82 1300 200 0
83 send 80 1300 1 0
83 send 82 1100 1 0
83 wait 81 84 1100
83 wait 83 84 1300
83 irecv 87 2100 200 0
83 irecv 79 2300 200 0
83 send 87 2300 4 0
83 send 79 2100 4 0
83 wait 88 84 2100
83 wait 80 84 2300
83 irecv 115 3100 200 0
83 irecv 51 3300 200 0
83 send 115 3300 12 0
83 send 51 3100 12 0
83 wait 116 84 3100
83 wait 52 84 3300
83 irecv 80 1100 200 0
83 irecv 82 1300 200 0
83 send 80 1300 1 0
83 send 82 1100 1 0
83 wait 81 84 1100
83 wait 83 84 1300
83 irecv 87 2100 200 0
83 irecv 79 2300 200 0
83 send 87 2300 4 0
83 send 79 2100 4 0
83 wait 88 84 2100
83 wait 80 84 2300
83 irecv 115 3100 200 0
83 irecv 51 3300 200 0
83 send 115 3300 12 0
83 send 51 3100 12 0
83 wait 116 84 3100
83 wait 52 84 3300
83 irecv 80 1100 200 0
83 irecv 82 1300 200 0
83 send 80 1300 4 0
83 send 82 1100 4 0
83 wait 81 84 1100
83 wait 83 84 1300
83 irecv 87 2100 200 0
83 irecv 79 2300 200 0
83 send 87 2300 12 0
83 send 79 2100 12 0
83 wait 88 84 2100
83 wait 80 84 2300
83 irecv 115 3100 200 0
83 irecv 51 3300 200 0
83 send 115 3300 24 0
83 send 51 3100 24 0
83 wait 116 84 3100
83 wait 52 84 3300
83 irecv 80 1100 200 0
83 irecv 82 1300 200 0
83 send 80 1300 4 0
83 send 82 1100 4 0
83 wait 81 84 1100
83 wait 83 84 1300
83 irecv 87 2100 200 0
83 irecv 79 2300 200 0
83 send 87 2300 12 0
83 send 79 2100 12 0
83 wait 88 84 2100
83 wait 80 84 2300
83 irecv 115 3100 200 0
83 irecv 51 3300 200 0
83 send 115 3300 24 0
83 send 51 3100 24 0
83 wait 116 84 3100
83 wait 52 84 3300
83 irecv 80 1100 200 0
83 irecv 82 1300 200 0
83 send 80 1300 16 0
83 send 82 1100 16 0
83 wait 81 84 1100
83 wait 83 84 1300
83 irecv 87 2100 200 0
83 irecv 79 2300 200 0
83 send 87 2300 40 0
83 send 79 2100 40 0
83 wait 88 84 2100
83 wait 80 84 2300
83 irecv 115 3100 200 0
83 irecv 51 3300 200 0
83 send 115 3300 60 0
83 send 51 3100 60 0
83 wait 116 84 3100
83 wait 52 84 3300
83 irecv 80 1100 200 0
83 irecv 82 1300 200 0
83 send 80 1300 16 0
83 send 82 1100 16 0
83 wait 81 84 1100
83 wait 83 84 1300
83 irecv 87 2100 200 0
83 irecv 79 2300 200 0
83 send 87 2300 40 0
83 send 79 2100 40 0
83 wait 88 84 2100
83 wait 80 84 2300
83 irecv 115 3100 200 0
83 irecv 51 3300 200 0
83 send 115 3300 60 0
83 send 51 3100 60 0
83 wait 116 84 3100
83 wait 52 84 3300
83 irecv 80 1100 200 0
83 irecv 82 1300 200 0
83 send 80 1300 16 0
83 send 82 1100 16 0
83 wait 81 84 1100
83 wait 83 84 1300
83 irecv 87 2100 200 0
83 irecv 79 2300 200 0
83 send 87 2300 40 0
83 send 79 2100 40 0
83 wait 88 84 2100
83 wait 80 84 2300
83 irecv 115 3100 200 0
83 irecv 51 3300 200 0
83 send 115 3300 60 0
83 send 51 3100 60 0
83 wait 116 84 3100
83 wait 52 84 3300
83 irecv 80 1100 200 0
83 irecv 82 1300 200 0
83 send 80 1300 4 0
83 send 82 1100 4 0
83 wait 81 84 1100
83 wait 83 84 1300
83 irecv 87 2100 200 0
83 irecv 79 2300 200 0
83 send 87 2300 12 0
83 send 79 2100 12 0
83 wait 88 84 2100
83 wait 80 84 2300
83 irecv 115 3100 200 0
83 irecv 51 3300 200 0
83 send 115 3300 24 0
83 send 51 3100 24 0
83 wait 116 84 3100
83 wait 52 84 3300
83 irecv 80 1100 200 0
83 irecv 82 1300 200 0
83 send 80 1300 1 0
83 send 82 1100 1 0
83 wait 81 84 1100
83 wait 83 84 1300
83 irecv 87 2100 200 0
83 irecv 79 2300 200 0
83 send 87 2300 4 0
83 send 79 2100 4 0
83 wait 88 84 2100
83 wait 80 84 2300
83 irecv 115 3100 200 0
83 irecv 51 3300 200 0
83 send 115 3300 12 0
83 send 51 3100 12 0
83 wait 116 84 3100
83 wait 52 84 3300
83 send 80 1300 8 0
83 send 82 1100 4 0
83 irecv 87 2100 200 0
83 irecv 79 2300 200 0
83 wait 88 84 2100
83 wait 80 84 2300
83 irecv 115 3100 200 0
83 irecv 51 3300 200 0
83 wait 116 84 3100
83 wait 52 84 3300
83 irecv 80 1100 200 0
83 irecv 82 1300 200 0
83 send 80 1300 1 0
83 send 82 1100 1 0
83 wait 81 84 1100
83 wait 83 84 1300
83 irecv 87 2100 200 0
83 irecv 79 2300 200 0
83 send 87 2300 4 0
83 send 79 2100 4 0
83 wait 88 84 2100
83 wait 80 84 2300
83 irecv 115 3100 200 0
83 irecv 51 3300 200 0
83 send 115 3300 12 0
83 send 51 3100 12 0
83 wait 116 84 3100
83 wait 52 84 3300
83 irecv 80 1100 200 0
83 irecv 82 1300 200 0
83 send 80 1300 1 0
83 send 82 1100 1 0
83 wait 81 84 1100
83 wait 83 84 1300
83 irecv 87 2100 200 0
83 irecv 79 2300 200 0
83 send 87 2300 4 0
83 send 79 2100 4 0
83 wait 88 84 2100
83 wait 80 84 2300
83 irecv 115 3100 200 0
83 irecv 51 3300 200 0
83 send 115 3300 12 0
83 send 51 3100 12 0
83 wait 116 84 3100
83 wait 52 84 3300
83 irecv 80 1100 200 0
83 irecv 82 1300 200 0
83 send 80 1300 4 0
83 send 82 1100 4 0
83 wait 81 84 1100
83 wait 83 84 1300
83 irecv 87 2100 200 0
83 irecv 79 2300 200 0
83 send 87 2300 12 0
83 send 79 2100 12 0
83 wait 88 84 2100
83 wait 80 84 2300
83 irecv 115 3100 200 0
83 irecv 51 3300 200 0
83 send 115 3300 24 0
83 send 51 3100 24 0
83 wait 116 84 3100
83 wait 52 84 3300
83 irecv 80 1100 200 0
83 irecv 82 1300 200 0
83 send 80 1300 4 0
83 send 82 1100 4 0
83 wait 81 84 1100
83 wait 83 84 1300
83 irecv 87 2100 200 0
83 irecv 79 2300 200 0
83 send 87 2300 12 0
83 send 79 2100 12 0
83 wait 88 84 2100
83 wait 80 84 2300
83 irecv 115 3100 200 0
83 irecv 51 3300 200 0
83 send 115 3300 24 0
83 send 51 3100 24 0
83 wait 116 84 3100
83 wait 52 84 3300
83 irecv 80 1100 200 0
83 irecv 82 1300 200 0
83 send 80 1300 16 0
83 send 82 1100 16 0
83 wait 81 84 1100
83 wait 83 84 1300
83 irecv 87 2100 200 0
83 irecv 79 2300 200 0
83 send 87 2300 40 0
83 send 79 2100 40 0
83 wait 88 84 2100
83 wait 80 84 2300
83 irecv 115 3100 200 0
83 irecv 51 3300 200 0
83 send 115 3300 60 0
83 send 51 3100 60 0
83 wait 116 84 3100
83 wait 52 84 3300
83 irecv 80 1100 200 0
83 irecv 82 1300 200 0
83 send 80 1300 16 0
83 send 82 1100 16 0
83 wait 81 84 1100
83 wait 83 84 1300
83 irecv 87 2100 200 0
83 irecv 79 2300 200 0
83 send 87 2300 40 0
83 send 79 2100 40 0
83 wait 88 84 2100
83 wait 80 84 2300
83 irecv 115 3100 200 0
83 irecv 51 3300 200 0
83 send 115 3300 60 0
83 send 51 3100 60 0
83 wait 116 84 3100
83 wait 52 84 3300
83 irecv 80 1100 200 0
83 irecv 82 1300 200 0
83 send 80 1300 16 0
83 send 82 1100 16 0
83 wait 81 84 1100
83 wait 83 84 1300
83 irecv 87 2100 200 0
83 irecv 79 2300 200 0
83 send 87 2300 40 0
83 send 79 2100 40 0
83 wait 88 84 2100
83 wait 80 84 2300
83 irecv 115 3100 200 0
83 irecv 51 3300 200 0
83 send 115 3300 60 0
83 send 51 3100 60 0
83 wait 116 84 3100
83 wait 52 84 3300
83 irecv 80 1100 200 0
83 irecv 82 1300 200 0
83 send 80 1300 4 0
83 send 82 1100 4 0
83 wait 81 84 1100
83 wait 83 84 1300
83 irecv 87 2100 200 0
83 irecv 79 2300 200 0
83 send 87 2300 12 0
83 send 79 2100 12 0
83 wait 88 84 2100
83 wait 80 84 2300
83 irecv 115 3100 200 0
83 irecv 51 3300 200 0
83 send 115 3300 24 0
83 send 51 3100 24 0
83 wait 116 84 3100
83 wait 52 84 3300
83 irecv 80 1100 200 0
83 irecv 82 1300 200 0
83 send 80 1300 1 0
83 send 82 1100 1 0
83 wait 81 84 1100
83 wait 83 84 1300
83 irecv 87 2100 200 0
83 irecv 79 2300 200 0
83 send 87 2300 4 0
83 send 79 2100 4 0
83 wait 88 84 2100
83 wait 80 84 2300
83 irecv 115 3100 200 0
83 irecv 51 3300 200 0
83 send 115 3300 12 0
83 send 51 3100 12 0
83 wait 116 84 3100
83 wait 52 84 3300
83 send 80 1300 8 0
83 send 82 1100 4 0
83 irecv 87 2100 200 0
83 irecv 79 2300 200 0
83 wait 88 84 2100
83 wait 80 84 2300
83 irecv 115 3100 200 0
83 irecv 51 3300 200 0
83 wait 116 84 3100
83 wait 52 84 3300
83 irecv 80 1100 200 0
83 irecv 82 1300 200 0
83 send 80 1300 1 0
83 send 82 1100 1 0
83 wait 81 84 1100
83 wait 83 84 1300
83 irecv 87 2100 200 0
83 irecv 79 2300 200 0
83 send 87 2300 4 0
83 send 79 2100 4 0
83 wait 88 84 2100
83 wait 80 84 2300
83 irecv 115 3100 200 0
83 irecv 51 3300 200 0
83 send 115 3300 12 0
83 send 51 3100 12 0
83 wait 116 84 3100
83 wait 52 84 3300
83 irecv 80 1100 200 0
83 irecv 82 1300 200 0
83 send 80 1300 1 0
83 send 82 1100 1 0
83 wait 81 84 1100
83 wait 83 84 1300
83 irecv 87 2100 200 0
83 irecv 79 2300 200 0
83 send 87 2300 4 0
83 send 79 2100 4 0
83 wait 88 84 2100
83 wait 80 84 2300
83 irecv 115 3100 200 0
83 irecv 51 3300 200 0
83 send 115 3300 12 0
83 send 51 3100 12 0
83 wait 116 84 3100
83 wait 52 84 3300
83 irecv 80 1100 200 0
83 irecv 82 1300 200 0
83 send 80 1300 4 0
83 send 82 1100 4 0
83 wait 81 84 1100
83 wait 83 84 1300
83 irecv 87 2100 200 0
83 irecv 79 2300 200 0
83 send 87 2300 12 0
83 send 79 2100 12 0
83 wait 88 84 2100
83 wait 80 84 2300
83 irecv 115 3100 200 0
83 irecv 51 3300 200 0
83 send 115 3300 24 0
83 send 51 3100 24 0
83 wait 116 84 3100
83 wait 52 84 3300
83 irecv 80 1100 200 0
83 irecv 82 1300 200 0
83 send 80 1300 4 0
83 send 82 1100 4 0
83 wait 81 84 1100
83 wait 83 84 1300
83 irecv 87 2100 200 0
83 irecv 79 2300 200 0
83 send 87 2300 12 0
83 send 79 2100 12 0
83 wait 88 84 2100
83 wait 80 84 2300
83 irecv 115 3100 200 0
83 irecv 51 3300 200 0
83 send 115 3300 24 0
83 send 51 3100 24 0
83 wait 116 84 3100
83 wait 52 84 3300
83 irecv 80 1100 200 0
83 irecv 82 1300 200 0
83 send 80 1300 16 0
83 send 82 1100 16 0
83 wait 81 84 1100
83 wait 83 84 1300
83 irecv 87 2100 200 0
83 irecv 79 2300 200 0
83 send 87 2300 40 0
83 send 79 2100 40 0
83 wait 88 84 2100
83 wait 80 84 2300
83 irecv 115 3100 200 0
83 irecv 51 3300 200 0
83 send 115 3300 60 0
83 send 51 3100 60 0
83 wait 116 84 3100
83 wait 52 84 3300
83 irecv 80 1100 200 0
83 irecv 82 1300 200 0
83 send 80 1300 16 0
83 send 82 1100 16 0
83 wait 81 84 1100
83 wait 83 84 1300
83 irecv 87 2100 200 0
83 irecv 79 2300 200 0
83 send 87 2300 40 0
83 send 79 2100 40 0
83 wait 88 84 2100
83 wait 80 84 2300
83 irecv 115 3100 200 0
83 irecv 51 3300 200 0
83 send 115 3300 60 0
83 send 51 3100 60 0
83 wait 116 84 3100
83 wait 52 84 3300
83 irecv 80 1100 200 0
83 irecv 82 1300 200 0
83 send 80 1300 16 0
83 send 82 1100 16 0
83 wait 81 84 1100
83 wait 83 84 1300
83 irecv 87 2100 200 0
83 irecv 79 2300 200 0
83 send 87 2300 40 0
83 send 79 2100 40 0
83 wait 88 84 2100
83 wait 80 84 2300
83 irecv 115 3100 200 0
83 irecv 51 3300 200 0
83 send 115 3300 60 0
83 send 51 3100 60 0
83 wait 116 84 3100
83 wait 52 84 3300
83 irecv 80 1100 200 0
83 irecv 82 1300 200 0
83 send 80 1300 4 0
83 send 82 1100 4 0
83 wait 81 84 1100
83 wait 83 84 1300
83 irecv 87 2100 200 0
83 irecv 79 2300 200 0
83 send 87 2300 12 0
83 send 79 2100 12 0
83 wait 88 84 2100
83 wait 80 84 2300
83 irecv 115 3100 200 0
83 irecv 51 3300 200 0
83 send 115 3300 24 0
83 send 51 3100 24 0
83 wait 116 84 3100
83 wait 52 84 3300
83 irecv 80 1100 200 0
83 irecv 82 1300 200 0
83 send 80 1300 1 0
83 send 82 1100 1 0
83 wait 81 84 1100
83 wait 83 84 1300
83 irecv 87 2100 200 0
83 irecv 79 2300 200 0
83 send 87 2300 4 0
83 send 79 2100 4 0
83 wait 88 84 2100
83 wait 80 84 2300
83 irecv 115 3100 200 0
83 irecv 51 3300 200 0
83 send 115 3300 12 0
83 send 51 3100 12 0
83 wait 116 84 3100
83 wait 52 84 3300
83 send 80 1300 8 0
83 send 82 1100 4 0
83 irecv 87 2100 200 0
83 irecv 79 2300 200 0
83 wait 88 84 2100
83 wait 80 84 2300
83 irecv 115 3100 200 0
83 irecv 51 3300 200 0
83 wait 116 84 3100
83 wait 52 84 3300
83 irecv 80 1100 200 0
83 irecv 82 1300 200 0
83 send 80 1300 1 0
83 send 82 1100 1 0
83 wait 81 84 1100
83 wait 83 84 1300
83 irecv 87 2100 200 0
83 irecv 79 2300 200 0
83 send 87 2300 4 0
83 send 79 2100 4 0
83 wait 88 84 2100
83 wait 80 84 2300
83 irecv 115 3100 200 0
83 irecv 51 3300 200 0
83 send 115 3300 12 0
83 send 51 3100 12 0
83 wait 116 84 3100
83 wait 52 84 3300
83 irecv 80 1100 200 0
83 irecv 82 1300 200 0
83 send 80 1300 1 0
83 send 82 1100 1 0
83 wait 81 84 1100
83 wait 83 84 1300
83 irecv 87 2100 200 0
83 irecv 79 2300 200 0
83 send 87 2300 4 0
83 send 79 2100 4 0
83 wait 88 84 2100
83 wait 80 84 2300
83 irecv 115 3100 200 0
83 irecv 51 3300 200 0
83 send 115 3300 12 0
83 send 51 3100 12 0
83 wait 116 84 3100
83 wait 52 84 3300
83 irecv 80 1100 200 0
83 irecv 82 1300 200 0
83 send 80 1300 4 0
83 send 82 1100 4 0
83 wait 81 84 1100
83 wait 83 84 1300
83 irecv 87 2100 200 0
83 irecv 79 2300 200 0
83 send 87 2300 12 0
83 send 79 2100 12 0
83 wait 88 84 2100
83 wait 80 84 2300
83 irecv 115 3100 200 0
83 irecv 51 3300 200 0
83 send 115 3300 24 0
83 send 51 3100 24 0
83 wait 116 84 3100
83 wait 52 84 3300
83 irecv 80 1100 200 0
83 irecv 82 1300 200 0
83 send 80 1300 4 0
83 send 82 1100 4 0
83 wait 81 84 1100
83 wait 83 84 1300
83 irecv 87 2100 200 0
83 irecv 79 2300 200 0
83 send 87 2300 12 0
83 send 79 2100 12 0
83 wait 88 84 2100
83 wait 80 84 2300
83 irecv 115 3100 200 0
83 irecv 51 3300 200 0
83 send 115 3300 24 0
83 send 51 3100 24 0
83 wait 116 84 3100
83 wait 52 84 3300
83 irecv 80 1100 200 0
83 irecv 82 1300 200 0
83 send 80 1300 16 0
83 send 82 1100 16 0
83 wait 81 84 1100
83 wait 83 84 1300
83 irecv 87 2100 200 0
83 irecv 79 2300 200 0
83 send 87 2300 40 0
83 send 79 2100 40 0
83 wait 88 84 2100
83 wait 80 84 2300
83 irecv 115 3100 200 0
83 irecv 51 3300 200 0
83 send 115 3300 60 0
83 send 51 3100 60 0
83 wait 116 84 3100
83 wait 52 84 3300
83 irecv 80 1100 200 0
83 irecv 82 1300 200 0
83 send 80 1300 16 0
83 send 82 1100 16 0
83 wait 81 84 1100
83 wait 83 84 1300
83 irecv 87 2100 200 0
83 irecv 79 2300 200 0
83 send 87 2300 40 0
83 send 79 2100 40 0
83 wait 88 84 2100
83 wait 80 84 2300
83 irecv 115 3100 200 0
83 irecv 51 3300 200 0
83 send 115 3300 60 0
83 send 51 3100 60 0
83 wait 116 84 3100
83 wait 52 84 3300
83 irecv 80 1100 200 0
83 irecv 82 1300 200 0
83 send 80 1300 16 0
83 send 82 1100 16 0
83 wait 81 84 1100
83 wait 83 84 1300
83 irecv 87 2100 200 0
83 irecv 79 2300 200 0
83 send 87 2300 40 0
83 send 79 2100 40 0
83 wait 88 84 2100
83 wait 80 84 2300
83 irecv 115 3100 200 0
83 irecv 51 3300 200 0
83 send 115 3300 60 0
83 send 51 3100 60 0
83 wait 116 84 3100
83 wait 52 84 3300
83 allreduce 1 0 0 
83 allreduce 1 0 0 
83 reduce 1 0 0 0 
83 finalize
