0 init
0 barrier
0 compute 312.5
0 bcast 1 0 1 
0 bcast 1 0 1 
0 bcast 1 0 1 
0 bcast 1 0 1 
0 bcast 1 0 1 
0 bcast 8 0 1 
0 bcast 1 0 16 
0 barrier
0 allreduce 1 0 0 
0 allreduce 4 0 1 
0 allreduce 1 0 0 
0 allreduce 4 0 1 
0 allreduce 1 0 0 
0 allreduce 4 0 1 
0 allreduce 1 0 0 
0 allreduce 4 0 1 
0 allreduce 1 0 0 
0 allreduce 4 0 1 
0 allreduce 1 0 0 
0 allreduce 4 0 1 
0 allreduce 1 0 0 
0 allreduce 4 0 1 
0 allreduce 1 0 0 
0 allreduce 4 0 1 
0 allreduce 1 0 0 
0 allreduce 4 0 1 
0 allreduce 1 0 0 
0 allreduce 4 0 1 
0 allreduce 1 0 0 
0 allreduce 4 0 1 
0 allreduce 1 0 0 
0 allreduce 4 0 1 
0 allreduce 1 0 0 
0 allreduce 4 0 1 
0 allreduce 1 0 0 
0 allreduce 4 0 1 
0 allreduce 1 0 0 
0 allreduce 4 0 1 
0 allreduce 1 0 0 
0 allreduce 4 0 1 
0 allreduce 1 0 0 
0 allreduce 4 0 1 
0 allreduce 1 0 0 
0 allreduce 4 0 1 
0 allreduce 1 0 0 
0 allreduce 4 0 1 
0 allreduce 1 0 0 
0 allreduce 4 0 1 
0 barrier
0 irecv 1 1100 200 0
0 irecv 3 1300 200 0
0 send 1 1300 16 0
0 send 3 1100 16 0
0 wait 2 1 1100
0 wait 4 1 1300
0 irecv 4 2100 200 0
0 irecv 28 2300 200 0
0 send 4 2300 40 0
0 send 28 2100 40 0
0 wait 5 1 2100
0 wait 29 1 2300
0 irecv 32 3100 200 0
0 irecv 224 3300 200 0
0 send 32 3300 60 0
0 send 224 3100 60 0
0 wait 33 1 3100
0 wait 225 1 3300
0 allreduce 1 0 0 
0 allreduce 1 0 0 
0 irecv 1 1100 200 0
0 irecv 3 1300 200 0
0 send 1 1300 16 0
0 send 3 1100 16 0
0 wait 2 1 1100
0 wait 4 1 1300
0 irecv 4 2100 200 0
0 irecv 28 2300 200 0
0 send 4 2300 40 0
0 send 28 2100 40 0
0 wait 5 1 2100
0 wait 29 1 2300
0 irecv 32 3100 200 0
0 irecv 224 3300 200 0
0 send 32 3300 60 0
0 send 224 3100 60 0
0 wait 33 1 3100
0 wait 225 1 3300
0 allreduce 1 0 0 
0 allreduce 1 0 0 
0 irecv 1 1100 200 0
0 irecv 3 1300 200 0
0 send 1 1300 4 0
0 send 3 1100 4 0
0 wait 2 1 1100
0 wait 4 1 1300
0 irecv 4 2100 200 0
0 irecv 28 2300 200 0
0 send 4 2300 12 0
0 send 28 2100 12 0
0 wait 5 1 2100
0 wait 29 1 2300
0 irecv 32 3100 200 0
0 irecv 224 3300 200 0
0 send 32 3300 24 0
0 send 224 3100 24 0
0 wait 33 1 3100
0 wait 225 1 3300
0 irecv 1 1100 200 0
0 irecv 3 1300 200 0
0 send 1 1300 1 0
0 send 3 1100 1 0
0 wait 2 1 1100
0 wait 4 1 1300
0 irecv 4 2100 200 0
0 irecv 28 2300 200 0
0 send 4 2300 4 0
0 send 28 2100 4 0
0 wait 5 1 2100
0 wait 29 1 2300
0 irecv 32 3100 200 0
0 irecv 224 3300 200 0
0 send 32 3300 12 0
0 send 224 3100 12 0
0 wait 33 1 3100
0 wait 225 1 3300
0 irecv 1 1100 200 0
0 irecv 3 1300 200 0
0 wait 2 1 1100
0 wait 4 1 1300
0 irecv 4 2100 200 0
0 irecv 28 2300 200 0
0 wait 5 1 2100
0 wait 29 1 2300
0 irecv 32 3100 200 0
0 irecv 224 3300 200 0
0 wait 33 1 3100
0 wait 225 1 3300
0 irecv 1 1100 200 0
0 irecv 3 1300 200 0
0 send 1 1300 1 0
0 send 3 1100 1 0
0 wait 2 1 1100
0 wait 4 1 1300
0 irecv 4 2100 200 0
0 irecv 28 2300 200 0
0 send 4 2300 4 0
0 send 28 2100 4 0
0 wait 5 1 2100
0 wait 29 1 2300
0 irecv 32 3100 200 0
0 irecv 224 3300 200 0
0 send 32 3300 12 0
0 send 224 3100 12 0
0 wait 33 1 3100
0 wait 225 1 3300
0 irecv 1 1100 200 0
0 irecv 3 1300 200 0
0 send 1 1300 1 0
0 send 3 1100 1 0
0 wait 2 1 1100
0 wait 4 1 1300
0 irecv 4 2100 200 0
0 irecv 28 2300 200 0
0 send 4 2300 4 0
0 send 28 2100 4 0
0 wait 5 1 2100
0 wait 29 1 2300
0 irecv 32 3100 200 0
0 irecv 224 3300 200 0
0 send 32 3300 12 0
0 send 224 3100 12 0
0 wait 33 1 3100
0 wait 225 1 3300
0 irecv 1 1100 200 0
0 irecv 3 1300 200 0
0 send 1 1300 4 0
0 send 3 1100 4 0
0 wait 2 1 1100
0 wait 4 1 1300
0 irecv 4 2100 200 0
0 irecv 28 2300 200 0
0 send 4 2300 12 0
0 send 28 2100 12 0
0 wait 5 1 2100
0 wait 29 1 2300
0 irecv 32 3100 200 0
0 irecv 224 3300 200 0
0 send 32 3300 24 0
0 send 224 3100 24 0
0 wait 33 1 3100
0 wait 225 1 3300
0 irecv 1 1100 200 0
0 irecv 3 1300 200 0
0 send 1 1300 4 0
0 send 3 1100 4 0
0 wait 2 1 1100
0 wait 4 1 1300
0 irecv 4 2100 200 0
0 irecv 28 2300 200 0
0 send 4 2300 12 0
0 send 28 2100 12 0
0 wait 5 1 2100
0 wait 29 1 2300
0 irecv 32 3100 200 0
0 irecv 224 3300 200 0
0 send 32 3300 24 0
0 send 224 3100 24 0
0 wait 33 1 3100
0 wait 225 1 3300
0 irecv 1 1100 200 0
0 irecv 3 1300 200 0
0 send 1 1300 16 0
0 send 3 1100 16 0
0 wait 2 1 1100
0 wait 4 1 1300
0 irecv 4 2100 200 0
0 irecv 28 2300 200 0
0 send 4 2300 40 0
0 send 28 2100 40 0
0 wait 5 1 2100
0 wait 29 1 2300
0 irecv 32 3100 200 0
0 irecv 224 3300 200 0
0 send 32 3300 60 0
0 send 224 3100 60 0
0 wait 33 1 3100
0 wait 225 1 3300
0 irecv 1 1100 200 0
0 irecv 3 1300 200 0
0 send 1 1300 16 0
0 send 3 1100 16 0
0 wait 2 1 1100
0 wait 4 1 1300
0 irecv 4 2100 200 0
0 irecv 28 2300 200 0
0 send 4 2300 40 0
0 send 28 2100 40 0
0 wait 5 1 2100
0 wait 29 1 2300
0 irecv 32 3100 200 0
0 irecv 224 3300 200 0
0 send 32 3300 60 0
0 send 224 3100 60 0
0 wait 33 1 3100
0 wait 225 1 3300
0 irecv 1 1100 200 0
0 irecv 3 1300 200 0
0 send 1 1300 16 0
0 send 3 1100 16 0
0 wait 2 1 1100
0 wait 4 1 1300
0 irecv 4 2100 200 0
0 irecv 28 2300 200 0
0 send 4 2300 40 0
0 send 28 2100 40 0
0 wait 5 1 2100
0 wait 29 1 2300
0 irecv 32 3100 200 0
0 irecv 224 3300 200 0
0 send 32 3300 60 0
0 send 224 3100 60 0
0 wait 33 1 3100
0 wait 225 1 3300
0 barrier
0 allreduce 1 0 0 
0 allreduce 4 0 1 
0 allreduce 1 0 0 
0 allreduce 4 0 1 
0 allreduce 1 0 0 
0 allreduce 4 0 1 
0 allreduce 1 0 0 
0 allreduce 4 0 1 
0 allreduce 1 0 0 
0 allreduce 4 0 1 
0 allreduce 1 0 0 
0 allreduce 4 0 1 
0 allreduce 1 0 0 
0 allreduce 4 0 1 
0 allreduce 1 0 0 
0 allreduce 4 0 1 
0 allreduce 1 0 0 
0 allreduce 4 0 1 
0 allreduce 1 0 0 
0 allreduce 4 0 1 
0 allreduce 1 0 0 
0 allreduce 4 0 1 
0 allreduce 1 0 0 
0 allreduce 4 0 1 
0 allreduce 1 0 0 
0 allreduce 4 0 1 
0 allreduce 1 0 0 
0 allreduce 4 0 1 
0 allreduce 1 0 0 
0 allreduce 4 0 1 
0 allreduce 1 0 0 
0 allreduce 4 0 1 
0 allreduce 1 0 0 
0 allreduce 4 0 1 
0 allreduce 1 0 0 
0 allreduce 4 0 1 
0 allreduce 1 0 0 
0 allreduce 4 0 1 
0 allreduce 1 0 0 
0 allreduce 4 0 1 
0 barrier
0 irecv 1 1100 200 0
0 irecv 3 1300 200 0
0 send 1 1300 16 0
0 send 3 1100 16 0
0 wait 2 1 1100
0 wait 4 1 1300
0 irecv 4 2100 200 0
0 irecv 28 2300 200 0
0 send 4 2300 40 0
0 send 28 2100 40 0
0 wait 5 1 2100
0 wait 29 1 2300
0 irecv 32 3100 200 0
0 irecv 224 3300 200 0
0 send 32 3300 60 0
0 send 224 3100 60 0
0 wait 33 1 3100
0 wait 225 1 3300
0 barrier
0 irecv 1 1100 200 0
0 irecv 3 1300 200 0
0 send 1 1300 16 0
0 send 3 1100 16 0
0 wait 2 1 1100
0 wait 4 1 1300
0 irecv 4 2100 200 0
0 irecv 28 2300 200 0
0 send 4 2300 40 0
0 send 28 2100 40 0
0 wait 5 1 2100
0 wait 29 1 2300
0 irecv 32 3100 200 0
0 irecv 224 3300 200 0
0 send 32 3300 60 0
0 send 224 3100 60 0
0 wait 33 1 3100
0 wait 225 1 3300
0 allreduce 1 0 0 
0 allreduce 1 0 0 
0 irecv 1 1100 200 0
0 irecv 3 1300 200 0
0 send 1 1300 4 0
0 send 3 1100 4 0
0 wait 2 1 1100
0 wait 4 1 1300
0 irecv 4 2100 200 0
0 irecv 28 2300 200 0
0 send 4 2300 12 0
0 send 28 2100 12 0
0 wait 5 1 2100
0 wait 29 1 2300
0 irecv 32 3100 200 0
0 irecv 224 3300 200 0
0 send 32 3300 24 0
0 send 224 3100 24 0
0 wait 33 1 3100
0 wait 225 1 3300
0 irecv 1 1100 200 0
0 irecv 3 1300 200 0
0 send 1 1300 1 0
0 send 3 1100 1 0
0 wait 2 1 1100
0 wait 4 1 1300
0 irecv 4 2100 200 0
0 irecv 28 2300 200 0
0 send 4 2300 4 0
0 send 28 2100 4 0
0 wait 5 1 2100
0 wait 29 1 2300
0 irecv 32 3100 200 0
0 irecv 224 3300 200 0
0 send 32 3300 12 0
0 send 224 3100 12 0
0 wait 33 1 3100
0 wait 225 1 3300
0 irecv 1 1100 200 0
0 irecv 3 1300 200 0
0 wait 2 1 1100
0 wait 4 1 1300
0 irecv 4 2100 200 0
0 irecv 28 2300 200 0
0 wait 5 1 2100
0 wait 29 1 2300
0 irecv 32 3100 200 0
0 irecv 224 3300 200 0
0 wait 33 1 3100
0 wait 225 1 3300
0 irecv 1 1100 200 0
0 irecv 3 1300 200 0
0 send 1 1300 1 0
0 send 3 1100 1 0
0 wait 2 1 1100
0 wait 4 1 1300
0 irecv 4 2100 200 0
0 irecv 28 2300 200 0
0 send 4 2300 4 0
0 send 28 2100 4 0
0 wait 5 1 2100
0 wait 29 1 2300
0 irecv 32 3100 200 0
0 irecv 224 3300 200 0
0 send 32 3300 12 0
0 send 224 3100 12 0
0 wait 33 1 3100
0 wait 225 1 3300
0 irecv 1 1100 200 0
0 irecv 3 1300 200 0
0 send 1 1300 1 0
0 send 3 1100 1 0
0 wait 2 1 1100
0 wait 4 1 1300
0 irecv 4 2100 200 0
0 irecv 28 2300 200 0
0 send 4 2300 4 0
0 send 28 2100 4 0
0 wait 5 1 2100
0 wait 29 1 2300
0 irecv 32 3100 200 0
0 irecv 224 3300 200 0
0 send 32 3300 12 0
0 send 224 3100 12 0
0 wait 33 1 3100
0 wait 225 1 3300
0 irecv 1 1100 200 0
0 irecv 3 1300 200 0
0 send 1 1300 4 0
0 send 3 1100 4 0
0 wait 2 1 1100
0 wait 4 1 1300
0 irecv 4 2100 200 0
0 irecv 28 2300 200 0
0 send 4 2300 12 0
0 send 28 2100 12 0
0 wait 5 1 2100
0 wait 29 1 2300
0 irecv 32 3100 200 0
0 irecv 224 3300 200 0
0 send 32 3300 24 0
0 send 224 3100 24 0
0 wait 33 1 3100
0 wait 225 1 3300
0 irecv 1 1100 200 0
0 irecv 3 1300 200 0
0 send 1 1300 4 0
0 send 3 1100 4 0
0 wait 2 1 1100
0 wait 4 1 1300
0 irecv 4 2100 200 0
0 irecv 28 2300 200 0
0 send 4 2300 12 0
0 send 28 2100 12 0
0 wait 5 1 2100
0 wait 29 1 2300
0 irecv 32 3100 200 0
0 irecv 224 3300 200 0
0 send 32 3300 24 0
0 send 224 3100 24 0
0 wait 33 1 3100
0 wait 225 1 3300
0 irecv 1 1100 200 0
0 irecv 3 1300 200 0
0 send 1 1300 16 0
0 send 3 1100 16 0
0 wait 2 1 1100
0 wait 4 1 1300
0 irecv 4 2100 200 0
0 irecv 28 2300 200 0
0 send 4 2300 40 0
0 send 28 2100 40 0
0 wait 5 1 2100
0 wait 29 1 2300
0 irecv 32 3100 200 0
0 irecv 224 3300 200 0
0 send 32 3300 60 0
0 send 224 3100 60 0
0 wait 33 1 3100
0 wait 225 1 3300
0 irecv 1 1100 200 0
0 irecv 3 1300 200 0
0 send 1 1300 16 0
0 send 3 1100 16 0
0 wait 2 1 1100
0 wait 4 1 1300
0 irecv 4 2100 200 0
0 irecv 28 2300 200 0
0 send 4 2300 40 0
0 send 28 2100 40 0
0 wait 5 1 2100
0 wait 29 1 2300
0 irecv 32 3100 200 0
0 irecv 224 3300 200 0
0 send 32 3300 60 0
0 send 224 3100 60 0
0 wait 33 1 3100
0 wait 225 1 3300
0 irecv 1 1100 200 0
0 irecv 3 1300 200 0
0 send 1 1300 16 0
0 send 3 1100 16 0
0 wait 2 1 1100
0 wait 4 1 1300
0 irecv 4 2100 200 0
0 irecv 28 2300 200 0
0 send 4 2300 40 0
0 send 28 2100 40 0
0 wait 5 1 2100
0 wait 29 1 2300
0 irecv 32 3100 200 0
0 irecv 224 3300 200 0
0 send 32 3300 60 0
0 send 224 3100 60 0
0 wait 33 1 3100
0 wait 225 1 3300
0 irecv 1 1100 200 0
0 irecv 3 1300 200 0
0 send 1 1300 4 0
0 send 3 1100 4 0
0 wait 2 1 1100
0 wait 4 1 1300
0 irecv 4 2100 200 0
0 irecv 28 2300 200 0
0 send 4 2300 12 0
0 send 28 2100 12 0
0 wait 5 1 2100
0 wait 29 1 2300
0 irecv 32 3100 200 0
0 irecv 224 3300 200 0
0 send 32 3300 24 0
0 send 224 3100 24 0
0 wait 33 1 3100
0 wait 225 1 3300
0 irecv 1 1100 200 0
0 irecv 3 1300 200 0
0 send 1 1300 1 0
0 send 3 1100 1 0
0 wait 2 1 1100
0 wait 4 1 1300
0 irecv 4 2100 200 0
0 irecv 28 2300 200 0
0 send 4 2300 4 0
0 send 28 2100 4 0
0 wait 5 1 2100
0 wait 29 1 2300
0 irecv 32 3100 200 0
0 irecv 224 3300 200 0
0 send 32 3300 12 0
0 send 224 3100 12 0
0 wait 33 1 3100
0 wait 225 1 3300
0 irecv 1 1100 200 0
0 irecv 3 1300 200 0
0 wait 2 1 1100
0 wait 4 1 1300
0 irecv 4 2100 200 0
0 irecv 28 2300 200 0
0 wait 5 1 2100
0 wait 29 1 2300
0 irecv 32 3100 200 0
0 irecv 224 3300 200 0
0 wait 33 1 3100
0 wait 225 1 3300
0 irecv 1 1100 200 0
0 irecv 3 1300 200 0
0 send 1 1300 1 0
0 send 3 1100 1 0
0 wait 2 1 1100
0 wait 4 1 1300
0 irecv 4 2100 200 0
0 irecv 28 2300 200 0
0 send 4 2300 4 0
0 send 28 2100 4 0
0 wait 5 1 2100
0 wait 29 1 2300
0 irecv 32 3100 200 0
0 irecv 224 3300 200 0
0 send 32 3300 12 0
0 send 224 3100 12 0
0 wait 33 1 3100
0 wait 225 1 3300
0 irecv 1 1100 200 0
0 irecv 3 1300 200 0
0 send 1 1300 1 0
0 send 3 1100 1 0
0 wait 2 1 1100
0 wait 4 1 1300
0 irecv 4 2100 200 0
0 irecv 28 2300 200 0
0 send 4 2300 4 0
0 send 28 2100 4 0
0 wait 5 1 2100
0 wait 29 1 2300
0 irecv 32 3100 200 0
0 irecv 224 3300 200 0
0 send 32 3300 12 0
0 send 224 3100 12 0
0 wait 33 1 3100
0 wait 225 1 3300
0 irecv 1 1100 200 0
0 irecv 3 1300 200 0
0 send 1 1300 4 0
0 send 3 1100 4 0
0 wait 2 1 1100
0 wait 4 1 1300
0 irecv 4 2100 200 0
0 irecv 28 2300 200 0
0 send 4 2300 12 0
0 send 28 2100 12 0
0 wait 5 1 2100
0 wait 29 1 2300
0 irecv 32 3100 200 0
0 irecv 224 3300 200 0
0 send 32 3300 24 0
0 send 224 3100 24 0
0 wait 33 1 3100
0 wait 225 1 3300
0 irecv 1 1100 200 0
0 irecv 3 1300 200 0
0 send 1 1300 4 0
0 send 3 1100 4 0
0 wait 2 1 1100
0 wait 4 1 1300
0 irecv 4 2100 200 0
0 irecv 28 2300 200 0
0 send 4 2300 12 0
0 send 28 2100 12 0
0 wait 5 1 2100
0 wait 29 1 2300
0 irecv 32 3100 200 0
0 irecv 224 3300 200 0
0 send 32 3300 24 0
0 send 224 3100 24 0
0 wait 33 1 3100
0 wait 225 1 3300
0 irecv 1 1100 200 0
0 irecv 3 1300 200 0
0 send 1 1300 16 0
0 send 3 1100 16 0
0 wait 2 1 1100
0 wait 4 1 1300
0 irecv 4 2100 200 0
0 irecv 28 2300 200 0
0 send 4 2300 40 0
0 send 28 2100 40 0
0 wait 5 1 2100
0 wait 29 1 2300
0 irecv 32 3100 200 0
0 irecv 224 3300 200 0
0 send 32 3300 60 0
0 send 224 3100 60 0
0 wait 33 1 3100
0 wait 225 1 3300
0 irecv 1 1100 200 0
0 irecv 3 1300 200 0
0 send 1 1300 16 0
0 send 3 1100 16 0
0 wait 2 1 1100
0 wait 4 1 1300
0 irecv 4 2100 200 0
0 irecv 28 2300 200 0
0 send 4 2300 40 0
0 send 28 2100 40 0
0 wait 5 1 2100
0 wait 29 1 2300
0 irecv 32 3100 200 0
0 irecv 224 3300 200 0
0 send 32 3300 60 0
0 send 224 3100 60 0
0 wait 33 1 3100
0 wait 225 1 3300
0 irecv 1 1100 200 0
0 irecv 3 1300 200 0
0 send 1 1300 16 0
0 send 3 1100 16 0
0 wait 2 1 1100
0 wait 4 1 1300
0 irecv 4 2100 200 0
0 irecv 28 2300 200 0
0 send 4 2300 40 0
0 send 28 2100 40 0
0 wait 5 1 2100
0 wait 29 1 2300
0 irecv 32 3100 200 0
0 irecv 224 3300 200 0
0 send 32 3300 60 0
0 send 224 3100 60 0
0 wait 33 1 3100
0 wait 225 1 3300
0 irecv 1 1100 200 0
0 irecv 3 1300 200 0
0 send 1 1300 4 0
0 send 3 1100 4 0
0 wait 2 1 1100
0 wait 4 1 1300
0 irecv 4 2100 200 0
0 irecv 28 2300 200 0
0 send 4 2300 12 0
0 send 28 2100 12 0
0 wait 5 1 2100
0 wait 29 1 2300
0 irecv 32 3100 200 0
0 irecv 224 3300 200 0
0 send 32 3300 24 0
0 send 224 3100 24 0
0 wait 33 1 3100
0 wait 225 1 3300
0 irecv 1 1100 200 0
0 irecv 3 1300 200 0
0 send 1 1300 1 0
0 send 3 1100 1 0
0 wait 2 1 1100
0 wait 4 1 1300
0 irecv 4 2100 200 0
0 irecv 28 2300 200 0
0 send 4 2300 4 0
0 send 28 2100 4 0
0 wait 5 1 2100
0 wait 29 1 2300
0 irecv 32 3100 200 0
0 irecv 224 3300 200 0
0 send 32 3300 12 0
0 send 224 3100 12 0
0 wait 33 1 3100
0 wait 225 1 3300
0 irecv 1 1100 200 0
0 irecv 3 1300 200 0
0 wait 2 1 1100
0 wait 4 1 1300
0 irecv 4 2100 200 0
0 irecv 28 2300 200 0
0 wait 5 1 2100
0 wait 29 1 2300
0 irecv 32 3100 200 0
0 irecv 224 3300 200 0
0 wait 33 1 3100
0 wait 225 1 3300
0 irecv 1 1100 200 0
0 irecv 3 1300 200 0
0 send 1 1300 1 0
0 send 3 1100 1 0
0 wait 2 1 1100
0 wait 4 1 1300
0 irecv 4 2100 200 0
0 irecv 28 2300 200 0
0 send 4 2300 4 0
0 send 28 2100 4 0
0 wait 5 1 2100
0 wait 29 1 2300
0 irecv 32 3100 200 0
0 irecv 224 3300 200 0
0 send 32 3300 12 0
0 send 224 3100 12 0
0 wait 33 1 3100
0 wait 225 1 3300
0 irecv 1 1100 200 0
0 irecv 3 1300 200 0
0 send 1 1300 1 0
0 send 3 1100 1 0
0 wait 2 1 1100
0 wait 4 1 1300
0 irecv 4 2100 200 0
0 irecv 28 2300 200 0
0 send 4 2300 4 0
0 send 28 2100 4 0
0 wait 5 1 2100
0 wait 29 1 2300
0 irecv 32 3100 200 0
0 irecv 224 3300 200 0
0 send 32 3300 12 0
0 send 224 3100 12 0
0 wait 33 1 3100
0 wait 225 1 3300
0 irecv 1 1100 200 0
0 irecv 3 1300 200 0
0 send 1 1300 4 0
0 send 3 1100 4 0
0 wait 2 1 1100
0 wait 4 1 1300
0 irecv 4 2100 200 0
0 irecv 28 2300 200 0
0 send 4 2300 12 0
0 send 28 2100 12 0
0 wait 5 1 2100
0 wait 29 1 2300
0 irecv 32 3100 200 0
0 irecv 224 3300 200 0
0 send 32 3300 24 0
0 send 224 3100 24 0
0 wait 33 1 3100
0 wait 225 1 3300
0 irecv 1 1100 200 0
0 irecv 3 1300 200 0
0 send 1 1300 4 0
0 send 3 1100 4 0
0 wait 2 1 1100
0 wait 4 1 1300
0 irecv 4 2100 200 0
0 irecv 28 2300 200 0
0 send 4 2300 12 0
0 send 28 2100 12 0
0 wait 5 1 2100
0 wait 29 1 2300
0 irecv 32 3100 200 0
0 irecv 224 3300 200 0
0 send 32 3300 24 0
0 send 224 3100 24 0
0 wait 33 1 3100
0 wait 225 1 3300
0 irecv 1 1100 200 0
0 irecv 3 1300 200 0
0 send 1 1300 16 0
0 send 3 1100 16 0
0 wait 2 1 1100
0 wait 4 1 1300
0 irecv 4 2100 200 0
0 irecv 28 2300 200 0
0 send 4 2300 40 0
0 send 28 2100 40 0
0 wait 5 1 2100
0 wait 29 1 2300
0 irecv 32 3100 200 0
0 irecv 224 3300 200 0
0 send 32 3300 60 0
0 send 224 3100 60 0
0 wait 33 1 3100
0 wait 225 1 3300
0 irecv 1 1100 200 0
0 irecv 3 1300 200 0
0 send 1 1300 16 0
0 send 3 1100 16 0
0 wait 2 1 1100
0 wait 4 1 1300
0 irecv 4 2100 200 0
0 irecv 28 2300 200 0
0 send 4 2300 40 0
0 send 28 2100 40 0
0 wait 5 1 2100
0 wait 29 1 2300
0 irecv 32 3100 200 0
0 irecv 224 3300 200 0
0 send 32 3300 60 0
0 send 224 3100 60 0
0 wait 33 1 3100
0 wait 225 1 3300
0 irecv 1 1100 200 0
0 irecv 3 1300 200 0
0 send 1 1300 16 0
0 send 3 1100 16 0
0 wait 2 1 1100
0 wait 4 1 1300
0 irecv 4 2100 200 0
0 irecv 28 2300 200 0
0 send 4 2300 40 0
0 send 28 2100 40 0
0 wait 5 1 2100
0 wait 29 1 2300
0 irecv 32 3100 200 0
0 irecv 224 3300 200 0
0 send 32 3300 60 0
0 send 224 3100 60 0
0 wait 33 1 3100
0 wait 225 1 3300
0 compute 312.5
0 irecv 1 1100 200 0
0 irecv 3 1300 200 0
0 send 1 1300 4 0
0 send 3 1100 4 0
0 wait 2 1 1100
0 wait 4 1 1300
0 irecv 4 2100 200 0
0 irecv 28 2300 200 0
0 send 4 2300 12 0
0 send 28 2100 12 0
0 wait 5 1 2100
0 wait 29 1 2300
0 irecv 32 3100 200 0
0 irecv 224 3300 200 0
0 send 32 3300 24 0
0 send 224 3100 24 0
0 wait 33 1 3100
0 wait 225 1 3300
0 irecv 1 1100 200 0
0 irecv 3 1300 200 0
0 send 1 1300 1 0
0 send 3 1100 1 0
0 wait 2 1 1100
0 wait 4 1 1300
0 irecv 4 2100 200 0
0 irecv 28 2300 200 0
0 send 4 2300 4 0
0 send 28 2100 4 0
0 wait 5 1 2100
0 wait 29 1 2300
0 irecv 32 3100 200 0
0 irecv 224 3300 200 0
0 send 32 3300 12 0
0 send 224 3100 12 0
0 wait 33 1 3100
0 wait 225 1 3300
0 irecv 1 1100 200 0
0 irecv 3 1300 200 0
0 wait 2 1 1100
0 wait 4 1 1300
0 irecv 4 2100 200 0
0 irecv 28 2300 200 0
0 wait 5 1 2100
0 wait 29 1 2300
0 irecv 32 3100 200 0
0 irecv 224 3300 200 0
0 wait 33 1 3100
0 wait 225 1 3300
0 irecv 1 1100 200 0
0 irecv 3 1300 200 0
0 send 1 1300 1 0
0 send 3 1100 1 0
0 wait 2 1 1100
0 wait 4 1 1300
0 irecv 4 2100 200 0
0 irecv 28 2300 200 0
0 send 4 2300 4 0
0 send 28 2100 4 0
0 wait 5 1 2100
0 wait 29 1 2300
0 irecv 32 3100 200 0
0 irecv 224 3300 200 0
0 send 32 3300 12 0
0 send 224 3100 12 0
0 wait 33 1 3100
0 wait 225 1 3300
0 irecv 1 1100 200 0
0 irecv 3 1300 200 0
0 send 1 1300 1 0
0 send 3 1100 1 0
0 wait 2 1 1100
0 wait 4 1 1300
0 irecv 4 2100 200 0
0 irecv 28 2300 200 0
0 send 4 2300 4 0
0 send 28 2100 4 0
0 wait 5 1 2100
0 wait 29 1 2300
0 irecv 32 3100 200 0
0 irecv 224 3300 200 0
0 send 32 3300 12 0
0 send 224 3100 12 0
0 wait 33 1 3100
0 wait 225 1 3300
0 irecv 1 1100 200 0
0 irecv 3 1300 200 0
0 send 1 1300 4 0
0 send 3 1100 4 0
0 wait 2 1 1100
0 wait 4 1 1300
0 irecv 4 2100 200 0
0 irecv 28 2300 200 0
0 send 4 2300 12 0
0 send 28 2100 12 0
0 wait 5 1 2100
0 wait 29 1 2300
0 irecv 32 3100 200 0
0 irecv 224 3300 200 0
0 send 32 3300 24 0
0 send 224 3100 24 0
0 wait 33 1 3100
0 wait 225 1 3300
0 irecv 1 1100 200 0
0 irecv 3 1300 200 0
0 send 1 1300 4 0
0 send 3 1100 4 0
0 wait 2 1 1100
0 wait 4 1 1300
0 irecv 4 2100 200 0
0 irecv 28 2300 200 0
0 send 4 2300 12 0
0 send 28 2100 12 0
0 wait 5 1 2100
0 wait 29 1 2300
0 irecv 32 3100 200 0
0 irecv 224 3300 200 0
0 send 32 3300 24 0
0 send 224 3100 24 0
0 wait 33 1 3100
0 wait 225 1 3300
0 irecv 1 1100 200 0
0 irecv 3 1300 200 0
0 send 1 1300 16 0
0 send 3 1100 16 0
0 wait 2 1 1100
0 wait 4 1 1300
0 irecv 4 2100 200 0
0 irecv 28 2300 200 0
0 send 4 2300 40 0
0 send 28 2100 40 0
0 wait 5 1 2100
0 wait 29 1 2300
0 irecv 32 3100 200 0
0 irecv 224 3300 200 0
0 send 32 3300 60 0
0 send 224 3100 60 0
0 wait 33 1 3100
0 wait 225 1 3300
0 irecv 1 1100 200 0
0 irecv 3 1300 200 0
0 send 1 1300 16 0
0 send 3 1100 16 0
0 wait 2 1 1100
0 wait 4 1 1300
0 irecv 4 2100 200 0
0 irecv 28 2300 200 0
0 send 4 2300 40 0
0 send 28 2100 40 0
0 wait 5 1 2100
0 wait 29 1 2300
0 irecv 32 3100 200 0
0 irecv 224 3300 200 0
0 send 32 3300 60 0
0 send 224 3100 60 0
0 wait 33 1 3100
0 wait 225 1 3300
0 irecv 1 1100 200 0
0 irecv 3 1300 200 0
0 send 1 1300 16 0
0 send 3 1100 16 0
0 wait 2 1 1100
0 wait 4 1 1300
0 irecv 4 2100 200 0
0 irecv 28 2300 200 0
0 send 4 2300 40 0
0 send 28 2100 40 0
0 wait 5 1 2100
0 wait 29 1 2300
0 irecv 32 3100 200 0
0 irecv 224 3300 200 0
0 send 32 3300 60 0
0 send 224 3100 60 0
0 wait 33 1 3100
0 wait 225 1 3300
0 allreduce 1 0 0 
0 allreduce 1 0 0 
0 reduce 1 0 0 0 
0 finalize
