234 init
234 barrier
234 bcast 1 0 1 
234 bcast 1 0 1 
234 bcast 1 0 1 
234 bcast 1 0 1 
234 bcast 1 0 1 
234 bcast 8 0 1 
234 bcast 1 0 16 
234 barrier
234 allreduce 1 0 0 
234 allreduce 4 0 1 
234 allreduce 1 0 0 
234 allreduce 4 0 1 
234 allreduce 1 0 0 
234 allreduce 4 0 1 
234 allreduce 1 0 0 
234 allreduce 4 0 1 
234 allreduce 1 0 0 
234 allreduce 4 0 1 
234 allreduce 1 0 0 
234 allreduce 4 0 1 
234 allreduce 1 0 0 
234 allreduce 4 0 1 
234 allreduce 1 0 0 
234 allreduce 4 0 1 
234 allreduce 1 0 0 
234 allreduce 4 0 1 
234 allreduce 1 0 0 
234 allreduce 4 0 1 
234 allreduce 1 0 0 
234 allreduce 4 0 1 
234 allreduce 1 0 0 
234 allreduce 4 0 1 
234 allreduce 1 0 0 
234 allreduce 4 0 1 
234 allreduce 1 0 0 
234 allreduce 4 0 1 
234 allreduce 1 0 0 
234 allreduce 4 0 1 
234 allreduce 1 0 0 
234 allreduce 4 0 1 
234 allreduce 1 0 0 
234 allreduce 4 0 1 
234 allreduce 1 0 0 
234 allreduce 4 0 1 
234 allreduce 1 0 0 
234 allreduce 4 0 1 
234 allreduce 1 0 0 
234 allreduce 4 0 1 
234 barrier
234 irecv 235 1100 200 0
234 irecv 233 1300 200 0
234 send 235 1300 16 0
234 send 233 1100 16 0
234 wait 236 235 1100
234 wait 234 235 1300
234 irecv 238 2100 200 0
234 irecv 230 2300 200 0
234 send 238 2300 40 0
234 send 230 2100 40 0
234 wait 239 235 2100
234 wait 231 235 2300
234 irecv 10 3100 200 0
234 irecv 202 3300 200 0
234 send 10 3300 60 0
234 send 202 3100 60 0
234 wait 11 235 3100
234 wait 203 235 3300
234 allreduce 1 0 0 
234 allreduce 1 0 0 
234 irecv 235 1100 200 0
234 irecv 233 1300 200 0
234 send 235 1300 16 0
234 send 233 1100 16 0
234 wait 236 235 1100
234 wait 234 235 1300
234 irecv 238 2100 200 0
234 irecv 230 2300 200 0
234 send 238 2300 40 0
234 send 230 2100 40 0
234 wait 239 235 2100
234 wait 231 235 2300
234 irecv 10 3100 200 0
234 irecv 202 3300 200 0
234 send 10 3300 60 0
234 send 202 3100 60 0
234 wait 11 235 3100
234 wait 203 235 3300
234 allreduce 1 0 0 
234 allreduce 1 0 0 
234 irecv 235 1100 200 0
234 irecv 233 1300 200 0
234 send 235 1300 4 0
234 send 233 1100 4 0
234 wait 236 235 1100
234 wait 234 235 1300
234 irecv 238 2100 200 0
234 irecv 230 2300 200 0
234 send 238 2300 12 0
234 send 230 2100 12 0
234 wait 239 235 2100
234 wait 231 235 2300
234 irecv 10 3100 200 0
234 irecv 202 3300 200 0
234 send 10 3300 24 0
234 send 202 3100 24 0
234 wait 11 235 3100
234 wait 203 235 3300
234 irecv 235 1100 200 0
234 irecv 233 1300 200 0
234 send 235 1300 1 0
234 send 233 1100 1 0
234 wait 236 235 1100
234 wait 234 235 1300
234 irecv 238 2100 200 0
234 irecv 230 2300 200 0
234 send 238 2300 4 0
234 send 230 2100 4 0
234 wait 239 235 2100
234 wait 231 235 2300
234 irecv 10 3100 200 0
234 irecv 202 3300 200 0
234 send 10 3300 12 0
234 send 202 3100 12 0
234 wait 11 235 3100
234 wait 203 235 3300
234 irecv 235 1100 200 0
234 irecv 233 1300 200 0
234 wait 236 235 1100
234 wait 234 235 1300
234 send 42 3300 12 0
234 send 170 3100 6 0
234 irecv 238 2100 200 0
234 irecv 230 2300 200 0
234 wait 239 235 2100
234 wait 231 235 2300
234 send 10 3300 24 0
234 send 202 3100 12 0
234 irecv 235 1100 200 0
234 irecv 233 1300 200 0
234 send 235 1300 1 0
234 send 233 1100 1 0
234 wait 236 235 1100
234 wait 234 235 1300
234 irecv 238 2100 200 0
234 irecv 230 2300 200 0
234 send 238 2300 4 0
234 send 230 2100 4 0
234 wait 239 235 2100
234 wait 231 235 2300
234 irecv 10 3100 200 0
234 irecv 202 3300 200 0
234 send 10 3300 12 0
234 send 202 3100 12 0
234 wait 11 235 3100
234 wait 203 235 3300
234 irecv 235 1100 200 0
234 irecv 233 1300 200 0
234 send 235 1300 1 0
234 send 233 1100 1 0
234 wait 236 235 1100
234 wait 234 235 1300
234 irecv 238 2100 200 0
234 irecv 230 2300 200 0
234 send 238 2300 4 0
234 send 230 2100 4 0
234 wait 239 235 2100
234 wait 231 235 2300
234 irecv 10 3100 200 0
234 irecv 202 3300 200 0
234 send 10 3300 12 0
234 send 202 3100 12 0
234 wait 11 235 3100
234 wait 203 235 3300
234 irecv 235 1100 200 0
234 irecv 233 1300 200 0
234 send 235 1300 4 0
234 send 233 1100 4 0
234 wait 236 235 1100
234 wait 234 235 1300
234 irecv 238 2100 200 0
234 irecv 230 2300 200 0
234 send 238 2300 12 0
234 send 230 2100 12 0
234 wait 239 235 2100
234 wait 231 235 2300
234 irecv 10 3100 200 0
234 irecv 202 3300 200 0
234 send 10 3300 24 0
234 send 202 3100 24 0
234 wait 11 235 3100
234 wait 203 235 3300
234 irecv 235 1100 200 0
234 irecv 233 1300 200 0
234 send 235 1300 4 0
234 send 233 1100 4 0
234 wait 236 235 1100
234 wait 234 235 1300
234 irecv 238 2100 200 0
234 irecv 230 2300 200 0
234 send 238 2300 12 0
234 send 230 2100 12 0
234 wait 239 235 2100
234 wait 231 235 2300
234 irecv 10 3100 200 0
234 irecv 202 3300 200 0
234 send 10 3300 24 0
234 send 202 3100 24 0
234 wait 11 235 3100
234 wait 203 235 3300
234 irecv 235 1100 200 0
234 irecv 233 1300 200 0
234 send 235 1300 16 0
234 send 233 1100 16 0
234 wait 236 235 1100
234 wait 234 235 1300
234 irecv 238 2100 200 0
234 irecv 230 2300 200 0
234 send 238 2300 40 0
234 send 230 2100 40 0
234 wait 239 235 2100
234 wait 231 235 2300
234 irecv 10 3100 200 0
234 irecv 202 3300 200 0
234 send 10 3300 60 0
234 send 202 3100 60 0
234 wait 11 235 3100
234 wait 203 235 3300
234 irecv 235 1100 200 0
234 irecv 233 1300 200 0
234 send 235 1300 16 0
234 send 233 1100 16 0
234 wait 236 235 1100
234 wait 234 235 1300
234 irecv 238 2100 200 0
234 irecv 230 2300 200 0
234 send 238 2300 40 0
234 send 230 2100 40 0
234 wait 239 235 2100
234 wait 231 235 2300
234 irecv 10 3100 200 0
234 irecv 202 3300 200 0
234 send 10 3300 60 0
234 send 202 3100 60 0
234 wait 11 235 3100
234 wait 203 235 3300
234 irecv 235 1100 200 0
234 irecv 233 1300 200 0
234 send 235 1300 16 0
234 send 233 1100 16 0
234 wait 236 235 1100
234 wait 234 235 1300
234 irecv 238 2100 200 0
234 irecv 230 2300 200 0
234 send 238 2300 40 0
234 send 230 2100 40 0
234 wait 239 235 2100
234 wait 231 235 2300
234 irecv 10 3100 200 0
234 irecv 202 3300 200 0
234 send 10 3300 60 0
234 send 202 3100 60 0
234 wait 11 235 3100
234 wait 203 235 3300
234 barrier
234 allreduce 1 0 0 
234 allreduce 4 0 1 
234 allreduce 1 0 0 
234 allreduce 4 0 1 
234 allreduce 1 0 0 
234 allreduce 4 0 1 
234 allreduce 1 0 0 
234 allreduce 4 0 1 
234 allreduce 1 0 0 
234 allreduce 4 0 1 
234 allreduce 1 0 0 
234 allreduce 4 0 1 
234 allreduce 1 0 0 
234 allreduce 4 0 1 
234 allreduce 1 0 0 
234 allreduce 4 0 1 
234 allreduce 1 0 0 
234 allreduce 4 0 1 
234 allreduce 1 0 0 
234 allreduce 4 0 1 
234 allreduce 1 0 0 
234 allreduce 4 0 1 
234 allreduce 1 0 0 
234 allreduce 4 0 1 
234 allreduce 1 0 0 
234 allreduce 4 0 1 
234 allreduce 1 0 0 
234 allreduce 4 0 1 
234 allreduce 1 0 0 
234 allreduce 4 0 1 
234 allreduce 1 0 0 
234 allreduce 4 0 1 
234 allreduce 1 0 0 
234 allreduce 4 0 1 
234 allreduce 1 0 0 
234 allreduce 4 0 1 
234 allreduce 1 0 0 
234 allreduce 4 0 1 
234 allreduce 1 0 0 
234 allreduce 4 0 1 
234 barrier
234 irecv 235 1100 200 0
234 irecv 233 1300 200 0
234 send 235 1300 16 0
234 send 233 1100 16 0
234 wait 236 235 1100
234 wait 234 235 1300
234 irecv 238 2100 200 0
234 irecv 230 2300 200 0
234 send 238 2300 40 0
234 send 230 2100 40 0
234 wait 239 235 2100
234 wait 231 235 2300
234 irecv 10 3100 200 0
234 irecv 202 3300 200 0
234 send 10 3300 60 0
234 send 202 3100 60 0
234 wait 11 235 3100
234 wait 203 235 3300
234 barrier
234 irecv 235 1100 200 0
234 irecv 233 1300 200 0
234 send 235 1300 16 0
234 send 233 1100 16 0
234 wait 236 235 1100
234 wait 234 235 1300
234 irecv 238 2100 200 0
234 irecv 230 2300 200 0
234 send 238 2300 40 0
234 send 230 2100 40 0
234 wait 239 235 2100
234 wait 231 235 2300
234 irecv 10 3100 200 0
234 irecv 202 3300 200 0
234 send 10 3300 60 0
234 send 202 3100 60 0
234 wait 11 235 3100
234 wait 203 235 3300
234 allreduce 1 0 0 
234 allreduce 1 0 0 
234 irecv 235 1100 200 0
234 irecv 233 1300 200 0
234 send 235 1300 4 0
234 send 233 1100 4 0
234 wait 236 235 1100
234 wait 234 235 1300
234 irecv 238 2100 200 0
234 irecv 230 2300 200 0
234 send 238 2300 12 0
234 send 230 2100 12 0
234 wait 239 235 2100
234 wait 231 235 2300
234 irecv 10 3100 200 0
234 irecv 202 3300 200 0
234 send 10 3300 24 0
234 send 202 3100 24 0
234 wait 11 235 3100
234 wait 203 235 3300
234 irecv 235 1100 200 0
234 irecv 233 1300 200 0
234 send 235 1300 1 0
234 send 233 1100 1 0
234 wait 236 235 1100
234 wait 234 235 1300
234 irecv 238 2100 200 0
234 irecv 230 2300 200 0
234 send 238 2300 4 0
234 send 230 2100 4 0
234 wait 239 235 2100
234 wait 231 235 2300
234 irecv 10 3100 200 0
234 irecv 202 3300 200 0
234 send 10 3300 12 0
234 send 202 3100 12 0
234 wait 11 235 3100
234 wait 203 235 3300
234 irecv 235 1100 200 0
234 irecv 233 1300 200 0
234 wait 236 235 1100
234 wait 234 235 1300
234 send 42 3300 12 0
234 send 170 3100 6 0
234 irecv 238 2100 200 0
234 irecv 230 2300 200 0
234 wait 239 235 2100
234 wait 231 235 2300
234 send 10 3300 24 0
234 send 202 3100 12 0
234 irecv 235 1100 200 0
234 irecv 233 1300 200 0
234 send 235 1300 1 0
234 send 233 1100 1 0
234 wait 236 235 1100
234 wait 234 235 1300
234 irecv 238 2100 200 0
234 irecv 230 2300 200 0
234 send 238 2300 4 0
234 send 230 2100 4 0
234 wait 239 235 2100
234 wait 231 235 2300
234 irecv 10 3100 200 0
234 irecv 202 3300 200 0
234 send 10 3300 12 0
234 send 202 3100 12 0
234 wait 11 235 3100
234 wait 203 235 3300
234 irecv 235 1100 200 0
234 irecv 233 1300 200 0
234 send 235 1300 1 0
234 send 233 1100 1 0
234 wait 236 235 1100
234 wait 234 235 1300
234 irecv 238 2100 200 0
234 irecv 230 2300 200 0
234 send 238 2300 4 0
234 send 230 2100 4 0
234 wait 239 235 2100
234 wait 231 235 2300
234 irecv 10 3100 200 0
234 irecv 202 3300 200 0
234 send 10 3300 12 0
234 send 202 3100 12 0
234 wait 11 235 3100
234 wait 203 235 3300
234 irecv 235 1100 200 0
234 irecv 233 1300 200 0
234 send 235 1300 4 0
234 send 233 1100 4 0
234 wait 236 235 1100
234 wait 234 235 1300
234 irecv 238 2100 200 0
234 irecv 230 2300 200 0
234 send 238 2300 12 0
234 send 230 2100 12 0
234 wait 239 235 2100
234 wait 231 235 2300
234 irecv 10 3100 200 0
234 irecv 202 3300 200 0
234 send 10 3300 24 0
234 send 202 3100 24 0
234 wait 11 235 3100
234 wait 203 235 3300
234 irecv 235 1100 200 0
234 irecv 233 1300 200 0
234 send 235 1300 4 0
234 send 233 1100 4 0
234 wait 236 235 1100
234 wait 234 235 1300
234 irecv 238 2100 200 0
234 irecv 230 2300 200 0
234 send 238 2300 12 0
234 send 230 2100 12 0
234 wait 239 235 2100
234 wait 231 235 2300
234 irecv 10 3100 200 0
234 irecv 202 3300 200 0
234 send 10 3300 24 0
234 send 202 3100 24 0
234 wait 11 235 3100
234 wait 203 235 3300
234 irecv 235 1100 200 0
234 irecv 233 1300 200 0
234 send 235 1300 16 0
234 send 233 1100 16 0
234 wait 236 235 1100
234 wait 234 235 1300
234 irecv 238 2100 200 0
234 irecv 230 2300 200 0
234 send 238 2300 40 0
234 send 230 2100 40 0
234 wait 239 235 2100
234 wait 231 235 2300
234 irecv 10 3100 200 0
234 irecv 202 3300 200 0
234 send 10 3300 60 0
234 send 202 3100 60 0
234 wait 11 235 3100
234 wait 203 235 3300
234 irecv 235 1100 200 0
234 irecv 233 1300 200 0
234 send 235 1300 16 0
234 send 233 1100 16 0
234 wait 236 235 1100
234 wait 234 235 1300
234 irecv 238 2100 200 0
234 irecv 230 2300 200 0
234 send 238 2300 40 0
234 send 230 2100 40 0
234 wait 239 235 2100
234 wait 231 235 2300
234 irecv 10 3100 200 0
234 irecv 202 3300 200 0
234 send 10 3300 60 0
234 send 202 3100 60 0
234 wait 11 235 3100
234 wait 203 235 3300
234 irecv 235 1100 200 0
234 irecv 233 1300 200 0
234 send 235 1300 16 0
234 send 233 1100 16 0
234 wait 236 235 1100
234 wait 234 235 1300
234 irecv 238 2100 200 0
234 irecv 230 2300 200 0
234 send 238 2300 40 0
234 send 230 2100 40 0
234 wait 239 235 2100
234 wait 231 235 2300
234 irecv 10 3100 200 0
234 irecv 202 3300 200 0
234 send 10 3300 60 0
234 send 202 3100 60 0
234 wait 11 235 3100
234 wait 203 235 3300
234 irecv 235 1100 200 0
234 irecv 233 1300 200 0
234 send 235 1300 4 0
234 send 233 1100 4 0
234 wait 236 235 1100
234 wait 234 235 1300
234 irecv 238 2100 200 0
234 irecv 230 2300 200 0
234 send 238 2300 12 0
234 send 230 2100 12 0
234 wait 239 235 2100
234 wait 231 235 2300
234 irecv 10 3100 200 0
234 irecv 202 3300 200 0
234 send 10 3300 24 0
234 send 202 3100 24 0
234 wait 11 235 3100
234 wait 203 235 3300
234 irecv 235 1100 200 0
234 irecv 233 1300 200 0
234 send 235 1300 1 0
234 send 233 1100 1 0
234 wait 236 235 1100
234 wait 234 235 1300
234 irecv 238 2100 200 0
234 irecv 230 2300 200 0
234 send 238 2300 4 0
234 send 230 2100 4 0
234 wait 239 235 2100
234 wait 231 235 2300
234 irecv 10 3100 200 0
234 irecv 202 3300 200 0
234 send 10 3300 12 0
234 send 202 3100 12 0
234 wait 11 235 3100
234 wait 203 235 3300
234 irecv 235 1100 200 0
234 irecv 233 1300 200 0
234 wait 236 235 1100
234 wait 234 235 1300
234 send 42 3300 12 0
234 send 170 3100 6 0
234 irecv 238 2100 200 0
234 irecv 230 2300 200 0
234 wait 239 235 2100
234 wait 231 235 2300
234 send 10 3300 24 0
234 send 202 3100 12 0
234 irecv 235 1100 200 0
234 irecv 233 1300 200 0
234 send 235 1300 1 0
234 send 233 1100 1 0
234 wait 236 235 1100
234 wait 234 235 1300
234 irecv 238 2100 200 0
234 irecv 230 2300 200 0
234 send 238 2300 4 0
234 send 230 2100 4 0
234 wait 239 235 2100
234 wait 231 235 2300
234 irecv 10 3100 200 0
234 irecv 202 3300 200 0
234 send 10 3300 12 0
234 send 202 3100 12 0
234 wait 11 235 3100
234 wait 203 235 3300
234 irecv 235 1100 200 0
234 irecv 233 1300 200 0
234 send 235 1300 1 0
234 send 233 1100 1 0
234 wait 236 235 1100
234 wait 234 235 1300
234 irecv 238 2100 200 0
234 irecv 230 2300 200 0
234 send 238 2300 4 0
234 send 230 2100 4 0
234 wait 239 235 2100
234 wait 231 235 2300
234 irecv 10 3100 200 0
234 irecv 202 3300 200 0
234 send 10 3300 12 0
234 send 202 3100 12 0
234 wait 11 235 3100
234 wait 203 235 3300
234 irecv 235 1100 200 0
234 irecv 233 1300 200 0
234 send 235 1300 4 0
234 send 233 1100 4 0
234 wait 236 235 1100
234 wait 234 235 1300
234 irecv 238 2100 200 0
234 irecv 230 2300 200 0
234 send 238 2300 12 0
234 send 230 2100 12 0
234 wait 239 235 2100
234 wait 231 235 2300
234 irecv 10 3100 200 0
234 irecv 202 3300 200 0
234 send 10 3300 24 0
234 send 202 3100 24 0
234 wait 11 235 3100
234 wait 203 235 3300
234 irecv 235 1100 200 0
234 irecv 233 1300 200 0
234 send 235 1300 4 0
234 send 233 1100 4 0
234 wait 236 235 1100
234 wait 234 235 1300
234 irecv 238 2100 200 0
234 irecv 230 2300 200 0
234 send 238 2300 12 0
234 send 230 2100 12 0
234 wait 239 235 2100
234 wait 231 235 2300
234 irecv 10 3100 200 0
234 irecv 202 3300 200 0
234 send 10 3300 24 0
234 send 202 3100 24 0
234 wait 11 235 3100
234 wait 203 235 3300
234 irecv 235 1100 200 0
234 irecv 233 1300 200 0
234 send 235 1300 16 0
234 send 233 1100 16 0
234 wait 236 235 1100
234 wait 234 235 1300
234 irecv 238 2100 200 0
234 irecv 230 2300 200 0
234 send 238 2300 40 0
234 send 230 2100 40 0
234 wait 239 235 2100
234 wait 231 235 2300
234 irecv 10 3100 200 0
234 irecv 202 3300 200 0
234 send 10 3300 60 0
234 send 202 3100 60 0
234 wait 11 235 3100
234 wait 203 235 3300
234 irecv 235 1100 200 0
234 irecv 233 1300 200 0
234 send 235 1300 16 0
234 send 233 1100 16 0
234 wait 236 235 1100
234 wait 234 235 1300
234 irecv 238 2100 200 0
234 irecv 230 2300 200 0
234 send 238 2300 40 0
234 send 230 2100 40 0
234 wait 239 235 2100
234 wait 231 235 2300
234 irecv 10 3100 200 0
234 irecv 202 3300 200 0
234 send 10 3300 60 0
234 send 202 3100 60 0
234 wait 11 235 3100
234 wait 203 235 3300
234 irecv 235 1100 200 0
234 irecv 233 1300 200 0
234 send 235 1300 16 0
234 send 233 1100 16 0
234 wait 236 235 1100
234 wait 234 235 1300
234 irecv 238 2100 200 0
234 irecv 230 2300 200 0
234 send 238 2300 40 0
234 send 230 2100 40 0
234 wait 239 235 2100
234 wait 231 235 2300
234 irecv 10 3100 200 0
234 irecv 202 3300 200 0
234 send 10 3300 60 0
234 send 202 3100 60 0
234 wait 11 235 3100
234 wait 203 235 3300
234 irecv 235 1100 200 0
234 irecv 233 1300 200 0
234 send 235 1300 4 0
234 send 233 1100 4 0
234 wait 236 235 1100
234 wait 234 235 1300
234 irecv 238 2100 200 0
234 irecv 230 2300 200 0
234 send 238 2300 12 0
234 send 230 2100 12 0
234 wait 239 235 2100
234 wait 231 235 2300
234 irecv 10 3100 200 0
234 irecv 202 3300 200 0
234 send 10 3300 24 0
234 send 202 3100 24 0
234 wait 11 235 3100
234 wait 203 235 3300
234 irecv 235 1100 200 0
234 irecv 233 1300 200 0
234 send 235 1300 1 0
234 send 233 1100 1 0
234 wait 236 235 1100
234 wait 234 235 1300
234 irecv 238 2100 200 0
234 irecv 230 2300 200 0
234 send 238 2300 4 0
234 send 230 2100 4 0
234 wait 239 235 2100
234 wait 231 235 2300
234 irecv 10 3100 200 0
234 irecv 202 3300 200 0
234 send 10 3300 12 0
234 send 202 3100 12 0
234 wait 11 235 3100
234 wait 203 235 3300
234 irecv 235 1100 200 0
234 irecv 233 1300 200 0
234 wait 236 235 1100
234 wait 234 235 1300
234 send 42 3300 12 0
234 send 170 3100 6 0
234 irecv 238 2100 200 0
234 irecv 230 2300 200 0
234 wait 239 235 2100
234 wait 231 235 2300
234 send 10 3300 24 0
234 send 202 3100 12 0
234 irecv 235 1100 200 0
234 irecv 233 1300 200 0
234 send 235 1300 1 0
234 send 233 1100 1 0
234 wait 236 235 1100
234 wait 234 235 1300
234 irecv 238 2100 200 0
234 irecv 230 2300 200 0
234 send 238 2300 4 0
234 send 230 2100 4 0
234 wait 239 235 2100
234 wait 231 235 2300
234 irecv 10 3100 200 0
234 irecv 202 3300 200 0
234 send 10 3300 12 0
234 send 202 3100 12 0
234 wait 11 235 3100
234 wait 203 235 3300
234 irecv 235 1100 200 0
234 irecv 233 1300 200 0
234 send 235 1300 1 0
234 send 233 1100 1 0
234 wait 236 235 1100
234 wait 234 235 1300
234 irecv 238 2100 200 0
234 irecv 230 2300 200 0
234 send 238 2300 4 0
234 send 230 2100 4 0
234 wait 239 235 2100
234 wait 231 235 2300
234 irecv 10 3100 200 0
234 irecv 202 3300 200 0
234 send 10 3300 12 0
234 send 202 3100 12 0
234 wait 11 235 3100
234 wait 203 235 3300
234 irecv 235 1100 200 0
234 irecv 233 1300 200 0
234 send 235 1300 4 0
234 send 233 1100 4 0
234 wait 236 235 1100
234 wait 234 235 1300
234 irecv 238 2100 200 0
234 irecv 230 2300 200 0
234 send 238 2300 12 0
234 send 230 2100 12 0
234 wait 239 235 2100
234 wait 231 235 2300
234 irecv 10 3100 200 0
234 irecv 202 3300 200 0
234 send 10 3300 24 0
234 send 202 3100 24 0
234 wait 11 235 3100
234 wait 203 235 3300
234 irecv 235 1100 200 0
234 irecv 233 1300 200 0
234 send 235 1300 4 0
234 send 233 1100 4 0
234 wait 236 235 1100
234 wait 234 235 1300
234 irecv 238 2100 200 0
234 irecv 230 2300 200 0
234 send 238 2300 12 0
234 send 230 2100 12 0
234 wait 239 235 2100
234 wait 231 235 2300
234 irecv 10 3100 200 0
234 irecv 202 3300 200 0
234 send 10 3300 24 0
234 send 202 3100 24 0
234 wait 11 235 3100
234 wait 203 235 3300
234 irecv 235 1100 200 0
234 irecv 233 1300 200 0
234 send 235 1300 16 0
234 send 233 1100 16 0
234 wait 236 235 1100
234 wait 234 235 1300
234 irecv 238 2100 200 0
234 irecv 230 2300 200 0
234 send 238 2300 40 0
234 send 230 2100 40 0
234 wait 239 235 2100
234 wait 231 235 2300
234 irecv 10 3100 200 0
234 irecv 202 3300 200 0
234 send 10 3300 60 0
234 send 202 3100 60 0
234 wait 11 235 3100
234 wait 203 235 3300
234 irecv 235 1100 200 0
234 irecv 233 1300 200 0
234 send 235 1300 16 0
234 send 233 1100 16 0
234 wait 236 235 1100
234 wait 234 235 1300
234 irecv 238 2100 200 0
234 irecv 230 2300 200 0
234 send 238 2300 40 0
234 send 230 2100 40 0
234 wait 239 235 2100
234 wait 231 235 2300
234 irecv 10 3100 200 0
234 irecv 202 3300 200 0
234 send 10 3300 60 0
234 send 202 3100 60 0
234 wait 11 235 3100
234 wait 203 235 3300
234 irecv 235 1100 200 0
234 irecv 233 1300 200 0
234 send 235 1300 16 0
234 send 233 1100 16 0
234 wait 236 235 1100
234 wait 234 235 1300
234 irecv 238 2100 200 0
234 irecv 230 2300 200 0
234 send 238 2300 40 0
234 send 230 2100 40 0
234 wait 239 235 2100
234 wait 231 235 2300
234 irecv 10 3100 200 0
234 irecv 202 3300 200 0
234 send 10 3300 60 0
234 send 202 3100 60 0
234 wait 11 235 3100
234 wait 203 235 3300
234 irecv 235 1100 200 0
234 irecv 233 1300 200 0
234 send 235 1300 4 0
234 send 233 1100 4 0
234 wait 236 235 1100
234 wait 234 235 1300
234 irecv 238 2100 200 0
234 irecv 230 2300 200 0
234 send 238 2300 12 0
234 send 230 2100 12 0
234 wait 239 235 2100
234 wait 231 235 2300
234 irecv 10 3100 200 0
234 irecv 202 3300 200 0
234 send 10 3300 24 0
234 send 202 3100 24 0
234 wait 11 235 3100
234 wait 203 235 3300
234 irecv 235 1100 200 0
234 irecv 233 1300 200 0
234 send 235 1300 1 0
234 send 233 1100 1 0
234 wait 236 235 1100
234 wait 234 235 1300
234 irecv 238 2100 200 0
234 irecv 230 2300 200 0
234 send 238 2300 4 0
234 send 230 2100 4 0
234 wait 239 235 2100
234 wait 231 235 2300
234 irecv 10 3100 200 0
234 irecv 202 3300 200 0
234 send 10 3300 12 0
234 send 202 3100 12 0
234 wait 11 235 3100
234 wait 203 235 3300
234 irecv 235 1100 200 0
234 irecv 233 1300 200 0
234 wait 236 235 1100
234 wait 234 235 1300
234 send 42 3300 12 0
234 send 170 3100 6 0
234 irecv 238 2100 200 0
234 irecv 230 2300 200 0
234 wait 239 235 2100
234 wait 231 235 2300
234 send 10 3300 24 0
234 send 202 3100 12 0
234 irecv 235 1100 200 0
234 irecv 233 1300 200 0
234 send 235 1300 1 0
234 send 233 1100 1 0
234 wait 236 235 1100
234 wait 234 235 1300
234 irecv 238 2100 200 0
234 irecv 230 2300 200 0
234 send 238 2300 4 0
234 send 230 2100 4 0
234 wait 239 235 2100
234 wait 231 235 2300
234 irecv 10 3100 200 0
234 irecv 202 3300 200 0
234 send 10 3300 12 0
234 send 202 3100 12 0
234 wait 11 235 3100
234 wait 203 235 3300
234 irecv 235 1100 200 0
234 irecv 233 1300 200 0
234 send 235 1300 1 0
234 send 233 1100 1 0
234 wait 236 235 1100
234 wait 234 235 1300
234 irecv 238 2100 200 0
234 irecv 230 2300 200 0
234 send 238 2300 4 0
234 send 230 2100 4 0
234 wait 239 235 2100
234 wait 231 235 2300
234 irecv 10 3100 200 0
234 irecv 202 3300 200 0
234 send 10 3300 12 0
234 send 202 3100 12 0
234 wait 11 235 3100
234 wait 203 235 3300
234 irecv 235 1100 200 0
234 irecv 233 1300 200 0
234 send 235 1300 4 0
234 send 233 1100 4 0
234 wait 236 235 1100
234 wait 234 235 1300
234 irecv 238 2100 200 0
234 irecv 230 2300 200 0
234 send 238 2300 12 0
234 send 230 2100 12 0
234 wait 239 235 2100
234 wait 231 235 2300
234 irecv 10 3100 200 0
234 irecv 202 3300 200 0
234 send 10 3300 24 0
234 send 202 3100 24 0
234 wait 11 235 3100
234 wait 203 235 3300
234 irecv 235 1100 200 0
234 irecv 233 1300 200 0
234 send 235 1300 4 0
234 send 233 1100 4 0
234 wait 236 235 1100
234 wait 234 235 1300
234 irecv 238 2100 200 0
234 irecv 230 2300 200 0
234 send 238 2300 12 0
234 send 230 2100 12 0
234 wait 239 235 2100
234 wait 231 235 2300
234 irecv 10 3100 200 0
234 irecv 202 3300 200 0
234 send 10 3300 24 0
234 send 202 3100 24 0
234 wait 11 235 3100
234 wait 203 235 3300
234 irecv 235 1100 200 0
234 irecv 233 1300 200 0
234 send 235 1300 16 0
234 send 233 1100 16 0
234 wait 236 235 1100
234 wait 234 235 1300
234 irecv 238 2100 200 0
234 irecv 230 2300 200 0
234 send 238 2300 40 0
234 send 230 2100 40 0
234 wait 239 235 2100
234 wait 231 235 2300
234 irecv 10 3100 200 0
234 irecv 202 3300 200 0
234 send 10 3300 60 0
234 send 202 3100 60 0
234 wait 11 235 3100
234 wait 203 235 3300
234 irecv 235 1100 200 0
234 irecv 233 1300 200 0
234 send 235 1300 16 0
234 send 233 1100 16 0
234 wait 236 235 1100
234 wait 234 235 1300
234 irecv 238 2100 200 0
234 irecv 230 2300 200 0
234 send 238 2300 40 0
234 send 230 2100 40 0
234 wait 239 235 2100
234 wait 231 235 2300
234 irecv 10 3100 200 0
234 irecv 202 3300 200 0
234 send 10 3300 60 0
234 send 202 3100 60 0
234 wait 11 235 3100
234 wait 203 235 3300
234 irecv 235 1100 200 0
234 irecv 233 1300 200 0
234 send 235 1300 16 0
234 send 233 1100 16 0
234 wait 236 235 1100
234 wait 234 235 1300
234 irecv 238 2100 200 0
234 irecv 230 2300 200 0
234 send 238 2300 40 0
234 send 230 2100 40 0
234 wait 239 235 2100
234 wait 231 235 2300
234 irecv 10 3100 200 0
234 irecv 202 3300 200 0
234 send 10 3300 60 0
234 send 202 3100 60 0
234 wait 11 235 3100
234 wait 203 235 3300
234 allreduce 1 0 0 
234 allreduce 1 0 0 
234 reduce 1 0 0 0 
234 finalize
