198 init
198 barrier
198 bcast 1 0 1 
198 bcast 1 0 1 
198 bcast 1 0 1 
198 bcast 1 0 1 
198 bcast 1 0 1 
198 bcast 8 0 1 
198 bcast 1 0 16 
198 barrier
198 allreduce 1 0 0 
198 allreduce 4 0 1 
198 allreduce 1 0 0 
198 allreduce 4 0 1 
198 allreduce 1 0 0 
198 allreduce 4 0 1 
198 allreduce 1 0 0 
198 allreduce 4 0 1 
198 allreduce 1 0 0 
198 allreduce 4 0 1 
198 allreduce 1 0 0 
198 allreduce 4 0 1 
198 allreduce 1 0 0 
198 allreduce 4 0 1 
198 allreduce 1 0 0 
198 allreduce 4 0 1 
198 allreduce 1 0 0 
198 allreduce 4 0 1 
198 allreduce 1 0 0 
198 allreduce 4 0 1 
198 allreduce 1 0 0 
198 allreduce 4 0 1 
198 allreduce 1 0 0 
198 allreduce 4 0 1 
198 allreduce 1 0 0 
198 allreduce 4 0 1 
198 allreduce 1 0 0 
198 allreduce 4 0 1 
198 allreduce 1 0 0 
198 allreduce 4 0 1 
198 allreduce 1 0 0 
198 allreduce 4 0 1 
198 allreduce 1 0 0 
198 allreduce 4 0 1 
198 allreduce 1 0 0 
198 allreduce 4 0 1 
198 allreduce 1 0 0 
198 allreduce 4 0 1 
198 allreduce 1 0 0 
198 allreduce 4 0 1 
198 barrier
198 irecv 199 1100 200 0
198 irecv 197 1300 200 0
198 send 199 1300 16 0
198 send 197 1100 16 0
198 wait 200 199 1100
198 wait 198 199 1300
198 irecv 202 2100 200 0
198 irecv 194 2300 200 0
198 send 202 2300 40 0
198 send 194 2100 40 0
198 wait 203 199 2100
198 wait 195 199 2300
198 irecv 230 3100 200 0
198 irecv 166 3300 200 0
198 send 230 3300 60 0
198 send 166 3100 60 0
198 wait 231 199 3100
198 wait 167 199 3300
198 allreduce 1 0 0 
198 allreduce 1 0 0 
198 irecv 199 1100 200 0
198 irecv 197 1300 200 0
198 send 199 1300 16 0
198 send 197 1100 16 0
198 wait 200 199 1100
198 wait 198 199 1300
198 irecv 202 2100 200 0
198 irecv 194 2300 200 0
198 send 202 2300 40 0
198 send 194 2100 40 0
198 wait 203 199 2100
198 wait 195 199 2300
198 irecv 230 3100 200 0
198 irecv 166 3300 200 0
198 send 230 3300 60 0
198 send 166 3100 60 0
198 wait 231 199 3100
198 wait 167 199 3300
198 allreduce 1 0 0 
198 allreduce 1 0 0 
198 irecv 199 1100 200 0
198 irecv 197 1300 200 0
198 send 199 1300 4 0
198 send 197 1100 4 0
198 wait 200 199 1100
198 wait 198 199 1300
198 irecv 202 2100 200 0
198 irecv 194 2300 200 0
198 send 202 2300 12 0
198 send 194 2100 12 0
198 wait 203 199 2100
198 wait 195 199 2300
198 irecv 230 3100 200 0
198 irecv 166 3300 200 0
198 send 230 3300 24 0
198 send 166 3100 24 0
198 wait 231 199 3100
198 wait 167 199 3300
198 irecv 199 1100 200 0
198 irecv 197 1300 200 0
198 send 199 1300 1 0
198 send 197 1100 1 0
198 wait 200 199 1100
198 wait 198 199 1300
198 irecv 202 2100 200 0
198 irecv 194 2300 200 0
198 send 202 2300 4 0
198 send 194 2100 4 0
198 wait 203 199 2100
198 wait 195 199 2300
198 irecv 230 3100 200 0
198 irecv 166 3300 200 0
198 send 230 3300 12 0
198 send 166 3100 12 0
198 wait 231 199 3100
198 wait 167 199 3300
198 irecv 199 1100 200 0
198 irecv 197 1300 200 0
198 wait 200 199 1100
198 wait 198 199 1300
198 irecv 206 2100 200 0
198 irecv 222 2300 200 0
198 wait 207 199 2100
198 wait 223 199 2300
198 send 202 2300 24 0
198 send 194 2100 12 0
198 irecv 230 3100 200 0
198 irecv 166 3300 200 0
198 wait 231 199 3100
198 wait 167 199 3300
198 irecv 199 1100 200 0
198 irecv 197 1300 200 0
198 send 199 1300 1 0
198 send 197 1100 1 0
198 wait 200 199 1100
198 wait 198 199 1300
198 irecv 202 2100 200 0
198 irecv 194 2300 200 0
198 send 202 2300 4 0
198 send 194 2100 4 0
198 wait 203 199 2100
198 wait 195 199 2300
198 irecv 230 3100 200 0
198 irecv 166 3300 200 0
198 send 230 3300 12 0
198 send 166 3100 12 0
198 wait 231 199 3100
198 wait 167 199 3300
198 irecv 199 1100 200 0
198 irecv 197 1300 200 0
198 send 199 1300 1 0
198 send 197 1100 1 0
198 wait 200 199 1100
198 wait 198 199 1300
198 irecv 202 2100 200 0
198 irecv 194 2300 200 0
198 send 202 2300 4 0
198 send 194 2100 4 0
198 wait 203 199 2100
198 wait 195 199 2300
198 irecv 230 3100 200 0
198 irecv 166 3300 200 0
198 send 230 3300 12 0
198 send 166 3100 12 0
198 wait 231 199 3100
198 wait 167 199 3300
198 irecv 199 1100 200 0
198 irecv 197 1300 200 0
198 send 199 1300 4 0
198 send 197 1100 4 0
198 wait 200 199 1100
198 wait 198 199 1300
198 irecv 202 2100 200 0
198 irecv 194 2300 200 0
198 send 202 2300 12 0
198 send 194 2100 12 0
198 wait 203 199 2100
198 wait 195 199 2300
198 irecv 230 3100 200 0
198 irecv 166 3300 200 0
198 send 230 3300 24 0
198 send 166 3100 24 0
198 wait 231 199 3100
198 wait 167 199 3300
198 irecv 199 1100 200 0
198 irecv 197 1300 200 0
198 send 199 1300 4 0
198 send 197 1100 4 0
198 wait 200 199 1100
198 wait 198 199 1300
198 irecv 202 2100 200 0
198 irecv 194 2300 200 0
198 send 202 2300 12 0
198 send 194 2100 12 0
198 wait 203 199 2100
198 wait 195 199 2300
198 irecv 230 3100 200 0
198 irecv 166 3300 200 0
198 send 230 3300 24 0
198 send 166 3100 24 0
198 wait 231 199 3100
198 wait 167 199 3300
198 irecv 199 1100 200 0
198 irecv 197 1300 200 0
198 send 199 1300 16 0
198 send 197 1100 16 0
198 wait 200 199 1100
198 wait 198 199 1300
198 irecv 202 2100 200 0
198 irecv 194 2300 200 0
198 send 202 2300 40 0
198 send 194 2100 40 0
198 wait 203 199 2100
198 wait 195 199 2300
198 irecv 230 3100 200 0
198 irecv 166 3300 200 0
198 send 230 3300 60 0
198 send 166 3100 60 0
198 wait 231 199 3100
198 wait 167 199 3300
198 irecv 199 1100 200 0
198 irecv 197 1300 200 0
198 send 199 1300 16 0
198 send 197 1100 16 0
198 wait 200 199 1100
198 wait 198 199 1300
198 irecv 202 2100 200 0
198 irecv 194 2300 200 0
198 send 202 2300 40 0
198 send 194 2100 40 0
198 wait 203 199 2100
198 wait 195 199 2300
198 irecv 230 3100 200 0
198 irecv 166 3300 200 0
198 send 230 3300 60 0
198 send 166 3100 60 0
198 wait 231 199 3100
198 wait 167 199 3300
198 irecv 199 1100 200 0
198 irecv 197 1300 200 0
198 send 199 1300 16 0
198 send 197 1100 16 0
198 wait 200 199 1100
198 wait 198 199 1300
198 irecv 202 2100 200 0
198 irecv 194 2300 200 0
198 send 202 2300 40 0
198 send 194 2100 40 0
198 wait 203 199 2100
198 wait 195 199 2300
198 irecv 230 3100 200 0
198 irecv 166 3300 200 0
198 send 230 3300 60 0
198 send 166 3100 60 0
198 wait 231 199 3100
198 wait 167 199 3300
198 barrier
198 allreduce 1 0 0 
198 allreduce 4 0 1 
198 allreduce 1 0 0 
198 allreduce 4 0 1 
198 allreduce 1 0 0 
198 allreduce 4 0 1 
198 allreduce 1 0 0 
198 allreduce 4 0 1 
198 allreduce 1 0 0 
198 allreduce 4 0 1 
198 allreduce 1 0 0 
198 allreduce 4 0 1 
198 allreduce 1 0 0 
198 allreduce 4 0 1 
198 allreduce 1 0 0 
198 allreduce 4 0 1 
198 allreduce 1 0 0 
198 allreduce 4 0 1 
198 allreduce 1 0 0 
198 allreduce 4 0 1 
198 allreduce 1 0 0 
198 allreduce 4 0 1 
198 allreduce 1 0 0 
198 allreduce 4 0 1 
198 allreduce 1 0 0 
198 allreduce 4 0 1 
198 allreduce 1 0 0 
198 allreduce 4 0 1 
198 allreduce 1 0 0 
198 allreduce 4 0 1 
198 allreduce 1 0 0 
198 allreduce 4 0 1 
198 allreduce 1 0 0 
198 allreduce 4 0 1 
198 allreduce 1 0 0 
198 allreduce 4 0 1 
198 allreduce 1 0 0 
198 allreduce 4 0 1 
198 allreduce 1 0 0 
198 allreduce 4 0 1 
198 barrier
198 irecv 199 1100 200 0
198 irecv 197 1300 200 0
198 send 199 1300 16 0
198 send 197 1100 16 0
198 wait 200 199 1100
198 wait 198 199 1300
198 irecv 202 2100 200 0
198 irecv 194 2300 200 0
198 send 202 2300 40 0
198 send 194 2100 40 0
198 wait 203 199 2100
198 wait 195 199 2300
198 irecv 230 3100 200 0
198 irecv 166 3300 200 0
198 send 230 3300 60 0
198 send 166 3100 60 0
198 wait 231 199 3100
198 wait 167 199 3300
198 barrier
198 irecv 199 1100 200 0
198 irecv 197 1300 200 0
198 send 199 1300 16 0
198 send 197 1100 16 0
198 wait 200 199 1100
198 wait 198 199 1300
198 irecv 202 2100 200 0
198 irecv 194 2300 200 0
198 send 202 2300 40 0
198 send 194 2100 40 0
198 wait 203 199 2100
198 wait 195 199 2300
198 irecv 230 3100 200 0
198 irecv 166 3300 200 0
198 send 230 3300 60 0
198 send 166 3100 60 0
198 wait 231 199 3100
198 wait 167 199 3300
198 allreduce 1 0 0 
198 allreduce 1 0 0 
198 irecv 199 1100 200 0
198 irecv 197 1300 200 0
198 send 199 1300 4 0
198 send 197 1100 4 0
198 wait 200 199 1100
198 wait 198 199 1300
198 irecv 202 2100 200 0
198 irecv 194 2300 200 0
198 send 202 2300 12 0
198 send 194 2100 12 0
198 wait 203 199 2100
198 wait 195 199 2300
198 irecv 230 3100 200 0
198 irecv 166 3300 200 0
198 send 230 3300 24 0
198 send 166 3100 24 0
198 wait 231 199 3100
198 wait 167 199 3300
198 irecv 199 1100 200 0
198 irecv 197 1300 200 0
198 send 199 1300 1 0
198 send 197 1100 1 0
198 wait 200 199 1100
198 wait 198 199 1300
198 irecv 202 2100 200 0
198 irecv 194 2300 200 0
198 send 202 2300 4 0
198 send 194 2100 4 0
198 wait 203 199 2100
198 wait 195 199 2300
198 irecv 230 3100 200 0
198 irecv 166 3300 200 0
198 send 230 3300 12 0
198 send 166 3100 12 0
198 wait 231 199 3100
198 wait 167 199 3300
198 irecv 199 1100 200 0
198 irecv 197 1300 200 0
198 wait 200 199 1100
198 wait 198 199 1300
198 irecv 206 2100 200 0
198 irecv 222 2300 200 0
198 wait 207 199 2100
198 wait 223 199 2300
198 send 202 2300 24 0
198 send 194 2100 12 0
198 irecv 230 3100 200 0
198 irecv 166 3300 200 0
198 wait 231 199 3100
198 wait 167 199 3300
198 irecv 199 1100 200 0
198 irecv 197 1300 200 0
198 send 199 1300 1 0
198 send 197 1100 1 0
198 wait 200 199 1100
198 wait 198 199 1300
198 irecv 202 2100 200 0
198 irecv 194 2300 200 0
198 send 202 2300 4 0
198 send 194 2100 4 0
198 wait 203 199 2100
198 wait 195 199 2300
198 irecv 230 3100 200 0
198 irecv 166 3300 200 0
198 send 230 3300 12 0
198 send 166 3100 12 0
198 wait 231 199 3100
198 wait 167 199 3300
198 irecv 199 1100 200 0
198 irecv 197 1300 200 0
198 send 199 1300 1 0
198 send 197 1100 1 0
198 wait 200 199 1100
198 wait 198 199 1300
198 irecv 202 2100 200 0
198 irecv 194 2300 200 0
198 send 202 2300 4 0
198 send 194 2100 4 0
198 wait 203 199 2100
198 wait 195 199 2300
198 irecv 230 3100 200 0
198 irecv 166 3300 200 0
198 send 230 3300 12 0
198 send 166 3100 12 0
198 wait 231 199 3100
198 wait 167 199 3300
198 irecv 199 1100 200 0
198 irecv 197 1300 200 0
198 send 199 1300 4 0
198 send 197 1100 4 0
198 wait 200 199 1100
198 wait 198 199 1300
198 irecv 202 2100 200 0
198 irecv 194 2300 200 0
198 send 202 2300 12 0
198 send 194 2100 12 0
198 wait 203 199 2100
198 wait 195 199 2300
198 irecv 230 3100 200 0
198 irecv 166 3300 200 0
198 send 230 3300 24 0
198 send 166 3100 24 0
198 wait 231 199 3100
198 wait 167 199 3300
198 irecv 199 1100 200 0
198 irecv 197 1300 200 0
198 send 199 1300 4 0
198 send 197 1100 4 0
198 wait 200 199 1100
198 wait 198 199 1300
198 irecv 202 2100 200 0
198 irecv 194 2300 200 0
198 send 202 2300 12 0
198 send 194 2100 12 0
198 wait 203 199 2100
198 wait 195 199 2300
198 irecv 230 3100 200 0
198 irecv 166 3300 200 0
198 send 230 3300 24 0
198 send 166 3100 24 0
198 wait 231 199 3100
198 wait 167 199 3300
198 irecv 199 1100 200 0
198 irecv 197 1300 200 0
198 send 199 1300 16 0
198 send 197 1100 16 0
198 wait 200 199 1100
198 wait 198 199 1300
198 irecv 202 2100 200 0
198 irecv 194 2300 200 0
198 send 202 2300 40 0
198 send 194 2100 40 0
198 wait 203 199 2100
198 wait 195 199 2300
198 irecv 230 3100 200 0
198 irecv 166 3300 200 0
198 send 230 3300 60 0
198 send 166 3100 60 0
198 wait 231 199 3100
198 wait 167 199 3300
198 irecv 199 1100 200 0
198 irecv 197 1300 200 0
198 send 199 1300 16 0
198 send 197 1100 16 0
198 wait 200 199 1100
198 wait 198 199 1300
198 irecv 202 2100 200 0
198 irecv 194 2300 200 0
198 send 202 2300 40 0
198 send 194 2100 40 0
198 wait 203 199 2100
198 wait 195 199 2300
198 irecv 230 3100 200 0
198 irecv 166 3300 200 0
198 send 230 3300 60 0
198 send 166 3100 60 0
198 wait 231 199 3100
198 wait 167 199 3300
198 irecv 199 1100 200 0
198 irecv 197 1300 200 0
198 send 199 1300 16 0
198 send 197 1100 16 0
198 wait 200 199 1100
198 wait 198 199 1300
198 irecv 202 2100 200 0
198 irecv 194 2300 200 0
198 send 202 2300 40 0
198 send 194 2100 40 0
198 wait 203 199 2100
198 wait 195 199 2300
198 irecv 230 3100 200 0
198 irecv 166 3300 200 0
198 send 230 3300 60 0
198 send 166 3100 60 0
198 wait 231 199 3100
198 wait 167 199 3300
198 irecv 199 1100 200 0
198 irecv 197 1300 200 0
198 send 199 1300 4 0
198 send 197 1100 4 0
198 wait 200 199 1100
198 wait 198 199 1300
198 irecv 202 2100 200 0
198 irecv 194 2300 200 0
198 send 202 2300 12 0
198 send 194 2100 12 0
198 wait 203 199 2100
198 wait 195 199 2300
198 irecv 230 3100 200 0
198 irecv 166 3300 200 0
198 send 230 3300 24 0
198 send 166 3100 24 0
198 wait 231 199 3100
198 wait 167 199 3300
198 irecv 199 1100 200 0
198 irecv 197 1300 200 0
198 send 199 1300 1 0
198 send 197 1100 1 0
198 wait 200 199 1100
198 wait 198 199 1300
198 irecv 202 2100 200 0
198 irecv 194 2300 200 0
198 send 202 2300 4 0
198 send 194 2100 4 0
198 wait 203 199 2100
198 wait 195 199 2300
198 irecv 230 3100 200 0
198 irecv 166 3300 200 0
198 send 230 3300 12 0
198 send 166 3100 12 0
198 wait 231 199 3100
198 wait 167 199 3300
198 irecv 199 1100 200 0
198 irecv 197 1300 200 0
198 wait 200 199 1100
198 wait 198 199 1300
198 irecv 206 2100 200 0
198 irecv 222 2300 200 0
198 wait 207 199 2100
198 wait 223 199 2300
198 send 202 2300 24 0
198 send 194 2100 12 0
198 irecv 230 3100 200 0
198 irecv 166 3300 200 0
198 wait 231 199 3100
198 wait 167 199 3300
198 irecv 199 1100 200 0
198 irecv 197 1300 200 0
198 send 199 1300 1 0
198 send 197 1100 1 0
198 wait 200 199 1100
198 wait 198 199 1300
198 irecv 202 2100 200 0
198 irecv 194 2300 200 0
198 send 202 2300 4 0
198 send 194 2100 4 0
198 wait 203 199 2100
198 wait 195 199 2300
198 irecv 230 3100 200 0
198 irecv 166 3300 200 0
198 send 230 3300 12 0
198 send 166 3100 12 0
198 wait 231 199 3100
198 wait 167 199 3300
198 irecv 199 1100 200 0
198 irecv 197 1300 200 0
198 send 199 1300 1 0
198 send 197 1100 1 0
198 wait 200 199 1100
198 wait 198 199 1300
198 irecv 202 2100 200 0
198 irecv 194 2300 200 0
198 send 202 2300 4 0
198 send 194 2100 4 0
198 wait 203 199 2100
198 wait 195 199 2300
198 irecv 230 3100 200 0
198 irecv 166 3300 200 0
198 send 230 3300 12 0
198 send 166 3100 12 0
198 wait 231 199 3100
198 wait 167 199 3300
198 irecv 199 1100 200 0
198 irecv 197 1300 200 0
198 send 199 1300 4 0
198 send 197 1100 4 0
198 wait 200 199 1100
198 wait 198 199 1300
198 irecv 202 2100 200 0
198 irecv 194 2300 200 0
198 send 202 2300 12 0
198 send 194 2100 12 0
198 wait 203 199 2100
198 wait 195 199 2300
198 irecv 230 3100 200 0
198 irecv 166 3300 200 0
198 send 230 3300 24 0
198 send 166 3100 24 0
198 wait 231 199 3100
198 wait 167 199 3300
198 irecv 199 1100 200 0
198 irecv 197 1300 200 0
198 send 199 1300 4 0
198 send 197 1100 4 0
198 wait 200 199 1100
198 wait 198 199 1300
198 irecv 202 2100 200 0
198 irecv 194 2300 200 0
198 send 202 2300 12 0
198 send 194 2100 12 0
198 wait 203 199 2100
198 wait 195 199 2300
198 irecv 230 3100 200 0
198 irecv 166 3300 200 0
198 send 230 3300 24 0
198 send 166 3100 24 0
198 wait 231 199 3100
198 wait 167 199 3300
198 irecv 199 1100 200 0
198 irecv 197 1300 200 0
198 send 199 1300 16 0
198 send 197 1100 16 0
198 wait 200 199 1100
198 wait 198 199 1300
198 irecv 202 2100 200 0
198 irecv 194 2300 200 0
198 send 202 2300 40 0
198 send 194 2100 40 0
198 wait 203 199 2100
198 wait 195 199 2300
198 irecv 230 3100 200 0
198 irecv 166 3300 200 0
198 send 230 3300 60 0
198 send 166 3100 60 0
198 wait 231 199 3100
198 wait 167 199 3300
198 irecv 199 1100 200 0
198 irecv 197 1300 200 0
198 send 199 1300 16 0
198 send 197 1100 16 0
198 wait 200 199 1100
198 wait 198 199 1300
198 irecv 202 2100 200 0
198 irecv 194 2300 200 0
198 send 202 2300 40 0
198 send 194 2100 40 0
198 wait 203 199 2100
198 wait 195 199 2300
198 irecv 230 3100 200 0
198 irecv 166 3300 200 0
198 send 230 3300 60 0
198 send 166 3100 60 0
198 wait 231 199 3100
198 wait 167 199 3300
198 irecv 199 1100 200 0
198 irecv 197 1300 200 0
198 send 199 1300 16 0
198 send 197 1100 16 0
198 wait 200 199 1100
198 wait 198 199 1300
198 irecv 202 2100 200 0
198 irecv 194 2300 200 0
198 send 202 2300 40 0
198 send 194 2100 40 0
198 wait 203 199 2100
198 wait 195 199 2300
198 irecv 230 3100 200 0
198 irecv 166 3300 200 0
198 send 230 3300 60 0
198 send 166 3100 60 0
198 wait 231 199 3100
198 wait 167 199 3300
198 irecv 199 1100 200 0
198 irecv 197 1300 200 0
198 send 199 1300 4 0
198 send 197 1100 4 0
198 wait 200 199 1100
198 wait 198 199 1300
198 irecv 202 2100 200 0
198 irecv 194 2300 200 0
198 send 202 2300 12 0
198 send 194 2100 12 0
198 wait 203 199 2100
198 wait 195 199 2300
198 irecv 230 3100 200 0
198 irecv 166 3300 200 0
198 send 230 3300 24 0
198 send 166 3100 24 0
198 wait 231 199 3100
198 wait 167 199 3300
198 irecv 199 1100 200 0
198 irecv 197 1300 200 0
198 send 199 1300 1 0
198 send 197 1100 1 0
198 wait 200 199 1100
198 wait 198 199 1300
198 irecv 202 2100 200 0
198 irecv 194 2300 200 0
198 send 202 2300 4 0
198 send 194 2100 4 0
198 wait 203 199 2100
198 wait 195 199 2300
198 irecv 230 3100 200 0
198 irecv 166 3300 200 0
198 send 230 3300 12 0
198 send 166 3100 12 0
198 wait 231 199 3100
198 wait 167 199 3300
198 irecv 199 1100 200 0
198 irecv 197 1300 200 0
198 wait 200 199 1100
198 wait 198 199 1300
198 irecv 206 2100 200 0
198 irecv 222 2300 200 0
198 wait 207 199 2100
198 wait 223 199 2300
198 send 202 2300 24 0
198 send 194 2100 12 0
198 irecv 230 3100 200 0
198 irecv 166 3300 200 0
198 wait 231 199 3100
198 wait 167 199 3300
198 irecv 199 1100 200 0
198 irecv 197 1300 200 0
198 send 199 1300 1 0
198 send 197 1100 1 0
198 wait 200 199 1100
198 wait 198 199 1300
198 irecv 202 2100 200 0
198 irecv 194 2300 200 0
198 send 202 2300 4 0
198 send 194 2100 4 0
198 wait 203 199 2100
198 wait 195 199 2300
198 irecv 230 3100 200 0
198 irecv 166 3300 200 0
198 send 230 3300 12 0
198 send 166 3100 12 0
198 wait 231 199 3100
198 wait 167 199 3300
198 irecv 199 1100 200 0
198 irecv 197 1300 200 0
198 send 199 1300 1 0
198 send 197 1100 1 0
198 wait 200 199 1100
198 wait 198 199 1300
198 irecv 202 2100 200 0
198 irecv 194 2300 200 0
198 send 202 2300 4 0
198 send 194 2100 4 0
198 wait 203 199 2100
198 wait 195 199 2300
198 irecv 230 3100 200 0
198 irecv 166 3300 200 0
198 send 230 3300 12 0
198 send 166 3100 12 0
198 wait 231 199 3100
198 wait 167 199 3300
198 irecv 199 1100 200 0
198 irecv 197 1300 200 0
198 send 199 1300 4 0
198 send 197 1100 4 0
198 wait 200 199 1100
198 wait 198 199 1300
198 irecv 202 2100 200 0
198 irecv 194 2300 200 0
198 send 202 2300 12 0
198 send 194 2100 12 0
198 wait 203 199 2100
198 wait 195 199 2300
198 irecv 230 3100 200 0
198 irecv 166 3300 200 0
198 send 230 3300 24 0
198 send 166 3100 24 0
198 wait 231 199 3100
198 wait 167 199 3300
198 irecv 199 1100 200 0
198 irecv 197 1300 200 0
198 send 199 1300 4 0
198 send 197 1100 4 0
198 wait 200 199 1100
198 wait 198 199 1300
198 irecv 202 2100 200 0
198 irecv 194 2300 200 0
198 send 202 2300 12 0
198 send 194 2100 12 0
198 wait 203 199 2100
198 wait 195 199 2300
198 irecv 230 3100 200 0
198 irecv 166 3300 200 0
198 send 230 3300 24 0
198 send 166 3100 24 0
198 wait 231 199 3100
198 wait 167 199 3300
198 irecv 199 1100 200 0
198 irecv 197 1300 200 0
198 send 199 1300 16 0
198 send 197 1100 16 0
198 wait 200 199 1100
198 wait 198 199 1300
198 irecv 202 2100 200 0
198 irecv 194 2300 200 0
198 send 202 2300 40 0
198 send 194 2100 40 0
198 wait 203 199 2100
198 wait 195 199 2300
198 irecv 230 3100 200 0
198 irecv 166 3300 200 0
198 send 230 3300 60 0
198 send 166 3100 60 0
198 wait 231 199 3100
198 wait 167 199 3300
198 irecv 199 1100 200 0
198 irecv 197 1300 200 0
198 send 199 1300 16 0
198 send 197 1100 16 0
198 wait 200 199 1100
198 wait 198 199 1300
198 irecv 202 2100 200 0
198 irecv 194 2300 200 0
198 send 202 2300 40 0
198 send 194 2100 40 0
198 wait 203 199 2100
198 wait 195 199 2300
198 irecv 230 3100 200 0
198 irecv 166 3300 200 0
198 send 230 3300 60 0
198 send 166 3100 60 0
198 wait 231 199 3100
198 wait 167 199 3300
198 irecv 199 1100 200 0
198 irecv 197 1300 200 0
198 send 199 1300 16 0
198 send 197 1100 16 0
198 wait 200 199 1100
198 wait 198 199 1300
198 irecv 202 2100 200 0
198 irecv 194 2300 200 0
198 send 202 2300 40 0
198 send 194 2100 40 0
198 wait 203 199 2100
198 wait 195 199 2300
198 irecv 230 3100 200 0
198 irecv 166 3300 200 0
198 send 230 3300 60 0
198 send 166 3100 60 0
198 wait 231 199 3100
198 wait 167 199 3300
198 irecv 199 1100 200 0
198 irecv 197 1300 200 0
198 send 199 1300 4 0
198 send 197 1100 4 0
198 wait 200 199 1100
198 wait 198 199 1300
198 irecv 202 2100 200 0
198 irecv 194 2300 200 0
198 send 202 2300 12 0
198 send 194 2100 12 0
198 wait 203 199 2100
198 wait 195 199 2300
198 irecv 230 3100 200 0
198 irecv 166 3300 200 0
198 send 230 3300 24 0
198 send 166 3100 24 0
198 wait 231 199 3100
198 wait 167 199 3300
198 irecv 199 1100 200 0
198 irecv 197 1300 200 0
198 send 199 1300 1 0
198 send 197 1100 1 0
198 wait 200 199 1100
198 wait 198 199 1300
198 irecv 202 2100 200 0
198 irecv 194 2300 200 0
198 send 202 2300 4 0
198 send 194 2100 4 0
198 wait 203 199 2100
198 wait 195 199 2300
198 irecv 230 3100 200 0
198 irecv 166 3300 200 0
198 send 230 3300 12 0
198 send 166 3100 12 0
198 wait 231 199 3100
198 wait 167 199 3300
198 irecv 199 1100 200 0
198 irecv 197 1300 200 0
198 wait 200 199 1100
198 wait 198 199 1300
198 irecv 206 2100 200 0
198 irecv 222 2300 200 0
198 wait 207 199 2100
198 wait 223 199 2300
198 send 202 2300 24 0
198 send 194 2100 12 0
198 irecv 230 3100 200 0
198 irecv 166 3300 200 0
198 wait 231 199 3100
198 wait 167 199 3300
198 irecv 199 1100 200 0
198 irecv 197 1300 200 0
198 send 199 1300 1 0
198 send 197 1100 1 0
198 wait 200 199 1100
198 wait 198 199 1300
198 irecv 202 2100 200 0
198 irecv 194 2300 200 0
198 send 202 2300 4 0
198 send 194 2100 4 0
198 wait 203 199 2100
198 wait 195 199 2300
198 irecv 230 3100 200 0
198 irecv 166 3300 200 0
198 send 230 3300 12 0
198 send 166 3100 12 0
198 wait 231 199 3100
198 wait 167 199 3300
198 irecv 199 1100 200 0
198 irecv 197 1300 200 0
198 send 199 1300 1 0
198 send 197 1100 1 0
198 wait 200 199 1100
198 wait 198 199 1300
198 irecv 202 2100 200 0
198 irecv 194 2300 200 0
198 send 202 2300 4 0
198 send 194 2100 4 0
198 wait 203 199 2100
198 wait 195 199 2300
198 irecv 230 3100 200 0
198 irecv 166 3300 200 0
198 send 230 3300 12 0
198 send 166 3100 12 0
198 wait 231 199 3100
198 wait 167 199 3300
198 irecv 199 1100 200 0
198 irecv 197 1300 200 0
198 send 199 1300 4 0
198 send 197 1100 4 0
198 wait 200 199 1100
198 wait 198 199 1300
198 irecv 202 2100 200 0
198 irecv 194 2300 200 0
198 send 202 2300 12 0
198 send 194 2100 12 0
198 wait 203 199 2100
198 wait 195 199 2300
198 irecv 230 3100 200 0
198 irecv 166 3300 200 0
198 send 230 3300 24 0
198 send 166 3100 24 0
198 wait 231 199 3100
198 wait 167 199 3300
198 irecv 199 1100 200 0
198 irecv 197 1300 200 0
198 send 199 1300 4 0
198 send 197 1100 4 0
198 wait 200 199 1100
198 wait 198 199 1300
198 irecv 202 2100 200 0
198 irecv 194 2300 200 0
198 send 202 2300 12 0
198 send 194 2100 12 0
198 wait 203 199 2100
198 wait 195 199 2300
198 irecv 230 3100 200 0
198 irecv 166 3300 200 0
198 send 230 3300 24 0
198 send 166 3100 24 0
198 wait 231 199 3100
198 wait 167 199 3300
198 irecv 199 1100 200 0
198 irecv 197 1300 200 0
198 send 199 1300 16 0
198 send 197 1100 16 0
198 wait 200 199 1100
198 wait 198 199 1300
198 irecv 202 2100 200 0
198 irecv 194 2300 200 0
198 send 202 2300 40 0
198 send 194 2100 40 0
198 wait 203 199 2100
198 wait 195 199 2300
198 irecv 230 3100 200 0
198 irecv 166 3300 200 0
198 send 230 3300 60 0
198 send 166 3100 60 0
198 wait 231 199 3100
198 wait 167 199 3300
198 irecv 199 1100 200 0
198 irecv 197 1300 200 0
198 send 199 1300 16 0
198 send 197 1100 16 0
198 wait 200 199 1100
198 wait 198 199 1300
198 irecv 202 2100 200 0
198 irecv 194 2300 200 0
198 send 202 2300 40 0
198 send 194 2100 40 0
198 wait 203 199 2100
198 wait 195 199 2300
198 irecv 230 3100 200 0
198 irecv 166 3300 200 0
198 send 230 3300 60 0
198 send 166 3100 60 0
198 wait 231 199 3100
198 wait 167 199 3300
198 irecv 199 1100 200 0
198 irecv 197 1300 200 0
198 send 199 1300 16 0
198 send 197 1100 16 0
198 wait 200 199 1100
198 wait 198 199 1300
198 irecv 202 2100 200 0
198 irecv 194 2300 200 0
198 send 202 2300 40 0
198 send 194 2100 40 0
198 wait 203 199 2100
198 wait 195 199 2300
198 irecv 230 3100 200 0
198 irecv 166 3300 200 0
198 send 230 3300 60 0
198 send 166 3100 60 0
198 wait 231 199 3100
198 wait 167 199 3300
198 allreduce 1 0 0 
198 allreduce 1 0 0 
198 reduce 1 0 0 0 
198 finalize
