119 init
119 barrier
119 bcast 1 0 1 
119 bcast 1 0 1 
119 bcast 1 0 1 
119 bcast 1 0 1 
119 bcast 1 0 1 
119 bcast 8 0 1 
119 bcast 1 0 16 
119 barrier
119 allreduce 1 0 0 
119 allreduce 4 0 1 
119 allreduce 1 0 0 
119 allreduce 4 0 1 
119 allreduce 1 0 0 
119 allreduce 4 0 1 
119 allreduce 1 0 0 
119 allreduce 4 0 1 
119 allreduce 1 0 0 
119 allreduce 4 0 1 
119 allreduce 1 0 0 
119 allreduce 4 0 1 
119 allreduce 1 0 0 
119 allreduce 4 0 1 
119 allreduce 1 0 0 
119 allreduce 4 0 1 
119 allreduce 1 0 0 
119 allreduce 4 0 1 
119 allreduce 1 0 0 
119 allreduce 4 0 1 
119 allreduce 1 0 0 
119 allreduce 4 0 1 
119 allreduce 1 0 0 
119 allreduce 4 0 1 
119 allreduce 1 0 0 
119 allreduce 4 0 1 
119 allreduce 1 0 0 
119 allreduce 4 0 1 
119 allreduce 1 0 0 
119 allreduce 4 0 1 
119 allreduce 1 0 0 
119 allreduce 4 0 1 
119 allreduce 1 0 0 
119 allreduce 4 0 1 
119 allreduce 1 0 0 
119 allreduce 4 0 1 
119 allreduce 1 0 0 
119 allreduce 4 0 1 
119 allreduce 1 0 0 
119 allreduce 4 0 1 
119 barrier
119 irecv 116 1100 200 0
119 irecv 118 1300 200 0
119 send 116 1300 16 0
119 send 118 1100 16 0
119 wait 117 120 1100
119 wait 119 120 1300
119 irecv 123 2100 200 0
119 irecv 115 2300 200 0
119 send 123 2300 40 0
119 send 115 2100 40 0
119 wait 124 120 2100
119 wait 116 120 2300
119 irecv 151 3100 200 0
119 irecv 87 3300 200 0
119 send 151 3300 60 0
119 send 87 3100 60 0
119 wait 152 120 3100
119 wait 88 120 3300
119 allreduce 1 0 0 
119 allreduce 1 0 0 
119 irecv 116 1100 200 0
119 irecv 118 1300 200 0
119 send 116 1300 16 0
119 send 118 1100 16 0
119 wait 117 120 1100
119 wait 119 120 1300
119 irecv 123 2100 200 0
119 irecv 115 2300 200 0
119 send 123 2300 40 0
119 send 115 2100 40 0
119 wait 124 120 2100
119 wait 116 120 2300
119 irecv 151 3100 200 0
119 irecv 87 3300 200 0
119 send 151 3300 60 0
119 send 87 3100 60 0
119 wait 152 120 3100
119 wait 88 120 3300
119 allreduce 1 0 0 
119 allreduce 1 0 0 
119 irecv 116 1100 200 0
119 irecv 118 1300 200 0
119 send 116 1300 4 0
119 send 118 1100 4 0
119 wait 117 120 1100
119 wait 119 120 1300
119 irecv 123 2100 200 0
119 irecv 115 2300 200 0
119 send 123 2300 12 0
119 send 115 2100 12 0
119 wait 124 120 2100
119 wait 116 120 2300
119 irecv 151 3100 200 0
119 irecv 87 3300 200 0
119 send 151 3300 24 0
119 send 87 3100 24 0
119 wait 152 120 3100
119 wait 88 120 3300
119 irecv 116 1100 200 0
119 irecv 118 1300 200 0
119 send 116 1300 1 0
119 send 118 1100 1 0
119 wait 117 120 1100
119 wait 119 120 1300
119 irecv 123 2100 200 0
119 irecv 115 2300 200 0
119 send 123 2300 4 0
119 send 115 2100 4 0
119 wait 124 120 2100
119 wait 116 120 2300
119 irecv 151 3100 200 0
119 irecv 87 3300 200 0
119 send 151 3300 12 0
119 send 87 3100 12 0
119 wait 152 120 3100
119 wait 88 120 3300
119 irecv 116 1100 200 0
119 irecv 118 1300 200 0
119 send 116 1300 1 0
119 send 118 1100 1 0
119 wait 117 120 1100
119 wait 119 120 1300
119 irecv 127 2100 200 0
119 irecv 111 2300 200 0
119 send 127 2300 3 0
119 send 111 2100 3 0
119 wait 128 120 2100
119 wait 112 120 2300
119 irecv 183 3100 200 0
119 irecv 55 3300 200 0
119 send 183 3300 9 0
119 send 55 3100 9 0
119 wait 184 120 3100
119 wait 56 120 3300
119 send 116 1300 18 0
119 send 118 1100 9 0
119 irecv 127 2100 200 0
119 irecv 111 2300 200 0
119 wait 128 120 2100
119 wait 112 120 2300
119 send 183 3300 18 0
119 send 55 3100 9 0
119 irecv 116 1100 200 0
119 irecv 118 1300 200 0
119 send 116 1300 1 0
119 send 118 1100 1 0
119 wait 117 120 1100
119 wait 119 120 1300
119 irecv 127 2100 200 0
119 irecv 111 2300 200 0
119 send 127 2300 3 0
119 send 111 2100 3 0
119 wait 128 120 2100
119 wait 112 120 2300
119 irecv 183 3100 200 0
119 irecv 55 3300 200 0
119 send 183 3300 9 0
119 send 55 3100 9 0
119 wait 184 120 3100
119 wait 56 120 3300
119 irecv 116 1100 200 0
119 irecv 118 1300 200 0
119 send 116 1300 1 0
119 send 118 1100 1 0
119 wait 117 120 1100
119 wait 119 120 1300
119 irecv 127 2100 200 0
119 irecv 111 2300 200 0
119 send 127 2300 3 0
119 send 111 2100 3 0
119 wait 128 120 2100
119 wait 112 120 2300
119 irecv 183 3100 200 0
119 irecv 55 3300 200 0
119 send 183 3300 9 0
119 send 55 3100 9 0
119 wait 184 120 3100
119 wait 56 120 3300
119 send 123 2300 24 0
119 send 115 2100 12 0
119 send 151 3300 24 0
119 send 87 3100 12 0
119 irecv 116 1100 200 0
119 irecv 118 1300 200 0
119 send 116 1300 1 0
119 send 118 1100 1 0
119 wait 117 120 1100
119 wait 119 120 1300
119 irecv 123 2100 200 0
119 irecv 115 2300 200 0
119 send 123 2300 4 0
119 send 115 2100 4 0
119 wait 124 120 2100
119 wait 116 120 2300
119 irecv 151 3100 200 0
119 irecv 87 3300 200 0
119 send 151 3300 12 0
119 send 87 3100 12 0
119 wait 152 120 3100
119 wait 88 120 3300
119 irecv 116 1100 200 0
119 irecv 118 1300 200 0
119 send 116 1300 1 0
119 send 118 1100 1 0
119 wait 117 120 1100
119 wait 119 120 1300
119 irecv 123 2100 200 0
119 irecv 115 2300 200 0
119 send 123 2300 4 0
119 send 115 2100 4 0
119 wait 124 120 2100
119 wait 116 120 2300
119 irecv 151 3100 200 0
119 irecv 87 3300 200 0
119 send 151 3300 12 0
119 send 87 3100 12 0
119 wait 152 120 3100
119 wait 88 120 3300
119 irecv 116 1100 200 0
119 irecv 118 1300 200 0
119 send 116 1300 4 0
119 send 118 1100 4 0
119 wait 117 120 1100
119 wait 119 120 1300
119 irecv 123 2100 200 0
119 irecv 115 2300 200 0
119 send 123 2300 12 0
119 send 115 2100 12 0
119 wait 124 120 2100
119 wait 116 120 2300
119 irecv 151 3100 200 0
119 irecv 87 3300 200 0
119 send 151 3300 24 0
119 send 87 3100 24 0
119 wait 152 120 3100
119 wait 88 120 3300
119 irecv 116 1100 200 0
119 irecv 118 1300 200 0
119 send 116 1300 4 0
119 send 118 1100 4 0
119 wait 117 120 1100
119 wait 119 120 1300
119 irecv 123 2100 200 0
119 irecv 115 2300 200 0
119 send 123 2300 12 0
119 send 115 2100 12 0
119 wait 124 120 2100
119 wait 116 120 2300
119 irecv 151 3100 200 0
119 irecv 87 3300 200 0
119 send 151 3300 24 0
119 send 87 3100 24 0
119 wait 152 120 3100
119 wait 88 120 3300
119 irecv 116 1100 200 0
119 irecv 118 1300 200 0
119 send 116 1300 16 0
119 send 118 1100 16 0
119 wait 117 120 1100
119 wait 119 120 1300
119 irecv 123 2100 200 0
119 irecv 115 2300 200 0
119 send 123 2300 40 0
119 send 115 2100 40 0
119 wait 124 120 2100
119 wait 116 120 2300
119 irecv 151 3100 200 0
119 irecv 87 3300 200 0
119 send 151 3300 60 0
119 send 87 3100 60 0
119 wait 152 120 3100
119 wait 88 120 3300
119 irecv 116 1100 200 0
119 irecv 118 1300 200 0
119 send 116 1300 16 0
119 send 118 1100 16 0
119 wait 117 120 1100
119 wait 119 120 1300
119 irecv 123 2100 200 0
119 irecv 115 2300 200 0
119 send 123 2300 40 0
119 send 115 2100 40 0
119 wait 124 120 2100
119 wait 116 120 2300
119 irecv 151 3100 200 0
119 irecv 87 3300 200 0
119 send 151 3300 60 0
119 send 87 3100 60 0
119 wait 152 120 3100
119 wait 88 120 3300
119 irecv 116 1100 200 0
119 irecv 118 1300 200 0
119 send 116 1300 16 0
119 send 118 1100 16 0
119 wait 117 120 1100
119 wait 119 120 1300
119 irecv 123 2100 200 0
119 irecv 115 2300 200 0
119 send 123 2300 40 0
119 send 115 2100 40 0
119 wait 124 120 2100
119 wait 116 120 2300
119 irecv 151 3100 200 0
119 irecv 87 3300 200 0
119 send 151 3300 60 0
119 send 87 3100 60 0
119 wait 152 120 3100
119 wait 88 120 3300
119 barrier
119 allreduce 1 0 0 
119 allreduce 4 0 1 
119 allreduce 1 0 0 
119 allreduce 4 0 1 
119 allreduce 1 0 0 
119 allreduce 4 0 1 
119 allreduce 1 0 0 
119 allreduce 4 0 1 
119 allreduce 1 0 0 
119 allreduce 4 0 1 
119 allreduce 1 0 0 
119 allreduce 4 0 1 
119 allreduce 1 0 0 
119 allreduce 4 0 1 
119 allreduce 1 0 0 
119 allreduce 4 0 1 
119 allreduce 1 0 0 
119 allreduce 4 0 1 
119 allreduce 1 0 0 
119 allreduce 4 0 1 
119 allreduce 1 0 0 
119 allreduce 4 0 1 
119 allreduce 1 0 0 
119 allreduce 4 0 1 
119 allreduce 1 0 0 
119 allreduce 4 0 1 
119 allreduce 1 0 0 
119 allreduce 4 0 1 
119 allreduce 1 0 0 
119 allreduce 4 0 1 
119 allreduce 1 0 0 
119 allreduce 4 0 1 
119 allreduce 1 0 0 
119 allreduce 4 0 1 
119 allreduce 1 0 0 
119 allreduce 4 0 1 
119 allreduce 1 0 0 
119 allreduce 4 0 1 
119 allreduce 1 0 0 
119 allreduce 4 0 1 
119 barrier
119 irecv 116 1100 200 0
119 irecv 118 1300 200 0
119 send 116 1300 16 0
119 send 118 1100 16 0
119 wait 117 120 1100
119 wait 119 120 1300
119 irecv 123 2100 200 0
119 irecv 115 2300 200 0
119 send 123 2300 40 0
119 send 115 2100 40 0
119 wait 124 120 2100
119 wait 116 120 2300
119 irecv 151 3100 200 0
119 irecv 87 3300 200 0
119 send 151 3300 60 0
119 send 87 3100 60 0
119 wait 152 120 3100
119 wait 88 120 3300
119 barrier
119 irecv 116 1100 200 0
119 irecv 118 1300 200 0
119 send 116 1300 16 0
119 send 118 1100 16 0
119 wait 117 120 1100
119 wait 119 120 1300
119 irecv 123 2100 200 0
119 irecv 115 2300 200 0
119 send 123 2300 40 0
119 send 115 2100 40 0
119 wait 124 120 2100
119 wait 116 120 2300
119 irecv 151 3100 200 0
119 irecv 87 3300 200 0
119 send 151 3300 60 0
119 send 87 3100 60 0
119 wait 152 120 3100
119 wait 88 120 3300
119 allreduce 1 0 0 
119 allreduce 1 0 0 
119 irecv 116 1100 200 0
119 irecv 118 1300 200 0
119 send 116 1300 4 0
119 send 118 1100 4 0
119 wait 117 120 1100
119 wait 119 120 1300
119 irecv 123 2100 200 0
119 irecv 115 2300 200 0
119 send 123 2300 12 0
119 send 115 2100 12 0
119 wait 124 120 2100
119 wait 116 120 2300
119 irecv 151 3100 200 0
119 irecv 87 3300 200 0
119 send 151 3300 24 0
119 send 87 3100 24 0
119 wait 152 120 3100
119 wait 88 120 3300
119 irecv 116 1100 200 0
119 irecv 118 1300 200 0
119 send 116 1300 1 0
119 send 118 1100 1 0
119 wait 117 120 1100
119 wait 119 120 1300
119 irecv 123 2100 200 0
119 irecv 115 2300 200 0
119 send 123 2300 4 0
119 send 115 2100 4 0
119 wait 124 120 2100
119 wait 116 120 2300
119 irecv 151 3100 200 0
119 irecv 87 3300 200 0
119 send 151 3300 12 0
119 send 87 3100 12 0
119 wait 152 120 3100
119 wait 88 120 3300
119 irecv 116 1100 200 0
119 irecv 118 1300 200 0
119 send 116 1300 1 0
119 send 118 1100 1 0
119 wait 117 120 1100
119 wait 119 120 1300
119 irecv 127 2100 200 0
119 irecv 111 2300 200 0
119 send 127 2300 3 0
119 send 111 2100 3 0
119 wait 128 120 2100
119 wait 112 120 2300
119 irecv 183 3100 200 0
119 irecv 55 3300 200 0
119 send 183 3300 9 0
119 send 55 3100 9 0
119 wait 184 120 3100
119 wait 56 120 3300
119 send 116 1300 18 0
119 send 118 1100 9 0
119 irecv 127 2100 200 0
119 irecv 111 2300 200 0
119 wait 128 120 2100
119 wait 112 120 2300
119 send 183 3300 18 0
119 send 55 3100 9 0
119 irecv 116 1100 200 0
119 irecv 118 1300 200 0
119 send 116 1300 1 0
119 send 118 1100 1 0
119 wait 117 120 1100
119 wait 119 120 1300
119 irecv 127 2100 200 0
119 irecv 111 2300 200 0
119 send 127 2300 3 0
119 send 111 2100 3 0
119 wait 128 120 2100
119 wait 112 120 2300
119 irecv 183 3100 200 0
119 irecv 55 3300 200 0
119 send 183 3300 9 0
119 send 55 3100 9 0
119 wait 184 120 3100
119 wait 56 120 3300
119 irecv 116 1100 200 0
119 irecv 118 1300 200 0
119 send 116 1300 1 0
119 send 118 1100 1 0
119 wait 117 120 1100
119 wait 119 120 1300
119 irecv 127 2100 200 0
119 irecv 111 2300 200 0
119 send 127 2300 3 0
119 send 111 2100 3 0
119 wait 128 120 2100
119 wait 112 120 2300
119 irecv 183 3100 200 0
119 irecv 55 3300 200 0
119 send 183 3300 9 0
119 send 55 3100 9 0
119 wait 184 120 3100
119 wait 56 120 3300
119 send 123 2300 24 0
119 send 115 2100 12 0
119 send 151 3300 24 0
119 send 87 3100 12 0
119 irecv 116 1100 200 0
119 irecv 118 1300 200 0
119 send 116 1300 1 0
119 send 118 1100 1 0
119 wait 117 120 1100
119 wait 119 120 1300
119 irecv 123 2100 200 0
119 irecv 115 2300 200 0
119 send 123 2300 4 0
119 send 115 2100 4 0
119 wait 124 120 2100
119 wait 116 120 2300
119 irecv 151 3100 200 0
119 irecv 87 3300 200 0
119 send 151 3300 12 0
119 send 87 3100 12 0
119 wait 152 120 3100
119 wait 88 120 3300
119 irecv 116 1100 200 0
119 irecv 118 1300 200 0
119 send 116 1300 1 0
119 send 118 1100 1 0
119 wait 117 120 1100
119 wait 119 120 1300
119 irecv 123 2100 200 0
119 irecv 115 2300 200 0
119 send 123 2300 4 0
119 send 115 2100 4 0
119 wait 124 120 2100
119 wait 116 120 2300
119 irecv 151 3100 200 0
119 irecv 87 3300 200 0
119 send 151 3300 12 0
119 send 87 3100 12 0
119 wait 152 120 3100
119 wait 88 120 3300
119 irecv 116 1100 200 0
119 irecv 118 1300 200 0
119 send 116 1300 4 0
119 send 118 1100 4 0
119 wait 117 120 1100
119 wait 119 120 1300
119 irecv 123 2100 200 0
119 irecv 115 2300 200 0
119 send 123 2300 12 0
119 send 115 2100 12 0
119 wait 124 120 2100
119 wait 116 120 2300
119 irecv 151 3100 200 0
119 irecv 87 3300 200 0
119 send 151 3300 24 0
119 send 87 3100 24 0
119 wait 152 120 3100
119 wait 88 120 3300
119 irecv 116 1100 200 0
119 irecv 118 1300 200 0
119 send 116 1300 4 0
119 send 118 1100 4 0
119 wait 117 120 1100
119 wait 119 120 1300
119 irecv 123 2100 200 0
119 irecv 115 2300 200 0
119 send 123 2300 12 0
119 send 115 2100 12 0
119 wait 124 120 2100
119 wait 116 120 2300
119 irecv 151 3100 200 0
119 irecv 87 3300 200 0
119 send 151 3300 24 0
119 send 87 3100 24 0
119 wait 152 120 3100
119 wait 88 120 3300
119 irecv 116 1100 200 0
119 irecv 118 1300 200 0
119 send 116 1300 16 0
119 send 118 1100 16 0
119 wait 117 120 1100
119 wait 119 120 1300
119 irecv 123 2100 200 0
119 irecv 115 2300 200 0
119 send 123 2300 40 0
119 send 115 2100 40 0
119 wait 124 120 2100
119 wait 116 120 2300
119 irecv 151 3100 200 0
119 irecv 87 3300 200 0
119 send 151 3300 60 0
119 send 87 3100 60 0
119 wait 152 120 3100
119 wait 88 120 3300
119 irecv 116 1100 200 0
119 irecv 118 1300 200 0
119 send 116 1300 16 0
119 send 118 1100 16 0
119 wait 117 120 1100
119 wait 119 120 1300
119 irecv 123 2100 200 0
119 irecv 115 2300 200 0
119 send 123 2300 40 0
119 send 115 2100 40 0
119 wait 124 120 2100
119 wait 116 120 2300
119 irecv 151 3100 200 0
119 irecv 87 3300 200 0
119 send 151 3300 60 0
119 send 87 3100 60 0
119 wait 152 120 3100
119 wait 88 120 3300
119 irecv 116 1100 200 0
119 irecv 118 1300 200 0
119 send 116 1300 16 0
119 send 118 1100 16 0
119 wait 117 120 1100
119 wait 119 120 1300
119 irecv 123 2100 200 0
119 irecv 115 2300 200 0
119 send 123 2300 40 0
119 send 115 2100 40 0
119 wait 124 120 2100
119 wait 116 120 2300
119 irecv 151 3100 200 0
119 irecv 87 3300 200 0
119 send 151 3300 60 0
119 send 87 3100 60 0
119 wait 152 120 3100
119 wait 88 120 3300
119 irecv 116 1100 200 0
119 irecv 118 1300 200 0
119 send 116 1300 4 0
119 send 118 1100 4 0
119 wait 117 120 1100
119 wait 119 120 1300
119 irecv 123 2100 200 0
119 irecv 115 2300 200 0
119 send 123 2300 12 0
119 send 115 2100 12 0
119 wait 124 120 2100
119 wait 116 120 2300
119 irecv 151 3100 200 0
119 irecv 87 3300 200 0
119 send 151 3300 24 0
119 send 87 3100 24 0
119 wait 152 120 3100
119 wait 88 120 3300
119 irecv 116 1100 200 0
119 irecv 118 1300 200 0
119 send 116 1300 1 0
119 send 118 1100 1 0
119 wait 117 120 1100
119 wait 119 120 1300
119 irecv 123 2100 200 0
119 irecv 115 2300 200 0
119 send 123 2300 4 0
119 send 115 2100 4 0
119 wait 124 120 2100
119 wait 116 120 2300
119 irecv 151 3100 200 0
119 irecv 87 3300 200 0
119 send 151 3300 12 0
119 send 87 3100 12 0
119 wait 152 120 3100
119 wait 88 120 3300
119 irecv 116 1100 200 0
119 irecv 118 1300 200 0
119 send 116 1300 1 0
119 send 118 1100 1 0
119 wait 117 120 1100
119 wait 119 120 1300
119 irecv 127 2100 200 0
119 irecv 111 2300 200 0
119 send 127 2300 3 0
119 send 111 2100 3 0
119 wait 128 120 2100
119 wait 112 120 2300
119 irecv 183 3100 200 0
119 irecv 55 3300 200 0
119 send 183 3300 9 0
119 send 55 3100 9 0
119 wait 184 120 3100
119 wait 56 120 3300
119 send 116 1300 18 0
119 send 118 1100 9 0
119 irecv 127 2100 200 0
119 irecv 111 2300 200 0
119 wait 128 120 2100
119 wait 112 120 2300
119 send 183 3300 18 0
119 send 55 3100 9 0
119 irecv 116 1100 200 0
119 irecv 118 1300 200 0
119 send 116 1300 1 0
119 send 118 1100 1 0
119 wait 117 120 1100
119 wait 119 120 1300
119 irecv 127 2100 200 0
119 irecv 111 2300 200 0
119 send 127 2300 3 0
119 send 111 2100 3 0
119 wait 128 120 2100
119 wait 112 120 2300
119 irecv 183 3100 200 0
119 irecv 55 3300 200 0
119 send 183 3300 9 0
119 send 55 3100 9 0
119 wait 184 120 3100
119 wait 56 120 3300
119 irecv 116 1100 200 0
119 irecv 118 1300 200 0
119 send 116 1300 1 0
119 send 118 1100 1 0
119 wait 117 120 1100
119 wait 119 120 1300
119 irecv 127 2100 200 0
119 irecv 111 2300 200 0
119 send 127 2300 3 0
119 send 111 2100 3 0
119 wait 128 120 2100
119 wait 112 120 2300
119 irecv 183 3100 200 0
119 irecv 55 3300 200 0
119 send 183 3300 9 0
119 send 55 3100 9 0
119 wait 184 120 3100
119 wait 56 120 3300
119 send 123 2300 24 0
119 send 115 2100 12 0
119 send 151 3300 24 0
119 send 87 3100 12 0
119 irecv 116 1100 200 0
119 irecv 118 1300 200 0
119 send 116 1300 1 0
119 send 118 1100 1 0
119 wait 117 120 1100
119 wait 119 120 1300
119 irecv 123 2100 200 0
119 irecv 115 2300 200 0
119 send 123 2300 4 0
119 send 115 2100 4 0
119 wait 124 120 2100
119 wait 116 120 2300
119 irecv 151 3100 200 0
119 irecv 87 3300 200 0
119 send 151 3300 12 0
119 send 87 3100 12 0
119 wait 152 120 3100
119 wait 88 120 3300
119 irecv 116 1100 200 0
119 irecv 118 1300 200 0
119 send 116 1300 1 0
119 send 118 1100 1 0
119 wait 117 120 1100
119 wait 119 120 1300
119 irecv 123 2100 200 0
119 irecv 115 2300 200 0
119 send 123 2300 4 0
119 send 115 2100 4 0
119 wait 124 120 2100
119 wait 116 120 2300
119 irecv 151 3100 200 0
119 irecv 87 3300 200 0
119 send 151 3300 12 0
119 send 87 3100 12 0
119 wait 152 120 3100
119 wait 88 120 3300
119 irecv 116 1100 200 0
119 irecv 118 1300 200 0
119 send 116 1300 4 0
119 send 118 1100 4 0
119 wait 117 120 1100
119 wait 119 120 1300
119 irecv 123 2100 200 0
119 irecv 115 2300 200 0
119 send 123 2300 12 0
119 send 115 2100 12 0
119 wait 124 120 2100
119 wait 116 120 2300
119 irecv 151 3100 200 0
119 irecv 87 3300 200 0
119 send 151 3300 24 0
119 send 87 3100 24 0
119 wait 152 120 3100
119 wait 88 120 3300
119 irecv 116 1100 200 0
119 irecv 118 1300 200 0
119 send 116 1300 4 0
119 send 118 1100 4 0
119 wait 117 120 1100
119 wait 119 120 1300
119 irecv 123 2100 200 0
119 irecv 115 2300 200 0
119 send 123 2300 12 0
119 send 115 2100 12 0
119 wait 124 120 2100
119 wait 116 120 2300
119 irecv 151 3100 200 0
119 irecv 87 3300 200 0
119 send 151 3300 24 0
119 send 87 3100 24 0
119 wait 152 120 3100
119 wait 88 120 3300
119 irecv 116 1100 200 0
119 irecv 118 1300 200 0
119 send 116 1300 16 0
119 send 118 1100 16 0
119 wait 117 120 1100
119 wait 119 120 1300
119 irecv 123 2100 200 0
119 irecv 115 2300 200 0
119 send 123 2300 40 0
119 send 115 2100 40 0
119 wait 124 120 2100
119 wait 116 120 2300
119 irecv 151 3100 200 0
119 irecv 87 3300 200 0
119 send 151 3300 60 0
119 send 87 3100 60 0
119 wait 152 120 3100
119 wait 88 120 3300
119 irecv 116 1100 200 0
119 irecv 118 1300 200 0
119 send 116 1300 16 0
119 send 118 1100 16 0
119 wait 117 120 1100
119 wait 119 120 1300
119 irecv 123 2100 200 0
119 irecv 115 2300 200 0
119 send 123 2300 40 0
119 send 115 2100 40 0
119 wait 124 120 2100
119 wait 116 120 2300
119 irecv 151 3100 200 0
119 irecv 87 3300 200 0
119 send 151 3300 60 0
119 send 87 3100 60 0
119 wait 152 120 3100
119 wait 88 120 3300
119 irecv 116 1100 200 0
119 irecv 118 1300 200 0
119 send 116 1300 16 0
119 send 118 1100 16 0
119 wait 117 120 1100
119 wait 119 120 1300
119 irecv 123 2100 200 0
119 irecv 115 2300 200 0
119 send 123 2300 40 0
119 send 115 2100 40 0
119 wait 124 120 2100
119 wait 116 120 2300
119 irecv 151 3100 200 0
119 irecv 87 3300 200 0
119 send 151 3300 60 0
119 send 87 3100 60 0
119 wait 152 120 3100
119 wait 88 120 3300
119 irecv 116 1100 200 0
119 irecv 118 1300 200 0
119 send 116 1300 4 0
119 send 118 1100 4 0
119 wait 117 120 1100
119 wait 119 120 1300
119 irecv 123 2100 200 0
119 irecv 115 2300 200 0
119 send 123 2300 12 0
119 send 115 2100 12 0
119 wait 124 120 2100
119 wait 116 120 2300
119 irecv 151 3100 200 0
119 irecv 87 3300 200 0
119 send 151 3300 24 0
119 send 87 3100 24 0
119 wait 152 120 3100
119 wait 88 120 3300
119 irecv 116 1100 200 0
119 irecv 118 1300 200 0
119 send 116 1300 1 0
119 send 118 1100 1 0
119 wait 117 120 1100
119 wait 119 120 1300
119 irecv 123 2100 200 0
119 irecv 115 2300 200 0
119 send 123 2300 4 0
119 send 115 2100 4 0
119 wait 124 120 2100
119 wait 116 120 2300
119 irecv 151 3100 200 0
119 irecv 87 3300 200 0
119 send 151 3300 12 0
119 send 87 3100 12 0
119 wait 152 120 3100
119 wait 88 120 3300
119 irecv 116 1100 200 0
119 irecv 118 1300 200 0
119 send 116 1300 1 0
119 send 118 1100 1 0
119 wait 117 120 1100
119 wait 119 120 1300
119 irecv 127 2100 200 0
119 irecv 111 2300 200 0
119 send 127 2300 3 0
119 send 111 2100 3 0
119 wait 128 120 2100
119 wait 112 120 2300
119 irecv 183 3100 200 0
119 irecv 55 3300 200 0
119 send 183 3300 9 0
119 send 55 3100 9 0
119 wait 184 120 3100
119 wait 56 120 3300
119 send 116 1300 18 0
119 send 118 1100 9 0
119 irecv 127 2100 200 0
119 irecv 111 2300 200 0
119 wait 128 120 2100
119 wait 112 120 2300
119 send 183 3300 18 0
119 send 55 3100 9 0
119 irecv 116 1100 200 0
119 irecv 118 1300 200 0
119 send 116 1300 1 0
119 send 118 1100 1 0
119 wait 117 120 1100
119 wait 119 120 1300
119 irecv 127 2100 200 0
119 irecv 111 2300 200 0
119 send 127 2300 3 0
119 send 111 2100 3 0
119 wait 128 120 2100
119 wait 112 120 2300
119 irecv 183 3100 200 0
119 irecv 55 3300 200 0
119 send 183 3300 9 0
119 send 55 3100 9 0
119 wait 184 120 3100
119 wait 56 120 3300
119 irecv 116 1100 200 0
119 irecv 118 1300 200 0
119 send 116 1300 1 0
119 send 118 1100 1 0
119 wait 117 120 1100
119 wait 119 120 1300
119 irecv 127 2100 200 0
119 irecv 111 2300 200 0
119 send 127 2300 3 0
119 send 111 2100 3 0
119 wait 128 120 2100
119 wait 112 120 2300
119 irecv 183 3100 200 0
119 irecv 55 3300 200 0
119 send 183 3300 9 0
119 send 55 3100 9 0
119 wait 184 120 3100
119 wait 56 120 3300
119 send 123 2300 24 0
119 send 115 2100 12 0
119 send 151 3300 24 0
119 send 87 3100 12 0
119 irecv 116 1100 200 0
119 irecv 118 1300 200 0
119 send 116 1300 1 0
119 send 118 1100 1 0
119 wait 117 120 1100
119 wait 119 120 1300
119 irecv 123 2100 200 0
119 irecv 115 2300 200 0
119 send 123 2300 4 0
119 send 115 2100 4 0
119 wait 124 120 2100
119 wait 116 120 2300
119 irecv 151 3100 200 0
119 irecv 87 3300 200 0
119 send 151 3300 12 0
119 send 87 3100 12 0
119 wait 152 120 3100
119 wait 88 120 3300
119 irecv 116 1100 200 0
119 irecv 118 1300 200 0
119 send 116 1300 1 0
119 send 118 1100 1 0
119 wait 117 120 1100
119 wait 119 120 1300
119 irecv 123 2100 200 0
119 irecv 115 2300 200 0
119 send 123 2300 4 0
119 send 115 2100 4 0
119 wait 124 120 2100
119 wait 116 120 2300
119 irecv 151 3100 200 0
119 irecv 87 3300 200 0
119 send 151 3300 12 0
119 send 87 3100 12 0
119 wait 152 120 3100
119 wait 88 120 3300
119 irecv 116 1100 200 0
119 irecv 118 1300 200 0
119 send 116 1300 4 0
119 send 118 1100 4 0
119 wait 117 120 1100
119 wait 119 120 1300
119 irecv 123 2100 200 0
119 irecv 115 2300 200 0
119 send 123 2300 12 0
119 send 115 2100 12 0
119 wait 124 120 2100
119 wait 116 120 2300
119 irecv 151 3100 200 0
119 irecv 87 3300 200 0
119 send 151 3300 24 0
119 send 87 3100 24 0
119 wait 152 120 3100
119 wait 88 120 3300
119 irecv 116 1100 200 0
119 irecv 118 1300 200 0
119 send 116 1300 4 0
119 send 118 1100 4 0
119 wait 117 120 1100
119 wait 119 120 1300
119 irecv 123 2100 200 0
119 irecv 115 2300 200 0
119 send 123 2300 12 0
119 send 115 2100 12 0
119 wait 124 120 2100
119 wait 116 120 2300
119 irecv 151 3100 200 0
119 irecv 87 3300 200 0
119 send 151 3300 24 0
119 send 87 3100 24 0
119 wait 152 120 3100
119 wait 88 120 3300
119 irecv 116 1100 200 0
119 irecv 118 1300 200 0
119 send 116 1300 16 0
119 send 118 1100 16 0
119 wait 117 120 1100
119 wait 119 120 1300
119 irecv 123 2100 200 0
119 irecv 115 2300 200 0
119 send 123 2300 40 0
119 send 115 2100 40 0
119 wait 124 120 2100
119 wait 116 120 2300
119 irecv 151 3100 200 0
119 irecv 87 3300 200 0
119 send 151 3300 60 0
119 send 87 3100 60 0
119 wait 152 120 3100
119 wait 88 120 3300
119 irecv 116 1100 200 0
119 irecv 118 1300 200 0
119 send 116 1300 16 0
119 send 118 1100 16 0
119 wait 117 120 1100
119 wait 119 120 1300
119 irecv 123 2100 200 0
119 irecv 115 2300 200 0
119 send 123 2300 40 0
119 send 115 2100 40 0
119 wait 124 120 2100
119 wait 116 120 2300
119 irecv 151 3100 200 0
119 irecv 87 3300 200 0
119 send 151 3300 60 0
119 send 87 3100 60 0
119 wait 152 120 3100
119 wait 88 120 3300
119 irecv 116 1100 200 0
119 irecv 118 1300 200 0
119 send 116 1300 16 0
119 send 118 1100 16 0
119 wait 117 120 1100
119 wait 119 120 1300
119 irecv 123 2100 200 0
119 irecv 115 2300 200 0
119 send 123 2300 40 0
119 send 115 2100 40 0
119 wait 124 120 2100
119 wait 116 120 2300
119 irecv 151 3100 200 0
119 irecv 87 3300 200 0
119 send 151 3300 60 0
119 send 87 3100 60 0
119 wait 152 120 3100
119 wait 88 120 3300
119 irecv 116 1100 200 0
119 irecv 118 1300 200 0
119 send 116 1300 4 0
119 send 118 1100 4 0
119 wait 117 120 1100
119 wait 119 120 1300
119 irecv 123 2100 200 0
119 irecv 115 2300 200 0
119 send 123 2300 12 0
119 send 115 2100 12 0
119 wait 124 120 2100
119 wait 116 120 2300
119 irecv 151 3100 200 0
119 irecv 87 3300 200 0
119 send 151 3300 24 0
119 send 87 3100 24 0
119 wait 152 120 3100
119 wait 88 120 3300
119 irecv 116 1100 200 0
119 irecv 118 1300 200 0
119 send 116 1300 1 0
119 send 118 1100 1 0
119 wait 117 120 1100
119 wait 119 120 1300
119 irecv 123 2100 200 0
119 irecv 115 2300 200 0
119 send 123 2300 4 0
119 send 115 2100 4 0
119 wait 124 120 2100
119 wait 116 120 2300
119 irecv 151 3100 200 0
119 irecv 87 3300 200 0
119 send 151 3300 12 0
119 send 87 3100 12 0
119 wait 152 120 3100
119 wait 88 120 3300
119 irecv 116 1100 200 0
119 irecv 118 1300 200 0
119 send 116 1300 1 0
119 send 118 1100 1 0
119 wait 117 120 1100
119 wait 119 120 1300
119 irecv 127 2100 200 0
119 irecv 111 2300 200 0
119 send 127 2300 3 0
119 send 111 2100 3 0
119 wait 128 120 2100
119 wait 112 120 2300
119 irecv 183 3100 200 0
119 irecv 55 3300 200 0
119 send 183 3300 9 0
119 send 55 3100 9 0
119 wait 184 120 3100
119 wait 56 120 3300
119 send 116 1300 18 0
119 send 118 1100 9 0
119 irecv 127 2100 200 0
119 irecv 111 2300 200 0
119 wait 128 120 2100
119 wait 112 120 2300
119 send 183 3300 18 0
119 send 55 3100 9 0
119 irecv 116 1100 200 0
119 irecv 118 1300 200 0
119 send 116 1300 1 0
119 send 118 1100 1 0
119 wait 117 120 1100
119 wait 119 120 1300
119 irecv 127 2100 200 0
119 irecv 111 2300 200 0
119 send 127 2300 3 0
119 send 111 2100 3 0
119 wait 128 120 2100
119 wait 112 120 2300
119 irecv 183 3100 200 0
119 irecv 55 3300 200 0
119 send 183 3300 9 0
119 send 55 3100 9 0
119 wait 184 120 3100
119 wait 56 120 3300
119 irecv 116 1100 200 0
119 irecv 118 1300 200 0
119 send 116 1300 1 0
119 send 118 1100 1 0
119 wait 117 120 1100
119 wait 119 120 1300
119 irecv 127 2100 200 0
119 irecv 111 2300 200 0
119 send 127 2300 3 0
119 send 111 2100 3 0
119 wait 128 120 2100
119 wait 112 120 2300
119 irecv 183 3100 200 0
119 irecv 55 3300 200 0
119 send 183 3300 9 0
119 send 55 3100 9 0
119 wait 184 120 3100
119 wait 56 120 3300
119 send 123 2300 24 0
119 send 115 2100 12 0
119 send 151 3300 24 0
119 send 87 3100 12 0
119 irecv 116 1100 200 0
119 irecv 118 1300 200 0
119 send 116 1300 1 0
119 send 118 1100 1 0
119 wait 117 120 1100
119 wait 119 120 1300
119 irecv 123 2100 200 0
119 irecv 115 2300 200 0
119 send 123 2300 4 0
119 send 115 2100 4 0
119 wait 124 120 2100
119 wait 116 120 2300
119 irecv 151 3100 200 0
119 irecv 87 3300 200 0
119 send 151 3300 12 0
119 send 87 3100 12 0
119 wait 152 120 3100
119 wait 88 120 3300
119 irecv 116 1100 200 0
119 irecv 118 1300 200 0
119 send 116 1300 1 0
119 send 118 1100 1 0
119 wait 117 120 1100
119 wait 119 120 1300
119 irecv 123 2100 200 0
119 irecv 115 2300 200 0
119 send 123 2300 4 0
119 send 115 2100 4 0
119 wait 124 120 2100
119 wait 116 120 2300
119 irecv 151 3100 200 0
119 irecv 87 3300 200 0
119 send 151 3300 12 0
119 send 87 3100 12 0
119 wait 152 120 3100
119 wait 88 120 3300
119 irecv 116 1100 200 0
119 irecv 118 1300 200 0
119 send 116 1300 4 0
119 send 118 1100 4 0
119 wait 117 120 1100
119 wait 119 120 1300
119 irecv 123 2100 200 0
119 irecv 115 2300 200 0
119 send 123 2300 12 0
119 send 115 2100 12 0
119 wait 124 120 2100
119 wait 116 120 2300
119 irecv 151 3100 200 0
119 irecv 87 3300 200 0
119 send 151 3300 24 0
119 send 87 3100 24 0
119 wait 152 120 3100
119 wait 88 120 3300
119 irecv 116 1100 200 0
119 irecv 118 1300 200 0
119 send 116 1300 4 0
119 send 118 1100 4 0
119 wait 117 120 1100
119 wait 119 120 1300
119 irecv 123 2100 200 0
119 irecv 115 2300 200 0
119 send 123 2300 12 0
119 send 115 2100 12 0
119 wait 124 120 2100
119 wait 116 120 2300
119 irecv 151 3100 200 0
119 irecv 87 3300 200 0
119 send 151 3300 24 0
119 send 87 3100 24 0
119 wait 152 120 3100
119 wait 88 120 3300
119 irecv 116 1100 200 0
119 irecv 118 1300 200 0
119 send 116 1300 16 0
119 send 118 1100 16 0
119 wait 117 120 1100
119 wait 119 120 1300
119 irecv 123 2100 200 0
119 irecv 115 2300 200 0
119 send 123 2300 40 0
119 send 115 2100 40 0
119 wait 124 120 2100
119 wait 116 120 2300
119 irecv 151 3100 200 0
119 irecv 87 3300 200 0
119 send 151 3300 60 0
119 send 87 3100 60 0
119 wait 152 120 3100
119 wait 88 120 3300
119 irecv 116 1100 200 0
119 irecv 118 1300 200 0
119 send 116 1300 16 0
119 send 118 1100 16 0
119 wait 117 120 1100
119 wait 119 120 1300
119 irecv 123 2100 200 0
119 irecv 115 2300 200 0
119 send 123 2300 40 0
119 send 115 2100 40 0
119 wait 124 120 2100
119 wait 116 120 2300
119 irecv 151 3100 200 0
119 irecv 87 3300 200 0
119 send 151 3300 60 0
119 send 87 3100 60 0
119 wait 152 120 3100
119 wait 88 120 3300
119 irecv 116 1100 200 0
119 irecv 118 1300 200 0
119 send 116 1300 16 0
119 send 118 1100 16 0
119 wait 117 120 1100
119 wait 119 120 1300
119 irecv 123 2100 200 0
119 irecv 115 2300 200 0
119 send 123 2300 40 0
119 send 115 2100 40 0
119 wait 124 120 2100
119 wait 116 120 2300
119 irecv 151 3100 200 0
119 irecv 87 3300 200 0
119 send 151 3300 60 0
119 send 87 3100 60 0
119 wait 152 120 3100
119 wait 88 120 3300
119 allreduce 1 0 0 
119 allreduce 1 0 0 
119 reduce 1 0 0 0 
119 finalize
