218 init
218 barrier
218 bcast 1 0 1 
218 bcast 1 0 1 
218 bcast 1 0 1 
218 bcast 1 0 1 
218 bcast 1 0 1 
218 bcast 8 0 1 
218 bcast 1 0 16 
218 barrier
218 allreduce 1 0 0 
218 allreduce 4 0 1 
218 allreduce 1 0 0 
218 allreduce 4 0 1 
218 allreduce 1 0 0 
218 allreduce 4 0 1 
218 allreduce 1 0 0 
218 allreduce 4 0 1 
218 allreduce 1 0 0 
218 allreduce 4 0 1 
218 allreduce 1 0 0 
218 allreduce 4 0 1 
218 allreduce 1 0 0 
218 allreduce 4 0 1 
218 allreduce 1 0 0 
218 allreduce 4 0 1 
218 allreduce 1 0 0 
218 allreduce 4 0 1 
218 allreduce 1 0 0 
218 allreduce 4 0 1 
218 allreduce 1 0 0 
218 allreduce 4 0 1 
218 allreduce 1 0 0 
218 allreduce 4 0 1 
218 allreduce 1 0 0 
218 allreduce 4 0 1 
218 allreduce 1 0 0 
218 allreduce 4 0 1 
218 allreduce 1 0 0 
218 allreduce 4 0 1 
218 allreduce 1 0 0 
218 allreduce 4 0 1 
218 allreduce 1 0 0 
218 allreduce 4 0 1 
218 allreduce 1 0 0 
218 allreduce 4 0 1 
218 allreduce 1 0 0 
218 allreduce 4 0 1 
218 allreduce 1 0 0 
218 allreduce 4 0 1 
218 barrier
218 irecv 219 1100 200 0
218 irecv 217 1300 200 0
218 send 219 1300 16 0
218 send 217 1100 16 0
218 wait 220 219 1100
218 wait 218 219 1300
218 irecv 222 2100 200 0
218 irecv 214 2300 200 0
218 send 222 2300 40 0
218 send 214 2100 40 0
218 wait 223 219 2100
218 wait 215 219 2300
218 irecv 250 3100 200 0
218 irecv 186 3300 200 0
218 send 250 3300 60 0
218 send 186 3100 60 0
218 wait 251 219 3100
218 wait 187 219 3300
218 allreduce 1 0 0 
218 allreduce 1 0 0 
218 irecv 219 1100 200 0
218 irecv 217 1300 200 0
218 send 219 1300 16 0
218 send 217 1100 16 0
218 wait 220 219 1100
218 wait 218 219 1300
218 irecv 222 2100 200 0
218 irecv 214 2300 200 0
218 send 222 2300 40 0
218 send 214 2100 40 0
218 wait 223 219 2100
218 wait 215 219 2300
218 irecv 250 3100 200 0
218 irecv 186 3300 200 0
218 send 250 3300 60 0
218 send 186 3100 60 0
218 wait 251 219 3100
218 wait 187 219 3300
218 allreduce 1 0 0 
218 allreduce 1 0 0 
218 irecv 219 1100 200 0
218 irecv 217 1300 200 0
218 send 219 1300 4 0
218 send 217 1100 4 0
218 wait 220 219 1100
218 wait 218 219 1300
218 irecv 222 2100 200 0
218 irecv 214 2300 200 0
218 send 222 2300 12 0
218 send 214 2100 12 0
218 wait 223 219 2100
218 wait 215 219 2300
218 irecv 250 3100 200 0
218 irecv 186 3300 200 0
218 send 250 3300 24 0
218 send 186 3100 24 0
218 wait 251 219 3100
218 wait 187 219 3300
218 irecv 219 1100 200 0
218 irecv 217 1300 200 0
218 send 219 1300 1 0
218 send 217 1100 1 0
218 wait 220 219 1100
218 wait 218 219 1300
218 irecv 222 2100 200 0
218 irecv 214 2300 200 0
218 send 222 2300 4 0
218 send 214 2100 4 0
218 wait 223 219 2100
218 wait 215 219 2300
218 irecv 250 3100 200 0
218 irecv 186 3300 200 0
218 send 250 3300 12 0
218 send 186 3100 12 0
218 wait 251 219 3100
218 wait 187 219 3300
218 irecv 219 1100 200 0
218 irecv 217 1300 200 0
218 wait 220 219 1100
218 wait 218 219 1300
218 irecv 222 2100 200 0
218 irecv 214 2300 200 0
218 wait 223 219 2100
218 wait 215 219 2300
218 irecv 250 3100 200 0
218 irecv 186 3300 200 0
218 wait 251 219 3100
218 wait 187 219 3300
218 irecv 219 1100 200 0
218 irecv 217 1300 200 0
218 send 219 1300 1 0
218 send 217 1100 1 0
218 wait 220 219 1100
218 wait 218 219 1300
218 irecv 222 2100 200 0
218 irecv 214 2300 200 0
218 send 222 2300 4 0
218 send 214 2100 4 0
218 wait 223 219 2100
218 wait 215 219 2300
218 irecv 250 3100 200 0
218 irecv 186 3300 200 0
218 send 250 3300 12 0
218 send 186 3100 12 0
218 wait 251 219 3100
218 wait 187 219 3300
218 irecv 219 1100 200 0
218 irecv 217 1300 200 0
218 send 219 1300 1 0
218 send 217 1100 1 0
218 wait 220 219 1100
218 wait 218 219 1300
218 irecv 222 2100 200 0
218 irecv 214 2300 200 0
218 send 222 2300 4 0
218 send 214 2100 4 0
218 wait 223 219 2100
218 wait 215 219 2300
218 irecv 250 3100 200 0
218 irecv 186 3300 200 0
218 send 250 3300 12 0
218 send 186 3100 12 0
218 wait 251 219 3100
218 wait 187 219 3300
218 irecv 219 1100 200 0
218 irecv 217 1300 200 0
218 send 219 1300 4 0
218 send 217 1100 4 0
218 wait 220 219 1100
218 wait 218 219 1300
218 irecv 222 2100 200 0
218 irecv 214 2300 200 0
218 send 222 2300 12 0
218 send 214 2100 12 0
218 wait 223 219 2100
218 wait 215 219 2300
218 irecv 250 3100 200 0
218 irecv 186 3300 200 0
218 send 250 3300 24 0
218 send 186 3100 24 0
218 wait 251 219 3100
218 wait 187 219 3300
218 irecv 219 1100 200 0
218 irecv 217 1300 200 0
218 send 219 1300 4 0
218 send 217 1100 4 0
218 wait 220 219 1100
218 wait 218 219 1300
218 irecv 222 2100 200 0
218 irecv 214 2300 200 0
218 send 222 2300 12 0
218 send 214 2100 12 0
218 wait 223 219 2100
218 wait 215 219 2300
218 irecv 250 3100 200 0
218 irecv 186 3300 200 0
218 send 250 3300 24 0
218 send 186 3100 24 0
218 wait 251 219 3100
218 wait 187 219 3300
218 irecv 219 1100 200 0
218 irecv 217 1300 200 0
218 send 219 1300 16 0
218 send 217 1100 16 0
218 wait 220 219 1100
218 wait 218 219 1300
218 irecv 222 2100 200 0
218 irecv 214 2300 200 0
218 send 222 2300 40 0
218 send 214 2100 40 0
218 wait 223 219 2100
218 wait 215 219 2300
218 irecv 250 3100 200 0
218 irecv 186 3300 200 0
218 send 250 3300 60 0
218 send 186 3100 60 0
218 wait 251 219 3100
218 wait 187 219 3300
218 irecv 219 1100 200 0
218 irecv 217 1300 200 0
218 send 219 1300 16 0
218 send 217 1100 16 0
218 wait 220 219 1100
218 wait 218 219 1300
218 irecv 222 2100 200 0
218 irecv 214 2300 200 0
218 send 222 2300 40 0
218 send 214 2100 40 0
218 wait 223 219 2100
218 wait 215 219 2300
218 irecv 250 3100 200 0
218 irecv 186 3300 200 0
218 send 250 3300 60 0
218 send 186 3100 60 0
218 wait 251 219 3100
218 wait 187 219 3300
218 irecv 219 1100 200 0
218 irecv 217 1300 200 0
218 send 219 1300 16 0
218 send 217 1100 16 0
218 wait 220 219 1100
218 wait 218 219 1300
218 irecv 222 2100 200 0
218 irecv 214 2300 200 0
218 send 222 2300 40 0
218 send 214 2100 40 0
218 wait 223 219 2100
218 wait 215 219 2300
218 irecv 250 3100 200 0
218 irecv 186 3300 200 0
218 send 250 3300 60 0
218 send 186 3100 60 0
218 wait 251 219 3100
218 wait 187 219 3300
218 barrier
218 allreduce 1 0 0 
218 allreduce 4 0 1 
218 allreduce 1 0 0 
218 allreduce 4 0 1 
218 allreduce 1 0 0 
218 allreduce 4 0 1 
218 allreduce 1 0 0 
218 allreduce 4 0 1 
218 allreduce 1 0 0 
218 allreduce 4 0 1 
218 allreduce 1 0 0 
218 allreduce 4 0 1 
218 allreduce 1 0 0 
218 allreduce 4 0 1 
218 allreduce 1 0 0 
218 allreduce 4 0 1 
218 allreduce 1 0 0 
218 allreduce 4 0 1 
218 allreduce 1 0 0 
218 allreduce 4 0 1 
218 allreduce 1 0 0 
218 allreduce 4 0 1 
218 allreduce 1 0 0 
218 allreduce 4 0 1 
218 allreduce 1 0 0 
218 allreduce 4 0 1 
218 allreduce 1 0 0 
218 allreduce 4 0 1 
218 allreduce 1 0 0 
218 allreduce 4 0 1 
218 allreduce 1 0 0 
218 allreduce 4 0 1 
218 allreduce 1 0 0 
218 allreduce 4 0 1 
218 allreduce 1 0 0 
218 allreduce 4 0 1 
218 allreduce 1 0 0 
218 allreduce 4 0 1 
218 allreduce 1 0 0 
218 allreduce 4 0 1 
218 barrier
218 irecv 219 1100 200 0
218 irecv 217 1300 200 0
218 send 219 1300 16 0
218 send 217 1100 16 0
218 wait 220 219 1100
218 wait 218 219 1300
218 irecv 222 2100 200 0
218 irecv 214 2300 200 0
218 send 222 2300 40 0
218 send 214 2100 40 0
218 wait 223 219 2100
218 wait 215 219 2300
218 irecv 250 3100 200 0
218 irecv 186 3300 200 0
218 send 250 3300 60 0
218 send 186 3100 60 0
218 wait 251 219 3100
218 wait 187 219 3300
218 barrier
218 irecv 219 1100 200 0
218 irecv 217 1300 200 0
218 send 219 1300 16 0
218 send 217 1100 16 0
218 wait 220 219 1100
218 wait 218 219 1300
218 irecv 222 2100 200 0
218 irecv 214 2300 200 0
218 send 222 2300 40 0
218 send 214 2100 40 0
218 wait 223 219 2100
218 wait 215 219 2300
218 irecv 250 3100 200 0
218 irecv 186 3300 200 0
218 send 250 3300 60 0
218 send 186 3100 60 0
218 wait 251 219 3100
218 wait 187 219 3300
218 allreduce 1 0 0 
218 allreduce 1 0 0 
218 irecv 219 1100 200 0
218 irecv 217 1300 200 0
218 send 219 1300 4 0
218 send 217 1100 4 0
218 wait 220 219 1100
218 wait 218 219 1300
218 irecv 222 2100 200 0
218 irecv 214 2300 200 0
218 send 222 2300 12 0
218 send 214 2100 12 0
218 wait 223 219 2100
218 wait 215 219 2300
218 irecv 250 3100 200 0
218 irecv 186 3300 200 0
218 send 250 3300 24 0
218 send 186 3100 24 0
218 wait 251 219 3100
218 wait 187 219 3300
218 irecv 219 1100 200 0
218 irecv 217 1300 200 0
218 send 219 1300 1 0
218 send 217 1100 1 0
218 wait 220 219 1100
218 wait 218 219 1300
218 irecv 222 2100 200 0
218 irecv 214 2300 200 0
218 send 222 2300 4 0
218 send 214 2100 4 0
218 wait 223 219 2100
218 wait 215 219 2300
218 irecv 250 3100 200 0
218 irecv 186 3300 200 0
218 send 250 3300 12 0
218 send 186 3100 12 0
218 wait 251 219 3100
218 wait 187 219 3300
218 irecv 219 1100 200 0
218 irecv 217 1300 200 0
218 wait 220 219 1100
218 wait 218 219 1300
218 irecv 222 2100 200 0
218 irecv 214 2300 200 0
218 wait 223 219 2100
218 wait 215 219 2300
218 irecv 250 3100 200 0
218 irecv 186 3300 200 0
218 wait 251 219 3100
218 wait 187 219 3300
218 irecv 219 1100 200 0
218 irecv 217 1300 200 0
218 send 219 1300 1 0
218 send 217 1100 1 0
218 wait 220 219 1100
218 wait 218 219 1300
218 irecv 222 2100 200 0
218 irecv 214 2300 200 0
218 send 222 2300 4 0
218 send 214 2100 4 0
218 wait 223 219 2100
218 wait 215 219 2300
218 irecv 250 3100 200 0
218 irecv 186 3300 200 0
218 send 250 3300 12 0
218 send 186 3100 12 0
218 wait 251 219 3100
218 wait 187 219 3300
218 irecv 219 1100 200 0
218 irecv 217 1300 200 0
218 send 219 1300 1 0
218 send 217 1100 1 0
218 wait 220 219 1100
218 wait 218 219 1300
218 irecv 222 2100 200 0
218 irecv 214 2300 200 0
218 send 222 2300 4 0
218 send 214 2100 4 0
218 wait 223 219 2100
218 wait 215 219 2300
218 irecv 250 3100 200 0
218 irecv 186 3300 200 0
218 send 250 3300 12 0
218 send 186 3100 12 0
218 wait 251 219 3100
218 wait 187 219 3300
218 irecv 219 1100 200 0
218 irecv 217 1300 200 0
218 send 219 1300 4 0
218 send 217 1100 4 0
218 wait 220 219 1100
218 wait 218 219 1300
218 irecv 222 2100 200 0
218 irecv 214 2300 200 0
218 send 222 2300 12 0
218 send 214 2100 12 0
218 wait 223 219 2100
218 wait 215 219 2300
218 irecv 250 3100 200 0
218 irecv 186 3300 200 0
218 send 250 3300 24 0
218 send 186 3100 24 0
218 wait 251 219 3100
218 wait 187 219 3300
218 irecv 219 1100 200 0
218 irecv 217 1300 200 0
218 send 219 1300 4 0
218 send 217 1100 4 0
218 wait 220 219 1100
218 wait 218 219 1300
218 irecv 222 2100 200 0
218 irecv 214 2300 200 0
218 send 222 2300 12 0
218 send 214 2100 12 0
218 wait 223 219 2100
218 wait 215 219 2300
218 irecv 250 3100 200 0
218 irecv 186 3300 200 0
218 send 250 3300 24 0
218 send 186 3100 24 0
218 wait 251 219 3100
218 wait 187 219 3300
218 irecv 219 1100 200 0
218 irecv 217 1300 200 0
218 send 219 1300 16 0
218 send 217 1100 16 0
218 wait 220 219 1100
218 wait 218 219 1300
218 irecv 222 2100 200 0
218 irecv 214 2300 200 0
218 send 222 2300 40 0
218 send 214 2100 40 0
218 wait 223 219 2100
218 wait 215 219 2300
218 irecv 250 3100 200 0
218 irecv 186 3300 200 0
218 send 250 3300 60 0
218 send 186 3100 60 0
218 wait 251 219 3100
218 wait 187 219 3300
218 irecv 219 1100 200 0
218 irecv 217 1300 200 0
218 send 219 1300 16 0
218 send 217 1100 16 0
218 wait 220 219 1100
218 wait 218 219 1300
218 irecv 222 2100 200 0
218 irecv 214 2300 200 0
218 send 222 2300 40 0
218 send 214 2100 40 0
218 wait 223 219 2100
218 wait 215 219 2300
218 irecv 250 3100 200 0
218 irecv 186 3300 200 0
218 send 250 3300 60 0
218 send 186 3100 60 0
218 wait 251 219 3100
218 wait 187 219 3300
218 irecv 219 1100 200 0
218 irecv 217 1300 200 0
218 send 219 1300 16 0
218 send 217 1100 16 0
218 wait 220 219 1100
218 wait 218 219 1300
218 irecv 222 2100 200 0
218 irecv 214 2300 200 0
218 send 222 2300 40 0
218 send 214 2100 40 0
218 wait 223 219 2100
218 wait 215 219 2300
218 irecv 250 3100 200 0
218 irecv 186 3300 200 0
218 send 250 3300 60 0
218 send 186 3100 60 0
218 wait 251 219 3100
218 wait 187 219 3300
218 irecv 219 1100 200 0
218 irecv 217 1300 200 0
218 send 219 1300 4 0
218 send 217 1100 4 0
218 wait 220 219 1100
218 wait 218 219 1300
218 irecv 222 2100 200 0
218 irecv 214 2300 200 0
218 send 222 2300 12 0
218 send 214 2100 12 0
218 wait 223 219 2100
218 wait 215 219 2300
218 irecv 250 3100 200 0
218 irecv 186 3300 200 0
218 send 250 3300 24 0
218 send 186 3100 24 0
218 wait 251 219 3100
218 wait 187 219 3300
218 irecv 219 1100 200 0
218 irecv 217 1300 200 0
218 send 219 1300 1 0
218 send 217 1100 1 0
218 wait 220 219 1100
218 wait 218 219 1300
218 irecv 222 2100 200 0
218 irecv 214 2300 200 0
218 send 222 2300 4 0
218 send 214 2100 4 0
218 wait 223 219 2100
218 wait 215 219 2300
218 irecv 250 3100 200 0
218 irecv 186 3300 200 0
218 send 250 3300 12 0
218 send 186 3100 12 0
218 wait 251 219 3100
218 wait 187 219 3300
218 irecv 219 1100 200 0
218 irecv 217 1300 200 0
218 wait 220 219 1100
218 wait 218 219 1300
218 irecv 222 2100 200 0
218 irecv 214 2300 200 0
218 wait 223 219 2100
218 wait 215 219 2300
218 irecv 250 3100 200 0
218 irecv 186 3300 200 0
218 wait 251 219 3100
218 wait 187 219 3300
218 irecv 219 1100 200 0
218 irecv 217 1300 200 0
218 send 219 1300 1 0
218 send 217 1100 1 0
218 wait 220 219 1100
218 wait 218 219 1300
218 irecv 222 2100 200 0
218 irecv 214 2300 200 0
218 send 222 2300 4 0
218 send 214 2100 4 0
218 wait 223 219 2100
218 wait 215 219 2300
218 irecv 250 3100 200 0
218 irecv 186 3300 200 0
218 send 250 3300 12 0
218 send 186 3100 12 0
218 wait 251 219 3100
218 wait 187 219 3300
218 irecv 219 1100 200 0
218 irecv 217 1300 200 0
218 send 219 1300 1 0
218 send 217 1100 1 0
218 wait 220 219 1100
218 wait 218 219 1300
218 irecv 222 2100 200 0
218 irecv 214 2300 200 0
218 send 222 2300 4 0
218 send 214 2100 4 0
218 wait 223 219 2100
218 wait 215 219 2300
218 irecv 250 3100 200 0
218 irecv 186 3300 200 0
218 send 250 3300 12 0
218 send 186 3100 12 0
218 wait 251 219 3100
218 wait 187 219 3300
218 irecv 219 1100 200 0
218 irecv 217 1300 200 0
218 send 219 1300 4 0
218 send 217 1100 4 0
218 wait 220 219 1100
218 wait 218 219 1300
218 irecv 222 2100 200 0
218 irecv 214 2300 200 0
218 send 222 2300 12 0
218 send 214 2100 12 0
218 wait 223 219 2100
218 wait 215 219 2300
218 irecv 250 3100 200 0
218 irecv 186 3300 200 0
218 send 250 3300 24 0
218 send 186 3100 24 0
218 wait 251 219 3100
218 wait 187 219 3300
218 irecv 219 1100 200 0
218 irecv 217 1300 200 0
218 send 219 1300 4 0
218 send 217 1100 4 0
218 wait 220 219 1100
218 wait 218 219 1300
218 irecv 222 2100 200 0
218 irecv 214 2300 200 0
218 send 222 2300 12 0
218 send 214 2100 12 0
218 wait 223 219 2100
218 wait 215 219 2300
218 irecv 250 3100 200 0
218 irecv 186 3300 200 0
218 send 250 3300 24 0
218 send 186 3100 24 0
218 wait 251 219 3100
218 wait 187 219 3300
218 irecv 219 1100 200 0
218 irecv 217 1300 200 0
218 send 219 1300 16 0
218 send 217 1100 16 0
218 wait 220 219 1100
218 wait 218 219 1300
218 irecv 222 2100 200 0
218 irecv 214 2300 200 0
218 send 222 2300 40 0
218 send 214 2100 40 0
218 wait 223 219 2100
218 wait 215 219 2300
218 irecv 250 3100 200 0
218 irecv 186 3300 200 0
218 send 250 3300 60 0
218 send 186 3100 60 0
218 wait 251 219 3100
218 wait 187 219 3300
218 irecv 219 1100 200 0
218 irecv 217 1300 200 0
218 send 219 1300 16 0
218 send 217 1100 16 0
218 wait 220 219 1100
218 wait 218 219 1300
218 irecv 222 2100 200 0
218 irecv 214 2300 200 0
218 send 222 2300 40 0
218 send 214 2100 40 0
218 wait 223 219 2100
218 wait 215 219 2300
218 irecv 250 3100 200 0
218 irecv 186 3300 200 0
218 send 250 3300 60 0
218 send 186 3100 60 0
218 wait 251 219 3100
218 wait 187 219 3300
218 irecv 219 1100 200 0
218 irecv 217 1300 200 0
218 send 219 1300 16 0
218 send 217 1100 16 0
218 wait 220 219 1100
218 wait 218 219 1300
218 irecv 222 2100 200 0
218 irecv 214 2300 200 0
218 send 222 2300 40 0
218 send 214 2100 40 0
218 wait 223 219 2100
218 wait 215 219 2300
218 irecv 250 3100 200 0
218 irecv 186 3300 200 0
218 send 250 3300 60 0
218 send 186 3100 60 0
218 wait 251 219 3100
218 wait 187 219 3300
218 irecv 219 1100 200 0
218 irecv 217 1300 200 0
218 send 219 1300 4 0
218 send 217 1100 4 0
218 wait 220 219 1100
218 wait 218 219 1300
218 irecv 222 2100 200 0
218 irecv 214 2300 200 0
218 send 222 2300 12 0
218 send 214 2100 12 0
218 wait 223 219 2100
218 wait 215 219 2300
218 irecv 250 3100 200 0
218 irecv 186 3300 200 0
218 send 250 3300 24 0
218 send 186 3100 24 0
218 wait 251 219 3100
218 wait 187 219 3300
218 irecv 219 1100 200 0
218 irecv 217 1300 200 0
218 send 219 1300 1 0
218 send 217 1100 1 0
218 wait 220 219 1100
218 wait 218 219 1300
218 irecv 222 2100 200 0
218 irecv 214 2300 200 0
218 send 222 2300 4 0
218 send 214 2100 4 0
218 wait 223 219 2100
218 wait 215 219 2300
218 irecv 250 3100 200 0
218 irecv 186 3300 200 0
218 send 250 3300 12 0
218 send 186 3100 12 0
218 wait 251 219 3100
218 wait 187 219 3300
218 irecv 219 1100 200 0
218 irecv 217 1300 200 0
218 wait 220 219 1100
218 wait 218 219 1300
218 irecv 222 2100 200 0
218 irecv 214 2300 200 0
218 wait 223 219 2100
218 wait 215 219 2300
218 irecv 250 3100 200 0
218 irecv 186 3300 200 0
218 wait 251 219 3100
218 wait 187 219 3300
218 irecv 219 1100 200 0
218 irecv 217 1300 200 0
218 send 219 1300 1 0
218 send 217 1100 1 0
218 wait 220 219 1100
218 wait 218 219 1300
218 irecv 222 2100 200 0
218 irecv 214 2300 200 0
218 send 222 2300 4 0
218 send 214 2100 4 0
218 wait 223 219 2100
218 wait 215 219 2300
218 irecv 250 3100 200 0
218 irecv 186 3300 200 0
218 send 250 3300 12 0
218 send 186 3100 12 0
218 wait 251 219 3100
218 wait 187 219 3300
218 irecv 219 1100 200 0
218 irecv 217 1300 200 0
218 send 219 1300 1 0
218 send 217 1100 1 0
218 wait 220 219 1100
218 wait 218 219 1300
218 irecv 222 2100 200 0
218 irecv 214 2300 200 0
218 send 222 2300 4 0
218 send 214 2100 4 0
218 wait 223 219 2100
218 wait 215 219 2300
218 irecv 250 3100 200 0
218 irecv 186 3300 200 0
218 send 250 3300 12 0
218 send 186 3100 12 0
218 wait 251 219 3100
218 wait 187 219 3300
218 irecv 219 1100 200 0
218 irecv 217 1300 200 0
218 send 219 1300 4 0
218 send 217 1100 4 0
218 wait 220 219 1100
218 wait 218 219 1300
218 irecv 222 2100 200 0
218 irecv 214 2300 200 0
218 send 222 2300 12 0
218 send 214 2100 12 0
218 wait 223 219 2100
218 wait 215 219 2300
218 irecv 250 3100 200 0
218 irecv 186 3300 200 0
218 send 250 3300 24 0
218 send 186 3100 24 0
218 wait 251 219 3100
218 wait 187 219 3300
218 irecv 219 1100 200 0
218 irecv 217 1300 200 0
218 send 219 1300 4 0
218 send 217 1100 4 0
218 wait 220 219 1100
218 wait 218 219 1300
218 irecv 222 2100 200 0
218 irecv 214 2300 200 0
218 send 222 2300 12 0
218 send 214 2100 12 0
218 wait 223 219 2100
218 wait 215 219 2300
218 irecv 250 3100 200 0
218 irecv 186 3300 200 0
218 send 250 3300 24 0
218 send 186 3100 24 0
218 wait 251 219 3100
218 wait 187 219 3300
218 irecv 219 1100 200 0
218 irecv 217 1300 200 0
218 send 219 1300 16 0
218 send 217 1100 16 0
218 wait 220 219 1100
218 wait 218 219 1300
218 irecv 222 2100 200 0
218 irecv 214 2300 200 0
218 send 222 2300 40 0
218 send 214 2100 40 0
218 wait 223 219 2100
218 wait 215 219 2300
218 irecv 250 3100 200 0
218 irecv 186 3300 200 0
218 send 250 3300 60 0
218 send 186 3100 60 0
218 wait 251 219 3100
218 wait 187 219 3300
218 irecv 219 1100 200 0
218 irecv 217 1300 200 0
218 send 219 1300 16 0
218 send 217 1100 16 0
218 wait 220 219 1100
218 wait 218 219 1300
218 irecv 222 2100 200 0
218 irecv 214 2300 200 0
218 send 222 2300 40 0
218 send 214 2100 40 0
218 wait 223 219 2100
218 wait 215 219 2300
218 irecv 250 3100 200 0
218 irecv 186 3300 200 0
218 send 250 3300 60 0
218 send 186 3100 60 0
218 wait 251 219 3100
218 wait 187 219 3300
218 irecv 219 1100 200 0
218 irecv 217 1300 200 0
218 send 219 1300 16 0
218 send 217 1100 16 0
218 wait 220 219 1100
218 wait 218 219 1300
218 irecv 222 2100 200 0
218 irecv 214 2300 200 0
218 send 222 2300 40 0
218 send 214 2100 40 0
218 wait 223 219 2100
218 wait 215 219 2300
218 irecv 250 3100 200 0
218 irecv 186 3300 200 0
218 send 250 3300 60 0
218 send 186 3100 60 0
218 wait 251 219 3100
218 wait 187 219 3300
218 irecv 219 1100 200 0
218 irecv 217 1300 200 0
218 send 219 1300 4 0
218 send 217 1100 4 0
218 wait 220 219 1100
218 wait 218 219 1300
218 irecv 222 2100 200 0
218 irecv 214 2300 200 0
218 send 222 2300 12 0
218 send 214 2100 12 0
218 wait 223 219 2100
218 wait 215 219 2300
218 irecv 250 3100 200 0
218 irecv 186 3300 200 0
218 send 250 3300 24 0
218 send 186 3100 24 0
218 wait 251 219 3100
218 wait 187 219 3300
218 irecv 219 1100 200 0
218 irecv 217 1300 200 0
218 send 219 1300 1 0
218 send 217 1100 1 0
218 wait 220 219 1100
218 wait 218 219 1300
218 irecv 222 2100 200 0
218 irecv 214 2300 200 0
218 send 222 2300 4 0
218 send 214 2100 4 0
218 wait 223 219 2100
218 wait 215 219 2300
218 irecv 250 3100 200 0
218 irecv 186 3300 200 0
218 send 250 3300 12 0
218 send 186 3100 12 0
218 wait 251 219 3100
218 wait 187 219 3300
218 irecv 219 1100 200 0
218 irecv 217 1300 200 0
218 wait 220 219 1100
218 wait 218 219 1300
218 irecv 222 2100 200 0
218 irecv 214 2300 200 0
218 wait 223 219 2100
218 wait 215 219 2300
218 irecv 250 3100 200 0
218 irecv 186 3300 200 0
218 wait 251 219 3100
218 wait 187 219 3300
218 irecv 219 1100 200 0
218 irecv 217 1300 200 0
218 send 219 1300 1 0
218 send 217 1100 1 0
218 wait 220 219 1100
218 wait 218 219 1300
218 irecv 222 2100 200 0
218 irecv 214 2300 200 0
218 send 222 2300 4 0
218 send 214 2100 4 0
218 wait 223 219 2100
218 wait 215 219 2300
218 irecv 250 3100 200 0
218 irecv 186 3300 200 0
218 send 250 3300 12 0
218 send 186 3100 12 0
218 wait 251 219 3100
218 wait 187 219 3300
218 irecv 219 1100 200 0
218 irecv 217 1300 200 0
218 send 219 1300 1 0
218 send 217 1100 1 0
218 wait 220 219 1100
218 wait 218 219 1300
218 irecv 222 2100 200 0
218 irecv 214 2300 200 0
218 send 222 2300 4 0
218 send 214 2100 4 0
218 wait 223 219 2100
218 wait 215 219 2300
218 irecv 250 3100 200 0
218 irecv 186 3300 200 0
218 send 250 3300 12 0
218 send 186 3100 12 0
218 wait 251 219 3100
218 wait 187 219 3300
218 irecv 219 1100 200 0
218 irecv 217 1300 200 0
218 send 219 1300 4 0
218 send 217 1100 4 0
218 wait 220 219 1100
218 wait 218 219 1300
218 irecv 222 2100 200 0
218 irecv 214 2300 200 0
218 send 222 2300 12 0
218 send 214 2100 12 0
218 wait 223 219 2100
218 wait 215 219 2300
218 irecv 250 3100 200 0
218 irecv 186 3300 200 0
218 send 250 3300 24 0
218 send 186 3100 24 0
218 wait 251 219 3100
218 wait 187 219 3300
218 irecv 219 1100 200 0
218 irecv 217 1300 200 0
218 send 219 1300 4 0
218 send 217 1100 4 0
218 wait 220 219 1100
218 wait 218 219 1300
218 irecv 222 2100 200 0
218 irecv 214 2300 200 0
218 send 222 2300 12 0
218 send 214 2100 12 0
218 wait 223 219 2100
218 wait 215 219 2300
218 irecv 250 3100 200 0
218 irecv 186 3300 200 0
218 send 250 3300 24 0
218 send 186 3100 24 0
218 wait 251 219 3100
218 wait 187 219 3300
218 irecv 219 1100 200 0
218 irecv 217 1300 200 0
218 send 219 1300 16 0
218 send 217 1100 16 0
218 wait 220 219 1100
218 wait 218 219 1300
218 irecv 222 2100 200 0
218 irecv 214 2300 200 0
218 send 222 2300 40 0
218 send 214 2100 40 0
218 wait 223 219 2100
218 wait 215 219 2300
218 irecv 250 3100 200 0
218 irecv 186 3300 200 0
218 send 250 3300 60 0
218 send 186 3100 60 0
218 wait 251 219 3100
218 wait 187 219 3300
218 irecv 219 1100 200 0
218 irecv 217 1300 200 0
218 send 219 1300 16 0
218 send 217 1100 16 0
218 wait 220 219 1100
218 wait 218 219 1300
218 irecv 222 2100 200 0
218 irecv 214 2300 200 0
218 send 222 2300 40 0
218 send 214 2100 40 0
218 wait 223 219 2100
218 wait 215 219 2300
218 irecv 250 3100 200 0
218 irecv 186 3300 200 0
218 send 250 3300 60 0
218 send 186 3100 60 0
218 wait 251 219 3100
218 wait 187 219 3300
218 irecv 219 1100 200 0
218 irecv 217 1300 200 0
218 send 219 1300 16 0
218 send 217 1100 16 0
218 wait 220 219 1100
218 wait 218 219 1300
218 irecv 222 2100 200 0
218 irecv 214 2300 200 0
218 send 222 2300 40 0
218 send 214 2100 40 0
218 wait 223 219 2100
218 wait 215 219 2300
218 irecv 250 3100 200 0
218 irecv 186 3300 200 0
218 send 250 3300 60 0
218 send 186 3100 60 0
218 wait 251 219 3100
218 wait 187 219 3300
218 allreduce 1 0 0 
218 allreduce 1 0 0 
218 reduce 1 0 0 0 
218 finalize
