212 init
212 barrier
212 bcast 1 0 1 
212 bcast 1 0 1 
212 bcast 1 0 1 
212 bcast 1 0 1 
212 bcast 1 0 1 
212 bcast 8 0 1 
212 bcast 1 0 16 
212 barrier
212 allreduce 1 0 0 
212 allreduce 4 0 1 
212 allreduce 1 0 0 
212 allreduce 4 0 1 
212 allreduce 1 0 0 
212 allreduce 4 0 1 
212 allreduce 1 0 0 
212 allreduce 4 0 1 
212 allreduce 1 0 0 
212 allreduce 4 0 1 
212 allreduce 1 0 0 
212 allreduce 4 0 1 
212 allreduce 1 0 0 
212 allreduce 4 0 1 
212 allreduce 1 0 0 
212 allreduce 4 0 1 
212 allreduce 1 0 0 
212 allreduce 4 0 1 
212 allreduce 1 0 0 
212 allreduce 4 0 1 
212 allreduce 1 0 0 
212 allreduce 4 0 1 
212 allreduce 1 0 0 
212 allreduce 4 0 1 
212 allreduce 1 0 0 
212 allreduce 4 0 1 
212 allreduce 1 0 0 
212 allreduce 4 0 1 
212 allreduce 1 0 0 
212 allreduce 4 0 1 
212 allreduce 1 0 0 
212 allreduce 4 0 1 
212 allreduce 1 0 0 
212 allreduce 4 0 1 
212 allreduce 1 0 0 
212 allreduce 4 0 1 
212 allreduce 1 0 0 
212 allreduce 4 0 1 
212 allreduce 1 0 0 
212 allreduce 4 0 1 
212 barrier
212 irecv 213 1100 200 0
212 irecv 215 1300 200 0
212 send 213 1300 16 0
212 send 215 1100 16 0
212 wait 214 213 1100
212 wait 216 213 1300
212 irecv 216 2100 200 0
212 irecv 208 2300 200 0
212 send 216 2300 40 0
212 send 208 2100 40 0
212 wait 217 213 2100
212 wait 209 213 2300
212 irecv 244 3100 200 0
212 irecv 180 3300 200 0
212 send 244 3300 60 0
212 send 180 3100 60 0
212 wait 245 213 3100
212 wait 181 213 3300
212 allreduce 1 0 0 
212 allreduce 1 0 0 
212 irecv 213 1100 200 0
212 irecv 215 1300 200 0
212 send 213 1300 16 0
212 send 215 1100 16 0
212 wait 214 213 1100
212 wait 216 213 1300
212 irecv 216 2100 200 0
212 irecv 208 2300 200 0
212 send 216 2300 40 0
212 send 208 2100 40 0
212 wait 217 213 2100
212 wait 209 213 2300
212 irecv 244 3100 200 0
212 irecv 180 3300 200 0
212 send 244 3300 60 0
212 send 180 3100 60 0
212 wait 245 213 3100
212 wait 181 213 3300
212 allreduce 1 0 0 
212 allreduce 1 0 0 
212 irecv 213 1100 200 0
212 irecv 215 1300 200 0
212 send 213 1300 4 0
212 send 215 1100 4 0
212 wait 214 213 1100
212 wait 216 213 1300
212 irecv 216 2100 200 0
212 irecv 208 2300 200 0
212 send 216 2300 12 0
212 send 208 2100 12 0
212 wait 217 213 2100
212 wait 209 213 2300
212 irecv 244 3100 200 0
212 irecv 180 3300 200 0
212 send 244 3300 24 0
212 send 180 3100 24 0
212 wait 245 213 3100
212 wait 181 213 3300
212 irecv 213 1100 200 0
212 irecv 215 1300 200 0
212 send 213 1300 1 0
212 send 215 1100 1 0
212 wait 214 213 1100
212 wait 216 213 1300
212 irecv 216 2100 200 0
212 irecv 208 2300 200 0
212 send 216 2300 4 0
212 send 208 2100 4 0
212 wait 217 213 2100
212 wait 209 213 2300
212 irecv 244 3100 200 0
212 irecv 180 3300 200 0
212 send 244 3300 12 0
212 send 180 3100 12 0
212 wait 245 213 3100
212 wait 181 213 3300
212 irecv 213 1100 200 0
212 irecv 215 1300 200 0
212 wait 214 213 1100
212 wait 216 213 1300
212 irecv 220 2100 200 0
212 irecv 204 2300 200 0
212 wait 221 213 2100
212 wait 205 213 2300
212 send 216 2300 24 0
212 send 208 2100 12 0
212 irecv 244 3100 200 0
212 irecv 180 3300 200 0
212 wait 245 213 3100
212 wait 181 213 3300
212 irecv 213 1100 200 0
212 irecv 215 1300 200 0
212 send 213 1300 1 0
212 send 215 1100 1 0
212 wait 214 213 1100
212 wait 216 213 1300
212 irecv 216 2100 200 0
212 irecv 208 2300 200 0
212 send 216 2300 4 0
212 send 208 2100 4 0
212 wait 217 213 2100
212 wait 209 213 2300
212 irecv 244 3100 200 0
212 irecv 180 3300 200 0
212 send 244 3300 12 0
212 send 180 3100 12 0
212 wait 245 213 3100
212 wait 181 213 3300
212 irecv 213 1100 200 0
212 irecv 215 1300 200 0
212 send 213 1300 1 0
212 send 215 1100 1 0
212 wait 214 213 1100
212 wait 216 213 1300
212 irecv 216 2100 200 0
212 irecv 208 2300 200 0
212 send 216 2300 4 0
212 send 208 2100 4 0
212 wait 217 213 2100
212 wait 209 213 2300
212 irecv 244 3100 200 0
212 irecv 180 3300 200 0
212 send 244 3300 12 0
212 send 180 3100 12 0
212 wait 245 213 3100
212 wait 181 213 3300
212 irecv 213 1100 200 0
212 irecv 215 1300 200 0
212 send 213 1300 4 0
212 send 215 1100 4 0
212 wait 214 213 1100
212 wait 216 213 1300
212 irecv 216 2100 200 0
212 irecv 208 2300 200 0
212 send 216 2300 12 0
212 send 208 2100 12 0
212 wait 217 213 2100
212 wait 209 213 2300
212 irecv 244 3100 200 0
212 irecv 180 3300 200 0
212 send 244 3300 24 0
212 send 180 3100 24 0
212 wait 245 213 3100
212 wait 181 213 3300
212 irecv 213 1100 200 0
212 irecv 215 1300 200 0
212 send 213 1300 4 0
212 send 215 1100 4 0
212 wait 214 213 1100
212 wait 216 213 1300
212 irecv 216 2100 200 0
212 irecv 208 2300 200 0
212 send 216 2300 12 0
212 send 208 2100 12 0
212 wait 217 213 2100
212 wait 209 213 2300
212 irecv 244 3100 200 0
212 irecv 180 3300 200 0
212 send 244 3300 24 0
212 send 180 3100 24 0
212 wait 245 213 3100
212 wait 181 213 3300
212 irecv 213 1100 200 0
212 irecv 215 1300 200 0
212 send 213 1300 16 0
212 send 215 1100 16 0
212 wait 214 213 1100
212 wait 216 213 1300
212 irecv 216 2100 200 0
212 irecv 208 2300 200 0
212 send 216 2300 40 0
212 send 208 2100 40 0
212 wait 217 213 2100
212 wait 209 213 2300
212 irecv 244 3100 200 0
212 irecv 180 3300 200 0
212 send 244 3300 60 0
212 send 180 3100 60 0
212 wait 245 213 3100
212 wait 181 213 3300
212 irecv 213 1100 200 0
212 irecv 215 1300 200 0
212 send 213 1300 16 0
212 send 215 1100 16 0
212 wait 214 213 1100
212 wait 216 213 1300
212 irecv 216 2100 200 0
212 irecv 208 2300 200 0
212 send 216 2300 40 0
212 send 208 2100 40 0
212 wait 217 213 2100
212 wait 209 213 2300
212 irecv 244 3100 200 0
212 irecv 180 3300 200 0
212 send 244 3300 60 0
212 send 180 3100 60 0
212 wait 245 213 3100
212 wait 181 213 3300
212 irecv 213 1100 200 0
212 irecv 215 1300 200 0
212 send 213 1300 16 0
212 send 215 1100 16 0
212 wait 214 213 1100
212 wait 216 213 1300
212 irecv 216 2100 200 0
212 irecv 208 2300 200 0
212 send 216 2300 40 0
212 send 208 2100 40 0
212 wait 217 213 2100
212 wait 209 213 2300
212 irecv 244 3100 200 0
212 irecv 180 3300 200 0
212 send 244 3300 60 0
212 send 180 3100 60 0
212 wait 245 213 3100
212 wait 181 213 3300
212 barrier
212 allreduce 1 0 0 
212 allreduce 4 0 1 
212 allreduce 1 0 0 
212 allreduce 4 0 1 
212 allreduce 1 0 0 
212 allreduce 4 0 1 
212 allreduce 1 0 0 
212 allreduce 4 0 1 
212 allreduce 1 0 0 
212 allreduce 4 0 1 
212 allreduce 1 0 0 
212 allreduce 4 0 1 
212 allreduce 1 0 0 
212 allreduce 4 0 1 
212 allreduce 1 0 0 
212 allreduce 4 0 1 
212 allreduce 1 0 0 
212 allreduce 4 0 1 
212 allreduce 1 0 0 
212 allreduce 4 0 1 
212 allreduce 1 0 0 
212 allreduce 4 0 1 
212 allreduce 1 0 0 
212 allreduce 4 0 1 
212 allreduce 1 0 0 
212 allreduce 4 0 1 
212 allreduce 1 0 0 
212 allreduce 4 0 1 
212 allreduce 1 0 0 
212 allreduce 4 0 1 
212 allreduce 1 0 0 
212 allreduce 4 0 1 
212 allreduce 1 0 0 
212 allreduce 4 0 1 
212 allreduce 1 0 0 
212 allreduce 4 0 1 
212 allreduce 1 0 0 
212 allreduce 4 0 1 
212 allreduce 1 0 0 
212 allreduce 4 0 1 
212 barrier
212 irecv 213 1100 200 0
212 irecv 215 1300 200 0
212 send 213 1300 16 0
212 send 215 1100 16 0
212 wait 214 213 1100
212 wait 216 213 1300
212 irecv 216 2100 200 0
212 irecv 208 2300 200 0
212 send 216 2300 40 0
212 send 208 2100 40 0
212 wait 217 213 2100
212 wait 209 213 2300
212 irecv 244 3100 200 0
212 irecv 180 3300 200 0
212 send 244 3300 60 0
212 send 180 3100 60 0
212 wait 245 213 3100
212 wait 181 213 3300
212 barrier
212 irecv 213 1100 200 0
212 irecv 215 1300 200 0
212 send 213 1300 16 0
212 send 215 1100 16 0
212 wait 214 213 1100
212 wait 216 213 1300
212 irecv 216 2100 200 0
212 irecv 208 2300 200 0
212 send 216 2300 40 0
212 send 208 2100 40 0
212 wait 217 213 2100
212 wait 209 213 2300
212 irecv 244 3100 200 0
212 irecv 180 3300 200 0
212 send 244 3300 60 0
212 send 180 3100 60 0
212 wait 245 213 3100
212 wait 181 213 3300
212 allreduce 1 0 0 
212 allreduce 1 0 0 
212 irecv 213 1100 200 0
212 irecv 215 1300 200 0
212 send 213 1300 4 0
212 send 215 1100 4 0
212 wait 214 213 1100
212 wait 216 213 1300
212 irecv 216 2100 200 0
212 irecv 208 2300 200 0
212 send 216 2300 12 0
212 send 208 2100 12 0
212 wait 217 213 2100
212 wait 209 213 2300
212 irecv 244 3100 200 0
212 irecv 180 3300 200 0
212 send 244 3300 24 0
212 send 180 3100 24 0
212 wait 245 213 3100
212 wait 181 213 3300
212 irecv 213 1100 200 0
212 irecv 215 1300 200 0
212 send 213 1300 1 0
212 send 215 1100 1 0
212 wait 214 213 1100
212 wait 216 213 1300
212 irecv 216 2100 200 0
212 irecv 208 2300 200 0
212 send 216 2300 4 0
212 send 208 2100 4 0
212 wait 217 213 2100
212 wait 209 213 2300
212 irecv 244 3100 200 0
212 irecv 180 3300 200 0
212 send 244 3300 12 0
212 send 180 3100 12 0
212 wait 245 213 3100
212 wait 181 213 3300
212 irecv 213 1100 200 0
212 irecv 215 1300 200 0
212 wait 214 213 1100
212 wait 216 213 1300
212 irecv 220 2100 200 0
212 irecv 204 2300 200 0
212 wait 221 213 2100
212 wait 205 213 2300
212 send 216 2300 24 0
212 send 208 2100 12 0
212 irecv 244 3100 200 0
212 irecv 180 3300 200 0
212 wait 245 213 3100
212 wait 181 213 3300
212 irecv 213 1100 200 0
212 irecv 215 1300 200 0
212 send 213 1300 1 0
212 send 215 1100 1 0
212 wait 214 213 1100
212 wait 216 213 1300
212 irecv 216 2100 200 0
212 irecv 208 2300 200 0
212 send 216 2300 4 0
212 send 208 2100 4 0
212 wait 217 213 2100
212 wait 209 213 2300
212 irecv 244 3100 200 0
212 irecv 180 3300 200 0
212 send 244 3300 12 0
212 send 180 3100 12 0
212 wait 245 213 3100
212 wait 181 213 3300
212 irecv 213 1100 200 0
212 irecv 215 1300 200 0
212 send 213 1300 1 0
212 send 215 1100 1 0
212 wait 214 213 1100
212 wait 216 213 1300
212 irecv 216 2100 200 0
212 irecv 208 2300 200 0
212 send 216 2300 4 0
212 send 208 2100 4 0
212 wait 217 213 2100
212 wait 209 213 2300
212 irecv 244 3100 200 0
212 irecv 180 3300 200 0
212 send 244 3300 12 0
212 send 180 3100 12 0
212 wait 245 213 3100
212 wait 181 213 3300
212 irecv 213 1100 200 0
212 irecv 215 1300 200 0
212 send 213 1300 4 0
212 send 215 1100 4 0
212 wait 214 213 1100
212 wait 216 213 1300
212 irecv 216 2100 200 0
212 irecv 208 2300 200 0
212 send 216 2300 12 0
212 send 208 2100 12 0
212 wait 217 213 2100
212 wait 209 213 2300
212 irecv 244 3100 200 0
212 irecv 180 3300 200 0
212 send 244 3300 24 0
212 send 180 3100 24 0
212 wait 245 213 3100
212 wait 181 213 3300
212 irecv 213 1100 200 0
212 irecv 215 1300 200 0
212 send 213 1300 4 0
212 send 215 1100 4 0
212 wait 214 213 1100
212 wait 216 213 1300
212 irecv 216 2100 200 0
212 irecv 208 2300 200 0
212 send 216 2300 12 0
212 send 208 2100 12 0
212 wait 217 213 2100
212 wait 209 213 2300
212 irecv 244 3100 200 0
212 irecv 180 3300 200 0
212 send 244 3300 24 0
212 send 180 3100 24 0
212 wait 245 213 3100
212 wait 181 213 3300
212 irecv 213 1100 200 0
212 irecv 215 1300 200 0
212 send 213 1300 16 0
212 send 215 1100 16 0
212 wait 214 213 1100
212 wait 216 213 1300
212 irecv 216 2100 200 0
212 irecv 208 2300 200 0
212 send 216 2300 40 0
212 send 208 2100 40 0
212 wait 217 213 2100
212 wait 209 213 2300
212 irecv 244 3100 200 0
212 irecv 180 3300 200 0
212 send 244 3300 60 0
212 send 180 3100 60 0
212 wait 245 213 3100
212 wait 181 213 3300
212 irecv 213 1100 200 0
212 irecv 215 1300 200 0
212 send 213 1300 16 0
212 send 215 1100 16 0
212 wait 214 213 1100
212 wait 216 213 1300
212 irecv 216 2100 200 0
212 irecv 208 2300 200 0
212 send 216 2300 40 0
212 send 208 2100 40 0
212 wait 217 213 2100
212 wait 209 213 2300
212 irecv 244 3100 200 0
212 irecv 180 3300 200 0
212 send 244 3300 60 0
212 send 180 3100 60 0
212 wait 245 213 3100
212 wait 181 213 3300
212 irecv 213 1100 200 0
212 irecv 215 1300 200 0
212 send 213 1300 16 0
212 send 215 1100 16 0
212 wait 214 213 1100
212 wait 216 213 1300
212 irecv 216 2100 200 0
212 irecv 208 2300 200 0
212 send 216 2300 40 0
212 send 208 2100 40 0
212 wait 217 213 2100
212 wait 209 213 2300
212 irecv 244 3100 200 0
212 irecv 180 3300 200 0
212 send 244 3300 60 0
212 send 180 3100 60 0
212 wait 245 213 3100
212 wait 181 213 3300
212 irecv 213 1100 200 0
212 irecv 215 1300 200 0
212 send 213 1300 4 0
212 send 215 1100 4 0
212 wait 214 213 1100
212 wait 216 213 1300
212 irecv 216 2100 200 0
212 irecv 208 2300 200 0
212 send 216 2300 12 0
212 send 208 2100 12 0
212 wait 217 213 2100
212 wait 209 213 2300
212 irecv 244 3100 200 0
212 irecv 180 3300 200 0
212 send 244 3300 24 0
212 send 180 3100 24 0
212 wait 245 213 3100
212 wait 181 213 3300
212 irecv 213 1100 200 0
212 irecv 215 1300 200 0
212 send 213 1300 1 0
212 send 215 1100 1 0
212 wait 214 213 1100
212 wait 216 213 1300
212 irecv 216 2100 200 0
212 irecv 208 2300 200 0
212 send 216 2300 4 0
212 send 208 2100 4 0
212 wait 217 213 2100
212 wait 209 213 2300
212 irecv 244 3100 200 0
212 irecv 180 3300 200 0
212 send 244 3300 12 0
212 send 180 3100 12 0
212 wait 245 213 3100
212 wait 181 213 3300
212 irecv 213 1100 200 0
212 irecv 215 1300 200 0
212 wait 214 213 1100
212 wait 216 213 1300
212 irecv 220 2100 200 0
212 irecv 204 2300 200 0
212 wait 221 213 2100
212 wait 205 213 2300
212 send 216 2300 24 0
212 send 208 2100 12 0
212 irecv 244 3100 200 0
212 irecv 180 3300 200 0
212 wait 245 213 3100
212 wait 181 213 3300
212 irecv 213 1100 200 0
212 irecv 215 1300 200 0
212 send 213 1300 1 0
212 send 215 1100 1 0
212 wait 214 213 1100
212 wait 216 213 1300
212 irecv 216 2100 200 0
212 irecv 208 2300 200 0
212 send 216 2300 4 0
212 send 208 2100 4 0
212 wait 217 213 2100
212 wait 209 213 2300
212 irecv 244 3100 200 0
212 irecv 180 3300 200 0
212 send 244 3300 12 0
212 send 180 3100 12 0
212 wait 245 213 3100
212 wait 181 213 3300
212 irecv 213 1100 200 0
212 irecv 215 1300 200 0
212 send 213 1300 1 0
212 send 215 1100 1 0
212 wait 214 213 1100
212 wait 216 213 1300
212 irecv 216 2100 200 0
212 irecv 208 2300 200 0
212 send 216 2300 4 0
212 send 208 2100 4 0
212 wait 217 213 2100
212 wait 209 213 2300
212 irecv 244 3100 200 0
212 irecv 180 3300 200 0
212 send 244 3300 12 0
212 send 180 3100 12 0
212 wait 245 213 3100
212 wait 181 213 3300
212 irecv 213 1100 200 0
212 irecv 215 1300 200 0
212 send 213 1300 4 0
212 send 215 1100 4 0
212 wait 214 213 1100
212 wait 216 213 1300
212 irecv 216 2100 200 0
212 irecv 208 2300 200 0
212 send 216 2300 12 0
212 send 208 2100 12 0
212 wait 217 213 2100
212 wait 209 213 2300
212 irecv 244 3100 200 0
212 irecv 180 3300 200 0
212 send 244 3300 24 0
212 send 180 3100 24 0
212 wait 245 213 3100
212 wait 181 213 3300
212 irecv 213 1100 200 0
212 irecv 215 1300 200 0
212 send 213 1300 4 0
212 send 215 1100 4 0
212 wait 214 213 1100
212 wait 216 213 1300
212 irecv 216 2100 200 0
212 irecv 208 2300 200 0
212 send 216 2300 12 0
212 send 208 2100 12 0
212 wait 217 213 2100
212 wait 209 213 2300
212 irecv 244 3100 200 0
212 irecv 180 3300 200 0
212 send 244 3300 24 0
212 send 180 3100 24 0
212 wait 245 213 3100
212 wait 181 213 3300
212 irecv 213 1100 200 0
212 irecv 215 1300 200 0
212 send 213 1300 16 0
212 send 215 1100 16 0
212 wait 214 213 1100
212 wait 216 213 1300
212 irecv 216 2100 200 0
212 irecv 208 2300 200 0
212 send 216 2300 40 0
212 send 208 2100 40 0
212 wait 217 213 2100
212 wait 209 213 2300
212 irecv 244 3100 200 0
212 irecv 180 3300 200 0
212 send 244 3300 60 0
212 send 180 3100 60 0
212 wait 245 213 3100
212 wait 181 213 3300
212 irecv 213 1100 200 0
212 irecv 215 1300 200 0
212 send 213 1300 16 0
212 send 215 1100 16 0
212 wait 214 213 1100
212 wait 216 213 1300
212 irecv 216 2100 200 0
212 irecv 208 2300 200 0
212 send 216 2300 40 0
212 send 208 2100 40 0
212 wait 217 213 2100
212 wait 209 213 2300
212 irecv 244 3100 200 0
212 irecv 180 3300 200 0
212 send 244 3300 60 0
212 send 180 3100 60 0
212 wait 245 213 3100
212 wait 181 213 3300
212 irecv 213 1100 200 0
212 irecv 215 1300 200 0
212 send 213 1300 16 0
212 send 215 1100 16 0
212 wait 214 213 1100
212 wait 216 213 1300
212 irecv 216 2100 200 0
212 irecv 208 2300 200 0
212 send 216 2300 40 0
212 send 208 2100 40 0
212 wait 217 213 2100
212 wait 209 213 2300
212 irecv 244 3100 200 0
212 irecv 180 3300 200 0
212 send 244 3300 60 0
212 send 180 3100 60 0
212 wait 245 213 3100
212 wait 181 213 3300
212 irecv 213 1100 200 0
212 irecv 215 1300 200 0
212 send 213 1300 4 0
212 send 215 1100 4 0
212 wait 214 213 1100
212 wait 216 213 1300
212 irecv 216 2100 200 0
212 irecv 208 2300 200 0
212 send 216 2300 12 0
212 send 208 2100 12 0
212 wait 217 213 2100
212 wait 209 213 2300
212 irecv 244 3100 200 0
212 irecv 180 3300 200 0
212 send 244 3300 24 0
212 send 180 3100 24 0
212 wait 245 213 3100
212 wait 181 213 3300
212 irecv 213 1100 200 0
212 irecv 215 1300 200 0
212 send 213 1300 1 0
212 send 215 1100 1 0
212 wait 214 213 1100
212 wait 216 213 1300
212 irecv 216 2100 200 0
212 irecv 208 2300 200 0
212 send 216 2300 4 0
212 send 208 2100 4 0
212 wait 217 213 2100
212 wait 209 213 2300
212 irecv 244 3100 200 0
212 irecv 180 3300 200 0
212 send 244 3300 12 0
212 send 180 3100 12 0
212 wait 245 213 3100
212 wait 181 213 3300
212 irecv 213 1100 200 0
212 irecv 215 1300 200 0
212 wait 214 213 1100
212 wait 216 213 1300
212 irecv 220 2100 200 0
212 irecv 204 2300 200 0
212 wait 221 213 2100
212 wait 205 213 2300
212 send 216 2300 24 0
212 send 208 2100 12 0
212 irecv 244 3100 200 0
212 irecv 180 3300 200 0
212 wait 245 213 3100
212 wait 181 213 3300
212 irecv 213 1100 200 0
212 irecv 215 1300 200 0
212 send 213 1300 1 0
212 send 215 1100 1 0
212 wait 214 213 1100
212 wait 216 213 1300
212 irecv 216 2100 200 0
212 irecv 208 2300 200 0
212 send 216 2300 4 0
212 send 208 2100 4 0
212 wait 217 213 2100
212 wait 209 213 2300
212 irecv 244 3100 200 0
212 irecv 180 3300 200 0
212 send 244 3300 12 0
212 send 180 3100 12 0
212 wait 245 213 3100
212 wait 181 213 3300
212 irecv 213 1100 200 0
212 irecv 215 1300 200 0
212 send 213 1300 1 0
212 send 215 1100 1 0
212 wait 214 213 1100
212 wait 216 213 1300
212 irecv 216 2100 200 0
212 irecv 208 2300 200 0
212 send 216 2300 4 0
212 send 208 2100 4 0
212 wait 217 213 2100
212 wait 209 213 2300
212 irecv 244 3100 200 0
212 irecv 180 3300 200 0
212 send 244 3300 12 0
212 send 180 3100 12 0
212 wait 245 213 3100
212 wait 181 213 3300
212 irecv 213 1100 200 0
212 irecv 215 1300 200 0
212 send 213 1300 4 0
212 send 215 1100 4 0
212 wait 214 213 1100
212 wait 216 213 1300
212 irecv 216 2100 200 0
212 irecv 208 2300 200 0
212 send 216 2300 12 0
212 send 208 2100 12 0
212 wait 217 213 2100
212 wait 209 213 2300
212 irecv 244 3100 200 0
212 irecv 180 3300 200 0
212 send 244 3300 24 0
212 send 180 3100 24 0
212 wait 245 213 3100
212 wait 181 213 3300
212 irecv 213 1100 200 0
212 irecv 215 1300 200 0
212 send 213 1300 4 0
212 send 215 1100 4 0
212 wait 214 213 1100
212 wait 216 213 1300
212 irecv 216 2100 200 0
212 irecv 208 2300 200 0
212 send 216 2300 12 0
212 send 208 2100 12 0
212 wait 217 213 2100
212 wait 209 213 2300
212 irecv 244 3100 200 0
212 irecv 180 3300 200 0
212 send 244 3300 24 0
212 send 180 3100 24 0
212 wait 245 213 3100
212 wait 181 213 3300
212 irecv 213 1100 200 0
212 irecv 215 1300 200 0
212 send 213 1300 16 0
212 send 215 1100 16 0
212 wait 214 213 1100
212 wait 216 213 1300
212 irecv 216 2100 200 0
212 irecv 208 2300 200 0
212 send 216 2300 40 0
212 send 208 2100 40 0
212 wait 217 213 2100
212 wait 209 213 2300
212 irecv 244 3100 200 0
212 irecv 180 3300 200 0
212 send 244 3300 60 0
212 send 180 3100 60 0
212 wait 245 213 3100
212 wait 181 213 3300
212 irecv 213 1100 200 0
212 irecv 215 1300 200 0
212 send 213 1300 16 0
212 send 215 1100 16 0
212 wait 214 213 1100
212 wait 216 213 1300
212 irecv 216 2100 200 0
212 irecv 208 2300 200 0
212 send 216 2300 40 0
212 send 208 2100 40 0
212 wait 217 213 2100
212 wait 209 213 2300
212 irecv 244 3100 200 0
212 irecv 180 3300 200 0
212 send 244 3300 60 0
212 send 180 3100 60 0
212 wait 245 213 3100
212 wait 181 213 3300
212 irecv 213 1100 200 0
212 irecv 215 1300 200 0
212 send 213 1300 16 0
212 send 215 1100 16 0
212 wait 214 213 1100
212 wait 216 213 1300
212 irecv 216 2100 200 0
212 irecv 208 2300 200 0
212 send 216 2300 40 0
212 send 208 2100 40 0
212 wait 217 213 2100
212 wait 209 213 2300
212 irecv 244 3100 200 0
212 irecv 180 3300 200 0
212 send 244 3300 60 0
212 send 180 3100 60 0
212 wait 245 213 3100
212 wait 181 213 3300
212 irecv 213 1100 200 0
212 irecv 215 1300 200 0
212 send 213 1300 4 0
212 send 215 1100 4 0
212 wait 214 213 1100
212 wait 216 213 1300
212 irecv 216 2100 200 0
212 irecv 208 2300 200 0
212 send 216 2300 12 0
212 send 208 2100 12 0
212 wait 217 213 2100
212 wait 209 213 2300
212 irecv 244 3100 200 0
212 irecv 180 3300 200 0
212 send 244 3300 24 0
212 send 180 3100 24 0
212 wait 245 213 3100
212 wait 181 213 3300
212 irecv 213 1100 200 0
212 irecv 215 1300 200 0
212 send 213 1300 1 0
212 send 215 1100 1 0
212 wait 214 213 1100
212 wait 216 213 1300
212 irecv 216 2100 200 0
212 irecv 208 2300 200 0
212 send 216 2300 4 0
212 send 208 2100 4 0
212 wait 217 213 2100
212 wait 209 213 2300
212 irecv 244 3100 200 0
212 irecv 180 3300 200 0
212 send 244 3300 12 0
212 send 180 3100 12 0
212 wait 245 213 3100
212 wait 181 213 3300
212 irecv 213 1100 200 0
212 irecv 215 1300 200 0
212 wait 214 213 1100
212 wait 216 213 1300
212 irecv 220 2100 200 0
212 irecv 204 2300 200 0
212 wait 221 213 2100
212 wait 205 213 2300
212 send 216 2300 24 0
212 send 208 2100 12 0
212 irecv 244 3100 200 0
212 irecv 180 3300 200 0
212 wait 245 213 3100
212 wait 181 213 3300
212 irecv 213 1100 200 0
212 irecv 215 1300 200 0
212 send 213 1300 1 0
212 send 215 1100 1 0
212 wait 214 213 1100
212 wait 216 213 1300
212 irecv 216 2100 200 0
212 irecv 208 2300 200 0
212 send 216 2300 4 0
212 send 208 2100 4 0
212 wait 217 213 2100
212 wait 209 213 2300
212 irecv 244 3100 200 0
212 irecv 180 3300 200 0
212 send 244 3300 12 0
212 send 180 3100 12 0
212 wait 245 213 3100
212 wait 181 213 3300
212 irecv 213 1100 200 0
212 irecv 215 1300 200 0
212 send 213 1300 1 0
212 send 215 1100 1 0
212 wait 214 213 1100
212 wait 216 213 1300
212 irecv 216 2100 200 0
212 irecv 208 2300 200 0
212 send 216 2300 4 0
212 send 208 2100 4 0
212 wait 217 213 2100
212 wait 209 213 2300
212 irecv 244 3100 200 0
212 irecv 180 3300 200 0
212 send 244 3300 12 0
212 send 180 3100 12 0
212 wait 245 213 3100
212 wait 181 213 3300
212 irecv 213 1100 200 0
212 irecv 215 1300 200 0
212 send 213 1300 4 0
212 send 215 1100 4 0
212 wait 214 213 1100
212 wait 216 213 1300
212 irecv 216 2100 200 0
212 irecv 208 2300 200 0
212 send 216 2300 12 0
212 send 208 2100 12 0
212 wait 217 213 2100
212 wait 209 213 2300
212 irecv 244 3100 200 0
212 irecv 180 3300 200 0
212 send 244 3300 24 0
212 send 180 3100 24 0
212 wait 245 213 3100
212 wait 181 213 3300
212 irecv 213 1100 200 0
212 irecv 215 1300 200 0
212 send 213 1300 4 0
212 send 215 1100 4 0
212 wait 214 213 1100
212 wait 216 213 1300
212 irecv 216 2100 200 0
212 irecv 208 2300 200 0
212 send 216 2300 12 0
212 send 208 2100 12 0
212 wait 217 213 2100
212 wait 209 213 2300
212 irecv 244 3100 200 0
212 irecv 180 3300 200 0
212 send 244 3300 24 0
212 send 180 3100 24 0
212 wait 245 213 3100
212 wait 181 213 3300
212 irecv 213 1100 200 0
212 irecv 215 1300 200 0
212 send 213 1300 16 0
212 send 215 1100 16 0
212 wait 214 213 1100
212 wait 216 213 1300
212 irecv 216 2100 200 0
212 irecv 208 2300 200 0
212 send 216 2300 40 0
212 send 208 2100 40 0
212 wait 217 213 2100
212 wait 209 213 2300
212 irecv 244 3100 200 0
212 irecv 180 3300 200 0
212 send 244 3300 60 0
212 send 180 3100 60 0
212 wait 245 213 3100
212 wait 181 213 3300
212 irecv 213 1100 200 0
212 irecv 215 1300 200 0
212 send 213 1300 16 0
212 send 215 1100 16 0
212 wait 214 213 1100
212 wait 216 213 1300
212 irecv 216 2100 200 0
212 irecv 208 2300 200 0
212 send 216 2300 40 0
212 send 208 2100 40 0
212 wait 217 213 2100
212 wait 209 213 2300
212 irecv 244 3100 200 0
212 irecv 180 3300 200 0
212 send 244 3300 60 0
212 send 180 3100 60 0
212 wait 245 213 3100
212 wait 181 213 3300
212 irecv 213 1100 200 0
212 irecv 215 1300 200 0
212 send 213 1300 16 0
212 send 215 1100 16 0
212 wait 214 213 1100
212 wait 216 213 1300
212 irecv 216 2100 200 0
212 irecv 208 2300 200 0
212 send 216 2300 40 0
212 send 208 2100 40 0
212 wait 217 213 2100
212 wait 209 213 2300
212 irecv 244 3100 200 0
212 irecv 180 3300 200 0
212 send 244 3300 60 0
212 send 180 3100 60 0
212 wait 245 213 3100
212 wait 181 213 3300
212 allreduce 1 0 0 
212 allreduce 1 0 0 
212 reduce 1 0 0 0 
212 finalize
