12 init
12 barrier
12 bcast 1 0 1 
12 bcast 1 0 1 
12 bcast 1 0 1 
12 bcast 1 0 1 
12 bcast 1 0 1 
12 bcast 8 0 1 
12 bcast 1 0 16 
12 barrier
12 allreduce 1 0 0 
12 allreduce 4 0 1 
12 allreduce 1 0 0 
12 allreduce 4 0 1 
12 allreduce 1 0 0 
12 allreduce 4 0 1 
12 allreduce 1 0 0 
12 allreduce 4 0 1 
12 allreduce 1 0 0 
12 allreduce 4 0 1 
12 allreduce 1 0 0 
12 allreduce 4 0 1 
12 allreduce 1 0 0 
12 allreduce 4 0 1 
12 allreduce 1 0 0 
12 allreduce 4 0 1 
12 allreduce 1 0 0 
12 allreduce 4 0 1 
12 allreduce 1 0 0 
12 allreduce 4 0 1 
12 allreduce 1 0 0 
12 allreduce 4 0 1 
12 allreduce 1 0 0 
12 allreduce 4 0 1 
12 allreduce 1 0 0 
12 allreduce 4 0 1 
12 allreduce 1 0 0 
12 allreduce 4 0 1 
12 allreduce 1 0 0 
12 allreduce 4 0 1 
12 allreduce 1 0 0 
12 allreduce 4 0 1 
12 allreduce 1 0 0 
12 allreduce 4 0 1 
12 allreduce 1 0 0 
12 allreduce 4 0 1 
12 allreduce 1 0 0 
12 allreduce 4 0 1 
12 allreduce 1 0 0 
12 allreduce 4 0 1 
12 barrier
12 irecv 13 1100 200 0
12 irecv 15 1300 200 0
12 send 13 1300 16 0
12 send 15 1100 16 0
12 wait 14 13 1100
12 wait 16 13 1300
12 irecv 16 2100 200 0
12 irecv 8 2300 200 0
12 send 16 2300 40 0
12 send 8 2100 40 0
12 wait 17 13 2100
12 wait 9 13 2300
12 irecv 44 3100 200 0
12 irecv 236 3300 200 0
12 send 44 3300 60 0
12 send 236 3100 60 0
12 wait 45 13 3100
12 wait 237 13 3300
12 allreduce 1 0 0 
12 allreduce 1 0 0 
12 irecv 13 1100 200 0
12 irecv 15 1300 200 0
12 send 13 1300 16 0
12 send 15 1100 16 0
12 wait 14 13 1100
12 wait 16 13 1300
12 irecv 16 2100 200 0
12 irecv 8 2300 200 0
12 send 16 2300 40 0
12 send 8 2100 40 0
12 wait 17 13 2100
12 wait 9 13 2300
12 irecv 44 3100 200 0
12 irecv 236 3300 200 0
12 send 44 3300 60 0
12 send 236 3100 60 0
12 wait 45 13 3100
12 wait 237 13 3300
12 allreduce 1 0 0 
12 allreduce 1 0 0 
12 irecv 13 1100 200 0
12 irecv 15 1300 200 0
12 send 13 1300 4 0
12 send 15 1100 4 0
12 wait 14 13 1100
12 wait 16 13 1300
12 irecv 16 2100 200 0
12 irecv 8 2300 200 0
12 send 16 2300 12 0
12 send 8 2100 12 0
12 wait 17 13 2100
12 wait 9 13 2300
12 irecv 44 3100 200 0
12 irecv 236 3300 200 0
12 send 44 3300 24 0
12 send 236 3100 24 0
12 wait 45 13 3100
12 wait 237 13 3300
12 irecv 13 1100 200 0
12 irecv 15 1300 200 0
12 send 13 1300 1 0
12 send 15 1100 1 0
12 wait 14 13 1100
12 wait 16 13 1300
12 irecv 16 2100 200 0
12 irecv 8 2300 200 0
12 send 16 2300 4 0
12 send 8 2100 4 0
12 wait 17 13 2100
12 wait 9 13 2300
12 irecv 44 3100 200 0
12 irecv 236 3300 200 0
12 send 44 3300 12 0
12 send 236 3100 12 0
12 wait 45 13 3100
12 wait 237 13 3300
12 irecv 13 1100 200 0
12 irecv 15 1300 200 0
12 wait 14 13 1100
12 wait 16 13 1300
12 send 20 2300 12 0
12 send 4 2100 6 0
12 send 16 2300 24 0
12 send 8 2100 12 0
12 irecv 44 3100 200 0
12 irecv 236 3300 200 0
12 wait 45 13 3100
12 wait 237 13 3300
12 irecv 13 1100 200 0
12 irecv 15 1300 200 0
12 send 13 1300 1 0
12 send 15 1100 1 0
12 wait 14 13 1100
12 wait 16 13 1300
12 irecv 16 2100 200 0
12 irecv 8 2300 200 0
12 send 16 2300 4 0
12 send 8 2100 4 0
12 wait 17 13 2100
12 wait 9 13 2300
12 irecv 44 3100 200 0
12 irecv 236 3300 200 0
12 send 44 3300 12 0
12 send 236 3100 12 0
12 wait 45 13 3100
12 wait 237 13 3300
12 irecv 13 1100 200 0
12 irecv 15 1300 200 0
12 send 13 1300 1 0
12 send 15 1100 1 0
12 wait 14 13 1100
12 wait 16 13 1300
12 irecv 16 2100 200 0
12 irecv 8 2300 200 0
12 send 16 2300 4 0
12 send 8 2100 4 0
12 wait 17 13 2100
12 wait 9 13 2300
12 irecv 44 3100 200 0
12 irecv 236 3300 200 0
12 send 44 3300 12 0
12 send 236 3100 12 0
12 wait 45 13 3100
12 wait 237 13 3300
12 irecv 13 1100 200 0
12 irecv 15 1300 200 0
12 send 13 1300 4 0
12 send 15 1100 4 0
12 wait 14 13 1100
12 wait 16 13 1300
12 irecv 16 2100 200 0
12 irecv 8 2300 200 0
12 send 16 2300 12 0
12 send 8 2100 12 0
12 wait 17 13 2100
12 wait 9 13 2300
12 irecv 44 3100 200 0
12 irecv 236 3300 200 0
12 send 44 3300 24 0
12 send 236 3100 24 0
12 wait 45 13 3100
12 wait 237 13 3300
12 irecv 13 1100 200 0
12 irecv 15 1300 200 0
12 send 13 1300 4 0
12 send 15 1100 4 0
12 wait 14 13 1100
12 wait 16 13 1300
12 irecv 16 2100 200 0
12 irecv 8 2300 200 0
12 send 16 2300 12 0
12 send 8 2100 12 0
12 wait 17 13 2100
12 wait 9 13 2300
12 irecv 44 3100 200 0
12 irecv 236 3300 200 0
12 send 44 3300 24 0
12 send 236 3100 24 0
12 wait 45 13 3100
12 wait 237 13 3300
12 irecv 13 1100 200 0
12 irecv 15 1300 200 0
12 send 13 1300 16 0
12 send 15 1100 16 0
12 wait 14 13 1100
12 wait 16 13 1300
12 irecv 16 2100 200 0
12 irecv 8 2300 200 0
12 send 16 2300 40 0
12 send 8 2100 40 0
12 wait 17 13 2100
12 wait 9 13 2300
12 irecv 44 3100 200 0
12 irecv 236 3300 200 0
12 send 44 3300 60 0
12 send 236 3100 60 0
12 wait 45 13 3100
12 wait 237 13 3300
12 irecv 13 1100 200 0
12 irecv 15 1300 200 0
12 send 13 1300 16 0
12 send 15 1100 16 0
12 wait 14 13 1100
12 wait 16 13 1300
12 irecv 16 2100 200 0
12 irecv 8 2300 200 0
12 send 16 2300 40 0
12 send 8 2100 40 0
12 wait 17 13 2100
12 wait 9 13 2300
12 irecv 44 3100 200 0
12 irecv 236 3300 200 0
12 send 44 3300 60 0
12 send 236 3100 60 0
12 wait 45 13 3100
12 wait 237 13 3300
12 irecv 13 1100 200 0
12 irecv 15 1300 200 0
12 send 13 1300 16 0
12 send 15 1100 16 0
12 wait 14 13 1100
12 wait 16 13 1300
12 irecv 16 2100 200 0
12 irecv 8 2300 200 0
12 send 16 2300 40 0
12 send 8 2100 40 0
12 wait 17 13 2100
12 wait 9 13 2300
12 irecv 44 3100 200 0
12 irecv 236 3300 200 0
12 send 44 3300 60 0
12 send 236 3100 60 0
12 wait 45 13 3100
12 wait 237 13 3300
12 barrier
12 allreduce 1 0 0 
12 allreduce 4 0 1 
12 allreduce 1 0 0 
12 allreduce 4 0 1 
12 allreduce 1 0 0 
12 allreduce 4 0 1 
12 allreduce 1 0 0 
12 allreduce 4 0 1 
12 allreduce 1 0 0 
12 allreduce 4 0 1 
12 allreduce 1 0 0 
12 allreduce 4 0 1 
12 allreduce 1 0 0 
12 allreduce 4 0 1 
12 allreduce 1 0 0 
12 allreduce 4 0 1 
12 allreduce 1 0 0 
12 allreduce 4 0 1 
12 allreduce 1 0 0 
12 allreduce 4 0 1 
12 allreduce 1 0 0 
12 allreduce 4 0 1 
12 allreduce 1 0 0 
12 allreduce 4 0 1 
12 allreduce 1 0 0 
12 allreduce 4 0 1 
12 allreduce 1 0 0 
12 allreduce 4 0 1 
12 allreduce 1 0 0 
12 allreduce 4 0 1 
12 allreduce 1 0 0 
12 allreduce 4 0 1 
12 allreduce 1 0 0 
12 allreduce 4 0 1 
12 allreduce 1 0 0 
12 allreduce 4 0 1 
12 allreduce 1 0 0 
12 allreduce 4 0 1 
12 allreduce 1 0 0 
12 allreduce 4 0 1 
12 barrier
12 irecv 13 1100 200 0
12 irecv 15 1300 200 0
12 send 13 1300 16 0
12 send 15 1100 16 0
12 wait 14 13 1100
12 wait 16 13 1300
12 irecv 16 2100 200 0
12 irecv 8 2300 200 0
12 send 16 2300 40 0
12 send 8 2100 40 0
12 wait 17 13 2100
12 wait 9 13 2300
12 irecv 44 3100 200 0
12 irecv 236 3300 200 0
12 send 44 3300 60 0
12 send 236 3100 60 0
12 wait 45 13 3100
12 wait 237 13 3300
12 barrier
12 irecv 13 1100 200 0
12 irecv 15 1300 200 0
12 send 13 1300 16 0
12 send 15 1100 16 0
12 wait 14 13 1100
12 wait 16 13 1300
12 irecv 16 2100 200 0
12 irecv 8 2300 200 0
12 send 16 2300 40 0
12 send 8 2100 40 0
12 wait 17 13 2100
12 wait 9 13 2300
12 irecv 44 3100 200 0
12 irecv 236 3300 200 0
12 send 44 3300 60 0
12 send 236 3100 60 0
12 wait 45 13 3100
12 wait 237 13 3300
12 allreduce 1 0 0 
12 allreduce 1 0 0 
12 irecv 13 1100 200 0
12 irecv 15 1300 200 0
12 send 13 1300 4 0
12 send 15 1100 4 0
12 wait 14 13 1100
12 wait 16 13 1300
12 irecv 16 2100 200 0
12 irecv 8 2300 200 0
12 send 16 2300 12 0
12 send 8 2100 12 0
12 wait 17 13 2100
12 wait 9 13 2300
12 irecv 44 3100 200 0
12 irecv 236 3300 200 0
12 send 44 3300 24 0
12 send 236 3100 24 0
12 wait 45 13 3100
12 wait 237 13 3300
12 irecv 13 1100 200 0
12 irecv 15 1300 200 0
12 send 13 1300 1 0
12 send 15 1100 1 0
12 wait 14 13 1100
12 wait 16 13 1300
12 irecv 16 2100 200 0
12 irecv 8 2300 200 0
12 send 16 2300 4 0
12 send 8 2100 4 0
12 wait 17 13 2100
12 wait 9 13 2300
12 irecv 44 3100 200 0
12 irecv 236 3300 200 0
12 send 44 3300 12 0
12 send 236 3100 12 0
12 wait 45 13 3100
12 wait 237 13 3300
12 irecv 13 1100 200 0
12 irecv 15 1300 200 0
12 wait 14 13 1100
12 wait 16 13 1300
12 send 20 2300 12 0
12 send 4 2100 6 0
12 send 16 2300 24 0
12 send 8 2100 12 0
12 irecv 44 3100 200 0
12 irecv 236 3300 200 0
12 wait 45 13 3100
12 wait 237 13 3300
12 irecv 13 1100 200 0
12 irecv 15 1300 200 0
12 send 13 1300 1 0
12 send 15 1100 1 0
12 wait 14 13 1100
12 wait 16 13 1300
12 irecv 16 2100 200 0
12 irecv 8 2300 200 0
12 send 16 2300 4 0
12 send 8 2100 4 0
12 wait 17 13 2100
12 wait 9 13 2300
12 irecv 44 3100 200 0
12 irecv 236 3300 200 0
12 send 44 3300 12 0
12 send 236 3100 12 0
12 wait 45 13 3100
12 wait 237 13 3300
12 irecv 13 1100 200 0
12 irecv 15 1300 200 0
12 send 13 1300 1 0
12 send 15 1100 1 0
12 wait 14 13 1100
12 wait 16 13 1300
12 irecv 16 2100 200 0
12 irecv 8 2300 200 0
12 send 16 2300 4 0
12 send 8 2100 4 0
12 wait 17 13 2100
12 wait 9 13 2300
12 irecv 44 3100 200 0
12 irecv 236 3300 200 0
12 send 44 3300 12 0
12 send 236 3100 12 0
12 wait 45 13 3100
12 wait 237 13 3300
12 irecv 13 1100 200 0
12 irecv 15 1300 200 0
12 send 13 1300 4 0
12 send 15 1100 4 0
12 wait 14 13 1100
12 wait 16 13 1300
12 irecv 16 2100 200 0
12 irecv 8 2300 200 0
12 send 16 2300 12 0
12 send 8 2100 12 0
12 wait 17 13 2100
12 wait 9 13 2300
12 irecv 44 3100 200 0
12 irecv 236 3300 200 0
12 send 44 3300 24 0
12 send 236 3100 24 0
12 wait 45 13 3100
12 wait 237 13 3300
12 irecv 13 1100 200 0
12 irecv 15 1300 200 0
12 send 13 1300 4 0
12 send 15 1100 4 0
12 wait 14 13 1100
12 wait 16 13 1300
12 irecv 16 2100 200 0
12 irecv 8 2300 200 0
12 send 16 2300 12 0
12 send 8 2100 12 0
12 wait 17 13 2100
12 wait 9 13 2300
12 irecv 44 3100 200 0
12 irecv 236 3300 200 0
12 send 44 3300 24 0
12 send 236 3100 24 0
12 wait 45 13 3100
12 wait 237 13 3300
12 irecv 13 1100 200 0
12 irecv 15 1300 200 0
12 send 13 1300 16 0
12 send 15 1100 16 0
12 wait 14 13 1100
12 wait 16 13 1300
12 irecv 16 2100 200 0
12 irecv 8 2300 200 0
12 send 16 2300 40 0
12 send 8 2100 40 0
12 wait 17 13 2100
12 wait 9 13 2300
12 irecv 44 3100 200 0
12 irecv 236 3300 200 0
12 send 44 3300 60 0
12 send 236 3100 60 0
12 wait 45 13 3100
12 wait 237 13 3300
12 irecv 13 1100 200 0
12 irecv 15 1300 200 0
12 send 13 1300 16 0
12 send 15 1100 16 0
12 wait 14 13 1100
12 wait 16 13 1300
12 irecv 16 2100 200 0
12 irecv 8 2300 200 0
12 send 16 2300 40 0
12 send 8 2100 40 0
12 wait 17 13 2100
12 wait 9 13 2300
12 irecv 44 3100 200 0
12 irecv 236 3300 200 0
12 send 44 3300 60 0
12 send 236 3100 60 0
12 wait 45 13 3100
12 wait 237 13 3300
12 irecv 13 1100 200 0
12 irecv 15 1300 200 0
12 send 13 1300 16 0
12 send 15 1100 16 0
12 wait 14 13 1100
12 wait 16 13 1300
12 irecv 16 2100 200 0
12 irecv 8 2300 200 0
12 send 16 2300 40 0
12 send 8 2100 40 0
12 wait 17 13 2100
12 wait 9 13 2300
12 irecv 44 3100 200 0
12 irecv 236 3300 200 0
12 send 44 3300 60 0
12 send 236 3100 60 0
12 wait 45 13 3100
12 wait 237 13 3300
12 irecv 13 1100 200 0
12 irecv 15 1300 200 0
12 send 13 1300 4 0
12 send 15 1100 4 0
12 wait 14 13 1100
12 wait 16 13 1300
12 irecv 16 2100 200 0
12 irecv 8 2300 200 0
12 send 16 2300 12 0
12 send 8 2100 12 0
12 wait 17 13 2100
12 wait 9 13 2300
12 irecv 44 3100 200 0
12 irecv 236 3300 200 0
12 send 44 3300 24 0
12 send 236 3100 24 0
12 wait 45 13 3100
12 wait 237 13 3300
12 irecv 13 1100 200 0
12 irecv 15 1300 200 0
12 send 13 1300 1 0
12 send 15 1100 1 0
12 wait 14 13 1100
12 wait 16 13 1300
12 irecv 16 2100 200 0
12 irecv 8 2300 200 0
12 send 16 2300 4 0
12 send 8 2100 4 0
12 wait 17 13 2100
12 wait 9 13 2300
12 irecv 44 3100 200 0
12 irecv 236 3300 200 0
12 send 44 3300 12 0
12 send 236 3100 12 0
12 wait 45 13 3100
12 wait 237 13 3300
12 irecv 13 1100 200 0
12 irecv 15 1300 200 0
12 wait 14 13 1100
12 wait 16 13 1300
12 send 20 2300 12 0
12 send 4 2100 6 0
12 send 16 2300 24 0
12 send 8 2100 12 0
12 irecv 44 3100 200 0
12 irecv 236 3300 200 0
12 wait 45 13 3100
12 wait 237 13 3300
12 irecv 13 1100 200 0
12 irecv 15 1300 200 0
12 send 13 1300 1 0
12 send 15 1100 1 0
12 wait 14 13 1100
12 wait 16 13 1300
12 irecv 16 2100 200 0
12 irecv 8 2300 200 0
12 send 16 2300 4 0
12 send 8 2100 4 0
12 wait 17 13 2100
12 wait 9 13 2300
12 irecv 44 3100 200 0
12 irecv 236 3300 200 0
12 send 44 3300 12 0
12 send 236 3100 12 0
12 wait 45 13 3100
12 wait 237 13 3300
12 irecv 13 1100 200 0
12 irecv 15 1300 200 0
12 send 13 1300 1 0
12 send 15 1100 1 0
12 wait 14 13 1100
12 wait 16 13 1300
12 irecv 16 2100 200 0
12 irecv 8 2300 200 0
12 send 16 2300 4 0
12 send 8 2100 4 0
12 wait 17 13 2100
12 wait 9 13 2300
12 irecv 44 3100 200 0
12 irecv 236 3300 200 0
12 send 44 3300 12 0
12 send 236 3100 12 0
12 wait 45 13 3100
12 wait 237 13 3300
12 irecv 13 1100 200 0
12 irecv 15 1300 200 0
12 send 13 1300 4 0
12 send 15 1100 4 0
12 wait 14 13 1100
12 wait 16 13 1300
12 irecv 16 2100 200 0
12 irecv 8 2300 200 0
12 send 16 2300 12 0
12 send 8 2100 12 0
12 wait 17 13 2100
12 wait 9 13 2300
12 irecv 44 3100 200 0
12 irecv 236 3300 200 0
12 send 44 3300 24 0
12 send 236 3100 24 0
12 wait 45 13 3100
12 wait 237 13 3300
12 irecv 13 1100 200 0
12 irecv 15 1300 200 0
12 send 13 1300 4 0
12 send 15 1100 4 0
12 wait 14 13 1100
12 wait 16 13 1300
12 irecv 16 2100 200 0
12 irecv 8 2300 200 0
12 send 16 2300 12 0
12 send 8 2100 12 0
12 wait 17 13 2100
12 wait 9 13 2300
12 irecv 44 3100 200 0
12 irecv 236 3300 200 0
12 send 44 3300 24 0
12 send 236 3100 24 0
12 wait 45 13 3100
12 wait 237 13 3300
12 irecv 13 1100 200 0
12 irecv 15 1300 200 0
12 send 13 1300 16 0
12 send 15 1100 16 0
12 wait 14 13 1100
12 wait 16 13 1300
12 irecv 16 2100 200 0
12 irecv 8 2300 200 0
12 send 16 2300 40 0
12 send 8 2100 40 0
12 wait 17 13 2100
12 wait 9 13 2300
12 irecv 44 3100 200 0
12 irecv 236 3300 200 0
12 send 44 3300 60 0
12 send 236 3100 60 0
12 wait 45 13 3100
12 wait 237 13 3300
12 irecv 13 1100 200 0
12 irecv 15 1300 200 0
12 send 13 1300 16 0
12 send 15 1100 16 0
12 wait 14 13 1100
12 wait 16 13 1300
12 irecv 16 2100 200 0
12 irecv 8 2300 200 0
12 send 16 2300 40 0
12 send 8 2100 40 0
12 wait 17 13 2100
12 wait 9 13 2300
12 irecv 44 3100 200 0
12 irecv 236 3300 200 0
12 send 44 3300 60 0
12 send 236 3100 60 0
12 wait 45 13 3100
12 wait 237 13 3300
12 irecv 13 1100 200 0
12 irecv 15 1300 200 0
12 send 13 1300 16 0
12 send 15 1100 16 0
12 wait 14 13 1100
12 wait 16 13 1300
12 irecv 16 2100 200 0
12 irecv 8 2300 200 0
12 send 16 2300 40 0
12 send 8 2100 40 0
12 wait 17 13 2100
12 wait 9 13 2300
12 irecv 44 3100 200 0
12 irecv 236 3300 200 0
12 send 44 3300 60 0
12 send 236 3100 60 0
12 wait 45 13 3100
12 wait 237 13 3300
12 irecv 13 1100 200 0
12 irecv 15 1300 200 0
12 send 13 1300 4 0
12 send 15 1100 4 0
12 wait 14 13 1100
12 wait 16 13 1300
12 irecv 16 2100 200 0
12 irecv 8 2300 200 0
12 send 16 2300 12 0
12 send 8 2100 12 0
12 wait 17 13 2100
12 wait 9 13 2300
12 irecv 44 3100 200 0
12 irecv 236 3300 200 0
12 send 44 3300 24 0
12 send 236 3100 24 0
12 wait 45 13 3100
12 wait 237 13 3300
12 irecv 13 1100 200 0
12 irecv 15 1300 200 0
12 send 13 1300 1 0
12 send 15 1100 1 0
12 wait 14 13 1100
12 wait 16 13 1300
12 irecv 16 2100 200 0
12 irecv 8 2300 200 0
12 send 16 2300 4 0
12 send 8 2100 4 0
12 wait 17 13 2100
12 wait 9 13 2300
12 irecv 44 3100 200 0
12 irecv 236 3300 200 0
12 send 44 3300 12 0
12 send 236 3100 12 0
12 wait 45 13 3100
12 wait 237 13 3300
12 irecv 13 1100 200 0
12 irecv 15 1300 200 0
12 wait 14 13 1100
12 wait 16 13 1300
12 send 20 2300 12 0
12 send 4 2100 6 0
12 send 16 2300 24 0
12 send 8 2100 12 0
12 irecv 44 3100 200 0
12 irecv 236 3300 200 0
12 wait 45 13 3100
12 wait 237 13 3300
12 irecv 13 1100 200 0
12 irecv 15 1300 200 0
12 send 13 1300 1 0
12 send 15 1100 1 0
12 wait 14 13 1100
12 wait 16 13 1300
12 irecv 16 2100 200 0
12 irecv 8 2300 200 0
12 send 16 2300 4 0
12 send 8 2100 4 0
12 wait 17 13 2100
12 wait 9 13 2300
12 irecv 44 3100 200 0
12 irecv 236 3300 200 0
12 send 44 3300 12 0
12 send 236 3100 12 0
12 wait 45 13 3100
12 wait 237 13 3300
12 irecv 13 1100 200 0
12 irecv 15 1300 200 0
12 send 13 1300 1 0
12 send 15 1100 1 0
12 wait 14 13 1100
12 wait 16 13 1300
12 irecv 16 2100 200 0
12 irecv 8 2300 200 0
12 send 16 2300 4 0
12 send 8 2100 4 0
12 wait 17 13 2100
12 wait 9 13 2300
12 irecv 44 3100 200 0
12 irecv 236 3300 200 0
12 send 44 3300 12 0
12 send 236 3100 12 0
12 wait 45 13 3100
12 wait 237 13 3300
12 irecv 13 1100 200 0
12 irecv 15 1300 200 0
12 send 13 1300 4 0
12 send 15 1100 4 0
12 wait 14 13 1100
12 wait 16 13 1300
12 irecv 16 2100 200 0
12 irecv 8 2300 200 0
12 send 16 2300 12 0
12 send 8 2100 12 0
12 wait 17 13 2100
12 wait 9 13 2300
12 irecv 44 3100 200 0
12 irecv 236 3300 200 0
12 send 44 3300 24 0
12 send 236 3100 24 0
12 wait 45 13 3100
12 wait 237 13 3300
12 irecv 13 1100 200 0
12 irecv 15 1300 200 0
12 send 13 1300 4 0
12 send 15 1100 4 0
12 wait 14 13 1100
12 wait 16 13 1300
12 irecv 16 2100 200 0
12 irecv 8 2300 200 0
12 send 16 2300 12 0
12 send 8 2100 12 0
12 wait 17 13 2100
12 wait 9 13 2300
12 irecv 44 3100 200 0
12 irecv 236 3300 200 0
12 send 44 3300 24 0
12 send 236 3100 24 0
12 wait 45 13 3100
12 wait 237 13 3300
12 irecv 13 1100 200 0
12 irecv 15 1300 200 0
12 send 13 1300 16 0
12 send 15 1100 16 0
12 wait 14 13 1100
12 wait 16 13 1300
12 irecv 16 2100 200 0
12 irecv 8 2300 200 0
12 send 16 2300 40 0
12 send 8 2100 40 0
12 wait 17 13 2100
12 wait 9 13 2300
12 irecv 44 3100 200 0
12 irecv 236 3300 200 0
12 send 44 3300 60 0
12 send 236 3100 60 0
12 wait 45 13 3100
12 wait 237 13 3300
12 irecv 13 1100 200 0
12 irecv 15 1300 200 0
12 send 13 1300 16 0
12 send 15 1100 16 0
12 wait 14 13 1100
12 wait 16 13 1300
12 irecv 16 2100 200 0
12 irecv 8 2300 200 0
12 send 16 2300 40 0
12 send 8 2100 40 0
12 wait 17 13 2100
12 wait 9 13 2300
12 irecv 44 3100 200 0
12 irecv 236 3300 200 0
12 send 44 3300 60 0
12 send 236 3100 60 0
12 wait 45 13 3100
12 wait 237 13 3300
12 irecv 13 1100 200 0
12 irecv 15 1300 200 0
12 send 13 1300 16 0
12 send 15 1100 16 0
12 wait 14 13 1100
12 wait 16 13 1300
12 irecv 16 2100 200 0
12 irecv 8 2300 200 0
12 send 16 2300 40 0
12 send 8 2100 40 0
12 wait 17 13 2100
12 wait 9 13 2300
12 irecv 44 3100 200 0
12 irecv 236 3300 200 0
12 send 44 3300 60 0
12 send 236 3100 60 0
12 wait 45 13 3100
12 wait 237 13 3300
12 irecv 13 1100 200 0
12 irecv 15 1300 200 0
12 send 13 1300 4 0
12 send 15 1100 4 0
12 wait 14 13 1100
12 wait 16 13 1300
12 irecv 16 2100 200 0
12 irecv 8 2300 200 0
12 send 16 2300 12 0
12 send 8 2100 12 0
12 wait 17 13 2100
12 wait 9 13 2300
12 irecv 44 3100 200 0
12 irecv 236 3300 200 0
12 send 44 3300 24 0
12 send 236 3100 24 0
12 wait 45 13 3100
12 wait 237 13 3300
12 irecv 13 1100 200 0
12 irecv 15 1300 200 0
12 send 13 1300 1 0
12 send 15 1100 1 0
12 wait 14 13 1100
12 wait 16 13 1300
12 irecv 16 2100 200 0
12 irecv 8 2300 200 0
12 send 16 2300 4 0
12 send 8 2100 4 0
12 wait 17 13 2100
12 wait 9 13 2300
12 irecv 44 3100 200 0
12 irecv 236 3300 200 0
12 send 44 3300 12 0
12 send 236 3100 12 0
12 wait 45 13 3100
12 wait 237 13 3300
12 irecv 13 1100 200 0
12 irecv 15 1300 200 0
12 wait 14 13 1100
12 wait 16 13 1300
12 send 20 2300 12 0
12 send 4 2100 6 0
12 send 16 2300 24 0
12 send 8 2100 12 0
12 irecv 44 3100 200 0
12 irecv 236 3300 200 0
12 wait 45 13 3100
12 wait 237 13 3300
12 irecv 13 1100 200 0
12 irecv 15 1300 200 0
12 send 13 1300 1 0
12 send 15 1100 1 0
12 wait 14 13 1100
12 wait 16 13 1300
12 irecv 16 2100 200 0
12 irecv 8 2300 200 0
12 send 16 2300 4 0
12 send 8 2100 4 0
12 wait 17 13 2100
12 wait 9 13 2300
12 irecv 44 3100 200 0
12 irecv 236 3300 200 0
12 send 44 3300 12 0
12 send 236 3100 12 0
12 wait 45 13 3100
12 wait 237 13 3300
12 irecv 13 1100 200 0
12 irecv 15 1300 200 0
12 send 13 1300 1 0
12 send 15 1100 1 0
12 wait 14 13 1100
12 wait 16 13 1300
12 irecv 16 2100 200 0
12 irecv 8 2300 200 0
12 send 16 2300 4 0
12 send 8 2100 4 0
12 wait 17 13 2100
12 wait 9 13 2300
12 irecv 44 3100 200 0
12 irecv 236 3300 200 0
12 send 44 3300 12 0
12 send 236 3100 12 0
12 wait 45 13 3100
12 wait 237 13 3300
12 irecv 13 1100 200 0
12 irecv 15 1300 200 0
12 send 13 1300 4 0
12 send 15 1100 4 0
12 wait 14 13 1100
12 wait 16 13 1300
12 irecv 16 2100 200 0
12 irecv 8 2300 200 0
12 send 16 2300 12 0
12 send 8 2100 12 0
12 wait 17 13 2100
12 wait 9 13 2300
12 irecv 44 3100 200 0
12 irecv 236 3300 200 0
12 send 44 3300 24 0
12 send 236 3100 24 0
12 wait 45 13 3100
12 wait 237 13 3300
12 irecv 13 1100 200 0
12 irecv 15 1300 200 0
12 send 13 1300 4 0
12 send 15 1100 4 0
12 wait 14 13 1100
12 wait 16 13 1300
12 irecv 16 2100 200 0
12 irecv 8 2300 200 0
12 send 16 2300 12 0
12 send 8 2100 12 0
12 wait 17 13 2100
12 wait 9 13 2300
12 irecv 44 3100 200 0
12 irecv 236 3300 200 0
12 send 44 3300 24 0
12 send 236 3100 24 0
12 wait 45 13 3100
12 wait 237 13 3300
12 irecv 13 1100 200 0
12 irecv 15 1300 200 0
12 send 13 1300 16 0
12 send 15 1100 16 0
12 wait 14 13 1100
12 wait 16 13 1300
12 irecv 16 2100 200 0
12 irecv 8 2300 200 0
12 send 16 2300 40 0
12 send 8 2100 40 0
12 wait 17 13 2100
12 wait 9 13 2300
12 irecv 44 3100 200 0
12 irecv 236 3300 200 0
12 send 44 3300 60 0
12 send 236 3100 60 0
12 wait 45 13 3100
12 wait 237 13 3300
12 irecv 13 1100 200 0
12 irecv 15 1300 200 0
12 send 13 1300 16 0
12 send 15 1100 16 0
12 wait 14 13 1100
12 wait 16 13 1300
12 irecv 16 2100 200 0
12 irecv 8 2300 200 0
12 send 16 2300 40 0
12 send 8 2100 40 0
12 wait 17 13 2100
12 wait 9 13 2300
12 irecv 44 3100 200 0
12 irecv 236 3300 200 0
12 send 44 3300 60 0
12 send 236 3100 60 0
12 wait 45 13 3100
12 wait 237 13 3300
12 irecv 13 1100 200 0
12 irecv 15 1300 200 0
12 send 13 1300 16 0
12 send 15 1100 16 0
12 wait 14 13 1100
12 wait 16 13 1300
12 irecv 16 2100 200 0
12 irecv 8 2300 200 0
12 send 16 2300 40 0
12 send 8 2100 40 0
12 wait 17 13 2100
12 wait 9 13 2300
12 irecv 44 3100 200 0
12 irecv 236 3300 200 0
12 send 44 3300 60 0
12 send 236 3100 60 0
12 wait 45 13 3100
12 wait 237 13 3300
12 allreduce 1 0 0 
12 allreduce 1 0 0 
12 reduce 1 0 0 0 
12 finalize
