129 init
129 barrier
129 bcast 1 0 1 
129 bcast 1 0 1 
129 bcast 1 0 1 
129 bcast 1 0 1 
129 bcast 1 0 1 
129 bcast 8 0 1 
129 bcast 1 0 16 
129 barrier
129 allreduce 1 0 0 
129 allreduce 4 0 1 
129 allreduce 1 0 0 
129 allreduce 4 0 1 
129 allreduce 1 0 0 
129 allreduce 4 0 1 
129 allreduce 1 0 0 
129 allreduce 4 0 1 
129 allreduce 1 0 0 
129 allreduce 4 0 1 
129 allreduce 1 0 0 
129 allreduce 4 0 1 
129 allreduce 1 0 0 
129 allreduce 4 0 1 
129 allreduce 1 0 0 
129 allreduce 4 0 1 
129 allreduce 1 0 0 
129 allreduce 4 0 1 
129 allreduce 1 0 0 
129 allreduce 4 0 1 
129 allreduce 1 0 0 
129 allreduce 4 0 1 
129 allreduce 1 0 0 
129 allreduce 4 0 1 
129 allreduce 1 0 0 
129 allreduce 4 0 1 
129 allreduce 1 0 0 
129 allreduce 4 0 1 
129 allreduce 1 0 0 
129 allreduce 4 0 1 
129 allreduce 1 0 0 
129 allreduce 4 0 1 
129 allreduce 1 0 0 
129 allreduce 4 0 1 
129 allreduce 1 0 0 
129 allreduce 4 0 1 
129 allreduce 1 0 0 
129 allreduce 4 0 1 
129 allreduce 1 0 0 
129 allreduce 4 0 1 
129 barrier
129 irecv 130 1100 200 0
129 irecv 128 1300 200 0
129 send 130 1300 16 0
129 send 128 1100 16 0
129 wait 131 130 1100
129 wait 129 130 1300
129 irecv 133 2100 200 0
129 irecv 157 2300 200 0
129 send 133 2300 40 0
129 send 157 2100 40 0
129 wait 134 130 2100
129 wait 158 130 2300
129 irecv 161 3100 200 0
129 irecv 97 3300 200 0
129 send 161 3300 60 0
129 send 97 3100 60 0
129 wait 162 130 3100
129 wait 98 130 3300
129 allreduce 1 0 0 
129 allreduce 1 0 0 
129 irecv 130 1100 200 0
129 irecv 128 1300 200 0
129 send 130 1300 16 0
129 send 128 1100 16 0
129 wait 131 130 1100
129 wait 129 130 1300
129 irecv 133 2100 200 0
129 irecv 157 2300 200 0
129 send 133 2300 40 0
129 send 157 2100 40 0
129 wait 134 130 2100
129 wait 158 130 2300
129 irecv 161 3100 200 0
129 irecv 97 3300 200 0
129 send 161 3300 60 0
129 send 97 3100 60 0
129 wait 162 130 3100
129 wait 98 130 3300
129 allreduce 1 0 0 
129 allreduce 1 0 0 
129 irecv 130 1100 200 0
129 irecv 128 1300 200 0
129 send 130 1300 4 0
129 send 128 1100 4 0
129 wait 131 130 1100
129 wait 129 130 1300
129 irecv 133 2100 200 0
129 irecv 157 2300 200 0
129 send 133 2300 12 0
129 send 157 2100 12 0
129 wait 134 130 2100
129 wait 158 130 2300
129 irecv 161 3100 200 0
129 irecv 97 3300 200 0
129 send 161 3300 24 0
129 send 97 3100 24 0
129 wait 162 130 3100
129 wait 98 130 3300
129 irecv 130 1100 200 0
129 irecv 128 1300 200 0
129 send 130 1300 1 0
129 send 128 1100 1 0
129 wait 131 130 1100
129 wait 129 130 1300
129 irecv 133 2100 200 0
129 irecv 157 2300 200 0
129 send 133 2300 4 0
129 send 157 2100 4 0
129 wait 134 130 2100
129 wait 158 130 2300
129 irecv 161 3100 200 0
129 irecv 97 3300 200 0
129 send 161 3300 12 0
129 send 97 3100 12 0
129 wait 162 130 3100
129 wait 98 130 3300
129 send 130 1300 8 0
129 send 128 1100 4 0
129 irecv 133 2100 200 0
129 irecv 157 2300 200 0
129 wait 134 130 2100
129 wait 158 130 2300
129 irecv 161 3100 200 0
129 irecv 97 3300 200 0
129 wait 162 130 3100
129 wait 98 130 3300
129 irecv 130 1100 200 0
129 irecv 128 1300 200 0
129 send 130 1300 1 0
129 send 128 1100 1 0
129 wait 131 130 1100
129 wait 129 130 1300
129 irecv 133 2100 200 0
129 irecv 157 2300 200 0
129 send 133 2300 4 0
129 send 157 2100 4 0
129 wait 134 130 2100
129 wait 158 130 2300
129 irecv 161 3100 200 0
129 irecv 97 3300 200 0
129 send 161 3300 12 0
129 send 97 3100 12 0
129 wait 162 130 3100
129 wait 98 130 3300
129 irecv 130 1100 200 0
129 irecv 128 1300 200 0
129 send 130 1300 1 0
129 send 128 1100 1 0
129 wait 131 130 1100
129 wait 129 130 1300
129 irecv 133 2100 200 0
129 irecv 157 2300 200 0
129 send 133 2300 4 0
129 send 157 2100 4 0
129 wait 134 130 2100
129 wait 158 130 2300
129 irecv 161 3100 200 0
129 irecv 97 3300 200 0
129 send 161 3300 12 0
129 send 97 3100 12 0
129 wait 162 130 3100
129 wait 98 130 3300
129 irecv 130 1100 200 0
129 irecv 128 1300 200 0
129 send 130 1300 4 0
129 send 128 1100 4 0
129 wait 131 130 1100
129 wait 129 130 1300
129 irecv 133 2100 200 0
129 irecv 157 2300 200 0
129 send 133 2300 12 0
129 send 157 2100 12 0
129 wait 134 130 2100
129 wait 158 130 2300
129 irecv 161 3100 200 0
129 irecv 97 3300 200 0
129 send 161 3300 24 0
129 send 97 3100 24 0
129 wait 162 130 3100
129 wait 98 130 3300
129 irecv 130 1100 200 0
129 irecv 128 1300 200 0
129 send 130 1300 4 0
129 send 128 1100 4 0
129 wait 131 130 1100
129 wait 129 130 1300
129 irecv 133 2100 200 0
129 irecv 157 2300 200 0
129 send 133 2300 12 0
129 send 157 2100 12 0
129 wait 134 130 2100
129 wait 158 130 2300
129 irecv 161 3100 200 0
129 irecv 97 3300 200 0
129 send 161 3300 24 0
129 send 97 3100 24 0
129 wait 162 130 3100
129 wait 98 130 3300
129 irecv 130 1100 200 0
129 irecv 128 1300 200 0
129 send 130 1300 16 0
129 send 128 1100 16 0
129 wait 131 130 1100
129 wait 129 130 1300
129 irecv 133 2100 200 0
129 irecv 157 2300 200 0
129 send 133 2300 40 0
129 send 157 2100 40 0
129 wait 134 130 2100
129 wait 158 130 2300
129 irecv 161 3100 200 0
129 irecv 97 3300 200 0
129 send 161 3300 60 0
129 send 97 3100 60 0
129 wait 162 130 3100
129 wait 98 130 3300
129 irecv 130 1100 200 0
129 irecv 128 1300 200 0
129 send 130 1300 16 0
129 send 128 1100 16 0
129 wait 131 130 1100
129 wait 129 130 1300
129 irecv 133 2100 200 0
129 irecv 157 2300 200 0
129 send 133 2300 40 0
129 send 157 2100 40 0
129 wait 134 130 2100
129 wait 158 130 2300
129 irecv 161 3100 200 0
129 irecv 97 3300 200 0
129 send 161 3300 60 0
129 send 97 3100 60 0
129 wait 162 130 3100
129 wait 98 130 3300
129 irecv 130 1100 200 0
129 irecv 128 1300 200 0
129 send 130 1300 16 0
129 send 128 1100 16 0
129 wait 131 130 1100
129 wait 129 130 1300
129 irecv 133 2100 200 0
129 irecv 157 2300 200 0
129 send 133 2300 40 0
129 send 157 2100 40 0
129 wait 134 130 2100
129 wait 158 130 2300
129 irecv 161 3100 200 0
129 irecv 97 3300 200 0
129 send 161 3300 60 0
129 send 97 3100 60 0
129 wait 162 130 3100
129 wait 98 130 3300
129 barrier
129 allreduce 1 0 0 
129 allreduce 4 0 1 
129 allreduce 1 0 0 
129 allreduce 4 0 1 
129 allreduce 1 0 0 
129 allreduce 4 0 1 
129 allreduce 1 0 0 
129 allreduce 4 0 1 
129 allreduce 1 0 0 
129 allreduce 4 0 1 
129 allreduce 1 0 0 
129 allreduce 4 0 1 
129 allreduce 1 0 0 
129 allreduce 4 0 1 
129 allreduce 1 0 0 
129 allreduce 4 0 1 
129 allreduce 1 0 0 
129 allreduce 4 0 1 
129 allreduce 1 0 0 
129 allreduce 4 0 1 
129 allreduce 1 0 0 
129 allreduce 4 0 1 
129 allreduce 1 0 0 
129 allreduce 4 0 1 
129 allreduce 1 0 0 
129 allreduce 4 0 1 
129 allreduce 1 0 0 
129 allreduce 4 0 1 
129 allreduce 1 0 0 
129 allreduce 4 0 1 
129 allreduce 1 0 0 
129 allreduce 4 0 1 
129 allreduce 1 0 0 
129 allreduce 4 0 1 
129 allreduce 1 0 0 
129 allreduce 4 0 1 
129 allreduce 1 0 0 
129 allreduce 4 0 1 
129 allreduce 1 0 0 
129 allreduce 4 0 1 
129 barrier
129 irecv 130 1100 200 0
129 irecv 128 1300 200 0
129 send 130 1300 16 0
129 send 128 1100 16 0
129 wait 131 130 1100
129 wait 129 130 1300
129 irecv 133 2100 200 0
129 irecv 157 2300 200 0
129 send 133 2300 40 0
129 send 157 2100 40 0
129 wait 134 130 2100
129 wait 158 130 2300
129 irecv 161 3100 200 0
129 irecv 97 3300 200 0
129 send 161 3300 60 0
129 send 97 3100 60 0
129 wait 162 130 3100
129 wait 98 130 3300
129 barrier
129 irecv 130 1100 200 0
129 irecv 128 1300 200 0
129 send 130 1300 16 0
129 send 128 1100 16 0
129 wait 131 130 1100
129 wait 129 130 1300
129 irecv 133 2100 200 0
129 irecv 157 2300 200 0
129 send 133 2300 40 0
129 send 157 2100 40 0
129 wait 134 130 2100
129 wait 158 130 2300
129 irecv 161 3100 200 0
129 compute 312.5
129 irecv 97 3300 200 0
129 send 161 3300 60 0
129 send 97 3100 60 0
129 wait 162 130 3100
129 wait 98 130 3300
129 allreduce 1 0 0 
129 allreduce 1 0 0 
129 irecv 130 1100 200 0
129 irecv 128 1300 200 0
129 send 130 1300 4 0
129 send 128 1100 4 0
129 wait 131 130 1100
129 wait 129 130 1300
129 irecv 133 2100 200 0
129 irecv 157 2300 200 0
129 send 133 2300 12 0
129 send 157 2100 12 0
129 wait 134 130 2100
129 wait 158 130 2300
129 irecv 161 3100 200 0
129 irecv 97 3300 200 0
129 send 161 3300 24 0
129 send 97 3100 24 0
129 wait 162 130 3100
129 wait 98 130 3300
129 irecv 130 1100 200 0
129 irecv 128 1300 200 0
129 send 130 1300 1 0
129 send 128 1100 1 0
129 wait 131 130 1100
129 wait 129 130 1300
129 irecv 133 2100 200 0
129 irecv 157 2300 200 0
129 send 133 2300 4 0
129 send 157 2100 4 0
129 wait 134 130 2100
129 wait 158 130 2300
129 irecv 161 3100 200 0
129 irecv 97 3300 200 0
129 send 161 3300 12 0
129 send 97 3100 12 0
129 wait 162 130 3100
129 wait 98 130 3300
129 send 130 1300 8 0
129 send 128 1100 4 0
129 irecv 133 2100 200 0
129 irecv 157 2300 200 0
129 wait 134 130 2100
129 wait 158 130 2300
129 irecv 161 3100 200 0
129 irecv 97 3300 200 0
129 wait 162 130 3100
129 wait 98 130 3300
129 irecv 130 1100 200 0
129 irecv 128 1300 200 0
129 send 130 1300 1 0
129 send 128 1100 1 0
129 wait 131 130 1100
129 wait 129 130 1300
129 irecv 133 2100 200 0
129 irecv 157 2300 200 0
129 send 133 2300 4 0
129 send 157 2100 4 0
129 wait 134 130 2100
129 wait 158 130 2300
129 irecv 161 3100 200 0
129 irecv 97 3300 200 0
129 send 161 3300 12 0
129 send 97 3100 12 0
129 wait 162 130 3100
129 wait 98 130 3300
129 irecv 130 1100 200 0
129 irecv 128 1300 200 0
129 send 130 1300 1 0
129 send 128 1100 1 0
129 wait 131 130 1100
129 wait 129 130 1300
129 irecv 133 2100 200 0
129 irecv 157 2300 200 0
129 send 133 2300 4 0
129 send 157 2100 4 0
129 wait 134 130 2100
129 wait 158 130 2300
129 irecv 161 3100 200 0
129 irecv 97 3300 200 0
129 send 161 3300 12 0
129 send 97 3100 12 0
129 wait 162 130 3100
129 wait 98 130 3300
129 irecv 130 1100 200 0
129 irecv 128 1300 200 0
129 send 130 1300 4 0
129 send 128 1100 4 0
129 wait 131 130 1100
129 wait 129 130 1300
129 irecv 133 2100 200 0
129 irecv 157 2300 200 0
129 send 133 2300 12 0
129 send 157 2100 12 0
129 wait 134 130 2100
129 wait 158 130 2300
129 irecv 161 3100 200 0
129 irecv 97 3300 200 0
129 send 161 3300 24 0
129 send 97 3100 24 0
129 wait 162 130 3100
129 wait 98 130 3300
129 irecv 130 1100 200 0
129 irecv 128 1300 200 0
129 send 130 1300 4 0
129 send 128 1100 4 0
129 wait 131 130 1100
129 wait 129 130 1300
129 irecv 133 2100 200 0
129 irecv 157 2300 200 0
129 send 133 2300 12 0
129 send 157 2100 12 0
129 wait 134 130 2100
129 wait 158 130 2300
129 irecv 161 3100 200 0
129 irecv 97 3300 200 0
129 send 161 3300 24 0
129 send 97 3100 24 0
129 wait 162 130 3100
129 wait 98 130 3300
129 irecv 130 1100 200 0
129 irecv 128 1300 200 0
129 send 130 1300 16 0
129 send 128 1100 16 0
129 wait 131 130 1100
129 wait 129 130 1300
129 irecv 133 2100 200 0
129 irecv 157 2300 200 0
129 send 133 2300 40 0
129 send 157 2100 40 0
129 wait 134 130 2100
129 wait 158 130 2300
129 irecv 161 3100 200 0
129 irecv 97 3300 200 0
129 send 161 3300 60 0
129 send 97 3100 60 0
129 wait 162 130 3100
129 wait 98 130 3300
129 irecv 130 1100 200 0
129 irecv 128 1300 200 0
129 send 130 1300 16 0
129 send 128 1100 16 0
129 wait 131 130 1100
129 wait 129 130 1300
129 irecv 133 2100 200 0
129 irecv 157 2300 200 0
129 compute 312.5
129 send 133 2300 40 0
129 send 157 2100 40 0
129 wait 134 130 2100
129 wait 158 130 2300
129 irecv 161 3100 200 0
129 irecv 97 3300 200 0
129 send 161 3300 60 0
129 send 97 3100 60 0
129 wait 162 130 3100
129 wait 98 130 3300
129 irecv 130 1100 200 0
129 irecv 128 1300 200 0
129 send 130 1300 16 0
129 send 128 1100 16 0
129 wait 131 130 1100
129 wait 129 130 1300
129 irecv 133 2100 200 0
129 irecv 157 2300 200 0
129 send 133 2300 40 0
129 send 157 2100 40 0
129 wait 134 130 2100
129 wait 158 130 2300
129 irecv 161 3100 200 0
129 irecv 97 3300 200 0
129 send 161 3300 60 0
129 send 97 3100 60 0
129 wait 162 130 3100
129 wait 98 130 3300
129 irecv 130 1100 200 0
129 irecv 128 1300 200 0
129 send 130 1300 4 0
129 send 128 1100 4 0
129 wait 131 130 1100
129 wait 129 130 1300
129 irecv 133 2100 200 0
129 irecv 157 2300 200 0
129 send 133 2300 12 0
129 send 157 2100 12 0
129 wait 134 130 2100
129 wait 158 130 2300
129 irecv 161 3100 200 0
129 irecv 97 3300 200 0
129 send 161 3300 24 0
129 send 97 3100 24 0
129 wait 162 130 3100
129 wait 98 130 3300
129 irecv 130 1100 200 0
129 irecv 128 1300 200 0
129 send 130 1300 1 0
129 send 128 1100 1 0
129 wait 131 130 1100
129 wait 129 130 1300
129 irecv 133 2100 200 0
129 irecv 157 2300 200 0
129 send 133 2300 4 0
129 send 157 2100 4 0
129 wait 134 130 2100
129 wait 158 130 2300
129 irecv 161 3100 200 0
129 irecv 97 3300 200 0
129 send 161 3300 12 0
129 send 97 3100 12 0
129 wait 162 130 3100
129 wait 98 130 3300
129 send 130 1300 8 0
129 send 128 1100 4 0
129 irecv 133 2100 200 0
129 irecv 157 2300 200 0
129 wait 134 130 2100
129 wait 158 130 2300
129 irecv 161 3100 200 0
129 irecv 97 3300 200 0
129 wait 162 130 3100
129 wait 98 130 3300
129 irecv 130 1100 200 0
129 irecv 128 1300 200 0
129 send 130 1300 1 0
129 send 128 1100 1 0
129 wait 131 130 1100
129 wait 129 130 1300
129 irecv 133 2100 200 0
129 irecv 157 2300 200 0
129 send 133 2300 4 0
129 send 157 2100 4 0
129 wait 134 130 2100
129 wait 158 130 2300
129 irecv 161 3100 200 0
129 irecv 97 3300 200 0
129 send 161 3300 12 0
129 send 97 3100 12 0
129 wait 162 130 3100
129 wait 98 130 3300
129 irecv 130 1100 200 0
129 irecv 128 1300 200 0
129 send 130 1300 1 0
129 send 128 1100 1 0
129 wait 131 130 1100
129 wait 129 130 1300
129 irecv 133 2100 200 0
129 irecv 157 2300 200 0
129 send 133 2300 4 0
129 send 157 2100 4 0
129 wait 134 130 2100
129 wait 158 130 2300
129 irecv 161 3100 200 0
129 irecv 97 3300 200 0
129 send 161 3300 12 0
129 send 97 3100 12 0
129 wait 162 130 3100
129 wait 98 130 3300
129 irecv 130 1100 200 0
129 irecv 128 1300 200 0
129 send 130 1300 4 0
129 send 128 1100 4 0
129 wait 131 130 1100
129 wait 129 130 1300
129 irecv 133 2100 200 0
129 irecv 157 2300 200 0
129 send 133 2300 12 0
129 send 157 2100 12 0
129 wait 134 130 2100
129 wait 158 130 2300
129 irecv 161 3100 200 0
129 irecv 97 3300 200 0
129 send 161 3300 24 0
129 send 97 3100 24 0
129 wait 162 130 3100
129 wait 98 130 3300
129 irecv 130 1100 200 0
129 irecv 128 1300 200 0
129 send 130 1300 4 0
129 send 128 1100 4 0
129 wait 131 130 1100
129 wait 129 130 1300
129 irecv 133 2100 200 0
129 irecv 157 2300 200 0
129 send 133 2300 12 0
129 send 157 2100 12 0
129 wait 134 130 2100
129 wait 158 130 2300
129 irecv 161 3100 200 0
129 irecv 97 3300 200 0
129 send 161 3300 24 0
129 send 97 3100 24 0
129 wait 162 130 3100
129 wait 98 130 3300
129 irecv 130 1100 200 0
129 irecv 128 1300 200 0
129 send 130 1300 16 0
129 send 128 1100 16 0
129 wait 131 130 1100
129 wait 129 130 1300
129 irecv 133 2100 200 0
129 irecv 157 2300 200 0
129 send 133 2300 40 0
129 send 157 2100 40 0
129 wait 134 130 2100
129 wait 158 130 2300
129 irecv 161 3100 200 0
129 irecv 97 3300 200 0
129 send 161 3300 60 0
129 send 97 3100 60 0
129 wait 162 130 3100
129 wait 98 130 3300
129 irecv 130 1100 200 0
129 irecv 128 1300 200 0
129 send 130 1300 16 0
129 send 128 1100 16 0
129 wait 131 130 1100
129 wait 129 130 1300
129 irecv 133 2100 200 0
129 irecv 157 2300 200 0
129 send 133 2300 40 0
129 send 157 2100 40 0
129 wait 134 130 2100
129 wait 158 130 2300
129 irecv 161 3100 200 0
129 irecv 97 3300 200 0
129 send 161 3300 60 0
129 send 97 3100 60 0
129 wait 162 130 3100
129 wait 98 130 3300
129 irecv 130 1100 200 0
129 irecv 128 1300 200 0
129 send 130 1300 16 0
129 send 128 1100 16 0
129 wait 131 130 1100
129 wait 129 130 1300
129 irecv 133 2100 200 0
129 irecv 157 2300 200 0
129 send 133 2300 40 0
129 send 157 2100 40 0
129 wait 134 130 2100
129 wait 158 130 2300
129 irecv 161 3100 200 0
129 irecv 97 3300 200 0
129 send 161 3300 60 0
129 send 97 3100 60 0
129 wait 162 130 3100
129 wait 98 130 3300
129 irecv 130 1100 200 0
129 irecv 128 1300 200 0
129 send 130 1300 4 0
129 send 128 1100 4 0
129 wait 131 130 1100
129 wait 129 130 1300
129 irecv 133 2100 200 0
129 irecv 157 2300 200 0
129 send 133 2300 12 0
129 send 157 2100 12 0
129 wait 134 130 2100
129 wait 158 130 2300
129 irecv 161 3100 200 0
129 irecv 97 3300 200 0
129 send 161 3300 24 0
129 send 97 3100 24 0
129 wait 162 130 3100
129 wait 98 130 3300
129 irecv 130 1100 200 0
129 irecv 128 1300 200 0
129 send 130 1300 1 0
129 send 128 1100 1 0
129 wait 131 130 1100
129 wait 129 130 1300
129 irecv 133 2100 200 0
129 irecv 157 2300 200 0
129 send 133 2300 4 0
129 send 157 2100 4 0
129 wait 134 130 2100
129 wait 158 130 2300
129 irecv 161 3100 200 0
129 irecv 97 3300 200 0
129 send 161 3300 12 0
129 send 97 3100 12 0
129 wait 162 130 3100
129 wait 98 130 3300
129 send 130 1300 8 0
129 send 128 1100 4 0
129 irecv 133 2100 200 0
129 irecv 157 2300 200 0
129 wait 134 130 2100
129 wait 158 130 2300
129 irecv 161 3100 200 0
129 irecv 97 3300 200 0
129 wait 162 130 3100
129 wait 98 130 3300
129 irecv 130 1100 200 0
129 irecv 128 1300 200 0
129 send 130 1300 1 0
129 send 128 1100 1 0
129 wait 131 130 1100
129 wait 129 130 1300
129 irecv 133 2100 200 0
129 irecv 157 2300 200 0
129 send 133 2300 4 0
129 send 157 2100 4 0
129 wait 134 130 2100
129 wait 158 130 2300
129 irecv 161 3100 200 0
129 irecv 97 3300 200 0
129 send 161 3300 12 0
129 send 97 3100 12 0
129 wait 162 130 3100
129 wait 98 130 3300
129 irecv 130 1100 200 0
129 irecv 128 1300 200 0
129 send 130 1300 1 0
129 send 128 1100 1 0
129 wait 131 130 1100
129 wait 129 130 1300
129 irecv 133 2100 200 0
129 irecv 157 2300 200 0
129 send 133 2300 4 0
129 send 157 2100 4 0
129 wait 134 130 2100
129 wait 158 130 2300
129 irecv 161 3100 200 0
129 irecv 97 3300 200 0
129 send 161 3300 12 0
129 send 97 3100 12 0
129 wait 162 130 3100
129 wait 98 130 3300
129 irecv 130 1100 200 0
129 irecv 128 1300 200 0
129 send 130 1300 4 0
129 send 128 1100 4 0
129 wait 131 130 1100
129 wait 129 130 1300
129 irecv 133 2100 200 0
129 irecv 157 2300 200 0
129 send 133 2300 12 0
129 send 157 2100 12 0
129 wait 134 130 2100
129 wait 158 130 2300
129 irecv 161 3100 200 0
129 irecv 97 3300 200 0
129 send 161 3300 24 0
129 send 97 3100 24 0
129 wait 162 130 3100
129 wait 98 130 3300
129 irecv 130 1100 200 0
129 irecv 128 1300 200 0
129 send 130 1300 4 0
129 send 128 1100 4 0
129 wait 131 130 1100
129 wait 129 130 1300
129 irecv 133 2100 200 0
129 irecv 157 2300 200 0
129 send 133 2300 12 0
129 send 157 2100 12 0
129 wait 134 130 2100
129 wait 158 130 2300
129 irecv 161 3100 200 0
129 irecv 97 3300 200 0
129 send 161 3300 24 0
129 send 97 3100 24 0
129 wait 162 130 3100
129 wait 98 130 3300
129 irecv 130 1100 200 0
129 irecv 128 1300 200 0
129 send 130 1300 16 0
129 send 128 1100 16 0
129 wait 131 130 1100
129 wait 129 130 1300
129 irecv 133 2100 200 0
129 irecv 157 2300 200 0
129 send 133 2300 40 0
129 send 157 2100 40 0
129 wait 134 130 2100
129 wait 158 130 2300
129 irecv 161 3100 200 0
129 irecv 97 3300 200 0
129 send 161 3300 60 0
129 send 97 3100 60 0
129 wait 162 130 3100
129 wait 98 130 3300
129 irecv 130 1100 200 0
129 irecv 128 1300 200 0
129 send 130 1300 16 0
129 send 128 1100 16 0
129 wait 131 130 1100
129 wait 129 130 1300
129 irecv 133 2100 200 0
129 irecv 157 2300 200 0
129 send 133 2300 40 0
129 send 157 2100 40 0
129 wait 134 130 2100
129 wait 158 130 2300
129 irecv 161 3100 200 0
129 irecv 97 3300 200 0
129 send 161 3300 60 0
129 send 97 3100 60 0
129 wait 162 130 3100
129 wait 98 130 3300
129 irecv 130 1100 200 0
129 irecv 128 1300 200 0
129 send 130 1300 16 0
129 send 128 1100 16 0
129 wait 131 130 1100
129 wait 129 130 1300
129 irecv 133 2100 200 0
129 irecv 157 2300 200 0
129 send 133 2300 40 0
129 send 157 2100 40 0
129 wait 134 130 2100
129 wait 158 130 2300
129 irecv 161 3100 200 0
129 irecv 97 3300 200 0
129 send 161 3300 60 0
129 send 97 3100 60 0
129 wait 162 130 3100
129 wait 98 130 3300
129 irecv 130 1100 200 0
129 irecv 128 1300 200 0
129 send 130 1300 4 0
129 send 128 1100 4 0
129 wait 131 130 1100
129 wait 129 130 1300
129 irecv 133 2100 200 0
129 irecv 157 2300 200 0
129 send 133 2300 12 0
129 send 157 2100 12 0
129 wait 134 130 2100
129 wait 158 130 2300
129 irecv 161 3100 200 0
129 irecv 97 3300 200 0
129 send 161 3300 24 0
129 send 97 3100 24 0
129 wait 162 130 3100
129 wait 98 130 3300
129 irecv 130 1100 200 0
129 irecv 128 1300 200 0
129 send 130 1300 1 0
129 send 128 1100 1 0
129 wait 131 130 1100
129 wait 129 130 1300
129 irecv 133 2100 200 0
129 irecv 157 2300 200 0
129 send 133 2300 4 0
129 send 157 2100 4 0
129 wait 134 130 2100
129 wait 158 130 2300
129 irecv 161 3100 200 0
129 irecv 97 3300 200 0
129 send 161 3300 12 0
129 send 97 3100 12 0
129 wait 162 130 3100
129 wait 98 130 3300
129 send 130 1300 8 0
129 send 128 1100 4 0
129 irecv 133 2100 200 0
129 irecv 157 2300 200 0
129 wait 134 130 2100
129 wait 158 130 2300
129 irecv 161 3100 200 0
129 irecv 97 3300 200 0
129 wait 162 130 3100
129 wait 98 130 3300
129 irecv 130 1100 200 0
129 irecv 128 1300 200 0
129 send 130 1300 1 0
129 send 128 1100 1 0
129 wait 131 130 1100
129 wait 129 130 1300
129 irecv 133 2100 200 0
129 irecv 157 2300 200 0
129 send 133 2300 4 0
129 send 157 2100 4 0
129 wait 134 130 2100
129 wait 158 130 2300
129 irecv 161 3100 200 0
129 irecv 97 3300 200 0
129 send 161 3300 12 0
129 send 97 3100 12 0
129 wait 162 130 3100
129 wait 98 130 3300
129 irecv 130 1100 200 0
129 irecv 128 1300 200 0
129 send 130 1300 1 0
129 send 128 1100 1 0
129 wait 131 130 1100
129 wait 129 130 1300
129 irecv 133 2100 200 0
129 irecv 157 2300 200 0
129 send 133 2300 4 0
129 send 157 2100 4 0
129 wait 134 130 2100
129 wait 158 130 2300
129 irecv 161 3100 200 0
129 irecv 97 3300 200 0
129 send 161 3300 12 0
129 send 97 3100 12 0
129 wait 162 130 3100
129 wait 98 130 3300
129 irecv 130 1100 200 0
129 irecv 128 1300 200 0
129 send 130 1300 4 0
129 send 128 1100 4 0
129 wait 131 130 1100
129 wait 129 130 1300
129 irecv 133 2100 200 0
129 irecv 157 2300 200 0
129 send 133 2300 12 0
129 send 157 2100 12 0
129 wait 134 130 2100
129 wait 158 130 2300
129 irecv 161 3100 200 0
129 irecv 97 3300 200 0
129 send 161 3300 24 0
129 send 97 3100 24 0
129 wait 162 130 3100
129 wait 98 130 3300
129 irecv 130 1100 200 0
129 irecv 128 1300 200 0
129 send 130 1300 4 0
129 send 128 1100 4 0
129 wait 131 130 1100
129 wait 129 130 1300
129 irecv 133 2100 200 0
129 irecv 157 2300 200 0
129 send 133 2300 12 0
129 send 157 2100 12 0
129 wait 134 130 2100
129 wait 158 130 2300
129 irecv 161 3100 200 0
129 irecv 97 3300 200 0
129 send 161 3300 24 0
129 send 97 3100 24 0
129 wait 162 130 3100
129 wait 98 130 3300
129 irecv 130 1100 200 0
129 irecv 128 1300 200 0
129 send 130 1300 16 0
129 send 128 1100 16 0
129 wait 131 130 1100
129 wait 129 130 1300
129 irecv 133 2100 200 0
129 irecv 157 2300 200 0
129 send 133 2300 40 0
129 send 157 2100 40 0
129 wait 134 130 2100
129 wait 158 130 2300
129 irecv 161 3100 200 0
129 irecv 97 3300 200 0
129 send 161 3300 60 0
129 send 97 3100 60 0
129 wait 162 130 3100
129 wait 98 130 3300
129 irecv 130 1100 200 0
129 irecv 128 1300 200 0
129 send 130 1300 16 0
129 send 128 1100 16 0
129 wait 131 130 1100
129 wait 129 130 1300
129 irecv 133 2100 200 0
129 irecv 157 2300 200 0
129 send 133 2300 40 0
129 send 157 2100 40 0
129 wait 134 130 2100
129 wait 158 130 2300
129 irecv 161 3100 200 0
129 irecv 97 3300 200 0
129 send 161 3300 60 0
129 send 97 3100 60 0
129 wait 162 130 3100
129 wait 98 130 3300
129 irecv 130 1100 200 0
129 irecv 128 1300 200 0
129 send 130 1300 16 0
129 send 128 1100 16 0
129 wait 131 130 1100
129 wait 129 130 1300
129 irecv 133 2100 200 0
129 irecv 157 2300 200 0
129 send 133 2300 40 0
129 send 157 2100 40 0
129 wait 134 130 2100
129 wait 158 130 2300
129 irecv 161 3100 200 0
129 irecv 97 3300 200 0
129 send 161 3300 60 0
129 send 97 3100 60 0
129 wait 162 130 3100
129 wait 98 130 3300
129 allreduce 1 0 0 
129 allreduce 1 0 0 
129 reduce 1 0 0 0 
129 finalize
