54 init
54 barrier
54 bcast 1 0 1 
54 bcast 1 0 1 
54 bcast 1 0 1 
54 bcast 1 0 1 
54 bcast 1 0 1 
54 bcast 8 0 1 
54 bcast 1 0 16 
54 barrier
54 allreduce 1 0 0 
54 allreduce 4 0 1 
54 allreduce 1 0 0 
54 allreduce 4 0 1 
54 allreduce 1 0 0 
54 allreduce 4 0 1 
54 allreduce 1 0 0 
54 allreduce 4 0 1 
54 allreduce 1 0 0 
54 allreduce 4 0 1 
54 allreduce 1 0 0 
54 allreduce 4 0 1 
54 allreduce 1 0 0 
54 allreduce 4 0 1 
54 allreduce 1 0 0 
54 allreduce 4 0 1 
54 allreduce 1 0 0 
54 allreduce 4 0 1 
54 allreduce 1 0 0 
54 allreduce 4 0 1 
54 allreduce 1 0 0 
54 allreduce 4 0 1 
54 allreduce 1 0 0 
54 allreduce 4 0 1 
54 allreduce 1 0 0 
54 allreduce 4 0 1 
54 allreduce 1 0 0 
54 allreduce 4 0 1 
54 allreduce 1 0 0 
54 allreduce 4 0 1 
54 allreduce 1 0 0 
54 allreduce 4 0 1 
54 allreduce 1 0 0 
54 allreduce 4 0 1 
54 allreduce 1 0 0 
54 allreduce 4 0 1 
54 allreduce 1 0 0 
54 allreduce 4 0 1 
54 allreduce 1 0 0 
54 allreduce 4 0 1 
54 barrier
54 irecv 55 1100 200 0
54 irecv 53 1300 200 0
54 send 55 1300 16 0
54 send 53 1100 16 0
54 wait 56 55 1100
54 wait 54 55 1300
54 irecv 58 2100 200 0
54 irecv 50 2300 200 0
54 send 58 2300 40 0
54 send 50 2100 40 0
54 wait 59 55 2100
54 wait 51 55 2300
54 irecv 86 3100 200 0
54 irecv 22 3300 200 0
54 send 86 3300 60 0
54 send 22 3100 60 0
54 wait 87 55 3100
54 wait 23 55 3300
54 allreduce 1 0 0 
54 allreduce 1 0 0 
54 irecv 55 1100 200 0
54 irecv 53 1300 200 0
54 send 55 1300 16 0
54 send 53 1100 16 0
54 wait 56 55 1100
54 wait 54 55 1300
54 irecv 58 2100 200 0
54 irecv 50 2300 200 0
54 send 58 2300 40 0
54 send 50 2100 40 0
54 wait 59 55 2100
54 wait 51 55 2300
54 irecv 86 3100 200 0
54 irecv 22 3300 200 0
54 send 86 3300 60 0
54 send 22 3100 60 0
54 wait 87 55 3100
54 wait 23 55 3300
54 allreduce 1 0 0 
54 allreduce 1 0 0 
54 irecv 55 1100 200 0
54 irecv 53 1300 200 0
54 send 55 1300 4 0
54 send 53 1100 4 0
54 wait 56 55 1100
54 wait 54 55 1300
54 irecv 58 2100 200 0
54 irecv 50 2300 200 0
54 send 58 2300 12 0
54 send 50 2100 12 0
54 wait 59 55 2100
54 wait 51 55 2300
54 irecv 86 3100 200 0
54 irecv 22 3300 200 0
54 send 86 3300 24 0
54 send 22 3100 24 0
54 wait 87 55 3100
54 wait 23 55 3300
54 irecv 55 1100 200 0
54 irecv 53 1300 200 0
54 send 55 1300 1 0
54 send 53 1100 1 0
54 wait 56 55 1100
54 wait 54 55 1300
54 irecv 58 2100 200 0
54 irecv 50 2300 200 0
54 send 58 2300 4 0
54 send 50 2100 4 0
54 wait 59 55 2100
54 wait 51 55 2300
54 irecv 86 3100 200 0
54 irecv 22 3300 200 0
54 send 86 3300 12 0
54 send 22 3100 12 0
54 wait 87 55 3100
54 wait 23 55 3300
54 irecv 55 1100 200 0
54 irecv 53 1300 200 0
54 send 55 1300 1 0
54 send 53 1100 1 0
54 wait 56 55 1100
54 wait 54 55 1300
54 irecv 62 2100 200 0
54 irecv 46 2300 200 0
54 send 62 2300 3 0
54 send 46 2100 3 0
54 wait 63 55 2100
54 wait 47 55 2300
54 irecv 118 3100 200 0
54 irecv 246 3300 200 0
54 send 118 3300 9 0
54 send 246 3100 9 0
54 wait 119 55 3100
54 wait 247 55 3300
54 irecv 55 1100 200 0
54 irecv 53 1300 200 0
54 wait 56 55 1100
54 wait 54 55 1300
54 irecv 62 2100 200 0
54 irecv 46 2300 200 0
54 wait 63 55 2100
54 wait 47 55 2300
54 irecv 118 3100 200 0
54 irecv 246 3300 200 0
54 wait 119 55 3100
54 wait 247 55 3300
54 irecv 55 1100 200 0
54 irecv 53 1300 200 0
54 send 55 1300 1 0
54 send 53 1100 1 0
54 wait 56 55 1100
54 wait 54 55 1300
54 irecv 62 2100 200 0
54 irecv 46 2300 200 0
54 send 62 2300 3 0
54 send 46 2100 3 0
54 wait 63 55 2100
54 wait 47 55 2300
54 irecv 118 3100 200 0
54 irecv 246 3300 200 0
54 send 118 3300 9 0
54 send 246 3100 9 0
54 wait 119 55 3100
54 wait 247 55 3300
54 irecv 55 1100 200 0
54 irecv 53 1300 200 0
54 send 55 1300 1 0
54 send 53 1100 1 0
54 wait 56 55 1100
54 wait 54 55 1300
54 irecv 62 2100 200 0
54 irecv 46 2300 200 0
54 send 62 2300 3 0
54 send 46 2100 3 0
54 wait 63 55 2100
54 wait 47 55 2300
54 irecv 118 3100 200 0
54 irecv 246 3300 200 0
54 send 118 3300 9 0
54 send 246 3100 9 0
54 wait 119 55 3100
54 wait 247 55 3300
54 send 58 2300 24 0
54 send 50 2100 12 0
54 send 86 3300 24 0
54 send 22 3100 12 0
54 irecv 55 1100 200 0
54 irecv 53 1300 200 0
54 send 55 1300 1 0
54 send 53 1100 1 0
54 wait 56 55 1100
54 wait 54 55 1300
54 irecv 58 2100 200 0
54 irecv 50 2300 200 0
54 send 58 2300 4 0
54 send 50 2100 4 0
54 wait 59 55 2100
54 wait 51 55 2300
54 irecv 86 3100 200 0
54 irecv 22 3300 200 0
54 send 86 3300 12 0
54 send 22 3100 12 0
54 wait 87 55 3100
54 wait 23 55 3300
54 irecv 55 1100 200 0
54 irecv 53 1300 200 0
54 send 55 1300 1 0
54 send 53 1100 1 0
54 wait 56 55 1100
54 wait 54 55 1300
54 irecv 58 2100 200 0
54 irecv 50 2300 200 0
54 send 58 2300 4 0
54 send 50 2100 4 0
54 wait 59 55 2100
54 wait 51 55 2300
54 irecv 86 3100 200 0
54 irecv 22 3300 200 0
54 send 86 3300 12 0
54 send 22 3100 12 0
54 wait 87 55 3100
54 wait 23 55 3300
54 irecv 55 1100 200 0
54 irecv 53 1300 200 0
54 send 55 1300 4 0
54 send 53 1100 4 0
54 wait 56 55 1100
54 wait 54 55 1300
54 irecv 58 2100 200 0
54 irecv 50 2300 200 0
54 send 58 2300 12 0
54 send 50 2100 12 0
54 wait 59 55 2100
54 wait 51 55 2300
54 irecv 86 3100 200 0
54 irecv 22 3300 200 0
54 send 86 3300 24 0
54 send 22 3100 24 0
54 wait 87 55 3100
54 wait 23 55 3300
54 irecv 55 1100 200 0
54 irecv 53 1300 200 0
54 send 55 1300 4 0
54 send 53 1100 4 0
54 wait 56 55 1100
54 wait 54 55 1300
54 irecv 58 2100 200 0
54 irecv 50 2300 200 0
54 send 58 2300 12 0
54 send 50 2100 12 0
54 wait 59 55 2100
54 wait 51 55 2300
54 irecv 86 3100 200 0
54 irecv 22 3300 200 0
54 send 86 3300 24 0
54 send 22 3100 24 0
54 wait 87 55 3100
54 wait 23 55 3300
54 irecv 55 1100 200 0
54 irecv 53 1300 200 0
54 send 55 1300 16 0
54 send 53 1100 16 0
54 wait 56 55 1100
54 wait 54 55 1300
54 irecv 58 2100 200 0
54 irecv 50 2300 200 0
54 send 58 2300 40 0
54 send 50 2100 40 0
54 wait 59 55 2100
54 wait 51 55 2300
54 irecv 86 3100 200 0
54 irecv 22 3300 200 0
54 send 86 3300 60 0
54 send 22 3100 60 0
54 wait 87 55 3100
54 wait 23 55 3300
54 irecv 55 1100 200 0
54 irecv 53 1300 200 0
54 send 55 1300 16 0
54 send 53 1100 16 0
54 wait 56 55 1100
54 wait 54 55 1300
54 irecv 58 2100 200 0
54 irecv 50 2300 200 0
54 send 58 2300 40 0
54 send 50 2100 40 0
54 wait 59 55 2100
54 wait 51 55 2300
54 irecv 86 3100 200 0
54 irecv 22 3300 200 0
54 send 86 3300 60 0
54 send 22 3100 60 0
54 wait 87 55 3100
54 wait 23 55 3300
54 irecv 55 1100 200 0
54 irecv 53 1300 200 0
54 send 55 1300 16 0
54 send 53 1100 16 0
54 wait 56 55 1100
54 wait 54 55 1300
54 irecv 58 2100 200 0
54 irecv 50 2300 200 0
54 send 58 2300 40 0
54 send 50 2100 40 0
54 wait 59 55 2100
54 wait 51 55 2300
54 irecv 86 3100 200 0
54 irecv 22 3300 200 0
54 send 86 3300 60 0
54 send 22 3100 60 0
54 wait 87 55 3100
54 wait 23 55 3300
54 barrier
54 allreduce 1 0 0 
54 allreduce 4 0 1 
54 allreduce 1 0 0 
54 allreduce 4 0 1 
54 allreduce 1 0 0 
54 allreduce 4 0 1 
54 allreduce 1 0 0 
54 allreduce 4 0 1 
54 allreduce 1 0 0 
54 allreduce 4 0 1 
54 allreduce 1 0 0 
54 allreduce 4 0 1 
54 allreduce 1 0 0 
54 allreduce 4 0 1 
54 allreduce 1 0 0 
54 allreduce 4 0 1 
54 allreduce 1 0 0 
54 allreduce 4 0 1 
54 allreduce 1 0 0 
54 allreduce 4 0 1 
54 allreduce 1 0 0 
54 allreduce 4 0 1 
54 allreduce 1 0 0 
54 allreduce 4 0 1 
54 allreduce 1 0 0 
54 allreduce 4 0 1 
54 allreduce 1 0 0 
54 allreduce 4 0 1 
54 allreduce 1 0 0 
54 allreduce 4 0 1 
54 allreduce 1 0 0 
54 allreduce 4 0 1 
54 allreduce 1 0 0 
54 allreduce 4 0 1 
54 allreduce 1 0 0 
54 allreduce 4 0 1 
54 allreduce 1 0 0 
54 allreduce 4 0 1 
54 allreduce 1 0 0 
54 allreduce 4 0 1 
54 barrier
54 irecv 55 1100 200 0
54 irecv 53 1300 200 0
54 send 55 1300 16 0
54 send 53 1100 16 0
54 wait 56 55 1100
54 wait 54 55 1300
54 irecv 58 2100 200 0
54 irecv 50 2300 200 0
54 send 58 2300 40 0
54 send 50 2100 40 0
54 wait 59 55 2100
54 wait 51 55 2300
54 irecv 86 3100 200 0
54 irecv 22 3300 200 0
54 send 86 3300 60 0
54 send 22 3100 60 0
54 wait 87 55 3100
54 wait 23 55 3300
54 barrier
54 irecv 55 1100 200 0
54 irecv 53 1300 200 0
54 send 55 1300 16 0
54 send 53 1100 16 0
54 wait 56 55 1100
54 wait 54 55 1300
54 irecv 58 2100 200 0
54 irecv 50 2300 200 0
54 send 58 2300 40 0
54 send 50 2100 40 0
54 wait 59 55 2100
54 wait 51 55 2300
54 irecv 86 3100 200 0
54 irecv 22 3300 200 0
54 send 86 3300 60 0
54 send 22 3100 60 0
54 wait 87 55 3100
54 wait 23 55 3300
54 allreduce 1 0 0 
54 allreduce 1 0 0 
54 irecv 55 1100 200 0
54 irecv 53 1300 200 0
54 send 55 1300 4 0
54 send 53 1100 4 0
54 wait 56 55 1100
54 wait 54 55 1300
54 irecv 58 2100 200 0
54 irecv 50 2300 200 0
54 send 58 2300 12 0
54 send 50 2100 12 0
54 wait 59 55 2100
54 wait 51 55 2300
54 irecv 86 3100 200 0
54 irecv 22 3300 200 0
54 send 86 3300 24 0
54 send 22 3100 24 0
54 wait 87 55 3100
54 wait 23 55 3300
54 irecv 55 1100 200 0
54 irecv 53 1300 200 0
54 send 55 1300 1 0
54 send 53 1100 1 0
54 wait 56 55 1100
54 wait 54 55 1300
54 irecv 58 2100 200 0
54 irecv 50 2300 200 0
54 send 58 2300 4 0
54 send 50 2100 4 0
54 wait 59 55 2100
54 wait 51 55 2300
54 irecv 86 3100 200 0
54 irecv 22 3300 200 0
54 send 86 3300 12 0
54 send 22 3100 12 0
54 wait 87 55 3100
54 wait 23 55 3300
54 irecv 55 1100 200 0
54 irecv 53 1300 200 0
54 send 55 1300 1 0
54 send 53 1100 1 0
54 wait 56 55 1100
54 wait 54 55 1300
54 irecv 62 2100 200 0
54 irecv 46 2300 200 0
54 send 62 2300 3 0
54 send 46 2100 3 0
54 wait 63 55 2100
54 wait 47 55 2300
54 irecv 118 3100 200 0
54 irecv 246 3300 200 0
54 send 118 3300 9 0
54 send 246 3100 9 0
54 wait 119 55 3100
54 wait 247 55 3300
54 irecv 55 1100 200 0
54 irecv 53 1300 200 0
54 wait 56 55 1100
54 wait 54 55 1300
54 irecv 62 2100 200 0
54 irecv 46 2300 200 0
54 wait 63 55 2100
54 wait 47 55 2300
54 irecv 118 3100 200 0
54 irecv 246 3300 200 0
54 wait 119 55 3100
54 wait 247 55 3300
54 irecv 55 1100 200 0
54 irecv 53 1300 200 0
54 send 55 1300 1 0
54 send 53 1100 1 0
54 wait 56 55 1100
54 wait 54 55 1300
54 irecv 62 2100 200 0
54 irecv 46 2300 200 0
54 send 62 2300 3 0
54 send 46 2100 3 0
54 wait 63 55 2100
54 wait 47 55 2300
54 irecv 118 3100 200 0
54 irecv 246 3300 200 0
54 send 118 3300 9 0
54 send 246 3100 9 0
54 wait 119 55 3100
54 wait 247 55 3300
54 irecv 55 1100 200 0
54 irecv 53 1300 200 0
54 send 55 1300 1 0
54 send 53 1100 1 0
54 wait 56 55 1100
54 wait 54 55 1300
54 irecv 62 2100 200 0
54 irecv 46 2300 200 0
54 send 62 2300 3 0
54 send 46 2100 3 0
54 wait 63 55 2100
54 wait 47 55 2300
54 irecv 118 3100 200 0
54 irecv 246 3300 200 0
54 send 118 3300 9 0
54 send 246 3100 9 0
54 wait 119 55 3100
54 wait 247 55 3300
54 send 58 2300 24 0
54 send 50 2100 12 0
54 send 86 3300 24 0
54 send 22 3100 12 0
54 irecv 55 1100 200 0
54 irecv 53 1300 200 0
54 send 55 1300 1 0
54 send 53 1100 1 0
54 wait 56 55 1100
54 wait 54 55 1300
54 irecv 58 2100 200 0
54 irecv 50 2300 200 0
54 send 58 2300 4 0
54 send 50 2100 4 0
54 wait 59 55 2100
54 wait 51 55 2300
54 irecv 86 3100 200 0
54 irecv 22 3300 200 0
54 send 86 3300 12 0
54 send 22 3100 12 0
54 wait 87 55 3100
54 wait 23 55 3300
54 irecv 55 1100 200 0
54 irecv 53 1300 200 0
54 send 55 1300 1 0
54 send 53 1100 1 0
54 wait 56 55 1100
54 wait 54 55 1300
54 irecv 58 2100 200 0
54 irecv 50 2300 200 0
54 send 58 2300 4 0
54 send 50 2100 4 0
54 wait 59 55 2100
54 wait 51 55 2300
54 irecv 86 3100 200 0
54 irecv 22 3300 200 0
54 send 86 3300 12 0
54 send 22 3100 12 0
54 wait 87 55 3100
54 wait 23 55 3300
54 irecv 55 1100 200 0
54 irecv 53 1300 200 0
54 send 55 1300 4 0
54 send 53 1100 4 0
54 wait 56 55 1100
54 wait 54 55 1300
54 irecv 58 2100 200 0
54 irecv 50 2300 200 0
54 send 58 2300 12 0
54 send 50 2100 12 0
54 wait 59 55 2100
54 wait 51 55 2300
54 irecv 86 3100 200 0
54 irecv 22 3300 200 0
54 send 86 3300 24 0
54 send 22 3100 24 0
54 wait 87 55 3100
54 wait 23 55 3300
54 irecv 55 1100 200 0
54 irecv 53 1300 200 0
54 send 55 1300 4 0
54 send 53 1100 4 0
54 wait 56 55 1100
54 wait 54 55 1300
54 irecv 58 2100 200 0
54 irecv 50 2300 200 0
54 send 58 2300 12 0
54 send 50 2100 12 0
54 wait 59 55 2100
54 wait 51 55 2300
54 irecv 86 3100 200 0
54 irecv 22 3300 200 0
54 send 86 3300 24 0
54 send 22 3100 24 0
54 wait 87 55 3100
54 wait 23 55 3300
54 irecv 55 1100 200 0
54 irecv 53 1300 200 0
54 send 55 1300 16 0
54 send 53 1100 16 0
54 wait 56 55 1100
54 wait 54 55 1300
54 irecv 58 2100 200 0
54 irecv 50 2300 200 0
54 send 58 2300 40 0
54 send 50 2100 40 0
54 wait 59 55 2100
54 wait 51 55 2300
54 irecv 86 3100 200 0
54 irecv 22 3300 200 0
54 send 86 3300 60 0
54 send 22 3100 60 0
54 wait 87 55 3100
54 wait 23 55 3300
54 irecv 55 1100 200 0
54 irecv 53 1300 200 0
54 send 55 1300 16 0
54 send 53 1100 16 0
54 wait 56 55 1100
54 wait 54 55 1300
54 irecv 58 2100 200 0
54 irecv 50 2300 200 0
54 send 58 2300 40 0
54 send 50 2100 40 0
54 wait 59 55 2100
54 wait 51 55 2300
54 irecv 86 3100 200 0
54 irecv 22 3300 200 0
54 send 86 3300 60 0
54 send 22 3100 60 0
54 wait 87 55 3100
54 wait 23 55 3300
54 irecv 55 1100 200 0
54 irecv 53 1300 200 0
54 send 55 1300 16 0
54 send 53 1100 16 0
54 wait 56 55 1100
54 wait 54 55 1300
54 irecv 58 2100 200 0
54 irecv 50 2300 200 0
54 send 58 2300 40 0
54 send 50 2100 40 0
54 wait 59 55 2100
54 wait 51 55 2300
54 irecv 86 3100 200 0
54 irecv 22 3300 200 0
54 send 86 3300 60 0
54 send 22 3100 60 0
54 wait 87 55 3100
54 wait 23 55 3300
54 irecv 55 1100 200 0
54 irecv 53 1300 200 0
54 send 55 1300 4 0
54 send 53 1100 4 0
54 wait 56 55 1100
54 wait 54 55 1300
54 irecv 58 2100 200 0
54 irecv 50 2300 200 0
54 send 58 2300 12 0
54 send 50 2100 12 0
54 wait 59 55 2100
54 wait 51 55 2300
54 irecv 86 3100 200 0
54 irecv 22 3300 200 0
54 send 86 3300 24 0
54 send 22 3100 24 0
54 wait 87 55 3100
54 wait 23 55 3300
54 irecv 55 1100 200 0
54 irecv 53 1300 200 0
54 send 55 1300 1 0
54 send 53 1100 1 0
54 wait 56 55 1100
54 wait 54 55 1300
54 irecv 58 2100 200 0
54 irecv 50 2300 200 0
54 send 58 2300 4 0
54 send 50 2100 4 0
54 wait 59 55 2100
54 wait 51 55 2300
54 irecv 86 3100 200 0
54 irecv 22 3300 200 0
54 send 86 3300 12 0
54 send 22 3100 12 0
54 wait 87 55 3100
54 wait 23 55 3300
54 irecv 55 1100 200 0
54 irecv 53 1300 200 0
54 send 55 1300 1 0
54 send 53 1100 1 0
54 wait 56 55 1100
54 wait 54 55 1300
54 irecv 62 2100 200 0
54 irecv 46 2300 200 0
54 send 62 2300 3 0
54 send 46 2100 3 0
54 wait 63 55 2100
54 wait 47 55 2300
54 irecv 118 3100 200 0
54 irecv 246 3300 200 0
54 send 118 3300 9 0
54 send 246 3100 9 0
54 wait 119 55 3100
54 wait 247 55 3300
54 irecv 55 1100 200 0
54 irecv 53 1300 200 0
54 wait 56 55 1100
54 wait 54 55 1300
54 irecv 62 2100 200 0
54 irecv 46 2300 200 0
54 wait 63 55 2100
54 wait 47 55 2300
54 irecv 118 3100 200 0
54 irecv 246 3300 200 0
54 wait 119 55 3100
54 wait 247 55 3300
54 irecv 55 1100 200 0
54 irecv 53 1300 200 0
54 send 55 1300 1 0
54 send 53 1100 1 0
54 wait 56 55 1100
54 wait 54 55 1300
54 irecv 62 2100 200 0
54 irecv 46 2300 200 0
54 send 62 2300 3 0
54 send 46 2100 3 0
54 wait 63 55 2100
54 wait 47 55 2300
54 irecv 118 3100 200 0
54 irecv 246 3300 200 0
54 send 118 3300 9 0
54 send 246 3100 9 0
54 wait 119 55 3100
54 wait 247 55 3300
54 irecv 55 1100 200 0
54 irecv 53 1300 200 0
54 send 55 1300 1 0
54 send 53 1100 1 0
54 wait 56 55 1100
54 wait 54 55 1300
54 irecv 62 2100 200 0
54 irecv 46 2300 200 0
54 send 62 2300 3 0
54 send 46 2100 3 0
54 wait 63 55 2100
54 wait 47 55 2300
54 irecv 118 3100 200 0
54 irecv 246 3300 200 0
54 send 118 3300 9 0
54 send 246 3100 9 0
54 wait 119 55 3100
54 wait 247 55 3300
54 send 58 2300 24 0
54 send 50 2100 12 0
54 send 86 3300 24 0
54 send 22 3100 12 0
54 irecv 55 1100 200 0
54 irecv 53 1300 200 0
54 send 55 1300 1 0
54 send 53 1100 1 0
54 wait 56 55 1100
54 wait 54 55 1300
54 irecv 58 2100 200 0
54 irecv 50 2300 200 0
54 send 58 2300 4 0
54 send 50 2100 4 0
54 wait 59 55 2100
54 wait 51 55 2300
54 irecv 86 3100 200 0
54 irecv 22 3300 200 0
54 send 86 3300 12 0
54 send 22 3100 12 0
54 wait 87 55 3100
54 wait 23 55 3300
54 irecv 55 1100 200 0
54 irecv 53 1300 200 0
54 send 55 1300 1 0
54 send 53 1100 1 0
54 wait 56 55 1100
54 wait 54 55 1300
54 irecv 58 2100 200 0
54 irecv 50 2300 200 0
54 send 58 2300 4 0
54 send 50 2100 4 0
54 wait 59 55 2100
54 wait 51 55 2300
54 irecv 86 3100 200 0
54 irecv 22 3300 200 0
54 send 86 3300 12 0
54 send 22 3100 12 0
54 wait 87 55 3100
54 wait 23 55 3300
54 irecv 55 1100 200 0
54 irecv 53 1300 200 0
54 send 55 1300 4 0
54 send 53 1100 4 0
54 wait 56 55 1100
54 wait 54 55 1300
54 irecv 58 2100 200 0
54 irecv 50 2300 200 0
54 send 58 2300 12 0
54 send 50 2100 12 0
54 wait 59 55 2100
54 wait 51 55 2300
54 irecv 86 3100 200 0
54 irecv 22 3300 200 0
54 send 86 3300 24 0
54 send 22 3100 24 0
54 wait 87 55 3100
54 wait 23 55 3300
54 irecv 55 1100 200 0
54 irecv 53 1300 200 0
54 send 55 1300 4 0
54 send 53 1100 4 0
54 wait 56 55 1100
54 wait 54 55 1300
54 irecv 58 2100 200 0
54 irecv 50 2300 200 0
54 send 58 2300 12 0
54 send 50 2100 12 0
54 wait 59 55 2100
54 wait 51 55 2300
54 irecv 86 3100 200 0
54 irecv 22 3300 200 0
54 send 86 3300 24 0
54 send 22 3100 24 0
54 wait 87 55 3100
54 wait 23 55 3300
54 irecv 55 1100 200 0
54 irecv 53 1300 200 0
54 send 55 1300 16 0
54 send 53 1100 16 0
54 wait 56 55 1100
54 wait 54 55 1300
54 irecv 58 2100 200 0
54 irecv 50 2300 200 0
54 send 58 2300 40 0
54 send 50 2100 40 0
54 wait 59 55 2100
54 wait 51 55 2300
54 irecv 86 3100 200 0
54 irecv 22 3300 200 0
54 send 86 3300 60 0
54 send 22 3100 60 0
54 wait 87 55 3100
54 wait 23 55 3300
54 irecv 55 1100 200 0
54 irecv 53 1300 200 0
54 send 55 1300 16 0
54 send 53 1100 16 0
54 wait 56 55 1100
54 wait 54 55 1300
54 irecv 58 2100 200 0
54 irecv 50 2300 200 0
54 send 58 2300 40 0
54 send 50 2100 40 0
54 wait 59 55 2100
54 wait 51 55 2300
54 irecv 86 3100 200 0
54 irecv 22 3300 200 0
54 send 86 3300 60 0
54 send 22 3100 60 0
54 wait 87 55 3100
54 wait 23 55 3300
54 irecv 55 1100 200 0
54 irecv 53 1300 200 0
54 send 55 1300 16 0
54 send 53 1100 16 0
54 wait 56 55 1100
54 wait 54 55 1300
54 irecv 58 2100 200 0
54 irecv 50 2300 200 0
54 send 58 2300 40 0
54 send 50 2100 40 0
54 wait 59 55 2100
54 wait 51 55 2300
54 irecv 86 3100 200 0
54 irecv 22 3300 200 0
54 send 86 3300 60 0
54 send 22 3100 60 0
54 wait 87 55 3100
54 wait 23 55 3300
54 irecv 55 1100 200 0
54 irecv 53 1300 200 0
54 send 55 1300 4 0
54 send 53 1100 4 0
54 wait 56 55 1100
54 wait 54 55 1300
54 irecv 58 2100 200 0
54 irecv 50 2300 200 0
54 send 58 2300 12 0
54 send 50 2100 12 0
54 wait 59 55 2100
54 wait 51 55 2300
54 irecv 86 3100 200 0
54 irecv 22 3300 200 0
54 send 86 3300 24 0
54 send 22 3100 24 0
54 wait 87 55 3100
54 wait 23 55 3300
54 irecv 55 1100 200 0
54 irecv 53 1300 200 0
54 send 55 1300 1 0
54 send 53 1100 1 0
54 wait 56 55 1100
54 wait 54 55 1300
54 irecv 58 2100 200 0
54 irecv 50 2300 200 0
54 send 58 2300 4 0
54 send 50 2100 4 0
54 wait 59 55 2100
54 wait 51 55 2300
54 irecv 86 3100 200 0
54 irecv 22 3300 200 0
54 send 86 3300 12 0
54 send 22 3100 12 0
54 wait 87 55 3100
54 wait 23 55 3300
54 irecv 55 1100 200 0
54 irecv 53 1300 200 0
54 send 55 1300 1 0
54 send 53 1100 1 0
54 wait 56 55 1100
54 wait 54 55 1300
54 irecv 62 2100 200 0
54 irecv 46 2300 200 0
54 send 62 2300 3 0
54 send 46 2100 3 0
54 wait 63 55 2100
54 wait 47 55 2300
54 irecv 118 3100 200 0
54 irecv 246 3300 200 0
54 send 118 3300 9 0
54 send 246 3100 9 0
54 wait 119 55 3100
54 wait 247 55 3300
54 irecv 55 1100 200 0
54 irecv 53 1300 200 0
54 wait 56 55 1100
54 wait 54 55 1300
54 irecv 62 2100 200 0
54 irecv 46 2300 200 0
54 wait 63 55 2100
54 wait 47 55 2300
54 irecv 118 3100 200 0
54 irecv 246 3300 200 0
54 wait 119 55 3100
54 wait 247 55 3300
54 irecv 55 1100 200 0
54 irecv 53 1300 200 0
54 send 55 1300 1 0
54 send 53 1100 1 0
54 wait 56 55 1100
54 wait 54 55 1300
54 irecv 62 2100 200 0
54 irecv 46 2300 200 0
54 send 62 2300 3 0
54 send 46 2100 3 0
54 wait 63 55 2100
54 wait 47 55 2300
54 irecv 118 3100 200 0
54 irecv 246 3300 200 0
54 send 118 3300 9 0
54 send 246 3100 9 0
54 wait 119 55 3100
54 wait 247 55 3300
54 irecv 55 1100 200 0
54 irecv 53 1300 200 0
54 send 55 1300 1 0
54 send 53 1100 1 0
54 wait 56 55 1100
54 wait 54 55 1300
54 irecv 62 2100 200 0
54 irecv 46 2300 200 0
54 send 62 2300 3 0
54 send 46 2100 3 0
54 wait 63 55 2100
54 wait 47 55 2300
54 irecv 118 3100 200 0
54 irecv 246 3300 200 0
54 send 118 3300 9 0
54 send 246 3100 9 0
54 wait 119 55 3100
54 wait 247 55 3300
54 send 58 2300 24 0
54 send 50 2100 12 0
54 send 86 3300 24 0
54 send 22 3100 12 0
54 irecv 55 1100 200 0
54 irecv 53 1300 200 0
54 send 55 1300 1 0
54 send 53 1100 1 0
54 wait 56 55 1100
54 wait 54 55 1300
54 irecv 58 2100 200 0
54 irecv 50 2300 200 0
54 send 58 2300 4 0
54 send 50 2100 4 0
54 wait 59 55 2100
54 wait 51 55 2300
54 irecv 86 3100 200 0
54 irecv 22 3300 200 0
54 send 86 3300 12 0
54 send 22 3100 12 0
54 wait 87 55 3100
54 wait 23 55 3300
54 irecv 55 1100 200 0
54 irecv 53 1300 200 0
54 send 55 1300 1 0
54 send 53 1100 1 0
54 wait 56 55 1100
54 wait 54 55 1300
54 irecv 58 2100 200 0
54 irecv 50 2300 200 0
54 send 58 2300 4 0
54 send 50 2100 4 0
54 wait 59 55 2100
54 wait 51 55 2300
54 irecv 86 3100 200 0
54 irecv 22 3300 200 0
54 send 86 3300 12 0
54 send 22 3100 12 0
54 wait 87 55 3100
54 wait 23 55 3300
54 irecv 55 1100 200 0
54 irecv 53 1300 200 0
54 send 55 1300 4 0
54 send 53 1100 4 0
54 wait 56 55 1100
54 wait 54 55 1300
54 irecv 58 2100 200 0
54 irecv 50 2300 200 0
54 send 58 2300 12 0
54 send 50 2100 12 0
54 wait 59 55 2100
54 wait 51 55 2300
54 irecv 86 3100 200 0
54 irecv 22 3300 200 0
54 send 86 3300 24 0
54 send 22 3100 24 0
54 wait 87 55 3100
54 wait 23 55 3300
54 irecv 55 1100 200 0
54 irecv 53 1300 200 0
54 send 55 1300 4 0
54 send 53 1100 4 0
54 wait 56 55 1100
54 wait 54 55 1300
54 irecv 58 2100 200 0
54 irecv 50 2300 200 0
54 send 58 2300 12 0
54 send 50 2100 12 0
54 wait 59 55 2100
54 wait 51 55 2300
54 irecv 86 3100 200 0
54 irecv 22 3300 200 0
54 send 86 3300 24 0
54 send 22 3100 24 0
54 wait 87 55 3100
54 wait 23 55 3300
54 irecv 55 1100 200 0
54 irecv 53 1300 200 0
54 send 55 1300 16 0
54 send 53 1100 16 0
54 wait 56 55 1100
54 wait 54 55 1300
54 irecv 58 2100 200 0
54 irecv 50 2300 200 0
54 send 58 2300 40 0
54 send 50 2100 40 0
54 wait 59 55 2100
54 wait 51 55 2300
54 irecv 86 3100 200 0
54 irecv 22 3300 200 0
54 send 86 3300 60 0
54 send 22 3100 60 0
54 wait 87 55 3100
54 wait 23 55 3300
54 irecv 55 1100 200 0
54 irecv 53 1300 200 0
54 send 55 1300 16 0
54 send 53 1100 16 0
54 wait 56 55 1100
54 wait 54 55 1300
54 irecv 58 2100 200 0
54 irecv 50 2300 200 0
54 send 58 2300 40 0
54 send 50 2100 40 0
54 wait 59 55 2100
54 wait 51 55 2300
54 irecv 86 3100 200 0
54 irecv 22 3300 200 0
54 send 86 3300 60 0
54 send 22 3100 60 0
54 wait 87 55 3100
54 wait 23 55 3300
54 irecv 55 1100 200 0
54 irecv 53 1300 200 0
54 send 55 1300 16 0
54 send 53 1100 16 0
54 wait 56 55 1100
54 wait 54 55 1300
54 irecv 58 2100 200 0
54 irecv 50 2300 200 0
54 send 58 2300 40 0
54 send 50 2100 40 0
54 wait 59 55 2100
54 wait 51 55 2300
54 irecv 86 3100 200 0
54 irecv 22 3300 200 0
54 send 86 3300 60 0
54 send 22 3100 60 0
54 wait 87 55 3100
54 wait 23 55 3300
54 irecv 55 1100 200 0
54 irecv 53 1300 200 0
54 send 55 1300 4 0
54 send 53 1100 4 0
54 wait 56 55 1100
54 wait 54 55 1300
54 irecv 58 2100 200 0
54 irecv 50 2300 200 0
54 send 58 2300 12 0
54 send 50 2100 12 0
54 wait 59 55 2100
54 compute 312.5
54 wait 51 55 2300
54 irecv 86 3100 200 0
54 irecv 22 3300 200 0
54 send 86 3300 24 0
54 send 22 3100 24 0
54 wait 87 55 3100
54 wait 23 55 3300
54 irecv 55 1100 200 0
54 irecv 53 1300 200 0
54 send 55 1300 1 0
54 send 53 1100 1 0
54 wait 56 55 1100
54 wait 54 55 1300
54 irecv 58 2100 200 0
54 irecv 50 2300 200 0
54 send 58 2300 4 0
54 send 50 2100 4 0
54 wait 59 55 2100
54 wait 51 55 2300
54 irecv 86 3100 200 0
54 irecv 22 3300 200 0
54 send 86 3300 12 0
54 send 22 3100 12 0
54 wait 87 55 3100
54 wait 23 55 3300
54 irecv 55 1100 200 0
54 irecv 53 1300 200 0
54 send 55 1300 1 0
54 send 53 1100 1 0
54 wait 56 55 1100
54 wait 54 55 1300
54 irecv 62 2100 200 0
54 irecv 46 2300 200 0
54 send 62 2300 3 0
54 send 46 2100 3 0
54 wait 63 55 2100
54 wait 47 55 2300
54 irecv 118 3100 200 0
54 irecv 246 3300 200 0
54 send 118 3300 9 0
54 send 246 3100 9 0
54 wait 119 55 3100
54 wait 247 55 3300
54 irecv 55 1100 200 0
54 irecv 53 1300 200 0
54 wait 56 55 1100
54 wait 54 55 1300
54 irecv 62 2100 200 0
54 irecv 46 2300 200 0
54 wait 63 55 2100
54 wait 47 55 2300
54 irecv 118 3100 200 0
54 irecv 246 3300 200 0
54 wait 119 55 3100
54 wait 247 55 3300
54 irecv 55 1100 200 0
54 irecv 53 1300 200 0
54 send 55 1300 1 0
54 send 53 1100 1 0
54 wait 56 55 1100
54 wait 54 55 1300
54 irecv 62 2100 200 0
54 irecv 46 2300 200 0
54 send 62 2300 3 0
54 send 46 2100 3 0
54 wait 63 55 2100
54 wait 47 55 2300
54 irecv 118 3100 200 0
54 irecv 246 3300 200 0
54 send 118 3300 9 0
54 send 246 3100 9 0
54 wait 119 55 3100
54 wait 247 55 3300
54 irecv 55 1100 200 0
54 irecv 53 1300 200 0
54 send 55 1300 1 0
54 send 53 1100 1 0
54 wait 56 55 1100
54 wait 54 55 1300
54 irecv 62 2100 200 0
54 irecv 46 2300 200 0
54 send 62 2300 3 0
54 send 46 2100 3 0
54 wait 63 55 2100
54 wait 47 55 2300
54 irecv 118 3100 200 0
54 irecv 246 3300 200 0
54 send 118 3300 9 0
54 send 246 3100 9 0
54 wait 119 55 3100
54 wait 247 55 3300
54 send 58 2300 24 0
54 send 50 2100 12 0
54 send 86 3300 24 0
54 send 22 3100 12 0
54 irecv 55 1100 200 0
54 irecv 53 1300 200 0
54 send 55 1300 1 0
54 send 53 1100 1 0
54 wait 56 55 1100
54 wait 54 55 1300
54 irecv 58 2100 200 0
54 irecv 50 2300 200 0
54 send 58 2300 4 0
54 send 50 2100 4 0
54 wait 59 55 2100
54 wait 51 55 2300
54 irecv 86 3100 200 0
54 irecv 22 3300 200 0
54 send 86 3300 12 0
54 send 22 3100 12 0
54 wait 87 55 3100
54 wait 23 55 3300
54 irecv 55 1100 200 0
54 irecv 53 1300 200 0
54 send 55 1300 1 0
54 send 53 1100 1 0
54 wait 56 55 1100
54 wait 54 55 1300
54 irecv 58 2100 200 0
54 irecv 50 2300 200 0
54 send 58 2300 4 0
54 send 50 2100 4 0
54 wait 59 55 2100
54 wait 51 55 2300
54 irecv 86 3100 200 0
54 irecv 22 3300 200 0
54 send 86 3300 12 0
54 send 22 3100 12 0
54 wait 87 55 3100
54 wait 23 55 3300
54 irecv 55 1100 200 0
54 irecv 53 1300 200 0
54 send 55 1300 4 0
54 send 53 1100 4 0
54 wait 56 55 1100
54 wait 54 55 1300
54 irecv 58 2100 200 0
54 irecv 50 2300 200 0
54 send 58 2300 12 0
54 send 50 2100 12 0
54 wait 59 55 2100
54 wait 51 55 2300
54 irecv 86 3100 200 0
54 irecv 22 3300 200 0
54 send 86 3300 24 0
54 send 22 3100 24 0
54 wait 87 55 3100
54 wait 23 55 3300
54 irecv 55 1100 200 0
54 irecv 53 1300 200 0
54 send 55 1300 4 0
54 send 53 1100 4 0
54 wait 56 55 1100
54 wait 54 55 1300
54 irecv 58 2100 200 0
54 irecv 50 2300 200 0
54 send 58 2300 12 0
54 send 50 2100 12 0
54 wait 59 55 2100
54 wait 51 55 2300
54 irecv 86 3100 200 0
54 irecv 22 3300 200 0
54 send 86 3300 24 0
54 send 22 3100 24 0
54 wait 87 55 3100
54 wait 23 55 3300
54 irecv 55 1100 200 0
54 irecv 53 1300 200 0
54 send 55 1300 16 0
54 send 53 1100 16 0
54 wait 56 55 1100
54 wait 54 55 1300
54 irecv 58 2100 200 0
54 irecv 50 2300 200 0
54 send 58 2300 40 0
54 send 50 2100 40 0
54 wait 59 55 2100
54 wait 51 55 2300
54 irecv 86 3100 200 0
54 irecv 22 3300 200 0
54 send 86 3300 60 0
54 send 22 3100 60 0
54 wait 87 55 3100
54 wait 23 55 3300
54 irecv 55 1100 200 0
54 irecv 53 1300 200 0
54 send 55 1300 16 0
54 send 53 1100 16 0
54 wait 56 55 1100
54 wait 54 55 1300
54 irecv 58 2100 200 0
54 irecv 50 2300 200 0
54 send 58 2300 40 0
54 send 50 2100 40 0
54 wait 59 55 2100
54 wait 51 55 2300
54 irecv 86 3100 200 0
54 irecv 22 3300 200 0
54 send 86 3300 60 0
54 send 22 3100 60 0
54 wait 87 55 3100
54 wait 23 55 3300
54 irecv 55 1100 200 0
54 irecv 53 1300 200 0
54 send 55 1300 16 0
54 send 53 1100 16 0
54 wait 56 55 1100
54 wait 54 55 1300
54 irecv 58 2100 200 0
54 irecv 50 2300 200 0
54 send 58 2300 40 0
54 send 50 2100 40 0
54 wait 59 55 2100
54 wait 51 55 2300
54 irecv 86 3100 200 0
54 irecv 22 3300 200 0
54 send 86 3300 60 0
54 send 22 3100 60 0
54 wait 87 55 3100
54 wait 23 55 3300
54 allreduce 1 0 0 
54 allreduce 1 0 0 
54 reduce 1 0 0 0 
54 finalize
