157 init
157 barrier
157 bcast 1 0 1 
157 bcast 1 0 1 
157 bcast 1 0 1 
157 bcast 1 0 1 
157 bcast 1 0 1 
157 bcast 8 0 1 
157 bcast 1 0 16 
157 barrier
157 allreduce 1 0 0 
157 allreduce 4 0 1 
157 allreduce 1 0 0 
157 allreduce 4 0 1 
157 allreduce 1 0 0 
157 allreduce 4 0 1 
157 allreduce 1 0 0 
157 allreduce 4 0 1 
157 allreduce 1 0 0 
157 allreduce 4 0 1 
157 allreduce 1 0 0 
157 allreduce 4 0 1 
157 allreduce 1 0 0 
157 allreduce 4 0 1 
157 allreduce 1 0 0 
157 allreduce 4 0 1 
157 allreduce 1 0 0 
157 allreduce 4 0 1 
157 allreduce 1 0 0 
157 allreduce 4 0 1 
157 allreduce 1 0 0 
157 allreduce 4 0 1 
157 allreduce 1 0 0 
157 allreduce 4 0 1 
157 allreduce 1 0 0 
157 allreduce 4 0 1 
157 allreduce 1 0 0 
157 allreduce 4 0 1 
157 allreduce 1 0 0 
157 allreduce 4 0 1 
157 allreduce 1 0 0 
157 allreduce 4 0 1 
157 allreduce 1 0 0 
157 allreduce 4 0 1 
157 allreduce 1 0 0 
157 allreduce 4 0 1 
157 allreduce 1 0 0 
157 allreduce 4 0 1 
157 allreduce 1 0 0 
157 allreduce 4 0 1 
157 barrier
157 irecv 158 1100 200 0
157 irecv 156 1300 200 0
157 send 158 1300 16 0
157 send 156 1100 16 0
157 wait 159 158 1100
157 wait 157 158 1300
157 irecv 129 2100 200 0
157 irecv 153 2300 200 0
157 send 129 2300 40 0
157 send 153 2100 40 0
157 wait 130 158 2100
157 wait 154 158 2300
157 irecv 189 3100 200 0
157 irecv 125 3300 200 0
157 send 189 3300 60 0
157 send 125 3100 60 0
157 wait 190 158 3100
157 wait 126 158 3300
157 allreduce 1 0 0 
157 allreduce 1 0 0 
157 irecv 158 1100 200 0
157 irecv 156 1300 200 0
157 send 158 1300 16 0
157 send 156 1100 16 0
157 wait 159 158 1100
157 wait 157 158 1300
157 irecv 129 2100 200 0
157 irecv 153 2300 200 0
157 send 129 2300 40 0
157 send 153 2100 40 0
157 wait 130 158 2100
157 wait 154 158 2300
157 irecv 189 3100 200 0
157 irecv 125 3300 200 0
157 send 189 3300 60 0
157 send 125 3100 60 0
157 wait 190 158 3100
157 wait 126 158 3300
157 allreduce 1 0 0 
157 allreduce 1 0 0 
157 irecv 158 1100 200 0
157 irecv 156 1300 200 0
157 send 158 1300 4 0
157 send 156 1100 4 0
157 wait 159 158 1100
157 wait 157 158 1300
157 irecv 129 2100 200 0
157 irecv 153 2300 200 0
157 send 129 2300 12 0
157 send 153 2100 12 0
157 wait 130 158 2100
157 wait 154 158 2300
157 irecv 189 3100 200 0
157 irecv 125 3300 200 0
157 send 189 3300 24 0
157 send 125 3100 24 0
157 wait 190 158 3100
157 wait 126 158 3300
157 irecv 158 1100 200 0
157 irecv 156 1300 200 0
157 send 158 1300 1 0
157 send 156 1100 1 0
157 wait 159 158 1100
157 wait 157 158 1300
157 irecv 129 2100 200 0
157 irecv 153 2300 200 0
157 send 129 2300 4 0
157 send 153 2100 4 0
157 wait 130 158 2100
157 wait 154 158 2300
157 irecv 189 3100 200 0
157 irecv 125 3300 200 0
157 send 189 3300 12 0
157 send 125 3100 12 0
157 wait 190 158 3100
157 wait 126 158 3300
157 send 158 1300 12 0
157 send 156 1100 6 0
157 send 133 2300 12 0
157 send 149 2100 6 0
157 send 129 2300 24 0
157 send 153 2100 12 0
157 irecv 189 3100 200 0
157 irecv 125 3300 200 0
157 wait 190 158 3100
157 wait 126 158 3300
157 irecv 158 1100 200 0
157 irecv 156 1300 200 0
157 send 158 1300 1 0
157 send 156 1100 1 0
157 wait 159 158 1100
157 wait 157 158 1300
157 irecv 129 2100 200 0
157 irecv 153 2300 200 0
157 send 129 2300 4 0
157 send 153 2100 4 0
157 wait 130 158 2100
157 wait 154 158 2300
157 irecv 189 3100 200 0
157 irecv 125 3300 200 0
157 send 189 3300 12 0
157 send 125 3100 12 0
157 wait 190 158 3100
157 wait 126 158 3300
157 irecv 158 1100 200 0
157 irecv 156 1300 200 0
157 send 158 1300 1 0
157 send 156 1100 1 0
157 wait 159 158 1100
157 wait 157 158 1300
157 irecv 129 2100 200 0
157 irecv 153 2300 200 0
157 send 129 2300 4 0
157 send 153 2100 4 0
157 wait 130 158 2100
157 wait 154 158 2300
157 irecv 189 3100 200 0
157 irecv 125 3300 200 0
157 send 189 3300 12 0
157 send 125 3100 12 0
157 wait 190 158 3100
157 wait 126 158 3300
157 irecv 158 1100 200 0
157 irecv 156 1300 200 0
157 send 158 1300 4 0
157 send 156 1100 4 0
157 wait 159 158 1100
157 wait 157 158 1300
157 irecv 129 2100 200 0
157 irecv 153 2300 200 0
157 send 129 2300 12 0
157 send 153 2100 12 0
157 wait 130 158 2100
157 wait 154 158 2300
157 irecv 189 3100 200 0
157 irecv 125 3300 200 0
157 send 189 3300 24 0
157 send 125 3100 24 0
157 wait 190 158 3100
157 wait 126 158 3300
157 irecv 158 1100 200 0
157 irecv 156 1300 200 0
157 send 158 1300 4 0
157 send 156 1100 4 0
157 wait 159 158 1100
157 wait 157 158 1300
157 irecv 129 2100 200 0
157 irecv 153 2300 200 0
157 send 129 2300 12 0
157 send 153 2100 12 0
157 wait 130 158 2100
157 wait 154 158 2300
157 irecv 189 3100 200 0
157 irecv 125 3300 200 0
157 send 189 3300 24 0
157 send 125 3100 24 0
157 wait 190 158 3100
157 wait 126 158 3300
157 irecv 158 1100 200 0
157 irecv 156 1300 200 0
157 send 158 1300 16 0
157 send 156 1100 16 0
157 wait 159 158 1100
157 wait 157 158 1300
157 irecv 129 2100 200 0
157 irecv 153 2300 200 0
157 send 129 2300 40 0
157 send 153 2100 40 0
157 wait 130 158 2100
157 wait 154 158 2300
157 irecv 189 3100 200 0
157 irecv 125 3300 200 0
157 send 189 3300 60 0
157 send 125 3100 60 0
157 wait 190 158 3100
157 wait 126 158 3300
157 irecv 158 1100 200 0
157 irecv 156 1300 200 0
157 send 158 1300 16 0
157 send 156 1100 16 0
157 wait 159 158 1100
157 wait 157 158 1300
157 irecv 129 2100 200 0
157 irecv 153 2300 200 0
157 send 129 2300 40 0
157 send 153 2100 40 0
157 wait 130 158 2100
157 wait 154 158 2300
157 irecv 189 3100 200 0
157 irecv 125 3300 200 0
157 send 189 3300 60 0
157 send 125 3100 60 0
157 wait 190 158 3100
157 wait 126 158 3300
157 irecv 158 1100 200 0
157 irecv 156 1300 200 0
157 send 158 1300 16 0
157 send 156 1100 16 0
157 wait 159 158 1100
157 wait 157 158 1300
157 irecv 129 2100 200 0
157 irecv 153 2300 200 0
157 send 129 2300 40 0
157 send 153 2100 40 0
157 wait 130 158 2100
157 wait 154 158 2300
157 irecv 189 3100 200 0
157 irecv 125 3300 200 0
157 send 189 3300 60 0
157 send 125 3100 60 0
157 wait 190 158 3100
157 wait 126 158 3300
157 barrier
157 allreduce 1 0 0 
157 allreduce 4 0 1 
157 allreduce 1 0 0 
157 allreduce 4 0 1 
157 allreduce 1 0 0 
157 allreduce 4 0 1 
157 allreduce 1 0 0 
157 allreduce 4 0 1 
157 allreduce 1 0 0 
157 allreduce 4 0 1 
157 allreduce 1 0 0 
157 allreduce 4 0 1 
157 allreduce 1 0 0 
157 allreduce 4 0 1 
157 allreduce 1 0 0 
157 allreduce 4 0 1 
157 allreduce 1 0 0 
157 allreduce 4 0 1 
157 allreduce 1 0 0 
157 allreduce 4 0 1 
157 allreduce 1 0 0 
157 allreduce 4 0 1 
157 allreduce 1 0 0 
157 allreduce 4 0 1 
157 allreduce 1 0 0 
157 allreduce 4 0 1 
157 allreduce 1 0 0 
157 allreduce 4 0 1 
157 allreduce 1 0 0 
157 allreduce 4 0 1 
157 allreduce 1 0 0 
157 allreduce 4 0 1 
157 allreduce 1 0 0 
157 allreduce 4 0 1 
157 allreduce 1 0 0 
157 allreduce 4 0 1 
157 allreduce 1 0 0 
157 allreduce 4 0 1 
157 allreduce 1 0 0 
157 allreduce 4 0 1 
157 barrier
157 irecv 158 1100 200 0
157 irecv 156 1300 200 0
157 send 158 1300 16 0
157 send 156 1100 16 0
157 wait 159 158 1100
157 wait 157 158 1300
157 irecv 129 2100 200 0
157 irecv 153 2300 200 0
157 send 129 2300 40 0
157 send 153 2100 40 0
157 wait 130 158 2100
157 wait 154 158 2300
157 irecv 189 3100 200 0
157 irecv 125 3300 200 0
157 send 189 3300 60 0
157 send 125 3100 60 0
157 wait 190 158 3100
157 wait 126 158 3300
157 barrier
157 irecv 158 1100 200 0
157 irecv 156 1300 200 0
157 send 158 1300 16 0
157 send 156 1100 16 0
157 wait 159 158 1100
157 wait 157 158 1300
157 irecv 129 2100 200 0
157 irecv 153 2300 200 0
157 send 129 2300 40 0
157 send 153 2100 40 0
157 wait 130 158 2100
157 wait 154 158 2300
157 irecv 189 3100 200 0
157 irecv 125 3300 200 0
157 send 189 3300 60 0
157 send 125 3100 60 0
157 wait 190 158 3100
157 wait 126 158 3300
157 allreduce 1 0 0 
157 allreduce 1 0 0 
157 irecv 158 1100 200 0
157 irecv 156 1300 200 0
157 send 158 1300 4 0
157 send 156 1100 4 0
157 wait 159 158 1100
157 wait 157 158 1300
157 irecv 129 2100 200 0
157 irecv 153 2300 200 0
157 send 129 2300 12 0
157 send 153 2100 12 0
157 wait 130 158 2100
157 wait 154 158 2300
157 irecv 189 3100 200 0
157 irecv 125 3300 200 0
157 send 189 3300 24 0
157 send 125 3100 24 0
157 wait 190 158 3100
157 wait 126 158 3300
157 irecv 158 1100 200 0
157 irecv 156 1300 200 0
157 send 158 1300 1 0
157 send 156 1100 1 0
157 wait 159 158 1100
157 wait 157 158 1300
157 irecv 129 2100 200 0
157 irecv 153 2300 200 0
157 send 129 2300 4 0
157 send 153 2100 4 0
157 wait 130 158 2100
157 wait 154 158 2300
157 irecv 189 3100 200 0
157 irecv 125 3300 200 0
157 send 189 3300 12 0
157 send 125 3100 12 0
157 wait 190 158 3100
157 wait 126 158 3300
157 send 158 1300 12 0
157 send 156 1100 6 0
157 send 133 2300 12 0
157 send 149 2100 6 0
157 send 129 2300 24 0
157 send 153 2100 12 0
157 irecv 189 3100 200 0
157 irecv 125 3300 200 0
157 wait 190 158 3100
157 wait 126 158 3300
157 irecv 158 1100 200 0
157 irecv 156 1300 200 0
157 send 158 1300 1 0
157 send 156 1100 1 0
157 wait 159 158 1100
157 wait 157 158 1300
157 irecv 129 2100 200 0
157 irecv 153 2300 200 0
157 send 129 2300 4 0
157 send 153 2100 4 0
157 wait 130 158 2100
157 wait 154 158 2300
157 irecv 189 3100 200 0
157 irecv 125 3300 200 0
157 send 189 3300 12 0
157 send 125 3100 12 0
157 wait 190 158 3100
157 wait 126 158 3300
157 irecv 158 1100 200 0
157 irecv 156 1300 200 0
157 send 158 1300 1 0
157 send 156 1100 1 0
157 wait 159 158 1100
157 wait 157 158 1300
157 irecv 129 2100 200 0
157 irecv 153 2300 200 0
157 send 129 2300 4 0
157 send 153 2100 4 0
157 wait 130 158 2100
157 wait 154 158 2300
157 irecv 189 3100 200 0
157 irecv 125 3300 200 0
157 send 189 3300 12 0
157 send 125 3100 12 0
157 wait 190 158 3100
157 wait 126 158 3300
157 irecv 158 1100 200 0
157 irecv 156 1300 200 0
157 send 158 1300 4 0
157 send 156 1100 4 0
157 wait 159 158 1100
157 wait 157 158 1300
157 irecv 129 2100 200 0
157 irecv 153 2300 200 0
157 send 129 2300 12 0
157 send 153 2100 12 0
157 wait 130 158 2100
157 wait 154 158 2300
157 irecv 189 3100 200 0
157 irecv 125 3300 200 0
157 send 189 3300 24 0
157 send 125 3100 24 0
157 wait 190 158 3100
157 wait 126 158 3300
157 irecv 158 1100 200 0
157 irecv 156 1300 200 0
157 send 158 1300 4 0
157 send 156 1100 4 0
157 wait 159 158 1100
157 wait 157 158 1300
157 irecv 129 2100 200 0
157 irecv 153 2300 200 0
157 send 129 2300 12 0
157 send 153 2100 12 0
157 wait 130 158 2100
157 wait 154 158 2300
157 irecv 189 3100 200 0
157 irecv 125 3300 200 0
157 send 189 3300 24 0
157 send 125 3100 24 0
157 wait 190 158 3100
157 wait 126 158 3300
157 irecv 158 1100 200 0
157 irecv 156 1300 200 0
157 send 158 1300 16 0
157 send 156 1100 16 0
157 wait 159 158 1100
157 wait 157 158 1300
157 irecv 129 2100 200 0
157 irecv 153 2300 200 0
157 send 129 2300 40 0
157 send 153 2100 40 0
157 wait 130 158 2100
157 wait 154 158 2300
157 irecv 189 3100 200 0
157 irecv 125 3300 200 0
157 send 189 3300 60 0
157 send 125 3100 60 0
157 wait 190 158 3100
157 wait 126 158 3300
157 irecv 158 1100 200 0
157 irecv 156 1300 200 0
157 send 158 1300 16 0
157 send 156 1100 16 0
157 wait 159 158 1100
157 wait 157 158 1300
157 irecv 129 2100 200 0
157 irecv 153 2300 200 0
157 send 129 2300 40 0
157 send 153 2100 40 0
157 wait 130 158 2100
157 wait 154 158 2300
157 irecv 189 3100 200 0
157 irecv 125 3300 200 0
157 send 189 3300 60 0
157 send 125 3100 60 0
157 wait 190 158 3100
157 wait 126 158 3300
157 irecv 158 1100 200 0
157 irecv 156 1300 200 0
157 send 158 1300 16 0
157 send 156 1100 16 0
157 wait 159 158 1100
157 wait 157 158 1300
157 irecv 129 2100 200 0
157 irecv 153 2300 200 0
157 send 129 2300 40 0
157 send 153 2100 40 0
157 wait 130 158 2100
157 wait 154 158 2300
157 irecv 189 3100 200 0
157 irecv 125 3300 200 0
157 send 189 3300 60 0
157 send 125 3100 60 0
157 wait 190 158 3100
157 wait 126 158 3300
157 irecv 158 1100 200 0
157 irecv 156 1300 200 0
157 send 158 1300 4 0
157 send 156 1100 4 0
157 wait 159 158 1100
157 wait 157 158 1300
157 irecv 129 2100 200 0
157 irecv 153 2300 200 0
157 send 129 2300 12 0
157 send 153 2100 12 0
157 wait 130 158 2100
157 wait 154 158 2300
157 irecv 189 3100 200 0
157 irecv 125 3300 200 0
157 send 189 3300 24 0
157 send 125 3100 24 0
157 wait 190 158 3100
157 wait 126 158 3300
157 irecv 158 1100 200 0
157 irecv 156 1300 200 0
157 send 158 1300 1 0
157 send 156 1100 1 0
157 wait 159 158 1100
157 wait 157 158 1300
157 irecv 129 2100 200 0
157 irecv 153 2300 200 0
157 send 129 2300 4 0
157 send 153 2100 4 0
157 wait 130 158 2100
157 wait 154 158 2300
157 irecv 189 3100 200 0
157 irecv 125 3300 200 0
157 send 189 3300 12 0
157 send 125 3100 12 0
157 wait 190 158 3100
157 wait 126 158 3300
157 send 158 1300 12 0
157 send 156 1100 6 0
157 send 133 2300 12 0
157 send 149 2100 6 0
157 send 129 2300 24 0
157 send 153 2100 12 0
157 irecv 189 3100 200 0
157 irecv 125 3300 200 0
157 wait 190 158 3100
157 wait 126 158 3300
157 irecv 158 1100 200 0
157 irecv 156 1300 200 0
157 send 158 1300 1 0
157 send 156 1100 1 0
157 wait 159 158 1100
157 wait 157 158 1300
157 irecv 129 2100 200 0
157 irecv 153 2300 200 0
157 send 129 2300 4 0
157 send 153 2100 4 0
157 wait 130 158 2100
157 wait 154 158 2300
157 irecv 189 3100 200 0
157 irecv 125 3300 200 0
157 send 189 3300 12 0
157 send 125 3100 12 0
157 wait 190 158 3100
157 wait 126 158 3300
157 irecv 158 1100 200 0
157 irecv 156 1300 200 0
157 send 158 1300 1 0
157 send 156 1100 1 0
157 wait 159 158 1100
157 wait 157 158 1300
157 irecv 129 2100 200 0
157 irecv 153 2300 200 0
157 send 129 2300 4 0
157 send 153 2100 4 0
157 wait 130 158 2100
157 wait 154 158 2300
157 irecv 189 3100 200 0
157 irecv 125 3300 200 0
157 send 189 3300 12 0
157 send 125 3100 12 0
157 wait 190 158 3100
157 wait 126 158 3300
157 irecv 158 1100 200 0
157 irecv 156 1300 200 0
157 send 158 1300 4 0
157 send 156 1100 4 0
157 wait 159 158 1100
157 wait 157 158 1300
157 irecv 129 2100 200 0
157 irecv 153 2300 200 0
157 send 129 2300 12 0
157 send 153 2100 12 0
157 wait 130 158 2100
157 wait 154 158 2300
157 irecv 189 3100 200 0
157 irecv 125 3300 200 0
157 send 189 3300 24 0
157 send 125 3100 24 0
157 wait 190 158 3100
157 wait 126 158 3300
157 irecv 158 1100 200 0
157 irecv 156 1300 200 0
157 send 158 1300 4 0
157 send 156 1100 4 0
157 wait 159 158 1100
157 wait 157 158 1300
157 irecv 129 2100 200 0
157 irecv 153 2300 200 0
157 send 129 2300 12 0
157 send 153 2100 12 0
157 wait 130 158 2100
157 wait 154 158 2300
157 irecv 189 3100 200 0
157 irecv 125 3300 200 0
157 send 189 3300 24 0
157 send 125 3100 24 0
157 wait 190 158 3100
157 wait 126 158 3300
157 irecv 158 1100 200 0
157 irecv 156 1300 200 0
157 send 158 1300 16 0
157 send 156 1100 16 0
157 wait 159 158 1100
157 wait 157 158 1300
157 irecv 129 2100 200 0
157 irecv 153 2300 200 0
157 send 129 2300 40 0
157 send 153 2100 40 0
157 wait 130 158 2100
157 wait 154 158 2300
157 irecv 189 3100 200 0
157 irecv 125 3300 200 0
157 send 189 3300 60 0
157 send 125 3100 60 0
157 wait 190 158 3100
157 wait 126 158 3300
157 irecv 158 1100 200 0
157 irecv 156 1300 200 0
157 send 158 1300 16 0
157 send 156 1100 16 0
157 wait 159 158 1100
157 wait 157 158 1300
157 irecv 129 2100 200 0
157 irecv 153 2300 200 0
157 send 129 2300 40 0
157 send 153 2100 40 0
157 wait 130 158 2100
157 wait 154 158 2300
157 irecv 189 3100 200 0
157 irecv 125 3300 200 0
157 send 189 3300 60 0
157 send 125 3100 60 0
157 wait 190 158 3100
157 wait 126 158 3300
157 irecv 158 1100 200 0
157 irecv 156 1300 200 0
157 send 158 1300 16 0
157 send 156 1100 16 0
157 wait 159 158 1100
157 wait 157 158 1300
157 irecv 129 2100 200 0
157 irecv 153 2300 200 0
157 send 129 2300 40 0
157 send 153 2100 40 0
157 wait 130 158 2100
157 wait 154 158 2300
157 irecv 189 3100 200 0
157 irecv 125 3300 200 0
157 send 189 3300 60 0
157 send 125 3100 60 0
157 wait 190 158 3100
157 wait 126 158 3300
157 irecv 158 1100 200 0
157 irecv 156 1300 200 0
157 send 158 1300 4 0
157 send 156 1100 4 0
157 wait 159 158 1100
157 wait 157 158 1300
157 irecv 129 2100 200 0
157 irecv 153 2300 200 0
157 send 129 2300 12 0
157 send 153 2100 12 0
157 wait 130 158 2100
157 wait 154 158 2300
157 irecv 189 3100 200 0
157 irecv 125 3300 200 0
157 send 189 3300 24 0
157 send 125 3100 24 0
157 wait 190 158 3100
157 wait 126 158 3300
157 irecv 158 1100 200 0
157 irecv 156 1300 200 0
157 send 158 1300 1 0
157 send 156 1100 1 0
157 wait 159 158 1100
157 wait 157 158 1300
157 irecv 129 2100 200 0
157 irecv 153 2300 200 0
157 send 129 2300 4 0
157 send 153 2100 4 0
157 wait 130 158 2100
157 wait 154 158 2300
157 irecv 189 3100 200 0
157 irecv 125 3300 200 0
157 send 189 3300 12 0
157 send 125 3100 12 0
157 wait 190 158 3100
157 wait 126 158 3300
157 send 158 1300 12 0
157 send 156 1100 6 0
157 send 133 2300 12 0
157 send 149 2100 6 0
157 send 129 2300 24 0
157 send 153 2100 12 0
157 irecv 189 3100 200 0
157 irecv 125 3300 200 0
157 wait 190 158 3100
157 wait 126 158 3300
157 irecv 158 1100 200 0
157 irecv 156 1300 200 0
157 send 158 1300 1 0
157 send 156 1100 1 0
157 wait 159 158 1100
157 wait 157 158 1300
157 irecv 129 2100 200 0
157 irecv 153 2300 200 0
157 send 129 2300 4 0
157 send 153 2100 4 0
157 wait 130 158 2100
157 wait 154 158 2300
157 irecv 189 3100 200 0
157 irecv 125 3300 200 0
157 send 189 3300 12 0
157 send 125 3100 12 0
157 wait 190 158 3100
157 wait 126 158 3300
157 irecv 158 1100 200 0
157 irecv 156 1300 200 0
157 send 158 1300 1 0
157 send 156 1100 1 0
157 wait 159 158 1100
157 wait 157 158 1300
157 irecv 129 2100 200 0
157 irecv 153 2300 200 0
157 send 129 2300 4 0
157 send 153 2100 4 0
157 wait 130 158 2100
157 wait 154 158 2300
157 irecv 189 3100 200 0
157 irecv 125 3300 200 0
157 send 189 3300 12 0
157 send 125 3100 12 0
157 wait 190 158 3100
157 wait 126 158 3300
157 irecv 158 1100 200 0
157 irecv 156 1300 200 0
157 send 158 1300 4 0
157 send 156 1100 4 0
157 wait 159 158 1100
157 wait 157 158 1300
157 irecv 129 2100 200 0
157 irecv 153 2300 200 0
157 send 129 2300 12 0
157 send 153 2100 12 0
157 wait 130 158 2100
157 wait 154 158 2300
157 irecv 189 3100 200 0
157 irecv 125 3300 200 0
157 send 189 3300 24 0
157 send 125 3100 24 0
157 wait 190 158 3100
157 wait 126 158 3300
157 irecv 158 1100 200 0
157 irecv 156 1300 200 0
157 send 158 1300 4 0
157 send 156 1100 4 0
157 wait 159 158 1100
157 wait 157 158 1300
157 irecv 129 2100 200 0
157 irecv 153 2300 200 0
157 send 129 2300 12 0
157 send 153 2100 12 0
157 wait 130 158 2100
157 wait 154 158 2300
157 irecv 189 3100 200 0
157 irecv 125 3300 200 0
157 send 189 3300 24 0
157 send 125 3100 24 0
157 wait 190 158 3100
157 wait 126 158 3300
157 irecv 158 1100 200 0
157 irecv 156 1300 200 0
157 send 158 1300 16 0
157 send 156 1100 16 0
157 wait 159 158 1100
157 wait 157 158 1300
157 irecv 129 2100 200 0
157 irecv 153 2300 200 0
157 send 129 2300 40 0
157 send 153 2100 40 0
157 wait 130 158 2100
157 wait 154 158 2300
157 irecv 189 3100 200 0
157 irecv 125 3300 200 0
157 send 189 3300 60 0
157 send 125 3100 60 0
157 wait 190 158 3100
157 wait 126 158 3300
157 irecv 158 1100 200 0
157 irecv 156 1300 200 0
157 send 158 1300 16 0
157 send 156 1100 16 0
157 wait 159 158 1100
157 wait 157 158 1300
157 irecv 129 2100 200 0
157 irecv 153 2300 200 0
157 send 129 2300 40 0
157 send 153 2100 40 0
157 wait 130 158 2100
157 wait 154 158 2300
157 irecv 189 3100 200 0
157 irecv 125 3300 200 0
157 send 189 3300 60 0
157 send 125 3100 60 0
157 wait 190 158 3100
157 wait 126 158 3300
157 irecv 158 1100 200 0
157 irecv 156 1300 200 0
157 send 158 1300 16 0
157 send 156 1100 16 0
157 wait 159 158 1100
157 wait 157 158 1300
157 irecv 129 2100 200 0
157 irecv 153 2300 200 0
157 send 129 2300 40 0
157 send 153 2100 40 0
157 wait 130 158 2100
157 wait 154 158 2300
157 irecv 189 3100 200 0
157 irecv 125 3300 200 0
157 send 189 3300 60 0
157 send 125 3100 60 0
157 wait 190 158 3100
157 wait 126 158 3300
157 irecv 158 1100 200 0
157 irecv 156 1300 200 0
157 send 158 1300 4 0
157 send 156 1100 4 0
157 wait 159 158 1100
157 wait 157 158 1300
157 irecv 129 2100 200 0
157 irecv 153 2300 200 0
157 send 129 2300 12 0
157 send 153 2100 12 0
157 wait 130 158 2100
157 wait 154 158 2300
157 irecv 189 3100 200 0
157 irecv 125 3300 200 0
157 send 189 3300 24 0
157 send 125 3100 24 0
157 wait 190 158 3100
157 wait 126 158 3300
157 irecv 158 1100 200 0
157 irecv 156 1300 200 0
157 send 158 1300 1 0
157 send 156 1100 1 0
157 wait 159 158 1100
157 wait 157 158 1300
157 irecv 129 2100 200 0
157 irecv 153 2300 200 0
157 send 129 2300 4 0
157 send 153 2100 4 0
157 wait 130 158 2100
157 wait 154 158 2300
157 irecv 189 3100 200 0
157 irecv 125 3300 200 0
157 send 189 3300 12 0
157 send 125 3100 12 0
157 wait 190 158 3100
157 wait 126 158 3300
157 send 158 1300 12 0
157 send 156 1100 6 0
157 send 133 2300 12 0
157 send 149 2100 6 0
157 send 129 2300 24 0
157 send 153 2100 12 0
157 irecv 189 3100 200 0
157 irecv 125 3300 200 0
157 wait 190 158 3100
157 wait 126 158 3300
157 irecv 158 1100 200 0
157 irecv 156 1300 200 0
157 send 158 1300 1 0
157 send 156 1100 1 0
157 wait 159 158 1100
157 wait 157 158 1300
157 irecv 129 2100 200 0
157 irecv 153 2300 200 0
157 send 129 2300 4 0
157 send 153 2100 4 0
157 wait 130 158 2100
157 wait 154 158 2300
157 irecv 189 3100 200 0
157 irecv 125 3300 200 0
157 send 189 3300 12 0
157 send 125 3100 12 0
157 wait 190 158 3100
157 wait 126 158 3300
157 irecv 158 1100 200 0
157 irecv 156 1300 200 0
157 send 158 1300 1 0
157 send 156 1100 1 0
157 wait 159 158 1100
157 wait 157 158 1300
157 irecv 129 2100 200 0
157 irecv 153 2300 200 0
157 send 129 2300 4 0
157 send 153 2100 4 0
157 wait 130 158 2100
157 wait 154 158 2300
157 irecv 189 3100 200 0
157 irecv 125 3300 200 0
157 send 189 3300 12 0
157 send 125 3100 12 0
157 wait 190 158 3100
157 wait 126 158 3300
157 irecv 158 1100 200 0
157 irecv 156 1300 200 0
157 send 158 1300 4 0
157 send 156 1100 4 0
157 wait 159 158 1100
157 wait 157 158 1300
157 irecv 129 2100 200 0
157 irecv 153 2300 200 0
157 send 129 2300 12 0
157 send 153 2100 12 0
157 wait 130 158 2100
157 wait 154 158 2300
157 irecv 189 3100 200 0
157 irecv 125 3300 200 0
157 send 189 3300 24 0
157 send 125 3100 24 0
157 wait 190 158 3100
157 wait 126 158 3300
157 irecv 158 1100 200 0
157 irecv 156 1300 200 0
157 send 158 1300 4 0
157 send 156 1100 4 0
157 wait 159 158 1100
157 wait 157 158 1300
157 irecv 129 2100 200 0
157 irecv 153 2300 200 0
157 send 129 2300 12 0
157 send 153 2100 12 0
157 wait 130 158 2100
157 wait 154 158 2300
157 irecv 189 3100 200 0
157 irecv 125 3300 200 0
157 send 189 3300 24 0
157 send 125 3100 24 0
157 wait 190 158 3100
157 wait 126 158 3300
157 irecv 158 1100 200 0
157 irecv 156 1300 200 0
157 send 158 1300 16 0
157 send 156 1100 16 0
157 wait 159 158 1100
157 wait 157 158 1300
157 irecv 129 2100 200 0
157 irecv 153 2300 200 0
157 send 129 2300 40 0
157 send 153 2100 40 0
157 wait 130 158 2100
157 wait 154 158 2300
157 irecv 189 3100 200 0
157 irecv 125 3300 200 0
157 send 189 3300 60 0
157 send 125 3100 60 0
157 wait 190 158 3100
157 wait 126 158 3300
157 irecv 158 1100 200 0
157 irecv 156 1300 200 0
157 send 158 1300 16 0
157 send 156 1100 16 0
157 wait 159 158 1100
157 wait 157 158 1300
157 irecv 129 2100 200 0
157 irecv 153 2300 200 0
157 send 129 2300 40 0
157 send 153 2100 40 0
157 wait 130 158 2100
157 wait 154 158 2300
157 irecv 189 3100 200 0
157 irecv 125 3300 200 0
157 send 189 3300 60 0
157 send 125 3100 60 0
157 wait 190 158 3100
157 wait 126 158 3300
157 irecv 158 1100 200 0
157 irecv 156 1300 200 0
157 send 158 1300 16 0
157 send 156 1100 16 0
157 wait 159 158 1100
157 wait 157 158 1300
157 irecv 129 2100 200 0
157 irecv 153 2300 200 0
157 send 129 2300 40 0
157 send 153 2100 40 0
157 wait 130 158 2100
157 wait 154 158 2300
157 irecv 189 3100 200 0
157 irecv 125 3300 200 0
157 send 189 3300 60 0
157 send 125 3100 60 0
157 wait 190 158 3100
157 wait 126 158 3300
157 allreduce 1 0 0 
157 allreduce 1 0 0 
157 reduce 1 0 0 0 
157 finalize
