102 init
102 barrier
102 bcast 1 0 1 
102 bcast 1 0 1 
102 bcast 1 0 1 
102 bcast 1 0 1 
102 bcast 1 0 1 
102 bcast 8 0 1 
102 bcast 1 0 16 
102 barrier
102 allreduce 1 0 0 
102 allreduce 4 0 1 
102 allreduce 1 0 0 
102 allreduce 4 0 1 
102 allreduce 1 0 0 
102 allreduce 4 0 1 
102 allreduce 1 0 0 
102 allreduce 4 0 1 
102 allreduce 1 0 0 
102 allreduce 4 0 1 
102 allreduce 1 0 0 
102 allreduce 4 0 1 
102 allreduce 1 0 0 
102 allreduce 4 0 1 
102 allreduce 1 0 0 
102 allreduce 4 0 1 
102 allreduce 1 0 0 
102 allreduce 4 0 1 
102 allreduce 1 0 0 
102 allreduce 4 0 1 
102 allreduce 1 0 0 
102 allreduce 4 0 1 
102 allreduce 1 0 0 
102 allreduce 4 0 1 
102 allreduce 1 0 0 
102 allreduce 4 0 1 
102 allreduce 1 0 0 
102 allreduce 4 0 1 
102 allreduce 1 0 0 
102 allreduce 4 0 1 
102 allreduce 1 0 0 
102 allreduce 4 0 1 
102 allreduce 1 0 0 
102 allreduce 4 0 1 
102 allreduce 1 0 0 
102 allreduce 4 0 1 
102 allreduce 1 0 0 
102 allreduce 4 0 1 
102 allreduce 1 0 0 
102 allreduce 4 0 1 
102 barrier
102 irecv 103 1100 200 0
102 irecv 101 1300 200 0
102 send 103 1300 16 0
102 send 101 1100 16 0
102 wait 104 103 1100
102 wait 102 103 1300
102 irecv 106 2100 200 0
102 irecv 98 2300 200 0
102 send 106 2300 40 0
102 send 98 2100 40 0
102 wait 107 103 2100
102 wait 99 103 2300
102 irecv 134 3100 200 0
102 irecv 70 3300 200 0
102 send 134 3300 60 0
102 send 70 3100 60 0
102 wait 135 103 3100
102 wait 71 103 3300
102 allreduce 1 0 0 
102 allreduce 1 0 0 
102 irecv 103 1100 200 0
102 irecv 101 1300 200 0
102 send 103 1300 16 0
102 send 101 1100 16 0
102 wait 104 103 1100
102 wait 102 103 1300
102 irecv 106 2100 200 0
102 irecv 98 2300 200 0
102 send 106 2300 40 0
102 send 98 2100 40 0
102 wait 107 103 2100
102 wait 99 103 2300
102 irecv 134 3100 200 0
102 irecv 70 3300 200 0
102 send 134 3300 60 0
102 send 70 3100 60 0
102 wait 135 103 3100
102 wait 71 103 3300
102 allreduce 1 0 0 
102 allreduce 1 0 0 
102 irecv 103 1100 200 0
102 irecv 101 1300 200 0
102 send 103 1300 4 0
102 send 101 1100 4 0
102 wait 104 103 1100
102 wait 102 103 1300
102 irecv 106 2100 200 0
102 irecv 98 2300 200 0
102 send 106 2300 12 0
102 send 98 2100 12 0
102 wait 107 103 2100
102 wait 99 103 2300
102 irecv 134 3100 200 0
102 irecv 70 3300 200 0
102 send 134 3300 24 0
102 send 70 3100 24 0
102 wait 135 103 3100
102 wait 71 103 3300
102 irecv 103 1100 200 0
102 irecv 101 1300 200 0
102 send 103 1300 1 0
102 send 101 1100 1 0
102 wait 104 103 1100
102 wait 102 103 1300
102 irecv 106 2100 200 0
102 irecv 98 2300 200 0
102 send 106 2300 4 0
102 send 98 2100 4 0
102 wait 107 103 2100
102 wait 99 103 2300
102 irecv 134 3100 200 0
102 irecv 70 3300 200 0
102 send 134 3300 12 0
102 send 70 3100 12 0
102 wait 135 103 3100
102 wait 71 103 3300
102 irecv 103 1100 200 0
102 irecv 101 1300 200 0
102 send 103 1300 1 0
102 send 101 1100 1 0
102 wait 104 103 1100
102 wait 102 103 1300
102 irecv 110 2100 200 0
102 irecv 126 2300 200 0
102 send 110 2300 3 0
102 send 126 2100 3 0
102 wait 111 103 2100
102 wait 127 103 2300
102 irecv 166 3100 200 0
102 irecv 38 3300 200 0
102 send 166 3300 9 0
102 send 38 3100 9 0
102 wait 167 103 3100
102 wait 39 103 3300
102 irecv 103 1100 200 0
102 irecv 101 1300 200 0
102 wait 104 103 1100
102 wait 102 103 1300
102 irecv 110 2100 200 0
102 irecv 126 2300 200 0
102 wait 111 103 2100
102 wait 127 103 2300
102 send 166 3300 18 0
102 send 38 3100 9 0
102 irecv 103 1100 200 0
102 irecv 101 1300 200 0
102 send 103 1300 1 0
102 send 101 1100 1 0
102 wait 104 103 1100
102 wait 102 103 1300
102 irecv 110 2100 200 0
102 irecv 126 2300 200 0
102 send 110 2300 3 0
102 send 126 2100 3 0
102 wait 111 103 2100
102 wait 127 103 2300
102 irecv 166 3100 200 0
102 irecv 38 3300 200 0
102 send 166 3300 9 0
102 send 38 3100 9 0
102 wait 167 103 3100
102 wait 39 103 3300
102 irecv 103 1100 200 0
102 irecv 101 1300 200 0
102 send 103 1300 1 0
102 send 101 1100 1 0
102 wait 104 103 1100
102 wait 102 103 1300
102 irecv 110 2100 200 0
102 irecv 126 2300 200 0
102 send 110 2300 3 0
102 send 126 2100 3 0
102 wait 111 103 2100
102 wait 127 103 2300
102 irecv 166 3100 200 0
102 irecv 38 3300 200 0
102 send 166 3300 9 0
102 send 38 3100 9 0
102 wait 167 103 3100
102 wait 39 103 3300
102 compute 312.5
102 send 106 2300 24 0
102 send 98 2100 12 0
102 send 134 3300 24 0
102 send 70 3100 12 0
102 irecv 103 1100 200 0
102 irecv 101 1300 200 0
102 send 103 1300 1 0
102 send 101 1100 1 0
102 wait 104 103 1100
102 wait 102 103 1300
102 irecv 106 2100 200 0
102 irecv 98 2300 200 0
102 send 106 2300 4 0
102 send 98 2100 4 0
102 wait 107 103 2100
102 wait 99 103 2300
102 irecv 134 3100 200 0
102 irecv 70 3300 200 0
102 send 134 3300 12 0
102 send 70 3100 12 0
102 wait 135 103 3100
102 wait 71 103 3300
102 irecv 103 1100 200 0
102 irecv 101 1300 200 0
102 send 103 1300 1 0
102 send 101 1100 1 0
102 wait 104 103 1100
102 wait 102 103 1300
102 irecv 106 2100 200 0
102 irecv 98 2300 200 0
102 send 106 2300 4 0
102 send 98 2100 4 0
102 wait 107 103 2100
102 wait 99 103 2300
102 irecv 134 3100 200 0
102 irecv 70 3300 200 0
102 send 134 3300 12 0
102 send 70 3100 12 0
102 wait 135 103 3100
102 wait 71 103 3300
102 irecv 103 1100 200 0
102 irecv 101 1300 200 0
102 send 103 1300 4 0
102 send 101 1100 4 0
102 wait 104 103 1100
102 wait 102 103 1300
102 irecv 106 2100 200 0
102 irecv 98 2300 200 0
102 send 106 2300 12 0
102 send 98 2100 12 0
102 wait 107 103 2100
102 wait 99 103 2300
102 irecv 134 3100 200 0
102 irecv 70 3300 200 0
102 send 134 3300 24 0
102 send 70 3100 24 0
102 wait 135 103 3100
102 wait 71 103 3300
102 irecv 103 1100 200 0
102 irecv 101 1300 200 0
102 send 103 1300 4 0
102 send 101 1100 4 0
102 wait 104 103 1100
102 wait 102 103 1300
102 irecv 106 2100 200 0
102 irecv 98 2300 200 0
102 send 106 2300 12 0
102 send 98 2100 12 0
102 wait 107 103 2100
102 wait 99 103 2300
102 irecv 134 3100 200 0
102 irecv 70 3300 200 0
102 send 134 3300 24 0
102 send 70 3100 24 0
102 wait 135 103 3100
102 wait 71 103 3300
102 irecv 103 1100 200 0
102 irecv 101 1300 200 0
102 send 103 1300 16 0
102 send 101 1100 16 0
102 wait 104 103 1100
102 wait 102 103 1300
102 irecv 106 2100 200 0
102 irecv 98 2300 200 0
102 send 106 2300 40 0
102 send 98 2100 40 0
102 wait 107 103 2100
102 wait 99 103 2300
102 irecv 134 3100 200 0
102 irecv 70 3300 200 0
102 send 134 3300 60 0
102 send 70 3100 60 0
102 wait 135 103 3100
102 wait 71 103 3300
102 irecv 103 1100 200 0
102 irecv 101 1300 200 0
102 send 103 1300 16 0
102 send 101 1100 16 0
102 wait 104 103 1100
102 wait 102 103 1300
102 irecv 106 2100 200 0
102 irecv 98 2300 200 0
102 send 106 2300 40 0
102 send 98 2100 40 0
102 wait 107 103 2100
102 wait 99 103 2300
102 irecv 134 3100 200 0
102 irecv 70 3300 200 0
102 send 134 3300 60 0
102 send 70 3100 60 0
102 wait 135 103 3100
102 wait 71 103 3300
102 irecv 103 1100 200 0
102 irecv 101 1300 200 0
102 send 103 1300 16 0
102 send 101 1100 16 0
102 wait 104 103 1100
102 wait 102 103 1300
102 irecv 106 2100 200 0
102 irecv 98 2300 200 0
102 send 106 2300 40 0
102 send 98 2100 40 0
102 wait 107 103 2100
102 wait 99 103 2300
102 irecv 134 3100 200 0
102 irecv 70 3300 200 0
102 send 134 3300 60 0
102 send 70 3100 60 0
102 wait 135 103 3100
102 wait 71 103 3300
102 barrier
102 allreduce 1 0 0 
102 allreduce 4 0 1 
102 allreduce 1 0 0 
102 allreduce 4 0 1 
102 allreduce 1 0 0 
102 allreduce 4 0 1 
102 allreduce 1 0 0 
102 allreduce 4 0 1 
102 allreduce 1 0 0 
102 allreduce 4 0 1 
102 allreduce 1 0 0 
102 allreduce 4 0 1 
102 allreduce 1 0 0 
102 allreduce 4 0 1 
102 allreduce 1 0 0 
102 allreduce 4 0 1 
102 allreduce 1 0 0 
102 allreduce 4 0 1 
102 allreduce 1 0 0 
102 allreduce 4 0 1 
102 allreduce 1 0 0 
102 allreduce 4 0 1 
102 allreduce 1 0 0 
102 allreduce 4 0 1 
102 allreduce 1 0 0 
102 allreduce 4 0 1 
102 allreduce 1 0 0 
102 allreduce 4 0 1 
102 allreduce 1 0 0 
102 allreduce 4 0 1 
102 allreduce 1 0 0 
102 allreduce 4 0 1 
102 allreduce 1 0 0 
102 allreduce 4 0 1 
102 allreduce 1 0 0 
102 allreduce 4 0 1 
102 allreduce 1 0 0 
102 allreduce 4 0 1 
102 allreduce 1 0 0 
102 allreduce 4 0 1 
102 barrier
102 irecv 103 1100 200 0
102 irecv 101 1300 200 0
102 send 103 1300 16 0
102 send 101 1100 16 0
102 wait 104 103 1100
102 wait 102 103 1300
102 irecv 106 2100 200 0
102 irecv 98 2300 200 0
102 send 106 2300 40 0
102 send 98 2100 40 0
102 wait 107 103 2100
102 wait 99 103 2300
102 irecv 134 3100 200 0
102 irecv 70 3300 200 0
102 send 134 3300 60 0
102 send 70 3100 60 0
102 wait 135 103 3100
102 wait 71 103 3300
102 barrier
102 irecv 103 1100 200 0
102 irecv 101 1300 200 0
102 send 103 1300 16 0
102 send 101 1100 16 0
102 wait 104 103 1100
102 wait 102 103 1300
102 irecv 106 2100 200 0
102 irecv 98 2300 200 0
102 send 106 2300 40 0
102 send 98 2100 40 0
102 wait 107 103 2100
102 wait 99 103 2300
102 irecv 134 3100 200 0
102 irecv 70 3300 200 0
102 send 134 3300 60 0
102 send 70 3100 60 0
102 wait 135 103 3100
102 wait 71 103 3300
102 allreduce 1 0 0 
102 allreduce 1 0 0 
102 irecv 103 1100 200 0
102 irecv 101 1300 200 0
102 send 103 1300 4 0
102 send 101 1100 4 0
102 wait 104 103 1100
102 wait 102 103 1300
102 irecv 106 2100 200 0
102 irecv 98 2300 200 0
102 send 106 2300 12 0
102 send 98 2100 12 0
102 wait 107 103 2100
102 wait 99 103 2300
102 irecv 134 3100 200 0
102 irecv 70 3300 200 0
102 send 134 3300 24 0
102 send 70 3100 24 0
102 wait 135 103 3100
102 wait 71 103 3300
102 irecv 103 1100 200 0
102 irecv 101 1300 200 0
102 send 103 1300 1 0
102 send 101 1100 1 0
102 wait 104 103 1100
102 wait 102 103 1300
102 irecv 106 2100 200 0
102 irecv 98 2300 200 0
102 send 106 2300 4 0
102 send 98 2100 4 0
102 wait 107 103 2100
102 wait 99 103 2300
102 irecv 134 3100 200 0
102 irecv 70 3300 200 0
102 send 134 3300 12 0
102 send 70 3100 12 0
102 wait 135 103 3100
102 wait 71 103 3300
102 irecv 103 1100 200 0
102 irecv 101 1300 200 0
102 send 103 1300 1 0
102 send 101 1100 1 0
102 wait 104 103 1100
102 wait 102 103 1300
102 irecv 110 2100 200 0
102 irecv 126 2300 200 0
102 send 110 2300 3 0
102 send 126 2100 3 0
102 wait 111 103 2100
102 wait 127 103 2300
102 irecv 166 3100 200 0
102 irecv 38 3300 200 0
102 send 166 3300 9 0
102 send 38 3100 9 0
102 wait 167 103 3100
102 wait 39 103 3300
102 irecv 103 1100 200 0
102 irecv 101 1300 200 0
102 wait 104 103 1100
102 wait 102 103 1300
102 irecv 110 2100 200 0
102 irecv 126 2300 200 0
102 wait 111 103 2100
102 wait 127 103 2300
102 send 166 3300 18 0
102 send 38 3100 9 0
102 irecv 103 1100 200 0
102 irecv 101 1300 200 0
102 send 103 1300 1 0
102 send 101 1100 1 0
102 wait 104 103 1100
102 wait 102 103 1300
102 irecv 110 2100 200 0
102 irecv 126 2300 200 0
102 send 110 2300 3 0
102 send 126 2100 3 0
102 wait 111 103 2100
102 wait 127 103 2300
102 irecv 166 3100 200 0
102 irecv 38 3300 200 0
102 send 166 3300 9 0
102 send 38 3100 9 0
102 wait 167 103 3100
102 wait 39 103 3300
102 irecv 103 1100 200 0
102 irecv 101 1300 200 0
102 send 103 1300 1 0
102 send 101 1100 1 0
102 wait 104 103 1100
102 wait 102 103 1300
102 irecv 110 2100 200 0
102 irecv 126 2300 200 0
102 send 110 2300 3 0
102 send 126 2100 3 0
102 wait 111 103 2100
102 wait 127 103 2300
102 irecv 166 3100 200 0
102 irecv 38 3300 200 0
102 send 166 3300 9 0
102 send 38 3100 9 0
102 wait 167 103 3100
102 wait 39 103 3300
102 send 106 2300 24 0
102 send 98 2100 12 0
102 send 134 3300 24 0
102 send 70 3100 12 0
102 irecv 103 1100 200 0
102 irecv 101 1300 200 0
102 send 103 1300 1 0
102 send 101 1100 1 0
102 wait 104 103 1100
102 wait 102 103 1300
102 irecv 106 2100 200 0
102 irecv 98 2300 200 0
102 send 106 2300 4 0
102 send 98 2100 4 0
102 wait 107 103 2100
102 wait 99 103 2300
102 irecv 134 3100 200 0
102 irecv 70 3300 200 0
102 send 134 3300 12 0
102 send 70 3100 12 0
102 wait 135 103 3100
102 wait 71 103 3300
102 irecv 103 1100 200 0
102 irecv 101 1300 200 0
102 send 103 1300 1 0
102 send 101 1100 1 0
102 wait 104 103 1100
102 wait 102 103 1300
102 irecv 106 2100 200 0
102 irecv 98 2300 200 0
102 send 106 2300 4 0
102 send 98 2100 4 0
102 wait 107 103 2100
102 wait 99 103 2300
102 irecv 134 3100 200 0
102 irecv 70 3300 200 0
102 send 134 3300 12 0
102 send 70 3100 12 0
102 wait 135 103 3100
102 wait 71 103 3300
102 irecv 103 1100 200 0
102 irecv 101 1300 200 0
102 send 103 1300 4 0
102 send 101 1100 4 0
102 wait 104 103 1100
102 wait 102 103 1300
102 irecv 106 2100 200 0
102 irecv 98 2300 200 0
102 send 106 2300 12 0
102 send 98 2100 12 0
102 wait 107 103 2100
102 wait 99 103 2300
102 irecv 134 3100 200 0
102 irecv 70 3300 200 0
102 send 134 3300 24 0
102 send 70 3100 24 0
102 wait 135 103 3100
102 wait 71 103 3300
102 irecv 103 1100 200 0
102 irecv 101 1300 200 0
102 send 103 1300 4 0
102 send 101 1100 4 0
102 wait 104 103 1100
102 wait 102 103 1300
102 irecv 106 2100 200 0
102 irecv 98 2300 200 0
102 send 106 2300 12 0
102 send 98 2100 12 0
102 wait 107 103 2100
102 wait 99 103 2300
102 irecv 134 3100 200 0
102 irecv 70 3300 200 0
102 send 134 3300 24 0
102 send 70 3100 24 0
102 wait 135 103 3100
102 wait 71 103 3300
102 irecv 103 1100 200 0
102 irecv 101 1300 200 0
102 send 103 1300 16 0
102 send 101 1100 16 0
102 wait 104 103 1100
102 wait 102 103 1300
102 irecv 106 2100 200 0
102 irecv 98 2300 200 0
102 send 106 2300 40 0
102 send 98 2100 40 0
102 wait 107 103 2100
102 wait 99 103 2300
102 irecv 134 3100 200 0
102 irecv 70 3300 200 0
102 send 134 3300 60 0
102 send 70 3100 60 0
102 wait 135 103 3100
102 wait 71 103 3300
102 irecv 103 1100 200 0
102 irecv 101 1300 200 0
102 send 103 1300 16 0
102 send 101 1100 16 0
102 wait 104 103 1100
102 wait 102 103 1300
102 irecv 106 2100 200 0
102 irecv 98 2300 200 0
102 send 106 2300 40 0
102 send 98 2100 40 0
102 wait 107 103 2100
102 wait 99 103 2300
102 irecv 134 3100 200 0
102 irecv 70 3300 200 0
102 send 134 3300 60 0
102 send 70 3100 60 0
102 wait 135 103 3100
102 wait 71 103 3300
102 irecv 103 1100 200 0
102 irecv 101 1300 200 0
102 send 103 1300 16 0
102 send 101 1100 16 0
102 wait 104 103 1100
102 wait 102 103 1300
102 irecv 106 2100 200 0
102 irecv 98 2300 200 0
102 send 106 2300 40 0
102 send 98 2100 40 0
102 wait 107 103 2100
102 wait 99 103 2300
102 irecv 134 3100 200 0
102 irecv 70 3300 200 0
102 send 134 3300 60 0
102 send 70 3100 60 0
102 wait 135 103 3100
102 wait 71 103 3300
102 irecv 103 1100 200 0
102 irecv 101 1300 200 0
102 send 103 1300 4 0
102 send 101 1100 4 0
102 wait 104 103 1100
102 wait 102 103 1300
102 irecv 106 2100 200 0
102 irecv 98 2300 200 0
102 send 106 2300 12 0
102 send 98 2100 12 0
102 wait 107 103 2100
102 wait 99 103 2300
102 irecv 134 3100 200 0
102 irecv 70 3300 200 0
102 send 134 3300 24 0
102 send 70 3100 24 0
102 wait 135 103 3100
102 wait 71 103 3300
102 irecv 103 1100 200 0
102 irecv 101 1300 200 0
102 send 103 1300 1 0
102 send 101 1100 1 0
102 wait 104 103 1100
102 wait 102 103 1300
102 irecv 106 2100 200 0
102 irecv 98 2300 200 0
102 send 106 2300 4 0
102 send 98 2100 4 0
102 wait 107 103 2100
102 wait 99 103 2300
102 irecv 134 3100 200 0
102 irecv 70 3300 200 0
102 send 134 3300 12 0
102 send 70 3100 12 0
102 wait 135 103 3100
102 wait 71 103 3300
102 irecv 103 1100 200 0
102 irecv 101 1300 200 0
102 send 103 1300 1 0
102 send 101 1100 1 0
102 wait 104 103 1100
102 wait 102 103 1300
102 irecv 110 2100 200 0
102 irecv 126 2300 200 0
102 send 110 2300 3 0
102 send 126 2100 3 0
102 wait 111 103 2100
102 wait 127 103 2300
102 irecv 166 3100 200 0
102 irecv 38 3300 200 0
102 send 166 3300 9 0
102 send 38 3100 9 0
102 wait 167 103 3100
102 wait 39 103 3300
102 irecv 103 1100 200 0
102 irecv 101 1300 200 0
102 wait 104 103 1100
102 wait 102 103 1300
102 irecv 110 2100 200 0
102 irecv 126 2300 200 0
102 wait 111 103 2100
102 wait 127 103 2300
102 send 166 3300 18 0
102 send 38 3100 9 0
102 irecv 103 1100 200 0
102 irecv 101 1300 200 0
102 send 103 1300 1 0
102 send 101 1100 1 0
102 wait 104 103 1100
102 wait 102 103 1300
102 irecv 110 2100 200 0
102 irecv 126 2300 200 0
102 send 110 2300 3 0
102 send 126 2100 3 0
102 wait 111 103 2100
102 wait 127 103 2300
102 irecv 166 3100 200 0
102 irecv 38 3300 200 0
102 send 166 3300 9 0
102 send 38 3100 9 0
102 wait 167 103 3100
102 wait 39 103 3300
102 irecv 103 1100 200 0
102 irecv 101 1300 200 0
102 send 103 1300 1 0
102 send 101 1100 1 0
102 wait 104 103 1100
102 wait 102 103 1300
102 irecv 110 2100 200 0
102 irecv 126 2300 200 0
102 send 110 2300 3 0
102 send 126 2100 3 0
102 wait 111 103 2100
102 wait 127 103 2300
102 irecv 166 3100 200 0
102 irecv 38 3300 200 0
102 send 166 3300 9 0
102 send 38 3100 9 0
102 wait 167 103 3100
102 wait 39 103 3300
102 send 106 2300 24 0
102 send 98 2100 12 0
102 send 134 3300 24 0
102 send 70 3100 12 0
102 irecv 103 1100 200 0
102 irecv 101 1300 200 0
102 send 103 1300 1 0
102 send 101 1100 1 0
102 wait 104 103 1100
102 wait 102 103 1300
102 irecv 106 2100 200 0
102 irecv 98 2300 200 0
102 send 106 2300 4 0
102 send 98 2100 4 0
102 wait 107 103 2100
102 wait 99 103 2300
102 irecv 134 3100 200 0
102 irecv 70 3300 200 0
102 send 134 3300 12 0
102 send 70 3100 12 0
102 wait 135 103 3100
102 wait 71 103 3300
102 irecv 103 1100 200 0
102 irecv 101 1300 200 0
102 send 103 1300 1 0
102 send 101 1100 1 0
102 wait 104 103 1100
102 wait 102 103 1300
102 irecv 106 2100 200 0
102 irecv 98 2300 200 0
102 send 106 2300 4 0
102 send 98 2100 4 0
102 wait 107 103 2100
102 wait 99 103 2300
102 irecv 134 3100 200 0
102 irecv 70 3300 200 0
102 send 134 3300 12 0
102 send 70 3100 12 0
102 wait 135 103 3100
102 wait 71 103 3300
102 irecv 103 1100 200 0
102 irecv 101 1300 200 0
102 send 103 1300 4 0
102 send 101 1100 4 0
102 wait 104 103 1100
102 wait 102 103 1300
102 irecv 106 2100 200 0
102 irecv 98 2300 200 0
102 send 106 2300 12 0
102 send 98 2100 12 0
102 wait 107 103 2100
102 wait 99 103 2300
102 irecv 134 3100 200 0
102 irecv 70 3300 200 0
102 send 134 3300 24 0
102 send 70 3100 24 0
102 wait 135 103 3100
102 wait 71 103 3300
102 irecv 103 1100 200 0
102 irecv 101 1300 200 0
102 send 103 1300 4 0
102 send 101 1100 4 0
102 wait 104 103 1100
102 wait 102 103 1300
102 irecv 106 2100 200 0
102 irecv 98 2300 200 0
102 send 106 2300 12 0
102 send 98 2100 12 0
102 wait 107 103 2100
102 wait 99 103 2300
102 irecv 134 3100 200 0
102 irecv 70 3300 200 0
102 send 134 3300 24 0
102 send 70 3100 24 0
102 wait 135 103 3100
102 wait 71 103 3300
102 irecv 103 1100 200 0
102 irecv 101 1300 200 0
102 send 103 1300 16 0
102 send 101 1100 16 0
102 wait 104 103 1100
102 wait 102 103 1300
102 irecv 106 2100 200 0
102 irecv 98 2300 200 0
102 send 106 2300 40 0
102 send 98 2100 40 0
102 wait 107 103 2100
102 wait 99 103 2300
102 irecv 134 3100 200 0
102 irecv 70 3300 200 0
102 send 134 3300 60 0
102 send 70 3100 60 0
102 wait 135 103 3100
102 wait 71 103 3300
102 irecv 103 1100 200 0
102 irecv 101 1300 200 0
102 send 103 1300 16 0
102 send 101 1100 16 0
102 wait 104 103 1100
102 wait 102 103 1300
102 irecv 106 2100 200 0
102 irecv 98 2300 200 0
102 send 106 2300 40 0
102 send 98 2100 40 0
102 wait 107 103 2100
102 wait 99 103 2300
102 irecv 134 3100 200 0
102 irecv 70 3300 200 0
102 send 134 3300 60 0
102 send 70 3100 60 0
102 wait 135 103 3100
102 wait 71 103 3300
102 irecv 103 1100 200 0
102 irecv 101 1300 200 0
102 send 103 1300 16 0
102 send 101 1100 16 0
102 wait 104 103 1100
102 wait 102 103 1300
102 irecv 106 2100 200 0
102 irecv 98 2300 200 0
102 send 106 2300 40 0
102 send 98 2100 40 0
102 wait 107 103 2100
102 wait 99 103 2300
102 irecv 134 3100 200 0
102 irecv 70 3300 200 0
102 send 134 3300 60 0
102 send 70 3100 60 0
102 wait 135 103 3100
102 wait 71 103 3300
102 irecv 103 1100 200 0
102 irecv 101 1300 200 0
102 send 103 1300 4 0
102 send 101 1100 4 0
102 wait 104 103 1100
102 wait 102 103 1300
102 irecv 106 2100 200 0
102 irecv 98 2300 200 0
102 send 106 2300 12 0
102 send 98 2100 12 0
102 wait 107 103 2100
102 wait 99 103 2300
102 irecv 134 3100 200 0
102 irecv 70 3300 200 0
102 send 134 3300 24 0
102 send 70 3100 24 0
102 wait 135 103 3100
102 wait 71 103 3300
102 irecv 103 1100 200 0
102 irecv 101 1300 200 0
102 send 103 1300 1 0
102 send 101 1100 1 0
102 wait 104 103 1100
102 wait 102 103 1300
102 irecv 106 2100 200 0
102 irecv 98 2300 200 0
102 send 106 2300 4 0
102 send 98 2100 4 0
102 wait 107 103 2100
102 wait 99 103 2300
102 irecv 134 3100 200 0
102 irecv 70 3300 200 0
102 send 134 3300 12 0
102 send 70 3100 12 0
102 wait 135 103 3100
102 wait 71 103 3300
102 irecv 103 1100 200 0
102 irecv 101 1300 200 0
102 send 103 1300 1 0
102 send 101 1100 1 0
102 wait 104 103 1100
102 wait 102 103 1300
102 irecv 110 2100 200 0
102 irecv 126 2300 200 0
102 send 110 2300 3 0
102 send 126 2100 3 0
102 wait 111 103 2100
102 wait 127 103 2300
102 irecv 166 3100 200 0
102 irecv 38 3300 200 0
102 send 166 3300 9 0
102 send 38 3100 9 0
102 wait 167 103 3100
102 wait 39 103 3300
102 irecv 103 1100 200 0
102 irecv 101 1300 200 0
102 wait 104 103 1100
102 wait 102 103 1300
102 irecv 110 2100 200 0
102 irecv 126 2300 200 0
102 wait 111 103 2100
102 wait 127 103 2300
102 send 166 3300 18 0
102 send 38 3100 9 0
102 irecv 103 1100 200 0
102 irecv 101 1300 200 0
102 send 103 1300 1 0
102 send 101 1100 1 0
102 wait 104 103 1100
102 wait 102 103 1300
102 irecv 110 2100 200 0
102 irecv 126 2300 200 0
102 send 110 2300 3 0
102 send 126 2100 3 0
102 wait 111 103 2100
102 wait 127 103 2300
102 irecv 166 3100 200 0
102 irecv 38 3300 200 0
102 send 166 3300 9 0
102 send 38 3100 9 0
102 wait 167 103 3100
102 wait 39 103 3300
102 irecv 103 1100 200 0
102 irecv 101 1300 200 0
102 send 103 1300 1 0
102 send 101 1100 1 0
102 wait 104 103 1100
102 wait 102 103 1300
102 irecv 110 2100 200 0
102 irecv 126 2300 200 0
102 send 110 2300 3 0
102 send 126 2100 3 0
102 wait 111 103 2100
102 wait 127 103 2300
102 irecv 166 3100 200 0
102 irecv 38 3300 200 0
102 send 166 3300 9 0
102 send 38 3100 9 0
102 wait 167 103 3100
102 wait 39 103 3300
102 send 106 2300 24 0
102 send 98 2100 12 0
102 send 134 3300 24 0
102 send 70 3100 12 0
102 irecv 103 1100 200 0
102 irecv 101 1300 200 0
102 send 103 1300 1 0
102 send 101 1100 1 0
102 wait 104 103 1100
102 wait 102 103 1300
102 irecv 106 2100 200 0
102 irecv 98 2300 200 0
102 send 106 2300 4 0
102 send 98 2100 4 0
102 wait 107 103 2100
102 wait 99 103 2300
102 irecv 134 3100 200 0
102 irecv 70 3300 200 0
102 send 134 3300 12 0
102 send 70 3100 12 0
102 wait 135 103 3100
102 wait 71 103 3300
102 irecv 103 1100 200 0
102 irecv 101 1300 200 0
102 send 103 1300 1 0
102 send 101 1100 1 0
102 wait 104 103 1100
102 wait 102 103 1300
102 irecv 106 2100 200 0
102 irecv 98 2300 200 0
102 send 106 2300 4 0
102 send 98 2100 4 0
102 wait 107 103 2100
102 wait 99 103 2300
102 irecv 134 3100 200 0
102 irecv 70 3300 200 0
102 send 134 3300 12 0
102 send 70 3100 12 0
102 wait 135 103 3100
102 wait 71 103 3300
102 irecv 103 1100 200 0
102 irecv 101 1300 200 0
102 send 103 1300 4 0
102 send 101 1100 4 0
102 wait 104 103 1100
102 wait 102 103 1300
102 irecv 106 2100 200 0
102 irecv 98 2300 200 0
102 send 106 2300 12 0
102 send 98 2100 12 0
102 wait 107 103 2100
102 wait 99 103 2300
102 irecv 134 3100 200 0
102 irecv 70 3300 200 0
102 send 134 3300 24 0
102 send 70 3100 24 0
102 wait 135 103 3100
102 wait 71 103 3300
102 irecv 103 1100 200 0
102 irecv 101 1300 200 0
102 send 103 1300 4 0
102 send 101 1100 4 0
102 wait 104 103 1100
102 wait 102 103 1300
102 irecv 106 2100 200 0
102 irecv 98 2300 200 0
102 send 106 2300 12 0
102 send 98 2100 12 0
102 wait 107 103 2100
102 wait 99 103 2300
102 irecv 134 3100 200 0
102 irecv 70 3300 200 0
102 send 134 3300 24 0
102 send 70 3100 24 0
102 wait 135 103 3100
102 wait 71 103 3300
102 irecv 103 1100 200 0
102 irecv 101 1300 200 0
102 send 103 1300 16 0
102 send 101 1100 16 0
102 wait 104 103 1100
102 wait 102 103 1300
102 irecv 106 2100 200 0
102 irecv 98 2300 200 0
102 send 106 2300 40 0
102 send 98 2100 40 0
102 wait 107 103 2100
102 wait 99 103 2300
102 irecv 134 3100 200 0
102 irecv 70 3300 200 0
102 send 134 3300 60 0
102 send 70 3100 60 0
102 wait 135 103 3100
102 wait 71 103 3300
102 irecv 103 1100 200 0
102 irecv 101 1300 200 0
102 send 103 1300 16 0
102 send 101 1100 16 0
102 wait 104 103 1100
102 wait 102 103 1300
102 irecv 106 2100 200 0
102 irecv 98 2300 200 0
102 send 106 2300 40 0
102 send 98 2100 40 0
102 wait 107 103 2100
102 wait 99 103 2300
102 irecv 134 3100 200 0
102 irecv 70 3300 200 0
102 send 134 3300 60 0
102 send 70 3100 60 0
102 wait 135 103 3100
102 wait 71 103 3300
102 irecv 103 1100 200 0
102 irecv 101 1300 200 0
102 send 103 1300 16 0
102 send 101 1100 16 0
102 wait 104 103 1100
102 wait 102 103 1300
102 irecv 106 2100 200 0
102 irecv 98 2300 200 0
102 send 106 2300 40 0
102 send 98 2100 40 0
102 wait 107 103 2100
102 wait 99 103 2300
102 irecv 134 3100 200 0
102 irecv 70 3300 200 0
102 send 134 3300 60 0
102 send 70 3100 60 0
102 wait 135 103 3100
102 wait 71 103 3300
102 irecv 103 1100 200 0
102 irecv 101 1300 200 0
102 send 103 1300 4 0
102 send 101 1100 4 0
102 wait 104 103 1100
102 wait 102 103 1300
102 irecv 106 2100 200 0
102 irecv 98 2300 200 0
102 send 106 2300 12 0
102 send 98 2100 12 0
102 wait 107 103 2100
102 wait 99 103 2300
102 irecv 134 3100 200 0
102 irecv 70 3300 200 0
102 send 134 3300 24 0
102 send 70 3100 24 0
102 wait 135 103 3100
102 wait 71 103 3300
102 irecv 103 1100 200 0
102 irecv 101 1300 200 0
102 send 103 1300 1 0
102 send 101 1100 1 0
102 wait 104 103 1100
102 wait 102 103 1300
102 irecv 106 2100 200 0
102 irecv 98 2300 200 0
102 send 106 2300 4 0
102 send 98 2100 4 0
102 wait 107 103 2100
102 wait 99 103 2300
102 irecv 134 3100 200 0
102 irecv 70 3300 200 0
102 send 134 3300 12 0
102 send 70 3100 12 0
102 wait 135 103 3100
102 wait 71 103 3300
102 irecv 103 1100 200 0
102 irecv 101 1300 200 0
102 send 103 1300 1 0
102 send 101 1100 1 0
102 wait 104 103 1100
102 wait 102 103 1300
102 irecv 110 2100 200 0
102 irecv 126 2300 200 0
102 send 110 2300 3 0
102 send 126 2100 3 0
102 wait 111 103 2100
102 wait 127 103 2300
102 irecv 166 3100 200 0
102 irecv 38 3300 200 0
102 send 166 3300 9 0
102 send 38 3100 9 0
102 wait 167 103 3100
102 wait 39 103 3300
102 irecv 103 1100 200 0
102 irecv 101 1300 200 0
102 wait 104 103 1100
102 wait 102 103 1300
102 irecv 110 2100 200 0
102 irecv 126 2300 200 0
102 wait 111 103 2100
102 wait 127 103 2300
102 send 166 3300 18 0
102 send 38 3100 9 0
102 irecv 103 1100 200 0
102 irecv 101 1300 200 0
102 send 103 1300 1 0
102 send 101 1100 1 0
102 wait 104 103 1100
102 wait 102 103 1300
102 irecv 110 2100 200 0
102 irecv 126 2300 200 0
102 send 110 2300 3 0
102 send 126 2100 3 0
102 wait 111 103 2100
102 wait 127 103 2300
102 irecv 166 3100 200 0
102 irecv 38 3300 200 0
102 send 166 3300 9 0
102 send 38 3100 9 0
102 wait 167 103 3100
102 wait 39 103 3300
102 irecv 103 1100 200 0
102 irecv 101 1300 200 0
102 send 103 1300 1 0
102 send 101 1100 1 0
102 wait 104 103 1100
102 wait 102 103 1300
102 irecv 110 2100 200 0
102 irecv 126 2300 200 0
102 send 110 2300 3 0
102 send 126 2100 3 0
102 wait 111 103 2100
102 wait 127 103 2300
102 irecv 166 3100 200 0
102 irecv 38 3300 200 0
102 send 166 3300 9 0
102 send 38 3100 9 0
102 wait 167 103 3100
102 wait 39 103 3300
102 send 106 2300 24 0
102 send 98 2100 12 0
102 send 134 3300 24 0
102 send 70 3100 12 0
102 irecv 103 1100 200 0
102 irecv 101 1300 200 0
102 send 103 1300 1 0
102 send 101 1100 1 0
102 wait 104 103 1100
102 wait 102 103 1300
102 irecv 106 2100 200 0
102 irecv 98 2300 200 0
102 send 106 2300 4 0
102 send 98 2100 4 0
102 wait 107 103 2100
102 wait 99 103 2300
102 irecv 134 3100 200 0
102 irecv 70 3300 200 0
102 send 134 3300 12 0
102 send 70 3100 12 0
102 wait 135 103 3100
102 wait 71 103 3300
102 irecv 103 1100 200 0
102 irecv 101 1300 200 0
102 send 103 1300 1 0
102 send 101 1100 1 0
102 wait 104 103 1100
102 wait 102 103 1300
102 irecv 106 2100 200 0
102 irecv 98 2300 200 0
102 send 106 2300 4 0
102 send 98 2100 4 0
102 wait 107 103 2100
102 wait 99 103 2300
102 irecv 134 3100 200 0
102 irecv 70 3300 200 0
102 send 134 3300 12 0
102 send 70 3100 12 0
102 wait 135 103 3100
102 wait 71 103 3300
102 irecv 103 1100 200 0
102 irecv 101 1300 200 0
102 send 103 1300 4 0
102 send 101 1100 4 0
102 wait 104 103 1100
102 wait 102 103 1300
102 irecv 106 2100 200 0
102 irecv 98 2300 200 0
102 send 106 2300 12 0
102 send 98 2100 12 0
102 wait 107 103 2100
102 wait 99 103 2300
102 irecv 134 3100 200 0
102 irecv 70 3300 200 0
102 send 134 3300 24 0
102 send 70 3100 24 0
102 wait 135 103 3100
102 wait 71 103 3300
102 irecv 103 1100 200 0
102 irecv 101 1300 200 0
102 send 103 1300 4 0
102 send 101 1100 4 0
102 wait 104 103 1100
102 wait 102 103 1300
102 irecv 106 2100 200 0
102 irecv 98 2300 200 0
102 send 106 2300 12 0
102 send 98 2100 12 0
102 wait 107 103 2100
102 wait 99 103 2300
102 irecv 134 3100 200 0
102 irecv 70 3300 200 0
102 send 134 3300 24 0
102 send 70 3100 24 0
102 wait 135 103 3100
102 wait 71 103 3300
102 irecv 103 1100 200 0
102 irecv 101 1300 200 0
102 send 103 1300 16 0
102 send 101 1100 16 0
102 wait 104 103 1100
102 wait 102 103 1300
102 irecv 106 2100 200 0
102 irecv 98 2300 200 0
102 send 106 2300 40 0
102 send 98 2100 40 0
102 wait 107 103 2100
102 wait 99 103 2300
102 irecv 134 3100 200 0
102 irecv 70 3300 200 0
102 send 134 3300 60 0
102 send 70 3100 60 0
102 wait 135 103 3100
102 wait 71 103 3300
102 irecv 103 1100 200 0
102 irecv 101 1300 200 0
102 send 103 1300 16 0
102 send 101 1100 16 0
102 wait 104 103 1100
102 wait 102 103 1300
102 irecv 106 2100 200 0
102 irecv 98 2300 200 0
102 send 106 2300 40 0
102 send 98 2100 40 0
102 wait 107 103 2100
102 wait 99 103 2300
102 irecv 134 3100 200 0
102 irecv 70 3300 200 0
102 send 134 3300 60 0
102 send 70 3100 60 0
102 wait 135 103 3100
102 wait 71 103 3300
102 irecv 103 1100 200 0
102 irecv 101 1300 200 0
102 send 103 1300 16 0
102 send 101 1100 16 0
102 wait 104 103 1100
102 wait 102 103 1300
102 irecv 106 2100 200 0
102 irecv 98 2300 200 0
102 send 106 2300 40 0
102 send 98 2100 40 0
102 wait 107 103 2100
102 wait 99 103 2300
102 irecv 134 3100 200 0
102 irecv 70 3300 200 0
102 send 134 3300 60 0
102 send 70 3100 60 0
102 wait 135 103 3100
102 wait 71 103 3300
102 allreduce 1 0 0 
102 allreduce 1 0 0 
102 reduce 1 0 0 0 
102 finalize
