211 init
211 barrier
211 bcast 1 0 1 
211 bcast 1 0 1 
211 bcast 1 0 1 
211 bcast 1 0 1 
211 bcast 1 0 1 
211 bcast 8 0 1 
211 bcast 1 0 16 
211 barrier
211 allreduce 1 0 0 
211 allreduce 4 0 1 
211 allreduce 1 0 0 
211 allreduce 4 0 1 
211 allreduce 1 0 0 
211 allreduce 4 0 1 
211 allreduce 1 0 0 
211 allreduce 4 0 1 
211 allreduce 1 0 0 
211 allreduce 4 0 1 
211 allreduce 1 0 0 
211 allreduce 4 0 1 
211 allreduce 1 0 0 
211 allreduce 4 0 1 
211 allreduce 1 0 0 
211 allreduce 4 0 1 
211 allreduce 1 0 0 
211 allreduce 4 0 1 
211 allreduce 1 0 0 
211 allreduce 4 0 1 
211 allreduce 1 0 0 
211 allreduce 4 0 1 
211 allreduce 1 0 0 
211 allreduce 4 0 1 
211 allreduce 1 0 0 
211 allreduce 4 0 1 
211 allreduce 1 0 0 
211 allreduce 4 0 1 
211 allreduce 1 0 0 
211 allreduce 4 0 1 
211 allreduce 1 0 0 
211 allreduce 4 0 1 
211 allreduce 1 0 0 
211 allreduce 4 0 1 
211 allreduce 1 0 0 
211 allreduce 4 0 1 
211 allreduce 1 0 0 
211 allreduce 4 0 1 
211 allreduce 1 0 0 
211 allreduce 4 0 1 
211 barrier
211 irecv 208 1100 200 0
211 irecv 210 1300 200 0
211 send 208 1300 16 0
211 send 210 1100 16 0
211 wait 209 212 1100
211 wait 211 212 1300
211 irecv 215 2100 200 0
211 irecv 207 2300 200 0
211 send 215 2300 40 0
211 send 207 2100 40 0
211 wait 216 212 2100
211 wait 208 212 2300
211 irecv 243 3100 200 0
211 irecv 179 3300 200 0
211 send 243 3300 60 0
211 send 179 3100 60 0
211 wait 244 212 3100
211 wait 180 212 3300
211 allreduce 1 0 0 
211 allreduce 1 0 0 
211 irecv 208 1100 200 0
211 irecv 210 1300 200 0
211 send 208 1300 16 0
211 send 210 1100 16 0
211 wait 209 212 1100
211 wait 211 212 1300
211 irecv 215 2100 200 0
211 irecv 207 2300 200 0
211 send 215 2300 40 0
211 send 207 2100 40 0
211 wait 216 212 2100
211 wait 208 212 2300
211 irecv 243 3100 200 0
211 irecv 179 3300 200 0
211 send 243 3300 60 0
211 send 179 3100 60 0
211 wait 244 212 3100
211 wait 180 212 3300
211 allreduce 1 0 0 
211 allreduce 1 0 0 
211 irecv 208 1100 200 0
211 irecv 210 1300 200 0
211 send 208 1300 4 0
211 send 210 1100 4 0
211 wait 209 212 1100
211 wait 211 212 1300
211 irecv 215 2100 200 0
211 irecv 207 2300 200 0
211 send 215 2300 12 0
211 send 207 2100 12 0
211 wait 216 212 2100
211 wait 208 212 2300
211 irecv 243 3100 200 0
211 irecv 179 3300 200 0
211 send 243 3300 24 0
211 send 179 3100 24 0
211 wait 244 212 3100
211 wait 180 212 3300
211 irecv 208 1100 200 0
211 irecv 210 1300 200 0
211 send 208 1300 1 0
211 send 210 1100 1 0
211 wait 209 212 1100
211 wait 211 212 1300
211 irecv 215 2100 200 0
211 irecv 207 2300 200 0
211 send 215 2300 4 0
211 send 207 2100 4 0
211 wait 216 212 2100
211 wait 208 212 2300
211 irecv 243 3100 200 0
211 irecv 179 3300 200 0
211 send 243 3300 12 0
211 send 179 3100 12 0
211 wait 244 212 3100
211 wait 180 212 3300
211 send 208 1300 8 0
211 send 210 1100 4 0
211 irecv 215 2100 200 0
211 irecv 207 2300 200 0
211 wait 216 212 2100
211 wait 208 212 2300
211 irecv 243 3100 200 0
211 irecv 179 3300 200 0
211 wait 244 212 3100
211 wait 180 212 3300
211 irecv 208 1100 200 0
211 irecv 210 1300 200 0
211 send 208 1300 1 0
211 send 210 1100 1 0
211 wait 209 212 1100
211 wait 211 212 1300
211 irecv 215 2100 200 0
211 irecv 207 2300 200 0
211 send 215 2300 4 0
211 send 207 2100 4 0
211 wait 216 212 2100
211 wait 208 212 2300
211 irecv 243 3100 200 0
211 irecv 179 3300 200 0
211 send 243 3300 12 0
211 send 179 3100 12 0
211 wait 244 212 3100
211 wait 180 212 3300
211 irecv 208 1100 200 0
211 irecv 210 1300 200 0
211 send 208 1300 1 0
211 send 210 1100 1 0
211 wait 209 212 1100
211 wait 211 212 1300
211 irecv 215 2100 200 0
211 irecv 207 2300 200 0
211 send 215 2300 4 0
211 send 207 2100 4 0
211 wait 216 212 2100
211 wait 208 212 2300
211 irecv 243 3100 200 0
211 irecv 179 3300 200 0
211 send 243 3300 12 0
211 send 179 3100 12 0
211 wait 244 212 3100
211 wait 180 212 3300
211 irecv 208 1100 200 0
211 irecv 210 1300 200 0
211 send 208 1300 4 0
211 send 210 1100 4 0
211 wait 209 212 1100
211 wait 211 212 1300
211 irecv 215 2100 200 0
211 irecv 207 2300 200 0
211 send 215 2300 12 0
211 send 207 2100 12 0
211 wait 216 212 2100
211 wait 208 212 2300
211 irecv 243 3100 200 0
211 irecv 179 3300 200 0
211 send 243 3300 24 0
211 send 179 3100 24 0
211 wait 244 212 3100
211 wait 180 212 3300
211 irecv 208 1100 200 0
211 irecv 210 1300 200 0
211 send 208 1300 4 0
211 send 210 1100 4 0
211 wait 209 212 1100
211 wait 211 212 1300
211 irecv 215 2100 200 0
211 irecv 207 2300 200 0
211 send 215 2300 12 0
211 send 207 2100 12 0
211 wait 216 212 2100
211 wait 208 212 2300
211 irecv 243 3100 200 0
211 irecv 179 3300 200 0
211 send 243 3300 24 0
211 send 179 3100 24 0
211 wait 244 212 3100
211 wait 180 212 3300
211 irecv 208 1100 200 0
211 irecv 210 1300 200 0
211 send 208 1300 16 0
211 send 210 1100 16 0
211 wait 209 212 1100
211 wait 211 212 1300
211 irecv 215 2100 200 0
211 irecv 207 2300 200 0
211 send 215 2300 40 0
211 send 207 2100 40 0
211 wait 216 212 2100
211 wait 208 212 2300
211 irecv 243 3100 200 0
211 irecv 179 3300 200 0
211 send 243 3300 60 0
211 send 179 3100 60 0
211 wait 244 212 3100
211 wait 180 212 3300
211 irecv 208 1100 200 0
211 irecv 210 1300 200 0
211 send 208 1300 16 0
211 send 210 1100 16 0
211 wait 209 212 1100
211 wait 211 212 1300
211 irecv 215 2100 200 0
211 irecv 207 2300 200 0
211 send 215 2300 40 0
211 send 207 2100 40 0
211 wait 216 212 2100
211 wait 208 212 2300
211 irecv 243 3100 200 0
211 irecv 179 3300 200 0
211 send 243 3300 60 0
211 send 179 3100 60 0
211 wait 244 212 3100
211 wait 180 212 3300
211 irecv 208 1100 200 0
211 irecv 210 1300 200 0
211 send 208 1300 16 0
211 send 210 1100 16 0
211 wait 209 212 1100
211 wait 211 212 1300
211 irecv 215 2100 200 0
211 irecv 207 2300 200 0
211 send 215 2300 40 0
211 send 207 2100 40 0
211 wait 216 212 2100
211 wait 208 212 2300
211 irecv 243 3100 200 0
211 irecv 179 3300 200 0
211 send 243 3300 60 0
211 send 179 3100 60 0
211 wait 244 212 3100
211 wait 180 212 3300
211 barrier
211 allreduce 1 0 0 
211 allreduce 4 0 1 
211 allreduce 1 0 0 
211 allreduce 4 0 1 
211 allreduce 1 0 0 
211 allreduce 4 0 1 
211 allreduce 1 0 0 
211 allreduce 4 0 1 
211 allreduce 1 0 0 
211 allreduce 4 0 1 
211 allreduce 1 0 0 
211 allreduce 4 0 1 
211 allreduce 1 0 0 
211 allreduce 4 0 1 
211 allreduce 1 0 0 
211 allreduce 4 0 1 
211 allreduce 1 0 0 
211 allreduce 4 0 1 
211 allreduce 1 0 0 
211 allreduce 4 0 1 
211 allreduce 1 0 0 
211 allreduce 4 0 1 
211 allreduce 1 0 0 
211 allreduce 4 0 1 
211 allreduce 1 0 0 
211 allreduce 4 0 1 
211 allreduce 1 0 0 
211 allreduce 4 0 1 
211 allreduce 1 0 0 
211 allreduce 4 0 1 
211 allreduce 1 0 0 
211 allreduce 4 0 1 
211 allreduce 1 0 0 
211 allreduce 4 0 1 
211 allreduce 1 0 0 
211 allreduce 4 0 1 
211 allreduce 1 0 0 
211 allreduce 4 0 1 
211 allreduce 1 0 0 
211 allreduce 4 0 1 
211 barrier
211 irecv 208 1100 200 0
211 irecv 210 1300 200 0
211 send 208 1300 16 0
211 send 210 1100 16 0
211 wait 209 212 1100
211 wait 211 212 1300
211 irecv 215 2100 200 0
211 irecv 207 2300 200 0
211 send 215 2300 40 0
211 send 207 2100 40 0
211 wait 216 212 2100
211 wait 208 212 2300
211 irecv 243 3100 200 0
211 irecv 179 3300 200 0
211 send 243 3300 60 0
211 send 179 3100 60 0
211 wait 244 212 3100
211 wait 180 212 3300
211 barrier
211 irecv 208 1100 200 0
211 irecv 210 1300 200 0
211 send 208 1300 16 0
211 send 210 1100 16 0
211 wait 209 212 1100
211 wait 211 212 1300
211 irecv 215 2100 200 0
211 irecv 207 2300 200 0
211 send 215 2300 40 0
211 send 207 2100 40 0
211 wait 216 212 2100
211 wait 208 212 2300
211 irecv 243 3100 200 0
211 irecv 179 3300 200 0
211 send 243 3300 60 0
211 send 179 3100 60 0
211 wait 244 212 3100
211 wait 180 212 3300
211 allreduce 1 0 0 
211 allreduce 1 0 0 
211 irecv 208 1100 200 0
211 irecv 210 1300 200 0
211 send 208 1300 4 0
211 send 210 1100 4 0
211 wait 209 212 1100
211 wait 211 212 1300
211 irecv 215 2100 200 0
211 irecv 207 2300 200 0
211 send 215 2300 12 0
211 send 207 2100 12 0
211 wait 216 212 2100
211 wait 208 212 2300
211 irecv 243 3100 200 0
211 irecv 179 3300 200 0
211 send 243 3300 24 0
211 send 179 3100 24 0
211 wait 244 212 3100
211 wait 180 212 3300
211 irecv 208 1100 200 0
211 irecv 210 1300 200 0
211 send 208 1300 1 0
211 send 210 1100 1 0
211 wait 209 212 1100
211 wait 211 212 1300
211 irecv 215 2100 200 0
211 irecv 207 2300 200 0
211 send 215 2300 4 0
211 send 207 2100 4 0
211 wait 216 212 2100
211 wait 208 212 2300
211 irecv 243 3100 200 0
211 irecv 179 3300 200 0
211 send 243 3300 12 0
211 send 179 3100 12 0
211 wait 244 212 3100
211 wait 180 212 3300
211 send 208 1300 8 0
211 send 210 1100 4 0
211 irecv 215 2100 200 0
211 irecv 207 2300 200 0
211 wait 216 212 2100
211 wait 208 212 2300
211 irecv 243 3100 200 0
211 irecv 179 3300 200 0
211 wait 244 212 3100
211 wait 180 212 3300
211 irecv 208 1100 200 0
211 irecv 210 1300 200 0
211 send 208 1300 1 0
211 send 210 1100 1 0
211 wait 209 212 1100
211 wait 211 212 1300
211 irecv 215 2100 200 0
211 irecv 207 2300 200 0
211 send 215 2300 4 0
211 send 207 2100 4 0
211 wait 216 212 2100
211 wait 208 212 2300
211 irecv 243 3100 200 0
211 irecv 179 3300 200 0
211 send 243 3300 12 0
211 send 179 3100 12 0
211 wait 244 212 3100
211 wait 180 212 3300
211 irecv 208 1100 200 0
211 irecv 210 1300 200 0
211 send 208 1300 1 0
211 send 210 1100 1 0
211 wait 209 212 1100
211 wait 211 212 1300
211 irecv 215 2100 200 0
211 irecv 207 2300 200 0
211 send 215 2300 4 0
211 send 207 2100 4 0
211 wait 216 212 2100
211 wait 208 212 2300
211 irecv 243 3100 200 0
211 irecv 179 3300 200 0
211 send 243 3300 12 0
211 send 179 3100 12 0
211 wait 244 212 3100
211 wait 180 212 3300
211 irecv 208 1100 200 0
211 irecv 210 1300 200 0
211 send 208 1300 4 0
211 send 210 1100 4 0
211 wait 209 212 1100
211 wait 211 212 1300
211 irecv 215 2100 200 0
211 irecv 207 2300 200 0
211 send 215 2300 12 0
211 send 207 2100 12 0
211 wait 216 212 2100
211 wait 208 212 2300
211 irecv 243 3100 200 0
211 irecv 179 3300 200 0
211 send 243 3300 24 0
211 send 179 3100 24 0
211 wait 244 212 3100
211 wait 180 212 3300
211 irecv 208 1100 200 0
211 irecv 210 1300 200 0
211 send 208 1300 4 0
211 send 210 1100 4 0
211 wait 209 212 1100
211 wait 211 212 1300
211 irecv 215 2100 200 0
211 irecv 207 2300 200 0
211 send 215 2300 12 0
211 send 207 2100 12 0
211 wait 216 212 2100
211 wait 208 212 2300
211 irecv 243 3100 200 0
211 irecv 179 3300 200 0
211 send 243 3300 24 0
211 send 179 3100 24 0
211 wait 244 212 3100
211 wait 180 212 3300
211 irecv 208 1100 200 0
211 irecv 210 1300 200 0
211 send 208 1300 16 0
211 send 210 1100 16 0
211 wait 209 212 1100
211 wait 211 212 1300
211 irecv 215 2100 200 0
211 irecv 207 2300 200 0
211 send 215 2300 40 0
211 send 207 2100 40 0
211 wait 216 212 2100
211 wait 208 212 2300
211 irecv 243 3100 200 0
211 irecv 179 3300 200 0
211 send 243 3300 60 0
211 send 179 3100 60 0
211 wait 244 212 3100
211 wait 180 212 3300
211 irecv 208 1100 200 0
211 irecv 210 1300 200 0
211 send 208 1300 16 0
211 send 210 1100 16 0
211 wait 209 212 1100
211 wait 211 212 1300
211 irecv 215 2100 200 0
211 irecv 207 2300 200 0
211 send 215 2300 40 0
211 send 207 2100 40 0
211 wait 216 212 2100
211 wait 208 212 2300
211 irecv 243 3100 200 0
211 irecv 179 3300 200 0
211 send 243 3300 60 0
211 send 179 3100 60 0
211 wait 244 212 3100
211 wait 180 212 3300
211 irecv 208 1100 200 0
211 irecv 210 1300 200 0
211 send 208 1300 16 0
211 send 210 1100 16 0
211 wait 209 212 1100
211 wait 211 212 1300
211 irecv 215 2100 200 0
211 irecv 207 2300 200 0
211 send 215 2300 40 0
211 send 207 2100 40 0
211 wait 216 212 2100
211 wait 208 212 2300
211 irecv 243 3100 200 0
211 irecv 179 3300 200 0
211 send 243 3300 60 0
211 send 179 3100 60 0
211 wait 244 212 3100
211 wait 180 212 3300
211 irecv 208 1100 200 0
211 irecv 210 1300 200 0
211 send 208 1300 4 0
211 send 210 1100 4 0
211 wait 209 212 1100
211 wait 211 212 1300
211 irecv 215 2100 200 0
211 irecv 207 2300 200 0
211 send 215 2300 12 0
211 send 207 2100 12 0
211 wait 216 212 2100
211 wait 208 212 2300
211 irecv 243 3100 200 0
211 irecv 179 3300 200 0
211 send 243 3300 24 0
211 send 179 3100 24 0
211 wait 244 212 3100
211 wait 180 212 3300
211 irecv 208 1100 200 0
211 irecv 210 1300 200 0
211 send 208 1300 1 0
211 send 210 1100 1 0
211 wait 209 212 1100
211 wait 211 212 1300
211 irecv 215 2100 200 0
211 irecv 207 2300 200 0
211 send 215 2300 4 0
211 send 207 2100 4 0
211 wait 216 212 2100
211 wait 208 212 2300
211 irecv 243 3100 200 0
211 irecv 179 3300 200 0
211 send 243 3300 12 0
211 send 179 3100 12 0
211 wait 244 212 3100
211 wait 180 212 3300
211 send 208 1300 8 0
211 send 210 1100 4 0
211 irecv 215 2100 200 0
211 irecv 207 2300 200 0
211 wait 216 212 2100
211 wait 208 212 2300
211 irecv 243 3100 200 0
211 irecv 179 3300 200 0
211 wait 244 212 3100
211 wait 180 212 3300
211 irecv 208 1100 200 0
211 irecv 210 1300 200 0
211 send 208 1300 1 0
211 send 210 1100 1 0
211 wait 209 212 1100
211 wait 211 212 1300
211 irecv 215 2100 200 0
211 irecv 207 2300 200 0
211 send 215 2300 4 0
211 send 207 2100 4 0
211 wait 216 212 2100
211 wait 208 212 2300
211 irecv 243 3100 200 0
211 irecv 179 3300 200 0
211 send 243 3300 12 0
211 send 179 3100 12 0
211 wait 244 212 3100
211 wait 180 212 3300
211 irecv 208 1100 200 0
211 irecv 210 1300 200 0
211 send 208 1300 1 0
211 send 210 1100 1 0
211 wait 209 212 1100
211 wait 211 212 1300
211 irecv 215 2100 200 0
211 irecv 207 2300 200 0
211 send 215 2300 4 0
211 send 207 2100 4 0
211 wait 216 212 2100
211 wait 208 212 2300
211 irecv 243 3100 200 0
211 irecv 179 3300 200 0
211 send 243 3300 12 0
211 send 179 3100 12 0
211 wait 244 212 3100
211 wait 180 212 3300
211 irecv 208 1100 200 0
211 irecv 210 1300 200 0
211 send 208 1300 4 0
211 send 210 1100 4 0
211 wait 209 212 1100
211 wait 211 212 1300
211 irecv 215 2100 200 0
211 irecv 207 2300 200 0
211 send 215 2300 12 0
211 send 207 2100 12 0
211 wait 216 212 2100
211 wait 208 212 2300
211 irecv 243 3100 200 0
211 irecv 179 3300 200 0
211 send 243 3300 24 0
211 send 179 3100 24 0
211 wait 244 212 3100
211 wait 180 212 3300
211 irecv 208 1100 200 0
211 irecv 210 1300 200 0
211 send 208 1300 4 0
211 send 210 1100 4 0
211 wait 209 212 1100
211 wait 211 212 1300
211 irecv 215 2100 200 0
211 irecv 207 2300 200 0
211 send 215 2300 12 0
211 send 207 2100 12 0
211 wait 216 212 2100
211 wait 208 212 2300
211 irecv 243 3100 200 0
211 irecv 179 3300 200 0
211 send 243 3300 24 0
211 send 179 3100 24 0
211 wait 244 212 3100
211 wait 180 212 3300
211 irecv 208 1100 200 0
211 irecv 210 1300 200 0
211 send 208 1300 16 0
211 send 210 1100 16 0
211 wait 209 212 1100
211 wait 211 212 1300
211 irecv 215 2100 200 0
211 irecv 207 2300 200 0
211 send 215 2300 40 0
211 send 207 2100 40 0
211 wait 216 212 2100
211 wait 208 212 2300
211 irecv 243 3100 200 0
211 irecv 179 3300 200 0
211 send 243 3300 60 0
211 send 179 3100 60 0
211 wait 244 212 3100
211 wait 180 212 3300
211 irecv 208 1100 200 0
211 irecv 210 1300 200 0
211 send 208 1300 16 0
211 send 210 1100 16 0
211 wait 209 212 1100
211 wait 211 212 1300
211 irecv 215 2100 200 0
211 irecv 207 2300 200 0
211 send 215 2300 40 0
211 send 207 2100 40 0
211 wait 216 212 2100
211 wait 208 212 2300
211 irecv 243 3100 200 0
211 irecv 179 3300 200 0
211 send 243 3300 60 0
211 send 179 3100 60 0
211 wait 244 212 3100
211 wait 180 212 3300
211 irecv 208 1100 200 0
211 irecv 210 1300 200 0
211 send 208 1300 16 0
211 send 210 1100 16 0
211 wait 209 212 1100
211 wait 211 212 1300
211 irecv 215 2100 200 0
211 irecv 207 2300 200 0
211 send 215 2300 40 0
211 send 207 2100 40 0
211 wait 216 212 2100
211 wait 208 212 2300
211 irecv 243 3100 200 0
211 irecv 179 3300 200 0
211 send 243 3300 60 0
211 send 179 3100 60 0
211 wait 244 212 3100
211 wait 180 212 3300
211 irecv 208 1100 200 0
211 irecv 210 1300 200 0
211 send 208 1300 4 0
211 send 210 1100 4 0
211 wait 209 212 1100
211 wait 211 212 1300
211 irecv 215 2100 200 0
211 irecv 207 2300 200 0
211 send 215 2300 12 0
211 send 207 2100 12 0
211 wait 216 212 2100
211 wait 208 212 2300
211 irecv 243 3100 200 0
211 irecv 179 3300 200 0
211 send 243 3300 24 0
211 send 179 3100 24 0
211 wait 244 212 3100
211 wait 180 212 3300
211 irecv 208 1100 200 0
211 irecv 210 1300 200 0
211 send 208 1300 1 0
211 send 210 1100 1 0
211 wait 209 212 1100
211 wait 211 212 1300
211 irecv 215 2100 200 0
211 irecv 207 2300 200 0
211 send 215 2300 4 0
211 send 207 2100 4 0
211 wait 216 212 2100
211 wait 208 212 2300
211 irecv 243 3100 200 0
211 irecv 179 3300 200 0
211 send 243 3300 12 0
211 send 179 3100 12 0
211 wait 244 212 3100
211 wait 180 212 3300
211 send 208 1300 8 0
211 send 210 1100 4 0
211 irecv 215 2100 200 0
211 irecv 207 2300 200 0
211 wait 216 212 2100
211 wait 208 212 2300
211 irecv 243 3100 200 0
211 irecv 179 3300 200 0
211 wait 244 212 3100
211 wait 180 212 3300
211 irecv 208 1100 200 0
211 irecv 210 1300 200 0
211 send 208 1300 1 0
211 send 210 1100 1 0
211 wait 209 212 1100
211 wait 211 212 1300
211 irecv 215 2100 200 0
211 irecv 207 2300 200 0
211 send 215 2300 4 0
211 send 207 2100 4 0
211 wait 216 212 2100
211 wait 208 212 2300
211 irecv 243 3100 200 0
211 irecv 179 3300 200 0
211 send 243 3300 12 0
211 send 179 3100 12 0
211 wait 244 212 3100
211 wait 180 212 3300
211 irecv 208 1100 200 0
211 irecv 210 1300 200 0
211 send 208 1300 1 0
211 send 210 1100 1 0
211 wait 209 212 1100
211 wait 211 212 1300
211 irecv 215 2100 200 0
211 irecv 207 2300 200 0
211 send 215 2300 4 0
211 send 207 2100 4 0
211 wait 216 212 2100
211 wait 208 212 2300
211 irecv 243 3100 200 0
211 irecv 179 3300 200 0
211 send 243 3300 12 0
211 send 179 3100 12 0
211 wait 244 212 3100
211 wait 180 212 3300
211 irecv 208 1100 200 0
211 irecv 210 1300 200 0
211 send 208 1300 4 0
211 send 210 1100 4 0
211 wait 209 212 1100
211 wait 211 212 1300
211 irecv 215 2100 200 0
211 irecv 207 2300 200 0
211 send 215 2300 12 0
211 send 207 2100 12 0
211 wait 216 212 2100
211 wait 208 212 2300
211 irecv 243 3100 200 0
211 irecv 179 3300 200 0
211 send 243 3300 24 0
211 send 179 3100 24 0
211 wait 244 212 3100
211 wait 180 212 3300
211 irecv 208 1100 200 0
211 irecv 210 1300 200 0
211 send 208 1300 4 0
211 send 210 1100 4 0
211 wait 209 212 1100
211 wait 211 212 1300
211 irecv 215 2100 200 0
211 irecv 207 2300 200 0
211 send 215 2300 12 0
211 send 207 2100 12 0
211 wait 216 212 2100
211 wait 208 212 2300
211 irecv 243 3100 200 0
211 irecv 179 3300 200 0
211 send 243 3300 24 0
211 send 179 3100 24 0
211 wait 244 212 3100
211 wait 180 212 3300
211 irecv 208 1100 200 0
211 irecv 210 1300 200 0
211 send 208 1300 16 0
211 send 210 1100 16 0
211 wait 209 212 1100
211 wait 211 212 1300
211 irecv 215 2100 200 0
211 irecv 207 2300 200 0
211 send 215 2300 40 0
211 send 207 2100 40 0
211 wait 216 212 2100
211 wait 208 212 2300
211 irecv 243 3100 200 0
211 irecv 179 3300 200 0
211 send 243 3300 60 0
211 send 179 3100 60 0
211 wait 244 212 3100
211 wait 180 212 3300
211 irecv 208 1100 200 0
211 irecv 210 1300 200 0
211 send 208 1300 16 0
211 send 210 1100 16 0
211 wait 209 212 1100
211 wait 211 212 1300
211 irecv 215 2100 200 0
211 irecv 207 2300 200 0
211 send 215 2300 40 0
211 send 207 2100 40 0
211 wait 216 212 2100
211 wait 208 212 2300
211 irecv 243 3100 200 0
211 irecv 179 3300 200 0
211 send 243 3300 60 0
211 send 179 3100 60 0
211 wait 244 212 3100
211 wait 180 212 3300
211 irecv 208 1100 200 0
211 irecv 210 1300 200 0
211 send 208 1300 16 0
211 send 210 1100 16 0
211 wait 209 212 1100
211 wait 211 212 1300
211 irecv 215 2100 200 0
211 irecv 207 2300 200 0
211 send 215 2300 40 0
211 send 207 2100 40 0
211 wait 216 212 2100
211 wait 208 212 2300
211 irecv 243 3100 200 0
211 irecv 179 3300 200 0
211 send 243 3300 60 0
211 send 179 3100 60 0
211 wait 244 212 3100
211 wait 180 212 3300
211 irecv 208 1100 200 0
211 irecv 210 1300 200 0
211 send 208 1300 4 0
211 send 210 1100 4 0
211 wait 209 212 1100
211 wait 211 212 1300
211 irecv 215 2100 200 0
211 irecv 207 2300 200 0
211 send 215 2300 12 0
211 send 207 2100 12 0
211 wait 216 212 2100
211 wait 208 212 2300
211 irecv 243 3100 200 0
211 irecv 179 3300 200 0
211 send 243 3300 24 0
211 send 179 3100 24 0
211 wait 244 212 3100
211 wait 180 212 3300
211 irecv 208 1100 200 0
211 irecv 210 1300 200 0
211 send 208 1300 1 0
211 send 210 1100 1 0
211 wait 209 212 1100
211 wait 211 212 1300
211 irecv 215 2100 200 0
211 irecv 207 2300 200 0
211 send 215 2300 4 0
211 send 207 2100 4 0
211 wait 216 212 2100
211 wait 208 212 2300
211 irecv 243 3100 200 0
211 irecv 179 3300 200 0
211 send 243 3300 12 0
211 send 179 3100 12 0
211 wait 244 212 3100
211 wait 180 212 3300
211 send 208 1300 8 0
211 send 210 1100 4 0
211 irecv 215 2100 200 0
211 irecv 207 2300 200 0
211 wait 216 212 2100
211 wait 208 212 2300
211 irecv 243 3100 200 0
211 irecv 179 3300 200 0
211 wait 244 212 3100
211 wait 180 212 3300
211 irecv 208 1100 200 0
211 irecv 210 1300 200 0
211 send 208 1300 1 0
211 send 210 1100 1 0
211 wait 209 212 1100
211 wait 211 212 1300
211 irecv 215 2100 200 0
211 irecv 207 2300 200 0
211 send 215 2300 4 0
211 send 207 2100 4 0
211 wait 216 212 2100
211 wait 208 212 2300
211 irecv 243 3100 200 0
211 irecv 179 3300 200 0
211 send 243 3300 12 0
211 send 179 3100 12 0
211 wait 244 212 3100
211 wait 180 212 3300
211 irecv 208 1100 200 0
211 irecv 210 1300 200 0
211 send 208 1300 1 0
211 send 210 1100 1 0
211 wait 209 212 1100
211 wait 211 212 1300
211 irecv 215 2100 200 0
211 irecv 207 2300 200 0
211 send 215 2300 4 0
211 send 207 2100 4 0
211 wait 216 212 2100
211 wait 208 212 2300
211 irecv 243 3100 200 0
211 irecv 179 3300 200 0
211 send 243 3300 12 0
211 send 179 3100 12 0
211 wait 244 212 3100
211 wait 180 212 3300
211 irecv 208 1100 200 0
211 irecv 210 1300 200 0
211 send 208 1300 4 0
211 send 210 1100 4 0
211 wait 209 212 1100
211 wait 211 212 1300
211 irecv 215 2100 200 0
211 irecv 207 2300 200 0
211 send 215 2300 12 0
211 send 207 2100 12 0
211 wait 216 212 2100
211 wait 208 212 2300
211 irecv 243 3100 200 0
211 irecv 179 3300 200 0
211 send 243 3300 24 0
211 send 179 3100 24 0
211 wait 244 212 3100
211 wait 180 212 3300
211 irecv 208 1100 200 0
211 irecv 210 1300 200 0
211 send 208 1300 4 0
211 send 210 1100 4 0
211 wait 209 212 1100
211 wait 211 212 1300
211 irecv 215 2100 200 0
211 irecv 207 2300 200 0
211 send 215 2300 12 0
211 send 207 2100 12 0
211 wait 216 212 2100
211 wait 208 212 2300
211 irecv 243 3100 200 0
211 irecv 179 3300 200 0
211 send 243 3300 24 0
211 send 179 3100 24 0
211 wait 244 212 3100
211 wait 180 212 3300
211 irecv 208 1100 200 0
211 irecv 210 1300 200 0
211 send 208 1300 16 0
211 send 210 1100 16 0
211 wait 209 212 1100
211 wait 211 212 1300
211 irecv 215 2100 200 0
211 irecv 207 2300 200 0
211 send 215 2300 40 0
211 send 207 2100 40 0
211 wait 216 212 2100
211 wait 208 212 2300
211 irecv 243 3100 200 0
211 irecv 179 3300 200 0
211 send 243 3300 60 0
211 send 179 3100 60 0
211 wait 244 212 3100
211 wait 180 212 3300
211 irecv 208 1100 200 0
211 irecv 210 1300 200 0
211 send 208 1300 16 0
211 send 210 1100 16 0
211 wait 209 212 1100
211 wait 211 212 1300
211 irecv 215 2100 200 0
211 irecv 207 2300 200 0
211 send 215 2300 40 0
211 send 207 2100 40 0
211 wait 216 212 2100
211 wait 208 212 2300
211 irecv 243 3100 200 0
211 irecv 179 3300 200 0
211 send 243 3300 60 0
211 send 179 3100 60 0
211 wait 244 212 3100
211 wait 180 212 3300
211 irecv 208 1100 200 0
211 irecv 210 1300 200 0
211 send 208 1300 16 0
211 send 210 1100 16 0
211 wait 209 212 1100
211 wait 211 212 1300
211 irecv 215 2100 200 0
211 irecv 207 2300 200 0
211 send 215 2300 40 0
211 send 207 2100 40 0
211 wait 216 212 2100
211 wait 208 212 2300
211 irecv 243 3100 200 0
211 irecv 179 3300 200 0
211 send 243 3300 60 0
211 send 179 3100 60 0
211 wait 244 212 3100
211 wait 180 212 3300
211 allreduce 1 0 0 
211 allreduce 1 0 0 
211 reduce 1 0 0 0 
211 finalize
