49 init
49 barrier
49 bcast 1 0 1 
49 bcast 1 0 1 
49 bcast 1 0 1 
49 bcast 1 0 1 
49 bcast 1 0 1 
49 bcast 8 0 1 
49 bcast 1 0 16 
49 barrier
49 allreduce 1 0 0 
49 allreduce 4 0 1 
49 allreduce 1 0 0 
49 allreduce 4 0 1 
49 allreduce 1 0 0 
49 allreduce 4 0 1 
49 allreduce 1 0 0 
49 allreduce 4 0 1 
49 allreduce 1 0 0 
49 allreduce 4 0 1 
49 allreduce 1 0 0 
49 allreduce 4 0 1 
49 allreduce 1 0 0 
49 allreduce 4 0 1 
49 allreduce 1 0 0 
49 allreduce 4 0 1 
49 allreduce 1 0 0 
49 allreduce 4 0 1 
49 allreduce 1 0 0 
49 allreduce 4 0 1 
49 allreduce 1 0 0 
49 allreduce 4 0 1 
49 allreduce 1 0 0 
49 allreduce 4 0 1 
49 allreduce 1 0 0 
49 allreduce 4 0 1 
49 allreduce 1 0 0 
49 allreduce 4 0 1 
49 allreduce 1 0 0 
49 allreduce 4 0 1 
49 allreduce 1 0 0 
49 allreduce 4 0 1 
49 allreduce 1 0 0 
49 allreduce 4 0 1 
49 allreduce 1 0 0 
49 allreduce 4 0 1 
49 allreduce 1 0 0 
49 allreduce 4 0 1 
49 allreduce 1 0 0 
49 allreduce 4 0 1 
49 barrier
49 irecv 50 1100 200 0
49 irecv 48 1300 200 0
49 send 50 1300 16 0
49 send 48 1100 16 0
49 wait 51 50 1100
49 wait 49 50 1300
49 irecv 53 2100 200 0
49 irecv 45 2300 200 0
49 send 53 2300 40 0
49 send 45 2100 40 0
49 wait 54 50 2100
49 wait 46 50 2300
49 irecv 81 3100 200 0
49 irecv 17 3300 200 0
49 send 81 3300 60 0
49 send 17 3100 60 0
49 wait 82 50 3100
49 wait 18 50 3300
49 allreduce 1 0 0 
49 allreduce 1 0 0 
49 irecv 50 1100 200 0
49 irecv 48 1300 200 0
49 send 50 1300 16 0
49 send 48 1100 16 0
49 wait 51 50 1100
49 wait 49 50 1300
49 irecv 53 2100 200 0
49 irecv 45 2300 200 0
49 send 53 2300 40 0
49 send 45 2100 40 0
49 wait 54 50 2100
49 wait 46 50 2300
49 irecv 81 3100 200 0
49 irecv 17 3300 200 0
49 send 81 3300 60 0
49 send 17 3100 60 0
49 wait 82 50 3100
49 wait 18 50 3300
49 allreduce 1 0 0 
49 allreduce 1 0 0 
49 irecv 50 1100 200 0
49 irecv 48 1300 200 0
49 send 50 1300 4 0
49 send 48 1100 4 0
49 wait 51 50 1100
49 wait 49 50 1300
49 irecv 53 2100 200 0
49 irecv 45 2300 200 0
49 send 53 2300 12 0
49 send 45 2100 12 0
49 wait 54 50 2100
49 wait 46 50 2300
49 irecv 81 3100 200 0
49 irecv 17 3300 200 0
49 send 81 3300 24 0
49 send 17 3100 24 0
49 wait 82 50 3100
49 wait 18 50 3300
49 irecv 50 1100 200 0
49 irecv 48 1300 200 0
49 send 50 1300 1 0
49 send 48 1100 1 0
49 wait 51 50 1100
49 wait 49 50 1300
49 irecv 53 2100 200 0
49 irecv 45 2300 200 0
49 send 53 2300 4 0
49 send 45 2100 4 0
49 wait 54 50 2100
49 wait 46 50 2300
49 irecv 81 3100 200 0
49 irecv 17 3300 200 0
49 send 81 3300 12 0
49 send 17 3100 12 0
49 wait 82 50 3100
49 wait 18 50 3300
49 send 50 1300 12 0
49 send 48 1100 6 0
49 irecv 113 3100 200 0
49 irecv 241 3300 200 0
49 wait 114 50 3100
49 wait 242 50 3300
49 irecv 53 2100 200 0
49 irecv 45 2300 200 0
49 wait 54 50 2100
49 wait 46 50 2300
49 send 81 3300 24 0
49 send 17 3100 12 0
49 irecv 50 1100 200 0
49 irecv 48 1300 200 0
49 send 50 1300 1 0
49 send 48 1100 1 0
49 wait 51 50 1100
49 wait 49 50 1300
49 irecv 53 2100 200 0
49 irecv 45 2300 200 0
49 send 53 2300 4 0
49 send 45 2100 4 0
49 wait 54 50 2100
49 wait 46 50 2300
49 irecv 81 3100 200 0
49 irecv 17 3300 200 0
49 send 81 3300 12 0
49 send 17 3100 12 0
49 wait 82 50 3100
49 wait 18 50 3300
49 irecv 50 1100 200 0
49 irecv 48 1300 200 0
49 send 50 1300 1 0
49 send 48 1100 1 0
49 wait 51 50 1100
49 wait 49 50 1300
49 irecv 53 2100 200 0
49 irecv 45 2300 200 0
49 send 53 2300 4 0
49 send 45 2100 4 0
49 wait 54 50 2100
49 wait 46 50 2300
49 irecv 81 3100 200 0
49 irecv 17 3300 200 0
49 send 81 3300 12 0
49 send 17 3100 12 0
49 wait 82 50 3100
49 wait 18 50 3300
49 irecv 50 1100 200 0
49 irecv 48 1300 200 0
49 send 50 1300 4 0
49 send 48 1100 4 0
49 wait 51 50 1100
49 wait 49 50 1300
49 irecv 53 2100 200 0
49 irecv 45 2300 200 0
49 send 53 2300 12 0
49 send 45 2100 12 0
49 wait 54 50 2100
49 wait 46 50 2300
49 irecv 81 3100 200 0
49 irecv 17 3300 200 0
49 send 81 3300 24 0
49 send 17 3100 24 0
49 wait 82 50 3100
49 wait 18 50 3300
49 irecv 50 1100 200 0
49 irecv 48 1300 200 0
49 send 50 1300 4 0
49 send 48 1100 4 0
49 wait 51 50 1100
49 wait 49 50 1300
49 irecv 53 2100 200 0
49 irecv 45 2300 200 0
49 send 53 2300 12 0
49 send 45 2100 12 0
49 wait 54 50 2100
49 wait 46 50 2300
49 irecv 81 3100 200 0
49 irecv 17 3300 200 0
49 send 81 3300 24 0
49 send 17 3100 24 0
49 wait 82 50 3100
49 wait 18 50 3300
49 irecv 50 1100 200 0
49 irecv 48 1300 200 0
49 send 50 1300 16 0
49 send 48 1100 16 0
49 wait 51 50 1100
49 wait 49 50 1300
49 irecv 53 2100 200 0
49 irecv 45 2300 200 0
49 send 53 2300 40 0
49 send 45 2100 40 0
49 wait 54 50 2100
49 wait 46 50 2300
49 irecv 81 3100 200 0
49 irecv 17 3300 200 0
49 send 81 3300 60 0
49 send 17 3100 60 0
49 wait 82 50 3100
49 wait 18 50 3300
49 irecv 50 1100 200 0
49 irecv 48 1300 200 0
49 send 50 1300 16 0
49 send 48 1100 16 0
49 wait 51 50 1100
49 wait 49 50 1300
49 irecv 53 2100 200 0
49 irecv 45 2300 200 0
49 send 53 2300 40 0
49 send 45 2100 40 0
49 wait 54 50 2100
49 wait 46 50 2300
49 irecv 81 3100 200 0
49 irecv 17 3300 200 0
49 send 81 3300 60 0
49 send 17 3100 60 0
49 wait 82 50 3100
49 wait 18 50 3300
49 irecv 50 1100 200 0
49 irecv 48 1300 200 0
49 send 50 1300 16 0
49 send 48 1100 16 0
49 wait 51 50 1100
49 wait 49 50 1300
49 irecv 53 2100 200 0
49 irecv 45 2300 200 0
49 send 53 2300 40 0
49 send 45 2100 40 0
49 wait 54 50 2100
49 wait 46 50 2300
49 irecv 81 3100 200 0
49 irecv 17 3300 200 0
49 send 81 3300 60 0
49 send 17 3100 60 0
49 wait 82 50 3100
49 wait 18 50 3300
49 barrier
49 allreduce 1 0 0 
49 allreduce 4 0 1 
49 allreduce 1 0 0 
49 allreduce 4 0 1 
49 allreduce 1 0 0 
49 allreduce 4 0 1 
49 allreduce 1 0 0 
49 allreduce 4 0 1 
49 allreduce 1 0 0 
49 allreduce 4 0 1 
49 allreduce 1 0 0 
49 allreduce 4 0 1 
49 allreduce 1 0 0 
49 allreduce 4 0 1 
49 allreduce 1 0 0 
49 allreduce 4 0 1 
49 allreduce 1 0 0 
49 allreduce 4 0 1 
49 allreduce 1 0 0 
49 allreduce 4 0 1 
49 allreduce 1 0 0 
49 allreduce 4 0 1 
49 allreduce 1 0 0 
49 allreduce 4 0 1 
49 allreduce 1 0 0 
49 allreduce 4 0 1 
49 allreduce 1 0 0 
49 allreduce 4 0 1 
49 allreduce 1 0 0 
49 allreduce 4 0 1 
49 allreduce 1 0 0 
49 allreduce 4 0 1 
49 allreduce 1 0 0 
49 allreduce 4 0 1 
49 allreduce 1 0 0 
49 allreduce 4 0 1 
49 allreduce 1 0 0 
49 allreduce 4 0 1 
49 allreduce 1 0 0 
49 allreduce 4 0 1 
49 barrier
49 irecv 50 1100 200 0
49 irecv 48 1300 200 0
49 send 50 1300 16 0
49 send 48 1100 16 0
49 wait 51 50 1100
49 wait 49 50 1300
49 irecv 53 2100 200 0
49 irecv 45 2300 200 0
49 send 53 2300 40 0
49 send 45 2100 40 0
49 wait 54 50 2100
49 wait 46 50 2300
49 irecv 81 3100 200 0
49 irecv 17 3300 200 0
49 send 81 3300 60 0
49 send 17 3100 60 0
49 wait 82 50 3100
49 wait 18 50 3300
49 barrier
49 irecv 50 1100 200 0
49 irecv 48 1300 200 0
49 send 50 1300 16 0
49 send 48 1100 16 0
49 wait 51 50 1100
49 wait 49 50 1300
49 irecv 53 2100 200 0
49 irecv 45 2300 200 0
49 send 53 2300 40 0
49 send 45 2100 40 0
49 wait 54 50 2100
49 wait 46 50 2300
49 irecv 81 3100 200 0
49 irecv 17 3300 200 0
49 send 81 3300 60 0
49 send 17 3100 60 0
49 wait 82 50 3100
49 wait 18 50 3300
49 allreduce 1 0 0 
49 allreduce 1 0 0 
49 irecv 50 1100 200 0
49 irecv 48 1300 200 0
49 send 50 1300 4 0
49 send 48 1100 4 0
49 wait 51 50 1100
49 wait 49 50 1300
49 irecv 53 2100 200 0
49 irecv 45 2300 200 0
49 send 53 2300 12 0
49 send 45 2100 12 0
49 wait 54 50 2100
49 wait 46 50 2300
49 irecv 81 3100 200 0
49 irecv 17 3300 200 0
49 send 81 3300 24 0
49 send 17 3100 24 0
49 wait 82 50 3100
49 wait 18 50 3300
49 irecv 50 1100 200 0
49 irecv 48 1300 200 0
49 send 50 1300 1 0
49 send 48 1100 1 0
49 wait 51 50 1100
49 wait 49 50 1300
49 irecv 53 2100 200 0
49 irecv 45 2300 200 0
49 send 53 2300 4 0
49 send 45 2100 4 0
49 wait 54 50 2100
49 wait 46 50 2300
49 irecv 81 3100 200 0
49 irecv 17 3300 200 0
49 send 81 3300 12 0
49 send 17 3100 12 0
49 wait 82 50 3100
49 wait 18 50 3300
49 send 50 1300 12 0
49 send 48 1100 6 0
49 irecv 113 3100 200 0
49 irecv 241 3300 200 0
49 wait 114 50 3100
49 wait 242 50 3300
49 irecv 53 2100 200 0
49 irecv 45 2300 200 0
49 wait 54 50 2100
49 wait 46 50 2300
49 send 81 3300 24 0
49 send 17 3100 12 0
49 irecv 50 1100 200 0
49 irecv 48 1300 200 0
49 send 50 1300 1 0
49 send 48 1100 1 0
49 wait 51 50 1100
49 wait 49 50 1300
49 irecv 53 2100 200 0
49 irecv 45 2300 200 0
49 send 53 2300 4 0
49 send 45 2100 4 0
49 wait 54 50 2100
49 wait 46 50 2300
49 irecv 81 3100 200 0
49 irecv 17 3300 200 0
49 send 81 3300 12 0
49 send 17 3100 12 0
49 wait 82 50 3100
49 wait 18 50 3300
49 irecv 50 1100 200 0
49 irecv 48 1300 200 0
49 send 50 1300 1 0
49 send 48 1100 1 0
49 wait 51 50 1100
49 wait 49 50 1300
49 irecv 53 2100 200 0
49 irecv 45 2300 200 0
49 send 53 2300 4 0
49 send 45 2100 4 0
49 wait 54 50 2100
49 wait 46 50 2300
49 irecv 81 3100 200 0
49 irecv 17 3300 200 0
49 send 81 3300 12 0
49 send 17 3100 12 0
49 wait 82 50 3100
49 wait 18 50 3300
49 irecv 50 1100 200 0
49 irecv 48 1300 200 0
49 send 50 1300 4 0
49 send 48 1100 4 0
49 wait 51 50 1100
49 wait 49 50 1300
49 irecv 53 2100 200 0
49 irecv 45 2300 200 0
49 send 53 2300 12 0
49 send 45 2100 12 0
49 wait 54 50 2100
49 wait 46 50 2300
49 irecv 81 3100 200 0
49 irecv 17 3300 200 0
49 send 81 3300 24 0
49 send 17 3100 24 0
49 wait 82 50 3100
49 wait 18 50 3300
49 irecv 50 1100 200 0
49 irecv 48 1300 200 0
49 send 50 1300 4 0
49 send 48 1100 4 0
49 wait 51 50 1100
49 wait 49 50 1300
49 irecv 53 2100 200 0
49 irecv 45 2300 200 0
49 send 53 2300 12 0
49 send 45 2100 12 0
49 wait 54 50 2100
49 wait 46 50 2300
49 irecv 81 3100 200 0
49 irecv 17 3300 200 0
49 send 81 3300 24 0
49 send 17 3100 24 0
49 wait 82 50 3100
49 wait 18 50 3300
49 irecv 50 1100 200 0
49 irecv 48 1300 200 0
49 send 50 1300 16 0
49 send 48 1100 16 0
49 wait 51 50 1100
49 wait 49 50 1300
49 irecv 53 2100 200 0
49 irecv 45 2300 200 0
49 send 53 2300 40 0
49 send 45 2100 40 0
49 wait 54 50 2100
49 wait 46 50 2300
49 irecv 81 3100 200 0
49 irecv 17 3300 200 0
49 send 81 3300 60 0
49 send 17 3100 60 0
49 wait 82 50 3100
49 wait 18 50 3300
49 irecv 50 1100 200 0
49 irecv 48 1300 200 0
49 send 50 1300 16 0
49 send 48 1100 16 0
49 wait 51 50 1100
49 wait 49 50 1300
49 irecv 53 2100 200 0
49 irecv 45 2300 200 0
49 send 53 2300 40 0
49 send 45 2100 40 0
49 wait 54 50 2100
49 wait 46 50 2300
49 irecv 81 3100 200 0
49 irecv 17 3300 200 0
49 send 81 3300 60 0
49 send 17 3100 60 0
49 wait 82 50 3100
49 wait 18 50 3300
49 irecv 50 1100 200 0
49 irecv 48 1300 200 0
49 send 50 1300 16 0
49 send 48 1100 16 0
49 wait 51 50 1100
49 wait 49 50 1300
49 irecv 53 2100 200 0
49 irecv 45 2300 200 0
49 send 53 2300 40 0
49 send 45 2100 40 0
49 wait 54 50 2100
49 wait 46 50 2300
49 irecv 81 3100 200 0
49 irecv 17 3300 200 0
49 send 81 3300 60 0
49 send 17 3100 60 0
49 wait 82 50 3100
49 wait 18 50 3300
49 irecv 50 1100 200 0
49 irecv 48 1300 200 0
49 send 50 1300 4 0
49 send 48 1100 4 0
49 wait 51 50 1100
49 wait 49 50 1300
49 irecv 53 2100 200 0
49 irecv 45 2300 200 0
49 send 53 2300 12 0
49 send 45 2100 12 0
49 wait 54 50 2100
49 wait 46 50 2300
49 irecv 81 3100 200 0
49 irecv 17 3300 200 0
49 send 81 3300 24 0
49 send 17 3100 24 0
49 wait 82 50 3100
49 wait 18 50 3300
49 irecv 50 1100 200 0
49 irecv 48 1300 200 0
49 send 50 1300 1 0
49 send 48 1100 1 0
49 wait 51 50 1100
49 wait 49 50 1300
49 irecv 53 2100 200 0
49 irecv 45 2300 200 0
49 send 53 2300 4 0
49 send 45 2100 4 0
49 wait 54 50 2100
49 wait 46 50 2300
49 irecv 81 3100 200 0
49 irecv 17 3300 200 0
49 send 81 3300 12 0
49 send 17 3100 12 0
49 wait 82 50 3100
49 wait 18 50 3300
49 send 50 1300 12 0
49 send 48 1100 6 0
49 irecv 113 3100 200 0
49 irecv 241 3300 200 0
49 wait 114 50 3100
49 wait 242 50 3300
49 irecv 53 2100 200 0
49 irecv 45 2300 200 0
49 wait 54 50 2100
49 wait 46 50 2300
49 send 81 3300 24 0
49 send 17 3100 12 0
49 irecv 50 1100 200 0
49 irecv 48 1300 200 0
49 send 50 1300 1 0
49 send 48 1100 1 0
49 wait 51 50 1100
49 wait 49 50 1300
49 irecv 53 2100 200 0
49 irecv 45 2300 200 0
49 send 53 2300 4 0
49 send 45 2100 4 0
49 wait 54 50 2100
49 wait 46 50 2300
49 irecv 81 3100 200 0
49 irecv 17 3300 200 0
49 send 81 3300 12 0
49 send 17 3100 12 0
49 wait 82 50 3100
49 wait 18 50 3300
49 irecv 50 1100 200 0
49 irecv 48 1300 200 0
49 send 50 1300 1 0
49 send 48 1100 1 0
49 wait 51 50 1100
49 wait 49 50 1300
49 irecv 53 2100 200 0
49 irecv 45 2300 200 0
49 send 53 2300 4 0
49 send 45 2100 4 0
49 wait 54 50 2100
49 wait 46 50 2300
49 irecv 81 3100 200 0
49 irecv 17 3300 200 0
49 send 81 3300 12 0
49 send 17 3100 12 0
49 wait 82 50 3100
49 wait 18 50 3300
49 irecv 50 1100 200 0
49 irecv 48 1300 200 0
49 send 50 1300 4 0
49 send 48 1100 4 0
49 wait 51 50 1100
49 wait 49 50 1300
49 irecv 53 2100 200 0
49 irecv 45 2300 200 0
49 send 53 2300 12 0
49 send 45 2100 12 0
49 wait 54 50 2100
49 wait 46 50 2300
49 irecv 81 3100 200 0
49 irecv 17 3300 200 0
49 send 81 3300 24 0
49 send 17 3100 24 0
49 wait 82 50 3100
49 wait 18 50 3300
49 irecv 50 1100 200 0
49 irecv 48 1300 200 0
49 send 50 1300 4 0
49 send 48 1100 4 0
49 wait 51 50 1100
49 wait 49 50 1300
49 irecv 53 2100 200 0
49 irecv 45 2300 200 0
49 send 53 2300 12 0
49 send 45 2100 12 0
49 wait 54 50 2100
49 wait 46 50 2300
49 irecv 81 3100 200 0
49 irecv 17 3300 200 0
49 send 81 3300 24 0
49 send 17 3100 24 0
49 wait 82 50 3100
49 wait 18 50 3300
49 irecv 50 1100 200 0
49 irecv 48 1300 200 0
49 send 50 1300 16 0
49 send 48 1100 16 0
49 wait 51 50 1100
49 wait 49 50 1300
49 irecv 53 2100 200 0
49 irecv 45 2300 200 0
49 send 53 2300 40 0
49 send 45 2100 40 0
49 wait 54 50 2100
49 wait 46 50 2300
49 irecv 81 3100 200 0
49 irecv 17 3300 200 0
49 send 81 3300 60 0
49 send 17 3100 60 0
49 wait 82 50 3100
49 wait 18 50 3300
49 irecv 50 1100 200 0
49 irecv 48 1300 200 0
49 send 50 1300 16 0
49 send 48 1100 16 0
49 wait 51 50 1100
49 wait 49 50 1300
49 irecv 53 2100 200 0
49 irecv 45 2300 200 0
49 send 53 2300 40 0
49 send 45 2100 40 0
49 wait 54 50 2100
49 wait 46 50 2300
49 irecv 81 3100 200 0
49 irecv 17 3300 200 0
49 send 81 3300 60 0
49 send 17 3100 60 0
49 wait 82 50 3100
49 wait 18 50 3300
49 irecv 50 1100 200 0
49 irecv 48 1300 200 0
49 send 50 1300 16 0
49 send 48 1100 16 0
49 wait 51 50 1100
49 wait 49 50 1300
49 irecv 53 2100 200 0
49 irecv 45 2300 200 0
49 send 53 2300 40 0
49 send 45 2100 40 0
49 wait 54 50 2100
49 wait 46 50 2300
49 irecv 81 3100 200 0
49 irecv 17 3300 200 0
49 send 81 3300 60 0
49 send 17 3100 60 0
49 wait 82 50 3100
49 wait 18 50 3300
49 irecv 50 1100 200 0
49 irecv 48 1300 200 0
49 send 50 1300 4 0
49 send 48 1100 4 0
49 wait 51 50 1100
49 wait 49 50 1300
49 irecv 53 2100 200 0
49 irecv 45 2300 200 0
49 send 53 2300 12 0
49 send 45 2100 12 0
49 wait 54 50 2100
49 wait 46 50 2300
49 irecv 81 3100 200 0
49 irecv 17 3300 200 0
49 send 81 3300 24 0
49 send 17 3100 24 0
49 wait 82 50 3100
49 wait 18 50 3300
49 irecv 50 1100 200 0
49 irecv 48 1300 200 0
49 send 50 1300 1 0
49 send 48 1100 1 0
49 wait 51 50 1100
49 wait 49 50 1300
49 irecv 53 2100 200 0
49 irecv 45 2300 200 0
49 send 53 2300 4 0
49 send 45 2100 4 0
49 wait 54 50 2100
49 wait 46 50 2300
49 irecv 81 3100 200 0
49 irecv 17 3300 200 0
49 send 81 3300 12 0
49 send 17 3100 12 0
49 wait 82 50 3100
49 wait 18 50 3300
49 send 50 1300 12 0
49 send 48 1100 6 0
49 irecv 113 3100 200 0
49 irecv 241 3300 200 0
49 wait 114 50 3100
49 wait 242 50 3300
49 irecv 53 2100 200 0
49 irecv 45 2300 200 0
49 wait 54 50 2100
49 wait 46 50 2300
49 send 81 3300 24 0
49 send 17 3100 12 0
49 irecv 50 1100 200 0
49 irecv 48 1300 200 0
49 send 50 1300 1 0
49 send 48 1100 1 0
49 wait 51 50 1100
49 wait 49 50 1300
49 irecv 53 2100 200 0
49 irecv 45 2300 200 0
49 send 53 2300 4 0
49 send 45 2100 4 0
49 wait 54 50 2100
49 wait 46 50 2300
49 irecv 81 3100 200 0
49 irecv 17 3300 200 0
49 send 81 3300 12 0
49 send 17 3100 12 0
49 wait 82 50 3100
49 wait 18 50 3300
49 irecv 50 1100 200 0
49 irecv 48 1300 200 0
49 send 50 1300 1 0
49 send 48 1100 1 0
49 wait 51 50 1100
49 wait 49 50 1300
49 irecv 53 2100 200 0
49 irecv 45 2300 200 0
49 send 53 2300 4 0
49 send 45 2100 4 0
49 wait 54 50 2100
49 wait 46 50 2300
49 irecv 81 3100 200 0
49 irecv 17 3300 200 0
49 send 81 3300 12 0
49 send 17 3100 12 0
49 wait 82 50 3100
49 wait 18 50 3300
49 irecv 50 1100 200 0
49 irecv 48 1300 200 0
49 send 50 1300 4 0
49 send 48 1100 4 0
49 wait 51 50 1100
49 wait 49 50 1300
49 irecv 53 2100 200 0
49 irecv 45 2300 200 0
49 send 53 2300 12 0
49 send 45 2100 12 0
49 wait 54 50 2100
49 wait 46 50 2300
49 irecv 81 3100 200 0
49 irecv 17 3300 200 0
49 send 81 3300 24 0
49 send 17 3100 24 0
49 wait 82 50 3100
49 wait 18 50 3300
49 irecv 50 1100 200 0
49 irecv 48 1300 200 0
49 send 50 1300 4 0
49 send 48 1100 4 0
49 wait 51 50 1100
49 wait 49 50 1300
49 irecv 53 2100 200 0
49 irecv 45 2300 200 0
49 send 53 2300 12 0
49 send 45 2100 12 0
49 wait 54 50 2100
49 wait 46 50 2300
49 irecv 81 3100 200 0
49 irecv 17 3300 200 0
49 send 81 3300 24 0
49 send 17 3100 24 0
49 wait 82 50 3100
49 wait 18 50 3300
49 irecv 50 1100 200 0
49 irecv 48 1300 200 0
49 send 50 1300 16 0
49 send 48 1100 16 0
49 wait 51 50 1100
49 wait 49 50 1300
49 irecv 53 2100 200 0
49 irecv 45 2300 200 0
49 send 53 2300 40 0
49 send 45 2100 40 0
49 wait 54 50 2100
49 wait 46 50 2300
49 irecv 81 3100 200 0
49 irecv 17 3300 200 0
49 send 81 3300 60 0
49 send 17 3100 60 0
49 wait 82 50 3100
49 wait 18 50 3300
49 irecv 50 1100 200 0
49 irecv 48 1300 200 0
49 send 50 1300 16 0
49 send 48 1100 16 0
49 wait 51 50 1100
49 wait 49 50 1300
49 irecv 53 2100 200 0
49 irecv 45 2300 200 0
49 send 53 2300 40 0
49 send 45 2100 40 0
49 wait 54 50 2100
49 wait 46 50 2300
49 irecv 81 3100 200 0
49 irecv 17 3300 200 0
49 send 81 3300 60 0
49 send 17 3100 60 0
49 wait 82 50 3100
49 wait 18 50 3300
49 irecv 50 1100 200 0
49 irecv 48 1300 200 0
49 send 50 1300 16 0
49 send 48 1100 16 0
49 wait 51 50 1100
49 wait 49 50 1300
49 irecv 53 2100 200 0
49 irecv 45 2300 200 0
49 send 53 2300 40 0
49 send 45 2100 40 0
49 wait 54 50 2100
49 wait 46 50 2300
49 irecv 81 3100 200 0
49 irecv 17 3300 200 0
49 send 81 3300 60 0
49 send 17 3100 60 0
49 wait 82 50 3100
49 wait 18 50 3300
49 irecv 50 1100 200 0
49 irecv 48 1300 200 0
49 send 50 1300 4 0
49 send 48 1100 4 0
49 wait 51 50 1100
49 wait 49 50 1300
49 irecv 53 2100 200 0
49 irecv 45 2300 200 0
49 send 53 2300 12 0
49 send 45 2100 12 0
49 wait 54 50 2100
49 wait 46 50 2300
49 irecv 81 3100 200 0
49 irecv 17 3300 200 0
49 send 81 3300 24 0
49 send 17 3100 24 0
49 wait 82 50 3100
49 wait 18 50 3300
49 irecv 50 1100 200 0
49 irecv 48 1300 200 0
49 send 50 1300 1 0
49 send 48 1100 1 0
49 wait 51 50 1100
49 wait 49 50 1300
49 irecv 53 2100 200 0
49 irecv 45 2300 200 0
49 send 53 2300 4 0
49 send 45 2100 4 0
49 wait 54 50 2100
49 wait 46 50 2300
49 irecv 81 3100 200 0
49 irecv 17 3300 200 0
49 send 81 3300 12 0
49 send 17 3100 12 0
49 wait 82 50 3100
49 wait 18 50 3300
49 send 50 1300 12 0
49 send 48 1100 6 0
49 irecv 113 3100 200 0
49 irecv 241 3300 200 0
49 wait 114 50 3100
49 wait 242 50 3300
49 irecv 53 2100 200 0
49 irecv 45 2300 200 0
49 wait 54 50 2100
49 wait 46 50 2300
49 send 81 3300 24 0
49 send 17 3100 12 0
49 irecv 50 1100 200 0
49 irecv 48 1300 200 0
49 send 50 1300 1 0
49 send 48 1100 1 0
49 wait 51 50 1100
49 wait 49 50 1300
49 irecv 53 2100 200 0
49 irecv 45 2300 200 0
49 send 53 2300 4 0
49 send 45 2100 4 0
49 wait 54 50 2100
49 wait 46 50 2300
49 irecv 81 3100 200 0
49 irecv 17 3300 200 0
49 send 81 3300 12 0
49 send 17 3100 12 0
49 wait 82 50 3100
49 wait 18 50 3300
49 irecv 50 1100 200 0
49 irecv 48 1300 200 0
49 send 50 1300 1 0
49 send 48 1100 1 0
49 wait 51 50 1100
49 wait 49 50 1300
49 irecv 53 2100 200 0
49 irecv 45 2300 200 0
49 send 53 2300 4 0
49 send 45 2100 4 0
49 wait 54 50 2100
49 wait 46 50 2300
49 irecv 81 3100 200 0
49 irecv 17 3300 200 0
49 send 81 3300 12 0
49 send 17 3100 12 0
49 wait 82 50 3100
49 wait 18 50 3300
49 irecv 50 1100 200 0
49 irecv 48 1300 200 0
49 send 50 1300 4 0
49 send 48 1100 4 0
49 wait 51 50 1100
49 wait 49 50 1300
49 irecv 53 2100 200 0
49 irecv 45 2300 200 0
49 send 53 2300 12 0
49 send 45 2100 12 0
49 wait 54 50 2100
49 wait 46 50 2300
49 irecv 81 3100 200 0
49 irecv 17 3300 200 0
49 send 81 3300 24 0
49 send 17 3100 24 0
49 wait 82 50 3100
49 wait 18 50 3300
49 irecv 50 1100 200 0
49 irecv 48 1300 200 0
49 send 50 1300 4 0
49 send 48 1100 4 0
49 wait 51 50 1100
49 wait 49 50 1300
49 irecv 53 2100 200 0
49 irecv 45 2300 200 0
49 send 53 2300 12 0
49 send 45 2100 12 0
49 wait 54 50 2100
49 wait 46 50 2300
49 irecv 81 3100 200 0
49 irecv 17 3300 200 0
49 send 81 3300 24 0
49 send 17 3100 24 0
49 wait 82 50 3100
49 wait 18 50 3300
49 irecv 50 1100 200 0
49 irecv 48 1300 200 0
49 send 50 1300 16 0
49 send 48 1100 16 0
49 wait 51 50 1100
49 wait 49 50 1300
49 irecv 53 2100 200 0
49 irecv 45 2300 200 0
49 send 53 2300 40 0
49 send 45 2100 40 0
49 wait 54 50 2100
49 wait 46 50 2300
49 irecv 81 3100 200 0
49 irecv 17 3300 200 0
49 send 81 3300 60 0
49 send 17 3100 60 0
49 wait 82 50 3100
49 wait 18 50 3300
49 irecv 50 1100 200 0
49 irecv 48 1300 200 0
49 send 50 1300 16 0
49 send 48 1100 16 0
49 wait 51 50 1100
49 wait 49 50 1300
49 irecv 53 2100 200 0
49 irecv 45 2300 200 0
49 send 53 2300 40 0
49 send 45 2100 40 0
49 wait 54 50 2100
49 wait 46 50 2300
49 irecv 81 3100 200 0
49 irecv 17 3300 200 0
49 send 81 3300 60 0
49 send 17 3100 60 0
49 wait 82 50 3100
49 wait 18 50 3300
49 irecv 50 1100 200 0
49 irecv 48 1300 200 0
49 send 50 1300 16 0
49 send 48 1100 16 0
49 wait 51 50 1100
49 wait 49 50 1300
49 irecv 53 2100 200 0
49 irecv 45 2300 200 0
49 send 53 2300 40 0
49 send 45 2100 40 0
49 wait 54 50 2100
49 wait 46 50 2300
49 irecv 81 3100 200 0
49 irecv 17 3300 200 0
49 send 81 3300 60 0
49 send 17 3100 60 0
49 wait 82 50 3100
49 wait 18 50 3300
49 allreduce 1 0 0 
49 allreduce 1 0 0 
49 reduce 1 0 0 0 
49 finalize
