247 init
247 barrier
247 bcast 1 0 1 
247 bcast 1 0 1 
247 bcast 1 0 1 
247 bcast 1 0 1 
247 bcast 1 0 1 
247 bcast 8 0 1 
247 bcast 1 0 16 
247 barrier
247 allreduce 1 0 0 
247 allreduce 4 0 1 
247 allreduce 1 0 0 
247 allreduce 4 0 1 
247 allreduce 1 0 0 
247 allreduce 4 0 1 
247 allreduce 1 0 0 
247 allreduce 4 0 1 
247 allreduce 1 0 0 
247 allreduce 4 0 1 
247 allreduce 1 0 0 
247 allreduce 4 0 1 
247 allreduce 1 0 0 
247 allreduce 4 0 1 
247 allreduce 1 0 0 
247 allreduce 4 0 1 
247 allreduce 1 0 0 
247 allreduce 4 0 1 
247 allreduce 1 0 0 
247 allreduce 4 0 1 
247 allreduce 1 0 0 
247 allreduce 4 0 1 
247 allreduce 1 0 0 
247 allreduce 4 0 1 
247 allreduce 1 0 0 
247 allreduce 4 0 1 
247 allreduce 1 0 0 
247 allreduce 4 0 1 
247 allreduce 1 0 0 
247 allreduce 4 0 1 
247 allreduce 1 0 0 
247 allreduce 4 0 1 
247 allreduce 1 0 0 
247 allreduce 4 0 1 
247 allreduce 1 0 0 
247 allreduce 4 0 1 
247 allreduce 1 0 0 
247 allreduce 4 0 1 
247 allreduce 1 0 0 
247 allreduce 4 0 1 
247 barrier
247 irecv 244 1100 200 0
247 irecv 246 1300 200 0
247 send 244 1300 16 0
247 send 246 1100 16 0
247 wait 245 248 1100
247 wait 247 248 1300
247 irecv 251 2100 200 0
247 irecv 243 2300 200 0
247 send 251 2300 40 0
247 send 243 2100 40 0
247 wait 252 248 2100
247 wait 244 248 2300
247 irecv 23 3100 200 0
247 irecv 215 3300 200 0
247 send 23 3300 60 0
247 send 215 3100 60 0
247 wait 24 248 3100
247 wait 216 248 3300
247 allreduce 1 0 0 
247 allreduce 1 0 0 
247 irecv 244 1100 200 0
247 irecv 246 1300 200 0
247 send 244 1300 16 0
247 send 246 1100 16 0
247 wait 245 248 1100
247 wait 247 248 1300
247 irecv 251 2100 200 0
247 irecv 243 2300 200 0
247 send 251 2300 40 0
247 send 243 2100 40 0
247 wait 252 248 2100
247 wait 244 248 2300
247 irecv 23 3100 200 0
247 irecv 215 3300 200 0
247 send 23 3300 60 0
247 send 215 3100 60 0
247 wait 24 248 3100
247 wait 216 248 3300
247 allreduce 1 0 0 
247 allreduce 1 0 0 
247 irecv 244 1100 200 0
247 irecv 246 1300 200 0
247 send 244 1300 4 0
247 send 246 1100 4 0
247 wait 245 248 1100
247 wait 247 248 1300
247 irecv 251 2100 200 0
247 irecv 243 2300 200 0
247 send 251 2300 12 0
247 send 243 2100 12 0
247 wait 252 248 2100
247 wait 244 248 2300
247 irecv 23 3100 200 0
247 irecv 215 3300 200 0
247 send 23 3300 24 0
247 send 215 3100 24 0
247 wait 24 248 3100
247 wait 216 248 3300
247 irecv 244 1100 200 0
247 irecv 246 1300 200 0
247 send 244 1300 1 0
247 send 246 1100 1 0
247 wait 245 248 1100
247 wait 247 248 1300
247 irecv 251 2100 200 0
247 irecv 243 2300 200 0
247 send 251 2300 4 0
247 send 243 2100 4 0
247 wait 252 248 2100
247 wait 244 248 2300
247 irecv 23 3100 200 0
247 irecv 215 3300 200 0
247 send 23 3300 12 0
247 send 215 3100 12 0
247 wait 24 248 3100
247 wait 216 248 3300
247 irecv 244 1100 200 0
247 irecv 246 1300 200 0
247 send 244 1300 1 0
247 send 246 1100 1 0
247 wait 245 248 1100
247 wait 247 248 1300
247 irecv 255 2100 200 0
247 irecv 239 2300 200 0
247 send 255 2300 3 0
247 send 239 2100 3 0
247 wait 256 248 2100
247 wait 240 248 2300
247 irecv 55 3100 200 0
247 irecv 183 3300 200 0
247 send 55 3300 9 0
247 send 183 3100 9 0
247 wait 56 248 3100
247 wait 184 248 3300
247 send 244 1300 18 0
247 send 246 1100 9 0
247 irecv 255 2100 200 0
247 irecv 239 2300 200 0
247 wait 256 248 2100
247 wait 240 248 2300
247 send 55 3300 18 0
247 send 183 3100 9 0
247 irecv 244 1100 200 0
247 irecv 246 1300 200 0
247 send 244 1300 1 0
247 send 246 1100 1 0
247 wait 245 248 1100
247 wait 247 248 1300
247 irecv 255 2100 200 0
247 irecv 239 2300 200 0
247 send 255 2300 3 0
247 send 239 2100 3 0
247 wait 256 248 2100
247 wait 240 248 2300
247 irecv 55 3100 200 0
247 irecv 183 3300 200 0
247 send 55 3300 9 0
247 send 183 3100 9 0
247 wait 56 248 3100
247 wait 184 248 3300
247 irecv 244 1100 200 0
247 irecv 246 1300 200 0
247 send 244 1300 1 0
247 send 246 1100 1 0
247 wait 245 248 1100
247 wait 247 248 1300
247 irecv 255 2100 200 0
247 irecv 239 2300 200 0
247 send 255 2300 3 0
247 send 239 2100 3 0
247 wait 256 248 2100
247 wait 240 248 2300
247 irecv 55 3100 200 0
247 irecv 183 3300 200 0
247 send 55 3300 9 0
247 send 183 3100 9 0
247 wait 56 248 3100
247 wait 184 248 3300
247 send 251 2300 24 0
247 send 243 2100 12 0
247 send 23 3300 24 0
247 send 215 3100 12 0
247 irecv 244 1100 200 0
247 irecv 246 1300 200 0
247 send 244 1300 1 0
247 send 246 1100 1 0
247 wait 245 248 1100
247 wait 247 248 1300
247 irecv 251 2100 200 0
247 irecv 243 2300 200 0
247 send 251 2300 4 0
247 send 243 2100 4 0
247 wait 252 248 2100
247 wait 244 248 2300
247 irecv 23 3100 200 0
247 irecv 215 3300 200 0
247 send 23 3300 12 0
247 send 215 3100 12 0
247 wait 24 248 3100
247 wait 216 248 3300
247 irecv 244 1100 200 0
247 irecv 246 1300 200 0
247 send 244 1300 1 0
247 send 246 1100 1 0
247 wait 245 248 1100
247 wait 247 248 1300
247 irecv 251 2100 200 0
247 irecv 243 2300 200 0
247 send 251 2300 4 0
247 send 243 2100 4 0
247 wait 252 248 2100
247 wait 244 248 2300
247 irecv 23 3100 200 0
247 irecv 215 3300 200 0
247 send 23 3300 12 0
247 send 215 3100 12 0
247 wait 24 248 3100
247 wait 216 248 3300
247 irecv 244 1100 200 0
247 irecv 246 1300 200 0
247 send 244 1300 4 0
247 send 246 1100 4 0
247 wait 245 248 1100
247 wait 247 248 1300
247 irecv 251 2100 200 0
247 irecv 243 2300 200 0
247 send 251 2300 12 0
247 send 243 2100 12 0
247 wait 252 248 2100
247 wait 244 248 2300
247 irecv 23 3100 200 0
247 irecv 215 3300 200 0
247 send 23 3300 24 0
247 send 215 3100 24 0
247 wait 24 248 3100
247 wait 216 248 3300
247 irecv 244 1100 200 0
247 irecv 246 1300 200 0
247 send 244 1300 4 0
247 send 246 1100 4 0
247 wait 245 248 1100
247 wait 247 248 1300
247 irecv 251 2100 200 0
247 irecv 243 2300 200 0
247 send 251 2300 12 0
247 send 243 2100 12 0
247 wait 252 248 2100
247 wait 244 248 2300
247 irecv 23 3100 200 0
247 irecv 215 3300 200 0
247 send 23 3300 24 0
247 send 215 3100 24 0
247 wait 24 248 3100
247 wait 216 248 3300
247 irecv 244 1100 200 0
247 irecv 246 1300 200 0
247 send 244 1300 16 0
247 send 246 1100 16 0
247 wait 245 248 1100
247 wait 247 248 1300
247 irecv 251 2100 200 0
247 irecv 243 2300 200 0
247 send 251 2300 40 0
247 send 243 2100 40 0
247 wait 252 248 2100
247 wait 244 248 2300
247 irecv 23 3100 200 0
247 irecv 215 3300 200 0
247 send 23 3300 60 0
247 send 215 3100 60 0
247 wait 24 248 3100
247 wait 216 248 3300
247 irecv 244 1100 200 0
247 irecv 246 1300 200 0
247 send 244 1300 16 0
247 send 246 1100 16 0
247 wait 245 248 1100
247 wait 247 248 1300
247 irecv 251 2100 200 0
247 irecv 243 2300 200 0
247 send 251 2300 40 0
247 send 243 2100 40 0
247 wait 252 248 2100
247 wait 244 248 2300
247 irecv 23 3100 200 0
247 irecv 215 3300 200 0
247 send 23 3300 60 0
247 send 215 3100 60 0
247 wait 24 248 3100
247 wait 216 248 3300
247 irecv 244 1100 200 0
247 irecv 246 1300 200 0
247 send 244 1300 16 0
247 send 246 1100 16 0
247 wait 245 248 1100
247 wait 247 248 1300
247 irecv 251 2100 200 0
247 irecv 243 2300 200 0
247 send 251 2300 40 0
247 send 243 2100 40 0
247 wait 252 248 2100
247 wait 244 248 2300
247 irecv 23 3100 200 0
247 irecv 215 3300 200 0
247 send 23 3300 60 0
247 send 215 3100 60 0
247 wait 24 248 3100
247 wait 216 248 3300
247 barrier
247 allreduce 1 0 0 
247 allreduce 4 0 1 
247 allreduce 1 0 0 
247 allreduce 4 0 1 
247 allreduce 1 0 0 
247 allreduce 4 0 1 
247 allreduce 1 0 0 
247 allreduce 4 0 1 
247 allreduce 1 0 0 
247 allreduce 4 0 1 
247 allreduce 1 0 0 
247 allreduce 4 0 1 
247 allreduce 1 0 0 
247 allreduce 4 0 1 
247 allreduce 1 0 0 
247 allreduce 4 0 1 
247 allreduce 1 0 0 
247 allreduce 4 0 1 
247 allreduce 1 0 0 
247 allreduce 4 0 1 
247 allreduce 1 0 0 
247 allreduce 4 0 1 
247 allreduce 1 0 0 
247 allreduce 4 0 1 
247 allreduce 1 0 0 
247 allreduce 4 0 1 
247 allreduce 1 0 0 
247 allreduce 4 0 1 
247 allreduce 1 0 0 
247 allreduce 4 0 1 
247 allreduce 1 0 0 
247 allreduce 4 0 1 
247 allreduce 1 0 0 
247 allreduce 4 0 1 
247 allreduce 1 0 0 
247 allreduce 4 0 1 
247 allreduce 1 0 0 
247 allreduce 4 0 1 
247 allreduce 1 0 0 
247 allreduce 4 0 1 
247 barrier
247 irecv 244 1100 200 0
247 irecv 246 1300 200 0
247 send 244 1300 16 0
247 send 246 1100 16 0
247 wait 245 248 1100
247 wait 247 248 1300
247 irecv 251 2100 200 0
247 irecv 243 2300 200 0
247 send 251 2300 40 0
247 send 243 2100 40 0
247 wait 252 248 2100
247 wait 244 248 2300
247 irecv 23 3100 200 0
247 irecv 215 3300 200 0
247 send 23 3300 60 0
247 send 215 3100 60 0
247 wait 24 248 3100
247 wait 216 248 3300
247 barrier
247 irecv 244 1100 200 0
247 irecv 246 1300 200 0
247 send 244 1300 16 0
247 send 246 1100 16 0
247 wait 245 248 1100
247 wait 247 248 1300
247 irecv 251 2100 200 0
247 irecv 243 2300 200 0
247 send 251 2300 40 0
247 send 243 2100 40 0
247 wait 252 248 2100
247 wait 244 248 2300
247 irecv 23 3100 200 0
247 irecv 215 3300 200 0
247 send 23 3300 60 0
247 send 215 3100 60 0
247 wait 24 248 3100
247 wait 216 248 3300
247 allreduce 1 0 0 
247 allreduce 1 0 0 
247 irecv 244 1100 200 0
247 irecv 246 1300 200 0
247 send 244 1300 4 0
247 send 246 1100 4 0
247 wait 245 248 1100
247 wait 247 248 1300
247 irecv 251 2100 200 0
247 irecv 243 2300 200 0
247 send 251 2300 12 0
247 send 243 2100 12 0
247 wait 252 248 2100
247 wait 244 248 2300
247 irecv 23 3100 200 0
247 irecv 215 3300 200 0
247 send 23 3300 24 0
247 send 215 3100 24 0
247 wait 24 248 3100
247 wait 216 248 3300
247 irecv 244 1100 200 0
247 irecv 246 1300 200 0
247 send 244 1300 1 0
247 send 246 1100 1 0
247 wait 245 248 1100
247 wait 247 248 1300
247 irecv 251 2100 200 0
247 irecv 243 2300 200 0
247 send 251 2300 4 0
247 send 243 2100 4 0
247 wait 252 248 2100
247 wait 244 248 2300
247 irecv 23 3100 200 0
247 irecv 215 3300 200 0
247 send 23 3300 12 0
247 send 215 3100 12 0
247 wait 24 248 3100
247 wait 216 248 3300
247 irecv 244 1100 200 0
247 irecv 246 1300 200 0
247 send 244 1300 1 0
247 send 246 1100 1 0
247 wait 245 248 1100
247 wait 247 248 1300
247 irecv 255 2100 200 0
247 irecv 239 2300 200 0
247 send 255 2300 3 0
247 send 239 2100 3 0
247 wait 256 248 2100
247 wait 240 248 2300
247 irecv 55 3100 200 0
247 irecv 183 3300 200 0
247 send 55 3300 9 0
247 send 183 3100 9 0
247 wait 56 248 3100
247 wait 184 248 3300
247 send 244 1300 18 0
247 send 246 1100 9 0
247 irecv 255 2100 200 0
247 irecv 239 2300 200 0
247 wait 256 248 2100
247 wait 240 248 2300
247 send 55 3300 18 0
247 send 183 3100 9 0
247 irecv 244 1100 200 0
247 irecv 246 1300 200 0
247 send 244 1300 1 0
247 send 246 1100 1 0
247 wait 245 248 1100
247 wait 247 248 1300
247 irecv 255 2100 200 0
247 irecv 239 2300 200 0
247 send 255 2300 3 0
247 send 239 2100 3 0
247 wait 256 248 2100
247 wait 240 248 2300
247 irecv 55 3100 200 0
247 irecv 183 3300 200 0
247 send 55 3300 9 0
247 send 183 3100 9 0
247 wait 56 248 3100
247 wait 184 248 3300
247 irecv 244 1100 200 0
247 irecv 246 1300 200 0
247 send 244 1300 1 0
247 send 246 1100 1 0
247 wait 245 248 1100
247 wait 247 248 1300
247 irecv 255 2100 200 0
247 irecv 239 2300 200 0
247 send 255 2300 3 0
247 send 239 2100 3 0
247 wait 256 248 2100
247 wait 240 248 2300
247 irecv 55 3100 200 0
247 irecv 183 3300 200 0
247 send 55 3300 9 0
247 send 183 3100 9 0
247 wait 56 248 3100
247 wait 184 248 3300
247 send 251 2300 24 0
247 send 243 2100 12 0
247 send 23 3300 24 0
247 send 215 3100 12 0
247 irecv 244 1100 200 0
247 irecv 246 1300 200 0
247 send 244 1300 1 0
247 send 246 1100 1 0
247 wait 245 248 1100
247 wait 247 248 1300
247 irecv 251 2100 200 0
247 irecv 243 2300 200 0
247 send 251 2300 4 0
247 send 243 2100 4 0
247 wait 252 248 2100
247 wait 244 248 2300
247 irecv 23 3100 200 0
247 irecv 215 3300 200 0
247 send 23 3300 12 0
247 send 215 3100 12 0
247 wait 24 248 3100
247 wait 216 248 3300
247 irecv 244 1100 200 0
247 irecv 246 1300 200 0
247 send 244 1300 1 0
247 send 246 1100 1 0
247 wait 245 248 1100
247 wait 247 248 1300
247 irecv 251 2100 200 0
247 irecv 243 2300 200 0
247 send 251 2300 4 0
247 send 243 2100 4 0
247 wait 252 248 2100
247 wait 244 248 2300
247 irecv 23 3100 200 0
247 irecv 215 3300 200 0
247 send 23 3300 12 0
247 send 215 3100 12 0
247 wait 24 248 3100
247 wait 216 248 3300
247 irecv 244 1100 200 0
247 irecv 246 1300 200 0
247 send 244 1300 4 0
247 send 246 1100 4 0
247 wait 245 248 1100
247 wait 247 248 1300
247 irecv 251 2100 200 0
247 irecv 243 2300 200 0
247 send 251 2300 12 0
247 send 243 2100 12 0
247 wait 252 248 2100
247 wait 244 248 2300
247 irecv 23 3100 200 0
247 irecv 215 3300 200 0
247 send 23 3300 24 0
247 send 215 3100 24 0
247 wait 24 248 3100
247 wait 216 248 3300
247 irecv 244 1100 200 0
247 irecv 246 1300 200 0
247 send 244 1300 4 0
247 send 246 1100 4 0
247 wait 245 248 1100
247 wait 247 248 1300
247 irecv 251 2100 200 0
247 irecv 243 2300 200 0
247 send 251 2300 12 0
247 send 243 2100 12 0
247 wait 252 248 2100
247 wait 244 248 2300
247 irecv 23 3100 200 0
247 irecv 215 3300 200 0
247 send 23 3300 24 0
247 send 215 3100 24 0
247 wait 24 248 3100
247 wait 216 248 3300
247 irecv 244 1100 200 0
247 irecv 246 1300 200 0
247 send 244 1300 16 0
247 send 246 1100 16 0
247 wait 245 248 1100
247 wait 247 248 1300
247 irecv 251 2100 200 0
247 irecv 243 2300 200 0
247 send 251 2300 40 0
247 send 243 2100 40 0
247 wait 252 248 2100
247 wait 244 248 2300
247 irecv 23 3100 200 0
247 irecv 215 3300 200 0
247 send 23 3300 60 0
247 send 215 3100 60 0
247 compute 312.5
247 wait 24 248 3100
247 wait 216 248 3300
247 irecv 244 1100 200 0
247 irecv 246 1300 200 0
247 send 244 1300 16 0
247 send 246 1100 16 0
247 wait 245 248 1100
247 wait 247 248 1300
247 irecv 251 2100 200 0
247 irecv 243 2300 200 0
247 send 251 2300 40 0
247 send 243 2100 40 0
247 wait 252 248 2100
247 wait 244 248 2300
247 irecv 23 3100 200 0
247 irecv 215 3300 200 0
247 send 23 3300 60 0
247 send 215 3100 60 0
247 wait 24 248 3100
247 wait 216 248 3300
247 irecv 244 1100 200 0
247 irecv 246 1300 200 0
247 send 244 1300 16 0
247 send 246 1100 16 0
247 wait 245 248 1100
247 wait 247 248 1300
247 irecv 251 2100 200 0
247 irecv 243 2300 200 0
247 send 251 2300 40 0
247 send 243 2100 40 0
247 wait 252 248 2100
247 wait 244 248 2300
247 irecv 23 3100 200 0
247 irecv 215 3300 200 0
247 send 23 3300 60 0
247 send 215 3100 60 0
247 wait 24 248 3100
247 wait 216 248 3300
247 irecv 244 1100 200 0
247 irecv 246 1300 200 0
247 send 244 1300 4 0
247 send 246 1100 4 0
247 wait 245 248 1100
247 wait 247 248 1300
247 irecv 251 2100 200 0
247 irecv 243 2300 200 0
247 send 251 2300 12 0
247 send 243 2100 12 0
247 wait 252 248 2100
247 wait 244 248 2300
247 irecv 23 3100 200 0
247 irecv 215 3300 200 0
247 send 23 3300 24 0
247 send 215 3100 24 0
247 wait 24 248 3100
247 wait 216 248 3300
247 irecv 244 1100 200 0
247 irecv 246 1300 200 0
247 send 244 1300 1 0
247 send 246 1100 1 0
247 wait 245 248 1100
247 wait 247 248 1300
247 irecv 251 2100 200 0
247 irecv 243 2300 200 0
247 send 251 2300 4 0
247 send 243 2100 4 0
247 wait 252 248 2100
247 wait 244 248 2300
247 irecv 23 3100 200 0
247 irecv 215 3300 200 0
247 send 23 3300 12 0
247 send 215 3100 12 0
247 wait 24 248 3100
247 wait 216 248 3300
247 irecv 244 1100 200 0
247 irecv 246 1300 200 0
247 send 244 1300 1 0
247 send 246 1100 1 0
247 wait 245 248 1100
247 wait 247 248 1300
247 irecv 255 2100 200 0
247 irecv 239 2300 200 0
247 send 255 2300 3 0
247 send 239 2100 3 0
247 wait 256 248 2100
247 wait 240 248 2300
247 irecv 55 3100 200 0
247 irecv 183 3300 200 0
247 send 55 3300 9 0
247 send 183 3100 9 0
247 wait 56 248 3100
247 wait 184 248 3300
247 send 244 1300 18 0
247 send 246 1100 9 0
247 irecv 255 2100 200 0
247 irecv 239 2300 200 0
247 wait 256 248 2100
247 wait 240 248 2300
247 send 55 3300 18 0
247 send 183 3100 9 0
247 irecv 244 1100 200 0
247 irecv 246 1300 200 0
247 send 244 1300 1 0
247 send 246 1100 1 0
247 wait 245 248 1100
247 wait 247 248 1300
247 irecv 255 2100 200 0
247 irecv 239 2300 200 0
247 send 255 2300 3 0
247 send 239 2100 3 0
247 wait 256 248 2100
247 wait 240 248 2300
247 irecv 55 3100 200 0
247 irecv 183 3300 200 0
247 send 55 3300 9 0
247 send 183 3100 9 0
247 wait 56 248 3100
247 wait 184 248 3300
247 irecv 244 1100 200 0
247 irecv 246 1300 200 0
247 send 244 1300 1 0
247 send 246 1100 1 0
247 wait 245 248 1100
247 wait 247 248 1300
247 irecv 255 2100 200 0
247 irecv 239 2300 200 0
247 send 255 2300 3 0
247 send 239 2100 3 0
247 wait 256 248 2100
247 wait 240 248 2300
247 irecv 55 3100 200 0
247 irecv 183 3300 200 0
247 send 55 3300 9 0
247 send 183 3100 9 0
247 wait 56 248 3100
247 wait 184 248 3300
247 send 251 2300 24 0
247 send 243 2100 12 0
247 send 23 3300 24 0
247 send 215 3100 12 0
247 irecv 244 1100 200 0
247 irecv 246 1300 200 0
247 send 244 1300 1 0
247 send 246 1100 1 0
247 wait 245 248 1100
247 wait 247 248 1300
247 irecv 251 2100 200 0
247 irecv 243 2300 200 0
247 send 251 2300 4 0
247 send 243 2100 4 0
247 wait 252 248 2100
247 wait 244 248 2300
247 irecv 23 3100 200 0
247 irecv 215 3300 200 0
247 send 23 3300 12 0
247 send 215 3100 12 0
247 wait 24 248 3100
247 wait 216 248 3300
247 irecv 244 1100 200 0
247 irecv 246 1300 200 0
247 send 244 1300 1 0
247 send 246 1100 1 0
247 wait 245 248 1100
247 wait 247 248 1300
247 irecv 251 2100 200 0
247 irecv 243 2300 200 0
247 send 251 2300 4 0
247 send 243 2100 4 0
247 wait 252 248 2100
247 wait 244 248 2300
247 irecv 23 3100 200 0
247 irecv 215 3300 200 0
247 send 23 3300 12 0
247 send 215 3100 12 0
247 wait 24 248 3100
247 wait 216 248 3300
247 irecv 244 1100 200 0
247 irecv 246 1300 200 0
247 send 244 1300 4 0
247 send 246 1100 4 0
247 wait 245 248 1100
247 wait 247 248 1300
247 irecv 251 2100 200 0
247 irecv 243 2300 200 0
247 send 251 2300 12 0
247 send 243 2100 12 0
247 wait 252 248 2100
247 wait 244 248 2300
247 irecv 23 3100 200 0
247 irecv 215 3300 200 0
247 send 23 3300 24 0
247 send 215 3100 24 0
247 wait 24 248 3100
247 wait 216 248 3300
247 irecv 244 1100 200 0
247 irecv 246 1300 200 0
247 send 244 1300 4 0
247 send 246 1100 4 0
247 wait 245 248 1100
247 wait 247 248 1300
247 irecv 251 2100 200 0
247 irecv 243 2300 200 0
247 send 251 2300 12 0
247 send 243 2100 12 0
247 wait 252 248 2100
247 wait 244 248 2300
247 irecv 23 3100 200 0
247 irecv 215 3300 200 0
247 send 23 3300 24 0
247 send 215 3100 24 0
247 wait 24 248 3100
247 wait 216 248 3300
247 irecv 244 1100 200 0
247 irecv 246 1300 200 0
247 send 244 1300 16 0
247 send 246 1100 16 0
247 wait 245 248 1100
247 wait 247 248 1300
247 irecv 251 2100 200 0
247 irecv 243 2300 200 0
247 send 251 2300 40 0
247 send 243 2100 40 0
247 wait 252 248 2100
247 wait 244 248 2300
247 irecv 23 3100 200 0
247 irecv 215 3300 200 0
247 send 23 3300 60 0
247 send 215 3100 60 0
247 wait 24 248 3100
247 wait 216 248 3300
247 irecv 244 1100 200 0
247 irecv 246 1300 200 0
247 send 244 1300 16 0
247 send 246 1100 16 0
247 wait 245 248 1100
247 wait 247 248 1300
247 irecv 251 2100 200 0
247 irecv 243 2300 200 0
247 send 251 2300 40 0
247 send 243 2100 40 0
247 wait 252 248 2100
247 wait 244 248 2300
247 irecv 23 3100 200 0
247 irecv 215 3300 200 0
247 send 23 3300 60 0
247 send 215 3100 60 0
247 wait 24 248 3100
247 wait 216 248 3300
247 irecv 244 1100 200 0
247 irecv 246 1300 200 0
247 send 244 1300 16 0
247 send 246 1100 16 0
247 wait 245 248 1100
247 wait 247 248 1300
247 irecv 251 2100 200 0
247 irecv 243 2300 200 0
247 send 251 2300 40 0
247 send 243 2100 40 0
247 wait 252 248 2100
247 wait 244 248 2300
247 irecv 23 3100 200 0
247 irecv 215 3300 200 0
247 send 23 3300 60 0
247 send 215 3100 60 0
247 wait 24 248 3100
247 wait 216 248 3300
247 irecv 244 1100 200 0
247 irecv 246 1300 200 0
247 send 244 1300 4 0
247 send 246 1100 4 0
247 wait 245 248 1100
247 wait 247 248 1300
247 irecv 251 2100 200 0
247 irecv 243 2300 200 0
247 send 251 2300 12 0
247 send 243 2100 12 0
247 wait 252 248 2100
247 wait 244 248 2300
247 irecv 23 3100 200 0
247 irecv 215 3300 200 0
247 send 23 3300 24 0
247 send 215 3100 24 0
247 wait 24 248 3100
247 wait 216 248 3300
247 irecv 244 1100 200 0
247 irecv 246 1300 200 0
247 send 244 1300 1 0
247 send 246 1100 1 0
247 wait 245 248 1100
247 wait 247 248 1300
247 irecv 251 2100 200 0
247 irecv 243 2300 200 0
247 send 251 2300 4 0
247 send 243 2100 4 0
247 wait 252 248 2100
247 wait 244 248 2300
247 irecv 23 3100 200 0
247 irecv 215 3300 200 0
247 send 23 3300 12 0
247 send 215 3100 12 0
247 wait 24 248 3100
247 wait 216 248 3300
247 irecv 244 1100 200 0
247 irecv 246 1300 200 0
247 send 244 1300 1 0
247 send 246 1100 1 0
247 wait 245 248 1100
247 wait 247 248 1300
247 irecv 255 2100 200 0
247 irecv 239 2300 200 0
247 send 255 2300 3 0
247 send 239 2100 3 0
247 wait 256 248 2100
247 wait 240 248 2300
247 irecv 55 3100 200 0
247 irecv 183 3300 200 0
247 send 55 3300 9 0
247 send 183 3100 9 0
247 wait 56 248 3100
247 wait 184 248 3300
247 send 244 1300 18 0
247 send 246 1100 9 0
247 irecv 255 2100 200 0
247 irecv 239 2300 200 0
247 wait 256 248 2100
247 wait 240 248 2300
247 send 55 3300 18 0
247 send 183 3100 9 0
247 irecv 244 1100 200 0
247 irecv 246 1300 200 0
247 send 244 1300 1 0
247 send 246 1100 1 0
247 wait 245 248 1100
247 wait 247 248 1300
247 irecv 255 2100 200 0
247 irecv 239 2300 200 0
247 send 255 2300 3 0
247 send 239 2100 3 0
247 wait 256 248 2100
247 wait 240 248 2300
247 irecv 55 3100 200 0
247 irecv 183 3300 200 0
247 send 55 3300 9 0
247 send 183 3100 9 0
247 wait 56 248 3100
247 wait 184 248 3300
247 irecv 244 1100 200 0
247 irecv 246 1300 200 0
247 send 244 1300 1 0
247 send 246 1100 1 0
247 wait 245 248 1100
247 wait 247 248 1300
247 irecv 255 2100 200 0
247 irecv 239 2300 200 0
247 send 255 2300 3 0
247 send 239 2100 3 0
247 wait 256 248 2100
247 wait 240 248 2300
247 irecv 55 3100 200 0
247 irecv 183 3300 200 0
247 send 55 3300 9 0
247 send 183 3100 9 0
247 wait 56 248 3100
247 wait 184 248 3300
247 send 251 2300 24 0
247 send 243 2100 12 0
247 send 23 3300 24 0
247 send 215 3100 12 0
247 irecv 244 1100 200 0
247 irecv 246 1300 200 0
247 send 244 1300 1 0
247 send 246 1100 1 0
247 wait 245 248 1100
247 wait 247 248 1300
247 irecv 251 2100 200 0
247 irecv 243 2300 200 0
247 send 251 2300 4 0
247 send 243 2100 4 0
247 wait 252 248 2100
247 wait 244 248 2300
247 irecv 23 3100 200 0
247 irecv 215 3300 200 0
247 send 23 3300 12 0
247 send 215 3100 12 0
247 wait 24 248 3100
247 wait 216 248 3300
247 irecv 244 1100 200 0
247 irecv 246 1300 200 0
247 send 244 1300 1 0
247 send 246 1100 1 0
247 wait 245 248 1100
247 wait 247 248 1300
247 irecv 251 2100 200 0
247 irecv 243 2300 200 0
247 send 251 2300 4 0
247 send 243 2100 4 0
247 wait 252 248 2100
247 wait 244 248 2300
247 irecv 23 3100 200 0
247 irecv 215 3300 200 0
247 send 23 3300 12 0
247 send 215 3100 12 0
247 wait 24 248 3100
247 wait 216 248 3300
247 irecv 244 1100 200 0
247 irecv 246 1300 200 0
247 send 244 1300 4 0
247 send 246 1100 4 0
247 wait 245 248 1100
247 wait 247 248 1300
247 irecv 251 2100 200 0
247 irecv 243 2300 200 0
247 send 251 2300 12 0
247 send 243 2100 12 0
247 wait 252 248 2100
247 wait 244 248 2300
247 irecv 23 3100 200 0
247 irecv 215 3300 200 0
247 send 23 3300 24 0
247 send 215 3100 24 0
247 wait 24 248 3100
247 wait 216 248 3300
247 irecv 244 1100 200 0
247 irecv 246 1300 200 0
247 send 244 1300 4 0
247 send 246 1100 4 0
247 wait 245 248 1100
247 wait 247 248 1300
247 irecv 251 2100 200 0
247 irecv 243 2300 200 0
247 send 251 2300 12 0
247 send 243 2100 12 0
247 wait 252 248 2100
247 wait 244 248 2300
247 irecv 23 3100 200 0
247 irecv 215 3300 200 0
247 send 23 3300 24 0
247 send 215 3100 24 0
247 wait 24 248 3100
247 wait 216 248 3300
247 irecv 244 1100 200 0
247 irecv 246 1300 200 0
247 send 244 1300 16 0
247 send 246 1100 16 0
247 wait 245 248 1100
247 wait 247 248 1300
247 irecv 251 2100 200 0
247 irecv 243 2300 200 0
247 send 251 2300 40 0
247 send 243 2100 40 0
247 wait 252 248 2100
247 wait 244 248 2300
247 irecv 23 3100 200 0
247 irecv 215 3300 200 0
247 send 23 3300 60 0
247 send 215 3100 60 0
247 wait 24 248 3100
247 wait 216 248 3300
247 irecv 244 1100 200 0
247 irecv 246 1300 200 0
247 send 244 1300 16 0
247 send 246 1100 16 0
247 wait 245 248 1100
247 wait 247 248 1300
247 irecv 251 2100 200 0
247 irecv 243 2300 200 0
247 send 251 2300 40 0
247 send 243 2100 40 0
247 wait 252 248 2100
247 wait 244 248 2300
247 irecv 23 3100 200 0
247 irecv 215 3300 200 0
247 send 23 3300 60 0
247 send 215 3100 60 0
247 wait 24 248 3100
247 wait 216 248 3300
247 irecv 244 1100 200 0
247 irecv 246 1300 200 0
247 send 244 1300 16 0
247 send 246 1100 16 0
247 wait 245 248 1100
247 wait 247 248 1300
247 irecv 251 2100 200 0
247 irecv 243 2300 200 0
247 send 251 2300 40 0
247 send 243 2100 40 0
247 wait 252 248 2100
247 wait 244 248 2300
247 irecv 23 3100 200 0
247 irecv 215 3300 200 0
247 send 23 3300 60 0
247 send 215 3100 60 0
247 wait 24 248 3100
247 wait 216 248 3300
247 irecv 244 1100 200 0
247 irecv 246 1300 200 0
247 send 244 1300 4 0
247 send 246 1100 4 0
247 wait 245 248 1100
247 wait 247 248 1300
247 irecv 251 2100 200 0
247 irecv 243 2300 200 0
247 send 251 2300 12 0
247 send 243 2100 12 0
247 wait 252 248 2100
247 wait 244 248 2300
247 irecv 23 3100 200 0
247 irecv 215 3300 200 0
247 send 23 3300 24 0
247 send 215 3100 24 0
247 wait 24 248 3100
247 wait 216 248 3300
247 irecv 244 1100 200 0
247 irecv 246 1300 200 0
247 send 244 1300 1 0
247 send 246 1100 1 0
247 wait 245 248 1100
247 wait 247 248 1300
247 irecv 251 2100 200 0
247 irecv 243 2300 200 0
247 send 251 2300 4 0
247 send 243 2100 4 0
247 wait 252 248 2100
247 wait 244 248 2300
247 irecv 23 3100 200 0
247 irecv 215 3300 200 0
247 send 23 3300 12 0
247 send 215 3100 12 0
247 wait 24 248 3100
247 wait 216 248 3300
247 irecv 244 1100 200 0
247 irecv 246 1300 200 0
247 send 244 1300 1 0
247 send 246 1100 1 0
247 wait 245 248 1100
247 wait 247 248 1300
247 irecv 255 2100 200 0
247 irecv 239 2300 200 0
247 send 255 2300 3 0
247 send 239 2100 3 0
247 wait 256 248 2100
247 wait 240 248 2300
247 irecv 55 3100 200 0
247 irecv 183 3300 200 0
247 send 55 3300 9 0
247 send 183 3100 9 0
247 wait 56 248 3100
247 wait 184 248 3300
247 send 244 1300 18 0
247 send 246 1100 9 0
247 irecv 255 2100 200 0
247 irecv 239 2300 200 0
247 wait 256 248 2100
247 wait 240 248 2300
247 send 55 3300 18 0
247 send 183 3100 9 0
247 irecv 244 1100 200 0
247 irecv 246 1300 200 0
247 send 244 1300 1 0
247 send 246 1100 1 0
247 wait 245 248 1100
247 wait 247 248 1300
247 irecv 255 2100 200 0
247 irecv 239 2300 200 0
247 send 255 2300 3 0
247 send 239 2100 3 0
247 wait 256 248 2100
247 wait 240 248 2300
247 irecv 55 3100 200 0
247 irecv 183 3300 200 0
247 send 55 3300 9 0
247 send 183 3100 9 0
247 wait 56 248 3100
247 wait 184 248 3300
247 irecv 244 1100 200 0
247 irecv 246 1300 200 0
247 send 244 1300 1 0
247 send 246 1100 1 0
247 wait 245 248 1100
247 wait 247 248 1300
247 irecv 255 2100 200 0
247 irecv 239 2300 200 0
247 send 255 2300 3 0
247 send 239 2100 3 0
247 wait 256 248 2100
247 wait 240 248 2300
247 irecv 55 3100 200 0
247 irecv 183 3300 200 0
247 send 55 3300 9 0
247 send 183 3100 9 0
247 wait 56 248 3100
247 wait 184 248 3300
247 send 251 2300 24 0
247 send 243 2100 12 0
247 send 23 3300 24 0
247 send 215 3100 12 0
247 irecv 244 1100 200 0
247 irecv 246 1300 200 0
247 send 244 1300 1 0
247 send 246 1100 1 0
247 wait 245 248 1100
247 wait 247 248 1300
247 irecv 251 2100 200 0
247 irecv 243 2300 200 0
247 send 251 2300 4 0
247 send 243 2100 4 0
247 wait 252 248 2100
247 wait 244 248 2300
247 irecv 23 3100 200 0
247 irecv 215 3300 200 0
247 send 23 3300 12 0
247 send 215 3100 12 0
247 wait 24 248 3100
247 wait 216 248 3300
247 irecv 244 1100 200 0
247 irecv 246 1300 200 0
247 send 244 1300 1 0
247 send 246 1100 1 0
247 wait 245 248 1100
247 wait 247 248 1300
247 irecv 251 2100 200 0
247 irecv 243 2300 200 0
247 send 251 2300 4 0
247 send 243 2100 4 0
247 wait 252 248 2100
247 wait 244 248 2300
247 irecv 23 3100 200 0
247 irecv 215 3300 200 0
247 send 23 3300 12 0
247 send 215 3100 12 0
247 wait 24 248 3100
247 wait 216 248 3300
247 irecv 244 1100 200 0
247 irecv 246 1300 200 0
247 send 244 1300 4 0
247 send 246 1100 4 0
247 wait 245 248 1100
247 wait 247 248 1300
247 irecv 251 2100 200 0
247 irecv 243 2300 200 0
247 send 251 2300 12 0
247 send 243 2100 12 0
247 wait 252 248 2100
247 wait 244 248 2300
247 irecv 23 3100 200 0
247 irecv 215 3300 200 0
247 send 23 3300 24 0
247 send 215 3100 24 0
247 wait 24 248 3100
247 wait 216 248 3300
247 irecv 244 1100 200 0
247 irecv 246 1300 200 0
247 send 244 1300 4 0
247 send 246 1100 4 0
247 wait 245 248 1100
247 wait 247 248 1300
247 irecv 251 2100 200 0
247 irecv 243 2300 200 0
247 send 251 2300 12 0
247 send 243 2100 12 0
247 wait 252 248 2100
247 wait 244 248 2300
247 irecv 23 3100 200 0
247 irecv 215 3300 200 0
247 send 23 3300 24 0
247 send 215 3100 24 0
247 wait 24 248 3100
247 wait 216 248 3300
247 irecv 244 1100 200 0
247 irecv 246 1300 200 0
247 send 244 1300 16 0
247 send 246 1100 16 0
247 wait 245 248 1100
247 wait 247 248 1300
247 irecv 251 2100 200 0
247 irecv 243 2300 200 0
247 send 251 2300 40 0
247 send 243 2100 40 0
247 wait 252 248 2100
247 wait 244 248 2300
247 irecv 23 3100 200 0
247 irecv 215 3300 200 0
247 send 23 3300 60 0
247 send 215 3100 60 0
247 wait 24 248 3100
247 wait 216 248 3300
247 irecv 244 1100 200 0
247 irecv 246 1300 200 0
247 send 244 1300 16 0
247 send 246 1100 16 0
247 wait 245 248 1100
247 wait 247 248 1300
247 irecv 251 2100 200 0
247 irecv 243 2300 200 0
247 send 251 2300 40 0
247 send 243 2100 40 0
247 wait 252 248 2100
247 wait 244 248 2300
247 irecv 23 3100 200 0
247 irecv 215 3300 200 0
247 send 23 3300 60 0
247 send 215 3100 60 0
247 wait 24 248 3100
247 wait 216 248 3300
247 irecv 244 1100 200 0
247 irecv 246 1300 200 0
247 send 244 1300 16 0
247 send 246 1100 16 0
247 wait 245 248 1100
247 wait 247 248 1300
247 irecv 251 2100 200 0
247 irecv 243 2300 200 0
247 send 251 2300 40 0
247 send 243 2100 40 0
247 wait 252 248 2100
247 wait 244 248 2300
247 irecv 23 3100 200 0
247 irecv 215 3300 200 0
247 send 23 3300 60 0
247 send 215 3100 60 0
247 wait 24 248 3100
247 wait 216 248 3300
247 allreduce 1 0 0 
247 allreduce 1 0 0 
247 reduce 1 0 0 0 
247 finalize
