221 init
221 barrier
221 bcast 1 0 1 
221 bcast 1 0 1 
221 bcast 1 0 1 
221 bcast 1 0 1 
221 bcast 1 0 1 
221 bcast 8 0 1 
221 bcast 1 0 16 
221 barrier
221 allreduce 1 0 0 
221 allreduce 4 0 1 
221 allreduce 1 0 0 
221 allreduce 4 0 1 
221 allreduce 1 0 0 
221 allreduce 4 0 1 
221 allreduce 1 0 0 
221 allreduce 4 0 1 
221 allreduce 1 0 0 
221 allreduce 4 0 1 
221 allreduce 1 0 0 
221 allreduce 4 0 1 
221 allreduce 1 0 0 
221 allreduce 4 0 1 
221 allreduce 1 0 0 
221 allreduce 4 0 1 
221 allreduce 1 0 0 
221 allreduce 4 0 1 
221 allreduce 1 0 0 
221 allreduce 4 0 1 
221 allreduce 1 0 0 
221 allreduce 4 0 1 
221 allreduce 1 0 0 
221 allreduce 4 0 1 
221 allreduce 1 0 0 
221 allreduce 4 0 1 
221 allreduce 1 0 0 
221 allreduce 4 0 1 
221 allreduce 1 0 0 
221 allreduce 4 0 1 
221 allreduce 1 0 0 
221 allreduce 4 0 1 
221 allreduce 1 0 0 
221 allreduce 4 0 1 
221 allreduce 1 0 0 
221 allreduce 4 0 1 
221 allreduce 1 0 0 
221 allreduce 4 0 1 
221 allreduce 1 0 0 
221 allreduce 4 0 1 
221 barrier
221 irecv 222 1100 200 0
221 irecv 220 1300 200 0
221 send 222 1300 16 0
221 send 220 1100 16 0
221 wait 223 222 1100
221 wait 221 222 1300
221 irecv 193 2100 200 0
221 irecv 217 2300 200 0
221 send 193 2300 40 0
221 send 217 2100 40 0
221 wait 194 222 2100
221 wait 218 222 2300
221 irecv 253 3100 200 0
221 irecv 189 3300 200 0
221 send 253 3300 60 0
221 send 189 3100 60 0
221 wait 254 222 3100
221 wait 190 222 3300
221 allreduce 1 0 0 
221 allreduce 1 0 0 
221 irecv 222 1100 200 0
221 irecv 220 1300 200 0
221 send 222 1300 16 0
221 send 220 1100 16 0
221 wait 223 222 1100
221 wait 221 222 1300
221 irecv 193 2100 200 0
221 irecv 217 2300 200 0
221 send 193 2300 40 0
221 send 217 2100 40 0
221 wait 194 222 2100
221 wait 218 222 2300
221 irecv 253 3100 200 0
221 irecv 189 3300 200 0
221 send 253 3300 60 0
221 send 189 3100 60 0
221 wait 254 222 3100
221 wait 190 222 3300
221 allreduce 1 0 0 
221 allreduce 1 0 0 
221 irecv 222 1100 200 0
221 irecv 220 1300 200 0
221 send 222 1300 4 0
221 send 220 1100 4 0
221 wait 223 222 1100
221 wait 221 222 1300
221 irecv 193 2100 200 0
221 irecv 217 2300 200 0
221 send 193 2300 12 0
221 send 217 2100 12 0
221 wait 194 222 2100
221 wait 218 222 2300
221 irecv 253 3100 200 0
221 irecv 189 3300 200 0
221 send 253 3300 24 0
221 send 189 3100 24 0
221 wait 254 222 3100
221 wait 190 222 3300
221 irecv 222 1100 200 0
221 irecv 220 1300 200 0
221 send 222 1300 1 0
221 send 220 1100 1 0
221 wait 223 222 1100
221 wait 221 222 1300
221 irecv 193 2100 200 0
221 irecv 217 2300 200 0
221 send 193 2300 4 0
221 send 217 2100 4 0
221 wait 194 222 2100
221 wait 218 222 2300
221 irecv 253 3100 200 0
221 irecv 189 3300 200 0
221 send 253 3300 12 0
221 send 189 3100 12 0
221 wait 254 222 3100
221 wait 190 222 3300
221 send 222 1300 12 0
221 send 220 1100 6 0
221 send 197 2300 12 0
221 send 213 2100 6 0
221 send 193 2300 24 0
221 send 217 2100 12 0
221 irecv 253 3100 200 0
221 irecv 189 3300 200 0
221 wait 254 222 3100
221 wait 190 222 3300
221 irecv 222 1100 200 0
221 irecv 220 1300 200 0
221 send 222 1300 1 0
221 send 220 1100 1 0
221 wait 223 222 1100
221 wait 221 222 1300
221 irecv 193 2100 200 0
221 irecv 217 2300 200 0
221 send 193 2300 4 0
221 send 217 2100 4 0
221 wait 194 222 2100
221 wait 218 222 2300
221 irecv 253 3100 200 0
221 irecv 189 3300 200 0
221 send 253 3300 12 0
221 send 189 3100 12 0
221 wait 254 222 3100
221 wait 190 222 3300
221 irecv 222 1100 200 0
221 irecv 220 1300 200 0
221 send 222 1300 1 0
221 send 220 1100 1 0
221 wait 223 222 1100
221 wait 221 222 1300
221 irecv 193 2100 200 0
221 irecv 217 2300 200 0
221 send 193 2300 4 0
221 send 217 2100 4 0
221 wait 194 222 2100
221 wait 218 222 2300
221 irecv 253 3100 200 0
221 irecv 189 3300 200 0
221 send 253 3300 12 0
221 send 189 3100 12 0
221 wait 254 222 3100
221 wait 190 222 3300
221 irecv 222 1100 200 0
221 irecv 220 1300 200 0
221 send 222 1300 4 0
221 send 220 1100 4 0
221 wait 223 222 1100
221 wait 221 222 1300
221 irecv 193 2100 200 0
221 irecv 217 2300 200 0
221 send 193 2300 12 0
221 send 217 2100 12 0
221 wait 194 222 2100
221 wait 218 222 2300
221 irecv 253 3100 200 0
221 irecv 189 3300 200 0
221 send 253 3300 24 0
221 send 189 3100 24 0
221 wait 254 222 3100
221 wait 190 222 3300
221 irecv 222 1100 200 0
221 irecv 220 1300 200 0
221 send 222 1300 4 0
221 send 220 1100 4 0
221 wait 223 222 1100
221 wait 221 222 1300
221 irecv 193 2100 200 0
221 irecv 217 2300 200 0
221 send 193 2300 12 0
221 send 217 2100 12 0
221 wait 194 222 2100
221 wait 218 222 2300
221 irecv 253 3100 200 0
221 irecv 189 3300 200 0
221 send 253 3300 24 0
221 send 189 3100 24 0
221 wait 254 222 3100
221 wait 190 222 3300
221 irecv 222 1100 200 0
221 irecv 220 1300 200 0
221 send 222 1300 16 0
221 send 220 1100 16 0
221 wait 223 222 1100
221 wait 221 222 1300
221 irecv 193 2100 200 0
221 irecv 217 2300 200 0
221 send 193 2300 40 0
221 send 217 2100 40 0
221 wait 194 222 2100
221 wait 218 222 2300
221 irecv 253 3100 200 0
221 irecv 189 3300 200 0
221 send 253 3300 60 0
221 send 189 3100 60 0
221 wait 254 222 3100
221 wait 190 222 3300
221 irecv 222 1100 200 0
221 irecv 220 1300 200 0
221 send 222 1300 16 0
221 send 220 1100 16 0
221 wait 223 222 1100
221 wait 221 222 1300
221 irecv 193 2100 200 0
221 irecv 217 2300 200 0
221 send 193 2300 40 0
221 send 217 2100 40 0
221 wait 194 222 2100
221 wait 218 222 2300
221 irecv 253 3100 200 0
221 irecv 189 3300 200 0
221 send 253 3300 60 0
221 send 189 3100 60 0
221 wait 254 222 3100
221 wait 190 222 3300
221 irecv 222 1100 200 0
221 irecv 220 1300 200 0
221 send 222 1300 16 0
221 send 220 1100 16 0
221 wait 223 222 1100
221 wait 221 222 1300
221 irecv 193 2100 200 0
221 irecv 217 2300 200 0
221 send 193 2300 40 0
221 send 217 2100 40 0
221 wait 194 222 2100
221 wait 218 222 2300
221 irecv 253 3100 200 0
221 irecv 189 3300 200 0
221 send 253 3300 60 0
221 send 189 3100 60 0
221 wait 254 222 3100
221 wait 190 222 3300
221 barrier
221 allreduce 1 0 0 
221 allreduce 4 0 1 
221 allreduce 1 0 0 
221 allreduce 4 0 1 
221 allreduce 1 0 0 
221 allreduce 4 0 1 
221 allreduce 1 0 0 
221 allreduce 4 0 1 
221 allreduce 1 0 0 
221 allreduce 4 0 1 
221 allreduce 1 0 0 
221 allreduce 4 0 1 
221 allreduce 1 0 0 
221 allreduce 4 0 1 
221 allreduce 1 0 0 
221 allreduce 4 0 1 
221 allreduce 1 0 0 
221 allreduce 4 0 1 
221 allreduce 1 0 0 
221 allreduce 4 0 1 
221 allreduce 1 0 0 
221 allreduce 4 0 1 
221 allreduce 1 0 0 
221 allreduce 4 0 1 
221 allreduce 1 0 0 
221 allreduce 4 0 1 
221 allreduce 1 0 0 
221 allreduce 4 0 1 
221 allreduce 1 0 0 
221 allreduce 4 0 1 
221 allreduce 1 0 0 
221 allreduce 4 0 1 
221 allreduce 1 0 0 
221 allreduce 4 0 1 
221 allreduce 1 0 0 
221 allreduce 4 0 1 
221 allreduce 1 0 0 
221 allreduce 4 0 1 
221 allreduce 1 0 0 
221 allreduce 4 0 1 
221 barrier
221 irecv 222 1100 200 0
221 irecv 220 1300 200 0
221 send 222 1300 16 0
221 send 220 1100 16 0
221 wait 223 222 1100
221 wait 221 222 1300
221 irecv 193 2100 200 0
221 irecv 217 2300 200 0
221 send 193 2300 40 0
221 send 217 2100 40 0
221 wait 194 222 2100
221 wait 218 222 2300
221 irecv 253 3100 200 0
221 irecv 189 3300 200 0
221 send 253 3300 60 0
221 send 189 3100 60 0
221 wait 254 222 3100
221 wait 190 222 3300
221 barrier
221 irecv 222 1100 200 0
221 irecv 220 1300 200 0
221 send 222 1300 16 0
221 send 220 1100 16 0
221 wait 223 222 1100
221 wait 221 222 1300
221 irecv 193 2100 200 0
221 irecv 217 2300 200 0
221 send 193 2300 40 0
221 send 217 2100 40 0
221 wait 194 222 2100
221 wait 218 222 2300
221 irecv 253 3100 200 0
221 irecv 189 3300 200 0
221 send 253 3300 60 0
221 send 189 3100 60 0
221 wait 254 222 3100
221 wait 190 222 3300
221 allreduce 1 0 0 
221 allreduce 1 0 0 
221 irecv 222 1100 200 0
221 irecv 220 1300 200 0
221 send 222 1300 4 0
221 send 220 1100 4 0
221 wait 223 222 1100
221 wait 221 222 1300
221 irecv 193 2100 200 0
221 irecv 217 2300 200 0
221 send 193 2300 12 0
221 send 217 2100 12 0
221 wait 194 222 2100
221 wait 218 222 2300
221 irecv 253 3100 200 0
221 irecv 189 3300 200 0
221 send 253 3300 24 0
221 send 189 3100 24 0
221 wait 254 222 3100
221 wait 190 222 3300
221 irecv 222 1100 200 0
221 irecv 220 1300 200 0
221 send 222 1300 1 0
221 send 220 1100 1 0
221 wait 223 222 1100
221 wait 221 222 1300
221 irecv 193 2100 200 0
221 irecv 217 2300 200 0
221 send 193 2300 4 0
221 send 217 2100 4 0
221 wait 194 222 2100
221 wait 218 222 2300
221 irecv 253 3100 200 0
221 irecv 189 3300 200 0
221 send 253 3300 12 0
221 send 189 3100 12 0
221 wait 254 222 3100
221 wait 190 222 3300
221 send 222 1300 12 0
221 send 220 1100 6 0
221 send 197 2300 12 0
221 send 213 2100 6 0
221 send 193 2300 24 0
221 send 217 2100 12 0
221 irecv 253 3100 200 0
221 irecv 189 3300 200 0
221 wait 254 222 3100
221 wait 190 222 3300
221 irecv 222 1100 200 0
221 irecv 220 1300 200 0
221 send 222 1300 1 0
221 send 220 1100 1 0
221 wait 223 222 1100
221 wait 221 222 1300
221 irecv 193 2100 200 0
221 irecv 217 2300 200 0
221 send 193 2300 4 0
221 send 217 2100 4 0
221 wait 194 222 2100
221 wait 218 222 2300
221 irecv 253 3100 200 0
221 irecv 189 3300 200 0
221 send 253 3300 12 0
221 send 189 3100 12 0
221 wait 254 222 3100
221 wait 190 222 3300
221 irecv 222 1100 200 0
221 irecv 220 1300 200 0
221 send 222 1300 1 0
221 send 220 1100 1 0
221 wait 223 222 1100
221 wait 221 222 1300
221 irecv 193 2100 200 0
221 irecv 217 2300 200 0
221 send 193 2300 4 0
221 send 217 2100 4 0
221 wait 194 222 2100
221 wait 218 222 2300
221 irecv 253 3100 200 0
221 irecv 189 3300 200 0
221 send 253 3300 12 0
221 send 189 3100 12 0
221 wait 254 222 3100
221 wait 190 222 3300
221 irecv 222 1100 200 0
221 irecv 220 1300 200 0
221 send 222 1300 4 0
221 send 220 1100 4 0
221 wait 223 222 1100
221 wait 221 222 1300
221 irecv 193 2100 200 0
221 irecv 217 2300 200 0
221 send 193 2300 12 0
221 send 217 2100 12 0
221 wait 194 222 2100
221 wait 218 222 2300
221 irecv 253 3100 200 0
221 irecv 189 3300 200 0
221 send 253 3300 24 0
221 send 189 3100 24 0
221 wait 254 222 3100
221 wait 190 222 3300
221 irecv 222 1100 200 0
221 irecv 220 1300 200 0
221 send 222 1300 4 0
221 send 220 1100 4 0
221 wait 223 222 1100
221 wait 221 222 1300
221 irecv 193 2100 200 0
221 irecv 217 2300 200 0
221 send 193 2300 12 0
221 send 217 2100 12 0
221 wait 194 222 2100
221 wait 218 222 2300
221 irecv 253 3100 200 0
221 irecv 189 3300 200 0
221 send 253 3300 24 0
221 send 189 3100 24 0
221 wait 254 222 3100
221 wait 190 222 3300
221 irecv 222 1100 200 0
221 irecv 220 1300 200 0
221 send 222 1300 16 0
221 send 220 1100 16 0
221 wait 223 222 1100
221 wait 221 222 1300
221 irecv 193 2100 200 0
221 irecv 217 2300 200 0
221 send 193 2300 40 0
221 send 217 2100 40 0
221 wait 194 222 2100
221 wait 218 222 2300
221 irecv 253 3100 200 0
221 irecv 189 3300 200 0
221 send 253 3300 60 0
221 send 189 3100 60 0
221 wait 254 222 3100
221 wait 190 222 3300
221 irecv 222 1100 200 0
221 irecv 220 1300 200 0
221 send 222 1300 16 0
221 send 220 1100 16 0
221 wait 223 222 1100
221 wait 221 222 1300
221 irecv 193 2100 200 0
221 irecv 217 2300 200 0
221 send 193 2300 40 0
221 send 217 2100 40 0
221 wait 194 222 2100
221 wait 218 222 2300
221 irecv 253 3100 200 0
221 irecv 189 3300 200 0
221 send 253 3300 60 0
221 send 189 3100 60 0
221 wait 254 222 3100
221 wait 190 222 3300
221 irecv 222 1100 200 0
221 irecv 220 1300 200 0
221 send 222 1300 16 0
221 send 220 1100 16 0
221 wait 223 222 1100
221 wait 221 222 1300
221 irecv 193 2100 200 0
221 irecv 217 2300 200 0
221 send 193 2300 40 0
221 send 217 2100 40 0
221 wait 194 222 2100
221 wait 218 222 2300
221 irecv 253 3100 200 0
221 irecv 189 3300 200 0
221 send 253 3300 60 0
221 send 189 3100 60 0
221 wait 254 222 3100
221 wait 190 222 3300
221 irecv 222 1100 200 0
221 irecv 220 1300 200 0
221 send 222 1300 4 0
221 send 220 1100 4 0
221 wait 223 222 1100
221 wait 221 222 1300
221 irecv 193 2100 200 0
221 irecv 217 2300 200 0
221 send 193 2300 12 0
221 send 217 2100 12 0
221 wait 194 222 2100
221 wait 218 222 2300
221 irecv 253 3100 200 0
221 irecv 189 3300 200 0
221 send 253 3300 24 0
221 send 189 3100 24 0
221 wait 254 222 3100
221 wait 190 222 3300
221 irecv 222 1100 200 0
221 irecv 220 1300 200 0
221 send 222 1300 1 0
221 send 220 1100 1 0
221 wait 223 222 1100
221 wait 221 222 1300
221 irecv 193 2100 200 0
221 irecv 217 2300 200 0
221 send 193 2300 4 0
221 send 217 2100 4 0
221 wait 194 222 2100
221 wait 218 222 2300
221 irecv 253 3100 200 0
221 irecv 189 3300 200 0
221 send 253 3300 12 0
221 send 189 3100 12 0
221 wait 254 222 3100
221 wait 190 222 3300
221 send 222 1300 12 0
221 send 220 1100 6 0
221 send 197 2300 12 0
221 send 213 2100 6 0
221 send 193 2300 24 0
221 send 217 2100 12 0
221 irecv 253 3100 200 0
221 irecv 189 3300 200 0
221 wait 254 222 3100
221 wait 190 222 3300
221 irecv 222 1100 200 0
221 irecv 220 1300 200 0
221 send 222 1300 1 0
221 send 220 1100 1 0
221 wait 223 222 1100
221 wait 221 222 1300
221 irecv 193 2100 200 0
221 irecv 217 2300 200 0
221 send 193 2300 4 0
221 send 217 2100 4 0
221 wait 194 222 2100
221 wait 218 222 2300
221 irecv 253 3100 200 0
221 irecv 189 3300 200 0
221 send 253 3300 12 0
221 send 189 3100 12 0
221 wait 254 222 3100
221 wait 190 222 3300
221 irecv 222 1100 200 0
221 irecv 220 1300 200 0
221 send 222 1300 1 0
221 send 220 1100 1 0
221 wait 223 222 1100
221 wait 221 222 1300
221 irecv 193 2100 200 0
221 irecv 217 2300 200 0
221 send 193 2300 4 0
221 send 217 2100 4 0
221 wait 194 222 2100
221 wait 218 222 2300
221 irecv 253 3100 200 0
221 irecv 189 3300 200 0
221 send 253 3300 12 0
221 send 189 3100 12 0
221 wait 254 222 3100
221 wait 190 222 3300
221 irecv 222 1100 200 0
221 irecv 220 1300 200 0
221 send 222 1300 4 0
221 send 220 1100 4 0
221 wait 223 222 1100
221 wait 221 222 1300
221 irecv 193 2100 200 0
221 irecv 217 2300 200 0
221 send 193 2300 12 0
221 send 217 2100 12 0
221 wait 194 222 2100
221 wait 218 222 2300
221 irecv 253 3100 200 0
221 irecv 189 3300 200 0
221 send 253 3300 24 0
221 send 189 3100 24 0
221 wait 254 222 3100
221 wait 190 222 3300
221 irecv 222 1100 200 0
221 irecv 220 1300 200 0
221 send 222 1300 4 0
221 send 220 1100 4 0
221 wait 223 222 1100
221 wait 221 222 1300
221 irecv 193 2100 200 0
221 irecv 217 2300 200 0
221 send 193 2300 12 0
221 send 217 2100 12 0
221 wait 194 222 2100
221 wait 218 222 2300
221 irecv 253 3100 200 0
221 irecv 189 3300 200 0
221 send 253 3300 24 0
221 send 189 3100 24 0
221 wait 254 222 3100
221 wait 190 222 3300
221 irecv 222 1100 200 0
221 irecv 220 1300 200 0
221 send 222 1300 16 0
221 send 220 1100 16 0
221 wait 223 222 1100
221 wait 221 222 1300
221 irecv 193 2100 200 0
221 irecv 217 2300 200 0
221 send 193 2300 40 0
221 send 217 2100 40 0
221 wait 194 222 2100
221 wait 218 222 2300
221 irecv 253 3100 200 0
221 irecv 189 3300 200 0
221 send 253 3300 60 0
221 send 189 3100 60 0
221 wait 254 222 3100
221 wait 190 222 3300
221 irecv 222 1100 200 0
221 irecv 220 1300 200 0
221 send 222 1300 16 0
221 send 220 1100 16 0
221 wait 223 222 1100
221 wait 221 222 1300
221 irecv 193 2100 200 0
221 irecv 217 2300 200 0
221 send 193 2300 40 0
221 send 217 2100 40 0
221 wait 194 222 2100
221 wait 218 222 2300
221 irecv 253 3100 200 0
221 irecv 189 3300 200 0
221 send 253 3300 60 0
221 send 189 3100 60 0
221 wait 254 222 3100
221 wait 190 222 3300
221 irecv 222 1100 200 0
221 irecv 220 1300 200 0
221 send 222 1300 16 0
221 send 220 1100 16 0
221 wait 223 222 1100
221 wait 221 222 1300
221 irecv 193 2100 200 0
221 irecv 217 2300 200 0
221 send 193 2300 40 0
221 send 217 2100 40 0
221 wait 194 222 2100
221 wait 218 222 2300
221 irecv 253 3100 200 0
221 irecv 189 3300 200 0
221 send 253 3300 60 0
221 send 189 3100 60 0
221 wait 254 222 3100
221 wait 190 222 3300
221 irecv 222 1100 200 0
221 irecv 220 1300 200 0
221 send 222 1300 4 0
221 send 220 1100 4 0
221 wait 223 222 1100
221 wait 221 222 1300
221 irecv 193 2100 200 0
221 irecv 217 2300 200 0
221 send 193 2300 12 0
221 send 217 2100 12 0
221 wait 194 222 2100
221 wait 218 222 2300
221 irecv 253 3100 200 0
221 irecv 189 3300 200 0
221 send 253 3300 24 0
221 send 189 3100 24 0
221 wait 254 222 3100
221 wait 190 222 3300
221 irecv 222 1100 200 0
221 irecv 220 1300 200 0
221 send 222 1300 1 0
221 send 220 1100 1 0
221 wait 223 222 1100
221 wait 221 222 1300
221 irecv 193 2100 200 0
221 irecv 217 2300 200 0
221 send 193 2300 4 0
221 send 217 2100 4 0
221 wait 194 222 2100
221 wait 218 222 2300
221 irecv 253 3100 200 0
221 irecv 189 3300 200 0
221 send 253 3300 12 0
221 send 189 3100 12 0
221 wait 254 222 3100
221 wait 190 222 3300
221 send 222 1300 12 0
221 send 220 1100 6 0
221 send 197 2300 12 0
221 send 213 2100 6 0
221 send 193 2300 24 0
221 send 217 2100 12 0
221 irecv 253 3100 200 0
221 irecv 189 3300 200 0
221 wait 254 222 3100
221 wait 190 222 3300
221 irecv 222 1100 200 0
221 irecv 220 1300 200 0
221 send 222 1300 1 0
221 send 220 1100 1 0
221 wait 223 222 1100
221 wait 221 222 1300
221 irecv 193 2100 200 0
221 irecv 217 2300 200 0
221 send 193 2300 4 0
221 send 217 2100 4 0
221 wait 194 222 2100
221 wait 218 222 2300
221 irecv 253 3100 200 0
221 irecv 189 3300 200 0
221 send 253 3300 12 0
221 send 189 3100 12 0
221 wait 254 222 3100
221 wait 190 222 3300
221 irecv 222 1100 200 0
221 irecv 220 1300 200 0
221 send 222 1300 1 0
221 send 220 1100 1 0
221 wait 223 222 1100
221 wait 221 222 1300
221 irecv 193 2100 200 0
221 irecv 217 2300 200 0
221 send 193 2300 4 0
221 send 217 2100 4 0
221 wait 194 222 2100
221 wait 218 222 2300
221 irecv 253 3100 200 0
221 irecv 189 3300 200 0
221 send 253 3300 12 0
221 send 189 3100 12 0
221 wait 254 222 3100
221 wait 190 222 3300
221 irecv 222 1100 200 0
221 irecv 220 1300 200 0
221 send 222 1300 4 0
221 send 220 1100 4 0
221 wait 223 222 1100
221 wait 221 222 1300
221 irecv 193 2100 200 0
221 irecv 217 2300 200 0
221 send 193 2300 12 0
221 send 217 2100 12 0
221 wait 194 222 2100
221 wait 218 222 2300
221 irecv 253 3100 200 0
221 irecv 189 3300 200 0
221 send 253 3300 24 0
221 send 189 3100 24 0
221 wait 254 222 3100
221 wait 190 222 3300
221 irecv 222 1100 200 0
221 irecv 220 1300 200 0
221 send 222 1300 4 0
221 send 220 1100 4 0
221 wait 223 222 1100
221 wait 221 222 1300
221 irecv 193 2100 200 0
221 irecv 217 2300 200 0
221 send 193 2300 12 0
221 send 217 2100 12 0
221 wait 194 222 2100
221 wait 218 222 2300
221 irecv 253 3100 200 0
221 irecv 189 3300 200 0
221 send 253 3300 24 0
221 send 189 3100 24 0
221 wait 254 222 3100
221 wait 190 222 3300
221 irecv 222 1100 200 0
221 irecv 220 1300 200 0
221 send 222 1300 16 0
221 send 220 1100 16 0
221 wait 223 222 1100
221 wait 221 222 1300
221 irecv 193 2100 200 0
221 irecv 217 2300 200 0
221 send 193 2300 40 0
221 send 217 2100 40 0
221 wait 194 222 2100
221 wait 218 222 2300
221 irecv 253 3100 200 0
221 irecv 189 3300 200 0
221 send 253 3300 60 0
221 send 189 3100 60 0
221 wait 254 222 3100
221 wait 190 222 3300
221 irecv 222 1100 200 0
221 irecv 220 1300 200 0
221 send 222 1300 16 0
221 send 220 1100 16 0
221 wait 223 222 1100
221 wait 221 222 1300
221 irecv 193 2100 200 0
221 irecv 217 2300 200 0
221 send 193 2300 40 0
221 send 217 2100 40 0
221 wait 194 222 2100
221 wait 218 222 2300
221 irecv 253 3100 200 0
221 irecv 189 3300 200 0
221 send 253 3300 60 0
221 send 189 3100 60 0
221 wait 254 222 3100
221 wait 190 222 3300
221 irecv 222 1100 200 0
221 irecv 220 1300 200 0
221 send 222 1300 16 0
221 send 220 1100 16 0
221 wait 223 222 1100
221 wait 221 222 1300
221 irecv 193 2100 200 0
221 irecv 217 2300 200 0
221 send 193 2300 40 0
221 send 217 2100 40 0
221 wait 194 222 2100
221 wait 218 222 2300
221 irecv 253 3100 200 0
221 irecv 189 3300 200 0
221 send 253 3300 60 0
221 send 189 3100 60 0
221 wait 254 222 3100
221 wait 190 222 3300
221 irecv 222 1100 200 0
221 irecv 220 1300 200 0
221 send 222 1300 4 0
221 send 220 1100 4 0
221 wait 223 222 1100
221 wait 221 222 1300
221 irecv 193 2100 200 0
221 irecv 217 2300 200 0
221 send 193 2300 12 0
221 send 217 2100 12 0
221 wait 194 222 2100
221 wait 218 222 2300
221 irecv 253 3100 200 0
221 irecv 189 3300 200 0
221 send 253 3300 24 0
221 send 189 3100 24 0
221 wait 254 222 3100
221 wait 190 222 3300
221 irecv 222 1100 200 0
221 irecv 220 1300 200 0
221 send 222 1300 1 0
221 send 220 1100 1 0
221 wait 223 222 1100
221 wait 221 222 1300
221 irecv 193 2100 200 0
221 irecv 217 2300 200 0
221 send 193 2300 4 0
221 send 217 2100 4 0
221 wait 194 222 2100
221 wait 218 222 2300
221 irecv 253 3100 200 0
221 irecv 189 3300 200 0
221 send 253 3300 12 0
221 send 189 3100 12 0
221 wait 254 222 3100
221 wait 190 222 3300
221 send 222 1300 12 0
221 send 220 1100 6 0
221 send 197 2300 12 0
221 send 213 2100 6 0
221 send 193 2300 24 0
221 send 217 2100 12 0
221 irecv 253 3100 200 0
221 irecv 189 3300 200 0
221 wait 254 222 3100
221 wait 190 222 3300
221 irecv 222 1100 200 0
221 irecv 220 1300 200 0
221 send 222 1300 1 0
221 send 220 1100 1 0
221 wait 223 222 1100
221 wait 221 222 1300
221 irecv 193 2100 200 0
221 irecv 217 2300 200 0
221 send 193 2300 4 0
221 send 217 2100 4 0
221 wait 194 222 2100
221 wait 218 222 2300
221 irecv 253 3100 200 0
221 irecv 189 3300 200 0
221 send 253 3300 12 0
221 send 189 3100 12 0
221 wait 254 222 3100
221 wait 190 222 3300
221 irecv 222 1100 200 0
221 irecv 220 1300 200 0
221 send 222 1300 1 0
221 send 220 1100 1 0
221 wait 223 222 1100
221 wait 221 222 1300
221 irecv 193 2100 200 0
221 irecv 217 2300 200 0
221 send 193 2300 4 0
221 send 217 2100 4 0
221 wait 194 222 2100
221 wait 218 222 2300
221 irecv 253 3100 200 0
221 irecv 189 3300 200 0
221 send 253 3300 12 0
221 send 189 3100 12 0
221 wait 254 222 3100
221 wait 190 222 3300
221 irecv 222 1100 200 0
221 irecv 220 1300 200 0
221 send 222 1300 4 0
221 send 220 1100 4 0
221 wait 223 222 1100
221 wait 221 222 1300
221 irecv 193 2100 200 0
221 irecv 217 2300 200 0
221 send 193 2300 12 0
221 send 217 2100 12 0
221 wait 194 222 2100
221 wait 218 222 2300
221 irecv 253 3100 200 0
221 irecv 189 3300 200 0
221 send 253 3300 24 0
221 send 189 3100 24 0
221 wait 254 222 3100
221 wait 190 222 3300
221 irecv 222 1100 200 0
221 irecv 220 1300 200 0
221 send 222 1300 4 0
221 send 220 1100 4 0
221 wait 223 222 1100
221 wait 221 222 1300
221 irecv 193 2100 200 0
221 irecv 217 2300 200 0
221 send 193 2300 12 0
221 send 217 2100 12 0
221 wait 194 222 2100
221 wait 218 222 2300
221 irecv 253 3100 200 0
221 irecv 189 3300 200 0
221 send 253 3300 24 0
221 send 189 3100 24 0
221 wait 254 222 3100
221 wait 190 222 3300
221 irecv 222 1100 200 0
221 irecv 220 1300 200 0
221 send 222 1300 16 0
221 send 220 1100 16 0
221 wait 223 222 1100
221 wait 221 222 1300
221 irecv 193 2100 200 0
221 irecv 217 2300 200 0
221 send 193 2300 40 0
221 send 217 2100 40 0
221 wait 194 222 2100
221 wait 218 222 2300
221 irecv 253 3100 200 0
221 irecv 189 3300 200 0
221 send 253 3300 60 0
221 send 189 3100 60 0
221 wait 254 222 3100
221 wait 190 222 3300
221 irecv 222 1100 200 0
221 irecv 220 1300 200 0
221 send 222 1300 16 0
221 send 220 1100 16 0
221 wait 223 222 1100
221 wait 221 222 1300
221 irecv 193 2100 200 0
221 irecv 217 2300 200 0
221 send 193 2300 40 0
221 send 217 2100 40 0
221 wait 194 222 2100
221 wait 218 222 2300
221 irecv 253 3100 200 0
221 irecv 189 3300 200 0
221 send 253 3300 60 0
221 send 189 3100 60 0
221 wait 254 222 3100
221 wait 190 222 3300
221 irecv 222 1100 200 0
221 irecv 220 1300 200 0
221 send 222 1300 16 0
221 send 220 1100 16 0
221 wait 223 222 1100
221 wait 221 222 1300
221 irecv 193 2100 200 0
221 irecv 217 2300 200 0
221 send 193 2300 40 0
221 send 217 2100 40 0
221 wait 194 222 2100
221 wait 218 222 2300
221 irecv 253 3100 200 0
221 irecv 189 3300 200 0
221 send 253 3300 60 0
221 send 189 3100 60 0
221 wait 254 222 3100
221 wait 190 222 3300
221 allreduce 1 0 0 
221 allreduce 1 0 0 
221 reduce 1 0 0 0 
221 finalize
