88 init
88 barrier
88 bcast 1 0 1 
88 bcast 1 0 1 
88 bcast 1 0 1 
88 bcast 1 0 1 
88 bcast 1 0 1 
88 bcast 8 0 1 
88 bcast 1 0 16 
88 barrier
88 allreduce 1 0 0 
88 allreduce 4 0 1 
88 allreduce 1 0 0 
88 allreduce 4 0 1 
88 allreduce 1 0 0 
88 allreduce 4 0 1 
88 allreduce 1 0 0 
88 allreduce 4 0 1 
88 allreduce 1 0 0 
88 allreduce 4 0 1 
88 allreduce 1 0 0 
88 allreduce 4 0 1 
88 allreduce 1 0 0 
88 allreduce 4 0 1 
88 allreduce 1 0 0 
88 allreduce 4 0 1 
88 allreduce 1 0 0 
88 allreduce 4 0 1 
88 allreduce 1 0 0 
88 allreduce 4 0 1 
88 allreduce 1 0 0 
88 allreduce 4 0 1 
88 allreduce 1 0 0 
88 allreduce 4 0 1 
88 allreduce 1 0 0 
88 allreduce 4 0 1 
88 allreduce 1 0 0 
88 allreduce 4 0 1 
88 allreduce 1 0 0 
88 allreduce 4 0 1 
88 allreduce 1 0 0 
88 allreduce 4 0 1 
88 allreduce 1 0 0 
88 allreduce 4 0 1 
88 allreduce 1 0 0 
88 allreduce 4 0 1 
88 allreduce 1 0 0 
88 allreduce 4 0 1 
88 allreduce 1 0 0 
88 allreduce 4 0 1 
88 barrier
88 irecv 89 1100 200 0
88 irecv 91 1300 200 0
88 send 89 1300 16 0
88 send 91 1100 16 0
88 wait 90 89 1100
88 wait 92 89 1300
88 irecv 92 2100 200 0
88 irecv 84 2300 200 0
88 send 92 2300 40 0
88 send 84 2100 40 0
88 wait 93 89 2100
88 wait 85 89 2300
88 irecv 120 3100 200 0
88 irecv 56 3300 200 0
88 send 120 3300 60 0
88 send 56 3100 60 0
88 wait 121 89 3100
88 wait 57 89 3300
88 allreduce 1 0 0 
88 allreduce 1 0 0 
88 irecv 89 1100 200 0
88 irecv 91 1300 200 0
88 send 89 1300 16 0
88 send 91 1100 16 0
88 wait 90 89 1100
88 wait 92 89 1300
88 irecv 92 2100 200 0
88 irecv 84 2300 200 0
88 send 92 2300 40 0
88 send 84 2100 40 0
88 wait 93 89 2100
88 wait 85 89 2300
88 irecv 120 3100 200 0
88 irecv 56 3300 200 0
88 send 120 3300 60 0
88 send 56 3100 60 0
88 wait 121 89 3100
88 wait 57 89 3300
88 allreduce 1 0 0 
88 allreduce 1 0 0 
88 irecv 89 1100 200 0
88 irecv 91 1300 200 0
88 send 89 1300 4 0
88 send 91 1100 4 0
88 wait 90 89 1100
88 wait 92 89 1300
88 irecv 92 2100 200 0
88 irecv 84 2300 200 0
88 send 92 2300 12 0
88 send 84 2100 12 0
88 wait 93 89 2100
88 wait 85 89 2300
88 irecv 120 3100 200 0
88 irecv 56 3300 200 0
88 send 120 3300 24 0
88 send 56 3100 24 0
88 wait 121 89 3100
88 wait 57 89 3300
88 irecv 89 1100 200 0
88 irecv 91 1300 200 0
88 send 89 1300 1 0
88 send 91 1100 1 0
88 wait 90 89 1100
88 wait 92 89 1300
88 irecv 92 2100 200 0
88 irecv 84 2300 200 0
88 send 92 2300 4 0
88 send 84 2100 4 0
88 wait 93 89 2100
88 wait 85 89 2300
88 irecv 120 3100 200 0
88 irecv 56 3300 200 0
88 send 120 3300 12 0
88 send 56 3100 12 0
88 wait 121 89 3100
88 wait 57 89 3300
88 irecv 89 1100 200 0
88 irecv 91 1300 200 0
88 wait 90 89 1100
88 wait 92 89 1300
88 irecv 92 2100 200 0
88 irecv 84 2300 200 0
88 wait 93 89 2100
88 wait 85 89 2300
88 irecv 120 3100 200 0
88 irecv 56 3300 200 0
88 wait 121 89 3100
88 wait 57 89 3300
88 irecv 89 1100 200 0
88 irecv 91 1300 200 0
88 send 89 1300 1 0
88 send 91 1100 1 0
88 wait 90 89 1100
88 wait 92 89 1300
88 irecv 92 2100 200 0
88 irecv 84 2300 200 0
88 send 92 2300 4 0
88 send 84 2100 4 0
88 wait 93 89 2100
88 wait 85 89 2300
88 irecv 120 3100 200 0
88 irecv 56 3300 200 0
88 send 120 3300 12 0
88 send 56 3100 12 0
88 wait 121 89 3100
88 wait 57 89 3300
88 irecv 89 1100 200 0
88 irecv 91 1300 200 0
88 send 89 1300 1 0
88 send 91 1100 1 0
88 wait 90 89 1100
88 wait 92 89 1300
88 irecv 92 2100 200 0
88 irecv 84 2300 200 0
88 send 92 2300 4 0
88 send 84 2100 4 0
88 wait 93 89 2100
88 wait 85 89 2300
88 irecv 120 3100 200 0
88 irecv 56 3300 200 0
88 send 120 3300 12 0
88 send 56 3100 12 0
88 wait 121 89 3100
88 wait 57 89 3300
88 irecv 89 1100 200 0
88 irecv 91 1300 200 0
88 send 89 1300 4 0
88 send 91 1100 4 0
88 wait 90 89 1100
88 wait 92 89 1300
88 irecv 92 2100 200 0
88 irecv 84 2300 200 0
88 send 92 2300 12 0
88 send 84 2100 12 0
88 wait 93 89 2100
88 wait 85 89 2300
88 irecv 120 3100 200 0
88 irecv 56 3300 200 0
88 send 120 3300 24 0
88 send 56 3100 24 0
88 wait 121 89 3100
88 wait 57 89 3300
88 irecv 89 1100 200 0
88 irecv 91 1300 200 0
88 send 89 1300 4 0
88 send 91 1100 4 0
88 wait 90 89 1100
88 wait 92 89 1300
88 irecv 92 2100 200 0
88 irecv 84 2300 200 0
88 send 92 2300 12 0
88 send 84 2100 12 0
88 wait 93 89 2100
88 wait 85 89 2300
88 irecv 120 3100 200 0
88 irecv 56 3300 200 0
88 send 120 3300 24 0
88 send 56 3100 24 0
88 wait 121 89 3100
88 wait 57 89 3300
88 irecv 89 1100 200 0
88 irecv 91 1300 200 0
88 send 89 1300 16 0
88 send 91 1100 16 0
88 wait 90 89 1100
88 wait 92 89 1300
88 irecv 92 2100 200 0
88 irecv 84 2300 200 0
88 send 92 2300 40 0
88 send 84 2100 40 0
88 wait 93 89 2100
88 wait 85 89 2300
88 irecv 120 3100 200 0
88 irecv 56 3300 200 0
88 send 120 3300 60 0
88 send 56 3100 60 0
88 wait 121 89 3100
88 wait 57 89 3300
88 irecv 89 1100 200 0
88 irecv 91 1300 200 0
88 send 89 1300 16 0
88 send 91 1100 16 0
88 wait 90 89 1100
88 wait 92 89 1300
88 irecv 92 2100 200 0
88 irecv 84 2300 200 0
88 send 92 2300 40 0
88 send 84 2100 40 0
88 wait 93 89 2100
88 wait 85 89 2300
88 irecv 120 3100 200 0
88 irecv 56 3300 200 0
88 send 120 3300 60 0
88 send 56 3100 60 0
88 wait 121 89 3100
88 wait 57 89 3300
88 irecv 89 1100 200 0
88 irecv 91 1300 200 0
88 send 89 1300 16 0
88 send 91 1100 16 0
88 wait 90 89 1100
88 wait 92 89 1300
88 irecv 92 2100 200 0
88 irecv 84 2300 200 0
88 send 92 2300 40 0
88 send 84 2100 40 0
88 wait 93 89 2100
88 wait 85 89 2300
88 irecv 120 3100 200 0
88 irecv 56 3300 200 0
88 send 120 3300 60 0
88 send 56 3100 60 0
88 wait 121 89 3100
88 wait 57 89 3300
88 barrier
88 allreduce 1 0 0 
88 allreduce 4 0 1 
88 allreduce 1 0 0 
88 allreduce 4 0 1 
88 allreduce 1 0 0 
88 allreduce 4 0 1 
88 allreduce 1 0 0 
88 allreduce 4 0 1 
88 allreduce 1 0 0 
88 allreduce 4 0 1 
88 allreduce 1 0 0 
88 allreduce 4 0 1 
88 allreduce 1 0 0 
88 allreduce 4 0 1 
88 allreduce 1 0 0 
88 allreduce 4 0 1 
88 allreduce 1 0 0 
88 allreduce 4 0 1 
88 allreduce 1 0 0 
88 allreduce 4 0 1 
88 allreduce 1 0 0 
88 allreduce 4 0 1 
88 allreduce 1 0 0 
88 allreduce 4 0 1 
88 allreduce 1 0 0 
88 allreduce 4 0 1 
88 allreduce 1 0 0 
88 allreduce 4 0 1 
88 allreduce 1 0 0 
88 allreduce 4 0 1 
88 allreduce 1 0 0 
88 allreduce 4 0 1 
88 allreduce 1 0 0 
88 allreduce 4 0 1 
88 allreduce 1 0 0 
88 allreduce 4 0 1 
88 allreduce 1 0 0 
88 allreduce 4 0 1 
88 allreduce 1 0 0 
88 allreduce 4 0 1 
88 barrier
88 irecv 89 1100 200 0
88 irecv 91 1300 200 0
88 send 89 1300 16 0
88 send 91 1100 16 0
88 wait 90 89 1100
88 wait 92 89 1300
88 irecv 92 2100 200 0
88 irecv 84 2300 200 0
88 send 92 2300 40 0
88 send 84 2100 40 0
88 wait 93 89 2100
88 wait 85 89 2300
88 irecv 120 3100 200 0
88 irecv 56 3300 200 0
88 send 120 3300 60 0
88 send 56 3100 60 0
88 wait 121 89 3100
88 wait 57 89 3300
88 barrier
88 irecv 89 1100 200 0
88 irecv 91 1300 200 0
88 send 89 1300 16 0
88 send 91 1100 16 0
88 wait 90 89 1100
88 wait 92 89 1300
88 irecv 92 2100 200 0
88 irecv 84 2300 200 0
88 send 92 2300 40 0
88 send 84 2100 40 0
88 wait 93 89 2100
88 wait 85 89 2300
88 irecv 120 3100 200 0
88 irecv 56 3300 200 0
88 send 120 3300 60 0
88 send 56 3100 60 0
88 wait 121 89 3100
88 wait 57 89 3300
88 allreduce 1 0 0 
88 allreduce 1 0 0 
88 irecv 89 1100 200 0
88 irecv 91 1300 200 0
88 send 89 1300 4 0
88 send 91 1100 4 0
88 wait 90 89 1100
88 wait 92 89 1300
88 irecv 92 2100 200 0
88 irecv 84 2300 200 0
88 send 92 2300 12 0
88 send 84 2100 12 0
88 wait 93 89 2100
88 wait 85 89 2300
88 irecv 120 3100 200 0
88 irecv 56 3300 200 0
88 send 120 3300 24 0
88 send 56 3100 24 0
88 wait 121 89 3100
88 wait 57 89 3300
88 irecv 89 1100 200 0
88 irecv 91 1300 200 0
88 send 89 1300 1 0
88 send 91 1100 1 0
88 wait 90 89 1100
88 wait 92 89 1300
88 irecv 92 2100 200 0
88 irecv 84 2300 200 0
88 send 92 2300 4 0
88 send 84 2100 4 0
88 wait 93 89 2100
88 wait 85 89 2300
88 irecv 120 3100 200 0
88 irecv 56 3300 200 0
88 send 120 3300 12 0
88 send 56 3100 12 0
88 wait 121 89 3100
88 wait 57 89 3300
88 irecv 89 1100 200 0
88 irecv 91 1300 200 0
88 wait 90 89 1100
88 wait 92 89 1300
88 irecv 92 2100 200 0
88 irecv 84 2300 200 0
88 wait 93 89 2100
88 wait 85 89 2300
88 irecv 120 3100 200 0
88 irecv 56 3300 200 0
88 wait 121 89 3100
88 wait 57 89 3300
88 irecv 89 1100 200 0
88 irecv 91 1300 200 0
88 send 89 1300 1 0
88 send 91 1100 1 0
88 wait 90 89 1100
88 wait 92 89 1300
88 irecv 92 2100 200 0
88 irecv 84 2300 200 0
88 send 92 2300 4 0
88 send 84 2100 4 0
88 wait 93 89 2100
88 wait 85 89 2300
88 irecv 120 3100 200 0
88 irecv 56 3300 200 0
88 send 120 3300 12 0
88 send 56 3100 12 0
88 wait 121 89 3100
88 wait 57 89 3300
88 irecv 89 1100 200 0
88 irecv 91 1300 200 0
88 send 89 1300 1 0
88 send 91 1100 1 0
88 wait 90 89 1100
88 wait 92 89 1300
88 irecv 92 2100 200 0
88 irecv 84 2300 200 0
88 send 92 2300 4 0
88 send 84 2100 4 0
88 wait 93 89 2100
88 wait 85 89 2300
88 irecv 120 3100 200 0
88 irecv 56 3300 200 0
88 send 120 3300 12 0
88 send 56 3100 12 0
88 wait 121 89 3100
88 wait 57 89 3300
88 irecv 89 1100 200 0
88 irecv 91 1300 200 0
88 send 89 1300 4 0
88 send 91 1100 4 0
88 wait 90 89 1100
88 wait 92 89 1300
88 irecv 92 2100 200 0
88 irecv 84 2300 200 0
88 send 92 2300 12 0
88 send 84 2100 12 0
88 wait 93 89 2100
88 wait 85 89 2300
88 irecv 120 3100 200 0
88 irecv 56 3300 200 0
88 send 120 3300 24 0
88 send 56 3100 24 0
88 wait 121 89 3100
88 wait 57 89 3300
88 irecv 89 1100 200 0
88 irecv 91 1300 200 0
88 send 89 1300 4 0
88 send 91 1100 4 0
88 wait 90 89 1100
88 wait 92 89 1300
88 irecv 92 2100 200 0
88 irecv 84 2300 200 0
88 send 92 2300 12 0
88 send 84 2100 12 0
88 wait 93 89 2100
88 wait 85 89 2300
88 irecv 120 3100 200 0
88 irecv 56 3300 200 0
88 send 120 3300 24 0
88 send 56 3100 24 0
88 wait 121 89 3100
88 wait 57 89 3300
88 irecv 89 1100 200 0
88 irecv 91 1300 200 0
88 send 89 1300 16 0
88 send 91 1100 16 0
88 wait 90 89 1100
88 wait 92 89 1300
88 irecv 92 2100 200 0
88 irecv 84 2300 200 0
88 send 92 2300 40 0
88 send 84 2100 40 0
88 wait 93 89 2100
88 wait 85 89 2300
88 irecv 120 3100 200 0
88 irecv 56 3300 200 0
88 send 120 3300 60 0
88 send 56 3100 60 0
88 wait 121 89 3100
88 wait 57 89 3300
88 irecv 89 1100 200 0
88 irecv 91 1300 200 0
88 send 89 1300 16 0
88 send 91 1100 16 0
88 wait 90 89 1100
88 wait 92 89 1300
88 irecv 92 2100 200 0
88 irecv 84 2300 200 0
88 send 92 2300 40 0
88 send 84 2100 40 0
88 wait 93 89 2100
88 wait 85 89 2300
88 irecv 120 3100 200 0
88 irecv 56 3300 200 0
88 send 120 3300 60 0
88 send 56 3100 60 0
88 wait 121 89 3100
88 wait 57 89 3300
88 irecv 89 1100 200 0
88 irecv 91 1300 200 0
88 send 89 1300 16 0
88 send 91 1100 16 0
88 wait 90 89 1100
88 wait 92 89 1300
88 irecv 92 2100 200 0
88 irecv 84 2300 200 0
88 send 92 2300 40 0
88 send 84 2100 40 0
88 wait 93 89 2100
88 wait 85 89 2300
88 irecv 120 3100 200 0
88 irecv 56 3300 200 0
88 send 120 3300 60 0
88 send 56 3100 60 0
88 wait 121 89 3100
88 wait 57 89 3300
88 irecv 89 1100 200 0
88 irecv 91 1300 200 0
88 send 89 1300 4 0
88 send 91 1100 4 0
88 wait 90 89 1100
88 wait 92 89 1300
88 irecv 92 2100 200 0
88 irecv 84 2300 200 0
88 send 92 2300 12 0
88 send 84 2100 12 0
88 wait 93 89 2100
88 wait 85 89 2300
88 irecv 120 3100 200 0
88 irecv 56 3300 200 0
88 send 120 3300 24 0
88 send 56 3100 24 0
88 wait 121 89 3100
88 wait 57 89 3300
88 irecv 89 1100 200 0
88 irecv 91 1300 200 0
88 send 89 1300 1 0
88 send 91 1100 1 0
88 wait 90 89 1100
88 wait 92 89 1300
88 irecv 92 2100 200 0
88 irecv 84 2300 200 0
88 send 92 2300 4 0
88 send 84 2100 4 0
88 wait 93 89 2100
88 wait 85 89 2300
88 irecv 120 3100 200 0
88 irecv 56 3300 200 0
88 send 120 3300 12 0
88 send 56 3100 12 0
88 wait 121 89 3100
88 wait 57 89 3300
88 irecv 89 1100 200 0
88 irecv 91 1300 200 0
88 wait 90 89 1100
88 wait 92 89 1300
88 irecv 92 2100 200 0
88 irecv 84 2300 200 0
88 wait 93 89 2100
88 wait 85 89 2300
88 irecv 120 3100 200 0
88 irecv 56 3300 200 0
88 wait 121 89 3100
88 wait 57 89 3300
88 irecv 89 1100 200 0
88 irecv 91 1300 200 0
88 send 89 1300 1 0
88 send 91 1100 1 0
88 wait 90 89 1100
88 wait 92 89 1300
88 irecv 92 2100 200 0
88 irecv 84 2300 200 0
88 send 92 2300 4 0
88 send 84 2100 4 0
88 wait 93 89 2100
88 wait 85 89 2300
88 irecv 120 3100 200 0
88 irecv 56 3300 200 0
88 send 120 3300 12 0
88 send 56 3100 12 0
88 wait 121 89 3100
88 wait 57 89 3300
88 irecv 89 1100 200 0
88 irecv 91 1300 200 0
88 send 89 1300 1 0
88 send 91 1100 1 0
88 wait 90 89 1100
88 wait 92 89 1300
88 irecv 92 2100 200 0
88 irecv 84 2300 200 0
88 send 92 2300 4 0
88 send 84 2100 4 0
88 wait 93 89 2100
88 wait 85 89 2300
88 irecv 120 3100 200 0
88 irecv 56 3300 200 0
88 send 120 3300 12 0
88 send 56 3100 12 0
88 wait 121 89 3100
88 wait 57 89 3300
88 irecv 89 1100 200 0
88 irecv 91 1300 200 0
88 send 89 1300 4 0
88 send 91 1100 4 0
88 wait 90 89 1100
88 wait 92 89 1300
88 irecv 92 2100 200 0
88 irecv 84 2300 200 0
88 send 92 2300 12 0
88 send 84 2100 12 0
88 wait 93 89 2100
88 wait 85 89 2300
88 irecv 120 3100 200 0
88 irecv 56 3300 200 0
88 send 120 3300 24 0
88 send 56 3100 24 0
88 wait 121 89 3100
88 wait 57 89 3300
88 irecv 89 1100 200 0
88 irecv 91 1300 200 0
88 send 89 1300 4 0
88 send 91 1100 4 0
88 wait 90 89 1100
88 wait 92 89 1300
88 irecv 92 2100 200 0
88 irecv 84 2300 200 0
88 send 92 2300 12 0
88 send 84 2100 12 0
88 wait 93 89 2100
88 wait 85 89 2300
88 irecv 120 3100 200 0
88 irecv 56 3300 200 0
88 send 120 3300 24 0
88 send 56 3100 24 0
88 wait 121 89 3100
88 wait 57 89 3300
88 irecv 89 1100 200 0
88 irecv 91 1300 200 0
88 send 89 1300 16 0
88 send 91 1100 16 0
88 wait 90 89 1100
88 wait 92 89 1300
88 irecv 92 2100 200 0
88 irecv 84 2300 200 0
88 send 92 2300 40 0
88 send 84 2100 40 0
88 wait 93 89 2100
88 wait 85 89 2300
88 irecv 120 3100 200 0
88 irecv 56 3300 200 0
88 send 120 3300 60 0
88 send 56 3100 60 0
88 wait 121 89 3100
88 wait 57 89 3300
88 irecv 89 1100 200 0
88 irecv 91 1300 200 0
88 send 89 1300 16 0
88 send 91 1100 16 0
88 wait 90 89 1100
88 wait 92 89 1300
88 irecv 92 2100 200 0
88 irecv 84 2300 200 0
88 send 92 2300 40 0
88 send 84 2100 40 0
88 wait 93 89 2100
88 wait 85 89 2300
88 irecv 120 3100 200 0
88 irecv 56 3300 200 0
88 send 120 3300 60 0
88 send 56 3100 60 0
88 wait 121 89 3100
88 wait 57 89 3300
88 irecv 89 1100 200 0
88 irecv 91 1300 200 0
88 send 89 1300 16 0
88 send 91 1100 16 0
88 wait 90 89 1100
88 wait 92 89 1300
88 irecv 92 2100 200 0
88 irecv 84 2300 200 0
88 send 92 2300 40 0
88 send 84 2100 40 0
88 wait 93 89 2100
88 wait 85 89 2300
88 irecv 120 3100 200 0
88 irecv 56 3300 200 0
88 send 120 3300 60 0
88 send 56 3100 60 0
88 wait 121 89 3100
88 wait 57 89 3300
88 irecv 89 1100 200 0
88 irecv 91 1300 200 0
88 send 89 1300 4 0
88 send 91 1100 4 0
88 wait 90 89 1100
88 wait 92 89 1300
88 irecv 92 2100 200 0
88 irecv 84 2300 200 0
88 send 92 2300 12 0
88 send 84 2100 12 0
88 wait 93 89 2100
88 wait 85 89 2300
88 irecv 120 3100 200 0
88 irecv 56 3300 200 0
88 send 120 3300 24 0
88 send 56 3100 24 0
88 wait 121 89 3100
88 wait 57 89 3300
88 irecv 89 1100 200 0
88 irecv 91 1300 200 0
88 send 89 1300 1 0
88 send 91 1100 1 0
88 wait 90 89 1100
88 wait 92 89 1300
88 irecv 92 2100 200 0
88 irecv 84 2300 200 0
88 send 92 2300 4 0
88 send 84 2100 4 0
88 wait 93 89 2100
88 wait 85 89 2300
88 irecv 120 3100 200 0
88 irecv 56 3300 200 0
88 send 120 3300 12 0
88 send 56 3100 12 0
88 wait 121 89 3100
88 wait 57 89 3300
88 irecv 89 1100 200 0
88 irecv 91 1300 200 0
88 wait 90 89 1100
88 wait 92 89 1300
88 irecv 92 2100 200 0
88 irecv 84 2300 200 0
88 wait 93 89 2100
88 wait 85 89 2300
88 irecv 120 3100 200 0
88 irecv 56 3300 200 0
88 wait 121 89 3100
88 wait 57 89 3300
88 irecv 89 1100 200 0
88 irecv 91 1300 200 0
88 send 89 1300 1 0
88 send 91 1100 1 0
88 wait 90 89 1100
88 wait 92 89 1300
88 irecv 92 2100 200 0
88 irecv 84 2300 200 0
88 send 92 2300 4 0
88 send 84 2100 4 0
88 wait 93 89 2100
88 wait 85 89 2300
88 irecv 120 3100 200 0
88 irecv 56 3300 200 0
88 send 120 3300 12 0
88 send 56 3100 12 0
88 wait 121 89 3100
88 wait 57 89 3300
88 irecv 89 1100 200 0
88 irecv 91 1300 200 0
88 send 89 1300 1 0
88 send 91 1100 1 0
88 wait 90 89 1100
88 wait 92 89 1300
88 irecv 92 2100 200 0
88 irecv 84 2300 200 0
88 send 92 2300 4 0
88 send 84 2100 4 0
88 wait 93 89 2100
88 wait 85 89 2300
88 irecv 120 3100 200 0
88 irecv 56 3300 200 0
88 send 120 3300 12 0
88 send 56 3100 12 0
88 wait 121 89 3100
88 wait 57 89 3300
88 irecv 89 1100 200 0
88 irecv 91 1300 200 0
88 send 89 1300 4 0
88 send 91 1100 4 0
88 wait 90 89 1100
88 wait 92 89 1300
88 irecv 92 2100 200 0
88 irecv 84 2300 200 0
88 send 92 2300 12 0
88 send 84 2100 12 0
88 wait 93 89 2100
88 wait 85 89 2300
88 irecv 120 3100 200 0
88 irecv 56 3300 200 0
88 send 120 3300 24 0
88 send 56 3100 24 0
88 wait 121 89 3100
88 wait 57 89 3300
88 irecv 89 1100 200 0
88 irecv 91 1300 200 0
88 send 89 1300 4 0
88 send 91 1100 4 0
88 wait 90 89 1100
88 wait 92 89 1300
88 irecv 92 2100 200 0
88 irecv 84 2300 200 0
88 send 92 2300 12 0
88 send 84 2100 12 0
88 wait 93 89 2100
88 wait 85 89 2300
88 irecv 120 3100 200 0
88 irecv 56 3300 200 0
88 send 120 3300 24 0
88 send 56 3100 24 0
88 wait 121 89 3100
88 wait 57 89 3300
88 irecv 89 1100 200 0
88 irecv 91 1300 200 0
88 send 89 1300 16 0
88 send 91 1100 16 0
88 wait 90 89 1100
88 wait 92 89 1300
88 irecv 92 2100 200 0
88 irecv 84 2300 200 0
88 send 92 2300 40 0
88 send 84 2100 40 0
88 wait 93 89 2100
88 wait 85 89 2300
88 irecv 120 3100 200 0
88 irecv 56 3300 200 0
88 send 120 3300 60 0
88 send 56 3100 60 0
88 wait 121 89 3100
88 wait 57 89 3300
88 irecv 89 1100 200 0
88 irecv 91 1300 200 0
88 send 89 1300 16 0
88 send 91 1100 16 0
88 wait 90 89 1100
88 wait 92 89 1300
88 irecv 92 2100 200 0
88 irecv 84 2300 200 0
88 send 92 2300 40 0
88 send 84 2100 40 0
88 wait 93 89 2100
88 wait 85 89 2300
88 irecv 120 3100 200 0
88 irecv 56 3300 200 0
88 send 120 3300 60 0
88 send 56 3100 60 0
88 wait 121 89 3100
88 wait 57 89 3300
88 irecv 89 1100 200 0
88 irecv 91 1300 200 0
88 send 89 1300 16 0
88 send 91 1100 16 0
88 wait 90 89 1100
88 wait 92 89 1300
88 irecv 92 2100 200 0
88 irecv 84 2300 200 0
88 send 92 2300 40 0
88 send 84 2100 40 0
88 wait 93 89 2100
88 wait 85 89 2300
88 irecv 120 3100 200 0
88 irecv 56 3300 200 0
88 send 120 3300 60 0
88 send 56 3100 60 0
88 wait 121 89 3100
88 wait 57 89 3300
88 irecv 89 1100 200 0
88 irecv 91 1300 200 0
88 send 89 1300 4 0
88 send 91 1100 4 0
88 wait 90 89 1100
88 wait 92 89 1300
88 irecv 92 2100 200 0
88 irecv 84 2300 200 0
88 send 92 2300 12 0
88 send 84 2100 12 0
88 wait 93 89 2100
88 wait 85 89 2300
88 irecv 120 3100 200 0
88 irecv 56 3300 200 0
88 send 120 3300 24 0
88 send 56 3100 24 0
88 wait 121 89 3100
88 wait 57 89 3300
88 irecv 89 1100 200 0
88 irecv 91 1300 200 0
88 send 89 1300 1 0
88 send 91 1100 1 0
88 wait 90 89 1100
88 wait 92 89 1300
88 irecv 92 2100 200 0
88 irecv 84 2300 200 0
88 send 92 2300 4 0
88 send 84 2100 4 0
88 wait 93 89 2100
88 wait 85 89 2300
88 irecv 120 3100 200 0
88 irecv 56 3300 200 0
88 send 120 3300 12 0
88 send 56 3100 12 0
88 wait 121 89 3100
88 wait 57 89 3300
88 irecv 89 1100 200 0
88 irecv 91 1300 200 0
88 wait 90 89 1100
88 wait 92 89 1300
88 irecv 92 2100 200 0
88 irecv 84 2300 200 0
88 wait 93 89 2100
88 wait 85 89 2300
88 irecv 120 3100 200 0
88 irecv 56 3300 200 0
88 wait 121 89 3100
88 wait 57 89 3300
88 irecv 89 1100 200 0
88 irecv 91 1300 200 0
88 send 89 1300 1 0
88 send 91 1100 1 0
88 wait 90 89 1100
88 wait 92 89 1300
88 irecv 92 2100 200 0
88 irecv 84 2300 200 0
88 send 92 2300 4 0
88 send 84 2100 4 0
88 wait 93 89 2100
88 wait 85 89 2300
88 irecv 120 3100 200 0
88 irecv 56 3300 200 0
88 send 120 3300 12 0
88 send 56 3100 12 0
88 wait 121 89 3100
88 wait 57 89 3300
88 irecv 89 1100 200 0
88 irecv 91 1300 200 0
88 send 89 1300 1 0
88 send 91 1100 1 0
88 wait 90 89 1100
88 wait 92 89 1300
88 irecv 92 2100 200 0
88 irecv 84 2300 200 0
88 send 92 2300 4 0
88 send 84 2100 4 0
88 wait 93 89 2100
88 wait 85 89 2300
88 irecv 120 3100 200 0
88 irecv 56 3300 200 0
88 send 120 3300 12 0
88 send 56 3100 12 0
88 wait 121 89 3100
88 wait 57 89 3300
88 irecv 89 1100 200 0
88 irecv 91 1300 200 0
88 send 89 1300 4 0
88 send 91 1100 4 0
88 wait 90 89 1100
88 wait 92 89 1300
88 irecv 92 2100 200 0
88 irecv 84 2300 200 0
88 send 92 2300 12 0
88 send 84 2100 12 0
88 wait 93 89 2100
88 wait 85 89 2300
88 irecv 120 3100 200 0
88 irecv 56 3300 200 0
88 send 120 3300 24 0
88 send 56 3100 24 0
88 wait 121 89 3100
88 wait 57 89 3300
88 irecv 89 1100 200 0
88 irecv 91 1300 200 0
88 send 89 1300 4 0
88 send 91 1100 4 0
88 wait 90 89 1100
88 wait 92 89 1300
88 irecv 92 2100 200 0
88 irecv 84 2300 200 0
88 send 92 2300 12 0
88 send 84 2100 12 0
88 wait 93 89 2100
88 wait 85 89 2300
88 irecv 120 3100 200 0
88 irecv 56 3300 200 0
88 send 120 3300 24 0
88 send 56 3100 24 0
88 wait 121 89 3100
88 wait 57 89 3300
88 irecv 89 1100 200 0
88 irecv 91 1300 200 0
88 send 89 1300 16 0
88 send 91 1100 16 0
88 wait 90 89 1100
88 wait 92 89 1300
88 irecv 92 2100 200 0
88 irecv 84 2300 200 0
88 send 92 2300 40 0
88 send 84 2100 40 0
88 wait 93 89 2100
88 wait 85 89 2300
88 irecv 120 3100 200 0
88 irecv 56 3300 200 0
88 send 120 3300 60 0
88 send 56 3100 60 0
88 wait 121 89 3100
88 wait 57 89 3300
88 irecv 89 1100 200 0
88 irecv 91 1300 200 0
88 send 89 1300 16 0
88 send 91 1100 16 0
88 wait 90 89 1100
88 wait 92 89 1300
88 irecv 92 2100 200 0
88 irecv 84 2300 200 0
88 send 92 2300 40 0
88 send 84 2100 40 0
88 wait 93 89 2100
88 wait 85 89 2300
88 irecv 120 3100 200 0
88 irecv 56 3300 200 0
88 send 120 3300 60 0
88 send 56 3100 60 0
88 wait 121 89 3100
88 wait 57 89 3300
88 irecv 89 1100 200 0
88 irecv 91 1300 200 0
88 send 89 1300 16 0
88 send 91 1100 16 0
88 wait 90 89 1100
88 wait 92 89 1300
88 irecv 92 2100 200 0
88 irecv 84 2300 200 0
88 send 92 2300 40 0
88 send 84 2100 40 0
88 wait 93 89 2100
88 wait 85 89 2300
88 irecv 120 3100 200 0
88 irecv 56 3300 200 0
88 send 120 3300 60 0
88 send 56 3100 60 0
88 wait 121 89 3100
88 wait 57 89 3300
88 allreduce 1 0 0 
88 allreduce 1 0 0 
88 reduce 1 0 0 0 
88 finalize
