236 init
236 barrier
236 bcast 1 0 1 
236 bcast 1 0 1 
236 bcast 1 0 1 
236 bcast 1 0 1 
236 bcast 1 0 1 
236 bcast 8 0 1 
236 bcast 1 0 16 
236 barrier
236 allreduce 1 0 0 
236 allreduce 4 0 1 
236 allreduce 1 0 0 
236 allreduce 4 0 1 
236 allreduce 1 0 0 
236 allreduce 4 0 1 
236 allreduce 1 0 0 
236 allreduce 4 0 1 
236 allreduce 1 0 0 
236 allreduce 4 0 1 
236 allreduce 1 0 0 
236 allreduce 4 0 1 
236 allreduce 1 0 0 
236 allreduce 4 0 1 
236 allreduce 1 0 0 
236 allreduce 4 0 1 
236 allreduce 1 0 0 
236 allreduce 4 0 1 
236 allreduce 1 0 0 
236 allreduce 4 0 1 
236 allreduce 1 0 0 
236 allreduce 4 0 1 
236 allreduce 1 0 0 
236 allreduce 4 0 1 
236 allreduce 1 0 0 
236 allreduce 4 0 1 
236 allreduce 1 0 0 
236 allreduce 4 0 1 
236 allreduce 1 0 0 
236 allreduce 4 0 1 
236 allreduce 1 0 0 
236 allreduce 4 0 1 
236 allreduce 1 0 0 
236 allreduce 4 0 1 
236 allreduce 1 0 0 
236 allreduce 4 0 1 
236 allreduce 1 0 0 
236 allreduce 4 0 1 
236 allreduce 1 0 0 
236 allreduce 4 0 1 
236 barrier
236 irecv 237 1100 200 0
236 irecv 239 1300 200 0
236 send 237 1300 16 0
236 send 239 1100 16 0
236 wait 238 237 1100
236 wait 240 237 1300
236 irecv 240 2100 200 0
236 irecv 232 2300 200 0
236 send 240 2300 40 0
236 send 232 2100 40 0
236 wait 241 237 2100
236 wait 233 237 2300
236 irecv 12 3100 200 0
236 irecv 204 3300 200 0
236 send 12 3300 60 0
236 send 204 3100 60 0
236 wait 13 237 3100
236 wait 205 237 3300
236 allreduce 1 0 0 
236 allreduce 1 0 0 
236 irecv 237 1100 200 0
236 irecv 239 1300 200 0
236 send 237 1300 16 0
236 send 239 1100 16 0
236 wait 238 237 1100
236 wait 240 237 1300
236 irecv 240 2100 200 0
236 irecv 232 2300 200 0
236 send 240 2300 40 0
236 send 232 2100 40 0
236 wait 241 237 2100
236 wait 233 237 2300
236 irecv 12 3100 200 0
236 irecv 204 3300 200 0
236 send 12 3300 60 0
236 send 204 3100 60 0
236 wait 13 237 3100
236 wait 205 237 3300
236 allreduce 1 0 0 
236 allreduce 1 0 0 
236 irecv 237 1100 200 0
236 irecv 239 1300 200 0
236 send 237 1300 4 0
236 send 239 1100 4 0
236 wait 238 237 1100
236 wait 240 237 1300
236 irecv 240 2100 200 0
236 irecv 232 2300 200 0
236 send 240 2300 12 0
236 send 232 2100 12 0
236 wait 241 237 2100
236 wait 233 237 2300
236 irecv 12 3100 200 0
236 irecv 204 3300 200 0
236 send 12 3300 24 0
236 send 204 3100 24 0
236 wait 13 237 3100
236 wait 205 237 3300
236 irecv 237 1100 200 0
236 irecv 239 1300 200 0
236 send 237 1300 1 0
236 send 239 1100 1 0
236 wait 238 237 1100
236 wait 240 237 1300
236 irecv 240 2100 200 0
236 irecv 232 2300 200 0
236 send 240 2300 4 0
236 send 232 2100 4 0
236 wait 241 237 2100
236 wait 233 237 2300
236 irecv 12 3100 200 0
236 irecv 204 3300 200 0
236 send 12 3300 12 0
236 send 204 3100 12 0
236 wait 13 237 3100
236 wait 205 237 3300
236 irecv 237 1100 200 0
236 irecv 239 1300 200 0
236 send 237 1300 1 0
236 send 239 1100 1 0
236 wait 238 237 1100
236 wait 240 237 1300
236 irecv 244 2100 200 0
236 irecv 228 2300 200 0
236 send 244 2300 3 0
236 send 228 2100 3 0
236 wait 245 237 2100
236 wait 229 237 2300
236 irecv 44 3100 200 0
236 irecv 172 3300 200 0
236 send 44 3300 9 0
236 send 172 3100 9 0
236 wait 45 237 3100
236 wait 173 237 3300
236 irecv 237 1100 200 0
236 irecv 239 1300 200 0
236 wait 238 237 1100
236 wait 240 237 1300
236 send 244 2300 18 0
236 send 228 2100 9 0
236 send 44 3300 18 0
236 send 172 3100 9 0
236 irecv 237 1100 200 0
236 irecv 239 1300 200 0
236 send 237 1300 1 0
236 send 239 1100 1 0
236 wait 238 237 1100
236 wait 240 237 1300
236 irecv 244 2100 200 0
236 irecv 228 2300 200 0
236 send 244 2300 3 0
236 send 228 2100 3 0
236 wait 245 237 2100
236 wait 229 237 2300
236 irecv 44 3100 200 0
236 irecv 172 3300 200 0
236 send 44 3300 9 0
236 send 172 3100 9 0
236 wait 45 237 3100
236 wait 173 237 3300
236 irecv 237 1100 200 0
236 irecv 239 1300 200 0
236 send 237 1300 1 0
236 send 239 1100 1 0
236 wait 238 237 1100
236 wait 240 237 1300
236 irecv 244 2100 200 0
236 irecv 228 2300 200 0
236 send 244 2300 3 0
236 send 228 2100 3 0
236 wait 245 237 2100
236 wait 229 237 2300
236 irecv 44 3100 200 0
236 irecv 172 3300 200 0
236 send 44 3300 9 0
236 send 172 3100 9 0
236 wait 45 237 3100
236 wait 173 237 3300
236 send 240 2300 24 0
236 send 232 2100 12 0
236 send 12 3300 24 0
236 send 204 3100 12 0
236 irecv 237 1100 200 0
236 irecv 239 1300 200 0
236 send 237 1300 1 0
236 send 239 1100 1 0
236 wait 238 237 1100
236 wait 240 237 1300
236 irecv 240 2100 200 0
236 irecv 232 2300 200 0
236 send 240 2300 4 0
236 send 232 2100 4 0
236 wait 241 237 2100
236 wait 233 237 2300
236 irecv 12 3100 200 0
236 irecv 204 3300 200 0
236 send 12 3300 12 0
236 send 204 3100 12 0
236 wait 13 237 3100
236 wait 205 237 3300
236 irecv 237 1100 200 0
236 irecv 239 1300 200 0
236 send 237 1300 1 0
236 send 239 1100 1 0
236 wait 238 237 1100
236 wait 240 237 1300
236 irecv 240 2100 200 0
236 irecv 232 2300 200 0
236 send 240 2300 4 0
236 send 232 2100 4 0
236 wait 241 237 2100
236 wait 233 237 2300
236 irecv 12 3100 200 0
236 irecv 204 3300 200 0
236 send 12 3300 12 0
236 send 204 3100 12 0
236 wait 13 237 3100
236 wait 205 237 3300
236 irecv 237 1100 200 0
236 irecv 239 1300 200 0
236 send 237 1300 4 0
236 send 239 1100 4 0
236 wait 238 237 1100
236 wait 240 237 1300
236 irecv 240 2100 200 0
236 irecv 232 2300 200 0
236 send 240 2300 12 0
236 send 232 2100 12 0
236 wait 241 237 2100
236 wait 233 237 2300
236 irecv 12 3100 200 0
236 irecv 204 3300 200 0
236 send 12 3300 24 0
236 send 204 3100 24 0
236 wait 13 237 3100
236 wait 205 237 3300
236 irecv 237 1100 200 0
236 irecv 239 1300 200 0
236 send 237 1300 4 0
236 send 239 1100 4 0
236 wait 238 237 1100
236 wait 240 237 1300
236 irecv 240 2100 200 0
236 irecv 232 2300 200 0
236 send 240 2300 12 0
236 send 232 2100 12 0
236 wait 241 237 2100
236 wait 233 237 2300
236 irecv 12 3100 200 0
236 irecv 204 3300 200 0
236 send 12 3300 24 0
236 send 204 3100 24 0
236 wait 13 237 3100
236 wait 205 237 3300
236 irecv 237 1100 200 0
236 irecv 239 1300 200 0
236 send 237 1300 16 0
236 send 239 1100 16 0
236 wait 238 237 1100
236 wait 240 237 1300
236 irecv 240 2100 200 0
236 irecv 232 2300 200 0
236 send 240 2300 40 0
236 send 232 2100 40 0
236 wait 241 237 2100
236 wait 233 237 2300
236 irecv 12 3100 200 0
236 irecv 204 3300 200 0
236 send 12 3300 60 0
236 send 204 3100 60 0
236 wait 13 237 3100
236 wait 205 237 3300
236 irecv 237 1100 200 0
236 irecv 239 1300 200 0
236 send 237 1300 16 0
236 send 239 1100 16 0
236 wait 238 237 1100
236 wait 240 237 1300
236 irecv 240 2100 200 0
236 irecv 232 2300 200 0
236 send 240 2300 40 0
236 send 232 2100 40 0
236 wait 241 237 2100
236 wait 233 237 2300
236 irecv 12 3100 200 0
236 irecv 204 3300 200 0
236 send 12 3300 60 0
236 send 204 3100 60 0
236 wait 13 237 3100
236 wait 205 237 3300
236 irecv 237 1100 200 0
236 irecv 239 1300 200 0
236 send 237 1300 16 0
236 send 239 1100 16 0
236 wait 238 237 1100
236 wait 240 237 1300
236 irecv 240 2100 200 0
236 irecv 232 2300 200 0
236 send 240 2300 40 0
236 send 232 2100 40 0
236 wait 241 237 2100
236 wait 233 237 2300
236 irecv 12 3100 200 0
236 irecv 204 3300 200 0
236 send 12 3300 60 0
236 send 204 3100 60 0
236 wait 13 237 3100
236 wait 205 237 3300
236 barrier
236 allreduce 1 0 0 
236 allreduce 4 0 1 
236 allreduce 1 0 0 
236 allreduce 4 0 1 
236 allreduce 1 0 0 
236 allreduce 4 0 1 
236 allreduce 1 0 0 
236 allreduce 4 0 1 
236 allreduce 1 0 0 
236 allreduce 4 0 1 
236 allreduce 1 0 0 
236 allreduce 4 0 1 
236 allreduce 1 0 0 
236 allreduce 4 0 1 
236 allreduce 1 0 0 
236 allreduce 4 0 1 
236 allreduce 1 0 0 
236 allreduce 4 0 1 
236 allreduce 1 0 0 
236 allreduce 4 0 1 
236 allreduce 1 0 0 
236 allreduce 4 0 1 
236 allreduce 1 0 0 
236 allreduce 4 0 1 
236 allreduce 1 0 0 
236 allreduce 4 0 1 
236 allreduce 1 0 0 
236 allreduce 4 0 1 
236 allreduce 1 0 0 
236 allreduce 4 0 1 
236 allreduce 1 0 0 
236 allreduce 4 0 1 
236 allreduce 1 0 0 
236 allreduce 4 0 1 
236 allreduce 1 0 0 
236 allreduce 4 0 1 
236 allreduce 1 0 0 
236 allreduce 4 0 1 
236 allreduce 1 0 0 
236 allreduce 4 0 1 
236 barrier
236 irecv 237 1100 200 0
236 irecv 239 1300 200 0
236 send 237 1300 16 0
236 send 239 1100 16 0
236 wait 238 237 1100
236 wait 240 237 1300
236 irecv 240 2100 200 0
236 irecv 232 2300 200 0
236 send 240 2300 40 0
236 send 232 2100 40 0
236 wait 241 237 2100
236 wait 233 237 2300
236 irecv 12 3100 200 0
236 irecv 204 3300 200 0
236 send 12 3300 60 0
236 send 204 3100 60 0
236 wait 13 237 3100
236 wait 205 237 3300
236 barrier
236 irecv 237 1100 200 0
236 irecv 239 1300 200 0
236 send 237 1300 16 0
236 send 239 1100 16 0
236 wait 238 237 1100
236 wait 240 237 1300
236 irecv 240 2100 200 0
236 irecv 232 2300 200 0
236 send 240 2300 40 0
236 send 232 2100 40 0
236 wait 241 237 2100
236 wait 233 237 2300
236 irecv 12 3100 200 0
236 irecv 204 3300 200 0
236 send 12 3300 60 0
236 send 204 3100 60 0
236 wait 13 237 3100
236 wait 205 237 3300
236 allreduce 1 0 0 
236 allreduce 1 0 0 
236 irecv 237 1100 200 0
236 irecv 239 1300 200 0
236 send 237 1300 4 0
236 send 239 1100 4 0
236 wait 238 237 1100
236 wait 240 237 1300
236 irecv 240 2100 200 0
236 irecv 232 2300 200 0
236 send 240 2300 12 0
236 send 232 2100 12 0
236 wait 241 237 2100
236 wait 233 237 2300
236 irecv 12 3100 200 0
236 irecv 204 3300 200 0
236 send 12 3300 24 0
236 send 204 3100 24 0
236 wait 13 237 3100
236 wait 205 237 3300
236 irecv 237 1100 200 0
236 irecv 239 1300 200 0
236 send 237 1300 1 0
236 send 239 1100 1 0
236 wait 238 237 1100
236 wait 240 237 1300
236 irecv 240 2100 200 0
236 irecv 232 2300 200 0
236 send 240 2300 4 0
236 send 232 2100 4 0
236 wait 241 237 2100
236 wait 233 237 2300
236 irecv 12 3100 200 0
236 irecv 204 3300 200 0
236 send 12 3300 12 0
236 send 204 3100 12 0
236 wait 13 237 3100
236 wait 205 237 3300
236 irecv 237 1100 200 0
236 irecv 239 1300 200 0
236 send 237 1300 1 0
236 send 239 1100 1 0
236 wait 238 237 1100
236 wait 240 237 1300
236 irecv 244 2100 200 0
236 irecv 228 2300 200 0
236 send 244 2300 3 0
236 send 228 2100 3 0
236 wait 245 237 2100
236 wait 229 237 2300
236 irecv 44 3100 200 0
236 irecv 172 3300 200 0
236 send 44 3300 9 0
236 send 172 3100 9 0
236 wait 45 237 3100
236 wait 173 237 3300
236 irecv 237 1100 200 0
236 irecv 239 1300 200 0
236 wait 238 237 1100
236 wait 240 237 1300
236 send 244 2300 18 0
236 send 228 2100 9 0
236 send 44 3300 18 0
236 send 172 3100 9 0
236 irecv 237 1100 200 0
236 irecv 239 1300 200 0
236 send 237 1300 1 0
236 send 239 1100 1 0
236 wait 238 237 1100
236 wait 240 237 1300
236 irecv 244 2100 200 0
236 irecv 228 2300 200 0
236 send 244 2300 3 0
236 send 228 2100 3 0
236 wait 245 237 2100
236 wait 229 237 2300
236 irecv 44 3100 200 0
236 irecv 172 3300 200 0
236 send 44 3300 9 0
236 send 172 3100 9 0
236 wait 45 237 3100
236 wait 173 237 3300
236 irecv 237 1100 200 0
236 irecv 239 1300 200 0
236 send 237 1300 1 0
236 send 239 1100 1 0
236 wait 238 237 1100
236 wait 240 237 1300
236 irecv 244 2100 200 0
236 irecv 228 2300 200 0
236 send 244 2300 3 0
236 send 228 2100 3 0
236 wait 245 237 2100
236 wait 229 237 2300
236 irecv 44 3100 200 0
236 irecv 172 3300 200 0
236 send 44 3300 9 0
236 send 172 3100 9 0
236 wait 45 237 3100
236 wait 173 237 3300
236 send 240 2300 24 0
236 send 232 2100 12 0
236 send 12 3300 24 0
236 send 204 3100 12 0
236 irecv 237 1100 200 0
236 irecv 239 1300 200 0
236 send 237 1300 1 0
236 send 239 1100 1 0
236 wait 238 237 1100
236 wait 240 237 1300
236 irecv 240 2100 200 0
236 irecv 232 2300 200 0
236 send 240 2300 4 0
236 send 232 2100 4 0
236 wait 241 237 2100
236 wait 233 237 2300
236 irecv 12 3100 200 0
236 irecv 204 3300 200 0
236 send 12 3300 12 0
236 send 204 3100 12 0
236 wait 13 237 3100
236 wait 205 237 3300
236 irecv 237 1100 200 0
236 irecv 239 1300 200 0
236 send 237 1300 1 0
236 send 239 1100 1 0
236 wait 238 237 1100
236 wait 240 237 1300
236 irecv 240 2100 200 0
236 irecv 232 2300 200 0
236 send 240 2300 4 0
236 send 232 2100 4 0
236 wait 241 237 2100
236 wait 233 237 2300
236 irecv 12 3100 200 0
236 irecv 204 3300 200 0
236 send 12 3300 12 0
236 send 204 3100 12 0
236 wait 13 237 3100
236 wait 205 237 3300
236 irecv 237 1100 200 0
236 irecv 239 1300 200 0
236 send 237 1300 4 0
236 send 239 1100 4 0
236 wait 238 237 1100
236 wait 240 237 1300
236 irecv 240 2100 200 0
236 irecv 232 2300 200 0
236 send 240 2300 12 0
236 send 232 2100 12 0
236 wait 241 237 2100
236 wait 233 237 2300
236 irecv 12 3100 200 0
236 irecv 204 3300 200 0
236 send 12 3300 24 0
236 send 204 3100 24 0
236 wait 13 237 3100
236 wait 205 237 3300
236 irecv 237 1100 200 0
236 irecv 239 1300 200 0
236 send 237 1300 4 0
236 send 239 1100 4 0
236 wait 238 237 1100
236 wait 240 237 1300
236 irecv 240 2100 200 0
236 irecv 232 2300 200 0
236 send 240 2300 12 0
236 send 232 2100 12 0
236 wait 241 237 2100
236 wait 233 237 2300
236 irecv 12 3100 200 0
236 irecv 204 3300 200 0
236 send 12 3300 24 0
236 send 204 3100 24 0
236 wait 13 237 3100
236 wait 205 237 3300
236 irecv 237 1100 200 0
236 irecv 239 1300 200 0
236 send 237 1300 16 0
236 send 239 1100 16 0
236 wait 238 237 1100
236 wait 240 237 1300
236 irecv 240 2100 200 0
236 irecv 232 2300 200 0
236 send 240 2300 40 0
236 send 232 2100 40 0
236 wait 241 237 2100
236 wait 233 237 2300
236 irecv 12 3100 200 0
236 irecv 204 3300 200 0
236 send 12 3300 60 0
236 send 204 3100 60 0
236 wait 13 237 3100
236 wait 205 237 3300
236 irecv 237 1100 200 0
236 irecv 239 1300 200 0
236 send 237 1300 16 0
236 send 239 1100 16 0
236 wait 238 237 1100
236 wait 240 237 1300
236 irecv 240 2100 200 0
236 irecv 232 2300 200 0
236 send 240 2300 40 0
236 send 232 2100 40 0
236 wait 241 237 2100
236 wait 233 237 2300
236 irecv 12 3100 200 0
236 irecv 204 3300 200 0
236 send 12 3300 60 0
236 send 204 3100 60 0
236 wait 13 237 3100
236 wait 205 237 3300
236 irecv 237 1100 200 0
236 irecv 239 1300 200 0
236 send 237 1300 16 0
236 send 239 1100 16 0
236 wait 238 237 1100
236 wait 240 237 1300
236 irecv 240 2100 200 0
236 irecv 232 2300 200 0
236 send 240 2300 40 0
236 send 232 2100 40 0
236 wait 241 237 2100
236 wait 233 237 2300
236 irecv 12 3100 200 0
236 irecv 204 3300 200 0
236 send 12 3300 60 0
236 send 204 3100 60 0
236 wait 13 237 3100
236 wait 205 237 3300
236 irecv 237 1100 200 0
236 irecv 239 1300 200 0
236 send 237 1300 4 0
236 send 239 1100 4 0
236 wait 238 237 1100
236 wait 240 237 1300
236 irecv 240 2100 200 0
236 irecv 232 2300 200 0
236 send 240 2300 12 0
236 send 232 2100 12 0
236 wait 241 237 2100
236 wait 233 237 2300
236 irecv 12 3100 200 0
236 irecv 204 3300 200 0
236 send 12 3300 24 0
236 send 204 3100 24 0
236 wait 13 237 3100
236 wait 205 237 3300
236 irecv 237 1100 200 0
236 irecv 239 1300 200 0
236 send 237 1300 1 0
236 send 239 1100 1 0
236 wait 238 237 1100
236 wait 240 237 1300
236 irecv 240 2100 200 0
236 irecv 232 2300 200 0
236 send 240 2300 4 0
236 send 232 2100 4 0
236 wait 241 237 2100
236 wait 233 237 2300
236 irecv 12 3100 200 0
236 irecv 204 3300 200 0
236 send 12 3300 12 0
236 send 204 3100 12 0
236 wait 13 237 3100
236 wait 205 237 3300
236 irecv 237 1100 200 0
236 irecv 239 1300 200 0
236 send 237 1300 1 0
236 send 239 1100 1 0
236 wait 238 237 1100
236 wait 240 237 1300
236 irecv 244 2100 200 0
236 irecv 228 2300 200 0
236 send 244 2300 3 0
236 send 228 2100 3 0
236 wait 245 237 2100
236 wait 229 237 2300
236 irecv 44 3100 200 0
236 irecv 172 3300 200 0
236 send 44 3300 9 0
236 send 172 3100 9 0
236 wait 45 237 3100
236 wait 173 237 3300
236 irecv 237 1100 200 0
236 irecv 239 1300 200 0
236 wait 238 237 1100
236 wait 240 237 1300
236 send 244 2300 18 0
236 send 228 2100 9 0
236 send 44 3300 18 0
236 send 172 3100 9 0
236 irecv 237 1100 200 0
236 irecv 239 1300 200 0
236 send 237 1300 1 0
236 send 239 1100 1 0
236 wait 238 237 1100
236 wait 240 237 1300
236 irecv 244 2100 200 0
236 irecv 228 2300 200 0
236 send 244 2300 3 0
236 send 228 2100 3 0
236 wait 245 237 2100
236 wait 229 237 2300
236 irecv 44 3100 200 0
236 irecv 172 3300 200 0
236 send 44 3300 9 0
236 send 172 3100 9 0
236 wait 45 237 3100
236 wait 173 237 3300
236 irecv 237 1100 200 0
236 irecv 239 1300 200 0
236 send 237 1300 1 0
236 send 239 1100 1 0
236 wait 238 237 1100
236 wait 240 237 1300
236 irecv 244 2100 200 0
236 irecv 228 2300 200 0
236 send 244 2300 3 0
236 send 228 2100 3 0
236 wait 245 237 2100
236 wait 229 237 2300
236 irecv 44 3100 200 0
236 irecv 172 3300 200 0
236 send 44 3300 9 0
236 send 172 3100 9 0
236 wait 45 237 3100
236 wait 173 237 3300
236 send 240 2300 24 0
236 send 232 2100 12 0
236 send 12 3300 24 0
236 send 204 3100 12 0
236 irecv 237 1100 200 0
236 irecv 239 1300 200 0
236 send 237 1300 1 0
236 send 239 1100 1 0
236 wait 238 237 1100
236 wait 240 237 1300
236 irecv 240 2100 200 0
236 irecv 232 2300 200 0
236 send 240 2300 4 0
236 send 232 2100 4 0
236 wait 241 237 2100
236 wait 233 237 2300
236 irecv 12 3100 200 0
236 irecv 204 3300 200 0
236 send 12 3300 12 0
236 send 204 3100 12 0
236 wait 13 237 3100
236 wait 205 237 3300
236 irecv 237 1100 200 0
236 irecv 239 1300 200 0
236 send 237 1300 1 0
236 send 239 1100 1 0
236 wait 238 237 1100
236 wait 240 237 1300
236 irecv 240 2100 200 0
236 irecv 232 2300 200 0
236 send 240 2300 4 0
236 send 232 2100 4 0
236 wait 241 237 2100
236 wait 233 237 2300
236 irecv 12 3100 200 0
236 irecv 204 3300 200 0
236 send 12 3300 12 0
236 send 204 3100 12 0
236 wait 13 237 3100
236 wait 205 237 3300
236 irecv 237 1100 200 0
236 irecv 239 1300 200 0
236 send 237 1300 4 0
236 send 239 1100 4 0
236 wait 238 237 1100
236 wait 240 237 1300
236 irecv 240 2100 200 0
236 irecv 232 2300 200 0
236 send 240 2300 12 0
236 send 232 2100 12 0
236 wait 241 237 2100
236 wait 233 237 2300
236 irecv 12 3100 200 0
236 irecv 204 3300 200 0
236 send 12 3300 24 0
236 send 204 3100 24 0
236 wait 13 237 3100
236 wait 205 237 3300
236 irecv 237 1100 200 0
236 irecv 239 1300 200 0
236 send 237 1300 4 0
236 send 239 1100 4 0
236 wait 238 237 1100
236 wait 240 237 1300
236 irecv 240 2100 200 0
236 irecv 232 2300 200 0
236 send 240 2300 12 0
236 send 232 2100 12 0
236 wait 241 237 2100
236 wait 233 237 2300
236 irecv 12 3100 200 0
236 irecv 204 3300 200 0
236 send 12 3300 24 0
236 send 204 3100 24 0
236 wait 13 237 3100
236 wait 205 237 3300
236 irecv 237 1100 200 0
236 irecv 239 1300 200 0
236 send 237 1300 16 0
236 send 239 1100 16 0
236 wait 238 237 1100
236 wait 240 237 1300
236 irecv 240 2100 200 0
236 irecv 232 2300 200 0
236 send 240 2300 40 0
236 send 232 2100 40 0
236 wait 241 237 2100
236 wait 233 237 2300
236 irecv 12 3100 200 0
236 irecv 204 3300 200 0
236 send 12 3300 60 0
236 send 204 3100 60 0
236 wait 13 237 3100
236 wait 205 237 3300
236 irecv 237 1100 200 0
236 irecv 239 1300 200 0
236 send 237 1300 16 0
236 send 239 1100 16 0
236 wait 238 237 1100
236 wait 240 237 1300
236 irecv 240 2100 200 0
236 irecv 232 2300 200 0
236 send 240 2300 40 0
236 send 232 2100 40 0
236 wait 241 237 2100
236 wait 233 237 2300
236 irecv 12 3100 200 0
236 irecv 204 3300 200 0
236 send 12 3300 60 0
236 send 204 3100 60 0
236 wait 13 237 3100
236 wait 205 237 3300
236 irecv 237 1100 200 0
236 irecv 239 1300 200 0
236 send 237 1300 16 0
236 send 239 1100 16 0
236 wait 238 237 1100
236 wait 240 237 1300
236 irecv 240 2100 200 0
236 irecv 232 2300 200 0
236 send 240 2300 40 0
236 send 232 2100 40 0
236 wait 241 237 2100
236 wait 233 237 2300
236 irecv 12 3100 200 0
236 irecv 204 3300 200 0
236 send 12 3300 60 0
236 send 204 3100 60 0
236 wait 13 237 3100
236 wait 205 237 3300
236 irecv 237 1100 200 0
236 irecv 239 1300 200 0
236 send 237 1300 4 0
236 send 239 1100 4 0
236 wait 238 237 1100
236 wait 240 237 1300
236 irecv 240 2100 200 0
236 irecv 232 2300 200 0
236 send 240 2300 12 0
236 send 232 2100 12 0
236 wait 241 237 2100
236 wait 233 237 2300
236 irecv 12 3100 200 0
236 irecv 204 3300 200 0
236 send 12 3300 24 0
236 send 204 3100 24 0
236 wait 13 237 3100
236 wait 205 237 3300
236 irecv 237 1100 200 0
236 irecv 239 1300 200 0
236 send 237 1300 1 0
236 send 239 1100 1 0
236 wait 238 237 1100
236 wait 240 237 1300
236 irecv 240 2100 200 0
236 irecv 232 2300 200 0
236 send 240 2300 4 0
236 send 232 2100 4 0
236 wait 241 237 2100
236 wait 233 237 2300
236 irecv 12 3100 200 0
236 irecv 204 3300 200 0
236 send 12 3300 12 0
236 send 204 3100 12 0
236 wait 13 237 3100
236 wait 205 237 3300
236 irecv 237 1100 200 0
236 irecv 239 1300 200 0
236 send 237 1300 1 0
236 send 239 1100 1 0
236 wait 238 237 1100
236 wait 240 237 1300
236 irecv 244 2100 200 0
236 irecv 228 2300 200 0
236 send 244 2300 3 0
236 send 228 2100 3 0
236 wait 245 237 2100
236 wait 229 237 2300
236 irecv 44 3100 200 0
236 irecv 172 3300 200 0
236 send 44 3300 9 0
236 send 172 3100 9 0
236 wait 45 237 3100
236 wait 173 237 3300
236 irecv 237 1100 200 0
236 irecv 239 1300 200 0
236 wait 238 237 1100
236 wait 240 237 1300
236 send 244 2300 18 0
236 send 228 2100 9 0
236 send 44 3300 18 0
236 send 172 3100 9 0
236 irecv 237 1100 200 0
236 irecv 239 1300 200 0
236 send 237 1300 1 0
236 send 239 1100 1 0
236 wait 238 237 1100
236 wait 240 237 1300
236 irecv 244 2100 200 0
236 irecv 228 2300 200 0
236 send 244 2300 3 0
236 send 228 2100 3 0
236 wait 245 237 2100
236 wait 229 237 2300
236 irecv 44 3100 200 0
236 irecv 172 3300 200 0
236 send 44 3300 9 0
236 send 172 3100 9 0
236 wait 45 237 3100
236 wait 173 237 3300
236 irecv 237 1100 200 0
236 irecv 239 1300 200 0
236 send 237 1300 1 0
236 send 239 1100 1 0
236 wait 238 237 1100
236 wait 240 237 1300
236 irecv 244 2100 200 0
236 irecv 228 2300 200 0
236 send 244 2300 3 0
236 send 228 2100 3 0
236 wait 245 237 2100
236 wait 229 237 2300
236 irecv 44 3100 200 0
236 irecv 172 3300 200 0
236 send 44 3300 9 0
236 send 172 3100 9 0
236 wait 45 237 3100
236 wait 173 237 3300
236 send 240 2300 24 0
236 send 232 2100 12 0
236 send 12 3300 24 0
236 send 204 3100 12 0
236 irecv 237 1100 200 0
236 irecv 239 1300 200 0
236 send 237 1300 1 0
236 send 239 1100 1 0
236 wait 238 237 1100
236 wait 240 237 1300
236 irecv 240 2100 200 0
236 irecv 232 2300 200 0
236 send 240 2300 4 0
236 send 232 2100 4 0
236 wait 241 237 2100
236 wait 233 237 2300
236 irecv 12 3100 200 0
236 irecv 204 3300 200 0
236 send 12 3300 12 0
236 send 204 3100 12 0
236 wait 13 237 3100
236 wait 205 237 3300
236 irecv 237 1100 200 0
236 irecv 239 1300 200 0
236 send 237 1300 1 0
236 send 239 1100 1 0
236 wait 238 237 1100
236 wait 240 237 1300
236 irecv 240 2100 200 0
236 irecv 232 2300 200 0
236 send 240 2300 4 0
236 send 232 2100 4 0
236 wait 241 237 2100
236 wait 233 237 2300
236 irecv 12 3100 200 0
236 irecv 204 3300 200 0
236 send 12 3300 12 0
236 send 204 3100 12 0
236 wait 13 237 3100
236 wait 205 237 3300
236 irecv 237 1100 200 0
236 irecv 239 1300 200 0
236 send 237 1300 4 0
236 send 239 1100 4 0
236 wait 238 237 1100
236 wait 240 237 1300
236 irecv 240 2100 200 0
236 irecv 232 2300 200 0
236 send 240 2300 12 0
236 send 232 2100 12 0
236 wait 241 237 2100
236 wait 233 237 2300
236 irecv 12 3100 200 0
236 irecv 204 3300 200 0
236 send 12 3300 24 0
236 send 204 3100 24 0
236 wait 13 237 3100
236 wait 205 237 3300
236 irecv 237 1100 200 0
236 irecv 239 1300 200 0
236 send 237 1300 4 0
236 send 239 1100 4 0
236 wait 238 237 1100
236 wait 240 237 1300
236 irecv 240 2100 200 0
236 irecv 232 2300 200 0
236 send 240 2300 12 0
236 send 232 2100 12 0
236 wait 241 237 2100
236 wait 233 237 2300
236 irecv 12 3100 200 0
236 irecv 204 3300 200 0
236 send 12 3300 24 0
236 send 204 3100 24 0
236 wait 13 237 3100
236 wait 205 237 3300
236 irecv 237 1100 200 0
236 irecv 239 1300 200 0
236 send 237 1300 16 0
236 send 239 1100 16 0
236 wait 238 237 1100
236 wait 240 237 1300
236 irecv 240 2100 200 0
236 irecv 232 2300 200 0
236 send 240 2300 40 0
236 send 232 2100 40 0
236 wait 241 237 2100
236 wait 233 237 2300
236 irecv 12 3100 200 0
236 irecv 204 3300 200 0
236 send 12 3300 60 0
236 send 204 3100 60 0
236 wait 13 237 3100
236 wait 205 237 3300
236 irecv 237 1100 200 0
236 irecv 239 1300 200 0
236 send 237 1300 16 0
236 send 239 1100 16 0
236 wait 238 237 1100
236 wait 240 237 1300
236 irecv 240 2100 200 0
236 irecv 232 2300 200 0
236 send 240 2300 40 0
236 send 232 2100 40 0
236 wait 241 237 2100
236 wait 233 237 2300
236 irecv 12 3100 200 0
236 irecv 204 3300 200 0
236 send 12 3300 60 0
236 send 204 3100 60 0
236 wait 13 237 3100
236 wait 205 237 3300
236 irecv 237 1100 200 0
236 irecv 239 1300 200 0
236 send 237 1300 16 0
236 send 239 1100 16 0
236 wait 238 237 1100
236 wait 240 237 1300
236 irecv 240 2100 200 0
236 irecv 232 2300 200 0
236 send 240 2300 40 0
236 send 232 2100 40 0
236 wait 241 237 2100
236 wait 233 237 2300
236 irecv 12 3100 200 0
236 irecv 204 3300 200 0
236 send 12 3300 60 0
236 send 204 3100 60 0
236 wait 13 237 3100
236 wait 205 237 3300
236 irecv 237 1100 200 0
236 irecv 239 1300 200 0
236 send 237 1300 4 0
236 send 239 1100 4 0
236 wait 238 237 1100
236 wait 240 237 1300
236 irecv 240 2100 200 0
236 irecv 232 2300 200 0
236 send 240 2300 12 0
236 send 232 2100 12 0
236 wait 241 237 2100
236 wait 233 237 2300
236 irecv 12 3100 200 0
236 irecv 204 3300 200 0
236 send 12 3300 24 0
236 send 204 3100 24 0
236 wait 13 237 3100
236 wait 205 237 3300
236 irecv 237 1100 200 0
236 irecv 239 1300 200 0
236 send 237 1300 1 0
236 send 239 1100 1 0
236 wait 238 237 1100
236 wait 240 237 1300
236 irecv 240 2100 200 0
236 irecv 232 2300 200 0
236 send 240 2300 4 0
236 send 232 2100 4 0
236 wait 241 237 2100
236 wait 233 237 2300
236 irecv 12 3100 200 0
236 irecv 204 3300 200 0
236 send 12 3300 12 0
236 send 204 3100 12 0
236 wait 13 237 3100
236 wait 205 237 3300
236 irecv 237 1100 200 0
236 irecv 239 1300 200 0
236 send 237 1300 1 0
236 send 239 1100 1 0
236 wait 238 237 1100
236 wait 240 237 1300
236 irecv 244 2100 200 0
236 irecv 228 2300 200 0
236 send 244 2300 3 0
236 send 228 2100 3 0
236 wait 245 237 2100
236 wait 229 237 2300
236 irecv 44 3100 200 0
236 irecv 172 3300 200 0
236 send 44 3300 9 0
236 send 172 3100 9 0
236 wait 45 237 3100
236 wait 173 237 3300
236 irecv 237 1100 200 0
236 irecv 239 1300 200 0
236 wait 238 237 1100
236 wait 240 237 1300
236 send 244 2300 18 0
236 send 228 2100 9 0
236 send 44 3300 18 0
236 send 172 3100 9 0
236 irecv 237 1100 200 0
236 irecv 239 1300 200 0
236 send 237 1300 1 0
236 send 239 1100 1 0
236 wait 238 237 1100
236 wait 240 237 1300
236 irecv 244 2100 200 0
236 irecv 228 2300 200 0
236 send 244 2300 3 0
236 send 228 2100 3 0
236 wait 245 237 2100
236 wait 229 237 2300
236 irecv 44 3100 200 0
236 irecv 172 3300 200 0
236 send 44 3300 9 0
236 send 172 3100 9 0
236 wait 45 237 3100
236 wait 173 237 3300
236 irecv 237 1100 200 0
236 irecv 239 1300 200 0
236 send 237 1300 1 0
236 send 239 1100 1 0
236 wait 238 237 1100
236 wait 240 237 1300
236 irecv 244 2100 200 0
236 irecv 228 2300 200 0
236 send 244 2300 3 0
236 send 228 2100 3 0
236 wait 245 237 2100
236 wait 229 237 2300
236 irecv 44 3100 200 0
236 irecv 172 3300 200 0
236 send 44 3300 9 0
236 send 172 3100 9 0
236 wait 45 237 3100
236 wait 173 237 3300
236 send 240 2300 24 0
236 send 232 2100 12 0
236 send 12 3300 24 0
236 send 204 3100 12 0
236 irecv 237 1100 200 0
236 irecv 239 1300 200 0
236 send 237 1300 1 0
236 send 239 1100 1 0
236 wait 238 237 1100
236 wait 240 237 1300
236 irecv 240 2100 200 0
236 irecv 232 2300 200 0
236 send 240 2300 4 0
236 send 232 2100 4 0
236 wait 241 237 2100
236 wait 233 237 2300
236 irecv 12 3100 200 0
236 irecv 204 3300 200 0
236 send 12 3300 12 0
236 send 204 3100 12 0
236 wait 13 237 3100
236 wait 205 237 3300
236 irecv 237 1100 200 0
236 irecv 239 1300 200 0
236 send 237 1300 1 0
236 send 239 1100 1 0
236 wait 238 237 1100
236 wait 240 237 1300
236 irecv 240 2100 200 0
236 irecv 232 2300 200 0
236 send 240 2300 4 0
236 send 232 2100 4 0
236 wait 241 237 2100
236 wait 233 237 2300
236 irecv 12 3100 200 0
236 irecv 204 3300 200 0
236 send 12 3300 12 0
236 send 204 3100 12 0
236 wait 13 237 3100
236 wait 205 237 3300
236 irecv 237 1100 200 0
236 irecv 239 1300 200 0
236 send 237 1300 4 0
236 send 239 1100 4 0
236 wait 238 237 1100
236 wait 240 237 1300
236 irecv 240 2100 200 0
236 irecv 232 2300 200 0
236 send 240 2300 12 0
236 send 232 2100 12 0
236 wait 241 237 2100
236 wait 233 237 2300
236 irecv 12 3100 200 0
236 irecv 204 3300 200 0
236 send 12 3300 24 0
236 send 204 3100 24 0
236 wait 13 237 3100
236 wait 205 237 3300
236 irecv 237 1100 200 0
236 irecv 239 1300 200 0
236 send 237 1300 4 0
236 send 239 1100 4 0
236 wait 238 237 1100
236 wait 240 237 1300
236 irecv 240 2100 200 0
236 irecv 232 2300 200 0
236 send 240 2300 12 0
236 send 232 2100 12 0
236 wait 241 237 2100
236 wait 233 237 2300
236 irecv 12 3100 200 0
236 irecv 204 3300 200 0
236 send 12 3300 24 0
236 send 204 3100 24 0
236 wait 13 237 3100
236 wait 205 237 3300
236 irecv 237 1100 200 0
236 irecv 239 1300 200 0
236 send 237 1300 16 0
236 send 239 1100 16 0
236 wait 238 237 1100
236 wait 240 237 1300
236 irecv 240 2100 200 0
236 irecv 232 2300 200 0
236 send 240 2300 40 0
236 send 232 2100 40 0
236 wait 241 237 2100
236 wait 233 237 2300
236 irecv 12 3100 200 0
236 irecv 204 3300 200 0
236 send 12 3300 60 0
236 send 204 3100 60 0
236 wait 13 237 3100
236 wait 205 237 3300
236 irecv 237 1100 200 0
236 irecv 239 1300 200 0
236 send 237 1300 16 0
236 send 239 1100 16 0
236 wait 238 237 1100
236 wait 240 237 1300
236 irecv 240 2100 200 0
236 irecv 232 2300 200 0
236 send 240 2300 40 0
236 send 232 2100 40 0
236 wait 241 237 2100
236 wait 233 237 2300
236 irecv 12 3100 200 0
236 irecv 204 3300 200 0
236 send 12 3300 60 0
236 send 204 3100 60 0
236 wait 13 237 3100
236 wait 205 237 3300
236 irecv 237 1100 200 0
236 irecv 239 1300 200 0
236 send 237 1300 16 0
236 send 239 1100 16 0
236 wait 238 237 1100
236 wait 240 237 1300
236 irecv 240 2100 200 0
236 irecv 232 2300 200 0
236 send 240 2300 40 0
236 send 232 2100 40 0
236 wait 241 237 2100
236 wait 233 237 2300
236 irecv 12 3100 200 0
236 irecv 204 3300 200 0
236 send 12 3300 60 0
236 send 204 3100 60 0
236 wait 13 237 3100
236 wait 205 237 3300
236 allreduce 1 0 0 
236 allreduce 1 0 0 
236 reduce 1 0 0 0 
236 finalize
