138 init
138 barrier
138 bcast 1 0 1 
138 bcast 1 0 1 
138 bcast 1 0 1 
138 bcast 1 0 1 
138 bcast 1 0 1 
138 bcast 8 0 1 
138 bcast 1 0 16 
138 barrier
138 allreduce 1 0 0 
138 allreduce 4 0 1 
138 allreduce 1 0 0 
138 allreduce 4 0 1 
138 allreduce 1 0 0 
138 allreduce 4 0 1 
138 allreduce 1 0 0 
138 allreduce 4 0 1 
138 allreduce 1 0 0 
138 allreduce 4 0 1 
138 allreduce 1 0 0 
138 allreduce 4 0 1 
138 allreduce 1 0 0 
138 allreduce 4 0 1 
138 allreduce 1 0 0 
138 allreduce 4 0 1 
138 allreduce 1 0 0 
138 allreduce 4 0 1 
138 allreduce 1 0 0 
138 allreduce 4 0 1 
138 allreduce 1 0 0 
138 allreduce 4 0 1 
138 allreduce 1 0 0 
138 allreduce 4 0 1 
138 allreduce 1 0 0 
138 allreduce 4 0 1 
138 allreduce 1 0 0 
138 allreduce 4 0 1 
138 allreduce 1 0 0 
138 allreduce 4 0 1 
138 allreduce 1 0 0 
138 allreduce 4 0 1 
138 allreduce 1 0 0 
138 allreduce 4 0 1 
138 allreduce 1 0 0 
138 allreduce 4 0 1 
138 allreduce 1 0 0 
138 allreduce 4 0 1 
138 allreduce 1 0 0 
138 allreduce 4 0 1 
138 barrier
138 irecv 139 1100 200 0
138 irecv 137 1300 200 0
138 send 139 1300 16 0
138 send 137 1100 16 0
138 wait 140 139 1100
138 wait 138 139 1300
138 irecv 142 2100 200 0
138 irecv 134 2300 200 0
138 send 142 2300 40 0
138 send 134 2100 40 0
138 wait 143 139 2100
138 wait 135 139 2300
138 irecv 170 3100 200 0
138 irecv 106 3300 200 0
138 send 170 3300 60 0
138 send 106 3100 60 0
138 wait 171 139 3100
138 wait 107 139 3300
138 allreduce 1 0 0 
138 allreduce 1 0 0 
138 irecv 139 1100 200 0
138 irecv 137 1300 200 0
138 send 139 1300 16 0
138 send 137 1100 16 0
138 wait 140 139 1100
138 wait 138 139 1300
138 irecv 142 2100 200 0
138 irecv 134 2300 200 0
138 send 142 2300 40 0
138 send 134 2100 40 0
138 wait 143 139 2100
138 wait 135 139 2300
138 irecv 170 3100 200 0
138 irecv 106 3300 200 0
138 send 170 3300 60 0
138 send 106 3100 60 0
138 wait 171 139 3100
138 wait 107 139 3300
138 allreduce 1 0 0 
138 allreduce 1 0 0 
138 irecv 139 1100 200 0
138 irecv 137 1300 200 0
138 send 139 1300 4 0
138 send 137 1100 4 0
138 wait 140 139 1100
138 wait 138 139 1300
138 irecv 142 2100 200 0
138 irecv 134 2300 200 0
138 send 142 2300 12 0
138 send 134 2100 12 0
138 wait 143 139 2100
138 wait 135 139 2300
138 irecv 170 3100 200 0
138 irecv 106 3300 200 0
138 send 170 3300 24 0
138 send 106 3100 24 0
138 wait 171 139 3100
138 wait 107 139 3300
138 irecv 139 1100 200 0
138 irecv 137 1300 200 0
138 send 139 1300 1 0
138 send 137 1100 1 0
138 wait 140 139 1100
138 wait 138 139 1300
138 irecv 142 2100 200 0
138 irecv 134 2300 200 0
138 send 142 2300 4 0
138 send 134 2100 4 0
138 wait 143 139 2100
138 wait 135 139 2300
138 irecv 170 3100 200 0
138 irecv 106 3300 200 0
138 send 170 3300 12 0
138 send 106 3100 12 0
138 wait 171 139 3100
138 wait 107 139 3300
138 irecv 139 1100 200 0
138 irecv 137 1300 200 0
138 wait 140 139 1100
138 wait 138 139 1300
138 irecv 142 2100 200 0
138 irecv 134 2300 200 0
138 wait 143 139 2100
138 wait 135 139 2300
138 irecv 170 3100 200 0
138 irecv 106 3300 200 0
138 wait 171 139 3100
138 wait 107 139 3300
138 irecv 139 1100 200 0
138 irecv 137 1300 200 0
138 send 139 1300 1 0
138 send 137 1100 1 0
138 wait 140 139 1100
138 wait 138 139 1300
138 irecv 142 2100 200 0
138 irecv 134 2300 200 0
138 send 142 2300 4 0
138 send 134 2100 4 0
138 wait 143 139 2100
138 wait 135 139 2300
138 irecv 170 3100 200 0
138 irecv 106 3300 200 0
138 send 170 3300 12 0
138 send 106 3100 12 0
138 wait 171 139 3100
138 wait 107 139 3300
138 irecv 139 1100 200 0
138 irecv 137 1300 200 0
138 send 139 1300 1 0
138 send 137 1100 1 0
138 wait 140 139 1100
138 wait 138 139 1300
138 irecv 142 2100 200 0
138 irecv 134 2300 200 0
138 send 142 2300 4 0
138 send 134 2100 4 0
138 wait 143 139 2100
138 wait 135 139 2300
138 irecv 170 3100 200 0
138 irecv 106 3300 200 0
138 send 170 3300 12 0
138 send 106 3100 12 0
138 wait 171 139 3100
138 wait 107 139 3300
138 irecv 139 1100 200 0
138 irecv 137 1300 200 0
138 send 139 1300 4 0
138 send 137 1100 4 0
138 wait 140 139 1100
138 wait 138 139 1300
138 irecv 142 2100 200 0
138 irecv 134 2300 200 0
138 send 142 2300 12 0
138 send 134 2100 12 0
138 wait 143 139 2100
138 wait 135 139 2300
138 irecv 170 3100 200 0
138 irecv 106 3300 200 0
138 send 170 3300 24 0
138 send 106 3100 24 0
138 wait 171 139 3100
138 wait 107 139 3300
138 irecv 139 1100 200 0
138 irecv 137 1300 200 0
138 send 139 1300 4 0
138 send 137 1100 4 0
138 wait 140 139 1100
138 wait 138 139 1300
138 irecv 142 2100 200 0
138 irecv 134 2300 200 0
138 send 142 2300 12 0
138 send 134 2100 12 0
138 wait 143 139 2100
138 wait 135 139 2300
138 irecv 170 3100 200 0
138 irecv 106 3300 200 0
138 send 170 3300 24 0
138 send 106 3100 24 0
138 wait 171 139 3100
138 wait 107 139 3300
138 irecv 139 1100 200 0
138 irecv 137 1300 200 0
138 send 139 1300 16 0
138 send 137 1100 16 0
138 wait 140 139 1100
138 wait 138 139 1300
138 irecv 142 2100 200 0
138 irecv 134 2300 200 0
138 send 142 2300 40 0
138 send 134 2100 40 0
138 wait 143 139 2100
138 wait 135 139 2300
138 irecv 170 3100 200 0
138 irecv 106 3300 200 0
138 send 170 3300 60 0
138 send 106 3100 60 0
138 wait 171 139 3100
138 wait 107 139 3300
138 irecv 139 1100 200 0
138 irecv 137 1300 200 0
138 send 139 1300 16 0
138 send 137 1100 16 0
138 wait 140 139 1100
138 wait 138 139 1300
138 irecv 142 2100 200 0
138 irecv 134 2300 200 0
138 send 142 2300 40 0
138 send 134 2100 40 0
138 wait 143 139 2100
138 wait 135 139 2300
138 irecv 170 3100 200 0
138 irecv 106 3300 200 0
138 send 170 3300 60 0
138 send 106 3100 60 0
138 wait 171 139 3100
138 wait 107 139 3300
138 irecv 139 1100 200 0
138 irecv 137 1300 200 0
138 send 139 1300 16 0
138 send 137 1100 16 0
138 wait 140 139 1100
138 wait 138 139 1300
138 irecv 142 2100 200 0
138 irecv 134 2300 200 0
138 send 142 2300 40 0
138 send 134 2100 40 0
138 wait 143 139 2100
138 wait 135 139 2300
138 irecv 170 3100 200 0
138 irecv 106 3300 200 0
138 send 170 3300 60 0
138 send 106 3100 60 0
138 wait 171 139 3100
138 wait 107 139 3300
138 barrier
138 allreduce 1 0 0 
138 allreduce 4 0 1 
138 allreduce 1 0 0 
138 allreduce 4 0 1 
138 allreduce 1 0 0 
138 allreduce 4 0 1 
138 allreduce 1 0 0 
138 allreduce 4 0 1 
138 allreduce 1 0 0 
138 allreduce 4 0 1 
138 allreduce 1 0 0 
138 allreduce 4 0 1 
138 allreduce 1 0 0 
138 allreduce 4 0 1 
138 allreduce 1 0 0 
138 allreduce 4 0 1 
138 allreduce 1 0 0 
138 allreduce 4 0 1 
138 allreduce 1 0 0 
138 allreduce 4 0 1 
138 allreduce 1 0 0 
138 allreduce 4 0 1 
138 allreduce 1 0 0 
138 allreduce 4 0 1 
138 allreduce 1 0 0 
138 allreduce 4 0 1 
138 allreduce 1 0 0 
138 allreduce 4 0 1 
138 allreduce 1 0 0 
138 allreduce 4 0 1 
138 allreduce 1 0 0 
138 allreduce 4 0 1 
138 allreduce 1 0 0 
138 allreduce 4 0 1 
138 allreduce 1 0 0 
138 allreduce 4 0 1 
138 allreduce 1 0 0 
138 allreduce 4 0 1 
138 allreduce 1 0 0 
138 allreduce 4 0 1 
138 barrier
138 irecv 139 1100 200 0
138 irecv 137 1300 200 0
138 send 139 1300 16 0
138 send 137 1100 16 0
138 wait 140 139 1100
138 wait 138 139 1300
138 irecv 142 2100 200 0
138 irecv 134 2300 200 0
138 send 142 2300 40 0
138 send 134 2100 40 0
138 wait 143 139 2100
138 wait 135 139 2300
138 irecv 170 3100 200 0
138 irecv 106 3300 200 0
138 send 170 3300 60 0
138 send 106 3100 60 0
138 wait 171 139 3100
138 wait 107 139 3300
138 barrier
138 irecv 139 1100 200 0
138 irecv 137 1300 200 0
138 send 139 1300 16 0
138 send 137 1100 16 0
138 wait 140 139 1100
138 wait 138 139 1300
138 irecv 142 2100 200 0
138 irecv 134 2300 200 0
138 send 142 2300 40 0
138 send 134 2100 40 0
138 wait 143 139 2100
138 wait 135 139 2300
138 irecv 170 3100 200 0
138 irecv 106 3300 200 0
138 send 170 3300 60 0
138 send 106 3100 60 0
138 wait 171 139 3100
138 wait 107 139 3300
138 allreduce 1 0 0 
138 allreduce 1 0 0 
138 irecv 139 1100 200 0
138 irecv 137 1300 200 0
138 send 139 1300 4 0
138 send 137 1100 4 0
138 wait 140 139 1100
138 wait 138 139 1300
138 irecv 142 2100 200 0
138 irecv 134 2300 200 0
138 send 142 2300 12 0
138 send 134 2100 12 0
138 wait 143 139 2100
138 wait 135 139 2300
138 irecv 170 3100 200 0
138 irecv 106 3300 200 0
138 send 170 3300 24 0
138 send 106 3100 24 0
138 wait 171 139 3100
138 wait 107 139 3300
138 irecv 139 1100 200 0
138 irecv 137 1300 200 0
138 send 139 1300 1 0
138 send 137 1100 1 0
138 wait 140 139 1100
138 wait 138 139 1300
138 irecv 142 2100 200 0
138 irecv 134 2300 200 0
138 send 142 2300 4 0
138 send 134 2100 4 0
138 wait 143 139 2100
138 wait 135 139 2300
138 irecv 170 3100 200 0
138 irecv 106 3300 200 0
138 send 170 3300 12 0
138 send 106 3100 12 0
138 wait 171 139 3100
138 wait 107 139 3300
138 irecv 139 1100 200 0
138 irecv 137 1300 200 0
138 wait 140 139 1100
138 wait 138 139 1300
138 irecv 142 2100 200 0
138 irecv 134 2300 200 0
138 wait 143 139 2100
138 wait 135 139 2300
138 irecv 170 3100 200 0
138 irecv 106 3300 200 0
138 wait 171 139 3100
138 wait 107 139 3300
138 irecv 139 1100 200 0
138 irecv 137 1300 200 0
138 send 139 1300 1 0
138 send 137 1100 1 0
138 wait 140 139 1100
138 wait 138 139 1300
138 irecv 142 2100 200 0
138 irecv 134 2300 200 0
138 send 142 2300 4 0
138 send 134 2100 4 0
138 wait 143 139 2100
138 wait 135 139 2300
138 irecv 170 3100 200 0
138 irecv 106 3300 200 0
138 send 170 3300 12 0
138 send 106 3100 12 0
138 wait 171 139 3100
138 wait 107 139 3300
138 irecv 139 1100 200 0
138 irecv 137 1300 200 0
138 send 139 1300 1 0
138 send 137 1100 1 0
138 wait 140 139 1100
138 wait 138 139 1300
138 irecv 142 2100 200 0
138 irecv 134 2300 200 0
138 send 142 2300 4 0
138 send 134 2100 4 0
138 wait 143 139 2100
138 wait 135 139 2300
138 irecv 170 3100 200 0
138 irecv 106 3300 200 0
138 send 170 3300 12 0
138 send 106 3100 12 0
138 wait 171 139 3100
138 wait 107 139 3300
138 irecv 139 1100 200 0
138 irecv 137 1300 200 0
138 send 139 1300 4 0
138 send 137 1100 4 0
138 wait 140 139 1100
138 wait 138 139 1300
138 irecv 142 2100 200 0
138 irecv 134 2300 200 0
138 send 142 2300 12 0
138 send 134 2100 12 0
138 wait 143 139 2100
138 wait 135 139 2300
138 irecv 170 3100 200 0
138 irecv 106 3300 200 0
138 send 170 3300 24 0
138 send 106 3100 24 0
138 wait 171 139 3100
138 wait 107 139 3300
138 irecv 139 1100 200 0
138 irecv 137 1300 200 0
138 send 139 1300 4 0
138 send 137 1100 4 0
138 wait 140 139 1100
138 wait 138 139 1300
138 irecv 142 2100 200 0
138 irecv 134 2300 200 0
138 send 142 2300 12 0
138 send 134 2100 12 0
138 wait 143 139 2100
138 wait 135 139 2300
138 irecv 170 3100 200 0
138 irecv 106 3300 200 0
138 send 170 3300 24 0
138 send 106 3100 24 0
138 wait 171 139 3100
138 wait 107 139 3300
138 irecv 139 1100 200 0
138 irecv 137 1300 200 0
138 send 139 1300 16 0
138 send 137 1100 16 0
138 wait 140 139 1100
138 wait 138 139 1300
138 irecv 142 2100 200 0
138 irecv 134 2300 200 0
138 send 142 2300 40 0
138 send 134 2100 40 0
138 wait 143 139 2100
138 wait 135 139 2300
138 irecv 170 3100 200 0
138 irecv 106 3300 200 0
138 send 170 3300 60 0
138 send 106 3100 60 0
138 wait 171 139 3100
138 wait 107 139 3300
138 irecv 139 1100 200 0
138 irecv 137 1300 200 0
138 send 139 1300 16 0
138 send 137 1100 16 0
138 wait 140 139 1100
138 wait 138 139 1300
138 irecv 142 2100 200 0
138 irecv 134 2300 200 0
138 send 142 2300 40 0
138 send 134 2100 40 0
138 wait 143 139 2100
138 wait 135 139 2300
138 irecv 170 3100 200 0
138 irecv 106 3300 200 0
138 send 170 3300 60 0
138 send 106 3100 60 0
138 wait 171 139 3100
138 wait 107 139 3300
138 irecv 139 1100 200 0
138 irecv 137 1300 200 0
138 send 139 1300 16 0
138 send 137 1100 16 0
138 wait 140 139 1100
138 wait 138 139 1300
138 irecv 142 2100 200 0
138 irecv 134 2300 200 0
138 send 142 2300 40 0
138 send 134 2100 40 0
138 wait 143 139 2100
138 wait 135 139 2300
138 irecv 170 3100 200 0
138 irecv 106 3300 200 0
138 send 170 3300 60 0
138 send 106 3100 60 0
138 wait 171 139 3100
138 wait 107 139 3300
138 irecv 139 1100 200 0
138 irecv 137 1300 200 0
138 send 139 1300 4 0
138 send 137 1100 4 0
138 wait 140 139 1100
138 wait 138 139 1300
138 irecv 142 2100 200 0
138 irecv 134 2300 200 0
138 send 142 2300 12 0
138 send 134 2100 12 0
138 wait 143 139 2100
138 wait 135 139 2300
138 irecv 170 3100 200 0
138 irecv 106 3300 200 0
138 send 170 3300 24 0
138 send 106 3100 24 0
138 wait 171 139 3100
138 wait 107 139 3300
138 irecv 139 1100 200 0
138 irecv 137 1300 200 0
138 send 139 1300 1 0
138 send 137 1100 1 0
138 wait 140 139 1100
138 wait 138 139 1300
138 irecv 142 2100 200 0
138 irecv 134 2300 200 0
138 send 142 2300 4 0
138 send 134 2100 4 0
138 wait 143 139 2100
138 wait 135 139 2300
138 irecv 170 3100 200 0
138 irecv 106 3300 200 0
138 send 170 3300 12 0
138 send 106 3100 12 0
138 wait 171 139 3100
138 wait 107 139 3300
138 irecv 139 1100 200 0
138 irecv 137 1300 200 0
138 wait 140 139 1100
138 wait 138 139 1300
138 irecv 142 2100 200 0
138 irecv 134 2300 200 0
138 wait 143 139 2100
138 wait 135 139 2300
138 irecv 170 3100 200 0
138 irecv 106 3300 200 0
138 wait 171 139 3100
138 wait 107 139 3300
138 irecv 139 1100 200 0
138 irecv 137 1300 200 0
138 send 139 1300 1 0
138 send 137 1100 1 0
138 wait 140 139 1100
138 wait 138 139 1300
138 irecv 142 2100 200 0
138 irecv 134 2300 200 0
138 send 142 2300 4 0
138 send 134 2100 4 0
138 wait 143 139 2100
138 wait 135 139 2300
138 irecv 170 3100 200 0
138 irecv 106 3300 200 0
138 send 170 3300 12 0
138 send 106 3100 12 0
138 wait 171 139 3100
138 wait 107 139 3300
138 irecv 139 1100 200 0
138 irecv 137 1300 200 0
138 send 139 1300 1 0
138 send 137 1100 1 0
138 wait 140 139 1100
138 wait 138 139 1300
138 irecv 142 2100 200 0
138 irecv 134 2300 200 0
138 send 142 2300 4 0
138 send 134 2100 4 0
138 wait 143 139 2100
138 wait 135 139 2300
138 irecv 170 3100 200 0
138 irecv 106 3300 200 0
138 send 170 3300 12 0
138 send 106 3100 12 0
138 wait 171 139 3100
138 wait 107 139 3300
138 irecv 139 1100 200 0
138 irecv 137 1300 200 0
138 send 139 1300 4 0
138 send 137 1100 4 0
138 wait 140 139 1100
138 wait 138 139 1300
138 irecv 142 2100 200 0
138 irecv 134 2300 200 0
138 send 142 2300 12 0
138 send 134 2100 12 0
138 wait 143 139 2100
138 wait 135 139 2300
138 irecv 170 3100 200 0
138 irecv 106 3300 200 0
138 send 170 3300 24 0
138 send 106 3100 24 0
138 wait 171 139 3100
138 wait 107 139 3300
138 irecv 139 1100 200 0
138 irecv 137 1300 200 0
138 send 139 1300 4 0
138 send 137 1100 4 0
138 wait 140 139 1100
138 wait 138 139 1300
138 irecv 142 2100 200 0
138 irecv 134 2300 200 0
138 send 142 2300 12 0
138 send 134 2100 12 0
138 wait 143 139 2100
138 wait 135 139 2300
138 irecv 170 3100 200 0
138 irecv 106 3300 200 0
138 send 170 3300 24 0
138 send 106 3100 24 0
138 wait 171 139 3100
138 wait 107 139 3300
138 irecv 139 1100 200 0
138 irecv 137 1300 200 0
138 send 139 1300 16 0
138 send 137 1100 16 0
138 wait 140 139 1100
138 wait 138 139 1300
138 irecv 142 2100 200 0
138 irecv 134 2300 200 0
138 send 142 2300 40 0
138 send 134 2100 40 0
138 wait 143 139 2100
138 wait 135 139 2300
138 irecv 170 3100 200 0
138 irecv 106 3300 200 0
138 send 170 3300 60 0
138 send 106 3100 60 0
138 wait 171 139 3100
138 wait 107 139 3300
138 irecv 139 1100 200 0
138 irecv 137 1300 200 0
138 send 139 1300 16 0
138 send 137 1100 16 0
138 wait 140 139 1100
138 wait 138 139 1300
138 irecv 142 2100 200 0
138 irecv 134 2300 200 0
138 send 142 2300 40 0
138 send 134 2100 40 0
138 wait 143 139 2100
138 wait 135 139 2300
138 irecv 170 3100 200 0
138 irecv 106 3300 200 0
138 send 170 3300 60 0
138 send 106 3100 60 0
138 wait 171 139 3100
138 wait 107 139 3300
138 irecv 139 1100 200 0
138 irecv 137 1300 200 0
138 send 139 1300 16 0
138 send 137 1100 16 0
138 wait 140 139 1100
138 wait 138 139 1300
138 irecv 142 2100 200 0
138 irecv 134 2300 200 0
138 send 142 2300 40 0
138 send 134 2100 40 0
138 wait 143 139 2100
138 wait 135 139 2300
138 irecv 170 3100 200 0
138 irecv 106 3300 200 0
138 send 170 3300 60 0
138 send 106 3100 60 0
138 wait 171 139 3100
138 wait 107 139 3300
138 irecv 139 1100 200 0
138 irecv 137 1300 200 0
138 send 139 1300 4 0
138 send 137 1100 4 0
138 wait 140 139 1100
138 wait 138 139 1300
138 irecv 142 2100 200 0
138 irecv 134 2300 200 0
138 send 142 2300 12 0
138 send 134 2100 12 0
138 wait 143 139 2100
138 wait 135 139 2300
138 irecv 170 3100 200 0
138 irecv 106 3300 200 0
138 send 170 3300 24 0
138 send 106 3100 24 0
138 wait 171 139 3100
138 wait 107 139 3300
138 irecv 139 1100 200 0
138 irecv 137 1300 200 0
138 send 139 1300 1 0
138 send 137 1100 1 0
138 wait 140 139 1100
138 wait 138 139 1300
138 irecv 142 2100 200 0
138 irecv 134 2300 200 0
138 send 142 2300 4 0
138 send 134 2100 4 0
138 wait 143 139 2100
138 wait 135 139 2300
138 irecv 170 3100 200 0
138 irecv 106 3300 200 0
138 send 170 3300 12 0
138 send 106 3100 12 0
138 wait 171 139 3100
138 wait 107 139 3300
138 irecv 139 1100 200 0
138 irecv 137 1300 200 0
138 wait 140 139 1100
138 wait 138 139 1300
138 irecv 142 2100 200 0
138 irecv 134 2300 200 0
138 wait 143 139 2100
138 wait 135 139 2300
138 irecv 170 3100 200 0
138 irecv 106 3300 200 0
138 wait 171 139 3100
138 wait 107 139 3300
138 irecv 139 1100 200 0
138 irecv 137 1300 200 0
138 send 139 1300 1 0
138 send 137 1100 1 0
138 wait 140 139 1100
138 wait 138 139 1300
138 irecv 142 2100 200 0
138 irecv 134 2300 200 0
138 send 142 2300 4 0
138 send 134 2100 4 0
138 wait 143 139 2100
138 wait 135 139 2300
138 irecv 170 3100 200 0
138 irecv 106 3300 200 0
138 send 170 3300 12 0
138 send 106 3100 12 0
138 wait 171 139 3100
138 wait 107 139 3300
138 irecv 139 1100 200 0
138 irecv 137 1300 200 0
138 send 139 1300 1 0
138 send 137 1100 1 0
138 wait 140 139 1100
138 wait 138 139 1300
138 irecv 142 2100 200 0
138 irecv 134 2300 200 0
138 send 142 2300 4 0
138 send 134 2100 4 0
138 wait 143 139 2100
138 wait 135 139 2300
138 irecv 170 3100 200 0
138 irecv 106 3300 200 0
138 send 170 3300 12 0
138 send 106 3100 12 0
138 wait 171 139 3100
138 wait 107 139 3300
138 irecv 139 1100 200 0
138 irecv 137 1300 200 0
138 send 139 1300 4 0
138 send 137 1100 4 0
138 wait 140 139 1100
138 wait 138 139 1300
138 irecv 142 2100 200 0
138 irecv 134 2300 200 0
138 send 142 2300 12 0
138 send 134 2100 12 0
138 wait 143 139 2100
138 wait 135 139 2300
138 irecv 170 3100 200 0
138 irecv 106 3300 200 0
138 send 170 3300 24 0
138 send 106 3100 24 0
138 wait 171 139 3100
138 wait 107 139 3300
138 irecv 139 1100 200 0
138 irecv 137 1300 200 0
138 send 139 1300 4 0
138 send 137 1100 4 0
138 wait 140 139 1100
138 wait 138 139 1300
138 irecv 142 2100 200 0
138 irecv 134 2300 200 0
138 send 142 2300 12 0
138 send 134 2100 12 0
138 wait 143 139 2100
138 wait 135 139 2300
138 irecv 170 3100 200 0
138 irecv 106 3300 200 0
138 send 170 3300 24 0
138 send 106 3100 24 0
138 wait 171 139 3100
138 wait 107 139 3300
138 irecv 139 1100 200 0
138 irecv 137 1300 200 0
138 send 139 1300 16 0
138 send 137 1100 16 0
138 wait 140 139 1100
138 wait 138 139 1300
138 irecv 142 2100 200 0
138 irecv 134 2300 200 0
138 send 142 2300 40 0
138 send 134 2100 40 0
138 wait 143 139 2100
138 wait 135 139 2300
138 irecv 170 3100 200 0
138 irecv 106 3300 200 0
138 send 170 3300 60 0
138 send 106 3100 60 0
138 wait 171 139 3100
138 wait 107 139 3300
138 irecv 139 1100 200 0
138 irecv 137 1300 200 0
138 send 139 1300 16 0
138 send 137 1100 16 0
138 wait 140 139 1100
138 wait 138 139 1300
138 irecv 142 2100 200 0
138 irecv 134 2300 200 0
138 send 142 2300 40 0
138 send 134 2100 40 0
138 wait 143 139 2100
138 wait 135 139 2300
138 irecv 170 3100 200 0
138 irecv 106 3300 200 0
138 send 170 3300 60 0
138 send 106 3100 60 0
138 wait 171 139 3100
138 wait 107 139 3300
138 irecv 139 1100 200 0
138 irecv 137 1300 200 0
138 send 139 1300 16 0
138 send 137 1100 16 0
138 wait 140 139 1100
138 wait 138 139 1300
138 irecv 142 2100 200 0
138 irecv 134 2300 200 0
138 send 142 2300 40 0
138 send 134 2100 40 0
138 wait 143 139 2100
138 wait 135 139 2300
138 irecv 170 3100 200 0
138 irecv 106 3300 200 0
138 send 170 3300 60 0
138 send 106 3100 60 0
138 wait 171 139 3100
138 wait 107 139 3300
138 irecv 139 1100 200 0
138 irecv 137 1300 200 0
138 send 139 1300 4 0
138 send 137 1100 4 0
138 wait 140 139 1100
138 wait 138 139 1300
138 irecv 142 2100 200 0
138 irecv 134 2300 200 0
138 send 142 2300 12 0
138 send 134 2100 12 0
138 wait 143 139 2100
138 wait 135 139 2300
138 irecv 170 3100 200 0
138 irecv 106 3300 200 0
138 send 170 3300 24 0
138 send 106 3100 24 0
138 wait 171 139 3100
138 wait 107 139 3300
138 irecv 139 1100 200 0
138 irecv 137 1300 200 0
138 send 139 1300 1 0
138 send 137 1100 1 0
138 wait 140 139 1100
138 wait 138 139 1300
138 irecv 142 2100 200 0
138 irecv 134 2300 200 0
138 send 142 2300 4 0
138 send 134 2100 4 0
138 wait 143 139 2100
138 wait 135 139 2300
138 irecv 170 3100 200 0
138 irecv 106 3300 200 0
138 send 170 3300 12 0
138 send 106 3100 12 0
138 wait 171 139 3100
138 wait 107 139 3300
138 irecv 139 1100 200 0
138 irecv 137 1300 200 0
138 wait 140 139 1100
138 wait 138 139 1300
138 irecv 142 2100 200 0
138 irecv 134 2300 200 0
138 wait 143 139 2100
138 wait 135 139 2300
138 irecv 170 3100 200 0
138 irecv 106 3300 200 0
138 wait 171 139 3100
138 wait 107 139 3300
138 irecv 139 1100 200 0
138 irecv 137 1300 200 0
138 send 139 1300 1 0
138 send 137 1100 1 0
138 wait 140 139 1100
138 wait 138 139 1300
138 irecv 142 2100 200 0
138 irecv 134 2300 200 0
138 send 142 2300 4 0
138 send 134 2100 4 0
138 wait 143 139 2100
138 wait 135 139 2300
138 irecv 170 3100 200 0
138 irecv 106 3300 200 0
138 send 170 3300 12 0
138 send 106 3100 12 0
138 wait 171 139 3100
138 wait 107 139 3300
138 irecv 139 1100 200 0
138 irecv 137 1300 200 0
138 send 139 1300 1 0
138 send 137 1100 1 0
138 wait 140 139 1100
138 wait 138 139 1300
138 irecv 142 2100 200 0
138 irecv 134 2300 200 0
138 send 142 2300 4 0
138 send 134 2100 4 0
138 wait 143 139 2100
138 wait 135 139 2300
138 irecv 170 3100 200 0
138 irecv 106 3300 200 0
138 send 170 3300 12 0
138 send 106 3100 12 0
138 wait 171 139 3100
138 wait 107 139 3300
138 irecv 139 1100 200 0
138 irecv 137 1300 200 0
138 send 139 1300 4 0
138 send 137 1100 4 0
138 wait 140 139 1100
138 wait 138 139 1300
138 irecv 142 2100 200 0
138 irecv 134 2300 200 0
138 send 142 2300 12 0
138 send 134 2100 12 0
138 wait 143 139 2100
138 wait 135 139 2300
138 irecv 170 3100 200 0
138 irecv 106 3300 200 0
138 send 170 3300 24 0
138 send 106 3100 24 0
138 wait 171 139 3100
138 wait 107 139 3300
138 irecv 139 1100 200 0
138 irecv 137 1300 200 0
138 send 139 1300 4 0
138 send 137 1100 4 0
138 wait 140 139 1100
138 wait 138 139 1300
138 irecv 142 2100 200 0
138 irecv 134 2300 200 0
138 send 142 2300 12 0
138 send 134 2100 12 0
138 wait 143 139 2100
138 wait 135 139 2300
138 irecv 170 3100 200 0
138 irecv 106 3300 200 0
138 send 170 3300 24 0
138 send 106 3100 24 0
138 wait 171 139 3100
138 wait 107 139 3300
138 irecv 139 1100 200 0
138 irecv 137 1300 200 0
138 send 139 1300 16 0
138 send 137 1100 16 0
138 wait 140 139 1100
138 wait 138 139 1300
138 irecv 142 2100 200 0
138 irecv 134 2300 200 0
138 send 142 2300 40 0
138 send 134 2100 40 0
138 wait 143 139 2100
138 wait 135 139 2300
138 irecv 170 3100 200 0
138 irecv 106 3300 200 0
138 send 170 3300 60 0
138 send 106 3100 60 0
138 wait 171 139 3100
138 wait 107 139 3300
138 irecv 139 1100 200 0
138 irecv 137 1300 200 0
138 send 139 1300 16 0
138 send 137 1100 16 0
138 wait 140 139 1100
138 wait 138 139 1300
138 irecv 142 2100 200 0
138 irecv 134 2300 200 0
138 send 142 2300 40 0
138 send 134 2100 40 0
138 wait 143 139 2100
138 wait 135 139 2300
138 irecv 170 3100 200 0
138 irecv 106 3300 200 0
138 send 170 3300 60 0
138 send 106 3100 60 0
138 wait 171 139 3100
138 wait 107 139 3300
138 irecv 139 1100 200 0
138 irecv 137 1300 200 0
138 send 139 1300 16 0
138 send 137 1100 16 0
138 wait 140 139 1100
138 wait 138 139 1300
138 irecv 142 2100 200 0
138 irecv 134 2300 200 0
138 send 142 2300 40 0
138 send 134 2100 40 0
138 wait 143 139 2100
138 wait 135 139 2300
138 irecv 170 3100 200 0
138 irecv 106 3300 200 0
138 send 170 3300 60 0
138 send 106 3100 60 0
138 wait 171 139 3100
138 wait 107 139 3300
138 allreduce 1 0 0 
138 allreduce 1 0 0 
138 reduce 1 0 0 0 
138 finalize
