80 init
80 barrier
80 bcast 1 0 1 
80 bcast 1 0 1 
80 bcast 1 0 1 
80 bcast 1 0 1 
80 bcast 1 0 1 
80 bcast 8 0 1 
80 bcast 1 0 16 
80 barrier
80 allreduce 1 0 0 
80 allreduce 4 0 1 
80 allreduce 1 0 0 
80 allreduce 4 0 1 
80 allreduce 1 0 0 
80 allreduce 4 0 1 
80 allreduce 1 0 0 
80 allreduce 4 0 1 
80 allreduce 1 0 0 
80 allreduce 4 0 1 
80 allreduce 1 0 0 
80 allreduce 4 0 1 
80 allreduce 1 0 0 
80 allreduce 4 0 1 
80 allreduce 1 0 0 
80 allreduce 4 0 1 
80 allreduce 1 0 0 
80 allreduce 4 0 1 
80 allreduce 1 0 0 
80 allreduce 4 0 1 
80 allreduce 1 0 0 
80 allreduce 4 0 1 
80 allreduce 1 0 0 
80 allreduce 4 0 1 
80 allreduce 1 0 0 
80 allreduce 4 0 1 
80 allreduce 1 0 0 
80 allreduce 4 0 1 
80 allreduce 1 0 0 
80 allreduce 4 0 1 
80 allreduce 1 0 0 
80 allreduce 4 0 1 
80 allreduce 1 0 0 
80 allreduce 4 0 1 
80 allreduce 1 0 0 
80 allreduce 4 0 1 
80 allreduce 1 0 0 
80 allreduce 4 0 1 
80 allreduce 1 0 0 
80 allreduce 4 0 1 
80 barrier
80 irecv 81 1100 200 0
80 irecv 83 1300 200 0
80 send 81 1300 16 0
80 send 83 1100 16 0
80 wait 82 81 1100
80 wait 84 81 1300
80 irecv 84 2100 200 0
80 irecv 76 2300 200 0
80 send 84 2300 40 0
80 send 76 2100 40 0
80 wait 85 81 2100
80 wait 77 81 2300
80 irecv 112 3100 200 0
80 irecv 48 3300 200 0
80 send 112 3300 60 0
80 send 48 3100 60 0
80 wait 113 81 3100
80 wait 49 81 3300
80 allreduce 1 0 0 
80 allreduce 1 0 0 
80 irecv 81 1100 200 0
80 irecv 83 1300 200 0
80 send 81 1300 16 0
80 send 83 1100 16 0
80 wait 82 81 1100
80 wait 84 81 1300
80 irecv 84 2100 200 0
80 irecv 76 2300 200 0
80 send 84 2300 40 0
80 send 76 2100 40 0
80 wait 85 81 2100
80 wait 77 81 2300
80 irecv 112 3100 200 0
80 irecv 48 3300 200 0
80 send 112 3300 60 0
80 send 48 3100 60 0
80 wait 113 81 3100
80 wait 49 81 3300
80 allreduce 1 0 0 
80 allreduce 1 0 0 
80 irecv 81 1100 200 0
80 irecv 83 1300 200 0
80 send 81 1300 4 0
80 send 83 1100 4 0
80 wait 82 81 1100
80 wait 84 81 1300
80 irecv 84 2100 200 0
80 irecv 76 2300 200 0
80 send 84 2300 12 0
80 send 76 2100 12 0
80 wait 85 81 2100
80 wait 77 81 2300
80 irecv 112 3100 200 0
80 irecv 48 3300 200 0
80 send 112 3300 24 0
80 send 48 3100 24 0
80 wait 113 81 3100
80 wait 49 81 3300
80 irecv 81 1100 200 0
80 irecv 83 1300 200 0
80 send 81 1300 1 0
80 send 83 1100 1 0
80 wait 82 81 1100
80 wait 84 81 1300
80 irecv 84 2100 200 0
80 irecv 76 2300 200 0
80 send 84 2300 4 0
80 send 76 2100 4 0
80 wait 85 81 2100
80 wait 77 81 2300
80 irecv 112 3100 200 0
80 irecv 48 3300 200 0
80 send 112 3300 12 0
80 send 48 3100 12 0
80 wait 113 81 3100
80 wait 49 81 3300
80 irecv 81 1100 200 0
80 irecv 83 1300 200 0
80 wait 82 81 1100
80 wait 84 81 1300
80 irecv 84 2100 200 0
80 irecv 76 2300 200 0
80 wait 85 81 2100
80 wait 77 81 2300
80 irecv 112 3100 200 0
80 irecv 48 3300 200 0
80 wait 113 81 3100
80 wait 49 81 3300
80 irecv 81 1100 200 0
80 irecv 83 1300 200 0
80 send 81 1300 1 0
80 send 83 1100 1 0
80 wait 82 81 1100
80 wait 84 81 1300
80 irecv 84 2100 200 0
80 irecv 76 2300 200 0
80 send 84 2300 4 0
80 send 76 2100 4 0
80 wait 85 81 2100
80 wait 77 81 2300
80 irecv 112 3100 200 0
80 irecv 48 3300 200 0
80 send 112 3300 12 0
80 send 48 3100 12 0
80 wait 113 81 3100
80 wait 49 81 3300
80 irecv 81 1100 200 0
80 irecv 83 1300 200 0
80 send 81 1300 1 0
80 send 83 1100 1 0
80 wait 82 81 1100
80 wait 84 81 1300
80 irecv 84 2100 200 0
80 irecv 76 2300 200 0
80 send 84 2300 4 0
80 send 76 2100 4 0
80 wait 85 81 2100
80 wait 77 81 2300
80 irecv 112 3100 200 0
80 irecv 48 3300 200 0
80 send 112 3300 12 0
80 send 48 3100 12 0
80 wait 113 81 3100
80 wait 49 81 3300
80 irecv 81 1100 200 0
80 irecv 83 1300 200 0
80 send 81 1300 4 0
80 send 83 1100 4 0
80 wait 82 81 1100
80 wait 84 81 1300
80 irecv 84 2100 200 0
80 irecv 76 2300 200 0
80 send 84 2300 12 0
80 send 76 2100 12 0
80 wait 85 81 2100
80 wait 77 81 2300
80 irecv 112 3100 200 0
80 irecv 48 3300 200 0
80 send 112 3300 24 0
80 send 48 3100 24 0
80 wait 113 81 3100
80 wait 49 81 3300
80 irecv 81 1100 200 0
80 irecv 83 1300 200 0
80 send 81 1300 4 0
80 send 83 1100 4 0
80 wait 82 81 1100
80 wait 84 81 1300
80 irecv 84 2100 200 0
80 irecv 76 2300 200 0
80 send 84 2300 12 0
80 send 76 2100 12 0
80 wait 85 81 2100
80 wait 77 81 2300
80 irecv 112 3100 200 0
80 irecv 48 3300 200 0
80 send 112 3300 24 0
80 send 48 3100 24 0
80 wait 113 81 3100
80 wait 49 81 3300
80 irecv 81 1100 200 0
80 irecv 83 1300 200 0
80 send 81 1300 16 0
80 send 83 1100 16 0
80 wait 82 81 1100
80 wait 84 81 1300
80 irecv 84 2100 200 0
80 irecv 76 2300 200 0
80 send 84 2300 40 0
80 send 76 2100 40 0
80 wait 85 81 2100
80 wait 77 81 2300
80 irecv 112 3100 200 0
80 irecv 48 3300 200 0
80 send 112 3300 60 0
80 send 48 3100 60 0
80 wait 113 81 3100
80 wait 49 81 3300
80 irecv 81 1100 200 0
80 irecv 83 1300 200 0
80 send 81 1300 16 0
80 send 83 1100 16 0
80 wait 82 81 1100
80 wait 84 81 1300
80 irecv 84 2100 200 0
80 irecv 76 2300 200 0
80 send 84 2300 40 0
80 send 76 2100 40 0
80 wait 85 81 2100
80 wait 77 81 2300
80 irecv 112 3100 200 0
80 irecv 48 3300 200 0
80 send 112 3300 60 0
80 send 48 3100 60 0
80 wait 113 81 3100
80 wait 49 81 3300
80 irecv 81 1100 200 0
80 irecv 83 1300 200 0
80 send 81 1300 16 0
80 send 83 1100 16 0
80 wait 82 81 1100
80 wait 84 81 1300
80 irecv 84 2100 200 0
80 irecv 76 2300 200 0
80 send 84 2300 40 0
80 send 76 2100 40 0
80 wait 85 81 2100
80 wait 77 81 2300
80 irecv 112 3100 200 0
80 irecv 48 3300 200 0
80 send 112 3300 60 0
80 send 48 3100 60 0
80 wait 113 81 3100
80 wait 49 81 3300
80 barrier
80 allreduce 1 0 0 
80 allreduce 4 0 1 
80 allreduce 1 0 0 
80 allreduce 4 0 1 
80 allreduce 1 0 0 
80 allreduce 4 0 1 
80 allreduce 1 0 0 
80 allreduce 4 0 1 
80 allreduce 1 0 0 
80 allreduce 4 0 1 
80 allreduce 1 0 0 
80 allreduce 4 0 1 
80 allreduce 1 0 0 
80 allreduce 4 0 1 
80 allreduce 1 0 0 
80 allreduce 4 0 1 
80 allreduce 1 0 0 
80 allreduce 4 0 1 
80 allreduce 1 0 0 
80 allreduce 4 0 1 
80 allreduce 1 0 0 
80 allreduce 4 0 1 
80 allreduce 1 0 0 
80 allreduce 4 0 1 
80 allreduce 1 0 0 
80 allreduce 4 0 1 
80 allreduce 1 0 0 
80 allreduce 4 0 1 
80 allreduce 1 0 0 
80 allreduce 4 0 1 
80 allreduce 1 0 0 
80 allreduce 4 0 1 
80 allreduce 1 0 0 
80 allreduce 4 0 1 
80 allreduce 1 0 0 
80 allreduce 4 0 1 
80 allreduce 1 0 0 
80 allreduce 4 0 1 
80 allreduce 1 0 0 
80 allreduce 4 0 1 
80 barrier
80 irecv 81 1100 200 0
80 irecv 83 1300 200 0
80 send 81 1300 16 0
80 send 83 1100 16 0
80 wait 82 81 1100
80 wait 84 81 1300
80 irecv 84 2100 200 0
80 irecv 76 2300 200 0
80 send 84 2300 40 0
80 send 76 2100 40 0
80 wait 85 81 2100
80 wait 77 81 2300
80 irecv 112 3100 200 0
80 irecv 48 3300 200 0
80 send 112 3300 60 0
80 send 48 3100 60 0
80 wait 113 81 3100
80 wait 49 81 3300
80 barrier
80 irecv 81 1100 200 0
80 irecv 83 1300 200 0
80 send 81 1300 16 0
80 send 83 1100 16 0
80 wait 82 81 1100
80 wait 84 81 1300
80 irecv 84 2100 200 0
80 irecv 76 2300 200 0
80 send 84 2300 40 0
80 send 76 2100 40 0
80 wait 85 81 2100
80 wait 77 81 2300
80 irecv 112 3100 200 0
80 irecv 48 3300 200 0
80 send 112 3300 60 0
80 send 48 3100 60 0
80 wait 113 81 3100
80 wait 49 81 3300
80 allreduce 1 0 0 
80 allreduce 1 0 0 
80 irecv 81 1100 200 0
80 irecv 83 1300 200 0
80 send 81 1300 4 0
80 send 83 1100 4 0
80 wait 82 81 1100
80 wait 84 81 1300
80 irecv 84 2100 200 0
80 irecv 76 2300 200 0
80 send 84 2300 12 0
80 send 76 2100 12 0
80 wait 85 81 2100
80 wait 77 81 2300
80 irecv 112 3100 200 0
80 irecv 48 3300 200 0
80 send 112 3300 24 0
80 send 48 3100 24 0
80 wait 113 81 3100
80 wait 49 81 3300
80 irecv 81 1100 200 0
80 irecv 83 1300 200 0
80 send 81 1300 1 0
80 send 83 1100 1 0
80 wait 82 81 1100
80 wait 84 81 1300
80 irecv 84 2100 200 0
80 irecv 76 2300 200 0
80 send 84 2300 4 0
80 send 76 2100 4 0
80 wait 85 81 2100
80 wait 77 81 2300
80 irecv 112 3100 200 0
80 irecv 48 3300 200 0
80 send 112 3300 12 0
80 send 48 3100 12 0
80 wait 113 81 3100
80 wait 49 81 3300
80 irecv 81 1100 200 0
80 irecv 83 1300 200 0
80 wait 82 81 1100
80 wait 84 81 1300
80 irecv 84 2100 200 0
80 irecv 76 2300 200 0
80 wait 85 81 2100
80 wait 77 81 2300
80 irecv 112 3100 200 0
80 irecv 48 3300 200 0
80 wait 113 81 3100
80 wait 49 81 3300
80 irecv 81 1100 200 0
80 irecv 83 1300 200 0
80 send 81 1300 1 0
80 send 83 1100 1 0
80 wait 82 81 1100
80 wait 84 81 1300
80 irecv 84 2100 200 0
80 irecv 76 2300 200 0
80 send 84 2300 4 0
80 send 76 2100 4 0
80 wait 85 81 2100
80 wait 77 81 2300
80 irecv 112 3100 200 0
80 irecv 48 3300 200 0
80 send 112 3300 12 0
80 send 48 3100 12 0
80 wait 113 81 3100
80 wait 49 81 3300
80 irecv 81 1100 200 0
80 irecv 83 1300 200 0
80 send 81 1300 1 0
80 send 83 1100 1 0
80 wait 82 81 1100
80 wait 84 81 1300
80 irecv 84 2100 200 0
80 irecv 76 2300 200 0
80 send 84 2300 4 0
80 send 76 2100 4 0
80 wait 85 81 2100
80 wait 77 81 2300
80 irecv 112 3100 200 0
80 irecv 48 3300 200 0
80 send 112 3300 12 0
80 send 48 3100 12 0
80 wait 113 81 3100
80 wait 49 81 3300
80 irecv 81 1100 200 0
80 irecv 83 1300 200 0
80 send 81 1300 4 0
80 send 83 1100 4 0
80 wait 82 81 1100
80 wait 84 81 1300
80 irecv 84 2100 200 0
80 irecv 76 2300 200 0
80 send 84 2300 12 0
80 send 76 2100 12 0
80 wait 85 81 2100
80 wait 77 81 2300
80 irecv 112 3100 200 0
80 irecv 48 3300 200 0
80 send 112 3300 24 0
80 send 48 3100 24 0
80 wait 113 81 3100
80 wait 49 81 3300
80 irecv 81 1100 200 0
80 irecv 83 1300 200 0
80 send 81 1300 4 0
80 send 83 1100 4 0
80 wait 82 81 1100
80 wait 84 81 1300
80 irecv 84 2100 200 0
80 irecv 76 2300 200 0
80 send 84 2300 12 0
80 send 76 2100 12 0
80 wait 85 81 2100
80 wait 77 81 2300
80 irecv 112 3100 200 0
80 irecv 48 3300 200 0
80 send 112 3300 24 0
80 send 48 3100 24 0
80 wait 113 81 3100
80 wait 49 81 3300
80 irecv 81 1100 200 0
80 irecv 83 1300 200 0
80 send 81 1300 16 0
80 send 83 1100 16 0
80 wait 82 81 1100
80 wait 84 81 1300
80 irecv 84 2100 200 0
80 irecv 76 2300 200 0
80 send 84 2300 40 0
80 send 76 2100 40 0
80 wait 85 81 2100
80 wait 77 81 2300
80 irecv 112 3100 200 0
80 irecv 48 3300 200 0
80 send 112 3300 60 0
80 send 48 3100 60 0
80 wait 113 81 3100
80 wait 49 81 3300
80 irecv 81 1100 200 0
80 irecv 83 1300 200 0
80 send 81 1300 16 0
80 send 83 1100 16 0
80 wait 82 81 1100
80 wait 84 81 1300
80 irecv 84 2100 200 0
80 irecv 76 2300 200 0
80 send 84 2300 40 0
80 send 76 2100 40 0
80 wait 85 81 2100
80 wait 77 81 2300
80 irecv 112 3100 200 0
80 irecv 48 3300 200 0
80 send 112 3300 60 0
80 send 48 3100 60 0
80 wait 113 81 3100
80 wait 49 81 3300
80 irecv 81 1100 200 0
80 irecv 83 1300 200 0
80 send 81 1300 16 0
80 send 83 1100 16 0
80 wait 82 81 1100
80 wait 84 81 1300
80 irecv 84 2100 200 0
80 irecv 76 2300 200 0
80 send 84 2300 40 0
80 send 76 2100 40 0
80 wait 85 81 2100
80 wait 77 81 2300
80 irecv 112 3100 200 0
80 irecv 48 3300 200 0
80 send 112 3300 60 0
80 send 48 3100 60 0
80 wait 113 81 3100
80 wait 49 81 3300
80 irecv 81 1100 200 0
80 irecv 83 1300 200 0
80 send 81 1300 4 0
80 send 83 1100 4 0
80 wait 82 81 1100
80 wait 84 81 1300
80 irecv 84 2100 200 0
80 irecv 76 2300 200 0
80 send 84 2300 12 0
80 send 76 2100 12 0
80 wait 85 81 2100
80 wait 77 81 2300
80 irecv 112 3100 200 0
80 irecv 48 3300 200 0
80 send 112 3300 24 0
80 send 48 3100 24 0
80 wait 113 81 3100
80 wait 49 81 3300
80 irecv 81 1100 200 0
80 irecv 83 1300 200 0
80 send 81 1300 1 0
80 send 83 1100 1 0
80 wait 82 81 1100
80 wait 84 81 1300
80 irecv 84 2100 200 0
80 irecv 76 2300 200 0
80 send 84 2300 4 0
80 send 76 2100 4 0
80 wait 85 81 2100
80 wait 77 81 2300
80 irecv 112 3100 200 0
80 irecv 48 3300 200 0
80 send 112 3300 12 0
80 send 48 3100 12 0
80 wait 113 81 3100
80 wait 49 81 3300
80 irecv 81 1100 200 0
80 irecv 83 1300 200 0
80 wait 82 81 1100
80 wait 84 81 1300
80 irecv 84 2100 200 0
80 irecv 76 2300 200 0
80 wait 85 81 2100
80 wait 77 81 2300
80 irecv 112 3100 200 0
80 irecv 48 3300 200 0
80 wait 113 81 3100
80 wait 49 81 3300
80 irecv 81 1100 200 0
80 irecv 83 1300 200 0
80 send 81 1300 1 0
80 send 83 1100 1 0
80 wait 82 81 1100
80 wait 84 81 1300
80 irecv 84 2100 200 0
80 irecv 76 2300 200 0
80 send 84 2300 4 0
80 send 76 2100 4 0
80 wait 85 81 2100
80 wait 77 81 2300
80 irecv 112 3100 200 0
80 irecv 48 3300 200 0
80 send 112 3300 12 0
80 send 48 3100 12 0
80 wait 113 81 3100
80 wait 49 81 3300
80 irecv 81 1100 200 0
80 irecv 83 1300 200 0
80 send 81 1300 1 0
80 send 83 1100 1 0
80 wait 82 81 1100
80 wait 84 81 1300
80 irecv 84 2100 200 0
80 irecv 76 2300 200 0
80 send 84 2300 4 0
80 send 76 2100 4 0
80 wait 85 81 2100
80 wait 77 81 2300
80 irecv 112 3100 200 0
80 irecv 48 3300 200 0
80 send 112 3300 12 0
80 send 48 3100 12 0
80 wait 113 81 3100
80 wait 49 81 3300
80 irecv 81 1100 200 0
80 irecv 83 1300 200 0
80 send 81 1300 4 0
80 send 83 1100 4 0
80 wait 82 81 1100
80 wait 84 81 1300
80 irecv 84 2100 200 0
80 irecv 76 2300 200 0
80 send 84 2300 12 0
80 send 76 2100 12 0
80 wait 85 81 2100
80 wait 77 81 2300
80 irecv 112 3100 200 0
80 irecv 48 3300 200 0
80 send 112 3300 24 0
80 send 48 3100 24 0
80 wait 113 81 3100
80 wait 49 81 3300
80 irecv 81 1100 200 0
80 irecv 83 1300 200 0
80 send 81 1300 4 0
80 send 83 1100 4 0
80 wait 82 81 1100
80 wait 84 81 1300
80 irecv 84 2100 200 0
80 irecv 76 2300 200 0
80 send 84 2300 12 0
80 send 76 2100 12 0
80 wait 85 81 2100
80 wait 77 81 2300
80 irecv 112 3100 200 0
80 irecv 48 3300 200 0
80 send 112 3300 24 0
80 send 48 3100 24 0
80 wait 113 81 3100
80 wait 49 81 3300
80 irecv 81 1100 200 0
80 irecv 83 1300 200 0
80 send 81 1300 16 0
80 send 83 1100 16 0
80 wait 82 81 1100
80 wait 84 81 1300
80 irecv 84 2100 200 0
80 irecv 76 2300 200 0
80 send 84 2300 40 0
80 send 76 2100 40 0
80 wait 85 81 2100
80 wait 77 81 2300
80 irecv 112 3100 200 0
80 irecv 48 3300 200 0
80 send 112 3300 60 0
80 send 48 3100 60 0
80 wait 113 81 3100
80 wait 49 81 3300
80 irecv 81 1100 200 0
80 irecv 83 1300 200 0
80 send 81 1300 16 0
80 send 83 1100 16 0
80 wait 82 81 1100
80 wait 84 81 1300
80 irecv 84 2100 200 0
80 irecv 76 2300 200 0
80 send 84 2300 40 0
80 send 76 2100 40 0
80 wait 85 81 2100
80 wait 77 81 2300
80 irecv 112 3100 200 0
80 irecv 48 3300 200 0
80 send 112 3300 60 0
80 send 48 3100 60 0
80 wait 113 81 3100
80 wait 49 81 3300
80 irecv 81 1100 200 0
80 irecv 83 1300 200 0
80 send 81 1300 16 0
80 send 83 1100 16 0
80 wait 82 81 1100
80 wait 84 81 1300
80 irecv 84 2100 200 0
80 irecv 76 2300 200 0
80 send 84 2300 40 0
80 send 76 2100 40 0
80 wait 85 81 2100
80 wait 77 81 2300
80 irecv 112 3100 200 0
80 irecv 48 3300 200 0
80 send 112 3300 60 0
80 send 48 3100 60 0
80 wait 113 81 3100
80 wait 49 81 3300
80 irecv 81 1100 200 0
80 irecv 83 1300 200 0
80 send 81 1300 4 0
80 send 83 1100 4 0
80 wait 82 81 1100
80 wait 84 81 1300
80 irecv 84 2100 200 0
80 irecv 76 2300 200 0
80 send 84 2300 12 0
80 send 76 2100 12 0
80 wait 85 81 2100
80 wait 77 81 2300
80 irecv 112 3100 200 0
80 irecv 48 3300 200 0
80 send 112 3300 24 0
80 send 48 3100 24 0
80 wait 113 81 3100
80 wait 49 81 3300
80 irecv 81 1100 200 0
80 irecv 83 1300 200 0
80 send 81 1300 1 0
80 send 83 1100 1 0
80 wait 82 81 1100
80 wait 84 81 1300
80 irecv 84 2100 200 0
80 irecv 76 2300 200 0
80 send 84 2300 4 0
80 send 76 2100 4 0
80 wait 85 81 2100
80 wait 77 81 2300
80 irecv 112 3100 200 0
80 irecv 48 3300 200 0
80 send 112 3300 12 0
80 send 48 3100 12 0
80 wait 113 81 3100
80 wait 49 81 3300
80 irecv 81 1100 200 0
80 irecv 83 1300 200 0
80 wait 82 81 1100
80 wait 84 81 1300
80 irecv 84 2100 200 0
80 irecv 76 2300 200 0
80 wait 85 81 2100
80 wait 77 81 2300
80 irecv 112 3100 200 0
80 irecv 48 3300 200 0
80 wait 113 81 3100
80 wait 49 81 3300
80 irecv 81 1100 200 0
80 irecv 83 1300 200 0
80 send 81 1300 1 0
80 send 83 1100 1 0
80 wait 82 81 1100
80 wait 84 81 1300
80 irecv 84 2100 200 0
80 irecv 76 2300 200 0
80 send 84 2300 4 0
80 send 76 2100 4 0
80 wait 85 81 2100
80 wait 77 81 2300
80 irecv 112 3100 200 0
80 irecv 48 3300 200 0
80 send 112 3300 12 0
80 send 48 3100 12 0
80 wait 113 81 3100
80 wait 49 81 3300
80 irecv 81 1100 200 0
80 irecv 83 1300 200 0
80 send 81 1300 1 0
80 send 83 1100 1 0
80 wait 82 81 1100
80 wait 84 81 1300
80 irecv 84 2100 200 0
80 irecv 76 2300 200 0
80 send 84 2300 4 0
80 send 76 2100 4 0
80 wait 85 81 2100
80 wait 77 81 2300
80 irecv 112 3100 200 0
80 irecv 48 3300 200 0
80 send 112 3300 12 0
80 send 48 3100 12 0
80 wait 113 81 3100
80 wait 49 81 3300
80 irecv 81 1100 200 0
80 irecv 83 1300 200 0
80 send 81 1300 4 0
80 send 83 1100 4 0
80 wait 82 81 1100
80 wait 84 81 1300
80 irecv 84 2100 200 0
80 irecv 76 2300 200 0
80 send 84 2300 12 0
80 send 76 2100 12 0
80 wait 85 81 2100
80 wait 77 81 2300
80 irecv 112 3100 200 0
80 irecv 48 3300 200 0
80 send 112 3300 24 0
80 send 48 3100 24 0
80 wait 113 81 3100
80 wait 49 81 3300
80 irecv 81 1100 200 0
80 irecv 83 1300 200 0
80 send 81 1300 4 0
80 send 83 1100 4 0
80 wait 82 81 1100
80 wait 84 81 1300
80 irecv 84 2100 200 0
80 irecv 76 2300 200 0
80 send 84 2300 12 0
80 send 76 2100 12 0
80 wait 85 81 2100
80 wait 77 81 2300
80 irecv 112 3100 200 0
80 irecv 48 3300 200 0
80 send 112 3300 24 0
80 send 48 3100 24 0
80 wait 113 81 3100
80 wait 49 81 3300
80 irecv 81 1100 200 0
80 irecv 83 1300 200 0
80 send 81 1300 16 0
80 send 83 1100 16 0
80 wait 82 81 1100
80 wait 84 81 1300
80 irecv 84 2100 200 0
80 irecv 76 2300 200 0
80 send 84 2300 40 0
80 send 76 2100 40 0
80 wait 85 81 2100
80 wait 77 81 2300
80 irecv 112 3100 200 0
80 irecv 48 3300 200 0
80 send 112 3300 60 0
80 send 48 3100 60 0
80 wait 113 81 3100
80 wait 49 81 3300
80 irecv 81 1100 200 0
80 irecv 83 1300 200 0
80 send 81 1300 16 0
80 send 83 1100 16 0
80 wait 82 81 1100
80 wait 84 81 1300
80 irecv 84 2100 200 0
80 irecv 76 2300 200 0
80 send 84 2300 40 0
80 send 76 2100 40 0
80 wait 85 81 2100
80 wait 77 81 2300
80 irecv 112 3100 200 0
80 irecv 48 3300 200 0
80 send 112 3300 60 0
80 send 48 3100 60 0
80 wait 113 81 3100
80 wait 49 81 3300
80 irecv 81 1100 200 0
80 irecv 83 1300 200 0
80 send 81 1300 16 0
80 send 83 1100 16 0
80 wait 82 81 1100
80 wait 84 81 1300
80 irecv 84 2100 200 0
80 irecv 76 2300 200 0
80 send 84 2300 40 0
80 send 76 2100 40 0
80 wait 85 81 2100
80 wait 77 81 2300
80 irecv 112 3100 200 0
80 irecv 48 3300 200 0
80 send 112 3300 60 0
80 send 48 3100 60 0
80 wait 113 81 3100
80 wait 49 81 3300
80 irecv 81 1100 200 0
80 irecv 83 1300 200 0
80 send 81 1300 4 0
80 send 83 1100 4 0
80 wait 82 81 1100
80 wait 84 81 1300
80 irecv 84 2100 200 0
80 irecv 76 2300 200 0
80 send 84 2300 12 0
80 send 76 2100 12 0
80 wait 85 81 2100
80 wait 77 81 2300
80 irecv 112 3100 200 0
80 irecv 48 3300 200 0
80 send 112 3300 24 0
80 send 48 3100 24 0
80 wait 113 81 3100
80 wait 49 81 3300
80 irecv 81 1100 200 0
80 irecv 83 1300 200 0
80 send 81 1300 1 0
80 send 83 1100 1 0
80 wait 82 81 1100
80 wait 84 81 1300
80 irecv 84 2100 200 0
80 irecv 76 2300 200 0
80 send 84 2300 4 0
80 send 76 2100 4 0
80 wait 85 81 2100
80 wait 77 81 2300
80 irecv 112 3100 200 0
80 irecv 48 3300 200 0
80 send 112 3300 12 0
80 send 48 3100 12 0
80 wait 113 81 3100
80 wait 49 81 3300
80 irecv 81 1100 200 0
80 irecv 83 1300 200 0
80 wait 82 81 1100
80 wait 84 81 1300
80 irecv 84 2100 200 0
80 irecv 76 2300 200 0
80 wait 85 81 2100
80 wait 77 81 2300
80 irecv 112 3100 200 0
80 irecv 48 3300 200 0
80 wait 113 81 3100
80 wait 49 81 3300
80 irecv 81 1100 200 0
80 irecv 83 1300 200 0
80 send 81 1300 1 0
80 send 83 1100 1 0
80 wait 82 81 1100
80 wait 84 81 1300
80 irecv 84 2100 200 0
80 irecv 76 2300 200 0
80 send 84 2300 4 0
80 send 76 2100 4 0
80 wait 85 81 2100
80 wait 77 81 2300
80 irecv 112 3100 200 0
80 irecv 48 3300 200 0
80 send 112 3300 12 0
80 send 48 3100 12 0
80 wait 113 81 3100
80 wait 49 81 3300
80 irecv 81 1100 200 0
80 irecv 83 1300 200 0
80 send 81 1300 1 0
80 send 83 1100 1 0
80 wait 82 81 1100
80 wait 84 81 1300
80 irecv 84 2100 200 0
80 irecv 76 2300 200 0
80 send 84 2300 4 0
80 send 76 2100 4 0
80 wait 85 81 2100
80 wait 77 81 2300
80 irecv 112 3100 200 0
80 irecv 48 3300 200 0
80 send 112 3300 12 0
80 send 48 3100 12 0
80 wait 113 81 3100
80 wait 49 81 3300
80 irecv 81 1100 200 0
80 irecv 83 1300 200 0
80 send 81 1300 4 0
80 send 83 1100 4 0
80 wait 82 81 1100
80 wait 84 81 1300
80 irecv 84 2100 200 0
80 irecv 76 2300 200 0
80 send 84 2300 12 0
80 send 76 2100 12 0
80 wait 85 81 2100
80 wait 77 81 2300
80 irecv 112 3100 200 0
80 irecv 48 3300 200 0
80 send 112 3300 24 0
80 send 48 3100 24 0
80 wait 113 81 3100
80 wait 49 81 3300
80 irecv 81 1100 200 0
80 irecv 83 1300 200 0
80 send 81 1300 4 0
80 send 83 1100 4 0
80 wait 82 81 1100
80 wait 84 81 1300
80 irecv 84 2100 200 0
80 irecv 76 2300 200 0
80 send 84 2300 12 0
80 send 76 2100 12 0
80 wait 85 81 2100
80 wait 77 81 2300
80 irecv 112 3100 200 0
80 irecv 48 3300 200 0
80 send 112 3300 24 0
80 send 48 3100 24 0
80 wait 113 81 3100
80 wait 49 81 3300
80 irecv 81 1100 200 0
80 irecv 83 1300 200 0
80 send 81 1300 16 0
80 send 83 1100 16 0
80 wait 82 81 1100
80 wait 84 81 1300
80 irecv 84 2100 200 0
80 irecv 76 2300 200 0
80 send 84 2300 40 0
80 send 76 2100 40 0
80 wait 85 81 2100
80 wait 77 81 2300
80 irecv 112 3100 200 0
80 irecv 48 3300 200 0
80 send 112 3300 60 0
80 send 48 3100 60 0
80 wait 113 81 3100
80 wait 49 81 3300
80 irecv 81 1100 200 0
80 irecv 83 1300 200 0
80 send 81 1300 16 0
80 send 83 1100 16 0
80 wait 82 81 1100
80 wait 84 81 1300
80 irecv 84 2100 200 0
80 irecv 76 2300 200 0
80 send 84 2300 40 0
80 send 76 2100 40 0
80 wait 85 81 2100
80 wait 77 81 2300
80 irecv 112 3100 200 0
80 irecv 48 3300 200 0
80 send 112 3300 60 0
80 send 48 3100 60 0
80 wait 113 81 3100
80 wait 49 81 3300
80 irecv 81 1100 200 0
80 irecv 83 1300 200 0
80 send 81 1300 16 0
80 send 83 1100 16 0
80 wait 82 81 1100
80 wait 84 81 1300
80 irecv 84 2100 200 0
80 irecv 76 2300 200 0
80 send 84 2300 40 0
80 send 76 2100 40 0
80 wait 85 81 2100
80 wait 77 81 2300
80 irecv 112 3100 200 0
80 irecv 48 3300 200 0
80 send 112 3300 60 0
80 send 48 3100 60 0
80 wait 113 81 3100
80 wait 49 81 3300
80 allreduce 1 0 0 
80 allreduce 1 0 0 
80 reduce 1 0 0 0 
80 finalize
