75 init
75 barrier
75 bcast 1 0 1 
75 bcast 1 0 1 
75 bcast 1 0 1 
75 bcast 1 0 1 
75 bcast 1 0 1 
75 bcast 8 0 1 
75 bcast 1 0 16 
75 barrier
75 allreduce 1 0 0 
75 allreduce 4 0 1 
75 allreduce 1 0 0 
75 allreduce 4 0 1 
75 allreduce 1 0 0 
75 allreduce 4 0 1 
75 allreduce 1 0 0 
75 allreduce 4 0 1 
75 allreduce 1 0 0 
75 allreduce 4 0 1 
75 allreduce 1 0 0 
75 allreduce 4 0 1 
75 allreduce 1 0 0 
75 allreduce 4 0 1 
75 allreduce 1 0 0 
75 allreduce 4 0 1 
75 allreduce 1 0 0 
75 allreduce 4 0 1 
75 allreduce 1 0 0 
75 allreduce 4 0 1 
75 allreduce 1 0 0 
75 allreduce 4 0 1 
75 allreduce 1 0 0 
75 allreduce 4 0 1 
75 allreduce 1 0 0 
75 allreduce 4 0 1 
75 allreduce 1 0 0 
75 allreduce 4 0 1 
75 allreduce 1 0 0 
75 allreduce 4 0 1 
75 allreduce 1 0 0 
75 allreduce 4 0 1 
75 allreduce 1 0 0 
75 allreduce 4 0 1 
75 allreduce 1 0 0 
75 allreduce 4 0 1 
75 allreduce 1 0 0 
75 allreduce 4 0 1 
75 allreduce 1 0 0 
75 allreduce 4 0 1 
75 barrier
75 irecv 72 1100 200 0
75 irecv 74 1300 200 0
75 send 72 1300 16 0
75 send 74 1100 16 0
75 wait 73 76 1100
75 wait 75 76 1300
75 irecv 79 2100 200 0
75 irecv 71 2300 200 0
75 send 79 2300 40 0
75 send 71 2100 40 0
75 wait 80 76 2100
75 wait 72 76 2300
75 irecv 107 3100 200 0
75 irecv 43 3300 200 0
75 send 107 3300 60 0
75 send 43 3100 60 0
75 wait 108 76 3100
75 wait 44 76 3300
75 allreduce 1 0 0 
75 allreduce 1 0 0 
75 irecv 72 1100 200 0
75 irecv 74 1300 200 0
75 send 72 1300 16 0
75 send 74 1100 16 0
75 wait 73 76 1100
75 wait 75 76 1300
75 irecv 79 2100 200 0
75 irecv 71 2300 200 0
75 send 79 2300 40 0
75 send 71 2100 40 0
75 wait 80 76 2100
75 wait 72 76 2300
75 irecv 107 3100 200 0
75 irecv 43 3300 200 0
75 send 107 3300 60 0
75 send 43 3100 60 0
75 wait 108 76 3100
75 wait 44 76 3300
75 allreduce 1 0 0 
75 allreduce 1 0 0 
75 irecv 72 1100 200 0
75 irecv 74 1300 200 0
75 send 72 1300 4 0
75 send 74 1100 4 0
75 wait 73 76 1100
75 wait 75 76 1300
75 irecv 79 2100 200 0
75 irecv 71 2300 200 0
75 send 79 2300 12 0
75 send 71 2100 12 0
75 wait 80 76 2100
75 wait 72 76 2300
75 irecv 107 3100 200 0
75 irecv 43 3300 200 0
75 send 107 3300 24 0
75 send 43 3100 24 0
75 wait 108 76 3100
75 wait 44 76 3300
75 irecv 72 1100 200 0
75 irecv 74 1300 200 0
75 send 72 1300 1 0
75 send 74 1100 1 0
75 wait 73 76 1100
75 wait 75 76 1300
75 irecv 79 2100 200 0
75 irecv 71 2300 200 0
75 send 79 2300 4 0
75 send 71 2100 4 0
75 wait 80 76 2100
75 wait 72 76 2300
75 irecv 107 3100 200 0
75 irecv 43 3300 200 0
75 send 107 3300 12 0
75 send 43 3100 12 0
75 wait 108 76 3100
75 wait 44 76 3300
75 send 72 1300 8 0
75 send 74 1100 4 0
75 irecv 79 2100 200 0
75 irecv 71 2300 200 0
75 wait 80 76 2100
75 wait 72 76 2300
75 irecv 107 3100 200 0
75 irecv 43 3300 200 0
75 wait 108 76 3100
75 wait 44 76 3300
75 irecv 72 1100 200 0
75 irecv 74 1300 200 0
75 send 72 1300 1 0
75 send 74 1100 1 0
75 wait 73 76 1100
75 wait 75 76 1300
75 irecv 79 2100 200 0
75 irecv 71 2300 200 0
75 send 79 2300 4 0
75 send 71 2100 4 0
75 wait 80 76 2100
75 wait 72 76 2300
75 irecv 107 3100 200 0
75 irecv 43 3300 200 0
75 send 107 3300 12 0
75 send 43 3100 12 0
75 wait 108 76 3100
75 wait 44 76 3300
75 irecv 72 1100 200 0
75 irecv 74 1300 200 0
75 send 72 1300 1 0
75 send 74 1100 1 0
75 wait 73 76 1100
75 wait 75 76 1300
75 irecv 79 2100 200 0
75 irecv 71 2300 200 0
75 send 79 2300 4 0
75 send 71 2100 4 0
75 wait 80 76 2100
75 wait 72 76 2300
75 irecv 107 3100 200 0
75 irecv 43 3300 200 0
75 send 107 3300 12 0
75 send 43 3100 12 0
75 wait 108 76 3100
75 wait 44 76 3300
75 irecv 72 1100 200 0
75 irecv 74 1300 200 0
75 send 72 1300 4 0
75 send 74 1100 4 0
75 wait 73 76 1100
75 wait 75 76 1300
75 irecv 79 2100 200 0
75 irecv 71 2300 200 0
75 send 79 2300 12 0
75 send 71 2100 12 0
75 wait 80 76 2100
75 wait 72 76 2300
75 irecv 107 3100 200 0
75 irecv 43 3300 200 0
75 send 107 3300 24 0
75 send 43 3100 24 0
75 wait 108 76 3100
75 wait 44 76 3300
75 irecv 72 1100 200 0
75 irecv 74 1300 200 0
75 send 72 1300 4 0
75 send 74 1100 4 0
75 wait 73 76 1100
75 wait 75 76 1300
75 irecv 79 2100 200 0
75 irecv 71 2300 200 0
75 send 79 2300 12 0
75 send 71 2100 12 0
75 wait 80 76 2100
75 wait 72 76 2300
75 irecv 107 3100 200 0
75 irecv 43 3300 200 0
75 send 107 3300 24 0
75 send 43 3100 24 0
75 wait 108 76 3100
75 wait 44 76 3300
75 irecv 72 1100 200 0
75 irecv 74 1300 200 0
75 send 72 1300 16 0
75 send 74 1100 16 0
75 wait 73 76 1100
75 wait 75 76 1300
75 irecv 79 2100 200 0
75 irecv 71 2300 200 0
75 send 79 2300 40 0
75 send 71 2100 40 0
75 wait 80 76 2100
75 wait 72 76 2300
75 irecv 107 3100 200 0
75 irecv 43 3300 200 0
75 send 107 3300 60 0
75 send 43 3100 60 0
75 wait 108 76 3100
75 wait 44 76 3300
75 irecv 72 1100 200 0
75 irecv 74 1300 200 0
75 send 72 1300 16 0
75 send 74 1100 16 0
75 wait 73 76 1100
75 wait 75 76 1300
75 irecv 79 2100 200 0
75 irecv 71 2300 200 0
75 send 79 2300 40 0
75 send 71 2100 40 0
75 wait 80 76 2100
75 wait 72 76 2300
75 irecv 107 3100 200 0
75 irecv 43 3300 200 0
75 send 107 3300 60 0
75 send 43 3100 60 0
75 wait 108 76 3100
75 wait 44 76 3300
75 irecv 72 1100 200 0
75 irecv 74 1300 200 0
75 send 72 1300 16 0
75 send 74 1100 16 0
75 wait 73 76 1100
75 wait 75 76 1300
75 irecv 79 2100 200 0
75 irecv 71 2300 200 0
75 send 79 2300 40 0
75 send 71 2100 40 0
75 wait 80 76 2100
75 wait 72 76 2300
75 irecv 107 3100 200 0
75 irecv 43 3300 200 0
75 send 107 3300 60 0
75 send 43 3100 60 0
75 wait 108 76 3100
75 wait 44 76 3300
75 barrier
75 allreduce 1 0 0 
75 allreduce 4 0 1 
75 allreduce 1 0 0 
75 allreduce 4 0 1 
75 allreduce 1 0 0 
75 allreduce 4 0 1 
75 allreduce 1 0 0 
75 allreduce 4 0 1 
75 allreduce 1 0 0 
75 allreduce 4 0 1 
75 allreduce 1 0 0 
75 allreduce 4 0 1 
75 allreduce 1 0 0 
75 allreduce 4 0 1 
75 allreduce 1 0 0 
75 allreduce 4 0 1 
75 allreduce 1 0 0 
75 allreduce 4 0 1 
75 allreduce 1 0 0 
75 allreduce 4 0 1 
75 allreduce 1 0 0 
75 allreduce 4 0 1 
75 allreduce 1 0 0 
75 allreduce 4 0 1 
75 allreduce 1 0 0 
75 allreduce 4 0 1 
75 allreduce 1 0 0 
75 allreduce 4 0 1 
75 allreduce 1 0 0 
75 allreduce 4 0 1 
75 allreduce 1 0 0 
75 allreduce 4 0 1 
75 allreduce 1 0 0 
75 allreduce 4 0 1 
75 allreduce 1 0 0 
75 allreduce 4 0 1 
75 allreduce 1 0 0 
75 allreduce 4 0 1 
75 allreduce 1 0 0 
75 allreduce 4 0 1 
75 barrier
75 irecv 72 1100 200 0
75 irecv 74 1300 200 0
75 send 72 1300 16 0
75 send 74 1100 16 0
75 wait 73 76 1100
75 wait 75 76 1300
75 irecv 79 2100 200 0
75 irecv 71 2300 200 0
75 send 79 2300 40 0
75 send 71 2100 40 0
75 wait 80 76 2100
75 wait 72 76 2300
75 irecv 107 3100 200 0
75 irecv 43 3300 200 0
75 send 107 3300 60 0
75 send 43 3100 60 0
75 wait 108 76 3100
75 wait 44 76 3300
75 barrier
75 irecv 72 1100 200 0
75 irecv 74 1300 200 0
75 send 72 1300 16 0
75 send 74 1100 16 0
75 wait 73 76 1100
75 wait 75 76 1300
75 irecv 79 2100 200 0
75 irecv 71 2300 200 0
75 send 79 2300 40 0
75 send 71 2100 40 0
75 wait 80 76 2100
75 wait 72 76 2300
75 irecv 107 3100 200 0
75 irecv 43 3300 200 0
75 send 107 3300 60 0
75 send 43 3100 60 0
75 wait 108 76 3100
75 wait 44 76 3300
75 allreduce 1 0 0 
75 allreduce 1 0 0 
75 irecv 72 1100 200 0
75 irecv 74 1300 200 0
75 send 72 1300 4 0
75 send 74 1100 4 0
75 wait 73 76 1100
75 wait 75 76 1300
75 irecv 79 2100 200 0
75 irecv 71 2300 200 0
75 send 79 2300 12 0
75 send 71 2100 12 0
75 wait 80 76 2100
75 wait 72 76 2300
75 irecv 107 3100 200 0
75 irecv 43 3300 200 0
75 send 107 3300 24 0
75 send 43 3100 24 0
75 wait 108 76 3100
75 wait 44 76 3300
75 irecv 72 1100 200 0
75 irecv 74 1300 200 0
75 send 72 1300 1 0
75 send 74 1100 1 0
75 wait 73 76 1100
75 wait 75 76 1300
75 irecv 79 2100 200 0
75 irecv 71 2300 200 0
75 send 79 2300 4 0
75 send 71 2100 4 0
75 wait 80 76 2100
75 wait 72 76 2300
75 irecv 107 3100 200 0
75 irecv 43 3300 200 0
75 send 107 3300 12 0
75 send 43 3100 12 0
75 wait 108 76 3100
75 wait 44 76 3300
75 send 72 1300 8 0
75 send 74 1100 4 0
75 irecv 79 2100 200 0
75 irecv 71 2300 200 0
75 wait 80 76 2100
75 wait 72 76 2300
75 irecv 107 3100 200 0
75 irecv 43 3300 200 0
75 wait 108 76 3100
75 wait 44 76 3300
75 irecv 72 1100 200 0
75 irecv 74 1300 200 0
75 send 72 1300 1 0
75 send 74 1100 1 0
75 wait 73 76 1100
75 wait 75 76 1300
75 irecv 79 2100 200 0
75 irecv 71 2300 200 0
75 send 79 2300 4 0
75 send 71 2100 4 0
75 wait 80 76 2100
75 wait 72 76 2300
75 irecv 107 3100 200 0
75 irecv 43 3300 200 0
75 send 107 3300 12 0
75 send 43 3100 12 0
75 wait 108 76 3100
75 wait 44 76 3300
75 irecv 72 1100 200 0
75 irecv 74 1300 200 0
75 send 72 1300 1 0
75 send 74 1100 1 0
75 wait 73 76 1100
75 wait 75 76 1300
75 irecv 79 2100 200 0
75 irecv 71 2300 200 0
75 send 79 2300 4 0
75 send 71 2100 4 0
75 wait 80 76 2100
75 wait 72 76 2300
75 irecv 107 3100 200 0
75 irecv 43 3300 200 0
75 send 107 3300 12 0
75 send 43 3100 12 0
75 wait 108 76 3100
75 wait 44 76 3300
75 irecv 72 1100 200 0
75 irecv 74 1300 200 0
75 send 72 1300 4 0
75 send 74 1100 4 0
75 wait 73 76 1100
75 wait 75 76 1300
75 irecv 79 2100 200 0
75 irecv 71 2300 200 0
75 send 79 2300 12 0
75 send 71 2100 12 0
75 wait 80 76 2100
75 wait 72 76 2300
75 irecv 107 3100 200 0
75 irecv 43 3300 200 0
75 send 107 3300 24 0
75 send 43 3100 24 0
75 wait 108 76 3100
75 wait 44 76 3300
75 irecv 72 1100 200 0
75 irecv 74 1300 200 0
75 send 72 1300 4 0
75 send 74 1100 4 0
75 wait 73 76 1100
75 wait 75 76 1300
75 irecv 79 2100 200 0
75 irecv 71 2300 200 0
75 send 79 2300 12 0
75 send 71 2100 12 0
75 wait 80 76 2100
75 wait 72 76 2300
75 irecv 107 3100 200 0
75 irecv 43 3300 200 0
75 send 107 3300 24 0
75 send 43 3100 24 0
75 wait 108 76 3100
75 wait 44 76 3300
75 irecv 72 1100 200 0
75 irecv 74 1300 200 0
75 send 72 1300 16 0
75 send 74 1100 16 0
75 wait 73 76 1100
75 wait 75 76 1300
75 irecv 79 2100 200 0
75 irecv 71 2300 200 0
75 send 79 2300 40 0
75 send 71 2100 40 0
75 wait 80 76 2100
75 wait 72 76 2300
75 irecv 107 3100 200 0
75 irecv 43 3300 200 0
75 send 107 3300 60 0
75 send 43 3100 60 0
75 wait 108 76 3100
75 wait 44 76 3300
75 irecv 72 1100 200 0
75 irecv 74 1300 200 0
75 send 72 1300 16 0
75 send 74 1100 16 0
75 wait 73 76 1100
75 wait 75 76 1300
75 irecv 79 2100 200 0
75 irecv 71 2300 200 0
75 send 79 2300 40 0
75 send 71 2100 40 0
75 wait 80 76 2100
75 wait 72 76 2300
75 irecv 107 3100 200 0
75 irecv 43 3300 200 0
75 send 107 3300 60 0
75 send 43 3100 60 0
75 wait 108 76 3100
75 wait 44 76 3300
75 irecv 72 1100 200 0
75 irecv 74 1300 200 0
75 send 72 1300 16 0
75 send 74 1100 16 0
75 wait 73 76 1100
75 wait 75 76 1300
75 irecv 79 2100 200 0
75 irecv 71 2300 200 0
75 send 79 2300 40 0
75 send 71 2100 40 0
75 wait 80 76 2100
75 wait 72 76 2300
75 irecv 107 3100 200 0
75 irecv 43 3300 200 0
75 send 107 3300 60 0
75 send 43 3100 60 0
75 wait 108 76 3100
75 wait 44 76 3300
75 irecv 72 1100 200 0
75 irecv 74 1300 200 0
75 send 72 1300 4 0
75 send 74 1100 4 0
75 wait 73 76 1100
75 wait 75 76 1300
75 irecv 79 2100 200 0
75 irecv 71 2300 200 0
75 send 79 2300 12 0
75 send 71 2100 12 0
75 wait 80 76 2100
75 wait 72 76 2300
75 irecv 107 3100 200 0
75 irecv 43 3300 200 0
75 send 107 3300 24 0
75 send 43 3100 24 0
75 wait 108 76 3100
75 wait 44 76 3300
75 irecv 72 1100 200 0
75 irecv 74 1300 200 0
75 send 72 1300 1 0
75 send 74 1100 1 0
75 wait 73 76 1100
75 wait 75 76 1300
75 irecv 79 2100 200 0
75 irecv 71 2300 200 0
75 send 79 2300 4 0
75 send 71 2100 4 0
75 wait 80 76 2100
75 wait 72 76 2300
75 irecv 107 3100 200 0
75 irecv 43 3300 200 0
75 send 107 3300 12 0
75 send 43 3100 12 0
75 wait 108 76 3100
75 wait 44 76 3300
75 send 72 1300 8 0
75 send 74 1100 4 0
75 irecv 79 2100 200 0
75 irecv 71 2300 200 0
75 wait 80 76 2100
75 wait 72 76 2300
75 irecv 107 3100 200 0
75 irecv 43 3300 200 0
75 wait 108 76 3100
75 wait 44 76 3300
75 irecv 72 1100 200 0
75 irecv 74 1300 200 0
75 send 72 1300 1 0
75 send 74 1100 1 0
75 wait 73 76 1100
75 wait 75 76 1300
75 irecv 79 2100 200 0
75 irecv 71 2300 200 0
75 send 79 2300 4 0
75 send 71 2100 4 0
75 wait 80 76 2100
75 wait 72 76 2300
75 irecv 107 3100 200 0
75 irecv 43 3300 200 0
75 send 107 3300 12 0
75 send 43 3100 12 0
75 wait 108 76 3100
75 wait 44 76 3300
75 irecv 72 1100 200 0
75 irecv 74 1300 200 0
75 send 72 1300 1 0
75 send 74 1100 1 0
75 wait 73 76 1100
75 wait 75 76 1300
75 irecv 79 2100 200 0
75 irecv 71 2300 200 0
75 send 79 2300 4 0
75 send 71 2100 4 0
75 wait 80 76 2100
75 wait 72 76 2300
75 irecv 107 3100 200 0
75 irecv 43 3300 200 0
75 send 107 3300 12 0
75 send 43 3100 12 0
75 wait 108 76 3100
75 wait 44 76 3300
75 irecv 72 1100 200 0
75 irecv 74 1300 200 0
75 send 72 1300 4 0
75 send 74 1100 4 0
75 wait 73 76 1100
75 wait 75 76 1300
75 irecv 79 2100 200 0
75 irecv 71 2300 200 0
75 send 79 2300 12 0
75 send 71 2100 12 0
75 wait 80 76 2100
75 wait 72 76 2300
75 irecv 107 3100 200 0
75 irecv 43 3300 200 0
75 send 107 3300 24 0
75 send 43 3100 24 0
75 wait 108 76 3100
75 wait 44 76 3300
75 irecv 72 1100 200 0
75 irecv 74 1300 200 0
75 send 72 1300 4 0
75 send 74 1100 4 0
75 wait 73 76 1100
75 wait 75 76 1300
75 irecv 79 2100 200 0
75 irecv 71 2300 200 0
75 send 79 2300 12 0
75 send 71 2100 12 0
75 wait 80 76 2100
75 wait 72 76 2300
75 irecv 107 3100 200 0
75 irecv 43 3300 200 0
75 send 107 3300 24 0
75 send 43 3100 24 0
75 wait 108 76 3100
75 wait 44 76 3300
75 irecv 72 1100 200 0
75 irecv 74 1300 200 0
75 send 72 1300 16 0
75 send 74 1100 16 0
75 wait 73 76 1100
75 wait 75 76 1300
75 irecv 79 2100 200 0
75 irecv 71 2300 200 0
75 send 79 2300 40 0
75 send 71 2100 40 0
75 wait 80 76 2100
75 wait 72 76 2300
75 irecv 107 3100 200 0
75 irecv 43 3300 200 0
75 send 107 3300 60 0
75 send 43 3100 60 0
75 wait 108 76 3100
75 wait 44 76 3300
75 irecv 72 1100 200 0
75 irecv 74 1300 200 0
75 send 72 1300 16 0
75 send 74 1100 16 0
75 wait 73 76 1100
75 wait 75 76 1300
75 irecv 79 2100 200 0
75 irecv 71 2300 200 0
75 send 79 2300 40 0
75 send 71 2100 40 0
75 wait 80 76 2100
75 wait 72 76 2300
75 irecv 107 3100 200 0
75 irecv 43 3300 200 0
75 send 107 3300 60 0
75 send 43 3100 60 0
75 wait 108 76 3100
75 wait 44 76 3300
75 irecv 72 1100 200 0
75 irecv 74 1300 200 0
75 send 72 1300 16 0
75 send 74 1100 16 0
75 wait 73 76 1100
75 wait 75 76 1300
75 irecv 79 2100 200 0
75 irecv 71 2300 200 0
75 send 79 2300 40 0
75 send 71 2100 40 0
75 wait 80 76 2100
75 wait 72 76 2300
75 irecv 107 3100 200 0
75 irecv 43 3300 200 0
75 send 107 3300 60 0
75 send 43 3100 60 0
75 wait 108 76 3100
75 wait 44 76 3300
75 irecv 72 1100 200 0
75 irecv 74 1300 200 0
75 send 72 1300 4 0
75 send 74 1100 4 0
75 wait 73 76 1100
75 wait 75 76 1300
75 irecv 79 2100 200 0
75 irecv 71 2300 200 0
75 send 79 2300 12 0
75 send 71 2100 12 0
75 wait 80 76 2100
75 wait 72 76 2300
75 irecv 107 3100 200 0
75 irecv 43 3300 200 0
75 send 107 3300 24 0
75 send 43 3100 24 0
75 wait 108 76 3100
75 wait 44 76 3300
75 irecv 72 1100 200 0
75 irecv 74 1300 200 0
75 send 72 1300 1 0
75 send 74 1100 1 0
75 wait 73 76 1100
75 wait 75 76 1300
75 irecv 79 2100 200 0
75 irecv 71 2300 200 0
75 send 79 2300 4 0
75 send 71 2100 4 0
75 wait 80 76 2100
75 wait 72 76 2300
75 irecv 107 3100 200 0
75 irecv 43 3300 200 0
75 send 107 3300 12 0
75 send 43 3100 12 0
75 wait 108 76 3100
75 wait 44 76 3300
75 send 72 1300 8 0
75 send 74 1100 4 0
75 irecv 79 2100 200 0
75 irecv 71 2300 200 0
75 wait 80 76 2100
75 wait 72 76 2300
75 irecv 107 3100 200 0
75 irecv 43 3300 200 0
75 wait 108 76 3100
75 wait 44 76 3300
75 irecv 72 1100 200 0
75 irecv 74 1300 200 0
75 send 72 1300 1 0
75 send 74 1100 1 0
75 wait 73 76 1100
75 wait 75 76 1300
75 irecv 79 2100 200 0
75 irecv 71 2300 200 0
75 send 79 2300 4 0
75 send 71 2100 4 0
75 wait 80 76 2100
75 wait 72 76 2300
75 irecv 107 3100 200 0
75 irecv 43 3300 200 0
75 send 107 3300 12 0
75 send 43 3100 12 0
75 wait 108 76 3100
75 wait 44 76 3300
75 irecv 72 1100 200 0
75 irecv 74 1300 200 0
75 send 72 1300 1 0
75 send 74 1100 1 0
75 wait 73 76 1100
75 wait 75 76 1300
75 irecv 79 2100 200 0
75 irecv 71 2300 200 0
75 send 79 2300 4 0
75 send 71 2100 4 0
75 wait 80 76 2100
75 wait 72 76 2300
75 irecv 107 3100 200 0
75 irecv 43 3300 200 0
75 send 107 3300 12 0
75 send 43 3100 12 0
75 wait 108 76 3100
75 wait 44 76 3300
75 irecv 72 1100 200 0
75 irecv 74 1300 200 0
75 send 72 1300 4 0
75 send 74 1100 4 0
75 wait 73 76 1100
75 wait 75 76 1300
75 irecv 79 2100 200 0
75 irecv 71 2300 200 0
75 send 79 2300 12 0
75 send 71 2100 12 0
75 wait 80 76 2100
75 wait 72 76 2300
75 irecv 107 3100 200 0
75 irecv 43 3300 200 0
75 send 107 3300 24 0
75 send 43 3100 24 0
75 wait 108 76 3100
75 wait 44 76 3300
75 irecv 72 1100 200 0
75 irecv 74 1300 200 0
75 send 72 1300 4 0
75 send 74 1100 4 0
75 wait 73 76 1100
75 wait 75 76 1300
75 irecv 79 2100 200 0
75 irecv 71 2300 200 0
75 send 79 2300 12 0
75 send 71 2100 12 0
75 wait 80 76 2100
75 wait 72 76 2300
75 irecv 107 3100 200 0
75 irecv 43 3300 200 0
75 send 107 3300 24 0
75 send 43 3100 24 0
75 wait 108 76 3100
75 wait 44 76 3300
75 irecv 72 1100 200 0
75 irecv 74 1300 200 0
75 send 72 1300 16 0
75 send 74 1100 16 0
75 wait 73 76 1100
75 wait 75 76 1300
75 irecv 79 2100 200 0
75 irecv 71 2300 200 0
75 send 79 2300 40 0
75 send 71 2100 40 0
75 wait 80 76 2100
75 wait 72 76 2300
75 irecv 107 3100 200 0
75 irecv 43 3300 200 0
75 send 107 3300 60 0
75 send 43 3100 60 0
75 wait 108 76 3100
75 wait 44 76 3300
75 irecv 72 1100 200 0
75 irecv 74 1300 200 0
75 send 72 1300 16 0
75 send 74 1100 16 0
75 wait 73 76 1100
75 wait 75 76 1300
75 irecv 79 2100 200 0
75 irecv 71 2300 200 0
75 send 79 2300 40 0
75 send 71 2100 40 0
75 wait 80 76 2100
75 wait 72 76 2300
75 irecv 107 3100 200 0
75 irecv 43 3300 200 0
75 send 107 3300 60 0
75 send 43 3100 60 0
75 wait 108 76 3100
75 wait 44 76 3300
75 irecv 72 1100 200 0
75 irecv 74 1300 200 0
75 send 72 1300 16 0
75 send 74 1100 16 0
75 wait 73 76 1100
75 wait 75 76 1300
75 irecv 79 2100 200 0
75 irecv 71 2300 200 0
75 send 79 2300 40 0
75 send 71 2100 40 0
75 wait 80 76 2100
75 wait 72 76 2300
75 irecv 107 3100 200 0
75 irecv 43 3300 200 0
75 send 107 3300 60 0
75 send 43 3100 60 0
75 wait 108 76 3100
75 wait 44 76 3300
75 irecv 72 1100 200 0
75 irecv 74 1300 200 0
75 send 72 1300 4 0
75 send 74 1100 4 0
75 wait 73 76 1100
75 wait 75 76 1300
75 irecv 79 2100 200 0
75 irecv 71 2300 200 0
75 send 79 2300 12 0
75 send 71 2100 12 0
75 wait 80 76 2100
75 wait 72 76 2300
75 irecv 107 3100 200 0
75 irecv 43 3300 200 0
75 send 107 3300 24 0
75 send 43 3100 24 0
75 wait 108 76 3100
75 wait 44 76 3300
75 irecv 72 1100 200 0
75 irecv 74 1300 200 0
75 send 72 1300 1 0
75 send 74 1100 1 0
75 wait 73 76 1100
75 wait 75 76 1300
75 irecv 79 2100 200 0
75 irecv 71 2300 200 0
75 send 79 2300 4 0
75 send 71 2100 4 0
75 wait 80 76 2100
75 wait 72 76 2300
75 irecv 107 3100 200 0
75 irecv 43 3300 200 0
75 send 107 3300 12 0
75 send 43 3100 12 0
75 wait 108 76 3100
75 wait 44 76 3300
75 send 72 1300 8 0
75 send 74 1100 4 0
75 irecv 79 2100 200 0
75 irecv 71 2300 200 0
75 wait 80 76 2100
75 wait 72 76 2300
75 irecv 107 3100 200 0
75 irecv 43 3300 200 0
75 wait 108 76 3100
75 wait 44 76 3300
75 irecv 72 1100 200 0
75 irecv 74 1300 200 0
75 send 72 1300 1 0
75 send 74 1100 1 0
75 wait 73 76 1100
75 wait 75 76 1300
75 irecv 79 2100 200 0
75 irecv 71 2300 200 0
75 send 79 2300 4 0
75 send 71 2100 4 0
75 wait 80 76 2100
75 wait 72 76 2300
75 irecv 107 3100 200 0
75 irecv 43 3300 200 0
75 send 107 3300 12 0
75 send 43 3100 12 0
75 wait 108 76 3100
75 wait 44 76 3300
75 irecv 72 1100 200 0
75 irecv 74 1300 200 0
75 send 72 1300 1 0
75 send 74 1100 1 0
75 wait 73 76 1100
75 wait 75 76 1300
75 irecv 79 2100 200 0
75 irecv 71 2300 200 0
75 send 79 2300 4 0
75 send 71 2100 4 0
75 wait 80 76 2100
75 wait 72 76 2300
75 irecv 107 3100 200 0
75 irecv 43 3300 200 0
75 send 107 3300 12 0
75 send 43 3100 12 0
75 wait 108 76 3100
75 wait 44 76 3300
75 irecv 72 1100 200 0
75 irecv 74 1300 200 0
75 send 72 1300 4 0
75 send 74 1100 4 0
75 wait 73 76 1100
75 wait 75 76 1300
75 irecv 79 2100 200 0
75 irecv 71 2300 200 0
75 send 79 2300 12 0
75 send 71 2100 12 0
75 wait 80 76 2100
75 wait 72 76 2300
75 irecv 107 3100 200 0
75 irecv 43 3300 200 0
75 send 107 3300 24 0
75 send 43 3100 24 0
75 wait 108 76 3100
75 wait 44 76 3300
75 irecv 72 1100 200 0
75 irecv 74 1300 200 0
75 send 72 1300 4 0
75 send 74 1100 4 0
75 wait 73 76 1100
75 wait 75 76 1300
75 irecv 79 2100 200 0
75 irecv 71 2300 200 0
75 send 79 2300 12 0
75 send 71 2100 12 0
75 wait 80 76 2100
75 wait 72 76 2300
75 irecv 107 3100 200 0
75 irecv 43 3300 200 0
75 send 107 3300 24 0
75 send 43 3100 24 0
75 wait 108 76 3100
75 wait 44 76 3300
75 irecv 72 1100 200 0
75 irecv 74 1300 200 0
75 send 72 1300 16 0
75 send 74 1100 16 0
75 wait 73 76 1100
75 wait 75 76 1300
75 irecv 79 2100 200 0
75 irecv 71 2300 200 0
75 send 79 2300 40 0
75 send 71 2100 40 0
75 wait 80 76 2100
75 wait 72 76 2300
75 irecv 107 3100 200 0
75 irecv 43 3300 200 0
75 send 107 3300 60 0
75 send 43 3100 60 0
75 wait 108 76 3100
75 wait 44 76 3300
75 irecv 72 1100 200 0
75 irecv 74 1300 200 0
75 send 72 1300 16 0
75 send 74 1100 16 0
75 wait 73 76 1100
75 wait 75 76 1300
75 irecv 79 2100 200 0
75 irecv 71 2300 200 0
75 send 79 2300 40 0
75 send 71 2100 40 0
75 wait 80 76 2100
75 wait 72 76 2300
75 irecv 107 3100 200 0
75 irecv 43 3300 200 0
75 send 107 3300 60 0
75 send 43 3100 60 0
75 wait 108 76 3100
75 wait 44 76 3300
75 irecv 72 1100 200 0
75 irecv 74 1300 200 0
75 send 72 1300 16 0
75 send 74 1100 16 0
75 wait 73 76 1100
75 wait 75 76 1300
75 irecv 79 2100 200 0
75 irecv 71 2300 200 0
75 send 79 2300 40 0
75 send 71 2100 40 0
75 wait 80 76 2100
75 wait 72 76 2300
75 irecv 107 3100 200 0
75 irecv 43 3300 200 0
75 send 107 3300 60 0
75 send 43 3100 60 0
75 wait 108 76 3100
75 wait 44 76 3300
75 allreduce 1 0 0 
75 allreduce 1 0 0 
75 reduce 1 0 0 0 
75 finalize
