1 init
1 barrier
1 bcast 1 0 1 
1 bcast 1 0 1 
1 bcast 1 0 1 
1 bcast 1 0 1 
1 bcast 1 0 1 
1 bcast 8 0 1 
1 bcast 1 0 16 
1 barrier
1 allreduce 1 0 0 
1 allreduce 4 0 1 
1 allreduce 1 0 0 
1 allreduce 4 0 1 
1 allreduce 1 0 0 
1 allreduce 4 0 1 
1 allreduce 1 0 0 
1 allreduce 4 0 1 
1 allreduce 1 0 0 
1 allreduce 4 0 1 
1 allreduce 1 0 0 
1 allreduce 4 0 1 
1 allreduce 1 0 0 
1 allreduce 4 0 1 
1 allreduce 1 0 0 
1 allreduce 4 0 1 
1 allreduce 1 0 0 
1 allreduce 4 0 1 
1 allreduce 1 0 0 
1 allreduce 4 0 1 
1 allreduce 1 0 0 
1 allreduce 4 0 1 
1 allreduce 1 0 0 
1 allreduce 4 0 1 
1 allreduce 1 0 0 
1 allreduce 4 0 1 
1 allreduce 1 0 0 
1 allreduce 4 0 1 
1 allreduce 1 0 0 
1 allreduce 4 0 1 
1 allreduce 1 0 0 
1 allreduce 4 0 1 
1 allreduce 1 0 0 
1 allreduce 4 0 1 
1 allreduce 1 0 0 
1 allreduce 4 0 1 
1 allreduce 1 0 0 
1 allreduce 4 0 1 
1 allreduce 1 0 0 
1 allreduce 4 0 1 
1 barrier
1 irecv 2 1100 200 0
1 irecv 0 1300 200 0
1 send 2 1300 16 0
1 send 0 1100 16 0
1 wait 3 2 1100
1 wait 1 2 1300
1 irecv 5 2100 200 0
1 irecv 29 2300 200 0
1 send 5 2300 40 0
1 send 29 2100 40 0
1 wait 6 2 2100
1 wait 30 2 2300
1 irecv 33 3100 200 0
1 irecv 225 3300 200 0
1 send 33 3300 60 0
1 send 225 3100 60 0
1 wait 34 2 3100
1 wait 226 2 3300
1 allreduce 1 0 0 
1 allreduce 1 0 0 
1 irecv 2 1100 200 0
1 irecv 0 1300 200 0
1 send 2 1300 16 0
1 send 0 1100 16 0
1 wait 3 2 1100
1 wait 1 2 1300
1 irecv 5 2100 200 0
1 irecv 29 2300 200 0
1 send 5 2300 40 0
1 send 29 2100 40 0
1 wait 6 2 2100
1 wait 30 2 2300
1 irecv 33 3100 200 0
1 irecv 225 3300 200 0
1 send 33 3300 60 0
1 send 225 3100 60 0
1 wait 34 2 3100
1 wait 226 2 3300
1 allreduce 1 0 0 
1 allreduce 1 0 0 
1 irecv 2 1100 200 0
1 irecv 0 1300 200 0
1 send 2 1300 4 0
1 send 0 1100 4 0
1 wait 3 2 1100
1 wait 1 2 1300
1 irecv 5 2100 200 0
1 irecv 29 2300 200 0
1 send 5 2300 12 0
1 send 29 2100 12 0
1 wait 6 2 2100
1 wait 30 2 2300
1 irecv 33 3100 200 0
1 irecv 225 3300 200 0
1 send 33 3300 24 0
1 send 225 3100 24 0
1 wait 34 2 3100
1 wait 226 2 3300
1 irecv 2 1100 200 0
1 irecv 0 1300 200 0
1 send 2 1300 1 0
1 send 0 1100 1 0
1 wait 3 2 1100
1 wait 1 2 1300
1 irecv 5 2100 200 0
1 irecv 29 2300 200 0
1 send 5 2300 4 0
1 send 29 2100 4 0
1 wait 6 2 2100
1 wait 30 2 2300
1 irecv 33 3100 200 0
1 irecv 225 3300 200 0
1 send 33 3300 12 0
1 send 225 3100 12 0
1 wait 34 2 3100
1 wait 226 2 3300
1 send 2 1300 8 0
1 send 0 1100 4 0
1 irecv 5 2100 200 0
1 irecv 29 2300 200 0
1 wait 6 2 2100
1 wait 30 2 2300
1 irecv 33 3100 200 0
1 irecv 225 3300 200 0
1 wait 34 2 3100
1 wait 226 2 3300
1 irecv 2 1100 200 0
1 irecv 0 1300 200 0
1 send 2 1300 1 0
1 send 0 1100 1 0
1 wait 3 2 1100
1 wait 1 2 1300
1 irecv 5 2100 200 0
1 irecv 29 2300 200 0
1 send 5 2300 4 0
1 send 29 2100 4 0
1 wait 6 2 2100
1 wait 30 2 2300
1 irecv 33 3100 200 0
1 irecv 225 3300 200 0
1 send 33 3300 12 0
1 send 225 3100 12 0
1 wait 34 2 3100
1 wait 226 2 3300
1 irecv 2 1100 200 0
1 irecv 0 1300 200 0
1 send 2 1300 1 0
1 send 0 1100 1 0
1 wait 3 2 1100
1 wait 1 2 1300
1 irecv 5 2100 200 0
1 irecv 29 2300 200 0
1 send 5 2300 4 0
1 send 29 2100 4 0
1 wait 6 2 2100
1 wait 30 2 2300
1 irecv 33 3100 200 0
1 irecv 225 3300 200 0
1 send 33 3300 12 0
1 send 225 3100 12 0
1 wait 34 2 3100
1 wait 226 2 3300
1 irecv 2 1100 200 0
1 irecv 0 1300 200 0
1 send 2 1300 4 0
1 send 0 1100 4 0
1 wait 3 2 1100
1 wait 1 2 1300
1 irecv 5 2100 200 0
1 irecv 29 2300 200 0
1 send 5 2300 12 0
1 send 29 2100 12 0
1 wait 6 2 2100
1 wait 30 2 2300
1 irecv 33 3100 200 0
1 irecv 225 3300 200 0
1 send 33 3300 24 0
1 send 225 3100 24 0
1 wait 34 2 3100
1 wait 226 2 3300
1 irecv 2 1100 200 0
1 irecv 0 1300 200 0
1 send 2 1300 4 0
1 send 0 1100 4 0
1 wait 3 2 1100
1 wait 1 2 1300
1 irecv 5 2100 200 0
1 irecv 29 2300 200 0
1 send 5 2300 12 0
1 send 29 2100 12 0
1 wait 6 2 2100
1 wait 30 2 2300
1 irecv 33 3100 200 0
1 irecv 225 3300 200 0
1 send 33 3300 24 0
1 send 225 3100 24 0
1 wait 34 2 3100
1 wait 226 2 3300
1 irecv 2 1100 200 0
1 irecv 0 1300 200 0
1 send 2 1300 16 0
1 send 0 1100 16 0
1 wait 3 2 1100
1 wait 1 2 1300
1 irecv 5 2100 200 0
1 irecv 29 2300 200 0
1 send 5 2300 40 0
1 send 29 2100 40 0
1 wait 6 2 2100
1 wait 30 2 2300
1 irecv 33 3100 200 0
1 irecv 225 3300 200 0
1 send 33 3300 60 0
1 send 225 3100 60 0
1 wait 34 2 3100
1 wait 226 2 3300
1 irecv 2 1100 200 0
1 irecv 0 1300 200 0
1 send 2 1300 16 0
1 send 0 1100 16 0
1 wait 3 2 1100
1 wait 1 2 1300
1 irecv 5 2100 200 0
1 irecv 29 2300 200 0
1 send 5 2300 40 0
1 send 29 2100 40 0
1 wait 6 2 2100
1 wait 30 2 2300
1 irecv 33 3100 200 0
1 irecv 225 3300 200 0
1 send 33 3300 60 0
1 send 225 3100 60 0
1 wait 34 2 3100
1 wait 226 2 3300
1 irecv 2 1100 200 0
1 irecv 0 1300 200 0
1 send 2 1300 16 0
1 send 0 1100 16 0
1 wait 3 2 1100
1 wait 1 2 1300
1 irecv 5 2100 200 0
1 irecv 29 2300 200 0
1 send 5 2300 40 0
1 send 29 2100 40 0
1 wait 6 2 2100
1 wait 30 2 2300
1 irecv 33 3100 200 0
1 irecv 225 3300 200 0
1 send 33 3300 60 0
1 send 225 3100 60 0
1 wait 34 2 3100
1 wait 226 2 3300
1 barrier
1 allreduce 1 0 0 
1 allreduce 4 0 1 
1 allreduce 1 0 0 
1 allreduce 4 0 1 
1 allreduce 1 0 0 
1 allreduce 4 0 1 
1 allreduce 1 0 0 
1 allreduce 4 0 1 
1 allreduce 1 0 0 
1 allreduce 4 0 1 
1 allreduce 1 0 0 
1 allreduce 4 0 1 
1 allreduce 1 0 0 
1 allreduce 4 0 1 
1 allreduce 1 0 0 
1 allreduce 4 0 1 
1 allreduce 1 0 0 
1 allreduce 4 0 1 
1 allreduce 1 0 0 
1 allreduce 4 0 1 
1 allreduce 1 0 0 
1 allreduce 4 0 1 
1 allreduce 1 0 0 
1 allreduce 4 0 1 
1 allreduce 1 0 0 
1 allreduce 4 0 1 
1 allreduce 1 0 0 
1 allreduce 4 0 1 
1 allreduce 1 0 0 
1 allreduce 4 0 1 
1 allreduce 1 0 0 
1 allreduce 4 0 1 
1 allreduce 1 0 0 
1 allreduce 4 0 1 
1 allreduce 1 0 0 
1 allreduce 4 0 1 
1 allreduce 1 0 0 
1 allreduce 4 0 1 
1 allreduce 1 0 0 
1 allreduce 4 0 1 
1 barrier
1 irecv 2 1100 200 0
1 irecv 0 1300 200 0
1 send 2 1300 16 0
1 send 0 1100 16 0
1 wait 3 2 1100
1 wait 1 2 1300
1 irecv 5 2100 200 0
1 irecv 29 2300 200 0
1 send 5 2300 40 0
1 send 29 2100 40 0
1 wait 6 2 2100
1 wait 30 2 2300
1 irecv 33 3100 200 0
1 irecv 225 3300 200 0
1 send 33 3300 60 0
1 send 225 3100 60 0
1 wait 34 2 3100
1 wait 226 2 3300
1 barrier
1 irecv 2 1100 200 0
1 irecv 0 1300 200 0
1 send 2 1300 16 0
1 send 0 1100 16 0
1 wait 3 2 1100
1 wait 1 2 1300
1 irecv 5 2100 200 0
1 irecv 29 2300 200 0
1 send 5 2300 40 0
1 send 29 2100 40 0
1 wait 6 2 2100
1 wait 30 2 2300
1 irecv 33 3100 200 0
1 irecv 225 3300 200 0
1 send 33 3300 60 0
1 send 225 3100 60 0
1 wait 34 2 3100
1 wait 226 2 3300
1 allreduce 1 0 0 
1 allreduce 1 0 0 
1 irecv 2 1100 200 0
1 irecv 0 1300 200 0
1 send 2 1300 4 0
1 send 0 1100 4 0
1 wait 3 2 1100
1 wait 1 2 1300
1 irecv 5 2100 200 0
1 irecv 29 2300 200 0
1 send 5 2300 12 0
1 send 29 2100 12 0
1 wait 6 2 2100
1 wait 30 2 2300
1 irecv 33 3100 200 0
1 irecv 225 3300 200 0
1 send 33 3300 24 0
1 send 225 3100 24 0
1 wait 34 2 3100
1 wait 226 2 3300
1 irecv 2 1100 200 0
1 irecv 0 1300 200 0
1 send 2 1300 1 0
1 send 0 1100 1 0
1 wait 3 2 1100
1 wait 1 2 1300
1 irecv 5 2100 200 0
1 irecv 29 2300 200 0
1 send 5 2300 4 0
1 send 29 2100 4 0
1 wait 6 2 2100
1 wait 30 2 2300
1 irecv 33 3100 200 0
1 irecv 225 3300 200 0
1 send 33 3300 12 0
1 send 225 3100 12 0
1 wait 34 2 3100
1 wait 226 2 3300
1 send 2 1300 8 0
1 send 0 1100 4 0
1 irecv 5 2100 200 0
1 irecv 29 2300 200 0
1 wait 6 2 2100
1 wait 30 2 2300
1 irecv 33 3100 200 0
1 irecv 225 3300 200 0
1 wait 34 2 3100
1 wait 226 2 3300
1 irecv 2 1100 200 0
1 irecv 0 1300 200 0
1 send 2 1300 1 0
1 send 0 1100 1 0
1 wait 3 2 1100
1 wait 1 2 1300
1 irecv 5 2100 200 0
1 irecv 29 2300 200 0
1 send 5 2300 4 0
1 send 29 2100 4 0
1 wait 6 2 2100
1 wait 30 2 2300
1 irecv 33 3100 200 0
1 irecv 225 3300 200 0
1 send 33 3300 12 0
1 send 225 3100 12 0
1 wait 34 2 3100
1 wait 226 2 3300
1 irecv 2 1100 200 0
1 irecv 0 1300 200 0
1 send 2 1300 1 0
1 send 0 1100 1 0
1 wait 3 2 1100
1 wait 1 2 1300
1 irecv 5 2100 200 0
1 irecv 29 2300 200 0
1 send 5 2300 4 0
1 send 29 2100 4 0
1 wait 6 2 2100
1 wait 30 2 2300
1 irecv 33 3100 200 0
1 irecv 225 3300 200 0
1 send 33 3300 12 0
1 send 225 3100 12 0
1 wait 34 2 3100
1 wait 226 2 3300
1 irecv 2 1100 200 0
1 irecv 0 1300 200 0
1 send 2 1300 4 0
1 send 0 1100 4 0
1 wait 3 2 1100
1 wait 1 2 1300
1 irecv 5 2100 200 0
1 irecv 29 2300 200 0
1 send 5 2300 12 0
1 send 29 2100 12 0
1 wait 6 2 2100
1 wait 30 2 2300
1 irecv 33 3100 200 0
1 irecv 225 3300 200 0
1 send 33 3300 24 0
1 send 225 3100 24 0
1 wait 34 2 3100
1 wait 226 2 3300
1 irecv 2 1100 200 0
1 irecv 0 1300 200 0
1 send 2 1300 4 0
1 send 0 1100 4 0
1 wait 3 2 1100
1 wait 1 2 1300
1 irecv 5 2100 200 0
1 irecv 29 2300 200 0
1 send 5 2300 12 0
1 send 29 2100 12 0
1 wait 6 2 2100
1 wait 30 2 2300
1 irecv 33 3100 200 0
1 irecv 225 3300 200 0
1 send 33 3300 24 0
1 send 225 3100 24 0
1 wait 34 2 3100
1 wait 226 2 3300
1 irecv 2 1100 200 0
1 irecv 0 1300 200 0
1 send 2 1300 16 0
1 send 0 1100 16 0
1 wait 3 2 1100
1 wait 1 2 1300
1 irecv 5 2100 200 0
1 irecv 29 2300 200 0
1 send 5 2300 40 0
1 send 29 2100 40 0
1 wait 6 2 2100
1 wait 30 2 2300
1 irecv 33 3100 200 0
1 irecv 225 3300 200 0
1 send 33 3300 60 0
1 send 225 3100 60 0
1 wait 34 2 3100
1 wait 226 2 3300
1 irecv 2 1100 200 0
1 irecv 0 1300 200 0
1 send 2 1300 16 0
1 send 0 1100 16 0
1 wait 3 2 1100
1 wait 1 2 1300
1 irecv 5 2100 200 0
1 irecv 29 2300 200 0
1 send 5 2300 40 0
1 send 29 2100 40 0
1 wait 6 2 2100
1 wait 30 2 2300
1 irecv 33 3100 200 0
1 irecv 225 3300 200 0
1 send 33 3300 60 0
1 send 225 3100 60 0
1 wait 34 2 3100
1 wait 226 2 3300
1 irecv 2 1100 200 0
1 irecv 0 1300 200 0
1 send 2 1300 16 0
1 send 0 1100 16 0
1 wait 3 2 1100
1 wait 1 2 1300
1 irecv 5 2100 200 0
1 irecv 29 2300 200 0
1 send 5 2300 40 0
1 send 29 2100 40 0
1 wait 6 2 2100
1 wait 30 2 2300
1 irecv 33 3100 200 0
1 irecv 225 3300 200 0
1 send 33 3300 60 0
1 send 225 3100 60 0
1 wait 34 2 3100
1 wait 226 2 3300
1 irecv 2 1100 200 0
1 irecv 0 1300 200 0
1 send 2 1300 4 0
1 send 0 1100 4 0
1 wait 3 2 1100
1 wait 1 2 1300
1 irecv 5 2100 200 0
1 irecv 29 2300 200 0
1 send 5 2300 12 0
1 send 29 2100 12 0
1 wait 6 2 2100
1 wait 30 2 2300
1 irecv 33 3100 200 0
1 irecv 225 3300 200 0
1 send 33 3300 24 0
1 send 225 3100 24 0
1 wait 34 2 3100
1 wait 226 2 3300
1 irecv 2 1100 200 0
1 irecv 0 1300 200 0
1 send 2 1300 1 0
1 send 0 1100 1 0
1 wait 3 2 1100
1 wait 1 2 1300
1 irecv 5 2100 200 0
1 irecv 29 2300 200 0
1 send 5 2300 4 0
1 send 29 2100 4 0
1 wait 6 2 2100
1 wait 30 2 2300
1 irecv 33 3100 200 0
1 irecv 225 3300 200 0
1 send 33 3300 12 0
1 send 225 3100 12 0
1 wait 34 2 3100
1 wait 226 2 3300
1 send 2 1300 8 0
1 send 0 1100 4 0
1 irecv 5 2100 200 0
1 irecv 29 2300 200 0
1 wait 6 2 2100
1 wait 30 2 2300
1 irecv 33 3100 200 0
1 irecv 225 3300 200 0
1 wait 34 2 3100
1 wait 226 2 3300
1 irecv 2 1100 200 0
1 irecv 0 1300 200 0
1 send 2 1300 1 0
1 send 0 1100 1 0
1 wait 3 2 1100
1 wait 1 2 1300
1 irecv 5 2100 200 0
1 irecv 29 2300 200 0
1 send 5 2300 4 0
1 send 29 2100 4 0
1 wait 6 2 2100
1 wait 30 2 2300
1 irecv 33 3100 200 0
1 irecv 225 3300 200 0
1 send 33 3300 12 0
1 send 225 3100 12 0
1 wait 34 2 3100
1 wait 226 2 3300
1 irecv 2 1100 200 0
1 irecv 0 1300 200 0
1 send 2 1300 1 0
1 send 0 1100 1 0
1 wait 3 2 1100
1 wait 1 2 1300
1 irecv 5 2100 200 0
1 irecv 29 2300 200 0
1 send 5 2300 4 0
1 send 29 2100 4 0
1 wait 6 2 2100
1 wait 30 2 2300
1 irecv 33 3100 200 0
1 irecv 225 3300 200 0
1 send 33 3300 12 0
1 send 225 3100 12 0
1 wait 34 2 3100
1 wait 226 2 3300
1 irecv 2 1100 200 0
1 irecv 0 1300 200 0
1 send 2 1300 4 0
1 send 0 1100 4 0
1 wait 3 2 1100
1 wait 1 2 1300
1 irecv 5 2100 200 0
1 irecv 29 2300 200 0
1 send 5 2300 12 0
1 send 29 2100 12 0
1 wait 6 2 2100
1 wait 30 2 2300
1 irecv 33 3100 200 0
1 irecv 225 3300 200 0
1 send 33 3300 24 0
1 send 225 3100 24 0
1 wait 34 2 3100
1 wait 226 2 3300
1 irecv 2 1100 200 0
1 irecv 0 1300 200 0
1 send 2 1300 4 0
1 send 0 1100 4 0
1 wait 3 2 1100
1 wait 1 2 1300
1 irecv 5 2100 200 0
1 irecv 29 2300 200 0
1 send 5 2300 12 0
1 send 29 2100 12 0
1 wait 6 2 2100
1 wait 30 2 2300
1 irecv 33 3100 200 0
1 irecv 225 3300 200 0
1 send 33 3300 24 0
1 send 225 3100 24 0
1 wait 34 2 3100
1 wait 226 2 3300
1 irecv 2 1100 200 0
1 irecv 0 1300 200 0
1 send 2 1300 16 0
1 send 0 1100 16 0
1 wait 3 2 1100
1 wait 1 2 1300
1 irecv 5 2100 200 0
1 irecv 29 2300 200 0
1 send 5 2300 40 0
1 send 29 2100 40 0
1 wait 6 2 2100
1 wait 30 2 2300
1 irecv 33 3100 200 0
1 irecv 225 3300 200 0
1 send 33 3300 60 0
1 send 225 3100 60 0
1 wait 34 2 3100
1 wait 226 2 3300
1 irecv 2 1100 200 0
1 irecv 0 1300 200 0
1 send 2 1300 16 0
1 send 0 1100 16 0
1 wait 3 2 1100
1 wait 1 2 1300
1 irecv 5 2100 200 0
1 irecv 29 2300 200 0
1 send 5 2300 40 0
1 send 29 2100 40 0
1 wait 6 2 2100
1 wait 30 2 2300
1 irecv 33 3100 200 0
1 irecv 225 3300 200 0
1 send 33 3300 60 0
1 send 225 3100 60 0
1 wait 34 2 3100
1 wait 226 2 3300
1 irecv 2 1100 200 0
1 irecv 0 1300 200 0
1 send 2 1300 16 0
1 send 0 1100 16 0
1 wait 3 2 1100
1 wait 1 2 1300
1 irecv 5 2100 200 0
1 irecv 29 2300 200 0
1 send 5 2300 40 0
1 send 29 2100 40 0
1 wait 6 2 2100
1 wait 30 2 2300
1 irecv 33 3100 200 0
1 irecv 225 3300 200 0
1 send 33 3300 60 0
1 send 225 3100 60 0
1 wait 34 2 3100
1 wait 226 2 3300
1 irecv 2 1100 200 0
1 irecv 0 1300 200 0
1 send 2 1300 4 0
1 send 0 1100 4 0
1 wait 3 2 1100
1 wait 1 2 1300
1 irecv 5 2100 200 0
1 irecv 29 2300 200 0
1 send 5 2300 12 0
1 send 29 2100 12 0
1 wait 6 2 2100
1 wait 30 2 2300
1 irecv 33 3100 200 0
1 irecv 225 3300 200 0
1 send 33 3300 24 0
1 send 225 3100 24 0
1 wait 34 2 3100
1 wait 226 2 3300
1 irecv 2 1100 200 0
1 irecv 0 1300 200 0
1 send 2 1300 1 0
1 send 0 1100 1 0
1 wait 3 2 1100
1 wait 1 2 1300
1 irecv 5 2100 200 0
1 irecv 29 2300 200 0
1 send 5 2300 4 0
1 send 29 2100 4 0
1 wait 6 2 2100
1 wait 30 2 2300
1 irecv 33 3100 200 0
1 irecv 225 3300 200 0
1 send 33 3300 12 0
1 send 225 3100 12 0
1 wait 34 2 3100
1 wait 226 2 3300
1 send 2 1300 8 0
1 send 0 1100 4 0
1 irecv 5 2100 200 0
1 irecv 29 2300 200 0
1 wait 6 2 2100
1 wait 30 2 2300
1 irecv 33 3100 200 0
1 irecv 225 3300 200 0
1 wait 34 2 3100
1 wait 226 2 3300
1 irecv 2 1100 200 0
1 irecv 0 1300 200 0
1 send 2 1300 1 0
1 send 0 1100 1 0
1 wait 3 2 1100
1 wait 1 2 1300
1 irecv 5 2100 200 0
1 irecv 29 2300 200 0
1 send 5 2300 4 0
1 send 29 2100 4 0
1 wait 6 2 2100
1 wait 30 2 2300
1 irecv 33 3100 200 0
1 irecv 225 3300 200 0
1 send 33 3300 12 0
1 send 225 3100 12 0
1 wait 34 2 3100
1 wait 226 2 3300
1 irecv 2 1100 200 0
1 irecv 0 1300 200 0
1 send 2 1300 1 0
1 send 0 1100 1 0
1 wait 3 2 1100
1 wait 1 2 1300
1 irecv 5 2100 200 0
1 irecv 29 2300 200 0
1 send 5 2300 4 0
1 send 29 2100 4 0
1 wait 6 2 2100
1 wait 30 2 2300
1 irecv 33 3100 200 0
1 irecv 225 3300 200 0
1 send 33 3300 12 0
1 send 225 3100 12 0
1 wait 34 2 3100
1 wait 226 2 3300
1 irecv 2 1100 200 0
1 irecv 0 1300 200 0
1 send 2 1300 4 0
1 send 0 1100 4 0
1 wait 3 2 1100
1 wait 1 2 1300
1 irecv 5 2100 200 0
1 irecv 29 2300 200 0
1 send 5 2300 12 0
1 send 29 2100 12 0
1 wait 6 2 2100
1 wait 30 2 2300
1 irecv 33 3100 200 0
1 irecv 225 3300 200 0
1 send 33 3300 24 0
1 send 225 3100 24 0
1 wait 34 2 3100
1 wait 226 2 3300
1 irecv 2 1100 200 0
1 irecv 0 1300 200 0
1 send 2 1300 4 0
1 send 0 1100 4 0
1 wait 3 2 1100
1 wait 1 2 1300
1 irecv 5 2100 200 0
1 irecv 29 2300 200 0
1 send 5 2300 12 0
1 send 29 2100 12 0
1 wait 6 2 2100
1 wait 30 2 2300
1 irecv 33 3100 200 0
1 irecv 225 3300 200 0
1 send 33 3300 24 0
1 send 225 3100 24 0
1 wait 34 2 3100
1 wait 226 2 3300
1 irecv 2 1100 200 0
1 irecv 0 1300 200 0
1 send 2 1300 16 0
1 send 0 1100 16 0
1 wait 3 2 1100
1 wait 1 2 1300
1 irecv 5 2100 200 0
1 irecv 29 2300 200 0
1 send 5 2300 40 0
1 send 29 2100 40 0
1 wait 6 2 2100
1 wait 30 2 2300
1 irecv 33 3100 200 0
1 irecv 225 3300 200 0
1 send 33 3300 60 0
1 send 225 3100 60 0
1 wait 34 2 3100
1 wait 226 2 3300
1 irecv 2 1100 200 0
1 irecv 0 1300 200 0
1 send 2 1300 16 0
1 send 0 1100 16 0
1 wait 3 2 1100
1 wait 1 2 1300
1 irecv 5 2100 200 0
1 irecv 29 2300 200 0
1 send 5 2300 40 0
1 send 29 2100 40 0
1 wait 6 2 2100
1 wait 30 2 2300
1 irecv 33 3100 200 0
1 irecv 225 3300 200 0
1 send 33 3300 60 0
1 send 225 3100 60 0
1 wait 34 2 3100
1 wait 226 2 3300
1 irecv 2 1100 200 0
1 irecv 0 1300 200 0
1 send 2 1300 16 0
1 send 0 1100 16 0
1 wait 3 2 1100
1 wait 1 2 1300
1 irecv 5 2100 200 0
1 irecv 29 2300 200 0
1 send 5 2300 40 0
1 send 29 2100 40 0
1 wait 6 2 2100
1 wait 30 2 2300
1 irecv 33 3100 200 0
1 irecv 225 3300 200 0
1 send 33 3300 60 0
1 send 225 3100 60 0
1 wait 34 2 3100
1 wait 226 2 3300
1 irecv 2 1100 200 0
1 irecv 0 1300 200 0
1 send 2 1300 4 0
1 send 0 1100 4 0
1 wait 3 2 1100
1 wait 1 2 1300
1 irecv 5 2100 200 0
1 irecv 29 2300 200 0
1 send 5 2300 12 0
1 send 29 2100 12 0
1 wait 6 2 2100
1 wait 30 2 2300
1 irecv 33 3100 200 0
1 irecv 225 3300 200 0
1 send 33 3300 24 0
1 send 225 3100 24 0
1 wait 34 2 3100
1 wait 226 2 3300
1 irecv 2 1100 200 0
1 irecv 0 1300 200 0
1 send 2 1300 1 0
1 send 0 1100 1 0
1 wait 3 2 1100
1 wait 1 2 1300
1 irecv 5 2100 200 0
1 irecv 29 2300 200 0
1 send 5 2300 4 0
1 send 29 2100 4 0
1 wait 6 2 2100
1 wait 30 2 2300
1 irecv 33 3100 200 0
1 irecv 225 3300 200 0
1 send 33 3300 12 0
1 send 225 3100 12 0
1 wait 34 2 3100
1 wait 226 2 3300
1 send 2 1300 8 0
1 send 0 1100 4 0
1 irecv 5 2100 200 0
1 irecv 29 2300 200 0
1 wait 6 2 2100
1 wait 30 2 2300
1 irecv 33 3100 200 0
1 irecv 225 3300 200 0
1 wait 34 2 3100
1 wait 226 2 3300
1 irecv 2 1100 200 0
1 irecv 0 1300 200 0
1 send 2 1300 1 0
1 send 0 1100 1 0
1 wait 3 2 1100
1 wait 1 2 1300
1 irecv 5 2100 200 0
1 irecv 29 2300 200 0
1 send 5 2300 4 0
1 send 29 2100 4 0
1 wait 6 2 2100
1 wait 30 2 2300
1 irecv 33 3100 200 0
1 irecv 225 3300 200 0
1 send 33 3300 12 0
1 send 225 3100 12 0
1 wait 34 2 3100
1 wait 226 2 3300
1 irecv 2 1100 200 0
1 irecv 0 1300 200 0
1 send 2 1300 1 0
1 send 0 1100 1 0
1 wait 3 2 1100
1 wait 1 2 1300
1 irecv 5 2100 200 0
1 irecv 29 2300 200 0
1 send 5 2300 4 0
1 send 29 2100 4 0
1 wait 6 2 2100
1 wait 30 2 2300
1 irecv 33 3100 200 0
1 irecv 225 3300 200 0
1 send 33 3300 12 0
1 send 225 3100 12 0
1 wait 34 2 3100
1 wait 226 2 3300
1 irecv 2 1100 200 0
1 irecv 0 1300 200 0
1 send 2 1300 4 0
1 send 0 1100 4 0
1 wait 3 2 1100
1 wait 1 2 1300
1 irecv 5 2100 200 0
1 irecv 29 2300 200 0
1 send 5 2300 12 0
1 send 29 2100 12 0
1 wait 6 2 2100
1 wait 30 2 2300
1 irecv 33 3100 200 0
1 irecv 225 3300 200 0
1 send 33 3300 24 0
1 send 225 3100 24 0
1 wait 34 2 3100
1 wait 226 2 3300
1 irecv 2 1100 200 0
1 irecv 0 1300 200 0
1 send 2 1300 4 0
1 send 0 1100 4 0
1 wait 3 2 1100
1 wait 1 2 1300
1 irecv 5 2100 200 0
1 irecv 29 2300 200 0
1 send 5 2300 12 0
1 send 29 2100 12 0
1 wait 6 2 2100
1 wait 30 2 2300
1 irecv 33 3100 200 0
1 irecv 225 3300 200 0
1 send 33 3300 24 0
1 send 225 3100 24 0
1 wait 34 2 3100
1 wait 226 2 3300
1 irecv 2 1100 200 0
1 irecv 0 1300 200 0
1 send 2 1300 16 0
1 send 0 1100 16 0
1 wait 3 2 1100
1 wait 1 2 1300
1 irecv 5 2100 200 0
1 irecv 29 2300 200 0
1 send 5 2300 40 0
1 send 29 2100 40 0
1 wait 6 2 2100
1 wait 30 2 2300
1 irecv 33 3100 200 0
1 irecv 225 3300 200 0
1 send 33 3300 60 0
1 send 225 3100 60 0
1 wait 34 2 3100
1 wait 226 2 3300
1 irecv 2 1100 200 0
1 irecv 0 1300 200 0
1 send 2 1300 16 0
1 send 0 1100 16 0
1 wait 3 2 1100
1 wait 1 2 1300
1 irecv 5 2100 200 0
1 irecv 29 2300 200 0
1 send 5 2300 40 0
1 send 29 2100 40 0
1 wait 6 2 2100
1 wait 30 2 2300
1 irecv 33 3100 200 0
1 irecv 225 3300 200 0
1 send 33 3300 60 0
1 send 225 3100 60 0
1 wait 34 2 3100
1 wait 226 2 3300
1 irecv 2 1100 200 0
1 irecv 0 1300 200 0
1 send 2 1300 16 0
1 send 0 1100 16 0
1 wait 3 2 1100
1 wait 1 2 1300
1 irecv 5 2100 200 0
1 irecv 29 2300 200 0
1 send 5 2300 40 0
1 send 29 2100 40 0
1 wait 6 2 2100
1 wait 30 2 2300
1 irecv 33 3100 200 0
1 irecv 225 3300 200 0
1 send 33 3300 60 0
1 send 225 3100 60 0
1 wait 34 2 3100
1 wait 226 2 3300
1 allreduce 1 0 0 
1 allreduce 1 0 0 
1 reduce 1 0 0 0 
1 finalize
