17 init
17 barrier
17 bcast 1 0 1 
17 bcast 1 0 1 
17 bcast 1 0 1 
17 bcast 1 0 1 
17 bcast 1 0 1 
17 bcast 8 0 1 
17 bcast 1 0 16 
17 barrier
17 allreduce 1 0 0 
17 allreduce 4 0 1 
17 allreduce 1 0 0 
17 allreduce 4 0 1 
17 allreduce 1 0 0 
17 allreduce 4 0 1 
17 allreduce 1 0 0 
17 allreduce 4 0 1 
17 allreduce 1 0 0 
17 allreduce 4 0 1 
17 allreduce 1 0 0 
17 allreduce 4 0 1 
17 allreduce 1 0 0 
17 allreduce 4 0 1 
17 allreduce 1 0 0 
17 allreduce 4 0 1 
17 allreduce 1 0 0 
17 allreduce 4 0 1 
17 allreduce 1 0 0 
17 allreduce 4 0 1 
17 allreduce 1 0 0 
17 allreduce 4 0 1 
17 allreduce 1 0 0 
17 allreduce 4 0 1 
17 allreduce 1 0 0 
17 allreduce 4 0 1 
17 allreduce 1 0 0 
17 allreduce 4 0 1 
17 allreduce 1 0 0 
17 allreduce 4 0 1 
17 allreduce 1 0 0 
17 allreduce 4 0 1 
17 allreduce 1 0 0 
17 allreduce 4 0 1 
17 allreduce 1 0 0 
17 allreduce 4 0 1 
17 allreduce 1 0 0 
17 allreduce 4 0 1 
17 allreduce 1 0 0 
17 allreduce 4 0 1 
17 barrier
17 irecv 18 1100 200 0
17 irecv 16 1300 200 0
17 send 18 1300 16 0
17 send 16 1100 16 0
17 wait 19 18 1100
17 wait 17 18 1300
17 irecv 21 2100 200 0
17 irecv 13 2300 200 0
17 send 21 2300 40 0
17 send 13 2100 40 0
17 wait 22 18 2100
17 wait 14 18 2300
17 irecv 49 3100 200 0
17 irecv 241 3300 200 0
17 send 49 3300 60 0
17 send 241 3100 60 0
17 wait 50 18 3100
17 wait 242 18 3300
17 allreduce 1 0 0 
17 allreduce 1 0 0 
17 irecv 18 1100 200 0
17 irecv 16 1300 200 0
17 send 18 1300 16 0
17 send 16 1100 16 0
17 wait 19 18 1100
17 wait 17 18 1300
17 irecv 21 2100 200 0
17 irecv 13 2300 200 0
17 send 21 2300 40 0
17 send 13 2100 40 0
17 wait 22 18 2100
17 wait 14 18 2300
17 irecv 49 3100 200 0
17 irecv 241 3300 200 0
17 send 49 3300 60 0
17 send 241 3100 60 0
17 wait 50 18 3100
17 wait 242 18 3300
17 allreduce 1 0 0 
17 allreduce 1 0 0 
17 irecv 18 1100 200 0
17 irecv 16 1300 200 0
17 send 18 1300 4 0
17 send 16 1100 4 0
17 wait 19 18 1100
17 wait 17 18 1300
17 irecv 21 2100 200 0
17 irecv 13 2300 200 0
17 send 21 2300 12 0
17 send 13 2100 12 0
17 wait 22 18 2100
17 wait 14 18 2300
17 irecv 49 3100 200 0
17 irecv 241 3300 200 0
17 send 49 3300 24 0
17 send 241 3100 24 0
17 wait 50 18 3100
17 wait 242 18 3300
17 irecv 18 1100 200 0
17 irecv 16 1300 200 0
17 send 18 1300 1 0
17 send 16 1100 1 0
17 wait 19 18 1100
17 wait 17 18 1300
17 irecv 21 2100 200 0
17 irecv 13 2300 200 0
17 send 21 2300 4 0
17 send 13 2100 4 0
17 wait 22 18 2100
17 wait 14 18 2300
17 irecv 49 3100 200 0
17 irecv 241 3300 200 0
17 send 49 3300 12 0
17 send 241 3100 12 0
17 wait 50 18 3100
17 wait 242 18 3300
17 send 18 1300 8 0
17 send 16 1100 4 0
17 irecv 21 2100 200 0
17 irecv 13 2300 200 0
17 wait 22 18 2100
17 wait 14 18 2300
17 irecv 49 3100 200 0
17 irecv 241 3300 200 0
17 wait 50 18 3100
17 wait 242 18 3300
17 irecv 18 1100 200 0
17 irecv 16 1300 200 0
17 send 18 1300 1 0
17 send 16 1100 1 0
17 wait 19 18 1100
17 wait 17 18 1300
17 irecv 21 2100 200 0
17 irecv 13 2300 200 0
17 send 21 2300 4 0
17 send 13 2100 4 0
17 wait 22 18 2100
17 wait 14 18 2300
17 irecv 49 3100 200 0
17 irecv 241 3300 200 0
17 send 49 3300 12 0
17 send 241 3100 12 0
17 wait 50 18 3100
17 wait 242 18 3300
17 irecv 18 1100 200 0
17 irecv 16 1300 200 0
17 send 18 1300 1 0
17 send 16 1100 1 0
17 wait 19 18 1100
17 wait 17 18 1300
17 irecv 21 2100 200 0
17 irecv 13 2300 200 0
17 send 21 2300 4 0
17 send 13 2100 4 0
17 wait 22 18 2100
17 wait 14 18 2300
17 irecv 49 3100 200 0
17 irecv 241 3300 200 0
17 send 49 3300 12 0
17 send 241 3100 12 0
17 wait 50 18 3100
17 wait 242 18 3300
17 irecv 18 1100 200 0
17 irecv 16 1300 200 0
17 send 18 1300 4 0
17 send 16 1100 4 0
17 wait 19 18 1100
17 wait 17 18 1300
17 irecv 21 2100 200 0
17 irecv 13 2300 200 0
17 send 21 2300 12 0
17 send 13 2100 12 0
17 wait 22 18 2100
17 wait 14 18 2300
17 irecv 49 3100 200 0
17 irecv 241 3300 200 0
17 send 49 3300 24 0
17 send 241 3100 24 0
17 wait 50 18 3100
17 wait 242 18 3300
17 irecv 18 1100 200 0
17 irecv 16 1300 200 0
17 send 18 1300 4 0
17 send 16 1100 4 0
17 wait 19 18 1100
17 wait 17 18 1300
17 irecv 21 2100 200 0
17 irecv 13 2300 200 0
17 send 21 2300 12 0
17 send 13 2100 12 0
17 wait 22 18 2100
17 wait 14 18 2300
17 irecv 49 3100 200 0
17 irecv 241 3300 200 0
17 send 49 3300 24 0
17 send 241 3100 24 0
17 wait 50 18 3100
17 wait 242 18 3300
17 irecv 18 1100 200 0
17 irecv 16 1300 200 0
17 send 18 1300 16 0
17 send 16 1100 16 0
17 wait 19 18 1100
17 wait 17 18 1300
17 irecv 21 2100 200 0
17 irecv 13 2300 200 0
17 send 21 2300 40 0
17 send 13 2100 40 0
17 wait 22 18 2100
17 wait 14 18 2300
17 irecv 49 3100 200 0
17 irecv 241 3300 200 0
17 send 49 3300 60 0
17 send 241 3100 60 0
17 wait 50 18 3100
17 wait 242 18 3300
17 irecv 18 1100 200 0
17 irecv 16 1300 200 0
17 send 18 1300 16 0
17 send 16 1100 16 0
17 wait 19 18 1100
17 wait 17 18 1300
17 irecv 21 2100 200 0
17 irecv 13 2300 200 0
17 send 21 2300 40 0
17 send 13 2100 40 0
17 wait 22 18 2100
17 wait 14 18 2300
17 irecv 49 3100 200 0
17 irecv 241 3300 200 0
17 send 49 3300 60 0
17 send 241 3100 60 0
17 wait 50 18 3100
17 wait 242 18 3300
17 irecv 18 1100 200 0
17 irecv 16 1300 200 0
17 send 18 1300 16 0
17 send 16 1100 16 0
17 wait 19 18 1100
17 wait 17 18 1300
17 irecv 21 2100 200 0
17 irecv 13 2300 200 0
17 send 21 2300 40 0
17 send 13 2100 40 0
17 wait 22 18 2100
17 wait 14 18 2300
17 irecv 49 3100 200 0
17 irecv 241 3300 200 0
17 send 49 3300 60 0
17 send 241 3100 60 0
17 wait 50 18 3100
17 wait 242 18 3300
17 barrier
17 allreduce 1 0 0 
17 allreduce 4 0 1 
17 allreduce 1 0 0 
17 allreduce 4 0 1 
17 allreduce 1 0 0 
17 allreduce 4 0 1 
17 allreduce 1 0 0 
17 allreduce 4 0 1 
17 allreduce 1 0 0 
17 allreduce 4 0 1 
17 allreduce 1 0 0 
17 allreduce 4 0 1 
17 allreduce 1 0 0 
17 allreduce 4 0 1 
17 allreduce 1 0 0 
17 allreduce 4 0 1 
17 allreduce 1 0 0 
17 allreduce 4 0 1 
17 allreduce 1 0 0 
17 allreduce 4 0 1 
17 allreduce 1 0 0 
17 allreduce 4 0 1 
17 allreduce 1 0 0 
17 allreduce 4 0 1 
17 allreduce 1 0 0 
17 allreduce 4 0 1 
17 allreduce 1 0 0 
17 allreduce 4 0 1 
17 allreduce 1 0 0 
17 allreduce 4 0 1 
17 allreduce 1 0 0 
17 allreduce 4 0 1 
17 allreduce 1 0 0 
17 allreduce 4 0 1 
17 allreduce 1 0 0 
17 allreduce 4 0 1 
17 allreduce 1 0 0 
17 allreduce 4 0 1 
17 allreduce 1 0 0 
17 allreduce 4 0 1 
17 barrier
17 irecv 18 1100 200 0
17 irecv 16 1300 200 0
17 send 18 1300 16 0
17 send 16 1100 16 0
17 wait 19 18 1100
17 wait 17 18 1300
17 irecv 21 2100 200 0
17 irecv 13 2300 200 0
17 send 21 2300 40 0
17 send 13 2100 40 0
17 wait 22 18 2100
17 wait 14 18 2300
17 irecv 49 3100 200 0
17 irecv 241 3300 200 0
17 send 49 3300 60 0
17 send 241 3100 60 0
17 wait 50 18 3100
17 wait 242 18 3300
17 barrier
17 irecv 18 1100 200 0
17 irecv 16 1300 200 0
17 send 18 1300 16 0
17 send 16 1100 16 0
17 wait 19 18 1100
17 wait 17 18 1300
17 irecv 21 2100 200 0
17 irecv 13 2300 200 0
17 send 21 2300 40 0
17 send 13 2100 40 0
17 wait 22 18 2100
17 wait 14 18 2300
17 irecv 49 3100 200 0
17 irecv 241 3300 200 0
17 send 49 3300 60 0
17 send 241 3100 60 0
17 wait 50 18 3100
17 wait 242 18 3300
17 allreduce 1 0 0 
17 allreduce 1 0 0 
17 irecv 18 1100 200 0
17 irecv 16 1300 200 0
17 send 18 1300 4 0
17 send 16 1100 4 0
17 wait 19 18 1100
17 wait 17 18 1300
17 irecv 21 2100 200 0
17 irecv 13 2300 200 0
17 send 21 2300 12 0
17 send 13 2100 12 0
17 wait 22 18 2100
17 wait 14 18 2300
17 irecv 49 3100 200 0
17 irecv 241 3300 200 0
17 send 49 3300 24 0
17 send 241 3100 24 0
17 wait 50 18 3100
17 wait 242 18 3300
17 irecv 18 1100 200 0
17 irecv 16 1300 200 0
17 send 18 1300 1 0
17 send 16 1100 1 0
17 wait 19 18 1100
17 wait 17 18 1300
17 irecv 21 2100 200 0
17 irecv 13 2300 200 0
17 send 21 2300 4 0
17 send 13 2100 4 0
17 wait 22 18 2100
17 wait 14 18 2300
17 irecv 49 3100 200 0
17 irecv 241 3300 200 0
17 send 49 3300 12 0
17 send 241 3100 12 0
17 wait 50 18 3100
17 wait 242 18 3300
17 send 18 1300 8 0
17 send 16 1100 4 0
17 irecv 21 2100 200 0
17 irecv 13 2300 200 0
17 wait 22 18 2100
17 wait 14 18 2300
17 irecv 49 3100 200 0
17 irecv 241 3300 200 0
17 wait 50 18 3100
17 wait 242 18 3300
17 irecv 18 1100 200 0
17 irecv 16 1300 200 0
17 send 18 1300 1 0
17 send 16 1100 1 0
17 wait 19 18 1100
17 wait 17 18 1300
17 irecv 21 2100 200 0
17 irecv 13 2300 200 0
17 send 21 2300 4 0
17 send 13 2100 4 0
17 wait 22 18 2100
17 wait 14 18 2300
17 irecv 49 3100 200 0
17 irecv 241 3300 200 0
17 send 49 3300 12 0
17 send 241 3100 12 0
17 wait 50 18 3100
17 wait 242 18 3300
17 irecv 18 1100 200 0
17 irecv 16 1300 200 0
17 send 18 1300 1 0
17 send 16 1100 1 0
17 wait 19 18 1100
17 wait 17 18 1300
17 irecv 21 2100 200 0
17 irecv 13 2300 200 0
17 send 21 2300 4 0
17 send 13 2100 4 0
17 wait 22 18 2100
17 wait 14 18 2300
17 irecv 49 3100 200 0
17 irecv 241 3300 200 0
17 send 49 3300 12 0
17 send 241 3100 12 0
17 wait 50 18 3100
17 wait 242 18 3300
17 irecv 18 1100 200 0
17 irecv 16 1300 200 0
17 send 18 1300 4 0
17 send 16 1100 4 0
17 wait 19 18 1100
17 wait 17 18 1300
17 irecv 21 2100 200 0
17 irecv 13 2300 200 0
17 send 21 2300 12 0
17 send 13 2100 12 0
17 wait 22 18 2100
17 wait 14 18 2300
17 irecv 49 3100 200 0
17 irecv 241 3300 200 0
17 send 49 3300 24 0
17 send 241 3100 24 0
17 wait 50 18 3100
17 wait 242 18 3300
17 irecv 18 1100 200 0
17 irecv 16 1300 200 0
17 send 18 1300 4 0
17 send 16 1100 4 0
17 wait 19 18 1100
17 wait 17 18 1300
17 irecv 21 2100 200 0
17 irecv 13 2300 200 0
17 send 21 2300 12 0
17 send 13 2100 12 0
17 wait 22 18 2100
17 wait 14 18 2300
17 irecv 49 3100 200 0
17 irecv 241 3300 200 0
17 send 49 3300 24 0
17 send 241 3100 24 0
17 wait 50 18 3100
17 wait 242 18 3300
17 irecv 18 1100 200 0
17 irecv 16 1300 200 0
17 send 18 1300 16 0
17 send 16 1100 16 0
17 wait 19 18 1100
17 wait 17 18 1300
17 irecv 21 2100 200 0
17 irecv 13 2300 200 0
17 send 21 2300 40 0
17 send 13 2100 40 0
17 wait 22 18 2100
17 wait 14 18 2300
17 irecv 49 3100 200 0
17 irecv 241 3300 200 0
17 send 49 3300 60 0
17 send 241 3100 60 0
17 wait 50 18 3100
17 wait 242 18 3300
17 irecv 18 1100 200 0
17 irecv 16 1300 200 0
17 send 18 1300 16 0
17 send 16 1100 16 0
17 wait 19 18 1100
17 wait 17 18 1300
17 irecv 21 2100 200 0
17 irecv 13 2300 200 0
17 send 21 2300 40 0
17 send 13 2100 40 0
17 wait 22 18 2100
17 wait 14 18 2300
17 irecv 49 3100 200 0
17 irecv 241 3300 200 0
17 send 49 3300 60 0
17 send 241 3100 60 0
17 wait 50 18 3100
17 wait 242 18 3300
17 irecv 18 1100 200 0
17 irecv 16 1300 200 0
17 send 18 1300 16 0
17 send 16 1100 16 0
17 wait 19 18 1100
17 wait 17 18 1300
17 irecv 21 2100 200 0
17 irecv 13 2300 200 0
17 send 21 2300 40 0
17 send 13 2100 40 0
17 wait 22 18 2100
17 wait 14 18 2300
17 irecv 49 3100 200 0
17 irecv 241 3300 200 0
17 send 49 3300 60 0
17 send 241 3100 60 0
17 wait 50 18 3100
17 wait 242 18 3300
17 irecv 18 1100 200 0
17 irecv 16 1300 200 0
17 send 18 1300 4 0
17 send 16 1100 4 0
17 wait 19 18 1100
17 wait 17 18 1300
17 irecv 21 2100 200 0
17 irecv 13 2300 200 0
17 send 21 2300 12 0
17 send 13 2100 12 0
17 wait 22 18 2100
17 wait 14 18 2300
17 irecv 49 3100 200 0
17 irecv 241 3300 200 0
17 send 49 3300 24 0
17 send 241 3100 24 0
17 wait 50 18 3100
17 wait 242 18 3300
17 irecv 18 1100 200 0
17 irecv 16 1300 200 0
17 send 18 1300 1 0
17 send 16 1100 1 0
17 wait 19 18 1100
17 wait 17 18 1300
17 irecv 21 2100 200 0
17 irecv 13 2300 200 0
17 send 21 2300 4 0
17 send 13 2100 4 0
17 wait 22 18 2100
17 wait 14 18 2300
17 irecv 49 3100 200 0
17 irecv 241 3300 200 0
17 send 49 3300 12 0
17 send 241 3100 12 0
17 wait 50 18 3100
17 wait 242 18 3300
17 send 18 1300 8 0
17 send 16 1100 4 0
17 irecv 21 2100 200 0
17 irecv 13 2300 200 0
17 wait 22 18 2100
17 wait 14 18 2300
17 irecv 49 3100 200 0
17 irecv 241 3300 200 0
17 wait 50 18 3100
17 wait 242 18 3300
17 irecv 18 1100 200 0
17 irecv 16 1300 200 0
17 send 18 1300 1 0
17 send 16 1100 1 0
17 wait 19 18 1100
17 wait 17 18 1300
17 irecv 21 2100 200 0
17 irecv 13 2300 200 0
17 send 21 2300 4 0
17 send 13 2100 4 0
17 wait 22 18 2100
17 wait 14 18 2300
17 irecv 49 3100 200 0
17 irecv 241 3300 200 0
17 send 49 3300 12 0
17 send 241 3100 12 0
17 wait 50 18 3100
17 wait 242 18 3300
17 irecv 18 1100 200 0
17 irecv 16 1300 200 0
17 send 18 1300 1 0
17 send 16 1100 1 0
17 wait 19 18 1100
17 wait 17 18 1300
17 irecv 21 2100 200 0
17 irecv 13 2300 200 0
17 send 21 2300 4 0
17 send 13 2100 4 0
17 wait 22 18 2100
17 wait 14 18 2300
17 irecv 49 3100 200 0
17 irecv 241 3300 200 0
17 send 49 3300 12 0
17 send 241 3100 12 0
17 wait 50 18 3100
17 wait 242 18 3300
17 irecv 18 1100 200 0
17 irecv 16 1300 200 0
17 send 18 1300 4 0
17 send 16 1100 4 0
17 wait 19 18 1100
17 wait 17 18 1300
17 irecv 21 2100 200 0
17 irecv 13 2300 200 0
17 send 21 2300 12 0
17 send 13 2100 12 0
17 wait 22 18 2100
17 wait 14 18 2300
17 irecv 49 3100 200 0
17 irecv 241 3300 200 0
17 send 49 3300 24 0
17 send 241 3100 24 0
17 wait 50 18 3100
17 wait 242 18 3300
17 irecv 18 1100 200 0
17 irecv 16 1300 200 0
17 send 18 1300 4 0
17 send 16 1100 4 0
17 wait 19 18 1100
17 wait 17 18 1300
17 irecv 21 2100 200 0
17 irecv 13 2300 200 0
17 send 21 2300 12 0
17 send 13 2100 12 0
17 wait 22 18 2100
17 wait 14 18 2300
17 irecv 49 3100 200 0
17 irecv 241 3300 200 0
17 send 49 3300 24 0
17 send 241 3100 24 0
17 wait 50 18 3100
17 wait 242 18 3300
17 irecv 18 1100 200 0
17 irecv 16 1300 200 0
17 send 18 1300 16 0
17 send 16 1100 16 0
17 wait 19 18 1100
17 wait 17 18 1300
17 irecv 21 2100 200 0
17 irecv 13 2300 200 0
17 send 21 2300 40 0
17 send 13 2100 40 0
17 wait 22 18 2100
17 wait 14 18 2300
17 irecv 49 3100 200 0
17 irecv 241 3300 200 0
17 send 49 3300 60 0
17 send 241 3100 60 0
17 wait 50 18 3100
17 wait 242 18 3300
17 irecv 18 1100 200 0
17 irecv 16 1300 200 0
17 send 18 1300 16 0
17 send 16 1100 16 0
17 wait 19 18 1100
17 wait 17 18 1300
17 irecv 21 2100 200 0
17 irecv 13 2300 200 0
17 send 21 2300 40 0
17 send 13 2100 40 0
17 wait 22 18 2100
17 wait 14 18 2300
17 irecv 49 3100 200 0
17 irecv 241 3300 200 0
17 send 49 3300 60 0
17 send 241 3100 60 0
17 wait 50 18 3100
17 wait 242 18 3300
17 irecv 18 1100 200 0
17 irecv 16 1300 200 0
17 send 18 1300 16 0
17 send 16 1100 16 0
17 wait 19 18 1100
17 wait 17 18 1300
17 irecv 21 2100 200 0
17 irecv 13 2300 200 0
17 send 21 2300 40 0
17 send 13 2100 40 0
17 wait 22 18 2100
17 wait 14 18 2300
17 irecv 49 3100 200 0
17 irecv 241 3300 200 0
17 send 49 3300 60 0
17 send 241 3100 60 0
17 wait 50 18 3100
17 wait 242 18 3300
17 irecv 18 1100 200 0
17 irecv 16 1300 200 0
17 send 18 1300 4 0
17 send 16 1100 4 0
17 wait 19 18 1100
17 wait 17 18 1300
17 irecv 21 2100 200 0
17 irecv 13 2300 200 0
17 send 21 2300 12 0
17 send 13 2100 12 0
17 wait 22 18 2100
17 wait 14 18 2300
17 irecv 49 3100 200 0
17 irecv 241 3300 200 0
17 send 49 3300 24 0
17 send 241 3100 24 0
17 wait 50 18 3100
17 wait 242 18 3300
17 irecv 18 1100 200 0
17 irecv 16 1300 200 0
17 send 18 1300 1 0
17 send 16 1100 1 0
17 wait 19 18 1100
17 wait 17 18 1300
17 irecv 21 2100 200 0
17 irecv 13 2300 200 0
17 send 21 2300 4 0
17 send 13 2100 4 0
17 wait 22 18 2100
17 wait 14 18 2300
17 irecv 49 3100 200 0
17 irecv 241 3300 200 0
17 send 49 3300 12 0
17 send 241 3100 12 0
17 wait 50 18 3100
17 wait 242 18 3300
17 send 18 1300 8 0
17 send 16 1100 4 0
17 irecv 21 2100 200 0
17 irecv 13 2300 200 0
17 wait 22 18 2100
17 wait 14 18 2300
17 irecv 49 3100 200 0
17 irecv 241 3300 200 0
17 wait 50 18 3100
17 wait 242 18 3300
17 irecv 18 1100 200 0
17 irecv 16 1300 200 0
17 send 18 1300 1 0
17 send 16 1100 1 0
17 wait 19 18 1100
17 wait 17 18 1300
17 irecv 21 2100 200 0
17 irecv 13 2300 200 0
17 send 21 2300 4 0
17 send 13 2100 4 0
17 wait 22 18 2100
17 wait 14 18 2300
17 irecv 49 3100 200 0
17 irecv 241 3300 200 0
17 send 49 3300 12 0
17 send 241 3100 12 0
17 wait 50 18 3100
17 wait 242 18 3300
17 irecv 18 1100 200 0
17 irecv 16 1300 200 0
17 send 18 1300 1 0
17 send 16 1100 1 0
17 wait 19 18 1100
17 wait 17 18 1300
17 irecv 21 2100 200 0
17 irecv 13 2300 200 0
17 send 21 2300 4 0
17 send 13 2100 4 0
17 wait 22 18 2100
17 wait 14 18 2300
17 irecv 49 3100 200 0
17 irecv 241 3300 200 0
17 send 49 3300 12 0
17 send 241 3100 12 0
17 wait 50 18 3100
17 wait 242 18 3300
17 irecv 18 1100 200 0
17 irecv 16 1300 200 0
17 send 18 1300 4 0
17 send 16 1100 4 0
17 wait 19 18 1100
17 wait 17 18 1300
17 irecv 21 2100 200 0
17 irecv 13 2300 200 0
17 send 21 2300 12 0
17 send 13 2100 12 0
17 wait 22 18 2100
17 wait 14 18 2300
17 irecv 49 3100 200 0
17 irecv 241 3300 200 0
17 send 49 3300 24 0
17 send 241 3100 24 0
17 wait 50 18 3100
17 wait 242 18 3300
17 irecv 18 1100 200 0
17 irecv 16 1300 200 0
17 send 18 1300 4 0
17 send 16 1100 4 0
17 wait 19 18 1100
17 wait 17 18 1300
17 irecv 21 2100 200 0
17 irecv 13 2300 200 0
17 send 21 2300 12 0
17 send 13 2100 12 0
17 wait 22 18 2100
17 wait 14 18 2300
17 irecv 49 3100 200 0
17 irecv 241 3300 200 0
17 send 49 3300 24 0
17 send 241 3100 24 0
17 wait 50 18 3100
17 wait 242 18 3300
17 irecv 18 1100 200 0
17 irecv 16 1300 200 0
17 send 18 1300 16 0
17 send 16 1100 16 0
17 wait 19 18 1100
17 wait 17 18 1300
17 irecv 21 2100 200 0
17 irecv 13 2300 200 0
17 send 21 2300 40 0
17 send 13 2100 40 0
17 wait 22 18 2100
17 wait 14 18 2300
17 irecv 49 3100 200 0
17 irecv 241 3300 200 0
17 send 49 3300 60 0
17 send 241 3100 60 0
17 wait 50 18 3100
17 wait 242 18 3300
17 irecv 18 1100 200 0
17 irecv 16 1300 200 0
17 send 18 1300 16 0
17 send 16 1100 16 0
17 wait 19 18 1100
17 wait 17 18 1300
17 irecv 21 2100 200 0
17 irecv 13 2300 200 0
17 send 21 2300 40 0
17 send 13 2100 40 0
17 wait 22 18 2100
17 wait 14 18 2300
17 irecv 49 3100 200 0
17 irecv 241 3300 200 0
17 send 49 3300 60 0
17 send 241 3100 60 0
17 wait 50 18 3100
17 wait 242 18 3300
17 irecv 18 1100 200 0
17 irecv 16 1300 200 0
17 send 18 1300 16 0
17 send 16 1100 16 0
17 wait 19 18 1100
17 wait 17 18 1300
17 irecv 21 2100 200 0
17 irecv 13 2300 200 0
17 send 21 2300 40 0
17 send 13 2100 40 0
17 wait 22 18 2100
17 wait 14 18 2300
17 irecv 49 3100 200 0
17 irecv 241 3300 200 0
17 send 49 3300 60 0
17 send 241 3100 60 0
17 wait 50 18 3100
17 wait 242 18 3300
17 irecv 18 1100 200 0
17 irecv 16 1300 200 0
17 send 18 1300 4 0
17 send 16 1100 4 0
17 wait 19 18 1100
17 wait 17 18 1300
17 irecv 21 2100 200 0
17 irecv 13 2300 200 0
17 send 21 2300 12 0
17 send 13 2100 12 0
17 wait 22 18 2100
17 wait 14 18 2300
17 irecv 49 3100 200 0
17 irecv 241 3300 200 0
17 send 49 3300 24 0
17 send 241 3100 24 0
17 wait 50 18 3100
17 wait 242 18 3300
17 irecv 18 1100 200 0
17 irecv 16 1300 200 0
17 send 18 1300 1 0
17 send 16 1100 1 0
17 wait 19 18 1100
17 wait 17 18 1300
17 irecv 21 2100 200 0
17 irecv 13 2300 200 0
17 send 21 2300 4 0
17 send 13 2100 4 0
17 wait 22 18 2100
17 wait 14 18 2300
17 irecv 49 3100 200 0
17 irecv 241 3300 200 0
17 send 49 3300 12 0
17 send 241 3100 12 0
17 wait 50 18 3100
17 wait 242 18 3300
17 send 18 1300 8 0
17 send 16 1100 4 0
17 irecv 21 2100 200 0
17 irecv 13 2300 200 0
17 wait 22 18 2100
17 wait 14 18 2300
17 irecv 49 3100 200 0
17 irecv 241 3300 200 0
17 wait 50 18 3100
17 wait 242 18 3300
17 irecv 18 1100 200 0
17 irecv 16 1300 200 0
17 send 18 1300 1 0
17 send 16 1100 1 0
17 wait 19 18 1100
17 wait 17 18 1300
17 irecv 21 2100 200 0
17 irecv 13 2300 200 0
17 send 21 2300 4 0
17 send 13 2100 4 0
17 wait 22 18 2100
17 wait 14 18 2300
17 irecv 49 3100 200 0
17 irecv 241 3300 200 0
17 send 49 3300 12 0
17 send 241 3100 12 0
17 wait 50 18 3100
17 wait 242 18 3300
17 irecv 18 1100 200 0
17 irecv 16 1300 200 0
17 send 18 1300 1 0
17 send 16 1100 1 0
17 wait 19 18 1100
17 wait 17 18 1300
17 irecv 21 2100 200 0
17 irecv 13 2300 200 0
17 send 21 2300 4 0
17 send 13 2100 4 0
17 wait 22 18 2100
17 wait 14 18 2300
17 irecv 49 3100 200 0
17 irecv 241 3300 200 0
17 send 49 3300 12 0
17 send 241 3100 12 0
17 wait 50 18 3100
17 wait 242 18 3300
17 irecv 18 1100 200 0
17 irecv 16 1300 200 0
17 send 18 1300 4 0
17 send 16 1100 4 0
17 wait 19 18 1100
17 wait 17 18 1300
17 irecv 21 2100 200 0
17 irecv 13 2300 200 0
17 send 21 2300 12 0
17 send 13 2100 12 0
17 wait 22 18 2100
17 wait 14 18 2300
17 irecv 49 3100 200 0
17 irecv 241 3300 200 0
17 send 49 3300 24 0
17 send 241 3100 24 0
17 wait 50 18 3100
17 wait 242 18 3300
17 irecv 18 1100 200 0
17 irecv 16 1300 200 0
17 send 18 1300 4 0
17 send 16 1100 4 0
17 wait 19 18 1100
17 wait 17 18 1300
17 irecv 21 2100 200 0
17 irecv 13 2300 200 0
17 send 21 2300 12 0
17 send 13 2100 12 0
17 wait 22 18 2100
17 wait 14 18 2300
17 irecv 49 3100 200 0
17 irecv 241 3300 200 0
17 send 49 3300 24 0
17 send 241 3100 24 0
17 wait 50 18 3100
17 wait 242 18 3300
17 irecv 18 1100 200 0
17 irecv 16 1300 200 0
17 send 18 1300 16 0
17 send 16 1100 16 0
17 wait 19 18 1100
17 wait 17 18 1300
17 irecv 21 2100 200 0
17 irecv 13 2300 200 0
17 send 21 2300 40 0
17 send 13 2100 40 0
17 wait 22 18 2100
17 wait 14 18 2300
17 irecv 49 3100 200 0
17 irecv 241 3300 200 0
17 send 49 3300 60 0
17 send 241 3100 60 0
17 wait 50 18 3100
17 wait 242 18 3300
17 irecv 18 1100 200 0
17 irecv 16 1300 200 0
17 send 18 1300 16 0
17 send 16 1100 16 0
17 wait 19 18 1100
17 wait 17 18 1300
17 irecv 21 2100 200 0
17 irecv 13 2300 200 0
17 send 21 2300 40 0
17 send 13 2100 40 0
17 wait 22 18 2100
17 wait 14 18 2300
17 irecv 49 3100 200 0
17 irecv 241 3300 200 0
17 send 49 3300 60 0
17 send 241 3100 60 0
17 wait 50 18 3100
17 wait 242 18 3300
17 irecv 18 1100 200 0
17 irecv 16 1300 200 0
17 send 18 1300 16 0
17 send 16 1100 16 0
17 wait 19 18 1100
17 wait 17 18 1300
17 irecv 21 2100 200 0
17 irecv 13 2300 200 0
17 send 21 2300 40 0
17 send 13 2100 40 0
17 wait 22 18 2100
17 wait 14 18 2300
17 irecv 49 3100 200 0
17 irecv 241 3300 200 0
17 send 49 3300 60 0
17 send 241 3100 60 0
17 wait 50 18 3100
17 wait 242 18 3300
17 allreduce 1 0 0 
17 allreduce 1 0 0 
17 reduce 1 0 0 0 
17 finalize
