115 init
115 barrier
115 bcast 1 0 1 
115 bcast 1 0 1 
115 bcast 1 0 1 
115 bcast 1 0 1 
115 bcast 1 0 1 
115 bcast 8 0 1 
115 bcast 1 0 16 
115 barrier
115 allreduce 1 0 0 
115 allreduce 4 0 1 
115 allreduce 1 0 0 
115 allreduce 4 0 1 
115 allreduce 1 0 0 
115 allreduce 4 0 1 
115 allreduce 1 0 0 
115 allreduce 4 0 1 
115 allreduce 1 0 0 
115 allreduce 4 0 1 
115 allreduce 1 0 0 
115 allreduce 4 0 1 
115 allreduce 1 0 0 
115 allreduce 4 0 1 
115 allreduce 1 0 0 
115 allreduce 4 0 1 
115 allreduce 1 0 0 
115 allreduce 4 0 1 
115 allreduce 1 0 0 
115 allreduce 4 0 1 
115 allreduce 1 0 0 
115 allreduce 4 0 1 
115 allreduce 1 0 0 
115 allreduce 4 0 1 
115 allreduce 1 0 0 
115 allreduce 4 0 1 
115 allreduce 1 0 0 
115 allreduce 4 0 1 
115 allreduce 1 0 0 
115 allreduce 4 0 1 
115 allreduce 1 0 0 
115 allreduce 4 0 1 
115 allreduce 1 0 0 
115 allreduce 4 0 1 
115 allreduce 1 0 0 
115 allreduce 4 0 1 
115 allreduce 1 0 0 
115 allreduce 4 0 1 
115 allreduce 1 0 0 
115 allreduce 4 0 1 
115 barrier
115 irecv 112 1100 200 0
115 irecv 114 1300 200 0
115 send 112 1300 16 0
115 send 114 1100 16 0
115 wait 113 116 1100
115 wait 115 116 1300
115 irecv 119 2100 200 0
115 irecv 111 2300 200 0
115 send 119 2300 40 0
115 send 111 2100 40 0
115 wait 120 116 2100
115 wait 112 116 2300
115 irecv 147 3100 200 0
115 irecv 83 3300 200 0
115 send 147 3300 60 0
115 send 83 3100 60 0
115 wait 148 116 3100
115 wait 84 116 3300
115 allreduce 1 0 0 
115 allreduce 1 0 0 
115 irecv 112 1100 200 0
115 irecv 114 1300 200 0
115 send 112 1300 16 0
115 send 114 1100 16 0
115 wait 113 116 1100
115 wait 115 116 1300
115 irecv 119 2100 200 0
115 irecv 111 2300 200 0
115 send 119 2300 40 0
115 send 111 2100 40 0
115 wait 120 116 2100
115 wait 112 116 2300
115 irecv 147 3100 200 0
115 irecv 83 3300 200 0
115 send 147 3300 60 0
115 send 83 3100 60 0
115 wait 148 116 3100
115 wait 84 116 3300
115 allreduce 1 0 0 
115 allreduce 1 0 0 
115 irecv 112 1100 200 0
115 irecv 114 1300 200 0
115 send 112 1300 4 0
115 send 114 1100 4 0
115 wait 113 116 1100
115 wait 115 116 1300
115 irecv 119 2100 200 0
115 irecv 111 2300 200 0
115 send 119 2300 12 0
115 send 111 2100 12 0
115 wait 120 116 2100
115 wait 112 116 2300
115 irecv 147 3100 200 0
115 irecv 83 3300 200 0
115 send 147 3300 24 0
115 send 83 3100 24 0
115 wait 148 116 3100
115 wait 84 116 3300
115 irecv 112 1100 200 0
115 irecv 114 1300 200 0
115 send 112 1300 1 0
115 send 114 1100 1 0
115 wait 113 116 1100
115 wait 115 116 1300
115 irecv 119 2100 200 0
115 irecv 111 2300 200 0
115 send 119 2300 4 0
115 send 111 2100 4 0
115 wait 120 116 2100
115 wait 112 116 2300
115 irecv 147 3100 200 0
115 irecv 83 3300 200 0
115 send 147 3300 12 0
115 send 83 3100 12 0
115 wait 148 116 3100
115 wait 84 116 3300
115 send 112 1300 12 0
115 send 114 1100 6 0
115 send 179 3300 12 0
115 send 51 3100 6 0
115 irecv 119 2100 200 0
115 irecv 111 2300 200 0
115 wait 120 116 2100
115 wait 112 116 2300
115 send 147 3300 24 0
115 send 83 3100 12 0
115 irecv 112 1100 200 0
115 irecv 114 1300 200 0
115 send 112 1300 1 0
115 send 114 1100 1 0
115 wait 113 116 1100
115 wait 115 116 1300
115 irecv 119 2100 200 0
115 irecv 111 2300 200 0
115 send 119 2300 4 0
115 send 111 2100 4 0
115 wait 120 116 2100
115 wait 112 116 2300
115 irecv 147 3100 200 0
115 irecv 83 3300 200 0
115 send 147 3300 12 0
115 send 83 3100 12 0
115 wait 148 116 3100
115 wait 84 116 3300
115 irecv 112 1100 200 0
115 irecv 114 1300 200 0
115 send 112 1300 1 0
115 send 114 1100 1 0
115 wait 113 116 1100
115 wait 115 116 1300
115 irecv 119 2100 200 0
115 irecv 111 2300 200 0
115 send 119 2300 4 0
115 send 111 2100 4 0
115 wait 120 116 2100
115 wait 112 116 2300
115 irecv 147 3100 200 0
115 irecv 83 3300 200 0
115 send 147 3300 12 0
115 send 83 3100 12 0
115 wait 148 116 3100
115 wait 84 116 3300
115 irecv 112 1100 200 0
115 irecv 114 1300 200 0
115 send 112 1300 4 0
115 send 114 1100 4 0
115 wait 113 116 1100
115 wait 115 116 1300
115 irecv 119 2100 200 0
115 irecv 111 2300 200 0
115 send 119 2300 12 0
115 send 111 2100 12 0
115 wait 120 116 2100
115 wait 112 116 2300
115 irecv 147 3100 200 0
115 irecv 83 3300 200 0
115 send 147 3300 24 0
115 send 83 3100 24 0
115 wait 148 116 3100
115 wait 84 116 3300
115 irecv 112 1100 200 0
115 irecv 114 1300 200 0
115 send 112 1300 4 0
115 send 114 1100 4 0
115 wait 113 116 1100
115 wait 115 116 1300
115 irecv 119 2100 200 0
115 irecv 111 2300 200 0
115 send 119 2300 12 0
115 send 111 2100 12 0
115 wait 120 116 2100
115 wait 112 116 2300
115 irecv 147 3100 200 0
115 irecv 83 3300 200 0
115 send 147 3300 24 0
115 send 83 3100 24 0
115 wait 148 116 3100
115 wait 84 116 3300
115 irecv 112 1100 200 0
115 irecv 114 1300 200 0
115 send 112 1300 16 0
115 send 114 1100 16 0
115 wait 113 116 1100
115 wait 115 116 1300
115 irecv 119 2100 200 0
115 irecv 111 2300 200 0
115 send 119 2300 40 0
115 send 111 2100 40 0
115 wait 120 116 2100
115 wait 112 116 2300
115 irecv 147 3100 200 0
115 irecv 83 3300 200 0
115 send 147 3300 60 0
115 send 83 3100 60 0
115 wait 148 116 3100
115 wait 84 116 3300
115 irecv 112 1100 200 0
115 irecv 114 1300 200 0
115 send 112 1300 16 0
115 send 114 1100 16 0
115 wait 113 116 1100
115 wait 115 116 1300
115 irecv 119 2100 200 0
115 irecv 111 2300 200 0
115 send 119 2300 40 0
115 send 111 2100 40 0
115 wait 120 116 2100
115 wait 112 116 2300
115 irecv 147 3100 200 0
115 irecv 83 3300 200 0
115 send 147 3300 60 0
115 send 83 3100 60 0
115 wait 148 116 3100
115 wait 84 116 3300
115 irecv 112 1100 200 0
115 irecv 114 1300 200 0
115 send 112 1300 16 0
115 send 114 1100 16 0
115 wait 113 116 1100
115 wait 115 116 1300
115 irecv 119 2100 200 0
115 irecv 111 2300 200 0
115 send 119 2300 40 0
115 send 111 2100 40 0
115 wait 120 116 2100
115 wait 112 116 2300
115 irecv 147 3100 200 0
115 irecv 83 3300 200 0
115 send 147 3300 60 0
115 send 83 3100 60 0
115 wait 148 116 3100
115 wait 84 116 3300
115 barrier
115 allreduce 1 0 0 
115 allreduce 4 0 1 
115 allreduce 1 0 0 
115 allreduce 4 0 1 
115 allreduce 1 0 0 
115 allreduce 4 0 1 
115 allreduce 1 0 0 
115 allreduce 4 0 1 
115 allreduce 1 0 0 
115 allreduce 4 0 1 
115 allreduce 1 0 0 
115 allreduce 4 0 1 
115 allreduce 1 0 0 
115 allreduce 4 0 1 
115 allreduce 1 0 0 
115 allreduce 4 0 1 
115 allreduce 1 0 0 
115 allreduce 4 0 1 
115 allreduce 1 0 0 
115 allreduce 4 0 1 
115 allreduce 1 0 0 
115 allreduce 4 0 1 
115 allreduce 1 0 0 
115 allreduce 4 0 1 
115 allreduce 1 0 0 
115 allreduce 4 0 1 
115 allreduce 1 0 0 
115 allreduce 4 0 1 
115 allreduce 1 0 0 
115 allreduce 4 0 1 
115 allreduce 1 0 0 
115 allreduce 4 0 1 
115 allreduce 1 0 0 
115 allreduce 4 0 1 
115 allreduce 1 0 0 
115 allreduce 4 0 1 
115 allreduce 1 0 0 
115 allreduce 4 0 1 
115 allreduce 1 0 0 
115 allreduce 4 0 1 
115 barrier
115 irecv 112 1100 200 0
115 irecv 114 1300 200 0
115 send 112 1300 16 0
115 send 114 1100 16 0
115 wait 113 116 1100
115 wait 115 116 1300
115 irecv 119 2100 200 0
115 irecv 111 2300 200 0
115 send 119 2300 40 0
115 send 111 2100 40 0
115 wait 120 116 2100
115 wait 112 116 2300
115 irecv 147 3100 200 0
115 irecv 83 3300 200 0
115 send 147 3300 60 0
115 send 83 3100 60 0
115 wait 148 116 3100
115 wait 84 116 3300
115 barrier
115 irecv 112 1100 200 0
115 irecv 114 1300 200 0
115 send 112 1300 16 0
115 send 114 1100 16 0
115 wait 113 116 1100
115 wait 115 116 1300
115 irecv 119 2100 200 0
115 irecv 111 2300 200 0
115 send 119 2300 40 0
115 send 111 2100 40 0
115 wait 120 116 2100
115 wait 112 116 2300
115 irecv 147 3100 200 0
115 irecv 83 3300 200 0
115 send 147 3300 60 0
115 send 83 3100 60 0
115 wait 148 116 3100
115 wait 84 116 3300
115 allreduce 1 0 0 
115 allreduce 1 0 0 
115 irecv 112 1100 200 0
115 irecv 114 1300 200 0
115 send 112 1300 4 0
115 send 114 1100 4 0
115 wait 113 116 1100
115 wait 115 116 1300
115 irecv 119 2100 200 0
115 irecv 111 2300 200 0
115 send 119 2300 12 0
115 send 111 2100 12 0
115 wait 120 116 2100
115 wait 112 116 2300
115 irecv 147 3100 200 0
115 irecv 83 3300 200 0
115 send 147 3300 24 0
115 send 83 3100 24 0
115 wait 148 116 3100
115 wait 84 116 3300
115 irecv 112 1100 200 0
115 irecv 114 1300 200 0
115 send 112 1300 1 0
115 send 114 1100 1 0
115 wait 113 116 1100
115 wait 115 116 1300
115 irecv 119 2100 200 0
115 irecv 111 2300 200 0
115 send 119 2300 4 0
115 send 111 2100 4 0
115 wait 120 116 2100
115 wait 112 116 2300
115 irecv 147 3100 200 0
115 irecv 83 3300 200 0
115 send 147 3300 12 0
115 send 83 3100 12 0
115 wait 148 116 3100
115 wait 84 116 3300
115 send 112 1300 12 0
115 send 114 1100 6 0
115 send 179 3300 12 0
115 send 51 3100 6 0
115 irecv 119 2100 200 0
115 irecv 111 2300 200 0
115 wait 120 116 2100
115 wait 112 116 2300
115 send 147 3300 24 0
115 send 83 3100 12 0
115 irecv 112 1100 200 0
115 irecv 114 1300 200 0
115 send 112 1300 1 0
115 send 114 1100 1 0
115 wait 113 116 1100
115 wait 115 116 1300
115 irecv 119 2100 200 0
115 irecv 111 2300 200 0
115 send 119 2300 4 0
115 send 111 2100 4 0
115 wait 120 116 2100
115 wait 112 116 2300
115 irecv 147 3100 200 0
115 irecv 83 3300 200 0
115 send 147 3300 12 0
115 send 83 3100 12 0
115 wait 148 116 3100
115 wait 84 116 3300
115 irecv 112 1100 200 0
115 irecv 114 1300 200 0
115 send 112 1300 1 0
115 send 114 1100 1 0
115 wait 113 116 1100
115 wait 115 116 1300
115 irecv 119 2100 200 0
115 irecv 111 2300 200 0
115 send 119 2300 4 0
115 send 111 2100 4 0
115 wait 120 116 2100
115 wait 112 116 2300
115 irecv 147 3100 200 0
115 irecv 83 3300 200 0
115 send 147 3300 12 0
115 send 83 3100 12 0
115 wait 148 116 3100
115 wait 84 116 3300
115 irecv 112 1100 200 0
115 irecv 114 1300 200 0
115 send 112 1300 4 0
115 send 114 1100 4 0
115 wait 113 116 1100
115 wait 115 116 1300
115 irecv 119 2100 200 0
115 irecv 111 2300 200 0
115 send 119 2300 12 0
115 send 111 2100 12 0
115 wait 120 116 2100
115 wait 112 116 2300
115 irecv 147 3100 200 0
115 irecv 83 3300 200 0
115 send 147 3300 24 0
115 send 83 3100 24 0
115 wait 148 116 3100
115 wait 84 116 3300
115 irecv 112 1100 200 0
115 irecv 114 1300 200 0
115 send 112 1300 4 0
115 send 114 1100 4 0
115 wait 113 116 1100
115 wait 115 116 1300
115 irecv 119 2100 200 0
115 irecv 111 2300 200 0
115 send 119 2300 12 0
115 send 111 2100 12 0
115 wait 120 116 2100
115 wait 112 116 2300
115 irecv 147 3100 200 0
115 irecv 83 3300 200 0
115 send 147 3300 24 0
115 send 83 3100 24 0
115 wait 148 116 3100
115 wait 84 116 3300
115 irecv 112 1100 200 0
115 irecv 114 1300 200 0
115 send 112 1300 16 0
115 send 114 1100 16 0
115 wait 113 116 1100
115 wait 115 116 1300
115 irecv 119 2100 200 0
115 irecv 111 2300 200 0
115 send 119 2300 40 0
115 send 111 2100 40 0
115 wait 120 116 2100
115 wait 112 116 2300
115 irecv 147 3100 200 0
115 irecv 83 3300 200 0
115 send 147 3300 60 0
115 send 83 3100 60 0
115 wait 148 116 3100
115 wait 84 116 3300
115 irecv 112 1100 200 0
115 irecv 114 1300 200 0
115 send 112 1300 16 0
115 send 114 1100 16 0
115 wait 113 116 1100
115 wait 115 116 1300
115 irecv 119 2100 200 0
115 irecv 111 2300 200 0
115 send 119 2300 40 0
115 send 111 2100 40 0
115 wait 120 116 2100
115 wait 112 116 2300
115 irecv 147 3100 200 0
115 irecv 83 3300 200 0
115 send 147 3300 60 0
115 send 83 3100 60 0
115 wait 148 116 3100
115 wait 84 116 3300
115 irecv 112 1100 200 0
115 irecv 114 1300 200 0
115 send 112 1300 16 0
115 send 114 1100 16 0
115 wait 113 116 1100
115 wait 115 116 1300
115 irecv 119 2100 200 0
115 irecv 111 2300 200 0
115 send 119 2300 40 0
115 send 111 2100 40 0
115 wait 120 116 2100
115 wait 112 116 2300
115 irecv 147 3100 200 0
115 irecv 83 3300 200 0
115 send 147 3300 60 0
115 send 83 3100 60 0
115 wait 148 116 3100
115 wait 84 116 3300
115 irecv 112 1100 200 0
115 irecv 114 1300 200 0
115 send 112 1300 4 0
115 send 114 1100 4 0
115 wait 113 116 1100
115 wait 115 116 1300
115 irecv 119 2100 200 0
115 irecv 111 2300 200 0
115 send 119 2300 12 0
115 send 111 2100 12 0
115 wait 120 116 2100
115 wait 112 116 2300
115 irecv 147 3100 200 0
115 irecv 83 3300 200 0
115 send 147 3300 24 0
115 send 83 3100 24 0
115 wait 148 116 3100
115 wait 84 116 3300
115 irecv 112 1100 200 0
115 irecv 114 1300 200 0
115 send 112 1300 1 0
115 send 114 1100 1 0
115 wait 113 116 1100
115 wait 115 116 1300
115 irecv 119 2100 200 0
115 irecv 111 2300 200 0
115 send 119 2300 4 0
115 send 111 2100 4 0
115 wait 120 116 2100
115 wait 112 116 2300
115 irecv 147 3100 200 0
115 irecv 83 3300 200 0
115 send 147 3300 12 0
115 send 83 3100 12 0
115 wait 148 116 3100
115 wait 84 116 3300
115 send 112 1300 12 0
115 send 114 1100 6 0
115 send 179 3300 12 0
115 send 51 3100 6 0
115 irecv 119 2100 200 0
115 irecv 111 2300 200 0
115 wait 120 116 2100
115 wait 112 116 2300
115 send 147 3300 24 0
115 send 83 3100 12 0
115 irecv 112 1100 200 0
115 irecv 114 1300 200 0
115 send 112 1300 1 0
115 send 114 1100 1 0
115 wait 113 116 1100
115 wait 115 116 1300
115 irecv 119 2100 200 0
115 irecv 111 2300 200 0
115 send 119 2300 4 0
115 send 111 2100 4 0
115 wait 120 116 2100
115 wait 112 116 2300
115 irecv 147 3100 200 0
115 irecv 83 3300 200 0
115 send 147 3300 12 0
115 send 83 3100 12 0
115 wait 148 116 3100
115 wait 84 116 3300
115 irecv 112 1100 200 0
115 irecv 114 1300 200 0
115 send 112 1300 1 0
115 send 114 1100 1 0
115 wait 113 116 1100
115 wait 115 116 1300
115 irecv 119 2100 200 0
115 irecv 111 2300 200 0
115 send 119 2300 4 0
115 send 111 2100 4 0
115 wait 120 116 2100
115 wait 112 116 2300
115 irecv 147 3100 200 0
115 irecv 83 3300 200 0
115 send 147 3300 12 0
115 send 83 3100 12 0
115 wait 148 116 3100
115 wait 84 116 3300
115 irecv 112 1100 200 0
115 irecv 114 1300 200 0
115 send 112 1300 4 0
115 send 114 1100 4 0
115 wait 113 116 1100
115 wait 115 116 1300
115 irecv 119 2100 200 0
115 irecv 111 2300 200 0
115 send 119 2300 12 0
115 send 111 2100 12 0
115 wait 120 116 2100
115 wait 112 116 2300
115 irecv 147 3100 200 0
115 irecv 83 3300 200 0
115 send 147 3300 24 0
115 send 83 3100 24 0
115 wait 148 116 3100
115 wait 84 116 3300
115 irecv 112 1100 200 0
115 irecv 114 1300 200 0
115 send 112 1300 4 0
115 send 114 1100 4 0
115 wait 113 116 1100
115 wait 115 116 1300
115 irecv 119 2100 200 0
115 irecv 111 2300 200 0
115 send 119 2300 12 0
115 send 111 2100 12 0
115 wait 120 116 2100
115 wait 112 116 2300
115 irecv 147 3100 200 0
115 irecv 83 3300 200 0
115 send 147 3300 24 0
115 send 83 3100 24 0
115 wait 148 116 3100
115 wait 84 116 3300
115 irecv 112 1100 200 0
115 irecv 114 1300 200 0
115 send 112 1300 16 0
115 send 114 1100 16 0
115 wait 113 116 1100
115 wait 115 116 1300
115 irecv 119 2100 200 0
115 irecv 111 2300 200 0
115 send 119 2300 40 0
115 send 111 2100 40 0
115 wait 120 116 2100
115 wait 112 116 2300
115 irecv 147 3100 200 0
115 irecv 83 3300 200 0
115 send 147 3300 60 0
115 send 83 3100 60 0
115 wait 148 116 3100
115 wait 84 116 3300
115 irecv 112 1100 200 0
115 irecv 114 1300 200 0
115 send 112 1300 16 0
115 send 114 1100 16 0
115 wait 113 116 1100
115 wait 115 116 1300
115 irecv 119 2100 200 0
115 irecv 111 2300 200 0
115 send 119 2300 40 0
115 send 111 2100 40 0
115 wait 120 116 2100
115 wait 112 116 2300
115 irecv 147 3100 200 0
115 irecv 83 3300 200 0
115 send 147 3300 60 0
115 send 83 3100 60 0
115 wait 148 116 3100
115 wait 84 116 3300
115 irecv 112 1100 200 0
115 irecv 114 1300 200 0
115 send 112 1300 16 0
115 send 114 1100 16 0
115 wait 113 116 1100
115 wait 115 116 1300
115 irecv 119 2100 200 0
115 irecv 111 2300 200 0
115 send 119 2300 40 0
115 send 111 2100 40 0
115 wait 120 116 2100
115 wait 112 116 2300
115 irecv 147 3100 200 0
115 irecv 83 3300 200 0
115 send 147 3300 60 0
115 send 83 3100 60 0
115 wait 148 116 3100
115 wait 84 116 3300
115 irecv 112 1100 200 0
115 irecv 114 1300 200 0
115 send 112 1300 4 0
115 send 114 1100 4 0
115 wait 113 116 1100
115 wait 115 116 1300
115 irecv 119 2100 200 0
115 irecv 111 2300 200 0
115 send 119 2300 12 0
115 send 111 2100 12 0
115 wait 120 116 2100
115 wait 112 116 2300
115 irecv 147 3100 200 0
115 irecv 83 3300 200 0
115 send 147 3300 24 0
115 send 83 3100 24 0
115 wait 148 116 3100
115 wait 84 116 3300
115 irecv 112 1100 200 0
115 irecv 114 1300 200 0
115 send 112 1300 1 0
115 send 114 1100 1 0
115 wait 113 116 1100
115 wait 115 116 1300
115 irecv 119 2100 200 0
115 irecv 111 2300 200 0
115 send 119 2300 4 0
115 send 111 2100 4 0
115 wait 120 116 2100
115 wait 112 116 2300
115 irecv 147 3100 200 0
115 irecv 83 3300 200 0
115 send 147 3300 12 0
115 send 83 3100 12 0
115 wait 148 116 3100
115 wait 84 116 3300
115 send 112 1300 12 0
115 send 114 1100 6 0
115 send 179 3300 12 0
115 send 51 3100 6 0
115 irecv 119 2100 200 0
115 irecv 111 2300 200 0
115 wait 120 116 2100
115 wait 112 116 2300
115 send 147 3300 24 0
115 send 83 3100 12 0
115 irecv 112 1100 200 0
115 irecv 114 1300 200 0
115 send 112 1300 1 0
115 send 114 1100 1 0
115 wait 113 116 1100
115 wait 115 116 1300
115 irecv 119 2100 200 0
115 irecv 111 2300 200 0
115 send 119 2300 4 0
115 send 111 2100 4 0
115 wait 120 116 2100
115 wait 112 116 2300
115 irecv 147 3100 200 0
115 irecv 83 3300 200 0
115 send 147 3300 12 0
115 send 83 3100 12 0
115 wait 148 116 3100
115 wait 84 116 3300
115 irecv 112 1100 200 0
115 irecv 114 1300 200 0
115 send 112 1300 1 0
115 send 114 1100 1 0
115 wait 113 116 1100
115 wait 115 116 1300
115 irecv 119 2100 200 0
115 irecv 111 2300 200 0
115 send 119 2300 4 0
115 send 111 2100 4 0
115 wait 120 116 2100
115 wait 112 116 2300
115 irecv 147 3100 200 0
115 irecv 83 3300 200 0
115 send 147 3300 12 0
115 send 83 3100 12 0
115 wait 148 116 3100
115 wait 84 116 3300
115 irecv 112 1100 200 0
115 irecv 114 1300 200 0
115 send 112 1300 4 0
115 send 114 1100 4 0
115 wait 113 116 1100
115 wait 115 116 1300
115 irecv 119 2100 200 0
115 irecv 111 2300 200 0
115 send 119 2300 12 0
115 send 111 2100 12 0
115 wait 120 116 2100
115 wait 112 116 2300
115 irecv 147 3100 200 0
115 irecv 83 3300 200 0
115 send 147 3300 24 0
115 send 83 3100 24 0
115 wait 148 116 3100
115 wait 84 116 3300
115 irecv 112 1100 200 0
115 irecv 114 1300 200 0
115 send 112 1300 4 0
115 send 114 1100 4 0
115 wait 113 116 1100
115 wait 115 116 1300
115 irecv 119 2100 200 0
115 irecv 111 2300 200 0
115 send 119 2300 12 0
115 send 111 2100 12 0
115 wait 120 116 2100
115 wait 112 116 2300
115 irecv 147 3100 200 0
115 irecv 83 3300 200 0
115 send 147 3300 24 0
115 send 83 3100 24 0
115 wait 148 116 3100
115 wait 84 116 3300
115 irecv 112 1100 200 0
115 irecv 114 1300 200 0
115 send 112 1300 16 0
115 send 114 1100 16 0
115 wait 113 116 1100
115 wait 115 116 1300
115 irecv 119 2100 200 0
115 irecv 111 2300 200 0
115 send 119 2300 40 0
115 send 111 2100 40 0
115 wait 120 116 2100
115 wait 112 116 2300
115 irecv 147 3100 200 0
115 irecv 83 3300 200 0
115 send 147 3300 60 0
115 send 83 3100 60 0
115 wait 148 116 3100
115 wait 84 116 3300
115 irecv 112 1100 200 0
115 irecv 114 1300 200 0
115 send 112 1300 16 0
115 send 114 1100 16 0
115 wait 113 116 1100
115 wait 115 116 1300
115 irecv 119 2100 200 0
115 irecv 111 2300 200 0
115 send 119 2300 40 0
115 send 111 2100 40 0
115 wait 120 116 2100
115 wait 112 116 2300
115 irecv 147 3100 200 0
115 irecv 83 3300 200 0
115 send 147 3300 60 0
115 send 83 3100 60 0
115 wait 148 116 3100
115 wait 84 116 3300
115 irecv 112 1100 200 0
115 irecv 114 1300 200 0
115 send 112 1300 16 0
115 send 114 1100 16 0
115 wait 113 116 1100
115 wait 115 116 1300
115 irecv 119 2100 200 0
115 irecv 111 2300 200 0
115 send 119 2300 40 0
115 send 111 2100 40 0
115 wait 120 116 2100
115 wait 112 116 2300
115 irecv 147 3100 200 0
115 irecv 83 3300 200 0
115 send 147 3300 60 0
115 send 83 3100 60 0
115 wait 148 116 3100
115 wait 84 116 3300
115 irecv 112 1100 200 0
115 irecv 114 1300 200 0
115 send 112 1300 4 0
115 send 114 1100 4 0
115 wait 113 116 1100
115 wait 115 116 1300
115 irecv 119 2100 200 0
115 irecv 111 2300 200 0
115 send 119 2300 12 0
115 send 111 2100 12 0
115 wait 120 116 2100
115 wait 112 116 2300
115 irecv 147 3100 200 0
115 irecv 83 3300 200 0
115 send 147 3300 24 0
115 send 83 3100 24 0
115 wait 148 116 3100
115 wait 84 116 3300
115 irecv 112 1100 200 0
115 irecv 114 1300 200 0
115 send 112 1300 1 0
115 send 114 1100 1 0
115 wait 113 116 1100
115 wait 115 116 1300
115 irecv 119 2100 200 0
115 irecv 111 2300 200 0
115 send 119 2300 4 0
115 send 111 2100 4 0
115 wait 120 116 2100
115 wait 112 116 2300
115 irecv 147 3100 200 0
115 irecv 83 3300 200 0
115 send 147 3300 12 0
115 send 83 3100 12 0
115 wait 148 116 3100
115 wait 84 116 3300
115 send 112 1300 12 0
115 send 114 1100 6 0
115 send 179 3300 12 0
115 send 51 3100 6 0
115 irecv 119 2100 200 0
115 irecv 111 2300 200 0
115 wait 120 116 2100
115 wait 112 116 2300
115 send 147 3300 24 0
115 send 83 3100 12 0
115 irecv 112 1100 200 0
115 irecv 114 1300 200 0
115 send 112 1300 1 0
115 send 114 1100 1 0
115 wait 113 116 1100
115 wait 115 116 1300
115 irecv 119 2100 200 0
115 irecv 111 2300 200 0
115 send 119 2300 4 0
115 send 111 2100 4 0
115 wait 120 116 2100
115 wait 112 116 2300
115 irecv 147 3100 200 0
115 irecv 83 3300 200 0
115 send 147 3300 12 0
115 send 83 3100 12 0
115 wait 148 116 3100
115 wait 84 116 3300
115 irecv 112 1100 200 0
115 irecv 114 1300 200 0
115 send 112 1300 1 0
115 send 114 1100 1 0
115 wait 113 116 1100
115 wait 115 116 1300
115 irecv 119 2100 200 0
115 irecv 111 2300 200 0
115 send 119 2300 4 0
115 send 111 2100 4 0
115 wait 120 116 2100
115 wait 112 116 2300
115 irecv 147 3100 200 0
115 irecv 83 3300 200 0
115 send 147 3300 12 0
115 send 83 3100 12 0
115 wait 148 116 3100
115 wait 84 116 3300
115 irecv 112 1100 200 0
115 irecv 114 1300 200 0
115 send 112 1300 4 0
115 send 114 1100 4 0
115 wait 113 116 1100
115 wait 115 116 1300
115 irecv 119 2100 200 0
115 irecv 111 2300 200 0
115 send 119 2300 12 0
115 send 111 2100 12 0
115 wait 120 116 2100
115 wait 112 116 2300
115 irecv 147 3100 200 0
115 irecv 83 3300 200 0
115 send 147 3300 24 0
115 send 83 3100 24 0
115 wait 148 116 3100
115 wait 84 116 3300
115 irecv 112 1100 200 0
115 irecv 114 1300 200 0
115 send 112 1300 4 0
115 send 114 1100 4 0
115 wait 113 116 1100
115 wait 115 116 1300
115 irecv 119 2100 200 0
115 irecv 111 2300 200 0
115 send 119 2300 12 0
115 send 111 2100 12 0
115 wait 120 116 2100
115 wait 112 116 2300
115 irecv 147 3100 200 0
115 irecv 83 3300 200 0
115 send 147 3300 24 0
115 send 83 3100 24 0
115 wait 148 116 3100
115 wait 84 116 3300
115 irecv 112 1100 200 0
115 irecv 114 1300 200 0
115 send 112 1300 16 0
115 send 114 1100 16 0
115 wait 113 116 1100
115 wait 115 116 1300
115 irecv 119 2100 200 0
115 irecv 111 2300 200 0
115 send 119 2300 40 0
115 send 111 2100 40 0
115 wait 120 116 2100
115 wait 112 116 2300
115 irecv 147 3100 200 0
115 irecv 83 3300 200 0
115 send 147 3300 60 0
115 send 83 3100 60 0
115 wait 148 116 3100
115 wait 84 116 3300
115 irecv 112 1100 200 0
115 irecv 114 1300 200 0
115 send 112 1300 16 0
115 send 114 1100 16 0
115 wait 113 116 1100
115 wait 115 116 1300
115 irecv 119 2100 200 0
115 irecv 111 2300 200 0
115 send 119 2300 40 0
115 send 111 2100 40 0
115 wait 120 116 2100
115 wait 112 116 2300
115 irecv 147 3100 200 0
115 irecv 83 3300 200 0
115 send 147 3300 60 0
115 send 83 3100 60 0
115 wait 148 116 3100
115 wait 84 116 3300
115 irecv 112 1100 200 0
115 irecv 114 1300 200 0
115 send 112 1300 16 0
115 send 114 1100 16 0
115 wait 113 116 1100
115 wait 115 116 1300
115 irecv 119 2100 200 0
115 irecv 111 2300 200 0
115 send 119 2300 40 0
115 send 111 2100 40 0
115 wait 120 116 2100
115 wait 112 116 2300
115 irecv 147 3100 200 0
115 irecv 83 3300 200 0
115 send 147 3300 60 0
115 send 83 3100 60 0
115 wait 148 116 3100
115 wait 84 116 3300
115 allreduce 1 0 0 
115 allreduce 1 0 0 
115 reduce 1 0 0 0 
115 finalize
