85 init
85 barrier
85 bcast 1 0 1 
85 bcast 1 0 1 
85 bcast 1 0 1 
85 bcast 1 0 1 
85 bcast 1 0 1 
85 bcast 8 0 1 
85 bcast 1 0 16 
85 barrier
85 allreduce 1 0 0 
85 allreduce 4 0 1 
85 allreduce 1 0 0 
85 allreduce 4 0 1 
85 allreduce 1 0 0 
85 allreduce 4 0 1 
85 allreduce 1 0 0 
85 allreduce 4 0 1 
85 allreduce 1 0 0 
85 allreduce 4 0 1 
85 allreduce 1 0 0 
85 allreduce 4 0 1 
85 allreduce 1 0 0 
85 allreduce 4 0 1 
85 allreduce 1 0 0 
85 allreduce 4 0 1 
85 allreduce 1 0 0 
85 allreduce 4 0 1 
85 allreduce 1 0 0 
85 allreduce 4 0 1 
85 allreduce 1 0 0 
85 allreduce 4 0 1 
85 allreduce 1 0 0 
85 allreduce 4 0 1 
85 allreduce 1 0 0 
85 allreduce 4 0 1 
85 allreduce 1 0 0 
85 allreduce 4 0 1 
85 allreduce 1 0 0 
85 allreduce 4 0 1 
85 allreduce 1 0 0 
85 allreduce 4 0 1 
85 allreduce 1 0 0 
85 allreduce 4 0 1 
85 allreduce 1 0 0 
85 allreduce 4 0 1 
85 allreduce 1 0 0 
85 allreduce 4 0 1 
85 allreduce 1 0 0 
85 allreduce 4 0 1 
85 barrier
85 irecv 86 1100 200 0
85 irecv 84 1300 200 0
85 send 86 1300 16 0
85 send 84 1100 16 0
85 wait 87 86 1100
85 wait 85 86 1300
85 irecv 89 2100 200 0
85 irecv 81 2300 200 0
85 send 89 2300 40 0
85 send 81 2100 40 0
85 wait 90 86 2100
85 wait 82 86 2300
85 irecv 117 3100 200 0
85 irecv 53 3300 200 0
85 send 117 3300 60 0
85 send 53 3100 60 0
85 wait 118 86 3100
85 wait 54 86 3300
85 allreduce 1 0 0 
85 allreduce 1 0 0 
85 irecv 86 1100 200 0
85 irecv 84 1300 200 0
85 send 86 1300 16 0
85 send 84 1100 16 0
85 wait 87 86 1100
85 wait 85 86 1300
85 irecv 89 2100 200 0
85 irecv 81 2300 200 0
85 send 89 2300 40 0
85 send 81 2100 40 0
85 wait 90 86 2100
85 wait 82 86 2300
85 irecv 117 3100 200 0
85 irecv 53 3300 200 0
85 send 117 3300 60 0
85 send 53 3100 60 0
85 wait 118 86 3100
85 wait 54 86 3300
85 allreduce 1 0 0 
85 allreduce 1 0 0 
85 irecv 86 1100 200 0
85 irecv 84 1300 200 0
85 send 86 1300 4 0
85 send 84 1100 4 0
85 wait 87 86 1100
85 wait 85 86 1300
85 irecv 89 2100 200 0
85 irecv 81 2300 200 0
85 send 89 2300 12 0
85 send 81 2100 12 0
85 wait 90 86 2100
85 wait 82 86 2300
85 irecv 117 3100 200 0
85 irecv 53 3300 200 0
85 send 117 3300 24 0
85 send 53 3100 24 0
85 wait 118 86 3100
85 wait 54 86 3300
85 irecv 86 1100 200 0
85 irecv 84 1300 200 0
85 send 86 1300 1 0
85 send 84 1100 1 0
85 wait 87 86 1100
85 wait 85 86 1300
85 irecv 89 2100 200 0
85 irecv 81 2300 200 0
85 send 89 2300 4 0
85 send 81 2100 4 0
85 wait 90 86 2100
85 wait 82 86 2300
85 irecv 117 3100 200 0
85 irecv 53 3300 200 0
85 send 117 3300 12 0
85 send 53 3100 12 0
85 wait 118 86 3100
85 wait 54 86 3300
85 send 86 1300 12 0
85 send 84 1100 6 0
85 irecv 93 2100 200 0
85 irecv 77 2300 200 0
85 wait 94 86 2100
85 wait 78 86 2300
85 send 89 2300 24 0
85 send 81 2100 12 0
85 irecv 117 3100 200 0
85 irecv 53 3300 200 0
85 wait 118 86 3100
85 wait 54 86 3300
85 irecv 86 1100 200 0
85 irecv 84 1300 200 0
85 send 86 1300 1 0
85 send 84 1100 1 0
85 wait 87 86 1100
85 wait 85 86 1300
85 irecv 89 2100 200 0
85 irecv 81 2300 200 0
85 send 89 2300 4 0
85 send 81 2100 4 0
85 wait 90 86 2100
85 wait 82 86 2300
85 irecv 117 3100 200 0
85 irecv 53 3300 200 0
85 send 117 3300 12 0
85 send 53 3100 12 0
85 wait 118 86 3100
85 wait 54 86 3300
85 irecv 86 1100 200 0
85 irecv 84 1300 200 0
85 send 86 1300 1 0
85 send 84 1100 1 0
85 wait 87 86 1100
85 wait 85 86 1300
85 irecv 89 2100 200 0
85 irecv 81 2300 200 0
85 send 89 2300 4 0
85 send 81 2100 4 0
85 wait 90 86 2100
85 wait 82 86 2300
85 irecv 117 3100 200 0
85 irecv 53 3300 200 0
85 send 117 3300 12 0
85 send 53 3100 12 0
85 wait 118 86 3100
85 wait 54 86 3300
85 irecv 86 1100 200 0
85 irecv 84 1300 200 0
85 send 86 1300 4 0
85 send 84 1100 4 0
85 wait 87 86 1100
85 wait 85 86 1300
85 irecv 89 2100 200 0
85 irecv 81 2300 200 0
85 send 89 2300 12 0
85 send 81 2100 12 0
85 wait 90 86 2100
85 wait 82 86 2300
85 irecv 117 3100 200 0
85 irecv 53 3300 200 0
85 send 117 3300 24 0
85 send 53 3100 24 0
85 wait 118 86 3100
85 wait 54 86 3300
85 irecv 86 1100 200 0
85 irecv 84 1300 200 0
85 send 86 1300 4 0
85 send 84 1100 4 0
85 wait 87 86 1100
85 wait 85 86 1300
85 irecv 89 2100 200 0
85 irecv 81 2300 200 0
85 send 89 2300 12 0
85 send 81 2100 12 0
85 wait 90 86 2100
85 wait 82 86 2300
85 irecv 117 3100 200 0
85 irecv 53 3300 200 0
85 send 117 3300 24 0
85 send 53 3100 24 0
85 wait 118 86 3100
85 wait 54 86 3300
85 irecv 86 1100 200 0
85 irecv 84 1300 200 0
85 send 86 1300 16 0
85 send 84 1100 16 0
85 wait 87 86 1100
85 wait 85 86 1300
85 irecv 89 2100 200 0
85 irecv 81 2300 200 0
85 send 89 2300 40 0
85 send 81 2100 40 0
85 wait 90 86 2100
85 wait 82 86 2300
85 irecv 117 3100 200 0
85 irecv 53 3300 200 0
85 send 117 3300 60 0
85 send 53 3100 60 0
85 wait 118 86 3100
85 wait 54 86 3300
85 irecv 86 1100 200 0
85 irecv 84 1300 200 0
85 send 86 1300 16 0
85 send 84 1100 16 0
85 wait 87 86 1100
85 wait 85 86 1300
85 irecv 89 2100 200 0
85 irecv 81 2300 200 0
85 send 89 2300 40 0
85 send 81 2100 40 0
85 wait 90 86 2100
85 wait 82 86 2300
85 irecv 117 3100 200 0
85 irecv 53 3300 200 0
85 send 117 3300 60 0
85 send 53 3100 60 0
85 wait 118 86 3100
85 wait 54 86 3300
85 irecv 86 1100 200 0
85 irecv 84 1300 200 0
85 send 86 1300 16 0
85 send 84 1100 16 0
85 wait 87 86 1100
85 wait 85 86 1300
85 irecv 89 2100 200 0
85 irecv 81 2300 200 0
85 send 89 2300 40 0
85 send 81 2100 40 0
85 wait 90 86 2100
85 wait 82 86 2300
85 irecv 117 3100 200 0
85 irecv 53 3300 200 0
85 send 117 3300 60 0
85 send 53 3100 60 0
85 wait 118 86 3100
85 wait 54 86 3300
85 barrier
85 allreduce 1 0 0 
85 allreduce 4 0 1 
85 allreduce 1 0 0 
85 allreduce 4 0 1 
85 allreduce 1 0 0 
85 allreduce 4 0 1 
85 allreduce 1 0 0 
85 allreduce 4 0 1 
85 allreduce 1 0 0 
85 allreduce 4 0 1 
85 allreduce 1 0 0 
85 allreduce 4 0 1 
85 allreduce 1 0 0 
85 allreduce 4 0 1 
85 allreduce 1 0 0 
85 allreduce 4 0 1 
85 allreduce 1 0 0 
85 allreduce 4 0 1 
85 allreduce 1 0 0 
85 allreduce 4 0 1 
85 allreduce 1 0 0 
85 allreduce 4 0 1 
85 allreduce 1 0 0 
85 allreduce 4 0 1 
85 allreduce 1 0 0 
85 allreduce 4 0 1 
85 allreduce 1 0 0 
85 allreduce 4 0 1 
85 allreduce 1 0 0 
85 allreduce 4 0 1 
85 allreduce 1 0 0 
85 allreduce 4 0 1 
85 allreduce 1 0 0 
85 allreduce 4 0 1 
85 allreduce 1 0 0 
85 allreduce 4 0 1 
85 allreduce 1 0 0 
85 allreduce 4 0 1 
85 allreduce 1 0 0 
85 allreduce 4 0 1 
85 barrier
85 irecv 86 1100 200 0
85 irecv 84 1300 200 0
85 send 86 1300 16 0
85 send 84 1100 16 0
85 wait 87 86 1100
85 wait 85 86 1300
85 irecv 89 2100 200 0
85 irecv 81 2300 200 0
85 send 89 2300 40 0
85 send 81 2100 40 0
85 wait 90 86 2100
85 wait 82 86 2300
85 irecv 117 3100 200 0
85 irecv 53 3300 200 0
85 send 117 3300 60 0
85 send 53 3100 60 0
85 wait 118 86 3100
85 wait 54 86 3300
85 barrier
85 irecv 86 1100 200 0
85 irecv 84 1300 200 0
85 send 86 1300 16 0
85 send 84 1100 16 0
85 wait 87 86 1100
85 wait 85 86 1300
85 irecv 89 2100 200 0
85 irecv 81 2300 200 0
85 send 89 2300 40 0
85 send 81 2100 40 0
85 wait 90 86 2100
85 wait 82 86 2300
85 irecv 117 3100 200 0
85 irecv 53 3300 200 0
85 send 117 3300 60 0
85 send 53 3100 60 0
85 wait 118 86 3100
85 wait 54 86 3300
85 allreduce 1 0 0 
85 allreduce 1 0 0 
85 irecv 86 1100 200 0
85 irecv 84 1300 200 0
85 send 86 1300 4 0
85 send 84 1100 4 0
85 wait 87 86 1100
85 wait 85 86 1300
85 irecv 89 2100 200 0
85 irecv 81 2300 200 0
85 send 89 2300 12 0
85 send 81 2100 12 0
85 wait 90 86 2100
85 wait 82 86 2300
85 irecv 117 3100 200 0
85 irecv 53 3300 200 0
85 send 117 3300 24 0
85 send 53 3100 24 0
85 wait 118 86 3100
85 wait 54 86 3300
85 irecv 86 1100 200 0
85 irecv 84 1300 200 0
85 send 86 1300 1 0
85 send 84 1100 1 0
85 wait 87 86 1100
85 wait 85 86 1300
85 irecv 89 2100 200 0
85 irecv 81 2300 200 0
85 send 89 2300 4 0
85 send 81 2100 4 0
85 wait 90 86 2100
85 wait 82 86 2300
85 irecv 117 3100 200 0
85 irecv 53 3300 200 0
85 send 117 3300 12 0
85 send 53 3100 12 0
85 wait 118 86 3100
85 wait 54 86 3300
85 send 86 1300 12 0
85 send 84 1100 6 0
85 irecv 93 2100 200 0
85 irecv 77 2300 200 0
85 wait 94 86 2100
85 wait 78 86 2300
85 send 89 2300 24 0
85 send 81 2100 12 0
85 irecv 117 3100 200 0
85 irecv 53 3300 200 0
85 wait 118 86 3100
85 wait 54 86 3300
85 irecv 86 1100 200 0
85 irecv 84 1300 200 0
85 send 86 1300 1 0
85 send 84 1100 1 0
85 wait 87 86 1100
85 wait 85 86 1300
85 irecv 89 2100 200 0
85 irecv 81 2300 200 0
85 send 89 2300 4 0
85 send 81 2100 4 0
85 wait 90 86 2100
85 wait 82 86 2300
85 irecv 117 3100 200 0
85 irecv 53 3300 200 0
85 send 117 3300 12 0
85 send 53 3100 12 0
85 wait 118 86 3100
85 wait 54 86 3300
85 irecv 86 1100 200 0
85 irecv 84 1300 200 0
85 send 86 1300 1 0
85 send 84 1100 1 0
85 wait 87 86 1100
85 wait 85 86 1300
85 irecv 89 2100 200 0
85 irecv 81 2300 200 0
85 send 89 2300 4 0
85 send 81 2100 4 0
85 wait 90 86 2100
85 wait 82 86 2300
85 irecv 117 3100 200 0
85 irecv 53 3300 200 0
85 send 117 3300 12 0
85 send 53 3100 12 0
85 wait 118 86 3100
85 wait 54 86 3300
85 irecv 86 1100 200 0
85 irecv 84 1300 200 0
85 send 86 1300 4 0
85 send 84 1100 4 0
85 wait 87 86 1100
85 wait 85 86 1300
85 irecv 89 2100 200 0
85 irecv 81 2300 200 0
85 send 89 2300 12 0
85 send 81 2100 12 0
85 wait 90 86 2100
85 wait 82 86 2300
85 irecv 117 3100 200 0
85 irecv 53 3300 200 0
85 send 117 3300 24 0
85 send 53 3100 24 0
85 wait 118 86 3100
85 wait 54 86 3300
85 irecv 86 1100 200 0
85 irecv 84 1300 200 0
85 send 86 1300 4 0
85 send 84 1100 4 0
85 wait 87 86 1100
85 wait 85 86 1300
85 irecv 89 2100 200 0
85 irecv 81 2300 200 0
85 send 89 2300 12 0
85 send 81 2100 12 0
85 wait 90 86 2100
85 wait 82 86 2300
85 irecv 117 3100 200 0
85 irecv 53 3300 200 0
85 send 117 3300 24 0
85 send 53 3100 24 0
85 wait 118 86 3100
85 wait 54 86 3300
85 irecv 86 1100 200 0
85 irecv 84 1300 200 0
85 send 86 1300 16 0
85 send 84 1100 16 0
85 wait 87 86 1100
85 wait 85 86 1300
85 irecv 89 2100 200 0
85 irecv 81 2300 200 0
85 send 89 2300 40 0
85 send 81 2100 40 0
85 wait 90 86 2100
85 wait 82 86 2300
85 irecv 117 3100 200 0
85 irecv 53 3300 200 0
85 send 117 3300 60 0
85 send 53 3100 60 0
85 wait 118 86 3100
85 wait 54 86 3300
85 irecv 86 1100 200 0
85 irecv 84 1300 200 0
85 send 86 1300 16 0
85 send 84 1100 16 0
85 wait 87 86 1100
85 wait 85 86 1300
85 irecv 89 2100 200 0
85 irecv 81 2300 200 0
85 send 89 2300 40 0
85 send 81 2100 40 0
85 wait 90 86 2100
85 wait 82 86 2300
85 irecv 117 3100 200 0
85 irecv 53 3300 200 0
85 send 117 3300 60 0
85 send 53 3100 60 0
85 wait 118 86 3100
85 wait 54 86 3300
85 irecv 86 1100 200 0
85 irecv 84 1300 200 0
85 send 86 1300 16 0
85 send 84 1100 16 0
85 wait 87 86 1100
85 wait 85 86 1300
85 irecv 89 2100 200 0
85 irecv 81 2300 200 0
85 send 89 2300 40 0
85 send 81 2100 40 0
85 wait 90 86 2100
85 wait 82 86 2300
85 irecv 117 3100 200 0
85 irecv 53 3300 200 0
85 send 117 3300 60 0
85 send 53 3100 60 0
85 wait 118 86 3100
85 wait 54 86 3300
85 irecv 86 1100 200 0
85 irecv 84 1300 200 0
85 send 86 1300 4 0
85 send 84 1100 4 0
85 wait 87 86 1100
85 wait 85 86 1300
85 irecv 89 2100 200 0
85 irecv 81 2300 200 0
85 send 89 2300 12 0
85 send 81 2100 12 0
85 wait 90 86 2100
85 wait 82 86 2300
85 irecv 117 3100 200 0
85 irecv 53 3300 200 0
85 send 117 3300 24 0
85 send 53 3100 24 0
85 wait 118 86 3100
85 wait 54 86 3300
85 irecv 86 1100 200 0
85 irecv 84 1300 200 0
85 send 86 1300 1 0
85 send 84 1100 1 0
85 wait 87 86 1100
85 wait 85 86 1300
85 irecv 89 2100 200 0
85 irecv 81 2300 200 0
85 send 89 2300 4 0
85 send 81 2100 4 0
85 wait 90 86 2100
85 wait 82 86 2300
85 irecv 117 3100 200 0
85 irecv 53 3300 200 0
85 send 117 3300 12 0
85 send 53 3100 12 0
85 wait 118 86 3100
85 wait 54 86 3300
85 send 86 1300 12 0
85 send 84 1100 6 0
85 irecv 93 2100 200 0
85 irecv 77 2300 200 0
85 wait 94 86 2100
85 wait 78 86 2300
85 send 89 2300 24 0
85 send 81 2100 12 0
85 irecv 117 3100 200 0
85 irecv 53 3300 200 0
85 wait 118 86 3100
85 wait 54 86 3300
85 irecv 86 1100 200 0
85 irecv 84 1300 200 0
85 send 86 1300 1 0
85 send 84 1100 1 0
85 wait 87 86 1100
85 wait 85 86 1300
85 irecv 89 2100 200 0
85 irecv 81 2300 200 0
85 send 89 2300 4 0
85 send 81 2100 4 0
85 wait 90 86 2100
85 wait 82 86 2300
85 irecv 117 3100 200 0
85 irecv 53 3300 200 0
85 send 117 3300 12 0
85 send 53 3100 12 0
85 wait 118 86 3100
85 wait 54 86 3300
85 irecv 86 1100 200 0
85 irecv 84 1300 200 0
85 send 86 1300 1 0
85 send 84 1100 1 0
85 wait 87 86 1100
85 wait 85 86 1300
85 irecv 89 2100 200 0
85 irecv 81 2300 200 0
85 send 89 2300 4 0
85 send 81 2100 4 0
85 wait 90 86 2100
85 wait 82 86 2300
85 irecv 117 3100 200 0
85 irecv 53 3300 200 0
85 send 117 3300 12 0
85 send 53 3100 12 0
85 wait 118 86 3100
85 wait 54 86 3300
85 irecv 86 1100 200 0
85 irecv 84 1300 200 0
85 send 86 1300 4 0
85 send 84 1100 4 0
85 wait 87 86 1100
85 wait 85 86 1300
85 irecv 89 2100 200 0
85 irecv 81 2300 200 0
85 send 89 2300 12 0
85 send 81 2100 12 0
85 wait 90 86 2100
85 wait 82 86 2300
85 irecv 117 3100 200 0
85 irecv 53 3300 200 0
85 send 117 3300 24 0
85 send 53 3100 24 0
85 wait 118 86 3100
85 wait 54 86 3300
85 irecv 86 1100 200 0
85 irecv 84 1300 200 0
85 send 86 1300 4 0
85 send 84 1100 4 0
85 wait 87 86 1100
85 wait 85 86 1300
85 irecv 89 2100 200 0
85 irecv 81 2300 200 0
85 send 89 2300 12 0
85 send 81 2100 12 0
85 wait 90 86 2100
85 wait 82 86 2300
85 irecv 117 3100 200 0
85 irecv 53 3300 200 0
85 send 117 3300 24 0
85 send 53 3100 24 0
85 wait 118 86 3100
85 wait 54 86 3300
85 irecv 86 1100 200 0
85 irecv 84 1300 200 0
85 send 86 1300 16 0
85 send 84 1100 16 0
85 wait 87 86 1100
85 wait 85 86 1300
85 irecv 89 2100 200 0
85 irecv 81 2300 200 0
85 send 89 2300 40 0
85 send 81 2100 40 0
85 wait 90 86 2100
85 wait 82 86 2300
85 irecv 117 3100 200 0
85 irecv 53 3300 200 0
85 send 117 3300 60 0
85 send 53 3100 60 0
85 wait 118 86 3100
85 wait 54 86 3300
85 irecv 86 1100 200 0
85 irecv 84 1300 200 0
85 send 86 1300 16 0
85 send 84 1100 16 0
85 wait 87 86 1100
85 wait 85 86 1300
85 irecv 89 2100 200 0
85 irecv 81 2300 200 0
85 send 89 2300 40 0
85 send 81 2100 40 0
85 wait 90 86 2100
85 wait 82 86 2300
85 irecv 117 3100 200 0
85 irecv 53 3300 200 0
85 send 117 3300 60 0
85 send 53 3100 60 0
85 wait 118 86 3100
85 wait 54 86 3300
85 irecv 86 1100 200 0
85 irecv 84 1300 200 0
85 send 86 1300 16 0
85 send 84 1100 16 0
85 wait 87 86 1100
85 wait 85 86 1300
85 irecv 89 2100 200 0
85 irecv 81 2300 200 0
85 send 89 2300 40 0
85 send 81 2100 40 0
85 wait 90 86 2100
85 wait 82 86 2300
85 irecv 117 3100 200 0
85 irecv 53 3300 200 0
85 send 117 3300 60 0
85 send 53 3100 60 0
85 wait 118 86 3100
85 wait 54 86 3300
85 irecv 86 1100 200 0
85 irecv 84 1300 200 0
85 send 86 1300 4 0
85 send 84 1100 4 0
85 wait 87 86 1100
85 wait 85 86 1300
85 irecv 89 2100 200 0
85 irecv 81 2300 200 0
85 send 89 2300 12 0
85 send 81 2100 12 0
85 wait 90 86 2100
85 wait 82 86 2300
85 irecv 117 3100 200 0
85 irecv 53 3300 200 0
85 send 117 3300 24 0
85 send 53 3100 24 0
85 wait 118 86 3100
85 wait 54 86 3300
85 irecv 86 1100 200 0
85 irecv 84 1300 200 0
85 send 86 1300 1 0
85 send 84 1100 1 0
85 wait 87 86 1100
85 wait 85 86 1300
85 irecv 89 2100 200 0
85 irecv 81 2300 200 0
85 send 89 2300 4 0
85 send 81 2100 4 0
85 wait 90 86 2100
85 wait 82 86 2300
85 irecv 117 3100 200 0
85 irecv 53 3300 200 0
85 send 117 3300 12 0
85 send 53 3100 12 0
85 wait 118 86 3100
85 wait 54 86 3300
85 send 86 1300 12 0
85 send 84 1100 6 0
85 irecv 93 2100 200 0
85 irecv 77 2300 200 0
85 wait 94 86 2100
85 wait 78 86 2300
85 send 89 2300 24 0
85 send 81 2100 12 0
85 irecv 117 3100 200 0
85 irecv 53 3300 200 0
85 wait 118 86 3100
85 wait 54 86 3300
85 irecv 86 1100 200 0
85 irecv 84 1300 200 0
85 send 86 1300 1 0
85 send 84 1100 1 0
85 wait 87 86 1100
85 wait 85 86 1300
85 irecv 89 2100 200 0
85 irecv 81 2300 200 0
85 send 89 2300 4 0
85 send 81 2100 4 0
85 wait 90 86 2100
85 wait 82 86 2300
85 irecv 117 3100 200 0
85 irecv 53 3300 200 0
85 send 117 3300 12 0
85 send 53 3100 12 0
85 wait 118 86 3100
85 wait 54 86 3300
85 irecv 86 1100 200 0
85 irecv 84 1300 200 0
85 send 86 1300 1 0
85 send 84 1100 1 0
85 wait 87 86 1100
85 wait 85 86 1300
85 irecv 89 2100 200 0
85 irecv 81 2300 200 0
85 send 89 2300 4 0
85 send 81 2100 4 0
85 wait 90 86 2100
85 wait 82 86 2300
85 irecv 117 3100 200 0
85 irecv 53 3300 200 0
85 send 117 3300 12 0
85 send 53 3100 12 0
85 wait 118 86 3100
85 wait 54 86 3300
85 irecv 86 1100 200 0
85 irecv 84 1300 200 0
85 send 86 1300 4 0
85 send 84 1100 4 0
85 wait 87 86 1100
85 wait 85 86 1300
85 irecv 89 2100 200 0
85 irecv 81 2300 200 0
85 send 89 2300 12 0
85 send 81 2100 12 0
85 wait 90 86 2100
85 wait 82 86 2300
85 irecv 117 3100 200 0
85 irecv 53 3300 200 0
85 send 117 3300 24 0
85 send 53 3100 24 0
85 wait 118 86 3100
85 wait 54 86 3300
85 irecv 86 1100 200 0
85 irecv 84 1300 200 0
85 send 86 1300 4 0
85 send 84 1100 4 0
85 wait 87 86 1100
85 wait 85 86 1300
85 irecv 89 2100 200 0
85 irecv 81 2300 200 0
85 send 89 2300 12 0
85 send 81 2100 12 0
85 wait 90 86 2100
85 wait 82 86 2300
85 irecv 117 3100 200 0
85 irecv 53 3300 200 0
85 send 117 3300 24 0
85 send 53 3100 24 0
85 wait 118 86 3100
85 wait 54 86 3300
85 irecv 86 1100 200 0
85 irecv 84 1300 200 0
85 send 86 1300 16 0
85 send 84 1100 16 0
85 wait 87 86 1100
85 wait 85 86 1300
85 irecv 89 2100 200 0
85 irecv 81 2300 200 0
85 send 89 2300 40 0
85 send 81 2100 40 0
85 wait 90 86 2100
85 wait 82 86 2300
85 irecv 117 3100 200 0
85 irecv 53 3300 200 0
85 send 117 3300 60 0
85 send 53 3100 60 0
85 wait 118 86 3100
85 wait 54 86 3300
85 irecv 86 1100 200 0
85 irecv 84 1300 200 0
85 send 86 1300 16 0
85 send 84 1100 16 0
85 wait 87 86 1100
85 wait 85 86 1300
85 irecv 89 2100 200 0
85 irecv 81 2300 200 0
85 send 89 2300 40 0
85 send 81 2100 40 0
85 wait 90 86 2100
85 wait 82 86 2300
85 irecv 117 3100 200 0
85 irecv 53 3300 200 0
85 send 117 3300 60 0
85 send 53 3100 60 0
85 wait 118 86 3100
85 wait 54 86 3300
85 irecv 86 1100 200 0
85 irecv 84 1300 200 0
85 send 86 1300 16 0
85 send 84 1100 16 0
85 wait 87 86 1100
85 wait 85 86 1300
85 irecv 89 2100 200 0
85 irecv 81 2300 200 0
85 send 89 2300 40 0
85 send 81 2100 40 0
85 wait 90 86 2100
85 wait 82 86 2300
85 irecv 117 3100 200 0
85 irecv 53 3300 200 0
85 send 117 3300 60 0
85 send 53 3100 60 0
85 wait 118 86 3100
85 wait 54 86 3300
85 irecv 86 1100 200 0
85 irecv 84 1300 200 0
85 send 86 1300 4 0
85 send 84 1100 4 0
85 wait 87 86 1100
85 wait 85 86 1300
85 irecv 89 2100 200 0
85 irecv 81 2300 200 0
85 send 89 2300 12 0
85 send 81 2100 12 0
85 wait 90 86 2100
85 wait 82 86 2300
85 irecv 117 3100 200 0
85 irecv 53 3300 200 0
85 send 117 3300 24 0
85 send 53 3100 24 0
85 wait 118 86 3100
85 wait 54 86 3300
85 irecv 86 1100 200 0
85 irecv 84 1300 200 0
85 send 86 1300 1 0
85 send 84 1100 1 0
85 wait 87 86 1100
85 wait 85 86 1300
85 irecv 89 2100 200 0
85 irecv 81 2300 200 0
85 send 89 2300 4 0
85 send 81 2100 4 0
85 wait 90 86 2100
85 wait 82 86 2300
85 irecv 117 3100 200 0
85 irecv 53 3300 200 0
85 send 117 3300 12 0
85 send 53 3100 12 0
85 wait 118 86 3100
85 wait 54 86 3300
85 send 86 1300 12 0
85 send 84 1100 6 0
85 irecv 93 2100 200 0
85 irecv 77 2300 200 0
85 wait 94 86 2100
85 wait 78 86 2300
85 send 89 2300 24 0
85 send 81 2100 12 0
85 irecv 117 3100 200 0
85 irecv 53 3300 200 0
85 wait 118 86 3100
85 wait 54 86 3300
85 irecv 86 1100 200 0
85 irecv 84 1300 200 0
85 send 86 1300 1 0
85 send 84 1100 1 0
85 wait 87 86 1100
85 wait 85 86 1300
85 irecv 89 2100 200 0
85 irecv 81 2300 200 0
85 send 89 2300 4 0
85 send 81 2100 4 0
85 wait 90 86 2100
85 wait 82 86 2300
85 irecv 117 3100 200 0
85 irecv 53 3300 200 0
85 send 117 3300 12 0
85 send 53 3100 12 0
85 wait 118 86 3100
85 wait 54 86 3300
85 irecv 86 1100 200 0
85 irecv 84 1300 200 0
85 send 86 1300 1 0
85 send 84 1100 1 0
85 wait 87 86 1100
85 wait 85 86 1300
85 irecv 89 2100 200 0
85 irecv 81 2300 200 0
85 send 89 2300 4 0
85 send 81 2100 4 0
85 wait 90 86 2100
85 wait 82 86 2300
85 irecv 117 3100 200 0
85 irecv 53 3300 200 0
85 send 117 3300 12 0
85 send 53 3100 12 0
85 wait 118 86 3100
85 wait 54 86 3300
85 irecv 86 1100 200 0
85 irecv 84 1300 200 0
85 send 86 1300 4 0
85 send 84 1100 4 0
85 wait 87 86 1100
85 wait 85 86 1300
85 irecv 89 2100 200 0
85 irecv 81 2300 200 0
85 send 89 2300 12 0
85 send 81 2100 12 0
85 wait 90 86 2100
85 wait 82 86 2300
85 irecv 117 3100 200 0
85 irecv 53 3300 200 0
85 send 117 3300 24 0
85 send 53 3100 24 0
85 wait 118 86 3100
85 wait 54 86 3300
85 irecv 86 1100 200 0
85 irecv 84 1300 200 0
85 send 86 1300 4 0
85 send 84 1100 4 0
85 wait 87 86 1100
85 wait 85 86 1300
85 irecv 89 2100 200 0
85 irecv 81 2300 200 0
85 send 89 2300 12 0
85 send 81 2100 12 0
85 wait 90 86 2100
85 wait 82 86 2300
85 irecv 117 3100 200 0
85 irecv 53 3300 200 0
85 send 117 3300 24 0
85 send 53 3100 24 0
85 wait 118 86 3100
85 wait 54 86 3300
85 irecv 86 1100 200 0
85 irecv 84 1300 200 0
85 send 86 1300 16 0
85 send 84 1100 16 0
85 wait 87 86 1100
85 wait 85 86 1300
85 irecv 89 2100 200 0
85 irecv 81 2300 200 0
85 send 89 2300 40 0
85 send 81 2100 40 0
85 wait 90 86 2100
85 wait 82 86 2300
85 irecv 117 3100 200 0
85 irecv 53 3300 200 0
85 send 117 3300 60 0
85 send 53 3100 60 0
85 wait 118 86 3100
85 wait 54 86 3300
85 irecv 86 1100 200 0
85 irecv 84 1300 200 0
85 send 86 1300 16 0
85 send 84 1100 16 0
85 wait 87 86 1100
85 wait 85 86 1300
85 irecv 89 2100 200 0
85 irecv 81 2300 200 0
85 send 89 2300 40 0
85 send 81 2100 40 0
85 wait 90 86 2100
85 wait 82 86 2300
85 irecv 117 3100 200 0
85 irecv 53 3300 200 0
85 send 117 3300 60 0
85 send 53 3100 60 0
85 wait 118 86 3100
85 wait 54 86 3300
85 irecv 86 1100 200 0
85 irecv 84 1300 200 0
85 send 86 1300 16 0
85 send 84 1100 16 0
85 wait 87 86 1100
85 wait 85 86 1300
85 irecv 89 2100 200 0
85 irecv 81 2300 200 0
85 send 89 2300 40 0
85 send 81 2100 40 0
85 wait 90 86 2100
85 wait 82 86 2300
85 irecv 117 3100 200 0
85 irecv 53 3300 200 0
85 send 117 3300 60 0
85 send 53 3100 60 0
85 wait 118 86 3100
85 wait 54 86 3300
85 allreduce 1 0 0 
85 allreduce 1 0 0 
85 reduce 1 0 0 0 
85 finalize
