249 init
249 barrier
249 bcast 1 0 1 
249 bcast 1 0 1 
249 bcast 1 0 1 
249 bcast 1 0 1 
249 bcast 1 0 1 
249 bcast 8 0 1 
249 bcast 1 0 16 
249 barrier
249 allreduce 1 0 0 
249 allreduce 4 0 1 
249 allreduce 1 0 0 
249 allreduce 4 0 1 
249 allreduce 1 0 0 
249 allreduce 4 0 1 
249 allreduce 1 0 0 
249 allreduce 4 0 1 
249 allreduce 1 0 0 
249 allreduce 4 0 1 
249 allreduce 1 0 0 
249 allreduce 4 0 1 
249 allreduce 1 0 0 
249 allreduce 4 0 1 
249 allreduce 1 0 0 
249 allreduce 4 0 1 
249 allreduce 1 0 0 
249 allreduce 4 0 1 
249 allreduce 1 0 0 
249 allreduce 4 0 1 
249 allreduce 1 0 0 
249 allreduce 4 0 1 
249 allreduce 1 0 0 
249 allreduce 4 0 1 
249 allreduce 1 0 0 
249 allreduce 4 0 1 
249 allreduce 1 0 0 
249 allreduce 4 0 1 
249 allreduce 1 0 0 
249 allreduce 4 0 1 
249 allreduce 1 0 0 
249 allreduce 4 0 1 
249 allreduce 1 0 0 
249 allreduce 4 0 1 
249 allreduce 1 0 0 
249 allreduce 4 0 1 
249 allreduce 1 0 0 
249 allreduce 4 0 1 
249 allreduce 1 0 0 
249 allreduce 4 0 1 
249 barrier
249 irecv 250 1100 200 0
249 irecv 248 1300 200 0
249 send 250 1300 16 0
249 send 248 1100 16 0
249 wait 251 250 1100
249 wait 249 250 1300
249 irecv 253 2100 200 0
249 irecv 245 2300 200 0
249 send 253 2300 40 0
249 send 245 2100 40 0
249 wait 254 250 2100
249 wait 246 250 2300
249 irecv 25 3100 200 0
249 irecv 217 3300 200 0
249 send 25 3300 60 0
249 send 217 3100 60 0
249 wait 26 250 3100
249 wait 218 250 3300
249 allreduce 1 0 0 
249 allreduce 1 0 0 
249 irecv 250 1100 200 0
249 irecv 248 1300 200 0
249 send 250 1300 16 0
249 send 248 1100 16 0
249 wait 251 250 1100
249 wait 249 250 1300
249 irecv 253 2100 200 0
249 irecv 245 2300 200 0
249 send 253 2300 40 0
249 send 245 2100 40 0
249 wait 254 250 2100
249 wait 246 250 2300
249 irecv 25 3100 200 0
249 irecv 217 3300 200 0
249 send 25 3300 60 0
249 send 217 3100 60 0
249 wait 26 250 3100
249 wait 218 250 3300
249 allreduce 1 0 0 
249 allreduce 1 0 0 
249 irecv 250 1100 200 0
249 irecv 248 1300 200 0
249 send 250 1300 4 0
249 send 248 1100 4 0
249 wait 251 250 1100
249 wait 249 250 1300
249 irecv 253 2100 200 0
249 irecv 245 2300 200 0
249 send 253 2300 12 0
249 send 245 2100 12 0
249 wait 254 250 2100
249 wait 246 250 2300
249 irecv 25 3100 200 0
249 irecv 217 3300 200 0
249 send 25 3300 24 0
249 send 217 3100 24 0
249 wait 26 250 3100
249 wait 218 250 3300
249 irecv 250 1100 200 0
249 irecv 248 1300 200 0
249 send 250 1300 1 0
249 send 248 1100 1 0
249 wait 251 250 1100
249 wait 249 250 1300
249 irecv 253 2100 200 0
249 irecv 245 2300 200 0
249 send 253 2300 4 0
249 send 245 2100 4 0
249 wait 254 250 2100
249 wait 246 250 2300
249 irecv 25 3100 200 0
249 irecv 217 3300 200 0
249 send 25 3300 12 0
249 send 217 3100 12 0
249 wait 26 250 3100
249 wait 218 250 3300
249 send 250 1300 12 0
249 send 248 1100 6 0
249 send 57 3300 12 0
249 send 185 3100 6 0
249 irecv 253 2100 200 0
249 irecv 245 2300 200 0
249 wait 254 250 2100
249 wait 246 250 2300
249 send 25 3300 24 0
249 send 217 3100 12 0
249 irecv 250 1100 200 0
249 irecv 248 1300 200 0
249 send 250 1300 1 0
249 send 248 1100 1 0
249 wait 251 250 1100
249 wait 249 250 1300
249 irecv 253 2100 200 0
249 irecv 245 2300 200 0
249 send 253 2300 4 0
249 send 245 2100 4 0
249 wait 254 250 2100
249 wait 246 250 2300
249 irecv 25 3100 200 0
249 irecv 217 3300 200 0
249 send 25 3300 12 0
249 send 217 3100 12 0
249 wait 26 250 3100
249 wait 218 250 3300
249 irecv 250 1100 200 0
249 irecv 248 1300 200 0
249 send 250 1300 1 0
249 send 248 1100 1 0
249 wait 251 250 1100
249 wait 249 250 1300
249 irecv 253 2100 200 0
249 irecv 245 2300 200 0
249 send 253 2300 4 0
249 send 245 2100 4 0
249 wait 254 250 2100
249 wait 246 250 2300
249 irecv 25 3100 200 0
249 irecv 217 3300 200 0
249 send 25 3300 12 0
249 send 217 3100 12 0
249 wait 26 250 3100
249 wait 218 250 3300
249 irecv 250 1100 200 0
249 irecv 248 1300 200 0
249 send 250 1300 4 0
249 send 248 1100 4 0
249 wait 251 250 1100
249 wait 249 250 1300
249 irecv 253 2100 200 0
249 irecv 245 2300 200 0
249 send 253 2300 12 0
249 send 245 2100 12 0
249 wait 254 250 2100
249 wait 246 250 2300
249 irecv 25 3100 200 0
249 irecv 217 3300 200 0
249 send 25 3300 24 0
249 send 217 3100 24 0
249 wait 26 250 3100
249 wait 218 250 3300
249 irecv 250 1100 200 0
249 irecv 248 1300 200 0
249 send 250 1300 4 0
249 send 248 1100 4 0
249 wait 251 250 1100
249 wait 249 250 1300
249 irecv 253 2100 200 0
249 irecv 245 2300 200 0
249 send 253 2300 12 0
249 send 245 2100 12 0
249 wait 254 250 2100
249 wait 246 250 2300
249 irecv 25 3100 200 0
249 irecv 217 3300 200 0
249 send 25 3300 24 0
249 send 217 3100 24 0
249 wait 26 250 3100
249 wait 218 250 3300
249 irecv 250 1100 200 0
249 irecv 248 1300 200 0
249 send 250 1300 16 0
249 send 248 1100 16 0
249 wait 251 250 1100
249 wait 249 250 1300
249 irecv 253 2100 200 0
249 irecv 245 2300 200 0
249 send 253 2300 40 0
249 send 245 2100 40 0
249 wait 254 250 2100
249 wait 246 250 2300
249 irecv 25 3100 200 0
249 irecv 217 3300 200 0
249 send 25 3300 60 0
249 send 217 3100 60 0
249 wait 26 250 3100
249 wait 218 250 3300
249 irecv 250 1100 200 0
249 irecv 248 1300 200 0
249 send 250 1300 16 0
249 send 248 1100 16 0
249 wait 251 250 1100
249 wait 249 250 1300
249 irecv 253 2100 200 0
249 irecv 245 2300 200 0
249 send 253 2300 40 0
249 send 245 2100 40 0
249 wait 254 250 2100
249 wait 246 250 2300
249 irecv 25 3100 200 0
249 irecv 217 3300 200 0
249 send 25 3300 60 0
249 send 217 3100 60 0
249 wait 26 250 3100
249 wait 218 250 3300
249 irecv 250 1100 200 0
249 irecv 248 1300 200 0
249 send 250 1300 16 0
249 send 248 1100 16 0
249 wait 251 250 1100
249 wait 249 250 1300
249 irecv 253 2100 200 0
249 irecv 245 2300 200 0
249 send 253 2300 40 0
249 send 245 2100 40 0
249 wait 254 250 2100
249 wait 246 250 2300
249 irecv 25 3100 200 0
249 irecv 217 3300 200 0
249 send 25 3300 60 0
249 send 217 3100 60 0
249 wait 26 250 3100
249 wait 218 250 3300
249 barrier
249 allreduce 1 0 0 
249 allreduce 4 0 1 
249 allreduce 1 0 0 
249 allreduce 4 0 1 
249 allreduce 1 0 0 
249 allreduce 4 0 1 
249 allreduce 1 0 0 
249 allreduce 4 0 1 
249 allreduce 1 0 0 
249 allreduce 4 0 1 
249 allreduce 1 0 0 
249 allreduce 4 0 1 
249 allreduce 1 0 0 
249 allreduce 4 0 1 
249 allreduce 1 0 0 
249 allreduce 4 0 1 
249 allreduce 1 0 0 
249 allreduce 4 0 1 
249 allreduce 1 0 0 
249 allreduce 4 0 1 
249 allreduce 1 0 0 
249 allreduce 4 0 1 
249 allreduce 1 0 0 
249 allreduce 4 0 1 
249 allreduce 1 0 0 
249 allreduce 4 0 1 
249 allreduce 1 0 0 
249 allreduce 4 0 1 
249 allreduce 1 0 0 
249 allreduce 4 0 1 
249 allreduce 1 0 0 
249 allreduce 4 0 1 
249 allreduce 1 0 0 
249 allreduce 4 0 1 
249 allreduce 1 0 0 
249 allreduce 4 0 1 
249 allreduce 1 0 0 
249 allreduce 4 0 1 
249 allreduce 1 0 0 
249 allreduce 4 0 1 
249 barrier
249 irecv 250 1100 200 0
249 irecv 248 1300 200 0
249 send 250 1300 16 0
249 send 248 1100 16 0
249 wait 251 250 1100
249 wait 249 250 1300
249 irecv 253 2100 200 0
249 irecv 245 2300 200 0
249 send 253 2300 40 0
249 send 245 2100 40 0
249 wait 254 250 2100
249 wait 246 250 2300
249 irecv 25 3100 200 0
249 irecv 217 3300 200 0
249 send 25 3300 60 0
249 send 217 3100 60 0
249 wait 26 250 3100
249 wait 218 250 3300
249 barrier
249 irecv 250 1100 200 0
249 irecv 248 1300 200 0
249 send 250 1300 16 0
249 send 248 1100 16 0
249 wait 251 250 1100
249 wait 249 250 1300
249 irecv 253 2100 200 0
249 irecv 245 2300 200 0
249 send 253 2300 40 0
249 send 245 2100 40 0
249 wait 254 250 2100
249 wait 246 250 2300
249 irecv 25 3100 200 0
249 irecv 217 3300 200 0
249 send 25 3300 60 0
249 send 217 3100 60 0
249 wait 26 250 3100
249 wait 218 250 3300
249 allreduce 1 0 0 
249 allreduce 1 0 0 
249 irecv 250 1100 200 0
249 irecv 248 1300 200 0
249 send 250 1300 4 0
249 send 248 1100 4 0
249 wait 251 250 1100
249 wait 249 250 1300
249 irecv 253 2100 200 0
249 irecv 245 2300 200 0
249 send 253 2300 12 0
249 send 245 2100 12 0
249 wait 254 250 2100
249 wait 246 250 2300
249 irecv 25 3100 200 0
249 irecv 217 3300 200 0
249 send 25 3300 24 0
249 send 217 3100 24 0
249 wait 26 250 3100
249 wait 218 250 3300
249 irecv 250 1100 200 0
249 irecv 248 1300 200 0
249 send 250 1300 1 0
249 send 248 1100 1 0
249 wait 251 250 1100
249 wait 249 250 1300
249 irecv 253 2100 200 0
249 irecv 245 2300 200 0
249 send 253 2300 4 0
249 send 245 2100 4 0
249 wait 254 250 2100
249 wait 246 250 2300
249 irecv 25 3100 200 0
249 irecv 217 3300 200 0
249 send 25 3300 12 0
249 send 217 3100 12 0
249 wait 26 250 3100
249 wait 218 250 3300
249 send 250 1300 12 0
249 send 248 1100 6 0
249 send 57 3300 12 0
249 send 185 3100 6 0
249 irecv 253 2100 200 0
249 irecv 245 2300 200 0
249 wait 254 250 2100
249 wait 246 250 2300
249 send 25 3300 24 0
249 send 217 3100 12 0
249 irecv 250 1100 200 0
249 irecv 248 1300 200 0
249 send 250 1300 1 0
249 send 248 1100 1 0
249 wait 251 250 1100
249 wait 249 250 1300
249 irecv 253 2100 200 0
249 irecv 245 2300 200 0
249 send 253 2300 4 0
249 send 245 2100 4 0
249 wait 254 250 2100
249 wait 246 250 2300
249 irecv 25 3100 200 0
249 irecv 217 3300 200 0
249 send 25 3300 12 0
249 send 217 3100 12 0
249 wait 26 250 3100
249 wait 218 250 3300
249 irecv 250 1100 200 0
249 irecv 248 1300 200 0
249 send 250 1300 1 0
249 send 248 1100 1 0
249 wait 251 250 1100
249 wait 249 250 1300
249 irecv 253 2100 200 0
249 irecv 245 2300 200 0
249 send 253 2300 4 0
249 send 245 2100 4 0
249 wait 254 250 2100
249 wait 246 250 2300
249 irecv 25 3100 200 0
249 irecv 217 3300 200 0
249 send 25 3300 12 0
249 send 217 3100 12 0
249 wait 26 250 3100
249 wait 218 250 3300
249 irecv 250 1100 200 0
249 irecv 248 1300 200 0
249 send 250 1300 4 0
249 send 248 1100 4 0
249 wait 251 250 1100
249 wait 249 250 1300
249 irecv 253 2100 200 0
249 irecv 245 2300 200 0
249 send 253 2300 12 0
249 send 245 2100 12 0
249 wait 254 250 2100
249 wait 246 250 2300
249 irecv 25 3100 200 0
249 irecv 217 3300 200 0
249 send 25 3300 24 0
249 send 217 3100 24 0
249 wait 26 250 3100
249 wait 218 250 3300
249 irecv 250 1100 200 0
249 irecv 248 1300 200 0
249 send 250 1300 4 0
249 send 248 1100 4 0
249 wait 251 250 1100
249 wait 249 250 1300
249 irecv 253 2100 200 0
249 irecv 245 2300 200 0
249 send 253 2300 12 0
249 send 245 2100 12 0
249 wait 254 250 2100
249 wait 246 250 2300
249 irecv 25 3100 200 0
249 irecv 217 3300 200 0
249 send 25 3300 24 0
249 send 217 3100 24 0
249 wait 26 250 3100
249 wait 218 250 3300
249 irecv 250 1100 200 0
249 irecv 248 1300 200 0
249 send 250 1300 16 0
249 send 248 1100 16 0
249 wait 251 250 1100
249 wait 249 250 1300
249 irecv 253 2100 200 0
249 irecv 245 2300 200 0
249 send 253 2300 40 0
249 send 245 2100 40 0
249 wait 254 250 2100
249 wait 246 250 2300
249 irecv 25 3100 200 0
249 irecv 217 3300 200 0
249 send 25 3300 60 0
249 send 217 3100 60 0
249 wait 26 250 3100
249 wait 218 250 3300
249 irecv 250 1100 200 0
249 irecv 248 1300 200 0
249 send 250 1300 16 0
249 send 248 1100 16 0
249 wait 251 250 1100
249 wait 249 250 1300
249 irecv 253 2100 200 0
249 irecv 245 2300 200 0
249 send 253 2300 40 0
249 send 245 2100 40 0
249 wait 254 250 2100
249 wait 246 250 2300
249 irecv 25 3100 200 0
249 irecv 217 3300 200 0
249 send 25 3300 60 0
249 send 217 3100 60 0
249 wait 26 250 3100
249 wait 218 250 3300
249 irecv 250 1100 200 0
249 irecv 248 1300 200 0
249 send 250 1300 16 0
249 send 248 1100 16 0
249 wait 251 250 1100
249 wait 249 250 1300
249 irecv 253 2100 200 0
249 irecv 245 2300 200 0
249 send 253 2300 40 0
249 send 245 2100 40 0
249 wait 254 250 2100
249 wait 246 250 2300
249 irecv 25 3100 200 0
249 irecv 217 3300 200 0
249 send 25 3300 60 0
249 send 217 3100 60 0
249 wait 26 250 3100
249 wait 218 250 3300
249 irecv 250 1100 200 0
249 irecv 248 1300 200 0
249 send 250 1300 4 0
249 send 248 1100 4 0
249 wait 251 250 1100
249 wait 249 250 1300
249 irecv 253 2100 200 0
249 irecv 245 2300 200 0
249 send 253 2300 12 0
249 send 245 2100 12 0
249 wait 254 250 2100
249 wait 246 250 2300
249 irecv 25 3100 200 0
249 irecv 217 3300 200 0
249 send 25 3300 24 0
249 send 217 3100 24 0
249 wait 26 250 3100
249 wait 218 250 3300
249 irecv 250 1100 200 0
249 irecv 248 1300 200 0
249 send 250 1300 1 0
249 send 248 1100 1 0
249 wait 251 250 1100
249 wait 249 250 1300
249 irecv 253 2100 200 0
249 irecv 245 2300 200 0
249 send 253 2300 4 0
249 send 245 2100 4 0
249 wait 254 250 2100
249 wait 246 250 2300
249 irecv 25 3100 200 0
249 irecv 217 3300 200 0
249 send 25 3300 12 0
249 send 217 3100 12 0
249 wait 26 250 3100
249 wait 218 250 3300
249 send 250 1300 12 0
249 send 248 1100 6 0
249 send 57 3300 12 0
249 send 185 3100 6 0
249 irecv 253 2100 200 0
249 irecv 245 2300 200 0
249 wait 254 250 2100
249 wait 246 250 2300
249 send 25 3300 24 0
249 send 217 3100 12 0
249 irecv 250 1100 200 0
249 irecv 248 1300 200 0
249 send 250 1300 1 0
249 send 248 1100 1 0
249 wait 251 250 1100
249 wait 249 250 1300
249 irecv 253 2100 200 0
249 irecv 245 2300 200 0
249 send 253 2300 4 0
249 send 245 2100 4 0
249 wait 254 250 2100
249 wait 246 250 2300
249 irecv 25 3100 200 0
249 irecv 217 3300 200 0
249 send 25 3300 12 0
249 send 217 3100 12 0
249 wait 26 250 3100
249 wait 218 250 3300
249 irecv 250 1100 200 0
249 irecv 248 1300 200 0
249 send 250 1300 1 0
249 send 248 1100 1 0
249 wait 251 250 1100
249 wait 249 250 1300
249 irecv 253 2100 200 0
249 irecv 245 2300 200 0
249 send 253 2300 4 0
249 send 245 2100 4 0
249 wait 254 250 2100
249 wait 246 250 2300
249 irecv 25 3100 200 0
249 irecv 217 3300 200 0
249 send 25 3300 12 0
249 send 217 3100 12 0
249 wait 26 250 3100
249 wait 218 250 3300
249 irecv 250 1100 200 0
249 irecv 248 1300 200 0
249 send 250 1300 4 0
249 send 248 1100 4 0
249 wait 251 250 1100
249 wait 249 250 1300
249 irecv 253 2100 200 0
249 irecv 245 2300 200 0
249 send 253 2300 12 0
249 send 245 2100 12 0
249 wait 254 250 2100
249 wait 246 250 2300
249 irecv 25 3100 200 0
249 irecv 217 3300 200 0
249 send 25 3300 24 0
249 send 217 3100 24 0
249 wait 26 250 3100
249 wait 218 250 3300
249 irecv 250 1100 200 0
249 irecv 248 1300 200 0
249 send 250 1300 4 0
249 send 248 1100 4 0
249 wait 251 250 1100
249 wait 249 250 1300
249 irecv 253 2100 200 0
249 irecv 245 2300 200 0
249 send 253 2300 12 0
249 send 245 2100 12 0
249 wait 254 250 2100
249 wait 246 250 2300
249 irecv 25 3100 200 0
249 irecv 217 3300 200 0
249 send 25 3300 24 0
249 send 217 3100 24 0
249 wait 26 250 3100
249 wait 218 250 3300
249 irecv 250 1100 200 0
249 irecv 248 1300 200 0
249 send 250 1300 16 0
249 send 248 1100 16 0
249 wait 251 250 1100
249 wait 249 250 1300
249 irecv 253 2100 200 0
249 irecv 245 2300 200 0
249 send 253 2300 40 0
249 send 245 2100 40 0
249 wait 254 250 2100
249 wait 246 250 2300
249 irecv 25 3100 200 0
249 irecv 217 3300 200 0
249 send 25 3300 60 0
249 send 217 3100 60 0
249 wait 26 250 3100
249 wait 218 250 3300
249 irecv 250 1100 200 0
249 irecv 248 1300 200 0
249 send 250 1300 16 0
249 send 248 1100 16 0
249 wait 251 250 1100
249 wait 249 250 1300
249 irecv 253 2100 200 0
249 irecv 245 2300 200 0
249 send 253 2300 40 0
249 send 245 2100 40 0
249 wait 254 250 2100
249 wait 246 250 2300
249 irecv 25 3100 200 0
249 irecv 217 3300 200 0
249 send 25 3300 60 0
249 send 217 3100 60 0
249 wait 26 250 3100
249 wait 218 250 3300
249 irecv 250 1100 200 0
249 irecv 248 1300 200 0
249 send 250 1300 16 0
249 send 248 1100 16 0
249 wait 251 250 1100
249 wait 249 250 1300
249 irecv 253 2100 200 0
249 irecv 245 2300 200 0
249 send 253 2300 40 0
249 send 245 2100 40 0
249 wait 254 250 2100
249 wait 246 250 2300
249 irecv 25 3100 200 0
249 irecv 217 3300 200 0
249 send 25 3300 60 0
249 send 217 3100 60 0
249 wait 26 250 3100
249 wait 218 250 3300
249 irecv 250 1100 200 0
249 irecv 248 1300 200 0
249 send 250 1300 4 0
249 send 248 1100 4 0
249 wait 251 250 1100
249 wait 249 250 1300
249 irecv 253 2100 200 0
249 irecv 245 2300 200 0
249 send 253 2300 12 0
249 send 245 2100 12 0
249 wait 254 250 2100
249 wait 246 250 2300
249 irecv 25 3100 200 0
249 irecv 217 3300 200 0
249 send 25 3300 24 0
249 send 217 3100 24 0
249 wait 26 250 3100
249 wait 218 250 3300
249 irecv 250 1100 200 0
249 irecv 248 1300 200 0
249 send 250 1300 1 0
249 send 248 1100 1 0
249 wait 251 250 1100
249 wait 249 250 1300
249 irecv 253 2100 200 0
249 irecv 245 2300 200 0
249 send 253 2300 4 0
249 send 245 2100 4 0
249 wait 254 250 2100
249 wait 246 250 2300
249 irecv 25 3100 200 0
249 irecv 217 3300 200 0
249 send 25 3300 12 0
249 send 217 3100 12 0
249 wait 26 250 3100
249 wait 218 250 3300
249 send 250 1300 12 0
249 send 248 1100 6 0
249 send 57 3300 12 0
249 send 185 3100 6 0
249 irecv 253 2100 200 0
249 irecv 245 2300 200 0
249 wait 254 250 2100
249 wait 246 250 2300
249 send 25 3300 24 0
249 send 217 3100 12 0
249 irecv 250 1100 200 0
249 irecv 248 1300 200 0
249 send 250 1300 1 0
249 send 248 1100 1 0
249 wait 251 250 1100
249 wait 249 250 1300
249 irecv 253 2100 200 0
249 irecv 245 2300 200 0
249 send 253 2300 4 0
249 send 245 2100 4 0
249 wait 254 250 2100
249 wait 246 250 2300
249 irecv 25 3100 200 0
249 irecv 217 3300 200 0
249 send 25 3300 12 0
249 send 217 3100 12 0
249 wait 26 250 3100
249 wait 218 250 3300
249 irecv 250 1100 200 0
249 irecv 248 1300 200 0
249 send 250 1300 1 0
249 send 248 1100 1 0
249 wait 251 250 1100
249 wait 249 250 1300
249 irecv 253 2100 200 0
249 irecv 245 2300 200 0
249 send 253 2300 4 0
249 send 245 2100 4 0
249 wait 254 250 2100
249 wait 246 250 2300
249 irecv 25 3100 200 0
249 irecv 217 3300 200 0
249 send 25 3300 12 0
249 send 217 3100 12 0
249 wait 26 250 3100
249 wait 218 250 3300
249 irecv 250 1100 200 0
249 irecv 248 1300 200 0
249 send 250 1300 4 0
249 send 248 1100 4 0
249 wait 251 250 1100
249 wait 249 250 1300
249 irecv 253 2100 200 0
249 irecv 245 2300 200 0
249 send 253 2300 12 0
249 send 245 2100 12 0
249 wait 254 250 2100
249 wait 246 250 2300
249 irecv 25 3100 200 0
249 irecv 217 3300 200 0
249 send 25 3300 24 0
249 send 217 3100 24 0
249 wait 26 250 3100
249 wait 218 250 3300
249 irecv 250 1100 200 0
249 irecv 248 1300 200 0
249 send 250 1300 4 0
249 send 248 1100 4 0
249 wait 251 250 1100
249 wait 249 250 1300
249 irecv 253 2100 200 0
249 irecv 245 2300 200 0
249 send 253 2300 12 0
249 send 245 2100 12 0
249 wait 254 250 2100
249 wait 246 250 2300
249 irecv 25 3100 200 0
249 irecv 217 3300 200 0
249 send 25 3300 24 0
249 send 217 3100 24 0
249 wait 26 250 3100
249 wait 218 250 3300
249 irecv 250 1100 200 0
249 irecv 248 1300 200 0
249 send 250 1300 16 0
249 send 248 1100 16 0
249 wait 251 250 1100
249 wait 249 250 1300
249 irecv 253 2100 200 0
249 irecv 245 2300 200 0
249 send 253 2300 40 0
249 send 245 2100 40 0
249 wait 254 250 2100
249 wait 246 250 2300
249 irecv 25 3100 200 0
249 irecv 217 3300 200 0
249 send 25 3300 60 0
249 send 217 3100 60 0
249 wait 26 250 3100
249 wait 218 250 3300
249 irecv 250 1100 200 0
249 irecv 248 1300 200 0
249 send 250 1300 16 0
249 send 248 1100 16 0
249 wait 251 250 1100
249 wait 249 250 1300
249 irecv 253 2100 200 0
249 irecv 245 2300 200 0
249 send 253 2300 40 0
249 send 245 2100 40 0
249 wait 254 250 2100
249 wait 246 250 2300
249 irecv 25 3100 200 0
249 irecv 217 3300 200 0
249 send 25 3300 60 0
249 send 217 3100 60 0
249 wait 26 250 3100
249 wait 218 250 3300
249 irecv 250 1100 200 0
249 irecv 248 1300 200 0
249 send 250 1300 16 0
249 send 248 1100 16 0
249 wait 251 250 1100
249 wait 249 250 1300
249 irecv 253 2100 200 0
249 irecv 245 2300 200 0
249 send 253 2300 40 0
249 send 245 2100 40 0
249 wait 254 250 2100
249 wait 246 250 2300
249 irecv 25 3100 200 0
249 irecv 217 3300 200 0
249 send 25 3300 60 0
249 send 217 3100 60 0
249 wait 26 250 3100
249 wait 218 250 3300
249 irecv 250 1100 200 0
249 irecv 248 1300 200 0
249 send 250 1300 4 0
249 send 248 1100 4 0
249 wait 251 250 1100
249 wait 249 250 1300
249 irecv 253 2100 200 0
249 irecv 245 2300 200 0
249 send 253 2300 12 0
249 send 245 2100 12 0
249 wait 254 250 2100
249 wait 246 250 2300
249 irecv 25 3100 200 0
249 irecv 217 3300 200 0
249 send 25 3300 24 0
249 send 217 3100 24 0
249 wait 26 250 3100
249 wait 218 250 3300
249 irecv 250 1100 200 0
249 irecv 248 1300 200 0
249 send 250 1300 1 0
249 send 248 1100 1 0
249 wait 251 250 1100
249 wait 249 250 1300
249 irecv 253 2100 200 0
249 irecv 245 2300 200 0
249 send 253 2300 4 0
249 send 245 2100 4 0
249 wait 254 250 2100
249 wait 246 250 2300
249 irecv 25 3100 200 0
249 irecv 217 3300 200 0
249 send 25 3300 12 0
249 send 217 3100 12 0
249 wait 26 250 3100
249 wait 218 250 3300
249 send 250 1300 12 0
249 send 248 1100 6 0
249 send 57 3300 12 0
249 send 185 3100 6 0
249 irecv 253 2100 200 0
249 irecv 245 2300 200 0
249 wait 254 250 2100
249 wait 246 250 2300
249 send 25 3300 24 0
249 send 217 3100 12 0
249 irecv 250 1100 200 0
249 irecv 248 1300 200 0
249 send 250 1300 1 0
249 send 248 1100 1 0
249 wait 251 250 1100
249 wait 249 250 1300
249 irecv 253 2100 200 0
249 irecv 245 2300 200 0
249 send 253 2300 4 0
249 send 245 2100 4 0
249 wait 254 250 2100
249 wait 246 250 2300
249 irecv 25 3100 200 0
249 irecv 217 3300 200 0
249 send 25 3300 12 0
249 send 217 3100 12 0
249 wait 26 250 3100
249 wait 218 250 3300
249 irecv 250 1100 200 0
249 irecv 248 1300 200 0
249 send 250 1300 1 0
249 send 248 1100 1 0
249 wait 251 250 1100
249 wait 249 250 1300
249 irecv 253 2100 200 0
249 irecv 245 2300 200 0
249 send 253 2300 4 0
249 send 245 2100 4 0
249 wait 254 250 2100
249 wait 246 250 2300
249 irecv 25 3100 200 0
249 irecv 217 3300 200 0
249 send 25 3300 12 0
249 send 217 3100 12 0
249 wait 26 250 3100
249 wait 218 250 3300
249 irecv 250 1100 200 0
249 irecv 248 1300 200 0
249 send 250 1300 4 0
249 send 248 1100 4 0
249 wait 251 250 1100
249 wait 249 250 1300
249 irecv 253 2100 200 0
249 irecv 245 2300 200 0
249 send 253 2300 12 0
249 send 245 2100 12 0
249 wait 254 250 2100
249 wait 246 250 2300
249 irecv 25 3100 200 0
249 irecv 217 3300 200 0
249 send 25 3300 24 0
249 send 217 3100 24 0
249 wait 26 250 3100
249 wait 218 250 3300
249 irecv 250 1100 200 0
249 irecv 248 1300 200 0
249 send 250 1300 4 0
249 send 248 1100 4 0
249 wait 251 250 1100
249 wait 249 250 1300
249 irecv 253 2100 200 0
249 irecv 245 2300 200 0
249 send 253 2300 12 0
249 send 245 2100 12 0
249 wait 254 250 2100
249 wait 246 250 2300
249 irecv 25 3100 200 0
249 irecv 217 3300 200 0
249 send 25 3300 24 0
249 send 217 3100 24 0
249 wait 26 250 3100
249 wait 218 250 3300
249 irecv 250 1100 200 0
249 irecv 248 1300 200 0
249 send 250 1300 16 0
249 send 248 1100 16 0
249 wait 251 250 1100
249 wait 249 250 1300
249 irecv 253 2100 200 0
249 irecv 245 2300 200 0
249 send 253 2300 40 0
249 send 245 2100 40 0
249 wait 254 250 2100
249 wait 246 250 2300
249 irecv 25 3100 200 0
249 irecv 217 3300 200 0
249 send 25 3300 60 0
249 send 217 3100 60 0
249 wait 26 250 3100
249 wait 218 250 3300
249 irecv 250 1100 200 0
249 irecv 248 1300 200 0
249 send 250 1300 16 0
249 send 248 1100 16 0
249 wait 251 250 1100
249 wait 249 250 1300
249 irecv 253 2100 200 0
249 irecv 245 2300 200 0
249 send 253 2300 40 0
249 send 245 2100 40 0
249 wait 254 250 2100
249 wait 246 250 2300
249 irecv 25 3100 200 0
249 irecv 217 3300 200 0
249 send 25 3300 60 0
249 send 217 3100 60 0
249 wait 26 250 3100
249 wait 218 250 3300
249 irecv 250 1100 200 0
249 irecv 248 1300 200 0
249 send 250 1300 16 0
249 send 248 1100 16 0
249 wait 251 250 1100
249 wait 249 250 1300
249 irecv 253 2100 200 0
249 irecv 245 2300 200 0
249 send 253 2300 40 0
249 send 245 2100 40 0
249 wait 254 250 2100
249 wait 246 250 2300
249 irecv 25 3100 200 0
249 irecv 217 3300 200 0
249 send 25 3300 60 0
249 send 217 3100 60 0
249 wait 26 250 3100
249 wait 218 250 3300
249 allreduce 1 0 0 
249 allreduce 1 0 0 
249 reduce 1 0 0 0 
249 finalize
