209 init
209 barrier
209 bcast 1 0 1 
209 bcast 1 0 1 
209 bcast 1 0 1 
209 bcast 1 0 1 
209 bcast 1 0 1 
209 bcast 8 0 1 
209 bcast 1 0 16 
209 barrier
209 allreduce 1 0 0 
209 allreduce 4 0 1 
209 allreduce 1 0 0 
209 allreduce 4 0 1 
209 allreduce 1 0 0 
209 allreduce 4 0 1 
209 allreduce 1 0 0 
209 allreduce 4 0 1 
209 allreduce 1 0 0 
209 allreduce 4 0 1 
209 allreduce 1 0 0 
209 allreduce 4 0 1 
209 allreduce 1 0 0 
209 allreduce 4 0 1 
209 allreduce 1 0 0 
209 allreduce 4 0 1 
209 allreduce 1 0 0 
209 allreduce 4 0 1 
209 allreduce 1 0 0 
209 allreduce 4 0 1 
209 allreduce 1 0 0 
209 allreduce 4 0 1 
209 allreduce 1 0 0 
209 allreduce 4 0 1 
209 allreduce 1 0 0 
209 allreduce 4 0 1 
209 allreduce 1 0 0 
209 allreduce 4 0 1 
209 allreduce 1 0 0 
209 allreduce 4 0 1 
209 allreduce 1 0 0 
209 allreduce 4 0 1 
209 allreduce 1 0 0 
209 allreduce 4 0 1 
209 allreduce 1 0 0 
209 allreduce 4 0 1 
209 allreduce 1 0 0 
209 allreduce 4 0 1 
209 allreduce 1 0 0 
209 allreduce 4 0 1 
209 barrier
209 irecv 210 1100 200 0
209 irecv 208 1300 200 0
209 send 210 1300 16 0
209 send 208 1100 16 0
209 wait 211 210 1100
209 wait 209 210 1300
209 irecv 213 2100 200 0
209 irecv 205 2300 200 0
209 send 213 2300 40 0
209 send 205 2100 40 0
209 wait 214 210 2100
209 wait 206 210 2300
209 irecv 241 3100 200 0
209 irecv 177 3300 200 0
209 send 241 3300 60 0
209 send 177 3100 60 0
209 wait 242 210 3100
209 wait 178 210 3300
209 allreduce 1 0 0 
209 allreduce 1 0 0 
209 irecv 210 1100 200 0
209 irecv 208 1300 200 0
209 send 210 1300 16 0
209 send 208 1100 16 0
209 wait 211 210 1100
209 wait 209 210 1300
209 irecv 213 2100 200 0
209 irecv 205 2300 200 0
209 send 213 2300 40 0
209 send 205 2100 40 0
209 wait 214 210 2100
209 wait 206 210 2300
209 irecv 241 3100 200 0
209 irecv 177 3300 200 0
209 send 241 3300 60 0
209 send 177 3100 60 0
209 wait 242 210 3100
209 wait 178 210 3300
209 allreduce 1 0 0 
209 allreduce 1 0 0 
209 irecv 210 1100 200 0
209 irecv 208 1300 200 0
209 send 210 1300 4 0
209 send 208 1100 4 0
209 wait 211 210 1100
209 wait 209 210 1300
209 irecv 213 2100 200 0
209 irecv 205 2300 200 0
209 send 213 2300 12 0
209 send 205 2100 12 0
209 wait 214 210 2100
209 wait 206 210 2300
209 irecv 241 3100 200 0
209 irecv 177 3300 200 0
209 send 241 3300 24 0
209 send 177 3100 24 0
209 wait 242 210 3100
209 wait 178 210 3300
209 irecv 210 1100 200 0
209 irecv 208 1300 200 0
209 send 210 1300 1 0
209 send 208 1100 1 0
209 wait 211 210 1100
209 wait 209 210 1300
209 irecv 213 2100 200 0
209 irecv 205 2300 200 0
209 send 213 2300 4 0
209 send 205 2100 4 0
209 wait 214 210 2100
209 wait 206 210 2300
209 irecv 241 3100 200 0
209 irecv 177 3300 200 0
209 send 241 3300 12 0
209 send 177 3100 12 0
209 wait 242 210 3100
209 wait 178 210 3300
209 send 210 1300 8 0
209 send 208 1100 4 0
209 irecv 213 2100 200 0
209 irecv 205 2300 200 0
209 wait 214 210 2100
209 wait 206 210 2300
209 irecv 241 3100 200 0
209 irecv 177 3300 200 0
209 wait 242 210 3100
209 wait 178 210 3300
209 irecv 210 1100 200 0
209 irecv 208 1300 200 0
209 send 210 1300 1 0
209 send 208 1100 1 0
209 wait 211 210 1100
209 wait 209 210 1300
209 irecv 213 2100 200 0
209 irecv 205 2300 200 0
209 send 213 2300 4 0
209 send 205 2100 4 0
209 wait 214 210 2100
209 wait 206 210 2300
209 irecv 241 3100 200 0
209 irecv 177 3300 200 0
209 send 241 3300 12 0
209 send 177 3100 12 0
209 wait 242 210 3100
209 wait 178 210 3300
209 irecv 210 1100 200 0
209 irecv 208 1300 200 0
209 send 210 1300 1 0
209 send 208 1100 1 0
209 wait 211 210 1100
209 wait 209 210 1300
209 irecv 213 2100 200 0
209 irecv 205 2300 200 0
209 send 213 2300 4 0
209 send 205 2100 4 0
209 wait 214 210 2100
209 wait 206 210 2300
209 irecv 241 3100 200 0
209 irecv 177 3300 200 0
209 send 241 3300 12 0
209 send 177 3100 12 0
209 wait 242 210 3100
209 wait 178 210 3300
209 irecv 210 1100 200 0
209 irecv 208 1300 200 0
209 send 210 1300 4 0
209 send 208 1100 4 0
209 wait 211 210 1100
209 wait 209 210 1300
209 irecv 213 2100 200 0
209 irecv 205 2300 200 0
209 send 213 2300 12 0
209 send 205 2100 12 0
209 wait 214 210 2100
209 wait 206 210 2300
209 irecv 241 3100 200 0
209 irecv 177 3300 200 0
209 send 241 3300 24 0
209 send 177 3100 24 0
209 wait 242 210 3100
209 wait 178 210 3300
209 irecv 210 1100 200 0
209 irecv 208 1300 200 0
209 send 210 1300 4 0
209 send 208 1100 4 0
209 wait 211 210 1100
209 wait 209 210 1300
209 irecv 213 2100 200 0
209 irecv 205 2300 200 0
209 send 213 2300 12 0
209 send 205 2100 12 0
209 wait 214 210 2100
209 wait 206 210 2300
209 irecv 241 3100 200 0
209 irecv 177 3300 200 0
209 send 241 3300 24 0
209 send 177 3100 24 0
209 wait 242 210 3100
209 wait 178 210 3300
209 irecv 210 1100 200 0
209 irecv 208 1300 200 0
209 send 210 1300 16 0
209 send 208 1100 16 0
209 wait 211 210 1100
209 wait 209 210 1300
209 irecv 213 2100 200 0
209 irecv 205 2300 200 0
209 send 213 2300 40 0
209 send 205 2100 40 0
209 wait 214 210 2100
209 wait 206 210 2300
209 irecv 241 3100 200 0
209 irecv 177 3300 200 0
209 send 241 3300 60 0
209 send 177 3100 60 0
209 wait 242 210 3100
209 wait 178 210 3300
209 irecv 210 1100 200 0
209 irecv 208 1300 200 0
209 send 210 1300 16 0
209 send 208 1100 16 0
209 wait 211 210 1100
209 wait 209 210 1300
209 irecv 213 2100 200 0
209 irecv 205 2300 200 0
209 send 213 2300 40 0
209 send 205 2100 40 0
209 wait 214 210 2100
209 wait 206 210 2300
209 irecv 241 3100 200 0
209 irecv 177 3300 200 0
209 send 241 3300 60 0
209 send 177 3100 60 0
209 wait 242 210 3100
209 wait 178 210 3300
209 irecv 210 1100 200 0
209 irecv 208 1300 200 0
209 send 210 1300 16 0
209 send 208 1100 16 0
209 wait 211 210 1100
209 wait 209 210 1300
209 irecv 213 2100 200 0
209 irecv 205 2300 200 0
209 send 213 2300 40 0
209 send 205 2100 40 0
209 wait 214 210 2100
209 wait 206 210 2300
209 irecv 241 3100 200 0
209 irecv 177 3300 200 0
209 send 241 3300 60 0
209 send 177 3100 60 0
209 wait 242 210 3100
209 wait 178 210 3300
209 barrier
209 allreduce 1 0 0 
209 allreduce 4 0 1 
209 allreduce 1 0 0 
209 allreduce 4 0 1 
209 allreduce 1 0 0 
209 allreduce 4 0 1 
209 allreduce 1 0 0 
209 allreduce 4 0 1 
209 allreduce 1 0 0 
209 allreduce 4 0 1 
209 allreduce 1 0 0 
209 allreduce 4 0 1 
209 allreduce 1 0 0 
209 allreduce 4 0 1 
209 allreduce 1 0 0 
209 allreduce 4 0 1 
209 allreduce 1 0 0 
209 allreduce 4 0 1 
209 allreduce 1 0 0 
209 allreduce 4 0 1 
209 allreduce 1 0 0 
209 allreduce 4 0 1 
209 allreduce 1 0 0 
209 allreduce 4 0 1 
209 allreduce 1 0 0 
209 allreduce 4 0 1 
209 allreduce 1 0 0 
209 allreduce 4 0 1 
209 allreduce 1 0 0 
209 allreduce 4 0 1 
209 allreduce 1 0 0 
209 allreduce 4 0 1 
209 allreduce 1 0 0 
209 allreduce 4 0 1 
209 allreduce 1 0 0 
209 allreduce 4 0 1 
209 allreduce 1 0 0 
209 allreduce 4 0 1 
209 allreduce 1 0 0 
209 allreduce 4 0 1 
209 barrier
209 irecv 210 1100 200 0
209 irecv 208 1300 200 0
209 send 210 1300 16 0
209 send 208 1100 16 0
209 wait 211 210 1100
209 wait 209 210 1300
209 irecv 213 2100 200 0
209 irecv 205 2300 200 0
209 send 213 2300 40 0
209 send 205 2100 40 0
209 wait 214 210 2100
209 wait 206 210 2300
209 irecv 241 3100 200 0
209 irecv 177 3300 200 0
209 send 241 3300 60 0
209 send 177 3100 60 0
209 wait 242 210 3100
209 wait 178 210 3300
209 barrier
209 irecv 210 1100 200 0
209 irecv 208 1300 200 0
209 send 210 1300 16 0
209 send 208 1100 16 0
209 wait 211 210 1100
209 wait 209 210 1300
209 irecv 213 2100 200 0
209 irecv 205 2300 200 0
209 send 213 2300 40 0
209 send 205 2100 40 0
209 wait 214 210 2100
209 wait 206 210 2300
209 irecv 241 3100 200 0
209 irecv 177 3300 200 0
209 send 241 3300 60 0
209 send 177 3100 60 0
209 wait 242 210 3100
209 wait 178 210 3300
209 allreduce 1 0 0 
209 allreduce 1 0 0 
209 irecv 210 1100 200 0
209 irecv 208 1300 200 0
209 send 210 1300 4 0
209 send 208 1100 4 0
209 wait 211 210 1100
209 wait 209 210 1300
209 irecv 213 2100 200 0
209 irecv 205 2300 200 0
209 send 213 2300 12 0
209 send 205 2100 12 0
209 wait 214 210 2100
209 wait 206 210 2300
209 irecv 241 3100 200 0
209 irecv 177 3300 200 0
209 send 241 3300 24 0
209 send 177 3100 24 0
209 wait 242 210 3100
209 wait 178 210 3300
209 irecv 210 1100 200 0
209 irecv 208 1300 200 0
209 send 210 1300 1 0
209 send 208 1100 1 0
209 wait 211 210 1100
209 wait 209 210 1300
209 irecv 213 2100 200 0
209 irecv 205 2300 200 0
209 send 213 2300 4 0
209 send 205 2100 4 0
209 wait 214 210 2100
209 wait 206 210 2300
209 irecv 241 3100 200 0
209 irecv 177 3300 200 0
209 send 241 3300 12 0
209 send 177 3100 12 0
209 wait 242 210 3100
209 wait 178 210 3300
209 send 210 1300 8 0
209 send 208 1100 4 0
209 irecv 213 2100 200 0
209 irecv 205 2300 200 0
209 wait 214 210 2100
209 wait 206 210 2300
209 irecv 241 3100 200 0
209 irecv 177 3300 200 0
209 wait 242 210 3100
209 wait 178 210 3300
209 irecv 210 1100 200 0
209 irecv 208 1300 200 0
209 send 210 1300 1 0
209 send 208 1100 1 0
209 wait 211 210 1100
209 wait 209 210 1300
209 irecv 213 2100 200 0
209 irecv 205 2300 200 0
209 send 213 2300 4 0
209 send 205 2100 4 0
209 wait 214 210 2100
209 wait 206 210 2300
209 irecv 241 3100 200 0
209 irecv 177 3300 200 0
209 send 241 3300 12 0
209 send 177 3100 12 0
209 wait 242 210 3100
209 wait 178 210 3300
209 irecv 210 1100 200 0
209 irecv 208 1300 200 0
209 send 210 1300 1 0
209 send 208 1100 1 0
209 wait 211 210 1100
209 wait 209 210 1300
209 irecv 213 2100 200 0
209 irecv 205 2300 200 0
209 send 213 2300 4 0
209 send 205 2100 4 0
209 wait 214 210 2100
209 wait 206 210 2300
209 irecv 241 3100 200 0
209 irecv 177 3300 200 0
209 send 241 3300 12 0
209 send 177 3100 12 0
209 wait 242 210 3100
209 wait 178 210 3300
209 irecv 210 1100 200 0
209 irecv 208 1300 200 0
209 send 210 1300 4 0
209 send 208 1100 4 0
209 wait 211 210 1100
209 wait 209 210 1300
209 irecv 213 2100 200 0
209 irecv 205 2300 200 0
209 send 213 2300 12 0
209 send 205 2100 12 0
209 wait 214 210 2100
209 wait 206 210 2300
209 irecv 241 3100 200 0
209 irecv 177 3300 200 0
209 send 241 3300 24 0
209 send 177 3100 24 0
209 wait 242 210 3100
209 wait 178 210 3300
209 irecv 210 1100 200 0
209 irecv 208 1300 200 0
209 send 210 1300 4 0
209 send 208 1100 4 0
209 wait 211 210 1100
209 wait 209 210 1300
209 irecv 213 2100 200 0
209 irecv 205 2300 200 0
209 send 213 2300 12 0
209 send 205 2100 12 0
209 wait 214 210 2100
209 wait 206 210 2300
209 irecv 241 3100 200 0
209 irecv 177 3300 200 0
209 send 241 3300 24 0
209 send 177 3100 24 0
209 wait 242 210 3100
209 wait 178 210 3300
209 irecv 210 1100 200 0
209 irecv 208 1300 200 0
209 send 210 1300 16 0
209 send 208 1100 16 0
209 wait 211 210 1100
209 wait 209 210 1300
209 irecv 213 2100 200 0
209 irecv 205 2300 200 0
209 send 213 2300 40 0
209 send 205 2100 40 0
209 wait 214 210 2100
209 wait 206 210 2300
209 irecv 241 3100 200 0
209 irecv 177 3300 200 0
209 send 241 3300 60 0
209 send 177 3100 60 0
209 wait 242 210 3100
209 wait 178 210 3300
209 irecv 210 1100 200 0
209 irecv 208 1300 200 0
209 send 210 1300 16 0
209 send 208 1100 16 0
209 wait 211 210 1100
209 wait 209 210 1300
209 irecv 213 2100 200 0
209 irecv 205 2300 200 0
209 send 213 2300 40 0
209 send 205 2100 40 0
209 wait 214 210 2100
209 wait 206 210 2300
209 irecv 241 3100 200 0
209 irecv 177 3300 200 0
209 send 241 3300 60 0
209 send 177 3100 60 0
209 wait 242 210 3100
209 wait 178 210 3300
209 irecv 210 1100 200 0
209 irecv 208 1300 200 0
209 send 210 1300 16 0
209 send 208 1100 16 0
209 wait 211 210 1100
209 wait 209 210 1300
209 irecv 213 2100 200 0
209 irecv 205 2300 200 0
209 send 213 2300 40 0
209 send 205 2100 40 0
209 wait 214 210 2100
209 wait 206 210 2300
209 irecv 241 3100 200 0
209 irecv 177 3300 200 0
209 send 241 3300 60 0
209 send 177 3100 60 0
209 wait 242 210 3100
209 wait 178 210 3300
209 irecv 210 1100 200 0
209 irecv 208 1300 200 0
209 send 210 1300 4 0
209 send 208 1100 4 0
209 wait 211 210 1100
209 wait 209 210 1300
209 irecv 213 2100 200 0
209 irecv 205 2300 200 0
209 send 213 2300 12 0
209 send 205 2100 12 0
209 wait 214 210 2100
209 wait 206 210 2300
209 irecv 241 3100 200 0
209 irecv 177 3300 200 0
209 send 241 3300 24 0
209 send 177 3100 24 0
209 wait 242 210 3100
209 wait 178 210 3300
209 irecv 210 1100 200 0
209 irecv 208 1300 200 0
209 send 210 1300 1 0
209 send 208 1100 1 0
209 wait 211 210 1100
209 wait 209 210 1300
209 irecv 213 2100 200 0
209 irecv 205 2300 200 0
209 send 213 2300 4 0
209 send 205 2100 4 0
209 wait 214 210 2100
209 wait 206 210 2300
209 irecv 241 3100 200 0
209 irecv 177 3300 200 0
209 send 241 3300 12 0
209 send 177 3100 12 0
209 wait 242 210 3100
209 wait 178 210 3300
209 send 210 1300 8 0
209 send 208 1100 4 0
209 irecv 213 2100 200 0
209 irecv 205 2300 200 0
209 wait 214 210 2100
209 wait 206 210 2300
209 irecv 241 3100 200 0
209 irecv 177 3300 200 0
209 wait 242 210 3100
209 wait 178 210 3300
209 irecv 210 1100 200 0
209 irecv 208 1300 200 0
209 send 210 1300 1 0
209 send 208 1100 1 0
209 wait 211 210 1100
209 wait 209 210 1300
209 irecv 213 2100 200 0
209 irecv 205 2300 200 0
209 send 213 2300 4 0
209 send 205 2100 4 0
209 wait 214 210 2100
209 wait 206 210 2300
209 irecv 241 3100 200 0
209 irecv 177 3300 200 0
209 send 241 3300 12 0
209 send 177 3100 12 0
209 wait 242 210 3100
209 wait 178 210 3300
209 irecv 210 1100 200 0
209 irecv 208 1300 200 0
209 send 210 1300 1 0
209 send 208 1100 1 0
209 wait 211 210 1100
209 wait 209 210 1300
209 irecv 213 2100 200 0
209 irecv 205 2300 200 0
209 send 213 2300 4 0
209 send 205 2100 4 0
209 wait 214 210 2100
209 wait 206 210 2300
209 irecv 241 3100 200 0
209 irecv 177 3300 200 0
209 send 241 3300 12 0
209 send 177 3100 12 0
209 wait 242 210 3100
209 wait 178 210 3300
209 irecv 210 1100 200 0
209 irecv 208 1300 200 0
209 send 210 1300 4 0
209 send 208 1100 4 0
209 wait 211 210 1100
209 wait 209 210 1300
209 irecv 213 2100 200 0
209 irecv 205 2300 200 0
209 send 213 2300 12 0
209 send 205 2100 12 0
209 wait 214 210 2100
209 wait 206 210 2300
209 irecv 241 3100 200 0
209 irecv 177 3300 200 0
209 send 241 3300 24 0
209 send 177 3100 24 0
209 wait 242 210 3100
209 wait 178 210 3300
209 irecv 210 1100 200 0
209 irecv 208 1300 200 0
209 send 210 1300 4 0
209 send 208 1100 4 0
209 wait 211 210 1100
209 wait 209 210 1300
209 irecv 213 2100 200 0
209 irecv 205 2300 200 0
209 send 213 2300 12 0
209 send 205 2100 12 0
209 wait 214 210 2100
209 wait 206 210 2300
209 irecv 241 3100 200 0
209 irecv 177 3300 200 0
209 send 241 3300 24 0
209 send 177 3100 24 0
209 wait 242 210 3100
209 wait 178 210 3300
209 irecv 210 1100 200 0
209 irecv 208 1300 200 0
209 send 210 1300 16 0
209 send 208 1100 16 0
209 wait 211 210 1100
209 wait 209 210 1300
209 irecv 213 2100 200 0
209 irecv 205 2300 200 0
209 send 213 2300 40 0
209 send 205 2100 40 0
209 wait 214 210 2100
209 wait 206 210 2300
209 irecv 241 3100 200 0
209 irecv 177 3300 200 0
209 send 241 3300 60 0
209 send 177 3100 60 0
209 wait 242 210 3100
209 wait 178 210 3300
209 irecv 210 1100 200 0
209 irecv 208 1300 200 0
209 send 210 1300 16 0
209 send 208 1100 16 0
209 wait 211 210 1100
209 wait 209 210 1300
209 irecv 213 2100 200 0
209 irecv 205 2300 200 0
209 send 213 2300 40 0
209 send 205 2100 40 0
209 wait 214 210 2100
209 wait 206 210 2300
209 irecv 241 3100 200 0
209 irecv 177 3300 200 0
209 send 241 3300 60 0
209 send 177 3100 60 0
209 wait 242 210 3100
209 wait 178 210 3300
209 irecv 210 1100 200 0
209 irecv 208 1300 200 0
209 send 210 1300 16 0
209 send 208 1100 16 0
209 wait 211 210 1100
209 wait 209 210 1300
209 irecv 213 2100 200 0
209 irecv 205 2300 200 0
209 send 213 2300 40 0
209 send 205 2100 40 0
209 wait 214 210 2100
209 wait 206 210 2300
209 irecv 241 3100 200 0
209 irecv 177 3300 200 0
209 send 241 3300 60 0
209 send 177 3100 60 0
209 wait 242 210 3100
209 wait 178 210 3300
209 irecv 210 1100 200 0
209 irecv 208 1300 200 0
209 send 210 1300 4 0
209 send 208 1100 4 0
209 wait 211 210 1100
209 wait 209 210 1300
209 irecv 213 2100 200 0
209 irecv 205 2300 200 0
209 send 213 2300 12 0
209 send 205 2100 12 0
209 wait 214 210 2100
209 wait 206 210 2300
209 irecv 241 3100 200 0
209 irecv 177 3300 200 0
209 send 241 3300 24 0
209 send 177 3100 24 0
209 wait 242 210 3100
209 wait 178 210 3300
209 irecv 210 1100 200 0
209 irecv 208 1300 200 0
209 send 210 1300 1 0
209 send 208 1100 1 0
209 wait 211 210 1100
209 wait 209 210 1300
209 irecv 213 2100 200 0
209 irecv 205 2300 200 0
209 send 213 2300 4 0
209 send 205 2100 4 0
209 wait 214 210 2100
209 wait 206 210 2300
209 irecv 241 3100 200 0
209 irecv 177 3300 200 0
209 send 241 3300 12 0
209 send 177 3100 12 0
209 wait 242 210 3100
209 wait 178 210 3300
209 send 210 1300 8 0
209 send 208 1100 4 0
209 irecv 213 2100 200 0
209 irecv 205 2300 200 0
209 wait 214 210 2100
209 wait 206 210 2300
209 irecv 241 3100 200 0
209 irecv 177 3300 200 0
209 wait 242 210 3100
209 wait 178 210 3300
209 irecv 210 1100 200 0
209 irecv 208 1300 200 0
209 send 210 1300 1 0
209 send 208 1100 1 0
209 wait 211 210 1100
209 wait 209 210 1300
209 irecv 213 2100 200 0
209 irecv 205 2300 200 0
209 send 213 2300 4 0
209 send 205 2100 4 0
209 wait 214 210 2100
209 wait 206 210 2300
209 irecv 241 3100 200 0
209 irecv 177 3300 200 0
209 send 241 3300 12 0
209 send 177 3100 12 0
209 wait 242 210 3100
209 wait 178 210 3300
209 irecv 210 1100 200 0
209 irecv 208 1300 200 0
209 send 210 1300 1 0
209 send 208 1100 1 0
209 wait 211 210 1100
209 wait 209 210 1300
209 irecv 213 2100 200 0
209 irecv 205 2300 200 0
209 send 213 2300 4 0
209 send 205 2100 4 0
209 wait 214 210 2100
209 wait 206 210 2300
209 irecv 241 3100 200 0
209 irecv 177 3300 200 0
209 send 241 3300 12 0
209 send 177 3100 12 0
209 wait 242 210 3100
209 wait 178 210 3300
209 irecv 210 1100 200 0
209 irecv 208 1300 200 0
209 send 210 1300 4 0
209 send 208 1100 4 0
209 wait 211 210 1100
209 wait 209 210 1300
209 irecv 213 2100 200 0
209 irecv 205 2300 200 0
209 send 213 2300 12 0
209 send 205 2100 12 0
209 wait 214 210 2100
209 wait 206 210 2300
209 irecv 241 3100 200 0
209 irecv 177 3300 200 0
209 send 241 3300 24 0
209 send 177 3100 24 0
209 wait 242 210 3100
209 wait 178 210 3300
209 irecv 210 1100 200 0
209 irecv 208 1300 200 0
209 send 210 1300 4 0
209 send 208 1100 4 0
209 wait 211 210 1100
209 wait 209 210 1300
209 irecv 213 2100 200 0
209 irecv 205 2300 200 0
209 send 213 2300 12 0
209 send 205 2100 12 0
209 wait 214 210 2100
209 wait 206 210 2300
209 irecv 241 3100 200 0
209 irecv 177 3300 200 0
209 send 241 3300 24 0
209 send 177 3100 24 0
209 wait 242 210 3100
209 wait 178 210 3300
209 irecv 210 1100 200 0
209 irecv 208 1300 200 0
209 send 210 1300 16 0
209 send 208 1100 16 0
209 wait 211 210 1100
209 wait 209 210 1300
209 irecv 213 2100 200 0
209 irecv 205 2300 200 0
209 send 213 2300 40 0
209 send 205 2100 40 0
209 wait 214 210 2100
209 wait 206 210 2300
209 irecv 241 3100 200 0
209 irecv 177 3300 200 0
209 send 241 3300 60 0
209 send 177 3100 60 0
209 wait 242 210 3100
209 wait 178 210 3300
209 irecv 210 1100 200 0
209 irecv 208 1300 200 0
209 send 210 1300 16 0
209 send 208 1100 16 0
209 wait 211 210 1100
209 wait 209 210 1300
209 irecv 213 2100 200 0
209 irecv 205 2300 200 0
209 send 213 2300 40 0
209 send 205 2100 40 0
209 wait 214 210 2100
209 wait 206 210 2300
209 irecv 241 3100 200 0
209 irecv 177 3300 200 0
209 send 241 3300 60 0
209 send 177 3100 60 0
209 wait 242 210 3100
209 wait 178 210 3300
209 irecv 210 1100 200 0
209 irecv 208 1300 200 0
209 send 210 1300 16 0
209 send 208 1100 16 0
209 wait 211 210 1100
209 wait 209 210 1300
209 irecv 213 2100 200 0
209 irecv 205 2300 200 0
209 send 213 2300 40 0
209 send 205 2100 40 0
209 wait 214 210 2100
209 wait 206 210 2300
209 irecv 241 3100 200 0
209 irecv 177 3300 200 0
209 send 241 3300 60 0
209 send 177 3100 60 0
209 wait 242 210 3100
209 wait 178 210 3300
209 irecv 210 1100 200 0
209 irecv 208 1300 200 0
209 send 210 1300 4 0
209 send 208 1100 4 0
209 wait 211 210 1100
209 wait 209 210 1300
209 irecv 213 2100 200 0
209 irecv 205 2300 200 0
209 send 213 2300 12 0
209 send 205 2100 12 0
209 wait 214 210 2100
209 wait 206 210 2300
209 irecv 241 3100 200 0
209 irecv 177 3300 200 0
209 send 241 3300 24 0
209 send 177 3100 24 0
209 wait 242 210 3100
209 wait 178 210 3300
209 irecv 210 1100 200 0
209 irecv 208 1300 200 0
209 send 210 1300 1 0
209 send 208 1100 1 0
209 wait 211 210 1100
209 wait 209 210 1300
209 irecv 213 2100 200 0
209 irecv 205 2300 200 0
209 send 213 2300 4 0
209 send 205 2100 4 0
209 wait 214 210 2100
209 wait 206 210 2300
209 irecv 241 3100 200 0
209 irecv 177 3300 200 0
209 send 241 3300 12 0
209 send 177 3100 12 0
209 wait 242 210 3100
209 wait 178 210 3300
209 send 210 1300 8 0
209 send 208 1100 4 0
209 irecv 213 2100 200 0
209 irecv 205 2300 200 0
209 wait 214 210 2100
209 wait 206 210 2300
209 irecv 241 3100 200 0
209 irecv 177 3300 200 0
209 wait 242 210 3100
209 wait 178 210 3300
209 irecv 210 1100 200 0
209 irecv 208 1300 200 0
209 send 210 1300 1 0
209 send 208 1100 1 0
209 wait 211 210 1100
209 wait 209 210 1300
209 irecv 213 2100 200 0
209 irecv 205 2300 200 0
209 send 213 2300 4 0
209 send 205 2100 4 0
209 wait 214 210 2100
209 wait 206 210 2300
209 irecv 241 3100 200 0
209 irecv 177 3300 200 0
209 send 241 3300 12 0
209 send 177 3100 12 0
209 wait 242 210 3100
209 wait 178 210 3300
209 irecv 210 1100 200 0
209 irecv 208 1300 200 0
209 send 210 1300 1 0
209 send 208 1100 1 0
209 wait 211 210 1100
209 wait 209 210 1300
209 irecv 213 2100 200 0
209 irecv 205 2300 200 0
209 send 213 2300 4 0
209 send 205 2100 4 0
209 wait 214 210 2100
209 wait 206 210 2300
209 irecv 241 3100 200 0
209 irecv 177 3300 200 0
209 send 241 3300 12 0
209 send 177 3100 12 0
209 wait 242 210 3100
209 wait 178 210 3300
209 irecv 210 1100 200 0
209 irecv 208 1300 200 0
209 send 210 1300 4 0
209 send 208 1100 4 0
209 wait 211 210 1100
209 wait 209 210 1300
209 irecv 213 2100 200 0
209 irecv 205 2300 200 0
209 send 213 2300 12 0
209 send 205 2100 12 0
209 wait 214 210 2100
209 wait 206 210 2300
209 irecv 241 3100 200 0
209 irecv 177 3300 200 0
209 send 241 3300 24 0
209 send 177 3100 24 0
209 wait 242 210 3100
209 wait 178 210 3300
209 irecv 210 1100 200 0
209 irecv 208 1300 200 0
209 send 210 1300 4 0
209 send 208 1100 4 0
209 wait 211 210 1100
209 wait 209 210 1300
209 irecv 213 2100 200 0
209 irecv 205 2300 200 0
209 send 213 2300 12 0
209 send 205 2100 12 0
209 wait 214 210 2100
209 wait 206 210 2300
209 irecv 241 3100 200 0
209 irecv 177 3300 200 0
209 send 241 3300 24 0
209 send 177 3100 24 0
209 wait 242 210 3100
209 wait 178 210 3300
209 irecv 210 1100 200 0
209 irecv 208 1300 200 0
209 send 210 1300 16 0
209 send 208 1100 16 0
209 wait 211 210 1100
209 wait 209 210 1300
209 irecv 213 2100 200 0
209 irecv 205 2300 200 0
209 send 213 2300 40 0
209 send 205 2100 40 0
209 wait 214 210 2100
209 wait 206 210 2300
209 irecv 241 3100 200 0
209 irecv 177 3300 200 0
209 send 241 3300 60 0
209 send 177 3100 60 0
209 wait 242 210 3100
209 wait 178 210 3300
209 irecv 210 1100 200 0
209 irecv 208 1300 200 0
209 send 210 1300 16 0
209 send 208 1100 16 0
209 wait 211 210 1100
209 wait 209 210 1300
209 irecv 213 2100 200 0
209 irecv 205 2300 200 0
209 send 213 2300 40 0
209 send 205 2100 40 0
209 wait 214 210 2100
209 wait 206 210 2300
209 irecv 241 3100 200 0
209 irecv 177 3300 200 0
209 send 241 3300 60 0
209 send 177 3100 60 0
209 wait 242 210 3100
209 wait 178 210 3300
209 irecv 210 1100 200 0
209 irecv 208 1300 200 0
209 send 210 1300 16 0
209 send 208 1100 16 0
209 wait 211 210 1100
209 wait 209 210 1300
209 irecv 213 2100 200 0
209 irecv 205 2300 200 0
209 send 213 2300 40 0
209 send 205 2100 40 0
209 wait 214 210 2100
209 wait 206 210 2300
209 irecv 241 3100 200 0
209 irecv 177 3300 200 0
209 send 241 3300 60 0
209 send 177 3100 60 0
209 wait 242 210 3100
209 wait 178 210 3300
209 allreduce 1 0 0 
209 allreduce 1 0 0 
209 reduce 1 0 0 0 
209 finalize
