196 init
196 barrier
196 bcast 1 0 1 
196 bcast 1 0 1 
196 bcast 1 0 1 
196 bcast 1 0 1 
196 bcast 1 0 1 
196 bcast 8 0 1 
196 bcast 1 0 16 
196 barrier
196 allreduce 1 0 0 
196 allreduce 4 0 1 
196 allreduce 1 0 0 
196 allreduce 4 0 1 
196 allreduce 1 0 0 
196 allreduce 4 0 1 
196 allreduce 1 0 0 
196 allreduce 4 0 1 
196 allreduce 1 0 0 
196 allreduce 4 0 1 
196 allreduce 1 0 0 
196 allreduce 4 0 1 
196 allreduce 1 0 0 
196 allreduce 4 0 1 
196 allreduce 1 0 0 
196 allreduce 4 0 1 
196 allreduce 1 0 0 
196 allreduce 4 0 1 
196 allreduce 1 0 0 
196 allreduce 4 0 1 
196 allreduce 1 0 0 
196 allreduce 4 0 1 
196 allreduce 1 0 0 
196 allreduce 4 0 1 
196 allreduce 1 0 0 
196 allreduce 4 0 1 
196 allreduce 1 0 0 
196 allreduce 4 0 1 
196 allreduce 1 0 0 
196 allreduce 4 0 1 
196 allreduce 1 0 0 
196 allreduce 4 0 1 
196 allreduce 1 0 0 
196 allreduce 4 0 1 
196 allreduce 1 0 0 
196 allreduce 4 0 1 
196 allreduce 1 0 0 
196 allreduce 4 0 1 
196 allreduce 1 0 0 
196 allreduce 4 0 1 
196 barrier
196 irecv 197 1100 200 0
196 irecv 199 1300 200 0
196 send 197 1300 16 0
196 send 199 1100 16 0
196 wait 198 197 1100
196 wait 200 197 1300
196 irecv 200 2100 200 0
196 irecv 192 2300 200 0
196 send 200 2300 40 0
196 send 192 2100 40 0
196 wait 201 197 2100
196 wait 193 197 2300
196 irecv 228 3100 200 0
196 irecv 164 3300 200 0
196 send 228 3300 60 0
196 send 164 3100 60 0
196 wait 229 197 3100
196 wait 165 197 3300
196 allreduce 1 0 0 
196 allreduce 1 0 0 
196 irecv 197 1100 200 0
196 irecv 199 1300 200 0
196 send 197 1300 16 0
196 send 199 1100 16 0
196 wait 198 197 1100
196 wait 200 197 1300
196 irecv 200 2100 200 0
196 irecv 192 2300 200 0
196 send 200 2300 40 0
196 send 192 2100 40 0
196 wait 201 197 2100
196 wait 193 197 2300
196 irecv 228 3100 200 0
196 irecv 164 3300 200 0
196 send 228 3300 60 0
196 send 164 3100 60 0
196 wait 229 197 3100
196 wait 165 197 3300
196 allreduce 1 0 0 
196 allreduce 1 0 0 
196 irecv 197 1100 200 0
196 irecv 199 1300 200 0
196 send 197 1300 4 0
196 send 199 1100 4 0
196 wait 198 197 1100
196 wait 200 197 1300
196 irecv 200 2100 200 0
196 irecv 192 2300 200 0
196 send 200 2300 12 0
196 send 192 2100 12 0
196 wait 201 197 2100
196 wait 193 197 2300
196 irecv 228 3100 200 0
196 irecv 164 3300 200 0
196 send 228 3300 24 0
196 send 164 3100 24 0
196 wait 229 197 3100
196 wait 165 197 3300
196 irecv 197 1100 200 0
196 irecv 199 1300 200 0
196 send 197 1300 1 0
196 send 199 1100 1 0
196 wait 198 197 1100
196 wait 200 197 1300
196 irecv 200 2100 200 0
196 irecv 192 2300 200 0
196 send 200 2300 4 0
196 send 192 2100 4 0
196 wait 201 197 2100
196 wait 193 197 2300
196 irecv 228 3100 200 0
196 irecv 164 3300 200 0
196 send 228 3300 12 0
196 send 164 3100 12 0
196 wait 229 197 3100
196 wait 165 197 3300
196 irecv 197 1100 200 0
196 irecv 199 1300 200 0
196 wait 198 197 1100
196 wait 200 197 1300
196 irecv 204 2100 200 0
196 irecv 220 2300 200 0
196 wait 205 197 2100
196 wait 221 197 2300
196 send 200 2300 24 0
196 send 192 2100 12 0
196 irecv 228 3100 200 0
196 irecv 164 3300 200 0
196 wait 229 197 3100
196 wait 165 197 3300
196 irecv 197 1100 200 0
196 irecv 199 1300 200 0
196 send 197 1300 1 0
196 send 199 1100 1 0
196 wait 198 197 1100
196 wait 200 197 1300
196 irecv 200 2100 200 0
196 irecv 192 2300 200 0
196 send 200 2300 4 0
196 send 192 2100 4 0
196 wait 201 197 2100
196 wait 193 197 2300
196 irecv 228 3100 200 0
196 irecv 164 3300 200 0
196 send 228 3300 12 0
196 send 164 3100 12 0
196 wait 229 197 3100
196 wait 165 197 3300
196 irecv 197 1100 200 0
196 irecv 199 1300 200 0
196 send 197 1300 1 0
196 send 199 1100 1 0
196 wait 198 197 1100
196 wait 200 197 1300
196 irecv 200 2100 200 0
196 irecv 192 2300 200 0
196 send 200 2300 4 0
196 send 192 2100 4 0
196 wait 201 197 2100
196 wait 193 197 2300
196 irecv 228 3100 200 0
196 irecv 164 3300 200 0
196 send 228 3300 12 0
196 send 164 3100 12 0
196 wait 229 197 3100
196 wait 165 197 3300
196 irecv 197 1100 200 0
196 irecv 199 1300 200 0
196 send 197 1300 4 0
196 send 199 1100 4 0
196 wait 198 197 1100
196 wait 200 197 1300
196 irecv 200 2100 200 0
196 irecv 192 2300 200 0
196 send 200 2300 12 0
196 send 192 2100 12 0
196 wait 201 197 2100
196 wait 193 197 2300
196 irecv 228 3100 200 0
196 irecv 164 3300 200 0
196 send 228 3300 24 0
196 send 164 3100 24 0
196 wait 229 197 3100
196 wait 165 197 3300
196 irecv 197 1100 200 0
196 irecv 199 1300 200 0
196 send 197 1300 4 0
196 send 199 1100 4 0
196 wait 198 197 1100
196 wait 200 197 1300
196 irecv 200 2100 200 0
196 irecv 192 2300 200 0
196 send 200 2300 12 0
196 send 192 2100 12 0
196 wait 201 197 2100
196 wait 193 197 2300
196 irecv 228 3100 200 0
196 irecv 164 3300 200 0
196 send 228 3300 24 0
196 send 164 3100 24 0
196 wait 229 197 3100
196 wait 165 197 3300
196 irecv 197 1100 200 0
196 irecv 199 1300 200 0
196 send 197 1300 16 0
196 send 199 1100 16 0
196 wait 198 197 1100
196 wait 200 197 1300
196 irecv 200 2100 200 0
196 irecv 192 2300 200 0
196 send 200 2300 40 0
196 send 192 2100 40 0
196 wait 201 197 2100
196 wait 193 197 2300
196 irecv 228 3100 200 0
196 irecv 164 3300 200 0
196 send 228 3300 60 0
196 send 164 3100 60 0
196 wait 229 197 3100
196 wait 165 197 3300
196 irecv 197 1100 200 0
196 irecv 199 1300 200 0
196 send 197 1300 16 0
196 send 199 1100 16 0
196 wait 198 197 1100
196 wait 200 197 1300
196 irecv 200 2100 200 0
196 irecv 192 2300 200 0
196 send 200 2300 40 0
196 send 192 2100 40 0
196 wait 201 197 2100
196 wait 193 197 2300
196 irecv 228 3100 200 0
196 irecv 164 3300 200 0
196 send 228 3300 60 0
196 send 164 3100 60 0
196 wait 229 197 3100
196 wait 165 197 3300
196 irecv 197 1100 200 0
196 irecv 199 1300 200 0
196 send 197 1300 16 0
196 send 199 1100 16 0
196 wait 198 197 1100
196 wait 200 197 1300
196 irecv 200 2100 200 0
196 irecv 192 2300 200 0
196 send 200 2300 40 0
196 send 192 2100 40 0
196 wait 201 197 2100
196 wait 193 197 2300
196 irecv 228 3100 200 0
196 irecv 164 3300 200 0
196 send 228 3300 60 0
196 send 164 3100 60 0
196 wait 229 197 3100
196 wait 165 197 3300
196 barrier
196 allreduce 1 0 0 
196 allreduce 4 0 1 
196 allreduce 1 0 0 
196 allreduce 4 0 1 
196 allreduce 1 0 0 
196 allreduce 4 0 1 
196 allreduce 1 0 0 
196 allreduce 4 0 1 
196 allreduce 1 0 0 
196 allreduce 4 0 1 
196 allreduce 1 0 0 
196 allreduce 4 0 1 
196 allreduce 1 0 0 
196 allreduce 4 0 1 
196 allreduce 1 0 0 
196 allreduce 4 0 1 
196 allreduce 1 0 0 
196 allreduce 4 0 1 
196 allreduce 1 0 0 
196 allreduce 4 0 1 
196 allreduce 1 0 0 
196 allreduce 4 0 1 
196 allreduce 1 0 0 
196 allreduce 4 0 1 
196 allreduce 1 0 0 
196 allreduce 4 0 1 
196 allreduce 1 0 0 
196 allreduce 4 0 1 
196 allreduce 1 0 0 
196 allreduce 4 0 1 
196 allreduce 1 0 0 
196 allreduce 4 0 1 
196 allreduce 1 0 0 
196 allreduce 4 0 1 
196 allreduce 1 0 0 
196 allreduce 4 0 1 
196 allreduce 1 0 0 
196 allreduce 4 0 1 
196 allreduce 1 0 0 
196 allreduce 4 0 1 
196 barrier
196 irecv 197 1100 200 0
196 irecv 199 1300 200 0
196 send 197 1300 16 0
196 send 199 1100 16 0
196 wait 198 197 1100
196 wait 200 197 1300
196 irecv 200 2100 200 0
196 irecv 192 2300 200 0
196 send 200 2300 40 0
196 send 192 2100 40 0
196 wait 201 197 2100
196 wait 193 197 2300
196 irecv 228 3100 200 0
196 irecv 164 3300 200 0
196 send 228 3300 60 0
196 send 164 3100 60 0
196 wait 229 197 3100
196 wait 165 197 3300
196 barrier
196 irecv 197 1100 200 0
196 irecv 199 1300 200 0
196 send 197 1300 16 0
196 send 199 1100 16 0
196 wait 198 197 1100
196 wait 200 197 1300
196 irecv 200 2100 200 0
196 irecv 192 2300 200 0
196 send 200 2300 40 0
196 send 192 2100 40 0
196 wait 201 197 2100
196 wait 193 197 2300
196 irecv 228 3100 200 0
196 irecv 164 3300 200 0
196 send 228 3300 60 0
196 send 164 3100 60 0
196 wait 229 197 3100
196 wait 165 197 3300
196 allreduce 1 0 0 
196 allreduce 1 0 0 
196 irecv 197 1100 200 0
196 irecv 199 1300 200 0
196 send 197 1300 4 0
196 send 199 1100 4 0
196 wait 198 197 1100
196 wait 200 197 1300
196 irecv 200 2100 200 0
196 irecv 192 2300 200 0
196 send 200 2300 12 0
196 send 192 2100 12 0
196 wait 201 197 2100
196 wait 193 197 2300
196 irecv 228 3100 200 0
196 irecv 164 3300 200 0
196 send 228 3300 24 0
196 send 164 3100 24 0
196 wait 229 197 3100
196 wait 165 197 3300
196 irecv 197 1100 200 0
196 irecv 199 1300 200 0
196 send 197 1300 1 0
196 send 199 1100 1 0
196 wait 198 197 1100
196 wait 200 197 1300
196 irecv 200 2100 200 0
196 irecv 192 2300 200 0
196 send 200 2300 4 0
196 send 192 2100 4 0
196 wait 201 197 2100
196 wait 193 197 2300
196 irecv 228 3100 200 0
196 irecv 164 3300 200 0
196 send 228 3300 12 0
196 send 164 3100 12 0
196 wait 229 197 3100
196 wait 165 197 3300
196 irecv 197 1100 200 0
196 irecv 199 1300 200 0
196 wait 198 197 1100
196 wait 200 197 1300
196 irecv 204 2100 200 0
196 irecv 220 2300 200 0
196 wait 205 197 2100
196 wait 221 197 2300
196 send 200 2300 24 0
196 send 192 2100 12 0
196 irecv 228 3100 200 0
196 irecv 164 3300 200 0
196 wait 229 197 3100
196 wait 165 197 3300
196 irecv 197 1100 200 0
196 irecv 199 1300 200 0
196 send 197 1300 1 0
196 send 199 1100 1 0
196 wait 198 197 1100
196 wait 200 197 1300
196 irecv 200 2100 200 0
196 irecv 192 2300 200 0
196 send 200 2300 4 0
196 send 192 2100 4 0
196 wait 201 197 2100
196 wait 193 197 2300
196 irecv 228 3100 200 0
196 irecv 164 3300 200 0
196 send 228 3300 12 0
196 send 164 3100 12 0
196 wait 229 197 3100
196 wait 165 197 3300
196 irecv 197 1100 200 0
196 irecv 199 1300 200 0
196 send 197 1300 1 0
196 send 199 1100 1 0
196 wait 198 197 1100
196 wait 200 197 1300
196 irecv 200 2100 200 0
196 irecv 192 2300 200 0
196 send 200 2300 4 0
196 send 192 2100 4 0
196 wait 201 197 2100
196 wait 193 197 2300
196 irecv 228 3100 200 0
196 irecv 164 3300 200 0
196 send 228 3300 12 0
196 send 164 3100 12 0
196 wait 229 197 3100
196 wait 165 197 3300
196 irecv 197 1100 200 0
196 irecv 199 1300 200 0
196 send 197 1300 4 0
196 send 199 1100 4 0
196 wait 198 197 1100
196 wait 200 197 1300
196 irecv 200 2100 200 0
196 irecv 192 2300 200 0
196 send 200 2300 12 0
196 send 192 2100 12 0
196 wait 201 197 2100
196 wait 193 197 2300
196 irecv 228 3100 200 0
196 irecv 164 3300 200 0
196 send 228 3300 24 0
196 send 164 3100 24 0
196 wait 229 197 3100
196 wait 165 197 3300
196 irecv 197 1100 200 0
196 irecv 199 1300 200 0
196 send 197 1300 4 0
196 send 199 1100 4 0
196 wait 198 197 1100
196 wait 200 197 1300
196 irecv 200 2100 200 0
196 irecv 192 2300 200 0
196 send 200 2300 12 0
196 send 192 2100 12 0
196 wait 201 197 2100
196 wait 193 197 2300
196 irecv 228 3100 200 0
196 irecv 164 3300 200 0
196 send 228 3300 24 0
196 send 164 3100 24 0
196 wait 229 197 3100
196 wait 165 197 3300
196 irecv 197 1100 200 0
196 irecv 199 1300 200 0
196 send 197 1300 16 0
196 send 199 1100 16 0
196 wait 198 197 1100
196 wait 200 197 1300
196 irecv 200 2100 200 0
196 irecv 192 2300 200 0
196 send 200 2300 40 0
196 send 192 2100 40 0
196 wait 201 197 2100
196 wait 193 197 2300
196 irecv 228 3100 200 0
196 irecv 164 3300 200 0
196 send 228 3300 60 0
196 send 164 3100 60 0
196 wait 229 197 3100
196 wait 165 197 3300
196 irecv 197 1100 200 0
196 irecv 199 1300 200 0
196 send 197 1300 16 0
196 send 199 1100 16 0
196 wait 198 197 1100
196 wait 200 197 1300
196 irecv 200 2100 200 0
196 irecv 192 2300 200 0
196 send 200 2300 40 0
196 send 192 2100 40 0
196 wait 201 197 2100
196 wait 193 197 2300
196 irecv 228 3100 200 0
196 irecv 164 3300 200 0
196 send 228 3300 60 0
196 send 164 3100 60 0
196 wait 229 197 3100
196 wait 165 197 3300
196 irecv 197 1100 200 0
196 irecv 199 1300 200 0
196 send 197 1300 16 0
196 send 199 1100 16 0
196 wait 198 197 1100
196 wait 200 197 1300
196 irecv 200 2100 200 0
196 irecv 192 2300 200 0
196 send 200 2300 40 0
196 send 192 2100 40 0
196 wait 201 197 2100
196 wait 193 197 2300
196 irecv 228 3100 200 0
196 irecv 164 3300 200 0
196 send 228 3300 60 0
196 send 164 3100 60 0
196 wait 229 197 3100
196 wait 165 197 3300
196 irecv 197 1100 200 0
196 irecv 199 1300 200 0
196 send 197 1300 4 0
196 send 199 1100 4 0
196 wait 198 197 1100
196 wait 200 197 1300
196 irecv 200 2100 200 0
196 irecv 192 2300 200 0
196 send 200 2300 12 0
196 send 192 2100 12 0
196 wait 201 197 2100
196 wait 193 197 2300
196 irecv 228 3100 200 0
196 irecv 164 3300 200 0
196 send 228 3300 24 0
196 send 164 3100 24 0
196 wait 229 197 3100
196 wait 165 197 3300
196 irecv 197 1100 200 0
196 irecv 199 1300 200 0
196 send 197 1300 1 0
196 send 199 1100 1 0
196 wait 198 197 1100
196 wait 200 197 1300
196 irecv 200 2100 200 0
196 irecv 192 2300 200 0
196 send 200 2300 4 0
196 send 192 2100 4 0
196 wait 201 197 2100
196 wait 193 197 2300
196 irecv 228 3100 200 0
196 irecv 164 3300 200 0
196 send 228 3300 12 0
196 send 164 3100 12 0
196 wait 229 197 3100
196 wait 165 197 3300
196 irecv 197 1100 200 0
196 irecv 199 1300 200 0
196 wait 198 197 1100
196 wait 200 197 1300
196 irecv 204 2100 200 0
196 irecv 220 2300 200 0
196 wait 205 197 2100
196 wait 221 197 2300
196 send 200 2300 24 0
196 send 192 2100 12 0
196 irecv 228 3100 200 0
196 irecv 164 3300 200 0
196 wait 229 197 3100
196 wait 165 197 3300
196 irecv 197 1100 200 0
196 irecv 199 1300 200 0
196 send 197 1300 1 0
196 send 199 1100 1 0
196 wait 198 197 1100
196 wait 200 197 1300
196 irecv 200 2100 200 0
196 irecv 192 2300 200 0
196 send 200 2300 4 0
196 send 192 2100 4 0
196 wait 201 197 2100
196 wait 193 197 2300
196 irecv 228 3100 200 0
196 irecv 164 3300 200 0
196 send 228 3300 12 0
196 send 164 3100 12 0
196 wait 229 197 3100
196 wait 165 197 3300
196 irecv 197 1100 200 0
196 irecv 199 1300 200 0
196 send 197 1300 1 0
196 send 199 1100 1 0
196 wait 198 197 1100
196 wait 200 197 1300
196 irecv 200 2100 200 0
196 irecv 192 2300 200 0
196 send 200 2300 4 0
196 send 192 2100 4 0
196 wait 201 197 2100
196 wait 193 197 2300
196 irecv 228 3100 200 0
196 irecv 164 3300 200 0
196 send 228 3300 12 0
196 send 164 3100 12 0
196 wait 229 197 3100
196 wait 165 197 3300
196 irecv 197 1100 200 0
196 irecv 199 1300 200 0
196 send 197 1300 4 0
196 send 199 1100 4 0
196 wait 198 197 1100
196 wait 200 197 1300
196 irecv 200 2100 200 0
196 irecv 192 2300 200 0
196 send 200 2300 12 0
196 send 192 2100 12 0
196 wait 201 197 2100
196 wait 193 197 2300
196 irecv 228 3100 200 0
196 irecv 164 3300 200 0
196 send 228 3300 24 0
196 send 164 3100 24 0
196 wait 229 197 3100
196 wait 165 197 3300
196 irecv 197 1100 200 0
196 irecv 199 1300 200 0
196 send 197 1300 4 0
196 send 199 1100 4 0
196 wait 198 197 1100
196 wait 200 197 1300
196 irecv 200 2100 200 0
196 irecv 192 2300 200 0
196 send 200 2300 12 0
196 send 192 2100 12 0
196 wait 201 197 2100
196 wait 193 197 2300
196 irecv 228 3100 200 0
196 irecv 164 3300 200 0
196 send 228 3300 24 0
196 send 164 3100 24 0
196 wait 229 197 3100
196 wait 165 197 3300
196 irecv 197 1100 200 0
196 irecv 199 1300 200 0
196 send 197 1300 16 0
196 send 199 1100 16 0
196 wait 198 197 1100
196 wait 200 197 1300
196 irecv 200 2100 200 0
196 irecv 192 2300 200 0
196 send 200 2300 40 0
196 send 192 2100 40 0
196 wait 201 197 2100
196 wait 193 197 2300
196 irecv 228 3100 200 0
196 irecv 164 3300 200 0
196 send 228 3300 60 0
196 send 164 3100 60 0
196 wait 229 197 3100
196 wait 165 197 3300
196 irecv 197 1100 200 0
196 irecv 199 1300 200 0
196 send 197 1300 16 0
196 send 199 1100 16 0
196 wait 198 197 1100
196 wait 200 197 1300
196 irecv 200 2100 200 0
196 irecv 192 2300 200 0
196 send 200 2300 40 0
196 send 192 2100 40 0
196 wait 201 197 2100
196 wait 193 197 2300
196 irecv 228 3100 200 0
196 irecv 164 3300 200 0
196 send 228 3300 60 0
196 send 164 3100 60 0
196 wait 229 197 3100
196 wait 165 197 3300
196 irecv 197 1100 200 0
196 irecv 199 1300 200 0
196 send 197 1300 16 0
196 send 199 1100 16 0
196 wait 198 197 1100
196 wait 200 197 1300
196 irecv 200 2100 200 0
196 irecv 192 2300 200 0
196 send 200 2300 40 0
196 send 192 2100 40 0
196 wait 201 197 2100
196 wait 193 197 2300
196 irecv 228 3100 200 0
196 irecv 164 3300 200 0
196 send 228 3300 60 0
196 send 164 3100 60 0
196 wait 229 197 3100
196 wait 165 197 3300
196 irecv 197 1100 200 0
196 irecv 199 1300 200 0
196 send 197 1300 4 0
196 send 199 1100 4 0
196 wait 198 197 1100
196 wait 200 197 1300
196 irecv 200 2100 200 0
196 irecv 192 2300 200 0
196 send 200 2300 12 0
196 send 192 2100 12 0
196 wait 201 197 2100
196 wait 193 197 2300
196 irecv 228 3100 200 0
196 irecv 164 3300 200 0
196 send 228 3300 24 0
196 send 164 3100 24 0
196 wait 229 197 3100
196 wait 165 197 3300
196 irecv 197 1100 200 0
196 irecv 199 1300 200 0
196 send 197 1300 1 0
196 send 199 1100 1 0
196 wait 198 197 1100
196 wait 200 197 1300
196 irecv 200 2100 200 0
196 irecv 192 2300 200 0
196 send 200 2300 4 0
196 send 192 2100 4 0
196 wait 201 197 2100
196 wait 193 197 2300
196 irecv 228 3100 200 0
196 irecv 164 3300 200 0
196 send 228 3300 12 0
196 send 164 3100 12 0
196 wait 229 197 3100
196 wait 165 197 3300
196 irecv 197 1100 200 0
196 irecv 199 1300 200 0
196 wait 198 197 1100
196 wait 200 197 1300
196 irecv 204 2100 200 0
196 irecv 220 2300 200 0
196 wait 205 197 2100
196 wait 221 197 2300
196 send 200 2300 24 0
196 send 192 2100 12 0
196 irecv 228 3100 200 0
196 irecv 164 3300 200 0
196 wait 229 197 3100
196 wait 165 197 3300
196 irecv 197 1100 200 0
196 irecv 199 1300 200 0
196 send 197 1300 1 0
196 send 199 1100 1 0
196 wait 198 197 1100
196 wait 200 197 1300
196 irecv 200 2100 200 0
196 irecv 192 2300 200 0
196 send 200 2300 4 0
196 send 192 2100 4 0
196 wait 201 197 2100
196 wait 193 197 2300
196 irecv 228 3100 200 0
196 irecv 164 3300 200 0
196 send 228 3300 12 0
196 send 164 3100 12 0
196 wait 229 197 3100
196 wait 165 197 3300
196 irecv 197 1100 200 0
196 irecv 199 1300 200 0
196 send 197 1300 1 0
196 send 199 1100 1 0
196 wait 198 197 1100
196 wait 200 197 1300
196 irecv 200 2100 200 0
196 irecv 192 2300 200 0
196 send 200 2300 4 0
196 send 192 2100 4 0
196 wait 201 197 2100
196 wait 193 197 2300
196 irecv 228 3100 200 0
196 irecv 164 3300 200 0
196 send 228 3300 12 0
196 send 164 3100 12 0
196 wait 229 197 3100
196 wait 165 197 3300
196 irecv 197 1100 200 0
196 irecv 199 1300 200 0
196 send 197 1300 4 0
196 send 199 1100 4 0
196 wait 198 197 1100
196 wait 200 197 1300
196 irecv 200 2100 200 0
196 irecv 192 2300 200 0
196 send 200 2300 12 0
196 send 192 2100 12 0
196 wait 201 197 2100
196 wait 193 197 2300
196 irecv 228 3100 200 0
196 irecv 164 3300 200 0
196 send 228 3300 24 0
196 send 164 3100 24 0
196 wait 229 197 3100
196 wait 165 197 3300
196 irecv 197 1100 200 0
196 irecv 199 1300 200 0
196 send 197 1300 4 0
196 send 199 1100 4 0
196 wait 198 197 1100
196 wait 200 197 1300
196 irecv 200 2100 200 0
196 irecv 192 2300 200 0
196 send 200 2300 12 0
196 send 192 2100 12 0
196 wait 201 197 2100
196 wait 193 197 2300
196 irecv 228 3100 200 0
196 irecv 164 3300 200 0
196 send 228 3300 24 0
196 send 164 3100 24 0
196 wait 229 197 3100
196 wait 165 197 3300
196 irecv 197 1100 200 0
196 irecv 199 1300 200 0
196 send 197 1300 16 0
196 send 199 1100 16 0
196 wait 198 197 1100
196 wait 200 197 1300
196 irecv 200 2100 200 0
196 irecv 192 2300 200 0
196 send 200 2300 40 0
196 send 192 2100 40 0
196 wait 201 197 2100
196 wait 193 197 2300
196 irecv 228 3100 200 0
196 irecv 164 3300 200 0
196 send 228 3300 60 0
196 send 164 3100 60 0
196 wait 229 197 3100
196 wait 165 197 3300
196 irecv 197 1100 200 0
196 irecv 199 1300 200 0
196 send 197 1300 16 0
196 send 199 1100 16 0
196 wait 198 197 1100
196 wait 200 197 1300
196 irecv 200 2100 200 0
196 irecv 192 2300 200 0
196 send 200 2300 40 0
196 send 192 2100 40 0
196 wait 201 197 2100
196 wait 193 197 2300
196 irecv 228 3100 200 0
196 irecv 164 3300 200 0
196 send 228 3300 60 0
196 send 164 3100 60 0
196 wait 229 197 3100
196 wait 165 197 3300
196 irecv 197 1100 200 0
196 irecv 199 1300 200 0
196 send 197 1300 16 0
196 send 199 1100 16 0
196 wait 198 197 1100
196 wait 200 197 1300
196 irecv 200 2100 200 0
196 irecv 192 2300 200 0
196 send 200 2300 40 0
196 send 192 2100 40 0
196 wait 201 197 2100
196 wait 193 197 2300
196 irecv 228 3100 200 0
196 irecv 164 3300 200 0
196 send 228 3300 60 0
196 send 164 3100 60 0
196 wait 229 197 3100
196 wait 165 197 3300
196 irecv 197 1100 200 0
196 irecv 199 1300 200 0
196 send 197 1300 4 0
196 send 199 1100 4 0
196 wait 198 197 1100
196 wait 200 197 1300
196 irecv 200 2100 200 0
196 irecv 192 2300 200 0
196 send 200 2300 12 0
196 send 192 2100 12 0
196 wait 201 197 2100
196 wait 193 197 2300
196 irecv 228 3100 200 0
196 irecv 164 3300 200 0
196 send 228 3300 24 0
196 send 164 3100 24 0
196 wait 229 197 3100
196 wait 165 197 3300
196 irecv 197 1100 200 0
196 irecv 199 1300 200 0
196 send 197 1300 1 0
196 send 199 1100 1 0
196 wait 198 197 1100
196 wait 200 197 1300
196 irecv 200 2100 200 0
196 irecv 192 2300 200 0
196 send 200 2300 4 0
196 send 192 2100 4 0
196 wait 201 197 2100
196 wait 193 197 2300
196 irecv 228 3100 200 0
196 irecv 164 3300 200 0
196 send 228 3300 12 0
196 send 164 3100 12 0
196 wait 229 197 3100
196 wait 165 197 3300
196 irecv 197 1100 200 0
196 irecv 199 1300 200 0
196 wait 198 197 1100
196 wait 200 197 1300
196 irecv 204 2100 200 0
196 irecv 220 2300 200 0
196 wait 205 197 2100
196 wait 221 197 2300
196 send 200 2300 24 0
196 send 192 2100 12 0
196 irecv 228 3100 200 0
196 irecv 164 3300 200 0
196 wait 229 197 3100
196 wait 165 197 3300
196 irecv 197 1100 200 0
196 irecv 199 1300 200 0
196 send 197 1300 1 0
196 send 199 1100 1 0
196 wait 198 197 1100
196 wait 200 197 1300
196 irecv 200 2100 200 0
196 irecv 192 2300 200 0
196 send 200 2300 4 0
196 send 192 2100 4 0
196 wait 201 197 2100
196 wait 193 197 2300
196 irecv 228 3100 200 0
196 irecv 164 3300 200 0
196 send 228 3300 12 0
196 send 164 3100 12 0
196 wait 229 197 3100
196 wait 165 197 3300
196 irecv 197 1100 200 0
196 irecv 199 1300 200 0
196 send 197 1300 1 0
196 send 199 1100 1 0
196 wait 198 197 1100
196 wait 200 197 1300
196 irecv 200 2100 200 0
196 irecv 192 2300 200 0
196 send 200 2300 4 0
196 send 192 2100 4 0
196 wait 201 197 2100
196 wait 193 197 2300
196 irecv 228 3100 200 0
196 irecv 164 3300 200 0
196 send 228 3300 12 0
196 send 164 3100 12 0
196 wait 229 197 3100
196 wait 165 197 3300
196 irecv 197 1100 200 0
196 irecv 199 1300 200 0
196 send 197 1300 4 0
196 send 199 1100 4 0
196 wait 198 197 1100
196 wait 200 197 1300
196 irecv 200 2100 200 0
196 irecv 192 2300 200 0
196 send 200 2300 12 0
196 send 192 2100 12 0
196 wait 201 197 2100
196 wait 193 197 2300
196 irecv 228 3100 200 0
196 irecv 164 3300 200 0
196 send 228 3300 24 0
196 send 164 3100 24 0
196 wait 229 197 3100
196 wait 165 197 3300
196 irecv 197 1100 200 0
196 irecv 199 1300 200 0
196 send 197 1300 4 0
196 send 199 1100 4 0
196 wait 198 197 1100
196 wait 200 197 1300
196 irecv 200 2100 200 0
196 irecv 192 2300 200 0
196 send 200 2300 12 0
196 send 192 2100 12 0
196 wait 201 197 2100
196 wait 193 197 2300
196 irecv 228 3100 200 0
196 irecv 164 3300 200 0
196 send 228 3300 24 0
196 send 164 3100 24 0
196 wait 229 197 3100
196 wait 165 197 3300
196 irecv 197 1100 200 0
196 irecv 199 1300 200 0
196 send 197 1300 16 0
196 send 199 1100 16 0
196 wait 198 197 1100
196 wait 200 197 1300
196 irecv 200 2100 200 0
196 irecv 192 2300 200 0
196 send 200 2300 40 0
196 send 192 2100 40 0
196 wait 201 197 2100
196 wait 193 197 2300
196 irecv 228 3100 200 0
196 irecv 164 3300 200 0
196 send 228 3300 60 0
196 send 164 3100 60 0
196 wait 229 197 3100
196 wait 165 197 3300
196 irecv 197 1100 200 0
196 irecv 199 1300 200 0
196 send 197 1300 16 0
196 send 199 1100 16 0
196 wait 198 197 1100
196 wait 200 197 1300
196 irecv 200 2100 200 0
196 irecv 192 2300 200 0
196 send 200 2300 40 0
196 send 192 2100 40 0
196 wait 201 197 2100
196 wait 193 197 2300
196 irecv 228 3100 200 0
196 irecv 164 3300 200 0
196 send 228 3300 60 0
196 send 164 3100 60 0
196 wait 229 197 3100
196 wait 165 197 3300
196 irecv 197 1100 200 0
196 irecv 199 1300 200 0
196 send 197 1300 16 0
196 send 199 1100 16 0
196 wait 198 197 1100
196 wait 200 197 1300
196 irecv 200 2100 200 0
196 irecv 192 2300 200 0
196 send 200 2300 40 0
196 send 192 2100 40 0
196 wait 201 197 2100
196 wait 193 197 2300
196 irecv 228 3100 200 0
196 irecv 164 3300 200 0
196 send 228 3300 60 0
196 send 164 3100 60 0
196 wait 229 197 3100
196 wait 165 197 3300
196 allreduce 1 0 0 
196 allreduce 1 0 0 
196 reduce 1 0 0 0 
196 finalize
