146 init
146 barrier
146 bcast 1 0 1 
146 bcast 1 0 1 
146 bcast 1 0 1 
146 bcast 1 0 1 
146 bcast 1 0 1 
146 bcast 8 0 1 
146 bcast 1 0 16 
146 barrier
146 allreduce 1 0 0 
146 allreduce 4 0 1 
146 allreduce 1 0 0 
146 allreduce 4 0 1 
146 allreduce 1 0 0 
146 allreduce 4 0 1 
146 allreduce 1 0 0 
146 allreduce 4 0 1 
146 allreduce 1 0 0 
146 allreduce 4 0 1 
146 allreduce 1 0 0 
146 allreduce 4 0 1 
146 allreduce 1 0 0 
146 allreduce 4 0 1 
146 allreduce 1 0 0 
146 allreduce 4 0 1 
146 allreduce 1 0 0 
146 allreduce 4 0 1 
146 allreduce 1 0 0 
146 allreduce 4 0 1 
146 allreduce 1 0 0 
146 allreduce 4 0 1 
146 allreduce 1 0 0 
146 allreduce 4 0 1 
146 allreduce 1 0 0 
146 allreduce 4 0 1 
146 allreduce 1 0 0 
146 allreduce 4 0 1 
146 allreduce 1 0 0 
146 allreduce 4 0 1 
146 allreduce 1 0 0 
146 allreduce 4 0 1 
146 allreduce 1 0 0 
146 allreduce 4 0 1 
146 allreduce 1 0 0 
146 allreduce 4 0 1 
146 allreduce 1 0 0 
146 allreduce 4 0 1 
146 allreduce 1 0 0 
146 allreduce 4 0 1 
146 barrier
146 irecv 147 1100 200 0
146 irecv 145 1300 200 0
146 send 147 1300 16 0
146 send 145 1100 16 0
146 wait 148 147 1100
146 wait 146 147 1300
146 irecv 150 2100 200 0
146 irecv 142 2300 200 0
146 send 150 2300 40 0
146 send 142 2100 40 0
146 wait 151 147 2100
146 wait 143 147 2300
146 irecv 178 3100 200 0
146 irecv 114 3300 200 0
146 send 178 3300 60 0
146 send 114 3100 60 0
146 wait 179 147 3100
146 wait 115 147 3300
146 allreduce 1 0 0 
146 allreduce 1 0 0 
146 irecv 147 1100 200 0
146 irecv 145 1300 200 0
146 send 147 1300 16 0
146 send 145 1100 16 0
146 wait 148 147 1100
146 wait 146 147 1300
146 irecv 150 2100 200 0
146 irecv 142 2300 200 0
146 send 150 2300 40 0
146 send 142 2100 40 0
146 wait 151 147 2100
146 wait 143 147 2300
146 irecv 178 3100 200 0
146 irecv 114 3300 200 0
146 send 178 3300 60 0
146 send 114 3100 60 0
146 wait 179 147 3100
146 wait 115 147 3300
146 allreduce 1 0 0 
146 allreduce 1 0 0 
146 irecv 147 1100 200 0
146 irecv 145 1300 200 0
146 send 147 1300 4 0
146 send 145 1100 4 0
146 wait 148 147 1100
146 wait 146 147 1300
146 irecv 150 2100 200 0
146 irecv 142 2300 200 0
146 send 150 2300 12 0
146 send 142 2100 12 0
146 wait 151 147 2100
146 wait 143 147 2300
146 irecv 178 3100 200 0
146 irecv 114 3300 200 0
146 send 178 3300 24 0
146 send 114 3100 24 0
146 wait 179 147 3100
146 wait 115 147 3300
146 irecv 147 1100 200 0
146 irecv 145 1300 200 0
146 send 147 1300 1 0
146 send 145 1100 1 0
146 wait 148 147 1100
146 wait 146 147 1300
146 irecv 150 2100 200 0
146 irecv 142 2300 200 0
146 send 150 2300 4 0
146 send 142 2100 4 0
146 wait 151 147 2100
146 wait 143 147 2300
146 irecv 178 3100 200 0
146 irecv 114 3300 200 0
146 send 178 3300 12 0
146 send 114 3100 12 0
146 wait 179 147 3100
146 wait 115 147 3300
146 irecv 147 1100 200 0
146 irecv 145 1300 200 0
146 wait 148 147 1100
146 wait 146 147 1300
146 irecv 150 2100 200 0
146 irecv 142 2300 200 0
146 wait 151 147 2100
146 wait 143 147 2300
146 irecv 178 3100 200 0
146 irecv 114 3300 200 0
146 wait 179 147 3100
146 wait 115 147 3300
146 irecv 147 1100 200 0
146 irecv 145 1300 200 0
146 send 147 1300 1 0
146 send 145 1100 1 0
146 wait 148 147 1100
146 wait 146 147 1300
146 irecv 150 2100 200 0
146 irecv 142 2300 200 0
146 send 150 2300 4 0
146 send 142 2100 4 0
146 wait 151 147 2100
146 wait 143 147 2300
146 irecv 178 3100 200 0
146 irecv 114 3300 200 0
146 send 178 3300 12 0
146 send 114 3100 12 0
146 wait 179 147 3100
146 wait 115 147 3300
146 irecv 147 1100 200 0
146 irecv 145 1300 200 0
146 send 147 1300 1 0
146 send 145 1100 1 0
146 wait 148 147 1100
146 wait 146 147 1300
146 irecv 150 2100 200 0
146 irecv 142 2300 200 0
146 send 150 2300 4 0
146 send 142 2100 4 0
146 wait 151 147 2100
146 wait 143 147 2300
146 irecv 178 3100 200 0
146 irecv 114 3300 200 0
146 send 178 3300 12 0
146 send 114 3100 12 0
146 wait 179 147 3100
146 wait 115 147 3300
146 irecv 147 1100 200 0
146 irecv 145 1300 200 0
146 send 147 1300 4 0
146 send 145 1100 4 0
146 wait 148 147 1100
146 wait 146 147 1300
146 irecv 150 2100 200 0
146 irecv 142 2300 200 0
146 send 150 2300 12 0
146 send 142 2100 12 0
146 wait 151 147 2100
146 wait 143 147 2300
146 irecv 178 3100 200 0
146 irecv 114 3300 200 0
146 send 178 3300 24 0
146 send 114 3100 24 0
146 wait 179 147 3100
146 wait 115 147 3300
146 irecv 147 1100 200 0
146 irecv 145 1300 200 0
146 send 147 1300 4 0
146 send 145 1100 4 0
146 wait 148 147 1100
146 wait 146 147 1300
146 irecv 150 2100 200 0
146 irecv 142 2300 200 0
146 send 150 2300 12 0
146 send 142 2100 12 0
146 wait 151 147 2100
146 wait 143 147 2300
146 irecv 178 3100 200 0
146 irecv 114 3300 200 0
146 send 178 3300 24 0
146 send 114 3100 24 0
146 wait 179 147 3100
146 wait 115 147 3300
146 irecv 147 1100 200 0
146 irecv 145 1300 200 0
146 send 147 1300 16 0
146 send 145 1100 16 0
146 wait 148 147 1100
146 wait 146 147 1300
146 irecv 150 2100 200 0
146 irecv 142 2300 200 0
146 send 150 2300 40 0
146 send 142 2100 40 0
146 wait 151 147 2100
146 wait 143 147 2300
146 irecv 178 3100 200 0
146 irecv 114 3300 200 0
146 send 178 3300 60 0
146 send 114 3100 60 0
146 wait 179 147 3100
146 wait 115 147 3300
146 irecv 147 1100 200 0
146 irecv 145 1300 200 0
146 send 147 1300 16 0
146 send 145 1100 16 0
146 wait 148 147 1100
146 wait 146 147 1300
146 irecv 150 2100 200 0
146 irecv 142 2300 200 0
146 send 150 2300 40 0
146 send 142 2100 40 0
146 wait 151 147 2100
146 wait 143 147 2300
146 irecv 178 3100 200 0
146 irecv 114 3300 200 0
146 send 178 3300 60 0
146 send 114 3100 60 0
146 wait 179 147 3100
146 wait 115 147 3300
146 irecv 147 1100 200 0
146 irecv 145 1300 200 0
146 send 147 1300 16 0
146 send 145 1100 16 0
146 wait 148 147 1100
146 wait 146 147 1300
146 irecv 150 2100 200 0
146 irecv 142 2300 200 0
146 send 150 2300 40 0
146 send 142 2100 40 0
146 wait 151 147 2100
146 wait 143 147 2300
146 irecv 178 3100 200 0
146 irecv 114 3300 200 0
146 send 178 3300 60 0
146 send 114 3100 60 0
146 wait 179 147 3100
146 wait 115 147 3300
146 barrier
146 allreduce 1 0 0 
146 allreduce 4 0 1 
146 allreduce 1 0 0 
146 allreduce 4 0 1 
146 allreduce 1 0 0 
146 allreduce 4 0 1 
146 allreduce 1 0 0 
146 allreduce 4 0 1 
146 allreduce 1 0 0 
146 allreduce 4 0 1 
146 allreduce 1 0 0 
146 allreduce 4 0 1 
146 allreduce 1 0 0 
146 allreduce 4 0 1 
146 allreduce 1 0 0 
146 allreduce 4 0 1 
146 allreduce 1 0 0 
146 allreduce 4 0 1 
146 allreduce 1 0 0 
146 allreduce 4 0 1 
146 allreduce 1 0 0 
146 allreduce 4 0 1 
146 allreduce 1 0 0 
146 allreduce 4 0 1 
146 allreduce 1 0 0 
146 allreduce 4 0 1 
146 allreduce 1 0 0 
146 allreduce 4 0 1 
146 allreduce 1 0 0 
146 allreduce 4 0 1 
146 allreduce 1 0 0 
146 allreduce 4 0 1 
146 allreduce 1 0 0 
146 allreduce 4 0 1 
146 allreduce 1 0 0 
146 allreduce 4 0 1 
146 allreduce 1 0 0 
146 allreduce 4 0 1 
146 allreduce 1 0 0 
146 allreduce 4 0 1 
146 barrier
146 irecv 147 1100 200 0
146 irecv 145 1300 200 0
146 send 147 1300 16 0
146 send 145 1100 16 0
146 wait 148 147 1100
146 wait 146 147 1300
146 irecv 150 2100 200 0
146 irecv 142 2300 200 0
146 send 150 2300 40 0
146 send 142 2100 40 0
146 wait 151 147 2100
146 wait 143 147 2300
146 irecv 178 3100 200 0
146 irecv 114 3300 200 0
146 send 178 3300 60 0
146 send 114 3100 60 0
146 wait 179 147 3100
146 wait 115 147 3300
146 barrier
146 irecv 147 1100 200 0
146 irecv 145 1300 200 0
146 send 147 1300 16 0
146 send 145 1100 16 0
146 wait 148 147 1100
146 wait 146 147 1300
146 irecv 150 2100 200 0
146 irecv 142 2300 200 0
146 send 150 2300 40 0
146 send 142 2100 40 0
146 wait 151 147 2100
146 wait 143 147 2300
146 irecv 178 3100 200 0
146 irecv 114 3300 200 0
146 send 178 3300 60 0
146 send 114 3100 60 0
146 wait 179 147 3100
146 wait 115 147 3300
146 allreduce 1 0 0 
146 allreduce 1 0 0 
146 irecv 147 1100 200 0
146 irecv 145 1300 200 0
146 send 147 1300 4 0
146 send 145 1100 4 0
146 wait 148 147 1100
146 wait 146 147 1300
146 irecv 150 2100 200 0
146 irecv 142 2300 200 0
146 send 150 2300 12 0
146 send 142 2100 12 0
146 wait 151 147 2100
146 wait 143 147 2300
146 irecv 178 3100 200 0
146 irecv 114 3300 200 0
146 send 178 3300 24 0
146 send 114 3100 24 0
146 wait 179 147 3100
146 wait 115 147 3300
146 irecv 147 1100 200 0
146 irecv 145 1300 200 0
146 send 147 1300 1 0
146 send 145 1100 1 0
146 wait 148 147 1100
146 wait 146 147 1300
146 irecv 150 2100 200 0
146 irecv 142 2300 200 0
146 send 150 2300 4 0
146 send 142 2100 4 0
146 wait 151 147 2100
146 wait 143 147 2300
146 irecv 178 3100 200 0
146 irecv 114 3300 200 0
146 send 178 3300 12 0
146 send 114 3100 12 0
146 wait 179 147 3100
146 wait 115 147 3300
146 irecv 147 1100 200 0
146 irecv 145 1300 200 0
146 wait 148 147 1100
146 wait 146 147 1300
146 irecv 150 2100 200 0
146 irecv 142 2300 200 0
146 wait 151 147 2100
146 wait 143 147 2300
146 irecv 178 3100 200 0
146 irecv 114 3300 200 0
146 wait 179 147 3100
146 wait 115 147 3300
146 irecv 147 1100 200 0
146 irecv 145 1300 200 0
146 send 147 1300 1 0
146 send 145 1100 1 0
146 wait 148 147 1100
146 wait 146 147 1300
146 irecv 150 2100 200 0
146 irecv 142 2300 200 0
146 send 150 2300 4 0
146 send 142 2100 4 0
146 wait 151 147 2100
146 wait 143 147 2300
146 irecv 178 3100 200 0
146 irecv 114 3300 200 0
146 send 178 3300 12 0
146 send 114 3100 12 0
146 wait 179 147 3100
146 wait 115 147 3300
146 irecv 147 1100 200 0
146 irecv 145 1300 200 0
146 send 147 1300 1 0
146 send 145 1100 1 0
146 wait 148 147 1100
146 wait 146 147 1300
146 irecv 150 2100 200 0
146 irecv 142 2300 200 0
146 send 150 2300 4 0
146 send 142 2100 4 0
146 wait 151 147 2100
146 wait 143 147 2300
146 irecv 178 3100 200 0
146 irecv 114 3300 200 0
146 send 178 3300 12 0
146 send 114 3100 12 0
146 wait 179 147 3100
146 wait 115 147 3300
146 irecv 147 1100 200 0
146 irecv 145 1300 200 0
146 send 147 1300 4 0
146 send 145 1100 4 0
146 wait 148 147 1100
146 wait 146 147 1300
146 irecv 150 2100 200 0
146 irecv 142 2300 200 0
146 send 150 2300 12 0
146 send 142 2100 12 0
146 wait 151 147 2100
146 wait 143 147 2300
146 irecv 178 3100 200 0
146 irecv 114 3300 200 0
146 send 178 3300 24 0
146 send 114 3100 24 0
146 wait 179 147 3100
146 wait 115 147 3300
146 irecv 147 1100 200 0
146 irecv 145 1300 200 0
146 send 147 1300 4 0
146 send 145 1100 4 0
146 wait 148 147 1100
146 wait 146 147 1300
146 irecv 150 2100 200 0
146 irecv 142 2300 200 0
146 send 150 2300 12 0
146 send 142 2100 12 0
146 wait 151 147 2100
146 wait 143 147 2300
146 irecv 178 3100 200 0
146 irecv 114 3300 200 0
146 send 178 3300 24 0
146 send 114 3100 24 0
146 wait 179 147 3100
146 wait 115 147 3300
146 irecv 147 1100 200 0
146 irecv 145 1300 200 0
146 send 147 1300 16 0
146 send 145 1100 16 0
146 wait 148 147 1100
146 wait 146 147 1300
146 irecv 150 2100 200 0
146 irecv 142 2300 200 0
146 send 150 2300 40 0
146 send 142 2100 40 0
146 wait 151 147 2100
146 wait 143 147 2300
146 irecv 178 3100 200 0
146 irecv 114 3300 200 0
146 send 178 3300 60 0
146 send 114 3100 60 0
146 wait 179 147 3100
146 wait 115 147 3300
146 irecv 147 1100 200 0
146 irecv 145 1300 200 0
146 send 147 1300 16 0
146 send 145 1100 16 0
146 wait 148 147 1100
146 wait 146 147 1300
146 irecv 150 2100 200 0
146 irecv 142 2300 200 0
146 send 150 2300 40 0
146 send 142 2100 40 0
146 wait 151 147 2100
146 wait 143 147 2300
146 irecv 178 3100 200 0
146 irecv 114 3300 200 0
146 send 178 3300 60 0
146 send 114 3100 60 0
146 wait 179 147 3100
146 wait 115 147 3300
146 irecv 147 1100 200 0
146 irecv 145 1300 200 0
146 send 147 1300 16 0
146 send 145 1100 16 0
146 wait 148 147 1100
146 wait 146 147 1300
146 irecv 150 2100 200 0
146 irecv 142 2300 200 0
146 send 150 2300 40 0
146 send 142 2100 40 0
146 wait 151 147 2100
146 wait 143 147 2300
146 irecv 178 3100 200 0
146 irecv 114 3300 200 0
146 send 178 3300 60 0
146 send 114 3100 60 0
146 wait 179 147 3100
146 wait 115 147 3300
146 irecv 147 1100 200 0
146 irecv 145 1300 200 0
146 send 147 1300 4 0
146 send 145 1100 4 0
146 wait 148 147 1100
146 wait 146 147 1300
146 irecv 150 2100 200 0
146 irecv 142 2300 200 0
146 send 150 2300 12 0
146 send 142 2100 12 0
146 wait 151 147 2100
146 wait 143 147 2300
146 irecv 178 3100 200 0
146 irecv 114 3300 200 0
146 send 178 3300 24 0
146 send 114 3100 24 0
146 wait 179 147 3100
146 wait 115 147 3300
146 irecv 147 1100 200 0
146 irecv 145 1300 200 0
146 send 147 1300 1 0
146 send 145 1100 1 0
146 wait 148 147 1100
146 wait 146 147 1300
146 irecv 150 2100 200 0
146 irecv 142 2300 200 0
146 send 150 2300 4 0
146 send 142 2100 4 0
146 wait 151 147 2100
146 wait 143 147 2300
146 irecv 178 3100 200 0
146 irecv 114 3300 200 0
146 send 178 3300 12 0
146 send 114 3100 12 0
146 wait 179 147 3100
146 wait 115 147 3300
146 irecv 147 1100 200 0
146 irecv 145 1300 200 0
146 wait 148 147 1100
146 wait 146 147 1300
146 irecv 150 2100 200 0
146 irecv 142 2300 200 0
146 wait 151 147 2100
146 wait 143 147 2300
146 irecv 178 3100 200 0
146 irecv 114 3300 200 0
146 wait 179 147 3100
146 wait 115 147 3300
146 irecv 147 1100 200 0
146 irecv 145 1300 200 0
146 send 147 1300 1 0
146 send 145 1100 1 0
146 wait 148 147 1100
146 wait 146 147 1300
146 irecv 150 2100 200 0
146 irecv 142 2300 200 0
146 send 150 2300 4 0
146 send 142 2100 4 0
146 wait 151 147 2100
146 wait 143 147 2300
146 irecv 178 3100 200 0
146 irecv 114 3300 200 0
146 send 178 3300 12 0
146 send 114 3100 12 0
146 wait 179 147 3100
146 wait 115 147 3300
146 irecv 147 1100 200 0
146 irecv 145 1300 200 0
146 send 147 1300 1 0
146 send 145 1100 1 0
146 wait 148 147 1100
146 wait 146 147 1300
146 irecv 150 2100 200 0
146 irecv 142 2300 200 0
146 send 150 2300 4 0
146 send 142 2100 4 0
146 wait 151 147 2100
146 wait 143 147 2300
146 irecv 178 3100 200 0
146 irecv 114 3300 200 0
146 send 178 3300 12 0
146 send 114 3100 12 0
146 wait 179 147 3100
146 wait 115 147 3300
146 irecv 147 1100 200 0
146 irecv 145 1300 200 0
146 send 147 1300 4 0
146 send 145 1100 4 0
146 wait 148 147 1100
146 wait 146 147 1300
146 irecv 150 2100 200 0
146 irecv 142 2300 200 0
146 send 150 2300 12 0
146 send 142 2100 12 0
146 wait 151 147 2100
146 wait 143 147 2300
146 irecv 178 3100 200 0
146 irecv 114 3300 200 0
146 send 178 3300 24 0
146 send 114 3100 24 0
146 wait 179 147 3100
146 wait 115 147 3300
146 irecv 147 1100 200 0
146 irecv 145 1300 200 0
146 send 147 1300 4 0
146 send 145 1100 4 0
146 wait 148 147 1100
146 wait 146 147 1300
146 irecv 150 2100 200 0
146 irecv 142 2300 200 0
146 send 150 2300 12 0
146 send 142 2100 12 0
146 wait 151 147 2100
146 wait 143 147 2300
146 irecv 178 3100 200 0
146 irecv 114 3300 200 0
146 send 178 3300 24 0
146 send 114 3100 24 0
146 wait 179 147 3100
146 wait 115 147 3300
146 irecv 147 1100 200 0
146 irecv 145 1300 200 0
146 send 147 1300 16 0
146 send 145 1100 16 0
146 wait 148 147 1100
146 wait 146 147 1300
146 irecv 150 2100 200 0
146 irecv 142 2300 200 0
146 send 150 2300 40 0
146 send 142 2100 40 0
146 wait 151 147 2100
146 wait 143 147 2300
146 irecv 178 3100 200 0
146 irecv 114 3300 200 0
146 send 178 3300 60 0
146 send 114 3100 60 0
146 wait 179 147 3100
146 wait 115 147 3300
146 irecv 147 1100 200 0
146 irecv 145 1300 200 0
146 send 147 1300 16 0
146 send 145 1100 16 0
146 wait 148 147 1100
146 wait 146 147 1300
146 irecv 150 2100 200 0
146 irecv 142 2300 200 0
146 send 150 2300 40 0
146 send 142 2100 40 0
146 wait 151 147 2100
146 wait 143 147 2300
146 irecv 178 3100 200 0
146 irecv 114 3300 200 0
146 send 178 3300 60 0
146 send 114 3100 60 0
146 wait 179 147 3100
146 wait 115 147 3300
146 irecv 147 1100 200 0
146 irecv 145 1300 200 0
146 send 147 1300 16 0
146 send 145 1100 16 0
146 wait 148 147 1100
146 wait 146 147 1300
146 irecv 150 2100 200 0
146 irecv 142 2300 200 0
146 send 150 2300 40 0
146 send 142 2100 40 0
146 wait 151 147 2100
146 wait 143 147 2300
146 irecv 178 3100 200 0
146 irecv 114 3300 200 0
146 send 178 3300 60 0
146 send 114 3100 60 0
146 wait 179 147 3100
146 wait 115 147 3300
146 irecv 147 1100 200 0
146 irecv 145 1300 200 0
146 send 147 1300 4 0
146 send 145 1100 4 0
146 wait 148 147 1100
146 wait 146 147 1300
146 irecv 150 2100 200 0
146 irecv 142 2300 200 0
146 send 150 2300 12 0
146 send 142 2100 12 0
146 wait 151 147 2100
146 wait 143 147 2300
146 irecv 178 3100 200 0
146 irecv 114 3300 200 0
146 send 178 3300 24 0
146 send 114 3100 24 0
146 wait 179 147 3100
146 wait 115 147 3300
146 irecv 147 1100 200 0
146 irecv 145 1300 200 0
146 send 147 1300 1 0
146 send 145 1100 1 0
146 wait 148 147 1100
146 wait 146 147 1300
146 irecv 150 2100 200 0
146 irecv 142 2300 200 0
146 send 150 2300 4 0
146 send 142 2100 4 0
146 wait 151 147 2100
146 wait 143 147 2300
146 irecv 178 3100 200 0
146 irecv 114 3300 200 0
146 send 178 3300 12 0
146 send 114 3100 12 0
146 wait 179 147 3100
146 wait 115 147 3300
146 irecv 147 1100 200 0
146 irecv 145 1300 200 0
146 wait 148 147 1100
146 wait 146 147 1300
146 irecv 150 2100 200 0
146 irecv 142 2300 200 0
146 wait 151 147 2100
146 wait 143 147 2300
146 irecv 178 3100 200 0
146 irecv 114 3300 200 0
146 wait 179 147 3100
146 wait 115 147 3300
146 irecv 147 1100 200 0
146 irecv 145 1300 200 0
146 send 147 1300 1 0
146 send 145 1100 1 0
146 wait 148 147 1100
146 wait 146 147 1300
146 irecv 150 2100 200 0
146 irecv 142 2300 200 0
146 send 150 2300 4 0
146 send 142 2100 4 0
146 wait 151 147 2100
146 wait 143 147 2300
146 irecv 178 3100 200 0
146 irecv 114 3300 200 0
146 send 178 3300 12 0
146 send 114 3100 12 0
146 wait 179 147 3100
146 wait 115 147 3300
146 irecv 147 1100 200 0
146 irecv 145 1300 200 0
146 send 147 1300 1 0
146 send 145 1100 1 0
146 wait 148 147 1100
146 wait 146 147 1300
146 irecv 150 2100 200 0
146 irecv 142 2300 200 0
146 send 150 2300 4 0
146 send 142 2100 4 0
146 wait 151 147 2100
146 wait 143 147 2300
146 irecv 178 3100 200 0
146 irecv 114 3300 200 0
146 send 178 3300 12 0
146 send 114 3100 12 0
146 wait 179 147 3100
146 wait 115 147 3300
146 irecv 147 1100 200 0
146 irecv 145 1300 200 0
146 send 147 1300 4 0
146 send 145 1100 4 0
146 wait 148 147 1100
146 wait 146 147 1300
146 irecv 150 2100 200 0
146 irecv 142 2300 200 0
146 send 150 2300 12 0
146 send 142 2100 12 0
146 wait 151 147 2100
146 wait 143 147 2300
146 irecv 178 3100 200 0
146 irecv 114 3300 200 0
146 send 178 3300 24 0
146 send 114 3100 24 0
146 wait 179 147 3100
146 wait 115 147 3300
146 irecv 147 1100 200 0
146 irecv 145 1300 200 0
146 send 147 1300 4 0
146 send 145 1100 4 0
146 wait 148 147 1100
146 wait 146 147 1300
146 irecv 150 2100 200 0
146 irecv 142 2300 200 0
146 send 150 2300 12 0
146 send 142 2100 12 0
146 wait 151 147 2100
146 wait 143 147 2300
146 irecv 178 3100 200 0
146 irecv 114 3300 200 0
146 send 178 3300 24 0
146 send 114 3100 24 0
146 wait 179 147 3100
146 wait 115 147 3300
146 irecv 147 1100 200 0
146 irecv 145 1300 200 0
146 send 147 1300 16 0
146 send 145 1100 16 0
146 wait 148 147 1100
146 wait 146 147 1300
146 irecv 150 2100 200 0
146 irecv 142 2300 200 0
146 send 150 2300 40 0
146 send 142 2100 40 0
146 wait 151 147 2100
146 wait 143 147 2300
146 irecv 178 3100 200 0
146 irecv 114 3300 200 0
146 send 178 3300 60 0
146 send 114 3100 60 0
146 wait 179 147 3100
146 wait 115 147 3300
146 irecv 147 1100 200 0
146 irecv 145 1300 200 0
146 send 147 1300 16 0
146 send 145 1100 16 0
146 wait 148 147 1100
146 wait 146 147 1300
146 irecv 150 2100 200 0
146 irecv 142 2300 200 0
146 send 150 2300 40 0
146 send 142 2100 40 0
146 wait 151 147 2100
146 wait 143 147 2300
146 irecv 178 3100 200 0
146 irecv 114 3300 200 0
146 send 178 3300 60 0
146 send 114 3100 60 0
146 wait 179 147 3100
146 wait 115 147 3300
146 irecv 147 1100 200 0
146 irecv 145 1300 200 0
146 send 147 1300 16 0
146 send 145 1100 16 0
146 wait 148 147 1100
146 wait 146 147 1300
146 irecv 150 2100 200 0
146 irecv 142 2300 200 0
146 send 150 2300 40 0
146 send 142 2100 40 0
146 wait 151 147 2100
146 wait 143 147 2300
146 irecv 178 3100 200 0
146 irecv 114 3300 200 0
146 send 178 3300 60 0
146 send 114 3100 60 0
146 wait 179 147 3100
146 wait 115 147 3300
146 irecv 147 1100 200 0
146 irecv 145 1300 200 0
146 send 147 1300 4 0
146 send 145 1100 4 0
146 wait 148 147 1100
146 wait 146 147 1300
146 irecv 150 2100 200 0
146 irecv 142 2300 200 0
146 send 150 2300 12 0
146 send 142 2100 12 0
146 wait 151 147 2100
146 wait 143 147 2300
146 irecv 178 3100 200 0
146 irecv 114 3300 200 0
146 send 178 3300 24 0
146 send 114 3100 24 0
146 wait 179 147 3100
146 wait 115 147 3300
146 irecv 147 1100 200 0
146 irecv 145 1300 200 0
146 send 147 1300 1 0
146 send 145 1100 1 0
146 wait 148 147 1100
146 wait 146 147 1300
146 irecv 150 2100 200 0
146 irecv 142 2300 200 0
146 send 150 2300 4 0
146 send 142 2100 4 0
146 wait 151 147 2100
146 wait 143 147 2300
146 irecv 178 3100 200 0
146 irecv 114 3300 200 0
146 send 178 3300 12 0
146 send 114 3100 12 0
146 wait 179 147 3100
146 wait 115 147 3300
146 irecv 147 1100 200 0
146 irecv 145 1300 200 0
146 wait 148 147 1100
146 wait 146 147 1300
146 irecv 150 2100 200 0
146 irecv 142 2300 200 0
146 wait 151 147 2100
146 wait 143 147 2300
146 irecv 178 3100 200 0
146 irecv 114 3300 200 0
146 wait 179 147 3100
146 wait 115 147 3300
146 irecv 147 1100 200 0
146 irecv 145 1300 200 0
146 send 147 1300 1 0
146 send 145 1100 1 0
146 wait 148 147 1100
146 wait 146 147 1300
146 irecv 150 2100 200 0
146 irecv 142 2300 200 0
146 send 150 2300 4 0
146 send 142 2100 4 0
146 wait 151 147 2100
146 wait 143 147 2300
146 irecv 178 3100 200 0
146 irecv 114 3300 200 0
146 send 178 3300 12 0
146 send 114 3100 12 0
146 wait 179 147 3100
146 wait 115 147 3300
146 irecv 147 1100 200 0
146 irecv 145 1300 200 0
146 send 147 1300 1 0
146 send 145 1100 1 0
146 wait 148 147 1100
146 wait 146 147 1300
146 irecv 150 2100 200 0
146 irecv 142 2300 200 0
146 send 150 2300 4 0
146 send 142 2100 4 0
146 wait 151 147 2100
146 wait 143 147 2300
146 irecv 178 3100 200 0
146 irecv 114 3300 200 0
146 send 178 3300 12 0
146 send 114 3100 12 0
146 wait 179 147 3100
146 wait 115 147 3300
146 irecv 147 1100 200 0
146 irecv 145 1300 200 0
146 send 147 1300 4 0
146 send 145 1100 4 0
146 wait 148 147 1100
146 wait 146 147 1300
146 irecv 150 2100 200 0
146 irecv 142 2300 200 0
146 send 150 2300 12 0
146 send 142 2100 12 0
146 wait 151 147 2100
146 wait 143 147 2300
146 irecv 178 3100 200 0
146 irecv 114 3300 200 0
146 send 178 3300 24 0
146 send 114 3100 24 0
146 wait 179 147 3100
146 wait 115 147 3300
146 irecv 147 1100 200 0
146 irecv 145 1300 200 0
146 send 147 1300 4 0
146 send 145 1100 4 0
146 wait 148 147 1100
146 wait 146 147 1300
146 irecv 150 2100 200 0
146 irecv 142 2300 200 0
146 send 150 2300 12 0
146 send 142 2100 12 0
146 wait 151 147 2100
146 wait 143 147 2300
146 irecv 178 3100 200 0
146 irecv 114 3300 200 0
146 send 178 3300 24 0
146 send 114 3100 24 0
146 wait 179 147 3100
146 wait 115 147 3300
146 irecv 147 1100 200 0
146 irecv 145 1300 200 0
146 send 147 1300 16 0
146 send 145 1100 16 0
146 wait 148 147 1100
146 wait 146 147 1300
146 irecv 150 2100 200 0
146 irecv 142 2300 200 0
146 send 150 2300 40 0
146 send 142 2100 40 0
146 wait 151 147 2100
146 wait 143 147 2300
146 irecv 178 3100 200 0
146 irecv 114 3300 200 0
146 send 178 3300 60 0
146 send 114 3100 60 0
146 wait 179 147 3100
146 wait 115 147 3300
146 irecv 147 1100 200 0
146 irecv 145 1300 200 0
146 send 147 1300 16 0
146 send 145 1100 16 0
146 wait 148 147 1100
146 wait 146 147 1300
146 irecv 150 2100 200 0
146 irecv 142 2300 200 0
146 send 150 2300 40 0
146 send 142 2100 40 0
146 wait 151 147 2100
146 wait 143 147 2300
146 irecv 178 3100 200 0
146 irecv 114 3300 200 0
146 send 178 3300 60 0
146 send 114 3100 60 0
146 wait 179 147 3100
146 wait 115 147 3300
146 irecv 147 1100 200 0
146 irecv 145 1300 200 0
146 send 147 1300 16 0
146 send 145 1100 16 0
146 wait 148 147 1100
146 wait 146 147 1300
146 irecv 150 2100 200 0
146 irecv 142 2300 200 0
146 send 150 2300 40 0
146 send 142 2100 40 0
146 wait 151 147 2100
146 wait 143 147 2300
146 irecv 178 3100 200 0
146 irecv 114 3300 200 0
146 send 178 3300 60 0
146 send 114 3100 60 0
146 wait 179 147 3100
146 wait 115 147 3300
146 allreduce 1 0 0 
146 allreduce 1 0 0 
146 reduce 1 0 0 0 
146 finalize
