39 init
39 barrier
39 bcast 1 0 1 
39 bcast 1 0 1 
39 bcast 1 0 1 
39 bcast 1 0 1 
39 bcast 1 0 1 
39 bcast 8 0 1 
39 bcast 1 0 16 
39 barrier
39 allreduce 1 0 0 
39 allreduce 4 0 1 
39 allreduce 1 0 0 
39 allreduce 4 0 1 
39 allreduce 1 0 0 
39 allreduce 4 0 1 
39 allreduce 1 0 0 
39 allreduce 4 0 1 
39 allreduce 1 0 0 
39 allreduce 4 0 1 
39 allreduce 1 0 0 
39 allreduce 4 0 1 
39 allreduce 1 0 0 
39 allreduce 4 0 1 
39 allreduce 1 0 0 
39 allreduce 4 0 1 
39 allreduce 1 0 0 
39 allreduce 4 0 1 
39 allreduce 1 0 0 
39 allreduce 4 0 1 
39 allreduce 1 0 0 
39 allreduce 4 0 1 
39 allreduce 1 0 0 
39 allreduce 4 0 1 
39 allreduce 1 0 0 
39 allreduce 4 0 1 
39 allreduce 1 0 0 
39 allreduce 4 0 1 
39 allreduce 1 0 0 
39 allreduce 4 0 1 
39 allreduce 1 0 0 
39 allreduce 4 0 1 
39 allreduce 1 0 0 
39 allreduce 4 0 1 
39 allreduce 1 0 0 
39 allreduce 4 0 1 
39 allreduce 1 0 0 
39 allreduce 4 0 1 
39 allreduce 1 0 0 
39 allreduce 4 0 1 
39 barrier
39 irecv 36 1100 200 0
39 irecv 38 1300 200 0
39 send 36 1300 16 0
39 send 38 1100 16 0
39 wait 37 40 1100
39 wait 39 40 1300
39 irecv 43 2100 200 0
39 irecv 35 2300 200 0
39 send 43 2300 40 0
39 send 35 2100 40 0
39 wait 44 40 2100
39 wait 36 40 2300
39 irecv 71 3100 200 0
39 irecv 7 3300 200 0
39 send 71 3300 60 0
39 send 7 3100 60 0
39 wait 72 40 3100
39 wait 8 40 3300
39 allreduce 1 0 0 
39 allreduce 1 0 0 
39 irecv 36 1100 200 0
39 irecv 38 1300 200 0
39 send 36 1300 16 0
39 send 38 1100 16 0
39 wait 37 40 1100
39 wait 39 40 1300
39 irecv 43 2100 200 0
39 irecv 35 2300 200 0
39 send 43 2300 40 0
39 send 35 2100 40 0
39 wait 44 40 2100
39 wait 36 40 2300
39 irecv 71 3100 200 0
39 irecv 7 3300 200 0
39 send 71 3300 60 0
39 send 7 3100 60 0
39 wait 72 40 3100
39 wait 8 40 3300
39 allreduce 1 0 0 
39 allreduce 1 0 0 
39 irecv 36 1100 200 0
39 irecv 38 1300 200 0
39 send 36 1300 4 0
39 send 38 1100 4 0
39 wait 37 40 1100
39 wait 39 40 1300
39 irecv 43 2100 200 0
39 irecv 35 2300 200 0
39 send 43 2300 12 0
39 send 35 2100 12 0
39 wait 44 40 2100
39 wait 36 40 2300
39 irecv 71 3100 200 0
39 irecv 7 3300 200 0
39 send 71 3300 24 0
39 send 7 3100 24 0
39 wait 72 40 3100
39 wait 8 40 3300
39 irecv 36 1100 200 0
39 irecv 38 1300 200 0
39 send 36 1300 1 0
39 send 38 1100 1 0
39 wait 37 40 1100
39 wait 39 40 1300
39 irecv 43 2100 200 0
39 irecv 35 2300 200 0
39 send 43 2300 4 0
39 send 35 2100 4 0
39 wait 44 40 2100
39 wait 36 40 2300
39 irecv 71 3100 200 0
39 irecv 7 3300 200 0
39 send 71 3300 12 0
39 send 7 3100 12 0
39 wait 72 40 3100
39 wait 8 40 3300
39 irecv 36 1100 200 0
39 irecv 38 1300 200 0
39 send 36 1300 1 0
39 send 38 1100 1 0
39 wait 37 40 1100
39 wait 39 40 1300
39 irecv 47 2100 200 0
39 irecv 63 2300 200 0
39 send 47 2300 3 0
39 send 63 2100 3 0
39 wait 48 40 2100
39 wait 64 40 2300
39 irecv 103 3100 200 0
39 irecv 231 3300 200 0
39 send 103 3300 9 0
39 send 231 3100 9 0
39 wait 104 40 3100
39 wait 232 40 3300
39 send 36 1300 18 0
39 send 38 1100 9 0
39 irecv 47 2100 200 0
39 irecv 63 2300 200 0
39 wait 48 40 2100
39 wait 64 40 2300
39 irecv 103 3100 200 0
39 irecv 231 3300 200 0
39 wait 104 40 3100
39 wait 232 40 3300
39 irecv 36 1100 200 0
39 irecv 38 1300 200 0
39 send 36 1300 1 0
39 send 38 1100 1 0
39 wait 37 40 1100
39 wait 39 40 1300
39 irecv 47 2100 200 0
39 irecv 63 2300 200 0
39 send 47 2300 3 0
39 send 63 2100 3 0
39 wait 48 40 2100
39 wait 64 40 2300
39 irecv 103 3100 200 0
39 irecv 231 3300 200 0
39 send 103 3300 9 0
39 send 231 3100 9 0
39 wait 104 40 3100
39 wait 232 40 3300
39 irecv 36 1100 200 0
39 irecv 38 1300 200 0
39 send 36 1300 1 0
39 send 38 1100 1 0
39 wait 37 40 1100
39 wait 39 40 1300
39 irecv 47 2100 200 0
39 irecv 63 2300 200 0
39 send 47 2300 3 0
39 send 63 2100 3 0
39 wait 48 40 2100
39 wait 64 40 2300
39 irecv 103 3100 200 0
39 irecv 231 3300 200 0
39 send 103 3300 9 0
39 send 231 3100 9 0
39 wait 104 40 3100
39 wait 232 40 3300
39 send 43 2300 24 0
39 send 35 2100 12 0
39 send 71 3300 24 0
39 send 7 3100 12 0
39 irecv 36 1100 200 0
39 irecv 38 1300 200 0
39 send 36 1300 1 0
39 send 38 1100 1 0
39 wait 37 40 1100
39 wait 39 40 1300
39 irecv 43 2100 200 0
39 irecv 35 2300 200 0
39 send 43 2300 4 0
39 send 35 2100 4 0
39 wait 44 40 2100
39 wait 36 40 2300
39 irecv 71 3100 200 0
39 irecv 7 3300 200 0
39 send 71 3300 12 0
39 send 7 3100 12 0
39 wait 72 40 3100
39 wait 8 40 3300
39 irecv 36 1100 200 0
39 irecv 38 1300 200 0
39 send 36 1300 1 0
39 send 38 1100 1 0
39 wait 37 40 1100
39 wait 39 40 1300
39 irecv 43 2100 200 0
39 irecv 35 2300 200 0
39 send 43 2300 4 0
39 send 35 2100 4 0
39 wait 44 40 2100
39 wait 36 40 2300
39 irecv 71 3100 200 0
39 irecv 7 3300 200 0
39 send 71 3300 12 0
39 send 7 3100 12 0
39 wait 72 40 3100
39 wait 8 40 3300
39 irecv 36 1100 200 0
39 irecv 38 1300 200 0
39 send 36 1300 4 0
39 send 38 1100 4 0
39 wait 37 40 1100
39 wait 39 40 1300
39 irecv 43 2100 200 0
39 irecv 35 2300 200 0
39 send 43 2300 12 0
39 send 35 2100 12 0
39 wait 44 40 2100
39 wait 36 40 2300
39 irecv 71 3100 200 0
39 irecv 7 3300 200 0
39 send 71 3300 24 0
39 send 7 3100 24 0
39 wait 72 40 3100
39 wait 8 40 3300
39 irecv 36 1100 200 0
39 irecv 38 1300 200 0
39 send 36 1300 4 0
39 send 38 1100 4 0
39 wait 37 40 1100
39 wait 39 40 1300
39 irecv 43 2100 200 0
39 irecv 35 2300 200 0
39 send 43 2300 12 0
39 send 35 2100 12 0
39 wait 44 40 2100
39 wait 36 40 2300
39 irecv 71 3100 200 0
39 irecv 7 3300 200 0
39 send 71 3300 24 0
39 send 7 3100 24 0
39 wait 72 40 3100
39 wait 8 40 3300
39 irecv 36 1100 200 0
39 irecv 38 1300 200 0
39 send 36 1300 16 0
39 send 38 1100 16 0
39 wait 37 40 1100
39 wait 39 40 1300
39 irecv 43 2100 200 0
39 irecv 35 2300 200 0
39 send 43 2300 40 0
39 send 35 2100 40 0
39 wait 44 40 2100
39 wait 36 40 2300
39 irecv 71 3100 200 0
39 irecv 7 3300 200 0
39 send 71 3300 60 0
39 send 7 3100 60 0
39 wait 72 40 3100
39 wait 8 40 3300
39 irecv 36 1100 200 0
39 irecv 38 1300 200 0
39 send 36 1300 16 0
39 send 38 1100 16 0
39 wait 37 40 1100
39 wait 39 40 1300
39 irecv 43 2100 200 0
39 irecv 35 2300 200 0
39 send 43 2300 40 0
39 send 35 2100 40 0
39 wait 44 40 2100
39 wait 36 40 2300
39 irecv 71 3100 200 0
39 irecv 7 3300 200 0
39 send 71 3300 60 0
39 send 7 3100 60 0
39 wait 72 40 3100
39 wait 8 40 3300
39 irecv 36 1100 200 0
39 irecv 38 1300 200 0
39 send 36 1300 16 0
39 send 38 1100 16 0
39 wait 37 40 1100
39 wait 39 40 1300
39 irecv 43 2100 200 0
39 irecv 35 2300 200 0
39 send 43 2300 40 0
39 send 35 2100 40 0
39 wait 44 40 2100
39 wait 36 40 2300
39 irecv 71 3100 200 0
39 irecv 7 3300 200 0
39 send 71 3300 60 0
39 send 7 3100 60 0
39 wait 72 40 3100
39 wait 8 40 3300
39 barrier
39 allreduce 1 0 0 
39 allreduce 4 0 1 
39 allreduce 1 0 0 
39 allreduce 4 0 1 
39 allreduce 1 0 0 
39 allreduce 4 0 1 
39 allreduce 1 0 0 
39 allreduce 4 0 1 
39 allreduce 1 0 0 
39 allreduce 4 0 1 
39 allreduce 1 0 0 
39 allreduce 4 0 1 
39 allreduce 1 0 0 
39 allreduce 4 0 1 
39 allreduce 1 0 0 
39 allreduce 4 0 1 
39 allreduce 1 0 0 
39 allreduce 4 0 1 
39 allreduce 1 0 0 
39 allreduce 4 0 1 
39 allreduce 1 0 0 
39 allreduce 4 0 1 
39 allreduce 1 0 0 
39 allreduce 4 0 1 
39 allreduce 1 0 0 
39 allreduce 4 0 1 
39 allreduce 1 0 0 
39 allreduce 4 0 1 
39 allreduce 1 0 0 
39 allreduce 4 0 1 
39 allreduce 1 0 0 
39 allreduce 4 0 1 
39 allreduce 1 0 0 
39 allreduce 4 0 1 
39 allreduce 1 0 0 
39 allreduce 4 0 1 
39 allreduce 1 0 0 
39 allreduce 4 0 1 
39 allreduce 1 0 0 
39 allreduce 4 0 1 
39 barrier
39 irecv 36 1100 200 0
39 irecv 38 1300 200 0
39 send 36 1300 16 0
39 send 38 1100 16 0
39 wait 37 40 1100
39 wait 39 40 1300
39 irecv 43 2100 200 0
39 irecv 35 2300 200 0
39 send 43 2300 40 0
39 send 35 2100 40 0
39 wait 44 40 2100
39 wait 36 40 2300
39 irecv 71 3100 200 0
39 irecv 7 3300 200 0
39 send 71 3300 60 0
39 send 7 3100 60 0
39 wait 72 40 3100
39 wait 8 40 3300
39 barrier
39 irecv 36 1100 200 0
39 irecv 38 1300 200 0
39 send 36 1300 16 0
39 send 38 1100 16 0
39 wait 37 40 1100
39 wait 39 40 1300
39 irecv 43 2100 200 0
39 irecv 35 2300 200 0
39 send 43 2300 40 0
39 send 35 2100 40 0
39 wait 44 40 2100
39 wait 36 40 2300
39 irecv 71 3100 200 0
39 irecv 7 3300 200 0
39 send 71 3300 60 0
39 send 7 3100 60 0
39 wait 72 40 3100
39 wait 8 40 3300
39 allreduce 1 0 0 
39 allreduce 1 0 0 
39 irecv 36 1100 200 0
39 irecv 38 1300 200 0
39 send 36 1300 4 0
39 send 38 1100 4 0
39 wait 37 40 1100
39 wait 39 40 1300
39 irecv 43 2100 200 0
39 irecv 35 2300 200 0
39 send 43 2300 12 0
39 send 35 2100 12 0
39 wait 44 40 2100
39 wait 36 40 2300
39 irecv 71 3100 200 0
39 irecv 7 3300 200 0
39 send 71 3300 24 0
39 send 7 3100 24 0
39 wait 72 40 3100
39 wait 8 40 3300
39 irecv 36 1100 200 0
39 irecv 38 1300 200 0
39 send 36 1300 1 0
39 send 38 1100 1 0
39 wait 37 40 1100
39 wait 39 40 1300
39 irecv 43 2100 200 0
39 irecv 35 2300 200 0
39 send 43 2300 4 0
39 send 35 2100 4 0
39 wait 44 40 2100
39 wait 36 40 2300
39 irecv 71 3100 200 0
39 irecv 7 3300 200 0
39 send 71 3300 12 0
39 send 7 3100 12 0
39 wait 72 40 3100
39 wait 8 40 3300
39 irecv 36 1100 200 0
39 irecv 38 1300 200 0
39 send 36 1300 1 0
39 send 38 1100 1 0
39 wait 37 40 1100
39 wait 39 40 1300
39 irecv 47 2100 200 0
39 irecv 63 2300 200 0
39 send 47 2300 3 0
39 send 63 2100 3 0
39 wait 48 40 2100
39 wait 64 40 2300
39 irecv 103 3100 200 0
39 irecv 231 3300 200 0
39 send 103 3300 9 0
39 send 231 3100 9 0
39 wait 104 40 3100
39 wait 232 40 3300
39 send 36 1300 18 0
39 send 38 1100 9 0
39 irecv 47 2100 200 0
39 irecv 63 2300 200 0
39 wait 48 40 2100
39 wait 64 40 2300
39 irecv 103 3100 200 0
39 irecv 231 3300 200 0
39 wait 104 40 3100
39 wait 232 40 3300
39 irecv 36 1100 200 0
39 irecv 38 1300 200 0
39 send 36 1300 1 0
39 send 38 1100 1 0
39 wait 37 40 1100
39 wait 39 40 1300
39 irecv 47 2100 200 0
39 irecv 63 2300 200 0
39 send 47 2300 3 0
39 send 63 2100 3 0
39 wait 48 40 2100
39 wait 64 40 2300
39 irecv 103 3100 200 0
39 irecv 231 3300 200 0
39 send 103 3300 9 0
39 send 231 3100 9 0
39 wait 104 40 3100
39 wait 232 40 3300
39 irecv 36 1100 200 0
39 irecv 38 1300 200 0
39 send 36 1300 1 0
39 send 38 1100 1 0
39 wait 37 40 1100
39 wait 39 40 1300
39 irecv 47 2100 200 0
39 irecv 63 2300 200 0
39 send 47 2300 3 0
39 send 63 2100 3 0
39 wait 48 40 2100
39 wait 64 40 2300
39 irecv 103 3100 200 0
39 irecv 231 3300 200 0
39 send 103 3300 9 0
39 send 231 3100 9 0
39 wait 104 40 3100
39 wait 232 40 3300
39 send 43 2300 24 0
39 send 35 2100 12 0
39 send 71 3300 24 0
39 send 7 3100 12 0
39 irecv 36 1100 200 0
39 irecv 38 1300 200 0
39 send 36 1300 1 0
39 send 38 1100 1 0
39 wait 37 40 1100
39 wait 39 40 1300
39 irecv 43 2100 200 0
39 irecv 35 2300 200 0
39 send 43 2300 4 0
39 send 35 2100 4 0
39 wait 44 40 2100
39 wait 36 40 2300
39 irecv 71 3100 200 0
39 irecv 7 3300 200 0
39 send 71 3300 12 0
39 send 7 3100 12 0
39 wait 72 40 3100
39 wait 8 40 3300
39 irecv 36 1100 200 0
39 irecv 38 1300 200 0
39 send 36 1300 1 0
39 send 38 1100 1 0
39 wait 37 40 1100
39 wait 39 40 1300
39 irecv 43 2100 200 0
39 irecv 35 2300 200 0
39 send 43 2300 4 0
39 send 35 2100 4 0
39 wait 44 40 2100
39 wait 36 40 2300
39 irecv 71 3100 200 0
39 irecv 7 3300 200 0
39 send 71 3300 12 0
39 send 7 3100 12 0
39 wait 72 40 3100
39 wait 8 40 3300
39 irecv 36 1100 200 0
39 irecv 38 1300 200 0
39 send 36 1300 4 0
39 send 38 1100 4 0
39 wait 37 40 1100
39 wait 39 40 1300
39 irecv 43 2100 200 0
39 irecv 35 2300 200 0
39 send 43 2300 12 0
39 send 35 2100 12 0
39 wait 44 40 2100
39 wait 36 40 2300
39 irecv 71 3100 200 0
39 irecv 7 3300 200 0
39 send 71 3300 24 0
39 send 7 3100 24 0
39 wait 72 40 3100
39 wait 8 40 3300
39 irecv 36 1100 200 0
39 irecv 38 1300 200 0
39 send 36 1300 4 0
39 send 38 1100 4 0
39 wait 37 40 1100
39 wait 39 40 1300
39 irecv 43 2100 200 0
39 irecv 35 2300 200 0
39 send 43 2300 12 0
39 send 35 2100 12 0
39 wait 44 40 2100
39 wait 36 40 2300
39 irecv 71 3100 200 0
39 irecv 7 3300 200 0
39 send 71 3300 24 0
39 send 7 3100 24 0
39 wait 72 40 3100
39 wait 8 40 3300
39 irecv 36 1100 200 0
39 irecv 38 1300 200 0
39 send 36 1300 16 0
39 send 38 1100 16 0
39 wait 37 40 1100
39 wait 39 40 1300
39 irecv 43 2100 200 0
39 irecv 35 2300 200 0
39 send 43 2300 40 0
39 send 35 2100 40 0
39 wait 44 40 2100
39 wait 36 40 2300
39 irecv 71 3100 200 0
39 irecv 7 3300 200 0
39 send 71 3300 60 0
39 send 7 3100 60 0
39 wait 72 40 3100
39 wait 8 40 3300
39 irecv 36 1100 200 0
39 irecv 38 1300 200 0
39 send 36 1300 16 0
39 send 38 1100 16 0
39 wait 37 40 1100
39 wait 39 40 1300
39 irecv 43 2100 200 0
39 irecv 35 2300 200 0
39 send 43 2300 40 0
39 send 35 2100 40 0
39 wait 44 40 2100
39 wait 36 40 2300
39 irecv 71 3100 200 0
39 irecv 7 3300 200 0
39 send 71 3300 60 0
39 send 7 3100 60 0
39 wait 72 40 3100
39 wait 8 40 3300
39 irecv 36 1100 200 0
39 irecv 38 1300 200 0
39 send 36 1300 16 0
39 send 38 1100 16 0
39 wait 37 40 1100
39 wait 39 40 1300
39 irecv 43 2100 200 0
39 irecv 35 2300 200 0
39 send 43 2300 40 0
39 send 35 2100 40 0
39 wait 44 40 2100
39 wait 36 40 2300
39 irecv 71 3100 200 0
39 irecv 7 3300 200 0
39 send 71 3300 60 0
39 send 7 3100 60 0
39 wait 72 40 3100
39 wait 8 40 3300
39 irecv 36 1100 200 0
39 irecv 38 1300 200 0
39 send 36 1300 4 0
39 send 38 1100 4 0
39 wait 37 40 1100
39 wait 39 40 1300
39 irecv 43 2100 200 0
39 irecv 35 2300 200 0
39 send 43 2300 12 0
39 send 35 2100 12 0
39 wait 44 40 2100
39 wait 36 40 2300
39 irecv 71 3100 200 0
39 irecv 7 3300 200 0
39 send 71 3300 24 0
39 send 7 3100 24 0
39 wait 72 40 3100
39 wait 8 40 3300
39 irecv 36 1100 200 0
39 irecv 38 1300 200 0
39 send 36 1300 1 0
39 send 38 1100 1 0
39 wait 37 40 1100
39 wait 39 40 1300
39 irecv 43 2100 200 0
39 irecv 35 2300 200 0
39 send 43 2300 4 0
39 send 35 2100 4 0
39 wait 44 40 2100
39 wait 36 40 2300
39 irecv 71 3100 200 0
39 irecv 7 3300 200 0
39 send 71 3300 12 0
39 send 7 3100 12 0
39 wait 72 40 3100
39 wait 8 40 3300
39 irecv 36 1100 200 0
39 irecv 38 1300 200 0
39 send 36 1300 1 0
39 send 38 1100 1 0
39 wait 37 40 1100
39 wait 39 40 1300
39 irecv 47 2100 200 0
39 irecv 63 2300 200 0
39 send 47 2300 3 0
39 send 63 2100 3 0
39 wait 48 40 2100
39 wait 64 40 2300
39 irecv 103 3100 200 0
39 irecv 231 3300 200 0
39 send 103 3300 9 0
39 send 231 3100 9 0
39 wait 104 40 3100
39 wait 232 40 3300
39 send 36 1300 18 0
39 send 38 1100 9 0
39 irecv 47 2100 200 0
39 irecv 63 2300 200 0
39 wait 48 40 2100
39 wait 64 40 2300
39 irecv 103 3100 200 0
39 irecv 231 3300 200 0
39 wait 104 40 3100
39 wait 232 40 3300
39 irecv 36 1100 200 0
39 irecv 38 1300 200 0
39 send 36 1300 1 0
39 send 38 1100 1 0
39 wait 37 40 1100
39 wait 39 40 1300
39 irecv 47 2100 200 0
39 irecv 63 2300 200 0
39 send 47 2300 3 0
39 send 63 2100 3 0
39 wait 48 40 2100
39 wait 64 40 2300
39 irecv 103 3100 200 0
39 irecv 231 3300 200 0
39 send 103 3300 9 0
39 send 231 3100 9 0
39 wait 104 40 3100
39 wait 232 40 3300
39 irecv 36 1100 200 0
39 irecv 38 1300 200 0
39 send 36 1300 1 0
39 send 38 1100 1 0
39 wait 37 40 1100
39 wait 39 40 1300
39 irecv 47 2100 200 0
39 irecv 63 2300 200 0
39 send 47 2300 3 0
39 send 63 2100 3 0
39 wait 48 40 2100
39 wait 64 40 2300
39 irecv 103 3100 200 0
39 irecv 231 3300 200 0
39 send 103 3300 9 0
39 send 231 3100 9 0
39 wait 104 40 3100
39 wait 232 40 3300
39 send 43 2300 24 0
39 send 35 2100 12 0
39 send 71 3300 24 0
39 send 7 3100 12 0
39 irecv 36 1100 200 0
39 irecv 38 1300 200 0
39 send 36 1300 1 0
39 send 38 1100 1 0
39 wait 37 40 1100
39 wait 39 40 1300
39 irecv 43 2100 200 0
39 irecv 35 2300 200 0
39 send 43 2300 4 0
39 send 35 2100 4 0
39 wait 44 40 2100
39 wait 36 40 2300
39 irecv 71 3100 200 0
39 irecv 7 3300 200 0
39 send 71 3300 12 0
39 send 7 3100 12 0
39 wait 72 40 3100
39 wait 8 40 3300
39 irecv 36 1100 200 0
39 irecv 38 1300 200 0
39 send 36 1300 1 0
39 send 38 1100 1 0
39 wait 37 40 1100
39 wait 39 40 1300
39 irecv 43 2100 200 0
39 irecv 35 2300 200 0
39 send 43 2300 4 0
39 send 35 2100 4 0
39 wait 44 40 2100
39 wait 36 40 2300
39 irecv 71 3100 200 0
39 irecv 7 3300 200 0
39 send 71 3300 12 0
39 send 7 3100 12 0
39 wait 72 40 3100
39 wait 8 40 3300
39 irecv 36 1100 200 0
39 irecv 38 1300 200 0
39 send 36 1300 4 0
39 send 38 1100 4 0
39 wait 37 40 1100
39 wait 39 40 1300
39 irecv 43 2100 200 0
39 irecv 35 2300 200 0
39 send 43 2300 12 0
39 send 35 2100 12 0
39 wait 44 40 2100
39 wait 36 40 2300
39 irecv 71 3100 200 0
39 irecv 7 3300 200 0
39 send 71 3300 24 0
39 send 7 3100 24 0
39 wait 72 40 3100
39 wait 8 40 3300
39 irecv 36 1100 200 0
39 irecv 38 1300 200 0
39 send 36 1300 4 0
39 send 38 1100 4 0
39 wait 37 40 1100
39 wait 39 40 1300
39 irecv 43 2100 200 0
39 irecv 35 2300 200 0
39 send 43 2300 12 0
39 send 35 2100 12 0
39 wait 44 40 2100
39 wait 36 40 2300
39 irecv 71 3100 200 0
39 irecv 7 3300 200 0
39 send 71 3300 24 0
39 send 7 3100 24 0
39 wait 72 40 3100
39 wait 8 40 3300
39 irecv 36 1100 200 0
39 irecv 38 1300 200 0
39 send 36 1300 16 0
39 send 38 1100 16 0
39 wait 37 40 1100
39 wait 39 40 1300
39 irecv 43 2100 200 0
39 irecv 35 2300 200 0
39 send 43 2300 40 0
39 send 35 2100 40 0
39 wait 44 40 2100
39 wait 36 40 2300
39 irecv 71 3100 200 0
39 irecv 7 3300 200 0
39 send 71 3300 60 0
39 send 7 3100 60 0
39 wait 72 40 3100
39 wait 8 40 3300
39 irecv 36 1100 200 0
39 irecv 38 1300 200 0
39 send 36 1300 16 0
39 send 38 1100 16 0
39 wait 37 40 1100
39 wait 39 40 1300
39 irecv 43 2100 200 0
39 irecv 35 2300 200 0
39 send 43 2300 40 0
39 send 35 2100 40 0
39 wait 44 40 2100
39 wait 36 40 2300
39 irecv 71 3100 200 0
39 irecv 7 3300 200 0
39 send 71 3300 60 0
39 send 7 3100 60 0
39 wait 72 40 3100
39 wait 8 40 3300
39 irecv 36 1100 200 0
39 irecv 38 1300 200 0
39 send 36 1300 16 0
39 send 38 1100 16 0
39 wait 37 40 1100
39 wait 39 40 1300
39 irecv 43 2100 200 0
39 irecv 35 2300 200 0
39 send 43 2300 40 0
39 send 35 2100 40 0
39 wait 44 40 2100
39 wait 36 40 2300
39 irecv 71 3100 200 0
39 irecv 7 3300 200 0
39 send 71 3300 60 0
39 send 7 3100 60 0
39 wait 72 40 3100
39 wait 8 40 3300
39 irecv 36 1100 200 0
39 irecv 38 1300 200 0
39 send 36 1300 4 0
39 send 38 1100 4 0
39 wait 37 40 1100
39 wait 39 40 1300
39 irecv 43 2100 200 0
39 irecv 35 2300 200 0
39 send 43 2300 12 0
39 send 35 2100 12 0
39 wait 44 40 2100
39 wait 36 40 2300
39 irecv 71 3100 200 0
39 irecv 7 3300 200 0
39 send 71 3300 24 0
39 send 7 3100 24 0
39 wait 72 40 3100
39 wait 8 40 3300
39 irecv 36 1100 200 0
39 irecv 38 1300 200 0
39 send 36 1300 1 0
39 send 38 1100 1 0
39 wait 37 40 1100
39 wait 39 40 1300
39 irecv 43 2100 200 0
39 irecv 35 2300 200 0
39 send 43 2300 4 0
39 send 35 2100 4 0
39 wait 44 40 2100
39 wait 36 40 2300
39 irecv 71 3100 200 0
39 irecv 7 3300 200 0
39 send 71 3300 12 0
39 send 7 3100 12 0
39 wait 72 40 3100
39 wait 8 40 3300
39 irecv 36 1100 200 0
39 irecv 38 1300 200 0
39 send 36 1300 1 0
39 send 38 1100 1 0
39 wait 37 40 1100
39 wait 39 40 1300
39 irecv 47 2100 200 0
39 irecv 63 2300 200 0
39 send 47 2300 3 0
39 send 63 2100 3 0
39 wait 48 40 2100
39 wait 64 40 2300
39 irecv 103 3100 200 0
39 irecv 231 3300 200 0
39 send 103 3300 9 0
39 send 231 3100 9 0
39 wait 104 40 3100
39 wait 232 40 3300
39 send 36 1300 18 0
39 send 38 1100 9 0
39 irecv 47 2100 200 0
39 irecv 63 2300 200 0
39 wait 48 40 2100
39 wait 64 40 2300
39 irecv 103 3100 200 0
39 irecv 231 3300 200 0
39 wait 104 40 3100
39 wait 232 40 3300
39 irecv 36 1100 200 0
39 irecv 38 1300 200 0
39 send 36 1300 1 0
39 send 38 1100 1 0
39 wait 37 40 1100
39 wait 39 40 1300
39 irecv 47 2100 200 0
39 irecv 63 2300 200 0
39 send 47 2300 3 0
39 send 63 2100 3 0
39 wait 48 40 2100
39 wait 64 40 2300
39 irecv 103 3100 200 0
39 irecv 231 3300 200 0
39 send 103 3300 9 0
39 send 231 3100 9 0
39 wait 104 40 3100
39 wait 232 40 3300
39 irecv 36 1100 200 0
39 irecv 38 1300 200 0
39 send 36 1300 1 0
39 send 38 1100 1 0
39 wait 37 40 1100
39 wait 39 40 1300
39 irecv 47 2100 200 0
39 irecv 63 2300 200 0
39 send 47 2300 3 0
39 send 63 2100 3 0
39 wait 48 40 2100
39 wait 64 40 2300
39 irecv 103 3100 200 0
39 irecv 231 3300 200 0
39 send 103 3300 9 0
39 send 231 3100 9 0
39 wait 104 40 3100
39 wait 232 40 3300
39 send 43 2300 24 0
39 send 35 2100 12 0
39 send 71 3300 24 0
39 send 7 3100 12 0
39 irecv 36 1100 200 0
39 irecv 38 1300 200 0
39 send 36 1300 1 0
39 send 38 1100 1 0
39 wait 37 40 1100
39 wait 39 40 1300
39 irecv 43 2100 200 0
39 irecv 35 2300 200 0
39 send 43 2300 4 0
39 send 35 2100 4 0
39 wait 44 40 2100
39 wait 36 40 2300
39 irecv 71 3100 200 0
39 irecv 7 3300 200 0
39 send 71 3300 12 0
39 send 7 3100 12 0
39 wait 72 40 3100
39 wait 8 40 3300
39 irecv 36 1100 200 0
39 irecv 38 1300 200 0
39 send 36 1300 1 0
39 send 38 1100 1 0
39 wait 37 40 1100
39 wait 39 40 1300
39 irecv 43 2100 200 0
39 irecv 35 2300 200 0
39 send 43 2300 4 0
39 send 35 2100 4 0
39 wait 44 40 2100
39 wait 36 40 2300
39 irecv 71 3100 200 0
39 irecv 7 3300 200 0
39 send 71 3300 12 0
39 send 7 3100 12 0
39 wait 72 40 3100
39 wait 8 40 3300
39 irecv 36 1100 200 0
39 irecv 38 1300 200 0
39 send 36 1300 4 0
39 send 38 1100 4 0
39 wait 37 40 1100
39 wait 39 40 1300
39 irecv 43 2100 200 0
39 irecv 35 2300 200 0
39 send 43 2300 12 0
39 send 35 2100 12 0
39 wait 44 40 2100
39 wait 36 40 2300
39 irecv 71 3100 200 0
39 irecv 7 3300 200 0
39 send 71 3300 24 0
39 send 7 3100 24 0
39 wait 72 40 3100
39 wait 8 40 3300
39 irecv 36 1100 200 0
39 irecv 38 1300 200 0
39 send 36 1300 4 0
39 send 38 1100 4 0
39 wait 37 40 1100
39 wait 39 40 1300
39 irecv 43 2100 200 0
39 irecv 35 2300 200 0
39 send 43 2300 12 0
39 send 35 2100 12 0
39 wait 44 40 2100
39 wait 36 40 2300
39 irecv 71 3100 200 0
39 irecv 7 3300 200 0
39 send 71 3300 24 0
39 send 7 3100 24 0
39 wait 72 40 3100
39 wait 8 40 3300
39 irecv 36 1100 200 0
39 irecv 38 1300 200 0
39 send 36 1300 16 0
39 send 38 1100 16 0
39 wait 37 40 1100
39 wait 39 40 1300
39 irecv 43 2100 200 0
39 irecv 35 2300 200 0
39 send 43 2300 40 0
39 send 35 2100 40 0
39 wait 44 40 2100
39 wait 36 40 2300
39 irecv 71 3100 200 0
39 irecv 7 3300 200 0
39 send 71 3300 60 0
39 send 7 3100 60 0
39 wait 72 40 3100
39 wait 8 40 3300
39 irecv 36 1100 200 0
39 irecv 38 1300 200 0
39 send 36 1300 16 0
39 send 38 1100 16 0
39 wait 37 40 1100
39 wait 39 40 1300
39 irecv 43 2100 200 0
39 irecv 35 2300 200 0
39 send 43 2300 40 0
39 send 35 2100 40 0
39 wait 44 40 2100
39 wait 36 40 2300
39 irecv 71 3100 200 0
39 irecv 7 3300 200 0
39 send 71 3300 60 0
39 send 7 3100 60 0
39 wait 72 40 3100
39 wait 8 40 3300
39 irecv 36 1100 200 0
39 irecv 38 1300 200 0
39 send 36 1300 16 0
39 send 38 1100 16 0
39 wait 37 40 1100
39 wait 39 40 1300
39 irecv 43 2100 200 0
39 irecv 35 2300 200 0
39 send 43 2300 40 0
39 send 35 2100 40 0
39 wait 44 40 2100
39 wait 36 40 2300
39 irecv 71 3100 200 0
39 irecv 7 3300 200 0
39 send 71 3300 60 0
39 send 7 3100 60 0
39 wait 72 40 3100
39 wait 8 40 3300
39 irecv 36 1100 200 0
39 irecv 38 1300 200 0
39 send 36 1300 4 0
39 send 38 1100 4 0
39 wait 37 40 1100
39 wait 39 40 1300
39 irecv 43 2100 200 0
39 irecv 35 2300 200 0
39 send 43 2300 12 0
39 send 35 2100 12 0
39 wait 44 40 2100
39 wait 36 40 2300
39 irecv 71 3100 200 0
39 irecv 7 3300 200 0
39 send 71 3300 24 0
39 send 7 3100 24 0
39 wait 72 40 3100
39 wait 8 40 3300
39 irecv 36 1100 200 0
39 irecv 38 1300 200 0
39 send 36 1300 1 0
39 send 38 1100 1 0
39 wait 37 40 1100
39 wait 39 40 1300
39 irecv 43 2100 200 0
39 irecv 35 2300 200 0
39 send 43 2300 4 0
39 send 35 2100 4 0
39 wait 44 40 2100
39 wait 36 40 2300
39 irecv 71 3100 200 0
39 irecv 7 3300 200 0
39 send 71 3300 12 0
39 send 7 3100 12 0
39 wait 72 40 3100
39 wait 8 40 3300
39 irecv 36 1100 200 0
39 irecv 38 1300 200 0
39 send 36 1300 1 0
39 send 38 1100 1 0
39 wait 37 40 1100
39 wait 39 40 1300
39 irecv 47 2100 200 0
39 irecv 63 2300 200 0
39 send 47 2300 3 0
39 send 63 2100 3 0
39 wait 48 40 2100
39 wait 64 40 2300
39 irecv 103 3100 200 0
39 irecv 231 3300 200 0
39 send 103 3300 9 0
39 send 231 3100 9 0
39 wait 104 40 3100
39 wait 232 40 3300
39 send 36 1300 18 0
39 send 38 1100 9 0
39 irecv 47 2100 200 0
39 irecv 63 2300 200 0
39 wait 48 40 2100
39 wait 64 40 2300
39 irecv 103 3100 200 0
39 irecv 231 3300 200 0
39 wait 104 40 3100
39 wait 232 40 3300
39 irecv 36 1100 200 0
39 irecv 38 1300 200 0
39 send 36 1300 1 0
39 send 38 1100 1 0
39 wait 37 40 1100
39 wait 39 40 1300
39 irecv 47 2100 200 0
39 irecv 63 2300 200 0
39 send 47 2300 3 0
39 send 63 2100 3 0
39 wait 48 40 2100
39 wait 64 40 2300
39 irecv 103 3100 200 0
39 irecv 231 3300 200 0
39 send 103 3300 9 0
39 send 231 3100 9 0
39 wait 104 40 3100
39 wait 232 40 3300
39 irecv 36 1100 200 0
39 irecv 38 1300 200 0
39 send 36 1300 1 0
39 send 38 1100 1 0
39 wait 37 40 1100
39 wait 39 40 1300
39 irecv 47 2100 200 0
39 irecv 63 2300 200 0
39 send 47 2300 3 0
39 send 63 2100 3 0
39 wait 48 40 2100
39 wait 64 40 2300
39 irecv 103 3100 200 0
39 irecv 231 3300 200 0
39 send 103 3300 9 0
39 send 231 3100 9 0
39 wait 104 40 3100
39 wait 232 40 3300
39 send 43 2300 24 0
39 send 35 2100 12 0
39 send 71 3300 24 0
39 send 7 3100 12 0
39 irecv 36 1100 200 0
39 irecv 38 1300 200 0
39 send 36 1300 1 0
39 send 38 1100 1 0
39 wait 37 40 1100
39 wait 39 40 1300
39 irecv 43 2100 200 0
39 irecv 35 2300 200 0
39 send 43 2300 4 0
39 send 35 2100 4 0
39 wait 44 40 2100
39 wait 36 40 2300
39 irecv 71 3100 200 0
39 irecv 7 3300 200 0
39 send 71 3300 12 0
39 send 7 3100 12 0
39 wait 72 40 3100
39 wait 8 40 3300
39 irecv 36 1100 200 0
39 irecv 38 1300 200 0
39 send 36 1300 1 0
39 send 38 1100 1 0
39 wait 37 40 1100
39 wait 39 40 1300
39 irecv 43 2100 200 0
39 irecv 35 2300 200 0
39 send 43 2300 4 0
39 send 35 2100 4 0
39 wait 44 40 2100
39 wait 36 40 2300
39 irecv 71 3100 200 0
39 irecv 7 3300 200 0
39 send 71 3300 12 0
39 send 7 3100 12 0
39 wait 72 40 3100
39 wait 8 40 3300
39 irecv 36 1100 200 0
39 irecv 38 1300 200 0
39 send 36 1300 4 0
39 send 38 1100 4 0
39 wait 37 40 1100
39 wait 39 40 1300
39 irecv 43 2100 200 0
39 irecv 35 2300 200 0
39 send 43 2300 12 0
39 send 35 2100 12 0
39 wait 44 40 2100
39 wait 36 40 2300
39 irecv 71 3100 200 0
39 irecv 7 3300 200 0
39 send 71 3300 24 0
39 send 7 3100 24 0
39 wait 72 40 3100
39 wait 8 40 3300
39 irecv 36 1100 200 0
39 irecv 38 1300 200 0
39 send 36 1300 4 0
39 send 38 1100 4 0
39 wait 37 40 1100
39 wait 39 40 1300
39 irecv 43 2100 200 0
39 irecv 35 2300 200 0
39 send 43 2300 12 0
39 send 35 2100 12 0
39 wait 44 40 2100
39 wait 36 40 2300
39 irecv 71 3100 200 0
39 irecv 7 3300 200 0
39 send 71 3300 24 0
39 send 7 3100 24 0
39 wait 72 40 3100
39 wait 8 40 3300
39 irecv 36 1100 200 0
39 irecv 38 1300 200 0
39 send 36 1300 16 0
39 send 38 1100 16 0
39 wait 37 40 1100
39 wait 39 40 1300
39 irecv 43 2100 200 0
39 irecv 35 2300 200 0
39 send 43 2300 40 0
39 send 35 2100 40 0
39 wait 44 40 2100
39 wait 36 40 2300
39 irecv 71 3100 200 0
39 irecv 7 3300 200 0
39 send 71 3300 60 0
39 send 7 3100 60 0
39 wait 72 40 3100
39 wait 8 40 3300
39 irecv 36 1100 200 0
39 irecv 38 1300 200 0
39 send 36 1300 16 0
39 send 38 1100 16 0
39 wait 37 40 1100
39 wait 39 40 1300
39 irecv 43 2100 200 0
39 irecv 35 2300 200 0
39 send 43 2300 40 0
39 send 35 2100 40 0
39 wait 44 40 2100
39 wait 36 40 2300
39 irecv 71 3100 200 0
39 irecv 7 3300 200 0
39 send 71 3300 60 0
39 send 7 3100 60 0
39 wait 72 40 3100
39 wait 8 40 3300
39 irecv 36 1100 200 0
39 irecv 38 1300 200 0
39 send 36 1300 16 0
39 send 38 1100 16 0
39 wait 37 40 1100
39 wait 39 40 1300
39 irecv 43 2100 200 0
39 irecv 35 2300 200 0
39 send 43 2300 40 0
39 send 35 2100 40 0
39 wait 44 40 2100
39 wait 36 40 2300
39 irecv 71 3100 200 0
39 irecv 7 3300 200 0
39 send 71 3300 60 0
39 send 7 3100 60 0
39 wait 72 40 3100
39 wait 8 40 3300
39 allreduce 1 0 0 
39 allreduce 1 0 0 
39 reduce 1 0 0 0 
39 finalize
