79 init
79 barrier
79 bcast 1 0 1 
79 bcast 1 0 1 
79 bcast 1 0 1 
79 bcast 1 0 1 
79 bcast 1 0 1 
79 bcast 8 0 1 
79 bcast 1 0 16 
79 barrier
79 allreduce 1 0 0 
79 allreduce 4 0 1 
79 allreduce 1 0 0 
79 allreduce 4 0 1 
79 allreduce 1 0 0 
79 allreduce 4 0 1 
79 allreduce 1 0 0 
79 allreduce 4 0 1 
79 allreduce 1 0 0 
79 allreduce 4 0 1 
79 allreduce 1 0 0 
79 allreduce 4 0 1 
79 allreduce 1 0 0 
79 allreduce 4 0 1 
79 allreduce 1 0 0 
79 allreduce 4 0 1 
79 allreduce 1 0 0 
79 allreduce 4 0 1 
79 allreduce 1 0 0 
79 allreduce 4 0 1 
79 allreduce 1 0 0 
79 allreduce 4 0 1 
79 allreduce 1 0 0 
79 allreduce 4 0 1 
79 allreduce 1 0 0 
79 allreduce 4 0 1 
79 allreduce 1 0 0 
79 allreduce 4 0 1 
79 allreduce 1 0 0 
79 allreduce 4 0 1 
79 allreduce 1 0 0 
79 allreduce 4 0 1 
79 allreduce 1 0 0 
79 allreduce 4 0 1 
79 allreduce 1 0 0 
79 allreduce 4 0 1 
79 allreduce 1 0 0 
79 allreduce 4 0 1 
79 allreduce 1 0 0 
79 allreduce 4 0 1 
79 barrier
79 irecv 76 1100 200 0
79 irecv 78 1300 200 0
79 send 76 1300 16 0
79 send 78 1100 16 0
79 wait 77 80 1100
79 wait 79 80 1300
79 irecv 83 2100 200 0
79 irecv 75 2300 200 0
79 send 83 2300 40 0
79 send 75 2100 40 0
79 wait 84 80 2100
79 wait 76 80 2300
79 irecv 111 3100 200 0
79 irecv 47 3300 200 0
79 send 111 3300 60 0
79 send 47 3100 60 0
79 wait 112 80 3100
79 wait 48 80 3300
79 allreduce 1 0 0 
79 allreduce 1 0 0 
79 irecv 76 1100 200 0
79 irecv 78 1300 200 0
79 send 76 1300 16 0
79 send 78 1100 16 0
79 wait 77 80 1100
79 wait 79 80 1300
79 irecv 83 2100 200 0
79 irecv 75 2300 200 0
79 send 83 2300 40 0
79 send 75 2100 40 0
79 wait 84 80 2100
79 wait 76 80 2300
79 irecv 111 3100 200 0
79 irecv 47 3300 200 0
79 send 111 3300 60 0
79 send 47 3100 60 0
79 wait 112 80 3100
79 wait 48 80 3300
79 allreduce 1 0 0 
79 allreduce 1 0 0 
79 irecv 76 1100 200 0
79 irecv 78 1300 200 0
79 send 76 1300 4 0
79 send 78 1100 4 0
79 wait 77 80 1100
79 wait 79 80 1300
79 irecv 83 2100 200 0
79 irecv 75 2300 200 0
79 send 83 2300 12 0
79 send 75 2100 12 0
79 wait 84 80 2100
79 wait 76 80 2300
79 irecv 111 3100 200 0
79 irecv 47 3300 200 0
79 send 111 3300 24 0
79 send 47 3100 24 0
79 wait 112 80 3100
79 wait 48 80 3300
79 irecv 76 1100 200 0
79 irecv 78 1300 200 0
79 send 76 1300 1 0
79 send 78 1100 1 0
79 wait 77 80 1100
79 wait 79 80 1300
79 irecv 83 2100 200 0
79 irecv 75 2300 200 0
79 send 83 2300 4 0
79 send 75 2100 4 0
79 wait 84 80 2100
79 wait 76 80 2300
79 irecv 111 3100 200 0
79 irecv 47 3300 200 0
79 send 111 3300 12 0
79 send 47 3100 12 0
79 wait 112 80 3100
79 wait 48 80 3300
79 send 76 1300 12 0
79 send 78 1100 6 0
79 send 87 2300 12 0
79 send 71 2100 6 0
79 send 83 2300 24 0
79 send 75 2100 12 0
79 irecv 111 3100 200 0
79 irecv 47 3300 200 0
79 wait 112 80 3100
79 wait 48 80 3300
79 irecv 76 1100 200 0
79 irecv 78 1300 200 0
79 send 76 1300 1 0
79 send 78 1100 1 0
79 wait 77 80 1100
79 wait 79 80 1300
79 irecv 83 2100 200 0
79 irecv 75 2300 200 0
79 send 83 2300 4 0
79 send 75 2100 4 0
79 wait 84 80 2100
79 wait 76 80 2300
79 irecv 111 3100 200 0
79 irecv 47 3300 200 0
79 send 111 3300 12 0
79 send 47 3100 12 0
79 wait 112 80 3100
79 wait 48 80 3300
79 irecv 76 1100 200 0
79 irecv 78 1300 200 0
79 send 76 1300 1 0
79 send 78 1100 1 0
79 wait 77 80 1100
79 wait 79 80 1300
79 irecv 83 2100 200 0
79 irecv 75 2300 200 0
79 send 83 2300 4 0
79 send 75 2100 4 0
79 wait 84 80 2100
79 wait 76 80 2300
79 irecv 111 3100 200 0
79 irecv 47 3300 200 0
79 send 111 3300 12 0
79 send 47 3100 12 0
79 wait 112 80 3100
79 wait 48 80 3300
79 irecv 76 1100 200 0
79 irecv 78 1300 200 0
79 send 76 1300 4 0
79 send 78 1100 4 0
79 wait 77 80 1100
79 wait 79 80 1300
79 irecv 83 2100 200 0
79 irecv 75 2300 200 0
79 send 83 2300 12 0
79 send 75 2100 12 0
79 wait 84 80 2100
79 wait 76 80 2300
79 irecv 111 3100 200 0
79 irecv 47 3300 200 0
79 send 111 3300 24 0
79 send 47 3100 24 0
79 wait 112 80 3100
79 wait 48 80 3300
79 irecv 76 1100 200 0
79 irecv 78 1300 200 0
79 send 76 1300 4 0
79 send 78 1100 4 0
79 wait 77 80 1100
79 wait 79 80 1300
79 irecv 83 2100 200 0
79 irecv 75 2300 200 0
79 send 83 2300 12 0
79 send 75 2100 12 0
79 wait 84 80 2100
79 wait 76 80 2300
79 irecv 111 3100 200 0
79 irecv 47 3300 200 0
79 send 111 3300 24 0
79 send 47 3100 24 0
79 wait 112 80 3100
79 wait 48 80 3300
79 irecv 76 1100 200 0
79 irecv 78 1300 200 0
79 send 76 1300 16 0
79 send 78 1100 16 0
79 wait 77 80 1100
79 wait 79 80 1300
79 irecv 83 2100 200 0
79 irecv 75 2300 200 0
79 send 83 2300 40 0
79 send 75 2100 40 0
79 wait 84 80 2100
79 wait 76 80 2300
79 irecv 111 3100 200 0
79 irecv 47 3300 200 0
79 send 111 3300 60 0
79 send 47 3100 60 0
79 wait 112 80 3100
79 wait 48 80 3300
79 irecv 76 1100 200 0
79 irecv 78 1300 200 0
79 send 76 1300 16 0
79 send 78 1100 16 0
79 wait 77 80 1100
79 wait 79 80 1300
79 irecv 83 2100 200 0
79 irecv 75 2300 200 0
79 send 83 2300 40 0
79 send 75 2100 40 0
79 wait 84 80 2100
79 wait 76 80 2300
79 irecv 111 3100 200 0
79 irecv 47 3300 200 0
79 send 111 3300 60 0
79 send 47 3100 60 0
79 wait 112 80 3100
79 wait 48 80 3300
79 irecv 76 1100 200 0
79 irecv 78 1300 200 0
79 send 76 1300 16 0
79 send 78 1100 16 0
79 wait 77 80 1100
79 wait 79 80 1300
79 irecv 83 2100 200 0
79 irecv 75 2300 200 0
79 send 83 2300 40 0
79 send 75 2100 40 0
79 wait 84 80 2100
79 wait 76 80 2300
79 irecv 111 3100 200 0
79 irecv 47 3300 200 0
79 send 111 3300 60 0
79 send 47 3100 60 0
79 wait 112 80 3100
79 wait 48 80 3300
79 barrier
79 allreduce 1 0 0 
79 allreduce 4 0 1 
79 allreduce 1 0 0 
79 allreduce 4 0 1 
79 allreduce 1 0 0 
79 allreduce 4 0 1 
79 allreduce 1 0 0 
79 allreduce 4 0 1 
79 allreduce 1 0 0 
79 allreduce 4 0 1 
79 allreduce 1 0 0 
79 allreduce 4 0 1 
79 allreduce 1 0 0 
79 allreduce 4 0 1 
79 allreduce 1 0 0 
79 allreduce 4 0 1 
79 allreduce 1 0 0 
79 allreduce 4 0 1 
79 allreduce 1 0 0 
79 allreduce 4 0 1 
79 allreduce 1 0 0 
79 allreduce 4 0 1 
79 allreduce 1 0 0 
79 allreduce 4 0 1 
79 allreduce 1 0 0 
79 allreduce 4 0 1 
79 allreduce 1 0 0 
79 allreduce 4 0 1 
79 allreduce 1 0 0 
79 allreduce 4 0 1 
79 allreduce 1 0 0 
79 allreduce 4 0 1 
79 allreduce 1 0 0 
79 allreduce 4 0 1 
79 allreduce 1 0 0 
79 allreduce 4 0 1 
79 allreduce 1 0 0 
79 allreduce 4 0 1 
79 allreduce 1 0 0 
79 allreduce 4 0 1 
79 barrier
79 irecv 76 1100 200 0
79 irecv 78 1300 200 0
79 send 76 1300 16 0
79 send 78 1100 16 0
79 wait 77 80 1100
79 wait 79 80 1300
79 irecv 83 2100 200 0
79 irecv 75 2300 200 0
79 send 83 2300 40 0
79 send 75 2100 40 0
79 wait 84 80 2100
79 wait 76 80 2300
79 irecv 111 3100 200 0
79 irecv 47 3300 200 0
79 send 111 3300 60 0
79 send 47 3100 60 0
79 wait 112 80 3100
79 wait 48 80 3300
79 barrier
79 irecv 76 1100 200 0
79 irecv 78 1300 200 0
79 send 76 1300 16 0
79 send 78 1100 16 0
79 wait 77 80 1100
79 wait 79 80 1300
79 irecv 83 2100 200 0
79 irecv 75 2300 200 0
79 send 83 2300 40 0
79 send 75 2100 40 0
79 wait 84 80 2100
79 wait 76 80 2300
79 irecv 111 3100 200 0
79 irecv 47 3300 200 0
79 send 111 3300 60 0
79 send 47 3100 60 0
79 wait 112 80 3100
79 wait 48 80 3300
79 allreduce 1 0 0 
79 allreduce 1 0 0 
79 irecv 76 1100 200 0
79 irecv 78 1300 200 0
79 send 76 1300 4 0
79 send 78 1100 4 0
79 wait 77 80 1100
79 wait 79 80 1300
79 irecv 83 2100 200 0
79 irecv 75 2300 200 0
79 send 83 2300 12 0
79 send 75 2100 12 0
79 wait 84 80 2100
79 wait 76 80 2300
79 irecv 111 3100 200 0
79 irecv 47 3300 200 0
79 send 111 3300 24 0
79 send 47 3100 24 0
79 wait 112 80 3100
79 wait 48 80 3300
79 irecv 76 1100 200 0
79 irecv 78 1300 200 0
79 send 76 1300 1 0
79 send 78 1100 1 0
79 wait 77 80 1100
79 wait 79 80 1300
79 irecv 83 2100 200 0
79 irecv 75 2300 200 0
79 send 83 2300 4 0
79 send 75 2100 4 0
79 wait 84 80 2100
79 wait 76 80 2300
79 irecv 111 3100 200 0
79 irecv 47 3300 200 0
79 send 111 3300 12 0
79 send 47 3100 12 0
79 wait 112 80 3100
79 wait 48 80 3300
79 send 76 1300 12 0
79 send 78 1100 6 0
79 send 87 2300 12 0
79 send 71 2100 6 0
79 send 83 2300 24 0
79 send 75 2100 12 0
79 irecv 111 3100 200 0
79 irecv 47 3300 200 0
79 wait 112 80 3100
79 wait 48 80 3300
79 irecv 76 1100 200 0
79 irecv 78 1300 200 0
79 send 76 1300 1 0
79 send 78 1100 1 0
79 wait 77 80 1100
79 wait 79 80 1300
79 irecv 83 2100 200 0
79 irecv 75 2300 200 0
79 send 83 2300 4 0
79 send 75 2100 4 0
79 wait 84 80 2100
79 wait 76 80 2300
79 irecv 111 3100 200 0
79 irecv 47 3300 200 0
79 send 111 3300 12 0
79 send 47 3100 12 0
79 wait 112 80 3100
79 wait 48 80 3300
79 irecv 76 1100 200 0
79 irecv 78 1300 200 0
79 send 76 1300 1 0
79 send 78 1100 1 0
79 wait 77 80 1100
79 wait 79 80 1300
79 irecv 83 2100 200 0
79 irecv 75 2300 200 0
79 send 83 2300 4 0
79 send 75 2100 4 0
79 wait 84 80 2100
79 wait 76 80 2300
79 irecv 111 3100 200 0
79 irecv 47 3300 200 0
79 send 111 3300 12 0
79 send 47 3100 12 0
79 wait 112 80 3100
79 wait 48 80 3300
79 irecv 76 1100 200 0
79 irecv 78 1300 200 0
79 send 76 1300 4 0
79 send 78 1100 4 0
79 wait 77 80 1100
79 wait 79 80 1300
79 irecv 83 2100 200 0
79 irecv 75 2300 200 0
79 send 83 2300 12 0
79 send 75 2100 12 0
79 wait 84 80 2100
79 wait 76 80 2300
79 irecv 111 3100 200 0
79 irecv 47 3300 200 0
79 send 111 3300 24 0
79 send 47 3100 24 0
79 wait 112 80 3100
79 wait 48 80 3300
79 irecv 76 1100 200 0
79 irecv 78 1300 200 0
79 send 76 1300 4 0
79 send 78 1100 4 0
79 wait 77 80 1100
79 wait 79 80 1300
79 irecv 83 2100 200 0
79 irecv 75 2300 200 0
79 send 83 2300 12 0
79 send 75 2100 12 0
79 wait 84 80 2100
79 wait 76 80 2300
79 irecv 111 3100 200 0
79 irecv 47 3300 200 0
79 send 111 3300 24 0
79 send 47 3100 24 0
79 wait 112 80 3100
79 wait 48 80 3300
79 irecv 76 1100 200 0
79 irecv 78 1300 200 0
79 send 76 1300 16 0
79 send 78 1100 16 0
79 wait 77 80 1100
79 wait 79 80 1300
79 irecv 83 2100 200 0
79 irecv 75 2300 200 0
79 send 83 2300 40 0
79 send 75 2100 40 0
79 wait 84 80 2100
79 wait 76 80 2300
79 irecv 111 3100 200 0
79 irecv 47 3300 200 0
79 send 111 3300 60 0
79 send 47 3100 60 0
79 wait 112 80 3100
79 wait 48 80 3300
79 irecv 76 1100 200 0
79 irecv 78 1300 200 0
79 send 76 1300 16 0
79 send 78 1100 16 0
79 wait 77 80 1100
79 wait 79 80 1300
79 irecv 83 2100 200 0
79 irecv 75 2300 200 0
79 send 83 2300 40 0
79 send 75 2100 40 0
79 wait 84 80 2100
79 wait 76 80 2300
79 irecv 111 3100 200 0
79 irecv 47 3300 200 0
79 send 111 3300 60 0
79 send 47 3100 60 0
79 wait 112 80 3100
79 wait 48 80 3300
79 irecv 76 1100 200 0
79 irecv 78 1300 200 0
79 send 76 1300 16 0
79 send 78 1100 16 0
79 wait 77 80 1100
79 wait 79 80 1300
79 irecv 83 2100 200 0
79 irecv 75 2300 200 0
79 send 83 2300 40 0
79 send 75 2100 40 0
79 wait 84 80 2100
79 wait 76 80 2300
79 irecv 111 3100 200 0
79 irecv 47 3300 200 0
79 send 111 3300 60 0
79 send 47 3100 60 0
79 wait 112 80 3100
79 wait 48 80 3300
79 irecv 76 1100 200 0
79 irecv 78 1300 200 0
79 send 76 1300 4 0
79 send 78 1100 4 0
79 wait 77 80 1100
79 wait 79 80 1300
79 irecv 83 2100 200 0
79 irecv 75 2300 200 0
79 send 83 2300 12 0
79 send 75 2100 12 0
79 wait 84 80 2100
79 wait 76 80 2300
79 irecv 111 3100 200 0
79 irecv 47 3300 200 0
79 send 111 3300 24 0
79 send 47 3100 24 0
79 wait 112 80 3100
79 wait 48 80 3300
79 irecv 76 1100 200 0
79 irecv 78 1300 200 0
79 send 76 1300 1 0
79 send 78 1100 1 0
79 wait 77 80 1100
79 wait 79 80 1300
79 irecv 83 2100 200 0
79 irecv 75 2300 200 0
79 send 83 2300 4 0
79 send 75 2100 4 0
79 wait 84 80 2100
79 wait 76 80 2300
79 irecv 111 3100 200 0
79 irecv 47 3300 200 0
79 send 111 3300 12 0
79 send 47 3100 12 0
79 wait 112 80 3100
79 wait 48 80 3300
79 send 76 1300 12 0
79 send 78 1100 6 0
79 send 87 2300 12 0
79 send 71 2100 6 0
79 send 83 2300 24 0
79 send 75 2100 12 0
79 irecv 111 3100 200 0
79 irecv 47 3300 200 0
79 wait 112 80 3100
79 wait 48 80 3300
79 irecv 76 1100 200 0
79 irecv 78 1300 200 0
79 send 76 1300 1 0
79 send 78 1100 1 0
79 wait 77 80 1100
79 wait 79 80 1300
79 irecv 83 2100 200 0
79 irecv 75 2300 200 0
79 send 83 2300 4 0
79 send 75 2100 4 0
79 wait 84 80 2100
79 wait 76 80 2300
79 irecv 111 3100 200 0
79 irecv 47 3300 200 0
79 send 111 3300 12 0
79 send 47 3100 12 0
79 wait 112 80 3100
79 wait 48 80 3300
79 irecv 76 1100 200 0
79 irecv 78 1300 200 0
79 send 76 1300 1 0
79 send 78 1100 1 0
79 wait 77 80 1100
79 wait 79 80 1300
79 irecv 83 2100 200 0
79 irecv 75 2300 200 0
79 send 83 2300 4 0
79 send 75 2100 4 0
79 wait 84 80 2100
79 wait 76 80 2300
79 irecv 111 3100 200 0
79 irecv 47 3300 200 0
79 send 111 3300 12 0
79 send 47 3100 12 0
79 wait 112 80 3100
79 wait 48 80 3300
79 irecv 76 1100 200 0
79 irecv 78 1300 200 0
79 send 76 1300 4 0
79 send 78 1100 4 0
79 wait 77 80 1100
79 wait 79 80 1300
79 irecv 83 2100 200 0
79 irecv 75 2300 200 0
79 send 83 2300 12 0
79 send 75 2100 12 0
79 wait 84 80 2100
79 wait 76 80 2300
79 irecv 111 3100 200 0
79 irecv 47 3300 200 0
79 send 111 3300 24 0
79 send 47 3100 24 0
79 wait 112 80 3100
79 wait 48 80 3300
79 irecv 76 1100 200 0
79 irecv 78 1300 200 0
79 send 76 1300 4 0
79 send 78 1100 4 0
79 wait 77 80 1100
79 wait 79 80 1300
79 irecv 83 2100 200 0
79 irecv 75 2300 200 0
79 send 83 2300 12 0
79 send 75 2100 12 0
79 wait 84 80 2100
79 wait 76 80 2300
79 irecv 111 3100 200 0
79 irecv 47 3300 200 0
79 send 111 3300 24 0
79 send 47 3100 24 0
79 wait 112 80 3100
79 wait 48 80 3300
79 irecv 76 1100 200 0
79 irecv 78 1300 200 0
79 send 76 1300 16 0
79 send 78 1100 16 0
79 wait 77 80 1100
79 wait 79 80 1300
79 irecv 83 2100 200 0
79 irecv 75 2300 200 0
79 send 83 2300 40 0
79 send 75 2100 40 0
79 wait 84 80 2100
79 wait 76 80 2300
79 irecv 111 3100 200 0
79 irecv 47 3300 200 0
79 send 111 3300 60 0
79 send 47 3100 60 0
79 wait 112 80 3100
79 wait 48 80 3300
79 irecv 76 1100 200 0
79 irecv 78 1300 200 0
79 send 76 1300 16 0
79 send 78 1100 16 0
79 wait 77 80 1100
79 wait 79 80 1300
79 irecv 83 2100 200 0
79 irecv 75 2300 200 0
79 send 83 2300 40 0
79 send 75 2100 40 0
79 wait 84 80 2100
79 wait 76 80 2300
79 irecv 111 3100 200 0
79 irecv 47 3300 200 0
79 send 111 3300 60 0
79 send 47 3100 60 0
79 wait 112 80 3100
79 wait 48 80 3300
79 irecv 76 1100 200 0
79 irecv 78 1300 200 0
79 send 76 1300 16 0
79 send 78 1100 16 0
79 wait 77 80 1100
79 wait 79 80 1300
79 irecv 83 2100 200 0
79 irecv 75 2300 200 0
79 send 83 2300 40 0
79 send 75 2100 40 0
79 wait 84 80 2100
79 wait 76 80 2300
79 irecv 111 3100 200 0
79 irecv 47 3300 200 0
79 send 111 3300 60 0
79 send 47 3100 60 0
79 wait 112 80 3100
79 wait 48 80 3300
79 irecv 76 1100 200 0
79 irecv 78 1300 200 0
79 send 76 1300 4 0
79 send 78 1100 4 0
79 wait 77 80 1100
79 wait 79 80 1300
79 irecv 83 2100 200 0
79 irecv 75 2300 200 0
79 send 83 2300 12 0
79 send 75 2100 12 0
79 wait 84 80 2100
79 wait 76 80 2300
79 irecv 111 3100 200 0
79 irecv 47 3300 200 0
79 send 111 3300 24 0
79 send 47 3100 24 0
79 wait 112 80 3100
79 wait 48 80 3300
79 irecv 76 1100 200 0
79 irecv 78 1300 200 0
79 send 76 1300 1 0
79 send 78 1100 1 0
79 wait 77 80 1100
79 wait 79 80 1300
79 irecv 83 2100 200 0
79 irecv 75 2300 200 0
79 send 83 2300 4 0
79 send 75 2100 4 0
79 wait 84 80 2100
79 wait 76 80 2300
79 irecv 111 3100 200 0
79 irecv 47 3300 200 0
79 send 111 3300 12 0
79 send 47 3100 12 0
79 wait 112 80 3100
79 wait 48 80 3300
79 send 76 1300 12 0
79 send 78 1100 6 0
79 send 87 2300 12 0
79 send 71 2100 6 0
79 send 83 2300 24 0
79 send 75 2100 12 0
79 irecv 111 3100 200 0
79 irecv 47 3300 200 0
79 wait 112 80 3100
79 wait 48 80 3300
79 irecv 76 1100 200 0
79 irecv 78 1300 200 0
79 send 76 1300 1 0
79 send 78 1100 1 0
79 wait 77 80 1100
79 wait 79 80 1300
79 irecv 83 2100 200 0
79 irecv 75 2300 200 0
79 send 83 2300 4 0
79 send 75 2100 4 0
79 wait 84 80 2100
79 wait 76 80 2300
79 irecv 111 3100 200 0
79 irecv 47 3300 200 0
79 send 111 3300 12 0
79 send 47 3100 12 0
79 wait 112 80 3100
79 wait 48 80 3300
79 irecv 76 1100 200 0
79 compute 312.5
79 irecv 78 1300 200 0
79 send 76 1300 1 0
79 send 78 1100 1 0
79 wait 77 80 1100
79 wait 79 80 1300
79 irecv 83 2100 200 0
79 irecv 75 2300 200 0
79 send 83 2300 4 0
79 send 75 2100 4 0
79 wait 84 80 2100
79 wait 76 80 2300
79 irecv 111 3100 200 0
79 irecv 47 3300 200 0
79 send 111 3300 12 0
79 send 47 3100 12 0
79 wait 112 80 3100
79 wait 48 80 3300
79 irecv 76 1100 200 0
79 irecv 78 1300 200 0
79 send 76 1300 4 0
79 send 78 1100 4 0
79 wait 77 80 1100
79 wait 79 80 1300
79 irecv 83 2100 200 0
79 irecv 75 2300 200 0
79 send 83 2300 12 0
79 send 75 2100 12 0
79 wait 84 80 2100
79 wait 76 80 2300
79 irecv 111 3100 200 0
79 irecv 47 3300 200 0
79 send 111 3300 24 0
79 send 47 3100 24 0
79 wait 112 80 3100
79 wait 48 80 3300
79 irecv 76 1100 200 0
79 irecv 78 1300 200 0
79 send 76 1300 4 0
79 send 78 1100 4 0
79 wait 77 80 1100
79 wait 79 80 1300
79 irecv 83 2100 200 0
79 irecv 75 2300 200 0
79 send 83 2300 12 0
79 send 75 2100 12 0
79 wait 84 80 2100
79 wait 76 80 2300
79 irecv 111 3100 200 0
79 irecv 47 3300 200 0
79 send 111 3300 24 0
79 send 47 3100 24 0
79 wait 112 80 3100
79 wait 48 80 3300
79 irecv 76 1100 200 0
79 irecv 78 1300 200 0
79 send 76 1300 16 0
79 send 78 1100 16 0
79 wait 77 80 1100
79 wait 79 80 1300
79 irecv 83 2100 200 0
79 irecv 75 2300 200 0
79 send 83 2300 40 0
79 send 75 2100 40 0
79 wait 84 80 2100
79 wait 76 80 2300
79 irecv 111 3100 200 0
79 irecv 47 3300 200 0
79 send 111 3300 60 0
79 send 47 3100 60 0
79 wait 112 80 3100
79 wait 48 80 3300
79 irecv 76 1100 200 0
79 irecv 78 1300 200 0
79 send 76 1300 16 0
79 send 78 1100 16 0
79 wait 77 80 1100
79 wait 79 80 1300
79 irecv 83 2100 200 0
79 irecv 75 2300 200 0
79 send 83 2300 40 0
79 send 75 2100 40 0
79 wait 84 80 2100
79 wait 76 80 2300
79 irecv 111 3100 200 0
79 irecv 47 3300 200 0
79 send 111 3300 60 0
79 send 47 3100 60 0
79 wait 112 80 3100
79 wait 48 80 3300
79 irecv 76 1100 200 0
79 irecv 78 1300 200 0
79 send 76 1300 16 0
79 send 78 1100 16 0
79 wait 77 80 1100
79 wait 79 80 1300
79 irecv 83 2100 200 0
79 irecv 75 2300 200 0
79 send 83 2300 40 0
79 send 75 2100 40 0
79 wait 84 80 2100
79 wait 76 80 2300
79 irecv 111 3100 200 0
79 irecv 47 3300 200 0
79 send 111 3300 60 0
79 send 47 3100 60 0
79 wait 112 80 3100
79 wait 48 80 3300
79 irecv 76 1100 200 0
79 irecv 78 1300 200 0
79 send 76 1300 4 0
79 send 78 1100 4 0
79 wait 77 80 1100
79 wait 79 80 1300
79 irecv 83 2100 200 0
79 irecv 75 2300 200 0
79 send 83 2300 12 0
79 send 75 2100 12 0
79 wait 84 80 2100
79 wait 76 80 2300
79 irecv 111 3100 200 0
79 irecv 47 3300 200 0
79 send 111 3300 24 0
79 send 47 3100 24 0
79 wait 112 80 3100
79 wait 48 80 3300
79 irecv 76 1100 200 0
79 irecv 78 1300 200 0
79 send 76 1300 1 0
79 send 78 1100 1 0
79 wait 77 80 1100
79 wait 79 80 1300
79 irecv 83 2100 200 0
79 irecv 75 2300 200 0
79 send 83 2300 4 0
79 send 75 2100 4 0
79 wait 84 80 2100
79 wait 76 80 2300
79 irecv 111 3100 200 0
79 irecv 47 3300 200 0
79 send 111 3300 12 0
79 send 47 3100 12 0
79 wait 112 80 3100
79 wait 48 80 3300
79 send 76 1300 12 0
79 send 78 1100 6 0
79 send 87 2300 12 0
79 send 71 2100 6 0
79 send 83 2300 24 0
79 send 75 2100 12 0
79 irecv 111 3100 200 0
79 irecv 47 3300 200 0
79 wait 112 80 3100
79 wait 48 80 3300
79 irecv 76 1100 200 0
79 irecv 78 1300 200 0
79 send 76 1300 1 0
79 send 78 1100 1 0
79 wait 77 80 1100
79 wait 79 80 1300
79 irecv 83 2100 200 0
79 irecv 75 2300 200 0
79 send 83 2300 4 0
79 send 75 2100 4 0
79 wait 84 80 2100
79 wait 76 80 2300
79 irecv 111 3100 200 0
79 irecv 47 3300 200 0
79 send 111 3300 12 0
79 send 47 3100 12 0
79 wait 112 80 3100
79 wait 48 80 3300
79 irecv 76 1100 200 0
79 irecv 78 1300 200 0
79 send 76 1300 1 0
79 send 78 1100 1 0
79 wait 77 80 1100
79 wait 79 80 1300
79 irecv 83 2100 200 0
79 irecv 75 2300 200 0
79 send 83 2300 4 0
79 send 75 2100 4 0
79 wait 84 80 2100
79 wait 76 80 2300
79 irecv 111 3100 200 0
79 irecv 47 3300 200 0
79 send 111 3300 12 0
79 send 47 3100 12 0
79 wait 112 80 3100
79 wait 48 80 3300
79 irecv 76 1100 200 0
79 irecv 78 1300 200 0
79 send 76 1300 4 0
79 send 78 1100 4 0
79 wait 77 80 1100
79 wait 79 80 1300
79 irecv 83 2100 200 0
79 irecv 75 2300 200 0
79 send 83 2300 12 0
79 send 75 2100 12 0
79 wait 84 80 2100
79 wait 76 80 2300
79 irecv 111 3100 200 0
79 irecv 47 3300 200 0
79 send 111 3300 24 0
79 send 47 3100 24 0
79 wait 112 80 3100
79 wait 48 80 3300
79 irecv 76 1100 200 0
79 irecv 78 1300 200 0
79 send 76 1300 4 0
79 send 78 1100 4 0
79 wait 77 80 1100
79 wait 79 80 1300
79 irecv 83 2100 200 0
79 irecv 75 2300 200 0
79 send 83 2300 12 0
79 send 75 2100 12 0
79 wait 84 80 2100
79 wait 76 80 2300
79 irecv 111 3100 200 0
79 irecv 47 3300 200 0
79 send 111 3300 24 0
79 send 47 3100 24 0
79 wait 112 80 3100
79 wait 48 80 3300
79 irecv 76 1100 200 0
79 irecv 78 1300 200 0
79 send 76 1300 16 0
79 send 78 1100 16 0
79 wait 77 80 1100
79 wait 79 80 1300
79 irecv 83 2100 200 0
79 irecv 75 2300 200 0
79 send 83 2300 40 0
79 send 75 2100 40 0
79 wait 84 80 2100
79 wait 76 80 2300
79 irecv 111 3100 200 0
79 irecv 47 3300 200 0
79 send 111 3300 60 0
79 send 47 3100 60 0
79 wait 112 80 3100
79 wait 48 80 3300
79 irecv 76 1100 200 0
79 irecv 78 1300 200 0
79 send 76 1300 16 0
79 send 78 1100 16 0
79 wait 77 80 1100
79 wait 79 80 1300
79 irecv 83 2100 200 0
79 irecv 75 2300 200 0
79 send 83 2300 40 0
79 send 75 2100 40 0
79 wait 84 80 2100
79 wait 76 80 2300
79 irecv 111 3100 200 0
79 irecv 47 3300 200 0
79 send 111 3300 60 0
79 send 47 3100 60 0
79 wait 112 80 3100
79 wait 48 80 3300
79 irecv 76 1100 200 0
79 irecv 78 1300 200 0
79 send 76 1300 16 0
79 send 78 1100 16 0
79 wait 77 80 1100
79 wait 79 80 1300
79 irecv 83 2100 200 0
79 irecv 75 2300 200 0
79 send 83 2300 40 0
79 send 75 2100 40 0
79 wait 84 80 2100
79 wait 76 80 2300
79 irecv 111 3100 200 0
79 irecv 47 3300 200 0
79 send 111 3300 60 0
79 send 47 3100 60 0
79 wait 112 80 3100
79 wait 48 80 3300
79 allreduce 1 0 0 
79 allreduce 1 0 0 
79 reduce 1 0 0 0 
79 finalize
