159 init
159 barrier
159 bcast 1 0 1 
159 bcast 1 0 1 
159 bcast 1 0 1 
159 bcast 1 0 1 
159 bcast 1 0 1 
159 bcast 8 0 1 
159 bcast 1 0 16 
159 barrier
159 allreduce 1 0 0 
159 allreduce 4 0 1 
159 allreduce 1 0 0 
159 allreduce 4 0 1 
159 allreduce 1 0 0 
159 allreduce 4 0 1 
159 allreduce 1 0 0 
159 allreduce 4 0 1 
159 allreduce 1 0 0 
159 allreduce 4 0 1 
159 allreduce 1 0 0 
159 allreduce 4 0 1 
159 allreduce 1 0 0 
159 allreduce 4 0 1 
159 allreduce 1 0 0 
159 allreduce 4 0 1 
159 allreduce 1 0 0 
159 allreduce 4 0 1 
159 allreduce 1 0 0 
159 allreduce 4 0 1 
159 allreduce 1 0 0 
159 allreduce 4 0 1 
159 allreduce 1 0 0 
159 allreduce 4 0 1 
159 allreduce 1 0 0 
159 allreduce 4 0 1 
159 allreduce 1 0 0 
159 allreduce 4 0 1 
159 allreduce 1 0 0 
159 allreduce 4 0 1 
159 allreduce 1 0 0 
159 allreduce 4 0 1 
159 allreduce 1 0 0 
159 allreduce 4 0 1 
159 allreduce 1 0 0 
159 allreduce 4 0 1 
159 allreduce 1 0 0 
159 allreduce 4 0 1 
159 allreduce 1 0 0 
159 allreduce 4 0 1 
159 barrier
159 irecv 156 1100 200 0
159 irecv 158 1300 200 0
159 send 156 1300 16 0
159 send 158 1100 16 0
159 wait 157 160 1100
159 wait 159 160 1300
159 irecv 131 2100 200 0
159 irecv 155 2300 200 0
159 send 131 2300 40 0
159 send 155 2100 40 0
159 wait 132 160 2100
159 wait 156 160 2300
159 irecv 191 3100 200 0
159 irecv 127 3300 200 0
159 send 191 3300 60 0
159 send 127 3100 60 0
159 wait 192 160 3100
159 wait 128 160 3300
159 allreduce 1 0 0 
159 allreduce 1 0 0 
159 irecv 156 1100 200 0
159 irecv 158 1300 200 0
159 send 156 1300 16 0
159 send 158 1100 16 0
159 wait 157 160 1100
159 wait 159 160 1300
159 irecv 131 2100 200 0
159 irecv 155 2300 200 0
159 send 131 2300 40 0
159 send 155 2100 40 0
159 wait 132 160 2100
159 wait 156 160 2300
159 irecv 191 3100 200 0
159 irecv 127 3300 200 0
159 send 191 3300 60 0
159 send 127 3100 60 0
159 wait 192 160 3100
159 wait 128 160 3300
159 allreduce 1 0 0 
159 allreduce 1 0 0 
159 irecv 156 1100 200 0
159 irecv 158 1300 200 0
159 send 156 1300 4 0
159 send 158 1100 4 0
159 wait 157 160 1100
159 wait 159 160 1300
159 irecv 131 2100 200 0
159 irecv 155 2300 200 0
159 send 131 2300 12 0
159 send 155 2100 12 0
159 wait 132 160 2100
159 wait 156 160 2300
159 irecv 191 3100 200 0
159 irecv 127 3300 200 0
159 send 191 3300 24 0
159 send 127 3100 24 0
159 wait 192 160 3100
159 wait 128 160 3300
159 irecv 156 1100 200 0
159 irecv 158 1300 200 0
159 send 156 1300 1 0
159 send 158 1100 1 0
159 wait 157 160 1100
159 wait 159 160 1300
159 irecv 131 2100 200 0
159 irecv 155 2300 200 0
159 send 131 2300 4 0
159 send 155 2100 4 0
159 wait 132 160 2100
159 wait 156 160 2300
159 irecv 191 3100 200 0
159 irecv 127 3300 200 0
159 send 191 3300 12 0
159 send 127 3100 12 0
159 wait 192 160 3100
159 wait 128 160 3300
159 send 156 1300 12 0
159 send 158 1100 6 0
159 send 135 2300 12 0
159 send 151 2100 6 0
159 send 131 2300 24 0
159 send 155 2100 12 0
159 irecv 191 3100 200 0
159 irecv 127 3300 200 0
159 wait 192 160 3100
159 wait 128 160 3300
159 irecv 156 1100 200 0
159 irecv 158 1300 200 0
159 send 156 1300 1 0
159 send 158 1100 1 0
159 wait 157 160 1100
159 wait 159 160 1300
159 irecv 131 2100 200 0
159 irecv 155 2300 200 0
159 send 131 2300 4 0
159 send 155 2100 4 0
159 wait 132 160 2100
159 wait 156 160 2300
159 irecv 191 3100 200 0
159 irecv 127 3300 200 0
159 send 191 3300 12 0
159 send 127 3100 12 0
159 wait 192 160 3100
159 wait 128 160 3300
159 irecv 156 1100 200 0
159 irecv 158 1300 200 0
159 send 156 1300 1 0
159 send 158 1100 1 0
159 wait 157 160 1100
159 wait 159 160 1300
159 irecv 131 2100 200 0
159 irecv 155 2300 200 0
159 send 131 2300 4 0
159 send 155 2100 4 0
159 wait 132 160 2100
159 wait 156 160 2300
159 irecv 191 3100 200 0
159 irecv 127 3300 200 0
159 send 191 3300 12 0
159 send 127 3100 12 0
159 wait 192 160 3100
159 wait 128 160 3300
159 irecv 156 1100 200 0
159 irecv 158 1300 200 0
159 send 156 1300 4 0
159 send 158 1100 4 0
159 wait 157 160 1100
159 wait 159 160 1300
159 irecv 131 2100 200 0
159 irecv 155 2300 200 0
159 send 131 2300 12 0
159 send 155 2100 12 0
159 wait 132 160 2100
159 wait 156 160 2300
159 irecv 191 3100 200 0
159 irecv 127 3300 200 0
159 send 191 3300 24 0
159 send 127 3100 24 0
159 wait 192 160 3100
159 wait 128 160 3300
159 irecv 156 1100 200 0
159 irecv 158 1300 200 0
159 send 156 1300 4 0
159 send 158 1100 4 0
159 wait 157 160 1100
159 wait 159 160 1300
159 irecv 131 2100 200 0
159 irecv 155 2300 200 0
159 send 131 2300 12 0
159 send 155 2100 12 0
159 wait 132 160 2100
159 wait 156 160 2300
159 irecv 191 3100 200 0
159 irecv 127 3300 200 0
159 send 191 3300 24 0
159 send 127 3100 24 0
159 wait 192 160 3100
159 wait 128 160 3300
159 irecv 156 1100 200 0
159 irecv 158 1300 200 0
159 send 156 1300 16 0
159 send 158 1100 16 0
159 wait 157 160 1100
159 wait 159 160 1300
159 irecv 131 2100 200 0
159 irecv 155 2300 200 0
159 send 131 2300 40 0
159 send 155 2100 40 0
159 wait 132 160 2100
159 wait 156 160 2300
159 irecv 191 3100 200 0
159 irecv 127 3300 200 0
159 send 191 3300 60 0
159 send 127 3100 60 0
159 wait 192 160 3100
159 wait 128 160 3300
159 irecv 156 1100 200 0
159 irecv 158 1300 200 0
159 send 156 1300 16 0
159 send 158 1100 16 0
159 wait 157 160 1100
159 wait 159 160 1300
159 irecv 131 2100 200 0
159 irecv 155 2300 200 0
159 send 131 2300 40 0
159 send 155 2100 40 0
159 wait 132 160 2100
159 wait 156 160 2300
159 irecv 191 3100 200 0
159 irecv 127 3300 200 0
159 send 191 3300 60 0
159 send 127 3100 60 0
159 wait 192 160 3100
159 wait 128 160 3300
159 irecv 156 1100 200 0
159 irecv 158 1300 200 0
159 send 156 1300 16 0
159 send 158 1100 16 0
159 wait 157 160 1100
159 wait 159 160 1300
159 irecv 131 2100 200 0
159 irecv 155 2300 200 0
159 send 131 2300 40 0
159 send 155 2100 40 0
159 wait 132 160 2100
159 wait 156 160 2300
159 irecv 191 3100 200 0
159 irecv 127 3300 200 0
159 send 191 3300 60 0
159 send 127 3100 60 0
159 wait 192 160 3100
159 wait 128 160 3300
159 barrier
159 allreduce 1 0 0 
159 allreduce 4 0 1 
159 allreduce 1 0 0 
159 allreduce 4 0 1 
159 allreduce 1 0 0 
159 allreduce 4 0 1 
159 allreduce 1 0 0 
159 allreduce 4 0 1 
159 allreduce 1 0 0 
159 allreduce 4 0 1 
159 allreduce 1 0 0 
159 allreduce 4 0 1 
159 allreduce 1 0 0 
159 allreduce 4 0 1 
159 allreduce 1 0 0 
159 allreduce 4 0 1 
159 allreduce 1 0 0 
159 allreduce 4 0 1 
159 allreduce 1 0 0 
159 allreduce 4 0 1 
159 allreduce 1 0 0 
159 allreduce 4 0 1 
159 allreduce 1 0 0 
159 allreduce 4 0 1 
159 allreduce 1 0 0 
159 allreduce 4 0 1 
159 allreduce 1 0 0 
159 allreduce 4 0 1 
159 allreduce 1 0 0 
159 allreduce 4 0 1 
159 allreduce 1 0 0 
159 allreduce 4 0 1 
159 allreduce 1 0 0 
159 allreduce 4 0 1 
159 allreduce 1 0 0 
159 allreduce 4 0 1 
159 allreduce 1 0 0 
159 allreduce 4 0 1 
159 allreduce 1 0 0 
159 allreduce 4 0 1 
159 barrier
159 irecv 156 1100 200 0
159 irecv 158 1300 200 0
159 send 156 1300 16 0
159 send 158 1100 16 0
159 wait 157 160 1100
159 wait 159 160 1300
159 irecv 131 2100 200 0
159 irecv 155 2300 200 0
159 send 131 2300 40 0
159 send 155 2100 40 0
159 wait 132 160 2100
159 wait 156 160 2300
159 irecv 191 3100 200 0
159 irecv 127 3300 200 0
159 send 191 3300 60 0
159 send 127 3100 60 0
159 wait 192 160 3100
159 wait 128 160 3300
159 barrier
159 irecv 156 1100 200 0
159 irecv 158 1300 200 0
159 send 156 1300 16 0
159 send 158 1100 16 0
159 wait 157 160 1100
159 wait 159 160 1300
159 irecv 131 2100 200 0
159 irecv 155 2300 200 0
159 send 131 2300 40 0
159 send 155 2100 40 0
159 wait 132 160 2100
159 wait 156 160 2300
159 irecv 191 3100 200 0
159 irecv 127 3300 200 0
159 send 191 3300 60 0
159 send 127 3100 60 0
159 wait 192 160 3100
159 wait 128 160 3300
159 allreduce 1 0 0 
159 allreduce 1 0 0 
159 irecv 156 1100 200 0
159 irecv 158 1300 200 0
159 send 156 1300 4 0
159 send 158 1100 4 0
159 wait 157 160 1100
159 wait 159 160 1300
159 irecv 131 2100 200 0
159 irecv 155 2300 200 0
159 send 131 2300 12 0
159 send 155 2100 12 0
159 wait 132 160 2100
159 wait 156 160 2300
159 irecv 191 3100 200 0
159 irecv 127 3300 200 0
159 send 191 3300 24 0
159 send 127 3100 24 0
159 wait 192 160 3100
159 wait 128 160 3300
159 irecv 156 1100 200 0
159 irecv 158 1300 200 0
159 send 156 1300 1 0
159 send 158 1100 1 0
159 wait 157 160 1100
159 wait 159 160 1300
159 irecv 131 2100 200 0
159 irecv 155 2300 200 0
159 send 131 2300 4 0
159 send 155 2100 4 0
159 wait 132 160 2100
159 wait 156 160 2300
159 irecv 191 3100 200 0
159 irecv 127 3300 200 0
159 send 191 3300 12 0
159 send 127 3100 12 0
159 wait 192 160 3100
159 wait 128 160 3300
159 send 156 1300 12 0
159 send 158 1100 6 0
159 send 135 2300 12 0
159 send 151 2100 6 0
159 send 131 2300 24 0
159 send 155 2100 12 0
159 irecv 191 3100 200 0
159 irecv 127 3300 200 0
159 wait 192 160 3100
159 wait 128 160 3300
159 irecv 156 1100 200 0
159 irecv 158 1300 200 0
159 send 156 1300 1 0
159 send 158 1100 1 0
159 wait 157 160 1100
159 wait 159 160 1300
159 irecv 131 2100 200 0
159 irecv 155 2300 200 0
159 send 131 2300 4 0
159 send 155 2100 4 0
159 wait 132 160 2100
159 wait 156 160 2300
159 irecv 191 3100 200 0
159 irecv 127 3300 200 0
159 send 191 3300 12 0
159 send 127 3100 12 0
159 wait 192 160 3100
159 wait 128 160 3300
159 irecv 156 1100 200 0
159 irecv 158 1300 200 0
159 send 156 1300 1 0
159 send 158 1100 1 0
159 wait 157 160 1100
159 wait 159 160 1300
159 irecv 131 2100 200 0
159 irecv 155 2300 200 0
159 send 131 2300 4 0
159 send 155 2100 4 0
159 wait 132 160 2100
159 wait 156 160 2300
159 irecv 191 3100 200 0
159 irecv 127 3300 200 0
159 send 191 3300 12 0
159 send 127 3100 12 0
159 wait 192 160 3100
159 wait 128 160 3300
159 irecv 156 1100 200 0
159 irecv 158 1300 200 0
159 send 156 1300 4 0
159 send 158 1100 4 0
159 wait 157 160 1100
159 wait 159 160 1300
159 irecv 131 2100 200 0
159 irecv 155 2300 200 0
159 send 131 2300 12 0
159 send 155 2100 12 0
159 wait 132 160 2100
159 wait 156 160 2300
159 irecv 191 3100 200 0
159 irecv 127 3300 200 0
159 send 191 3300 24 0
159 send 127 3100 24 0
159 wait 192 160 3100
159 wait 128 160 3300
159 irecv 156 1100 200 0
159 irecv 158 1300 200 0
159 send 156 1300 4 0
159 send 158 1100 4 0
159 wait 157 160 1100
159 wait 159 160 1300
159 irecv 131 2100 200 0
159 irecv 155 2300 200 0
159 send 131 2300 12 0
159 send 155 2100 12 0
159 wait 132 160 2100
159 wait 156 160 2300
159 irecv 191 3100 200 0
159 irecv 127 3300 200 0
159 send 191 3300 24 0
159 send 127 3100 24 0
159 wait 192 160 3100
159 wait 128 160 3300
159 irecv 156 1100 200 0
159 irecv 158 1300 200 0
159 send 156 1300 16 0
159 send 158 1100 16 0
159 wait 157 160 1100
159 wait 159 160 1300
159 irecv 131 2100 200 0
159 irecv 155 2300 200 0
159 send 131 2300 40 0
159 send 155 2100 40 0
159 wait 132 160 2100
159 wait 156 160 2300
159 irecv 191 3100 200 0
159 irecv 127 3300 200 0
159 send 191 3300 60 0
159 send 127 3100 60 0
159 wait 192 160 3100
159 wait 128 160 3300
159 irecv 156 1100 200 0
159 irecv 158 1300 200 0
159 send 156 1300 16 0
159 send 158 1100 16 0
159 wait 157 160 1100
159 wait 159 160 1300
159 irecv 131 2100 200 0
159 irecv 155 2300 200 0
159 send 131 2300 40 0
159 send 155 2100 40 0
159 wait 132 160 2100
159 wait 156 160 2300
159 irecv 191 3100 200 0
159 irecv 127 3300 200 0
159 send 191 3300 60 0
159 send 127 3100 60 0
159 wait 192 160 3100
159 wait 128 160 3300
159 irecv 156 1100 200 0
159 irecv 158 1300 200 0
159 send 156 1300 16 0
159 send 158 1100 16 0
159 wait 157 160 1100
159 wait 159 160 1300
159 irecv 131 2100 200 0
159 irecv 155 2300 200 0
159 send 131 2300 40 0
159 send 155 2100 40 0
159 wait 132 160 2100
159 wait 156 160 2300
159 irecv 191 3100 200 0
159 irecv 127 3300 200 0
159 send 191 3300 60 0
159 send 127 3100 60 0
159 wait 192 160 3100
159 wait 128 160 3300
159 irecv 156 1100 200 0
159 irecv 158 1300 200 0
159 send 156 1300 4 0
159 send 158 1100 4 0
159 wait 157 160 1100
159 wait 159 160 1300
159 irecv 131 2100 200 0
159 irecv 155 2300 200 0
159 send 131 2300 12 0
159 send 155 2100 12 0
159 wait 132 160 2100
159 wait 156 160 2300
159 irecv 191 3100 200 0
159 irecv 127 3300 200 0
159 send 191 3300 24 0
159 send 127 3100 24 0
159 wait 192 160 3100
159 wait 128 160 3300
159 irecv 156 1100 200 0
159 irecv 158 1300 200 0
159 send 156 1300 1 0
159 send 158 1100 1 0
159 wait 157 160 1100
159 wait 159 160 1300
159 irecv 131 2100 200 0
159 irecv 155 2300 200 0
159 send 131 2300 4 0
159 send 155 2100 4 0
159 wait 132 160 2100
159 wait 156 160 2300
159 irecv 191 3100 200 0
159 irecv 127 3300 200 0
159 send 191 3300 12 0
159 send 127 3100 12 0
159 wait 192 160 3100
159 wait 128 160 3300
159 send 156 1300 12 0
159 send 158 1100 6 0
159 send 135 2300 12 0
159 send 151 2100 6 0
159 send 131 2300 24 0
159 send 155 2100 12 0
159 irecv 191 3100 200 0
159 irecv 127 3300 200 0
159 wait 192 160 3100
159 wait 128 160 3300
159 irecv 156 1100 200 0
159 irecv 158 1300 200 0
159 send 156 1300 1 0
159 send 158 1100 1 0
159 wait 157 160 1100
159 wait 159 160 1300
159 irecv 131 2100 200 0
159 irecv 155 2300 200 0
159 send 131 2300 4 0
159 send 155 2100 4 0
159 wait 132 160 2100
159 wait 156 160 2300
159 irecv 191 3100 200 0
159 irecv 127 3300 200 0
159 send 191 3300 12 0
159 send 127 3100 12 0
159 wait 192 160 3100
159 wait 128 160 3300
159 irecv 156 1100 200 0
159 irecv 158 1300 200 0
159 send 156 1300 1 0
159 send 158 1100 1 0
159 wait 157 160 1100
159 wait 159 160 1300
159 irecv 131 2100 200 0
159 irecv 155 2300 200 0
159 send 131 2300 4 0
159 send 155 2100 4 0
159 wait 132 160 2100
159 wait 156 160 2300
159 irecv 191 3100 200 0
159 irecv 127 3300 200 0
159 send 191 3300 12 0
159 send 127 3100 12 0
159 wait 192 160 3100
159 wait 128 160 3300
159 irecv 156 1100 200 0
159 irecv 158 1300 200 0
159 send 156 1300 4 0
159 send 158 1100 4 0
159 wait 157 160 1100
159 wait 159 160 1300
159 irecv 131 2100 200 0
159 irecv 155 2300 200 0
159 send 131 2300 12 0
159 send 155 2100 12 0
159 wait 132 160 2100
159 wait 156 160 2300
159 irecv 191 3100 200 0
159 irecv 127 3300 200 0
159 send 191 3300 24 0
159 send 127 3100 24 0
159 wait 192 160 3100
159 wait 128 160 3300
159 irecv 156 1100 200 0
159 irecv 158 1300 200 0
159 send 156 1300 4 0
159 send 158 1100 4 0
159 wait 157 160 1100
159 wait 159 160 1300
159 irecv 131 2100 200 0
159 irecv 155 2300 200 0
159 send 131 2300 12 0
159 send 155 2100 12 0
159 wait 132 160 2100
159 wait 156 160 2300
159 irecv 191 3100 200 0
159 irecv 127 3300 200 0
159 send 191 3300 24 0
159 send 127 3100 24 0
159 wait 192 160 3100
159 wait 128 160 3300
159 irecv 156 1100 200 0
159 irecv 158 1300 200 0
159 send 156 1300 16 0
159 send 158 1100 16 0
159 wait 157 160 1100
159 wait 159 160 1300
159 irecv 131 2100 200 0
159 irecv 155 2300 200 0
159 send 131 2300 40 0
159 send 155 2100 40 0
159 wait 132 160 2100
159 wait 156 160 2300
159 irecv 191 3100 200 0
159 irecv 127 3300 200 0
159 send 191 3300 60 0
159 send 127 3100 60 0
159 wait 192 160 3100
159 wait 128 160 3300
159 irecv 156 1100 200 0
159 irecv 158 1300 200 0
159 send 156 1300 16 0
159 send 158 1100 16 0
159 wait 157 160 1100
159 wait 159 160 1300
159 irecv 131 2100 200 0
159 irecv 155 2300 200 0
159 send 131 2300 40 0
159 send 155 2100 40 0
159 wait 132 160 2100
159 wait 156 160 2300
159 irecv 191 3100 200 0
159 irecv 127 3300 200 0
159 send 191 3300 60 0
159 send 127 3100 60 0
159 wait 192 160 3100
159 wait 128 160 3300
159 irecv 156 1100 200 0
159 irecv 158 1300 200 0
159 send 156 1300 16 0
159 send 158 1100 16 0
159 wait 157 160 1100
159 wait 159 160 1300
159 irecv 131 2100 200 0
159 irecv 155 2300 200 0
159 send 131 2300 40 0
159 send 155 2100 40 0
159 wait 132 160 2100
159 wait 156 160 2300
159 irecv 191 3100 200 0
159 irecv 127 3300 200 0
159 send 191 3300 60 0
159 send 127 3100 60 0
159 wait 192 160 3100
159 wait 128 160 3300
159 irecv 156 1100 200 0
159 irecv 158 1300 200 0
159 send 156 1300 4 0
159 send 158 1100 4 0
159 wait 157 160 1100
159 wait 159 160 1300
159 irecv 131 2100 200 0
159 irecv 155 2300 200 0
159 send 131 2300 12 0
159 send 155 2100 12 0
159 wait 132 160 2100
159 wait 156 160 2300
159 irecv 191 3100 200 0
159 irecv 127 3300 200 0
159 send 191 3300 24 0
159 send 127 3100 24 0
159 wait 192 160 3100
159 wait 128 160 3300
159 irecv 156 1100 200 0
159 irecv 158 1300 200 0
159 send 156 1300 1 0
159 send 158 1100 1 0
159 wait 157 160 1100
159 wait 159 160 1300
159 irecv 131 2100 200 0
159 irecv 155 2300 200 0
159 send 131 2300 4 0
159 send 155 2100 4 0
159 wait 132 160 2100
159 wait 156 160 2300
159 irecv 191 3100 200 0
159 irecv 127 3300 200 0
159 send 191 3300 12 0
159 send 127 3100 12 0
159 wait 192 160 3100
159 wait 128 160 3300
159 send 156 1300 12 0
159 send 158 1100 6 0
159 send 135 2300 12 0
159 send 151 2100 6 0
159 send 131 2300 24 0
159 send 155 2100 12 0
159 irecv 191 3100 200 0
159 irecv 127 3300 200 0
159 wait 192 160 3100
159 wait 128 160 3300
159 irecv 156 1100 200 0
159 irecv 158 1300 200 0
159 send 156 1300 1 0
159 send 158 1100 1 0
159 wait 157 160 1100
159 wait 159 160 1300
159 irecv 131 2100 200 0
159 irecv 155 2300 200 0
159 send 131 2300 4 0
159 send 155 2100 4 0
159 wait 132 160 2100
159 wait 156 160 2300
159 irecv 191 3100 200 0
159 irecv 127 3300 200 0
159 send 191 3300 12 0
159 send 127 3100 12 0
159 wait 192 160 3100
159 wait 128 160 3300
159 irecv 156 1100 200 0
159 irecv 158 1300 200 0
159 send 156 1300 1 0
159 send 158 1100 1 0
159 wait 157 160 1100
159 wait 159 160 1300
159 irecv 131 2100 200 0
159 irecv 155 2300 200 0
159 send 131 2300 4 0
159 send 155 2100 4 0
159 wait 132 160 2100
159 wait 156 160 2300
159 irecv 191 3100 200 0
159 irecv 127 3300 200 0
159 send 191 3300 12 0
159 send 127 3100 12 0
159 wait 192 160 3100
159 wait 128 160 3300
159 irecv 156 1100 200 0
159 irecv 158 1300 200 0
159 send 156 1300 4 0
159 send 158 1100 4 0
159 wait 157 160 1100
159 wait 159 160 1300
159 irecv 131 2100 200 0
159 irecv 155 2300 200 0
159 send 131 2300 12 0
159 send 155 2100 12 0
159 wait 132 160 2100
159 wait 156 160 2300
159 irecv 191 3100 200 0
159 irecv 127 3300 200 0
159 send 191 3300 24 0
159 send 127 3100 24 0
159 wait 192 160 3100
159 wait 128 160 3300
159 irecv 156 1100 200 0
159 irecv 158 1300 200 0
159 send 156 1300 4 0
159 send 158 1100 4 0
159 wait 157 160 1100
159 wait 159 160 1300
159 irecv 131 2100 200 0
159 irecv 155 2300 200 0
159 send 131 2300 12 0
159 send 155 2100 12 0
159 wait 132 160 2100
159 wait 156 160 2300
159 irecv 191 3100 200 0
159 irecv 127 3300 200 0
159 send 191 3300 24 0
159 send 127 3100 24 0
159 wait 192 160 3100
159 wait 128 160 3300
159 irecv 156 1100 200 0
159 irecv 158 1300 200 0
159 send 156 1300 16 0
159 send 158 1100 16 0
159 wait 157 160 1100
159 wait 159 160 1300
159 irecv 131 2100 200 0
159 irecv 155 2300 200 0
159 send 131 2300 40 0
159 send 155 2100 40 0
159 wait 132 160 2100
159 wait 156 160 2300
159 irecv 191 3100 200 0
159 irecv 127 3300 200 0
159 send 191 3300 60 0
159 send 127 3100 60 0
159 wait 192 160 3100
159 wait 128 160 3300
159 irecv 156 1100 200 0
159 irecv 158 1300 200 0
159 send 156 1300 16 0
159 send 158 1100 16 0
159 wait 157 160 1100
159 wait 159 160 1300
159 irecv 131 2100 200 0
159 irecv 155 2300 200 0
159 send 131 2300 40 0
159 send 155 2100 40 0
159 wait 132 160 2100
159 wait 156 160 2300
159 irecv 191 3100 200 0
159 irecv 127 3300 200 0
159 send 191 3300 60 0
159 send 127 3100 60 0
159 wait 192 160 3100
159 wait 128 160 3300
159 irecv 156 1100 200 0
159 irecv 158 1300 200 0
159 send 156 1300 16 0
159 send 158 1100 16 0
159 wait 157 160 1100
159 wait 159 160 1300
159 irecv 131 2100 200 0
159 irecv 155 2300 200 0
159 send 131 2300 40 0
159 send 155 2100 40 0
159 wait 132 160 2100
159 wait 156 160 2300
159 irecv 191 3100 200 0
159 irecv 127 3300 200 0
159 send 191 3300 60 0
159 send 127 3100 60 0
159 wait 192 160 3100
159 wait 128 160 3300
159 irecv 156 1100 200 0
159 irecv 158 1300 200 0
159 send 156 1300 4 0
159 send 158 1100 4 0
159 wait 157 160 1100
159 wait 159 160 1300
159 irecv 131 2100 200 0
159 irecv 155 2300 200 0
159 send 131 2300 12 0
159 send 155 2100 12 0
159 wait 132 160 2100
159 wait 156 160 2300
159 irecv 191 3100 200 0
159 irecv 127 3300 200 0
159 send 191 3300 24 0
159 send 127 3100 24 0
159 wait 192 160 3100
159 wait 128 160 3300
159 irecv 156 1100 200 0
159 irecv 158 1300 200 0
159 send 156 1300 1 0
159 send 158 1100 1 0
159 wait 157 160 1100
159 wait 159 160 1300
159 irecv 131 2100 200 0
159 irecv 155 2300 200 0
159 send 131 2300 4 0
159 send 155 2100 4 0
159 wait 132 160 2100
159 wait 156 160 2300
159 irecv 191 3100 200 0
159 irecv 127 3300 200 0
159 send 191 3300 12 0
159 send 127 3100 12 0
159 wait 192 160 3100
159 wait 128 160 3300
159 send 156 1300 12 0
159 send 158 1100 6 0
159 send 135 2300 12 0
159 send 151 2100 6 0
159 send 131 2300 24 0
159 send 155 2100 12 0
159 irecv 191 3100 200 0
159 irecv 127 3300 200 0
159 wait 192 160 3100
159 wait 128 160 3300
159 irecv 156 1100 200 0
159 irecv 158 1300 200 0
159 send 156 1300 1 0
159 send 158 1100 1 0
159 wait 157 160 1100
159 wait 159 160 1300
159 irecv 131 2100 200 0
159 irecv 155 2300 200 0
159 send 131 2300 4 0
159 send 155 2100 4 0
159 wait 132 160 2100
159 wait 156 160 2300
159 irecv 191 3100 200 0
159 irecv 127 3300 200 0
159 send 191 3300 12 0
159 send 127 3100 12 0
159 wait 192 160 3100
159 wait 128 160 3300
159 irecv 156 1100 200 0
159 irecv 158 1300 200 0
159 send 156 1300 1 0
159 send 158 1100 1 0
159 wait 157 160 1100
159 wait 159 160 1300
159 irecv 131 2100 200 0
159 irecv 155 2300 200 0
159 send 131 2300 4 0
159 send 155 2100 4 0
159 wait 132 160 2100
159 wait 156 160 2300
159 irecv 191 3100 200 0
159 irecv 127 3300 200 0
159 compute 312.5
159 send 191 3300 12 0
159 send 127 3100 12 0
159 wait 192 160 3100
159 wait 128 160 3300
159 irecv 156 1100 200 0
159 irecv 158 1300 200 0
159 send 156 1300 4 0
159 send 158 1100 4 0
159 wait 157 160 1100
159 wait 159 160 1300
159 irecv 131 2100 200 0
159 irecv 155 2300 200 0
159 send 131 2300 12 0
159 send 155 2100 12 0
159 wait 132 160 2100
159 wait 156 160 2300
159 irecv 191 3100 200 0
159 irecv 127 3300 200 0
159 send 191 3300 24 0
159 send 127 3100 24 0
159 wait 192 160 3100
159 wait 128 160 3300
159 irecv 156 1100 200 0
159 irecv 158 1300 200 0
159 send 156 1300 4 0
159 send 158 1100 4 0
159 wait 157 160 1100
159 wait 159 160 1300
159 irecv 131 2100 200 0
159 irecv 155 2300 200 0
159 send 131 2300 12 0
159 send 155 2100 12 0
159 wait 132 160 2100
159 wait 156 160 2300
159 irecv 191 3100 200 0
159 irecv 127 3300 200 0
159 send 191 3300 24 0
159 send 127 3100 24 0
159 wait 192 160 3100
159 wait 128 160 3300
159 irecv 156 1100 200 0
159 irecv 158 1300 200 0
159 send 156 1300 16 0
159 send 158 1100 16 0
159 wait 157 160 1100
159 wait 159 160 1300
159 irecv 131 2100 200 0
159 irecv 155 2300 200 0
159 send 131 2300 40 0
159 send 155 2100 40 0
159 wait 132 160 2100
159 wait 156 160 2300
159 irecv 191 3100 200 0
159 irecv 127 3300 200 0
159 send 191 3300 60 0
159 send 127 3100 60 0
159 wait 192 160 3100
159 wait 128 160 3300
159 irecv 156 1100 200 0
159 irecv 158 1300 200 0
159 send 156 1300 16 0
159 send 158 1100 16 0
159 wait 157 160 1100
159 wait 159 160 1300
159 irecv 131 2100 200 0
159 irecv 155 2300 200 0
159 send 131 2300 40 0
159 send 155 2100 40 0
159 wait 132 160 2100
159 wait 156 160 2300
159 irecv 191 3100 200 0
159 irecv 127 3300 200 0
159 send 191 3300 60 0
159 send 127 3100 60 0
159 wait 192 160 3100
159 wait 128 160 3300
159 irecv 156 1100 200 0
159 irecv 158 1300 200 0
159 send 156 1300 16 0
159 send 158 1100 16 0
159 wait 157 160 1100
159 wait 159 160 1300
159 irecv 131 2100 200 0
159 irecv 155 2300 200 0
159 send 131 2300 40 0
159 send 155 2100 40 0
159 wait 132 160 2100
159 wait 156 160 2300
159 irecv 191 3100 200 0
159 irecv 127 3300 200 0
159 send 191 3300 60 0
159 send 127 3100 60 0
159 wait 192 160 3100
159 wait 128 160 3300
159 allreduce 1 0 0 
159 allreduce 1 0 0 
159 reduce 1 0 0 0 
159 finalize
