232 init
232 barrier
232 bcast 1 0 1 
232 bcast 1 0 1 
232 bcast 1 0 1 
232 bcast 1 0 1 
232 bcast 1 0 1 
232 bcast 8 0 1 
232 bcast 1 0 16 
232 barrier
232 allreduce 1 0 0 
232 allreduce 4 0 1 
232 allreduce 1 0 0 
232 allreduce 4 0 1 
232 allreduce 1 0 0 
232 allreduce 4 0 1 
232 allreduce 1 0 0 
232 allreduce 4 0 1 
232 allreduce 1 0 0 
232 allreduce 4 0 1 
232 allreduce 1 0 0 
232 allreduce 4 0 1 
232 allreduce 1 0 0 
232 allreduce 4 0 1 
232 allreduce 1 0 0 
232 allreduce 4 0 1 
232 allreduce 1 0 0 
232 allreduce 4 0 1 
232 allreduce 1 0 0 
232 allreduce 4 0 1 
232 allreduce 1 0 0 
232 allreduce 4 0 1 
232 allreduce 1 0 0 
232 allreduce 4 0 1 
232 allreduce 1 0 0 
232 allreduce 4 0 1 
232 allreduce 1 0 0 
232 allreduce 4 0 1 
232 allreduce 1 0 0 
232 allreduce 4 0 1 
232 allreduce 1 0 0 
232 allreduce 4 0 1 
232 allreduce 1 0 0 
232 allreduce 4 0 1 
232 allreduce 1 0 0 
232 allreduce 4 0 1 
232 allreduce 1 0 0 
232 allreduce 4 0 1 
232 allreduce 1 0 0 
232 allreduce 4 0 1 
232 barrier
232 irecv 233 1100 200 0
232 irecv 235 1300 200 0
232 send 233 1300 16 0
232 send 235 1100 16 0
232 wait 234 233 1100
232 wait 236 233 1300
232 irecv 236 2100 200 0
232 irecv 228 2300 200 0
232 send 236 2300 40 0
232 send 228 2100 40 0
232 wait 237 233 2100
232 wait 229 233 2300
232 irecv 8 3100 200 0
232 irecv 200 3300 200 0
232 send 8 3300 60 0
232 send 200 3100 60 0
232 wait 9 233 3100
232 wait 201 233 3300
232 allreduce 1 0 0 
232 allreduce 1 0 0 
232 irecv 233 1100 200 0
232 irecv 235 1300 200 0
232 send 233 1300 16 0
232 send 235 1100 16 0
232 wait 234 233 1100
232 wait 236 233 1300
232 irecv 236 2100 200 0
232 irecv 228 2300 200 0
232 send 236 2300 40 0
232 send 228 2100 40 0
232 wait 237 233 2100
232 wait 229 233 2300
232 irecv 8 3100 200 0
232 irecv 200 3300 200 0
232 send 8 3300 60 0
232 send 200 3100 60 0
232 wait 9 233 3100
232 wait 201 233 3300
232 allreduce 1 0 0 
232 allreduce 1 0 0 
232 irecv 233 1100 200 0
232 irecv 235 1300 200 0
232 send 233 1300 4 0
232 send 235 1100 4 0
232 wait 234 233 1100
232 wait 236 233 1300
232 irecv 236 2100 200 0
232 irecv 228 2300 200 0
232 send 236 2300 12 0
232 send 228 2100 12 0
232 wait 237 233 2100
232 wait 229 233 2300
232 irecv 8 3100 200 0
232 irecv 200 3300 200 0
232 send 8 3300 24 0
232 send 200 3100 24 0
232 wait 9 233 3100
232 wait 201 233 3300
232 irecv 233 1100 200 0
232 irecv 235 1300 200 0
232 send 233 1300 1 0
232 send 235 1100 1 0
232 wait 234 233 1100
232 wait 236 233 1300
232 irecv 236 2100 200 0
232 irecv 228 2300 200 0
232 send 236 2300 4 0
232 send 228 2100 4 0
232 wait 237 233 2100
232 wait 229 233 2300
232 irecv 8 3100 200 0
232 irecv 200 3300 200 0
232 send 8 3300 12 0
232 send 200 3100 12 0
232 wait 9 233 3100
232 wait 201 233 3300
232 irecv 233 1100 200 0
232 irecv 235 1300 200 0
232 wait 234 233 1100
232 wait 236 233 1300
232 send 40 3300 12 0
232 send 168 3100 6 0
232 irecv 236 2100 200 0
232 irecv 228 2300 200 0
232 wait 237 233 2100
232 wait 229 233 2300
232 send 8 3300 24 0
232 send 200 3100 12 0
232 irecv 233 1100 200 0
232 irecv 235 1300 200 0
232 send 233 1300 1 0
232 send 235 1100 1 0
232 wait 234 233 1100
232 wait 236 233 1300
232 irecv 236 2100 200 0
232 irecv 228 2300 200 0
232 send 236 2300 4 0
232 send 228 2100 4 0
232 wait 237 233 2100
232 wait 229 233 2300
232 irecv 8 3100 200 0
232 irecv 200 3300 200 0
232 send 8 3300 12 0
232 send 200 3100 12 0
232 wait 9 233 3100
232 wait 201 233 3300
232 irecv 233 1100 200 0
232 irecv 235 1300 200 0
232 send 233 1300 1 0
232 send 235 1100 1 0
232 wait 234 233 1100
232 wait 236 233 1300
232 irecv 236 2100 200 0
232 irecv 228 2300 200 0
232 send 236 2300 4 0
232 send 228 2100 4 0
232 wait 237 233 2100
232 wait 229 233 2300
232 irecv 8 3100 200 0
232 irecv 200 3300 200 0
232 send 8 3300 12 0
232 send 200 3100 12 0
232 wait 9 233 3100
232 wait 201 233 3300
232 irecv 233 1100 200 0
232 irecv 235 1300 200 0
232 send 233 1300 4 0
232 send 235 1100 4 0
232 wait 234 233 1100
232 wait 236 233 1300
232 irecv 236 2100 200 0
232 irecv 228 2300 200 0
232 send 236 2300 12 0
232 send 228 2100 12 0
232 wait 237 233 2100
232 wait 229 233 2300
232 irecv 8 3100 200 0
232 irecv 200 3300 200 0
232 send 8 3300 24 0
232 send 200 3100 24 0
232 wait 9 233 3100
232 wait 201 233 3300
232 irecv 233 1100 200 0
232 irecv 235 1300 200 0
232 send 233 1300 4 0
232 send 235 1100 4 0
232 wait 234 233 1100
232 wait 236 233 1300
232 irecv 236 2100 200 0
232 irecv 228 2300 200 0
232 send 236 2300 12 0
232 send 228 2100 12 0
232 wait 237 233 2100
232 wait 229 233 2300
232 irecv 8 3100 200 0
232 irecv 200 3300 200 0
232 send 8 3300 24 0
232 send 200 3100 24 0
232 wait 9 233 3100
232 wait 201 233 3300
232 irecv 233 1100 200 0
232 irecv 235 1300 200 0
232 send 233 1300 16 0
232 send 235 1100 16 0
232 wait 234 233 1100
232 wait 236 233 1300
232 irecv 236 2100 200 0
232 irecv 228 2300 200 0
232 send 236 2300 40 0
232 send 228 2100 40 0
232 wait 237 233 2100
232 wait 229 233 2300
232 irecv 8 3100 200 0
232 irecv 200 3300 200 0
232 send 8 3300 60 0
232 send 200 3100 60 0
232 wait 9 233 3100
232 wait 201 233 3300
232 irecv 233 1100 200 0
232 irecv 235 1300 200 0
232 send 233 1300 16 0
232 send 235 1100 16 0
232 wait 234 233 1100
232 wait 236 233 1300
232 irecv 236 2100 200 0
232 irecv 228 2300 200 0
232 send 236 2300 40 0
232 send 228 2100 40 0
232 wait 237 233 2100
232 wait 229 233 2300
232 irecv 8 3100 200 0
232 irecv 200 3300 200 0
232 send 8 3300 60 0
232 send 200 3100 60 0
232 wait 9 233 3100
232 wait 201 233 3300
232 irecv 233 1100 200 0
232 irecv 235 1300 200 0
232 send 233 1300 16 0
232 send 235 1100 16 0
232 wait 234 233 1100
232 wait 236 233 1300
232 irecv 236 2100 200 0
232 irecv 228 2300 200 0
232 send 236 2300 40 0
232 send 228 2100 40 0
232 wait 237 233 2100
232 wait 229 233 2300
232 irecv 8 3100 200 0
232 irecv 200 3300 200 0
232 send 8 3300 60 0
232 send 200 3100 60 0
232 wait 9 233 3100
232 wait 201 233 3300
232 barrier
232 allreduce 1 0 0 
232 allreduce 4 0 1 
232 allreduce 1 0 0 
232 allreduce 4 0 1 
232 allreduce 1 0 0 
232 allreduce 4 0 1 
232 allreduce 1 0 0 
232 allreduce 4 0 1 
232 allreduce 1 0 0 
232 allreduce 4 0 1 
232 allreduce 1 0 0 
232 allreduce 4 0 1 
232 allreduce 1 0 0 
232 allreduce 4 0 1 
232 allreduce 1 0 0 
232 allreduce 4 0 1 
232 allreduce 1 0 0 
232 allreduce 4 0 1 
232 allreduce 1 0 0 
232 allreduce 4 0 1 
232 allreduce 1 0 0 
232 allreduce 4 0 1 
232 allreduce 1 0 0 
232 allreduce 4 0 1 
232 allreduce 1 0 0 
232 allreduce 4 0 1 
232 allreduce 1 0 0 
232 allreduce 4 0 1 
232 allreduce 1 0 0 
232 allreduce 4 0 1 
232 allreduce 1 0 0 
232 allreduce 4 0 1 
232 allreduce 1 0 0 
232 allreduce 4 0 1 
232 allreduce 1 0 0 
232 allreduce 4 0 1 
232 allreduce 1 0 0 
232 allreduce 4 0 1 
232 allreduce 1 0 0 
232 allreduce 4 0 1 
232 barrier
232 irecv 233 1100 200 0
232 irecv 235 1300 200 0
232 send 233 1300 16 0
232 send 235 1100 16 0
232 wait 234 233 1100
232 wait 236 233 1300
232 irecv 236 2100 200 0
232 irecv 228 2300 200 0
232 send 236 2300 40 0
232 send 228 2100 40 0
232 wait 237 233 2100
232 wait 229 233 2300
232 irecv 8 3100 200 0
232 irecv 200 3300 200 0
232 send 8 3300 60 0
232 send 200 3100 60 0
232 wait 9 233 3100
232 wait 201 233 3300
232 barrier
232 irecv 233 1100 200 0
232 irecv 235 1300 200 0
232 send 233 1300 16 0
232 send 235 1100 16 0
232 wait 234 233 1100
232 wait 236 233 1300
232 irecv 236 2100 200 0
232 irecv 228 2300 200 0
232 send 236 2300 40 0
232 send 228 2100 40 0
232 wait 237 233 2100
232 wait 229 233 2300
232 irecv 8 3100 200 0
232 irecv 200 3300 200 0
232 send 8 3300 60 0
232 send 200 3100 60 0
232 wait 9 233 3100
232 wait 201 233 3300
232 allreduce 1 0 0 
232 allreduce 1 0 0 
232 irecv 233 1100 200 0
232 irecv 235 1300 200 0
232 send 233 1300 4 0
232 send 235 1100 4 0
232 wait 234 233 1100
232 wait 236 233 1300
232 irecv 236 2100 200 0
232 irecv 228 2300 200 0
232 send 236 2300 12 0
232 send 228 2100 12 0
232 wait 237 233 2100
232 wait 229 233 2300
232 irecv 8 3100 200 0
232 irecv 200 3300 200 0
232 send 8 3300 24 0
232 send 200 3100 24 0
232 wait 9 233 3100
232 wait 201 233 3300
232 irecv 233 1100 200 0
232 irecv 235 1300 200 0
232 send 233 1300 1 0
232 send 235 1100 1 0
232 wait 234 233 1100
232 wait 236 233 1300
232 irecv 236 2100 200 0
232 irecv 228 2300 200 0
232 send 236 2300 4 0
232 send 228 2100 4 0
232 wait 237 233 2100
232 wait 229 233 2300
232 irecv 8 3100 200 0
232 irecv 200 3300 200 0
232 send 8 3300 12 0
232 send 200 3100 12 0
232 wait 9 233 3100
232 wait 201 233 3300
232 irecv 233 1100 200 0
232 irecv 235 1300 200 0
232 wait 234 233 1100
232 wait 236 233 1300
232 send 40 3300 12 0
232 send 168 3100 6 0
232 irecv 236 2100 200 0
232 irecv 228 2300 200 0
232 wait 237 233 2100
232 wait 229 233 2300
232 send 8 3300 24 0
232 send 200 3100 12 0
232 irecv 233 1100 200 0
232 irecv 235 1300 200 0
232 send 233 1300 1 0
232 send 235 1100 1 0
232 wait 234 233 1100
232 wait 236 233 1300
232 irecv 236 2100 200 0
232 irecv 228 2300 200 0
232 send 236 2300 4 0
232 send 228 2100 4 0
232 wait 237 233 2100
232 wait 229 233 2300
232 irecv 8 3100 200 0
232 irecv 200 3300 200 0
232 send 8 3300 12 0
232 send 200 3100 12 0
232 wait 9 233 3100
232 wait 201 233 3300
232 irecv 233 1100 200 0
232 irecv 235 1300 200 0
232 send 233 1300 1 0
232 send 235 1100 1 0
232 wait 234 233 1100
232 wait 236 233 1300
232 irecv 236 2100 200 0
232 irecv 228 2300 200 0
232 send 236 2300 4 0
232 send 228 2100 4 0
232 wait 237 233 2100
232 wait 229 233 2300
232 irecv 8 3100 200 0
232 irecv 200 3300 200 0
232 send 8 3300 12 0
232 send 200 3100 12 0
232 wait 9 233 3100
232 wait 201 233 3300
232 irecv 233 1100 200 0
232 irecv 235 1300 200 0
232 send 233 1300 4 0
232 send 235 1100 4 0
232 wait 234 233 1100
232 wait 236 233 1300
232 irecv 236 2100 200 0
232 irecv 228 2300 200 0
232 send 236 2300 12 0
232 send 228 2100 12 0
232 wait 237 233 2100
232 wait 229 233 2300
232 irecv 8 3100 200 0
232 irecv 200 3300 200 0
232 send 8 3300 24 0
232 send 200 3100 24 0
232 wait 9 233 3100
232 wait 201 233 3300
232 irecv 233 1100 200 0
232 irecv 235 1300 200 0
232 send 233 1300 4 0
232 send 235 1100 4 0
232 wait 234 233 1100
232 wait 236 233 1300
232 irecv 236 2100 200 0
232 irecv 228 2300 200 0
232 send 236 2300 12 0
232 send 228 2100 12 0
232 wait 237 233 2100
232 wait 229 233 2300
232 irecv 8 3100 200 0
232 irecv 200 3300 200 0
232 send 8 3300 24 0
232 send 200 3100 24 0
232 wait 9 233 3100
232 wait 201 233 3300
232 irecv 233 1100 200 0
232 irecv 235 1300 200 0
232 send 233 1300 16 0
232 send 235 1100 16 0
232 wait 234 233 1100
232 wait 236 233 1300
232 irecv 236 2100 200 0
232 irecv 228 2300 200 0
232 send 236 2300 40 0
232 send 228 2100 40 0
232 wait 237 233 2100
232 wait 229 233 2300
232 irecv 8 3100 200 0
232 irecv 200 3300 200 0
232 send 8 3300 60 0
232 send 200 3100 60 0
232 wait 9 233 3100
232 wait 201 233 3300
232 irecv 233 1100 200 0
232 irecv 235 1300 200 0
232 send 233 1300 16 0
232 send 235 1100 16 0
232 wait 234 233 1100
232 wait 236 233 1300
232 irecv 236 2100 200 0
232 irecv 228 2300 200 0
232 send 236 2300 40 0
232 send 228 2100 40 0
232 wait 237 233 2100
232 wait 229 233 2300
232 irecv 8 3100 200 0
232 irecv 200 3300 200 0
232 send 8 3300 60 0
232 send 200 3100 60 0
232 wait 9 233 3100
232 wait 201 233 3300
232 irecv 233 1100 200 0
232 irecv 235 1300 200 0
232 send 233 1300 16 0
232 send 235 1100 16 0
232 wait 234 233 1100
232 wait 236 233 1300
232 irecv 236 2100 200 0
232 irecv 228 2300 200 0
232 send 236 2300 40 0
232 send 228 2100 40 0
232 wait 237 233 2100
232 wait 229 233 2300
232 irecv 8 3100 200 0
232 irecv 200 3300 200 0
232 send 8 3300 60 0
232 send 200 3100 60 0
232 wait 9 233 3100
232 wait 201 233 3300
232 irecv 233 1100 200 0
232 irecv 235 1300 200 0
232 send 233 1300 4 0
232 send 235 1100 4 0
232 wait 234 233 1100
232 wait 236 233 1300
232 irecv 236 2100 200 0
232 irecv 228 2300 200 0
232 send 236 2300 12 0
232 send 228 2100 12 0
232 wait 237 233 2100
232 wait 229 233 2300
232 irecv 8 3100 200 0
232 irecv 200 3300 200 0
232 send 8 3300 24 0
232 send 200 3100 24 0
232 wait 9 233 3100
232 wait 201 233 3300
232 irecv 233 1100 200 0
232 irecv 235 1300 200 0
232 send 233 1300 1 0
232 send 235 1100 1 0
232 wait 234 233 1100
232 wait 236 233 1300
232 irecv 236 2100 200 0
232 irecv 228 2300 200 0
232 send 236 2300 4 0
232 send 228 2100 4 0
232 wait 237 233 2100
232 wait 229 233 2300
232 irecv 8 3100 200 0
232 irecv 200 3300 200 0
232 send 8 3300 12 0
232 send 200 3100 12 0
232 wait 9 233 3100
232 wait 201 233 3300
232 irecv 233 1100 200 0
232 irecv 235 1300 200 0
232 wait 234 233 1100
232 wait 236 233 1300
232 send 40 3300 12 0
232 send 168 3100 6 0
232 irecv 236 2100 200 0
232 irecv 228 2300 200 0
232 wait 237 233 2100
232 wait 229 233 2300
232 send 8 3300 24 0
232 send 200 3100 12 0
232 irecv 233 1100 200 0
232 irecv 235 1300 200 0
232 send 233 1300 1 0
232 send 235 1100 1 0
232 wait 234 233 1100
232 wait 236 233 1300
232 irecv 236 2100 200 0
232 irecv 228 2300 200 0
232 send 236 2300 4 0
232 send 228 2100 4 0
232 wait 237 233 2100
232 wait 229 233 2300
232 irecv 8 3100 200 0
232 irecv 200 3300 200 0
232 send 8 3300 12 0
232 send 200 3100 12 0
232 wait 9 233 3100
232 wait 201 233 3300
232 irecv 233 1100 200 0
232 irecv 235 1300 200 0
232 send 233 1300 1 0
232 send 235 1100 1 0
232 wait 234 233 1100
232 wait 236 233 1300
232 irecv 236 2100 200 0
232 irecv 228 2300 200 0
232 send 236 2300 4 0
232 send 228 2100 4 0
232 wait 237 233 2100
232 wait 229 233 2300
232 irecv 8 3100 200 0
232 irecv 200 3300 200 0
232 send 8 3300 12 0
232 send 200 3100 12 0
232 wait 9 233 3100
232 wait 201 233 3300
232 irecv 233 1100 200 0
232 irecv 235 1300 200 0
232 send 233 1300 4 0
232 send 235 1100 4 0
232 wait 234 233 1100
232 wait 236 233 1300
232 irecv 236 2100 200 0
232 irecv 228 2300 200 0
232 send 236 2300 12 0
232 send 228 2100 12 0
232 wait 237 233 2100
232 wait 229 233 2300
232 irecv 8 3100 200 0
232 irecv 200 3300 200 0
232 send 8 3300 24 0
232 send 200 3100 24 0
232 wait 9 233 3100
232 wait 201 233 3300
232 irecv 233 1100 200 0
232 irecv 235 1300 200 0
232 send 233 1300 4 0
232 send 235 1100 4 0
232 wait 234 233 1100
232 wait 236 233 1300
232 irecv 236 2100 200 0
232 irecv 228 2300 200 0
232 send 236 2300 12 0
232 send 228 2100 12 0
232 wait 237 233 2100
232 wait 229 233 2300
232 irecv 8 3100 200 0
232 irecv 200 3300 200 0
232 send 8 3300 24 0
232 send 200 3100 24 0
232 wait 9 233 3100
232 wait 201 233 3300
232 irecv 233 1100 200 0
232 irecv 235 1300 200 0
232 send 233 1300 16 0
232 send 235 1100 16 0
232 wait 234 233 1100
232 wait 236 233 1300
232 irecv 236 2100 200 0
232 irecv 228 2300 200 0
232 send 236 2300 40 0
232 send 228 2100 40 0
232 wait 237 233 2100
232 wait 229 233 2300
232 irecv 8 3100 200 0
232 irecv 200 3300 200 0
232 send 8 3300 60 0
232 send 200 3100 60 0
232 wait 9 233 3100
232 wait 201 233 3300
232 irecv 233 1100 200 0
232 irecv 235 1300 200 0
232 send 233 1300 16 0
232 send 235 1100 16 0
232 wait 234 233 1100
232 wait 236 233 1300
232 irecv 236 2100 200 0
232 irecv 228 2300 200 0
232 send 236 2300 40 0
232 send 228 2100 40 0
232 wait 237 233 2100
232 wait 229 233 2300
232 irecv 8 3100 200 0
232 irecv 200 3300 200 0
232 send 8 3300 60 0
232 send 200 3100 60 0
232 wait 9 233 3100
232 wait 201 233 3300
232 irecv 233 1100 200 0
232 irecv 235 1300 200 0
232 send 233 1300 16 0
232 send 235 1100 16 0
232 wait 234 233 1100
232 wait 236 233 1300
232 irecv 236 2100 200 0
232 irecv 228 2300 200 0
232 send 236 2300 40 0
232 send 228 2100 40 0
232 wait 237 233 2100
232 wait 229 233 2300
232 irecv 8 3100 200 0
232 irecv 200 3300 200 0
232 send 8 3300 60 0
232 send 200 3100 60 0
232 wait 9 233 3100
232 wait 201 233 3300
232 irecv 233 1100 200 0
232 irecv 235 1300 200 0
232 send 233 1300 4 0
232 send 235 1100 4 0
232 wait 234 233 1100
232 wait 236 233 1300
232 irecv 236 2100 200 0
232 irecv 228 2300 200 0
232 send 236 2300 12 0
232 send 228 2100 12 0
232 wait 237 233 2100
232 wait 229 233 2300
232 irecv 8 3100 200 0
232 irecv 200 3300 200 0
232 send 8 3300 24 0
232 send 200 3100 24 0
232 wait 9 233 3100
232 wait 201 233 3300
232 irecv 233 1100 200 0
232 irecv 235 1300 200 0
232 send 233 1300 1 0
232 send 235 1100 1 0
232 wait 234 233 1100
232 wait 236 233 1300
232 irecv 236 2100 200 0
232 irecv 228 2300 200 0
232 send 236 2300 4 0
232 send 228 2100 4 0
232 wait 237 233 2100
232 wait 229 233 2300
232 irecv 8 3100 200 0
232 irecv 200 3300 200 0
232 send 8 3300 12 0
232 send 200 3100 12 0
232 wait 9 233 3100
232 wait 201 233 3300
232 irecv 233 1100 200 0
232 irecv 235 1300 200 0
232 wait 234 233 1100
232 wait 236 233 1300
232 send 40 3300 12 0
232 send 168 3100 6 0
232 irecv 236 2100 200 0
232 irecv 228 2300 200 0
232 wait 237 233 2100
232 wait 229 233 2300
232 send 8 3300 24 0
232 send 200 3100 12 0
232 irecv 233 1100 200 0
232 irecv 235 1300 200 0
232 send 233 1300 1 0
232 send 235 1100 1 0
232 wait 234 233 1100
232 wait 236 233 1300
232 irecv 236 2100 200 0
232 irecv 228 2300 200 0
232 send 236 2300 4 0
232 send 228 2100 4 0
232 wait 237 233 2100
232 wait 229 233 2300
232 irecv 8 3100 200 0
232 irecv 200 3300 200 0
232 send 8 3300 12 0
232 send 200 3100 12 0
232 wait 9 233 3100
232 wait 201 233 3300
232 irecv 233 1100 200 0
232 irecv 235 1300 200 0
232 send 233 1300 1 0
232 send 235 1100 1 0
232 wait 234 233 1100
232 wait 236 233 1300
232 irecv 236 2100 200 0
232 irecv 228 2300 200 0
232 send 236 2300 4 0
232 send 228 2100 4 0
232 wait 237 233 2100
232 wait 229 233 2300
232 irecv 8 3100 200 0
232 irecv 200 3300 200 0
232 send 8 3300 12 0
232 send 200 3100 12 0
232 wait 9 233 3100
232 wait 201 233 3300
232 irecv 233 1100 200 0
232 irecv 235 1300 200 0
232 send 233 1300 4 0
232 send 235 1100 4 0
232 wait 234 233 1100
232 wait 236 233 1300
232 irecv 236 2100 200 0
232 irecv 228 2300 200 0
232 send 236 2300 12 0
232 send 228 2100 12 0
232 wait 237 233 2100
232 wait 229 233 2300
232 irecv 8 3100 200 0
232 irecv 200 3300 200 0
232 send 8 3300 24 0
232 send 200 3100 24 0
232 wait 9 233 3100
232 wait 201 233 3300
232 irecv 233 1100 200 0
232 irecv 235 1300 200 0
232 send 233 1300 4 0
232 send 235 1100 4 0
232 wait 234 233 1100
232 wait 236 233 1300
232 irecv 236 2100 200 0
232 irecv 228 2300 200 0
232 send 236 2300 12 0
232 send 228 2100 12 0
232 wait 237 233 2100
232 wait 229 233 2300
232 irecv 8 3100 200 0
232 irecv 200 3300 200 0
232 send 8 3300 24 0
232 send 200 3100 24 0
232 wait 9 233 3100
232 wait 201 233 3300
232 irecv 233 1100 200 0
232 irecv 235 1300 200 0
232 send 233 1300 16 0
232 send 235 1100 16 0
232 wait 234 233 1100
232 wait 236 233 1300
232 irecv 236 2100 200 0
232 irecv 228 2300 200 0
232 send 236 2300 40 0
232 send 228 2100 40 0
232 wait 237 233 2100
232 wait 229 233 2300
232 irecv 8 3100 200 0
232 irecv 200 3300 200 0
232 send 8 3300 60 0
232 send 200 3100 60 0
232 wait 9 233 3100
232 wait 201 233 3300
232 irecv 233 1100 200 0
232 irecv 235 1300 200 0
232 send 233 1300 16 0
232 send 235 1100 16 0
232 wait 234 233 1100
232 wait 236 233 1300
232 irecv 236 2100 200 0
232 irecv 228 2300 200 0
232 send 236 2300 40 0
232 send 228 2100 40 0
232 wait 237 233 2100
232 wait 229 233 2300
232 irecv 8 3100 200 0
232 irecv 200 3300 200 0
232 send 8 3300 60 0
232 send 200 3100 60 0
232 wait 9 233 3100
232 wait 201 233 3300
232 irecv 233 1100 200 0
232 irecv 235 1300 200 0
232 send 233 1300 16 0
232 send 235 1100 16 0
232 wait 234 233 1100
232 wait 236 233 1300
232 irecv 236 2100 200 0
232 irecv 228 2300 200 0
232 send 236 2300 40 0
232 send 228 2100 40 0
232 wait 237 233 2100
232 wait 229 233 2300
232 irecv 8 3100 200 0
232 irecv 200 3300 200 0
232 send 8 3300 60 0
232 send 200 3100 60 0
232 wait 9 233 3100
232 wait 201 233 3300
232 irecv 233 1100 200 0
232 irecv 235 1300 200 0
232 send 233 1300 4 0
232 send 235 1100 4 0
232 wait 234 233 1100
232 wait 236 233 1300
232 irecv 236 2100 200 0
232 irecv 228 2300 200 0
232 send 236 2300 12 0
232 send 228 2100 12 0
232 wait 237 233 2100
232 wait 229 233 2300
232 irecv 8 3100 200 0
232 irecv 200 3300 200 0
232 send 8 3300 24 0
232 send 200 3100 24 0
232 wait 9 233 3100
232 wait 201 233 3300
232 irecv 233 1100 200 0
232 irecv 235 1300 200 0
232 send 233 1300 1 0
232 send 235 1100 1 0
232 wait 234 233 1100
232 wait 236 233 1300
232 irecv 236 2100 200 0
232 irecv 228 2300 200 0
232 send 236 2300 4 0
232 send 228 2100 4 0
232 wait 237 233 2100
232 wait 229 233 2300
232 irecv 8 3100 200 0
232 irecv 200 3300 200 0
232 send 8 3300 12 0
232 send 200 3100 12 0
232 wait 9 233 3100
232 wait 201 233 3300
232 irecv 233 1100 200 0
232 irecv 235 1300 200 0
232 wait 234 233 1100
232 wait 236 233 1300
232 send 40 3300 12 0
232 send 168 3100 6 0
232 irecv 236 2100 200 0
232 irecv 228 2300 200 0
232 wait 237 233 2100
232 wait 229 233 2300
232 send 8 3300 24 0
232 send 200 3100 12 0
232 irecv 233 1100 200 0
232 irecv 235 1300 200 0
232 send 233 1300 1 0
232 send 235 1100 1 0
232 wait 234 233 1100
232 wait 236 233 1300
232 irecv 236 2100 200 0
232 irecv 228 2300 200 0
232 send 236 2300 4 0
232 send 228 2100 4 0
232 wait 237 233 2100
232 wait 229 233 2300
232 irecv 8 3100 200 0
232 irecv 200 3300 200 0
232 send 8 3300 12 0
232 send 200 3100 12 0
232 wait 9 233 3100
232 wait 201 233 3300
232 irecv 233 1100 200 0
232 irecv 235 1300 200 0
232 send 233 1300 1 0
232 send 235 1100 1 0
232 wait 234 233 1100
232 wait 236 233 1300
232 irecv 236 2100 200 0
232 irecv 228 2300 200 0
232 send 236 2300 4 0
232 send 228 2100 4 0
232 wait 237 233 2100
232 wait 229 233 2300
232 irecv 8 3100 200 0
232 irecv 200 3300 200 0
232 send 8 3300 12 0
232 send 200 3100 12 0
232 wait 9 233 3100
232 wait 201 233 3300
232 irecv 233 1100 200 0
232 irecv 235 1300 200 0
232 send 233 1300 4 0
232 send 235 1100 4 0
232 wait 234 233 1100
232 wait 236 233 1300
232 irecv 236 2100 200 0
232 irecv 228 2300 200 0
232 send 236 2300 12 0
232 send 228 2100 12 0
232 wait 237 233 2100
232 wait 229 233 2300
232 irecv 8 3100 200 0
232 irecv 200 3300 200 0
232 send 8 3300 24 0
232 send 200 3100 24 0
232 wait 9 233 3100
232 wait 201 233 3300
232 irecv 233 1100 200 0
232 irecv 235 1300 200 0
232 send 233 1300 4 0
232 send 235 1100 4 0
232 wait 234 233 1100
232 wait 236 233 1300
232 irecv 236 2100 200 0
232 irecv 228 2300 200 0
232 send 236 2300 12 0
232 send 228 2100 12 0
232 wait 237 233 2100
232 wait 229 233 2300
232 irecv 8 3100 200 0
232 irecv 200 3300 200 0
232 send 8 3300 24 0
232 send 200 3100 24 0
232 wait 9 233 3100
232 wait 201 233 3300
232 irecv 233 1100 200 0
232 irecv 235 1300 200 0
232 send 233 1300 16 0
232 send 235 1100 16 0
232 wait 234 233 1100
232 wait 236 233 1300
232 irecv 236 2100 200 0
232 irecv 228 2300 200 0
232 send 236 2300 40 0
232 send 228 2100 40 0
232 wait 237 233 2100
232 wait 229 233 2300
232 irecv 8 3100 200 0
232 irecv 200 3300 200 0
232 send 8 3300 60 0
232 send 200 3100 60 0
232 wait 9 233 3100
232 wait 201 233 3300
232 irecv 233 1100 200 0
232 irecv 235 1300 200 0
232 send 233 1300 16 0
232 send 235 1100 16 0
232 wait 234 233 1100
232 wait 236 233 1300
232 irecv 236 2100 200 0
232 irecv 228 2300 200 0
232 send 236 2300 40 0
232 send 228 2100 40 0
232 wait 237 233 2100
232 wait 229 233 2300
232 irecv 8 3100 200 0
232 irecv 200 3300 200 0
232 send 8 3300 60 0
232 send 200 3100 60 0
232 wait 9 233 3100
232 wait 201 233 3300
232 irecv 233 1100 200 0
232 irecv 235 1300 200 0
232 send 233 1300 16 0
232 send 235 1100 16 0
232 wait 234 233 1100
232 wait 236 233 1300
232 irecv 236 2100 200 0
232 irecv 228 2300 200 0
232 send 236 2300 40 0
232 send 228 2100 40 0
232 wait 237 233 2100
232 wait 229 233 2300
232 irecv 8 3100 200 0
232 irecv 200 3300 200 0
232 send 8 3300 60 0
232 send 200 3100 60 0
232 wait 9 233 3100
232 wait 201 233 3300
232 allreduce 1 0 0 
232 allreduce 1 0 0 
232 reduce 1 0 0 0 
232 finalize
