177 init
177 barrier
177 bcast 1 0 1 
177 bcast 1 0 1 
177 bcast 1 0 1 
177 bcast 1 0 1 
177 bcast 1 0 1 
177 bcast 8 0 1 
177 bcast 1 0 16 
177 barrier
177 allreduce 1 0 0 
177 allreduce 4 0 1 
177 allreduce 1 0 0 
177 allreduce 4 0 1 
177 allreduce 1 0 0 
177 allreduce 4 0 1 
177 allreduce 1 0 0 
177 allreduce 4 0 1 
177 allreduce 1 0 0 
177 allreduce 4 0 1 
177 allreduce 1 0 0 
177 allreduce 4 0 1 
177 allreduce 1 0 0 
177 allreduce 4 0 1 
177 allreduce 1 0 0 
177 allreduce 4 0 1 
177 allreduce 1 0 0 
177 allreduce 4 0 1 
177 allreduce 1 0 0 
177 allreduce 4 0 1 
177 allreduce 1 0 0 
177 allreduce 4 0 1 
177 allreduce 1 0 0 
177 allreduce 4 0 1 
177 allreduce 1 0 0 
177 allreduce 4 0 1 
177 allreduce 1 0 0 
177 allreduce 4 0 1 
177 allreduce 1 0 0 
177 allreduce 4 0 1 
177 allreduce 1 0 0 
177 allreduce 4 0 1 
177 allreduce 1 0 0 
177 allreduce 4 0 1 
177 allreduce 1 0 0 
177 allreduce 4 0 1 
177 allreduce 1 0 0 
177 allreduce 4 0 1 
177 allreduce 1 0 0 
177 allreduce 4 0 1 
177 barrier
177 irecv 178 1100 200 0
177 irecv 176 1300 200 0
177 send 178 1300 16 0
177 send 176 1100 16 0
177 wait 179 178 1100
177 wait 177 178 1300
177 irecv 181 2100 200 0
177 irecv 173 2300 200 0
177 send 181 2300 40 0
177 send 173 2100 40 0
177 wait 182 178 2100
177 wait 174 178 2300
177 irecv 209 3100 200 0
177 irecv 145 3300 200 0
177 send 209 3300 60 0
177 send 145 3100 60 0
177 wait 210 178 3100
177 wait 146 178 3300
177 allreduce 1 0 0 
177 allreduce 1 0 0 
177 irecv 178 1100 200 0
177 irecv 176 1300 200 0
177 send 178 1300 16 0
177 send 176 1100 16 0
177 wait 179 178 1100
177 wait 177 178 1300
177 irecv 181 2100 200 0
177 irecv 173 2300 200 0
177 send 181 2300 40 0
177 send 173 2100 40 0
177 wait 182 178 2100
177 wait 174 178 2300
177 irecv 209 3100 200 0
177 irecv 145 3300 200 0
177 send 209 3300 60 0
177 send 145 3100 60 0
177 wait 210 178 3100
177 wait 146 178 3300
177 allreduce 1 0 0 
177 allreduce 1 0 0 
177 irecv 178 1100 200 0
177 irecv 176 1300 200 0
177 send 178 1300 4 0
177 send 176 1100 4 0
177 wait 179 178 1100
177 wait 177 178 1300
177 irecv 181 2100 200 0
177 irecv 173 2300 200 0
177 send 181 2300 12 0
177 send 173 2100 12 0
177 wait 182 178 2100
177 wait 174 178 2300
177 irecv 209 3100 200 0
177 irecv 145 3300 200 0
177 send 209 3300 24 0
177 send 145 3100 24 0
177 wait 210 178 3100
177 wait 146 178 3300
177 irecv 178 1100 200 0
177 irecv 176 1300 200 0
177 send 178 1300 1 0
177 send 176 1100 1 0
177 wait 179 178 1100
177 wait 177 178 1300
177 irecv 181 2100 200 0
177 irecv 173 2300 200 0
177 send 181 2300 4 0
177 send 173 2100 4 0
177 wait 182 178 2100
177 wait 174 178 2300
177 irecv 209 3100 200 0
177 irecv 145 3300 200 0
177 send 209 3300 12 0
177 send 145 3100 12 0
177 wait 210 178 3100
177 wait 146 178 3300
177 send 178 1300 12 0
177 send 176 1100 6 0
177 irecv 241 3100 200 0
177 irecv 113 3300 200 0
177 wait 242 178 3100
177 wait 114 178 3300
177 irecv 181 2100 200 0
177 irecv 173 2300 200 0
177 wait 182 178 2100
177 wait 174 178 2300
177 send 209 3300 24 0
177 send 145 3100 12 0
177 irecv 178 1100 200 0
177 irecv 176 1300 200 0
177 send 178 1300 1 0
177 send 176 1100 1 0
177 wait 179 178 1100
177 wait 177 178 1300
177 irecv 181 2100 200 0
177 irecv 173 2300 200 0
177 send 181 2300 4 0
177 send 173 2100 4 0
177 wait 182 178 2100
177 wait 174 178 2300
177 irecv 209 3100 200 0
177 irecv 145 3300 200 0
177 send 209 3300 12 0
177 send 145 3100 12 0
177 wait 210 178 3100
177 wait 146 178 3300
177 irecv 178 1100 200 0
177 irecv 176 1300 200 0
177 send 178 1300 1 0
177 send 176 1100 1 0
177 wait 179 178 1100
177 wait 177 178 1300
177 irecv 181 2100 200 0
177 irecv 173 2300 200 0
177 send 181 2300 4 0
177 send 173 2100 4 0
177 wait 182 178 2100
177 wait 174 178 2300
177 irecv 209 3100 200 0
177 irecv 145 3300 200 0
177 send 209 3300 12 0
177 send 145 3100 12 0
177 wait 210 178 3100
177 wait 146 178 3300
177 irecv 178 1100 200 0
177 irecv 176 1300 200 0
177 send 178 1300 4 0
177 send 176 1100 4 0
177 wait 179 178 1100
177 wait 177 178 1300
177 irecv 181 2100 200 0
177 irecv 173 2300 200 0
177 send 181 2300 12 0
177 send 173 2100 12 0
177 wait 182 178 2100
177 wait 174 178 2300
177 irecv 209 3100 200 0
177 irecv 145 3300 200 0
177 send 209 3300 24 0
177 send 145 3100 24 0
177 wait 210 178 3100
177 wait 146 178 3300
177 irecv 178 1100 200 0
177 irecv 176 1300 200 0
177 send 178 1300 4 0
177 send 176 1100 4 0
177 wait 179 178 1100
177 wait 177 178 1300
177 irecv 181 2100 200 0
177 irecv 173 2300 200 0
177 send 181 2300 12 0
177 send 173 2100 12 0
177 wait 182 178 2100
177 wait 174 178 2300
177 irecv 209 3100 200 0
177 irecv 145 3300 200 0
177 send 209 3300 24 0
177 send 145 3100 24 0
177 wait 210 178 3100
177 wait 146 178 3300
177 irecv 178 1100 200 0
177 irecv 176 1300 200 0
177 send 178 1300 16 0
177 send 176 1100 16 0
177 wait 179 178 1100
177 wait 177 178 1300
177 irecv 181 2100 200 0
177 irecv 173 2300 200 0
177 send 181 2300 40 0
177 send 173 2100 40 0
177 wait 182 178 2100
177 wait 174 178 2300
177 irecv 209 3100 200 0
177 irecv 145 3300 200 0
177 send 209 3300 60 0
177 send 145 3100 60 0
177 wait 210 178 3100
177 wait 146 178 3300
177 irecv 178 1100 200 0
177 irecv 176 1300 200 0
177 send 178 1300 16 0
177 send 176 1100 16 0
177 wait 179 178 1100
177 wait 177 178 1300
177 irecv 181 2100 200 0
177 irecv 173 2300 200 0
177 send 181 2300 40 0
177 send 173 2100 40 0
177 wait 182 178 2100
177 wait 174 178 2300
177 irecv 209 3100 200 0
177 irecv 145 3300 200 0
177 send 209 3300 60 0
177 send 145 3100 60 0
177 wait 210 178 3100
177 wait 146 178 3300
177 irecv 178 1100 200 0
177 irecv 176 1300 200 0
177 send 178 1300 16 0
177 send 176 1100 16 0
177 wait 179 178 1100
177 wait 177 178 1300
177 irecv 181 2100 200 0
177 irecv 173 2300 200 0
177 send 181 2300 40 0
177 send 173 2100 40 0
177 wait 182 178 2100
177 wait 174 178 2300
177 irecv 209 3100 200 0
177 irecv 145 3300 200 0
177 send 209 3300 60 0
177 send 145 3100 60 0
177 wait 210 178 3100
177 wait 146 178 3300
177 barrier
177 allreduce 1 0 0 
177 allreduce 4 0 1 
177 allreduce 1 0 0 
177 allreduce 4 0 1 
177 allreduce 1 0 0 
177 allreduce 4 0 1 
177 allreduce 1 0 0 
177 allreduce 4 0 1 
177 allreduce 1 0 0 
177 allreduce 4 0 1 
177 allreduce 1 0 0 
177 allreduce 4 0 1 
177 allreduce 1 0 0 
177 allreduce 4 0 1 
177 allreduce 1 0 0 
177 allreduce 4 0 1 
177 allreduce 1 0 0 
177 allreduce 4 0 1 
177 allreduce 1 0 0 
177 allreduce 4 0 1 
177 allreduce 1 0 0 
177 allreduce 4 0 1 
177 allreduce 1 0 0 
177 allreduce 4 0 1 
177 allreduce 1 0 0 
177 allreduce 4 0 1 
177 allreduce 1 0 0 
177 allreduce 4 0 1 
177 allreduce 1 0 0 
177 allreduce 4 0 1 
177 allreduce 1 0 0 
177 allreduce 4 0 1 
177 allreduce 1 0 0 
177 allreduce 4 0 1 
177 allreduce 1 0 0 
177 allreduce 4 0 1 
177 allreduce 1 0 0 
177 allreduce 4 0 1 
177 allreduce 1 0 0 
177 allreduce 4 0 1 
177 barrier
177 irecv 178 1100 200 0
177 irecv 176 1300 200 0
177 send 178 1300 16 0
177 send 176 1100 16 0
177 wait 179 178 1100
177 wait 177 178 1300
177 irecv 181 2100 200 0
177 irecv 173 2300 200 0
177 send 181 2300 40 0
177 send 173 2100 40 0
177 wait 182 178 2100
177 wait 174 178 2300
177 irecv 209 3100 200 0
177 irecv 145 3300 200 0
177 send 209 3300 60 0
177 send 145 3100 60 0
177 wait 210 178 3100
177 wait 146 178 3300
177 barrier
177 irecv 178 1100 200 0
177 irecv 176 1300 200 0
177 send 178 1300 16 0
177 send 176 1100 16 0
177 wait 179 178 1100
177 wait 177 178 1300
177 irecv 181 2100 200 0
177 irecv 173 2300 200 0
177 send 181 2300 40 0
177 send 173 2100 40 0
177 wait 182 178 2100
177 wait 174 178 2300
177 irecv 209 3100 200 0
177 irecv 145 3300 200 0
177 send 209 3300 60 0
177 send 145 3100 60 0
177 wait 210 178 3100
177 wait 146 178 3300
177 allreduce 1 0 0 
177 allreduce 1 0 0 
177 irecv 178 1100 200 0
177 irecv 176 1300 200 0
177 send 178 1300 4 0
177 send 176 1100 4 0
177 wait 179 178 1100
177 wait 177 178 1300
177 irecv 181 2100 200 0
177 irecv 173 2300 200 0
177 send 181 2300 12 0
177 send 173 2100 12 0
177 wait 182 178 2100
177 wait 174 178 2300
177 irecv 209 3100 200 0
177 irecv 145 3300 200 0
177 send 209 3300 24 0
177 send 145 3100 24 0
177 wait 210 178 3100
177 wait 146 178 3300
177 irecv 178 1100 200 0
177 irecv 176 1300 200 0
177 send 178 1300 1 0
177 send 176 1100 1 0
177 wait 179 178 1100
177 wait 177 178 1300
177 irecv 181 2100 200 0
177 irecv 173 2300 200 0
177 send 181 2300 4 0
177 send 173 2100 4 0
177 wait 182 178 2100
177 wait 174 178 2300
177 irecv 209 3100 200 0
177 irecv 145 3300 200 0
177 send 209 3300 12 0
177 send 145 3100 12 0
177 wait 210 178 3100
177 wait 146 178 3300
177 send 178 1300 12 0
177 send 176 1100 6 0
177 irecv 241 3100 200 0
177 irecv 113 3300 200 0
177 wait 242 178 3100
177 wait 114 178 3300
177 irecv 181 2100 200 0
177 irecv 173 2300 200 0
177 wait 182 178 2100
177 wait 174 178 2300
177 send 209 3300 24 0
177 send 145 3100 12 0
177 irecv 178 1100 200 0
177 irecv 176 1300 200 0
177 send 178 1300 1 0
177 send 176 1100 1 0
177 wait 179 178 1100
177 wait 177 178 1300
177 irecv 181 2100 200 0
177 irecv 173 2300 200 0
177 send 181 2300 4 0
177 send 173 2100 4 0
177 wait 182 178 2100
177 wait 174 178 2300
177 irecv 209 3100 200 0
177 irecv 145 3300 200 0
177 send 209 3300 12 0
177 send 145 3100 12 0
177 wait 210 178 3100
177 wait 146 178 3300
177 irecv 178 1100 200 0
177 irecv 176 1300 200 0
177 send 178 1300 1 0
177 send 176 1100 1 0
177 wait 179 178 1100
177 wait 177 178 1300
177 irecv 181 2100 200 0
177 irecv 173 2300 200 0
177 send 181 2300 4 0
177 send 173 2100 4 0
177 wait 182 178 2100
177 wait 174 178 2300
177 irecv 209 3100 200 0
177 irecv 145 3300 200 0
177 send 209 3300 12 0
177 send 145 3100 12 0
177 wait 210 178 3100
177 wait 146 178 3300
177 irecv 178 1100 200 0
177 irecv 176 1300 200 0
177 send 178 1300 4 0
177 send 176 1100 4 0
177 wait 179 178 1100
177 wait 177 178 1300
177 irecv 181 2100 200 0
177 irecv 173 2300 200 0
177 send 181 2300 12 0
177 send 173 2100 12 0
177 wait 182 178 2100
177 wait 174 178 2300
177 irecv 209 3100 200 0
177 irecv 145 3300 200 0
177 send 209 3300 24 0
177 send 145 3100 24 0
177 wait 210 178 3100
177 wait 146 178 3300
177 irecv 178 1100 200 0
177 irecv 176 1300 200 0
177 send 178 1300 4 0
177 send 176 1100 4 0
177 wait 179 178 1100
177 wait 177 178 1300
177 irecv 181 2100 200 0
177 irecv 173 2300 200 0
177 send 181 2300 12 0
177 send 173 2100 12 0
177 wait 182 178 2100
177 wait 174 178 2300
177 irecv 209 3100 200 0
177 irecv 145 3300 200 0
177 send 209 3300 24 0
177 send 145 3100 24 0
177 wait 210 178 3100
177 wait 146 178 3300
177 irecv 178 1100 200 0
177 irecv 176 1300 200 0
177 send 178 1300 16 0
177 send 176 1100 16 0
177 wait 179 178 1100
177 wait 177 178 1300
177 irecv 181 2100 200 0
177 irecv 173 2300 200 0
177 send 181 2300 40 0
177 send 173 2100 40 0
177 wait 182 178 2100
177 wait 174 178 2300
177 irecv 209 3100 200 0
177 irecv 145 3300 200 0
177 send 209 3300 60 0
177 send 145 3100 60 0
177 wait 210 178 3100
177 wait 146 178 3300
177 irecv 178 1100 200 0
177 irecv 176 1300 200 0
177 send 178 1300 16 0
177 send 176 1100 16 0
177 wait 179 178 1100
177 wait 177 178 1300
177 irecv 181 2100 200 0
177 irecv 173 2300 200 0
177 send 181 2300 40 0
177 send 173 2100 40 0
177 wait 182 178 2100
177 wait 174 178 2300
177 irecv 209 3100 200 0
177 irecv 145 3300 200 0
177 send 209 3300 60 0
177 send 145 3100 60 0
177 wait 210 178 3100
177 wait 146 178 3300
177 irecv 178 1100 200 0
177 irecv 176 1300 200 0
177 send 178 1300 16 0
177 send 176 1100 16 0
177 wait 179 178 1100
177 wait 177 178 1300
177 irecv 181 2100 200 0
177 irecv 173 2300 200 0
177 send 181 2300 40 0
177 send 173 2100 40 0
177 wait 182 178 2100
177 wait 174 178 2300
177 irecv 209 3100 200 0
177 irecv 145 3300 200 0
177 send 209 3300 60 0
177 send 145 3100 60 0
177 wait 210 178 3100
177 wait 146 178 3300
177 irecv 178 1100 200 0
177 irecv 176 1300 200 0
177 send 178 1300 4 0
177 send 176 1100 4 0
177 wait 179 178 1100
177 wait 177 178 1300
177 irecv 181 2100 200 0
177 irecv 173 2300 200 0
177 send 181 2300 12 0
177 send 173 2100 12 0
177 wait 182 178 2100
177 wait 174 178 2300
177 irecv 209 3100 200 0
177 irecv 145 3300 200 0
177 send 209 3300 24 0
177 send 145 3100 24 0
177 wait 210 178 3100
177 wait 146 178 3300
177 irecv 178 1100 200 0
177 irecv 176 1300 200 0
177 send 178 1300 1 0
177 send 176 1100 1 0
177 wait 179 178 1100
177 wait 177 178 1300
177 irecv 181 2100 200 0
177 irecv 173 2300 200 0
177 send 181 2300 4 0
177 send 173 2100 4 0
177 wait 182 178 2100
177 wait 174 178 2300
177 irecv 209 3100 200 0
177 irecv 145 3300 200 0
177 send 209 3300 12 0
177 send 145 3100 12 0
177 wait 210 178 3100
177 wait 146 178 3300
177 send 178 1300 12 0
177 send 176 1100 6 0
177 irecv 241 3100 200 0
177 irecv 113 3300 200 0
177 wait 242 178 3100
177 wait 114 178 3300
177 irecv 181 2100 200 0
177 irecv 173 2300 200 0
177 wait 182 178 2100
177 wait 174 178 2300
177 send 209 3300 24 0
177 send 145 3100 12 0
177 irecv 178 1100 200 0
177 irecv 176 1300 200 0
177 send 178 1300 1 0
177 send 176 1100 1 0
177 wait 179 178 1100
177 wait 177 178 1300
177 irecv 181 2100 200 0
177 irecv 173 2300 200 0
177 send 181 2300 4 0
177 send 173 2100 4 0
177 wait 182 178 2100
177 wait 174 178 2300
177 irecv 209 3100 200 0
177 irecv 145 3300 200 0
177 send 209 3300 12 0
177 send 145 3100 12 0
177 wait 210 178 3100
177 wait 146 178 3300
177 irecv 178 1100 200 0
177 irecv 176 1300 200 0
177 send 178 1300 1 0
177 send 176 1100 1 0
177 wait 179 178 1100
177 wait 177 178 1300
177 irecv 181 2100 200 0
177 irecv 173 2300 200 0
177 send 181 2300 4 0
177 send 173 2100 4 0
177 wait 182 178 2100
177 wait 174 178 2300
177 irecv 209 3100 200 0
177 irecv 145 3300 200 0
177 send 209 3300 12 0
177 send 145 3100 12 0
177 wait 210 178 3100
177 wait 146 178 3300
177 irecv 178 1100 200 0
177 irecv 176 1300 200 0
177 send 178 1300 4 0
177 send 176 1100 4 0
177 wait 179 178 1100
177 wait 177 178 1300
177 irecv 181 2100 200 0
177 irecv 173 2300 200 0
177 send 181 2300 12 0
177 send 173 2100 12 0
177 wait 182 178 2100
177 wait 174 178 2300
177 irecv 209 3100 200 0
177 irecv 145 3300 200 0
177 send 209 3300 24 0
177 send 145 3100 24 0
177 wait 210 178 3100
177 wait 146 178 3300
177 irecv 178 1100 200 0
177 irecv 176 1300 200 0
177 send 178 1300 4 0
177 send 176 1100 4 0
177 wait 179 178 1100
177 wait 177 178 1300
177 irecv 181 2100 200 0
177 irecv 173 2300 200 0
177 send 181 2300 12 0
177 send 173 2100 12 0
177 wait 182 178 2100
177 wait 174 178 2300
177 irecv 209 3100 200 0
177 irecv 145 3300 200 0
177 send 209 3300 24 0
177 send 145 3100 24 0
177 wait 210 178 3100
177 wait 146 178 3300
177 irecv 178 1100 200 0
177 irecv 176 1300 200 0
177 send 178 1300 16 0
177 send 176 1100 16 0
177 wait 179 178 1100
177 wait 177 178 1300
177 irecv 181 2100 200 0
177 irecv 173 2300 200 0
177 send 181 2300 40 0
177 send 173 2100 40 0
177 wait 182 178 2100
177 wait 174 178 2300
177 irecv 209 3100 200 0
177 irecv 145 3300 200 0
177 send 209 3300 60 0
177 send 145 3100 60 0
177 wait 210 178 3100
177 wait 146 178 3300
177 irecv 178 1100 200 0
177 irecv 176 1300 200 0
177 send 178 1300 16 0
177 send 176 1100 16 0
177 wait 179 178 1100
177 wait 177 178 1300
177 irecv 181 2100 200 0
177 irecv 173 2300 200 0
177 send 181 2300 40 0
177 send 173 2100 40 0
177 wait 182 178 2100
177 wait 174 178 2300
177 irecv 209 3100 200 0
177 irecv 145 3300 200 0
177 send 209 3300 60 0
177 send 145 3100 60 0
177 wait 210 178 3100
177 wait 146 178 3300
177 irecv 178 1100 200 0
177 irecv 176 1300 200 0
177 send 178 1300 16 0
177 send 176 1100 16 0
177 wait 179 178 1100
177 wait 177 178 1300
177 irecv 181 2100 200 0
177 irecv 173 2300 200 0
177 send 181 2300 40 0
177 send 173 2100 40 0
177 wait 182 178 2100
177 wait 174 178 2300
177 irecv 209 3100 200 0
177 irecv 145 3300 200 0
177 send 209 3300 60 0
177 send 145 3100 60 0
177 wait 210 178 3100
177 wait 146 178 3300
177 irecv 178 1100 200 0
177 irecv 176 1300 200 0
177 send 178 1300 4 0
177 send 176 1100 4 0
177 wait 179 178 1100
177 wait 177 178 1300
177 irecv 181 2100 200 0
177 irecv 173 2300 200 0
177 send 181 2300 12 0
177 send 173 2100 12 0
177 wait 182 178 2100
177 wait 174 178 2300
177 irecv 209 3100 200 0
177 irecv 145 3300 200 0
177 send 209 3300 24 0
177 send 145 3100 24 0
177 wait 210 178 3100
177 wait 146 178 3300
177 irecv 178 1100 200 0
177 irecv 176 1300 200 0
177 send 178 1300 1 0
177 send 176 1100 1 0
177 wait 179 178 1100
177 wait 177 178 1300
177 irecv 181 2100 200 0
177 irecv 173 2300 200 0
177 send 181 2300 4 0
177 send 173 2100 4 0
177 wait 182 178 2100
177 wait 174 178 2300
177 irecv 209 3100 200 0
177 irecv 145 3300 200 0
177 send 209 3300 12 0
177 send 145 3100 12 0
177 wait 210 178 3100
177 wait 146 178 3300
177 send 178 1300 12 0
177 send 176 1100 6 0
177 irecv 241 3100 200 0
177 irecv 113 3300 200 0
177 wait 242 178 3100
177 wait 114 178 3300
177 irecv 181 2100 200 0
177 irecv 173 2300 200 0
177 wait 182 178 2100
177 wait 174 178 2300
177 send 209 3300 24 0
177 send 145 3100 12 0
177 irecv 178 1100 200 0
177 irecv 176 1300 200 0
177 send 178 1300 1 0
177 send 176 1100 1 0
177 wait 179 178 1100
177 wait 177 178 1300
177 irecv 181 2100 200 0
177 irecv 173 2300 200 0
177 send 181 2300 4 0
177 send 173 2100 4 0
177 wait 182 178 2100
177 wait 174 178 2300
177 irecv 209 3100 200 0
177 irecv 145 3300 200 0
177 send 209 3300 12 0
177 send 145 3100 12 0
177 wait 210 178 3100
177 wait 146 178 3300
177 irecv 178 1100 200 0
177 irecv 176 1300 200 0
177 send 178 1300 1 0
177 send 176 1100 1 0
177 wait 179 178 1100
177 wait 177 178 1300
177 irecv 181 2100 200 0
177 irecv 173 2300 200 0
177 send 181 2300 4 0
177 send 173 2100 4 0
177 wait 182 178 2100
177 wait 174 178 2300
177 irecv 209 3100 200 0
177 irecv 145 3300 200 0
177 send 209 3300 12 0
177 send 145 3100 12 0
177 wait 210 178 3100
177 wait 146 178 3300
177 irecv 178 1100 200 0
177 irecv 176 1300 200 0
177 send 178 1300 4 0
177 send 176 1100 4 0
177 wait 179 178 1100
177 wait 177 178 1300
177 irecv 181 2100 200 0
177 irecv 173 2300 200 0
177 send 181 2300 12 0
177 send 173 2100 12 0
177 wait 182 178 2100
177 wait 174 178 2300
177 irecv 209 3100 200 0
177 irecv 145 3300 200 0
177 send 209 3300 24 0
177 send 145 3100 24 0
177 wait 210 178 3100
177 wait 146 178 3300
177 irecv 178 1100 200 0
177 irecv 176 1300 200 0
177 send 178 1300 4 0
177 send 176 1100 4 0
177 wait 179 178 1100
177 wait 177 178 1300
177 irecv 181 2100 200 0
177 irecv 173 2300 200 0
177 send 181 2300 12 0
177 send 173 2100 12 0
177 wait 182 178 2100
177 wait 174 178 2300
177 irecv 209 3100 200 0
177 irecv 145 3300 200 0
177 send 209 3300 24 0
177 send 145 3100 24 0
177 wait 210 178 3100
177 wait 146 178 3300
177 irecv 178 1100 200 0
177 irecv 176 1300 200 0
177 send 178 1300 16 0
177 send 176 1100 16 0
177 wait 179 178 1100
177 wait 177 178 1300
177 irecv 181 2100 200 0
177 irecv 173 2300 200 0
177 send 181 2300 40 0
177 send 173 2100 40 0
177 wait 182 178 2100
177 wait 174 178 2300
177 irecv 209 3100 200 0
177 irecv 145 3300 200 0
177 send 209 3300 60 0
177 send 145 3100 60 0
177 wait 210 178 3100
177 wait 146 178 3300
177 irecv 178 1100 200 0
177 irecv 176 1300 200 0
177 send 178 1300 16 0
177 send 176 1100 16 0
177 wait 179 178 1100
177 wait 177 178 1300
177 irecv 181 2100 200 0
177 irecv 173 2300 200 0
177 send 181 2300 40 0
177 send 173 2100 40 0
177 wait 182 178 2100
177 wait 174 178 2300
177 irecv 209 3100 200 0
177 irecv 145 3300 200 0
177 send 209 3300 60 0
177 send 145 3100 60 0
177 wait 210 178 3100
177 wait 146 178 3300
177 irecv 178 1100 200 0
177 irecv 176 1300 200 0
177 send 178 1300 16 0
177 send 176 1100 16 0
177 wait 179 178 1100
177 wait 177 178 1300
177 irecv 181 2100 200 0
177 irecv 173 2300 200 0
177 send 181 2300 40 0
177 send 173 2100 40 0
177 wait 182 178 2100
177 wait 174 178 2300
177 irecv 209 3100 200 0
177 irecv 145 3300 200 0
177 send 209 3300 60 0
177 send 145 3100 60 0
177 wait 210 178 3100
177 wait 146 178 3300
177 irecv 178 1100 200 0
177 irecv 176 1300 200 0
177 send 178 1300 4 0
177 send 176 1100 4 0
177 wait 179 178 1100
177 wait 177 178 1300
177 irecv 181 2100 200 0
177 irecv 173 2300 200 0
177 send 181 2300 12 0
177 send 173 2100 12 0
177 wait 182 178 2100
177 wait 174 178 2300
177 irecv 209 3100 200 0
177 irecv 145 3300 200 0
177 send 209 3300 24 0
177 send 145 3100 24 0
177 wait 210 178 3100
177 wait 146 178 3300
177 irecv 178 1100 200 0
177 irecv 176 1300 200 0
177 send 178 1300 1 0
177 send 176 1100 1 0
177 wait 179 178 1100
177 wait 177 178 1300
177 irecv 181 2100 200 0
177 irecv 173 2300 200 0
177 send 181 2300 4 0
177 send 173 2100 4 0
177 wait 182 178 2100
177 wait 174 178 2300
177 irecv 209 3100 200 0
177 irecv 145 3300 200 0
177 send 209 3300 12 0
177 send 145 3100 12 0
177 wait 210 178 3100
177 wait 146 178 3300
177 send 178 1300 12 0
177 send 176 1100 6 0
177 irecv 241 3100 200 0
177 irecv 113 3300 200 0
177 wait 242 178 3100
177 wait 114 178 3300
177 irecv 181 2100 200 0
177 irecv 173 2300 200 0
177 wait 182 178 2100
177 wait 174 178 2300
177 send 209 3300 24 0
177 send 145 3100 12 0
177 irecv 178 1100 200 0
177 irecv 176 1300 200 0
177 send 178 1300 1 0
177 send 176 1100 1 0
177 wait 179 178 1100
177 wait 177 178 1300
177 irecv 181 2100 200 0
177 irecv 173 2300 200 0
177 send 181 2300 4 0
177 send 173 2100 4 0
177 wait 182 178 2100
177 wait 174 178 2300
177 irecv 209 3100 200 0
177 irecv 145 3300 200 0
177 send 209 3300 12 0
177 send 145 3100 12 0
177 wait 210 178 3100
177 wait 146 178 3300
177 irecv 178 1100 200 0
177 irecv 176 1300 200 0
177 send 178 1300 1 0
177 send 176 1100 1 0
177 wait 179 178 1100
177 wait 177 178 1300
177 irecv 181 2100 200 0
177 irecv 173 2300 200 0
177 send 181 2300 4 0
177 send 173 2100 4 0
177 wait 182 178 2100
177 wait 174 178 2300
177 irecv 209 3100 200 0
177 irecv 145 3300 200 0
177 send 209 3300 12 0
177 send 145 3100 12 0
177 wait 210 178 3100
177 wait 146 178 3300
177 irecv 178 1100 200 0
177 irecv 176 1300 200 0
177 send 178 1300 4 0
177 send 176 1100 4 0
177 wait 179 178 1100
177 wait 177 178 1300
177 irecv 181 2100 200 0
177 irecv 173 2300 200 0
177 send 181 2300 12 0
177 send 173 2100 12 0
177 wait 182 178 2100
177 wait 174 178 2300
177 irecv 209 3100 200 0
177 irecv 145 3300 200 0
177 send 209 3300 24 0
177 send 145 3100 24 0
177 wait 210 178 3100
177 wait 146 178 3300
177 irecv 178 1100 200 0
177 irecv 176 1300 200 0
177 send 178 1300 4 0
177 send 176 1100 4 0
177 wait 179 178 1100
177 wait 177 178 1300
177 irecv 181 2100 200 0
177 irecv 173 2300 200 0
177 send 181 2300 12 0
177 send 173 2100 12 0
177 wait 182 178 2100
177 wait 174 178 2300
177 irecv 209 3100 200 0
177 irecv 145 3300 200 0
177 send 209 3300 24 0
177 send 145 3100 24 0
177 wait 210 178 3100
177 wait 146 178 3300
177 irecv 178 1100 200 0
177 irecv 176 1300 200 0
177 send 178 1300 16 0
177 send 176 1100 16 0
177 wait 179 178 1100
177 wait 177 178 1300
177 irecv 181 2100 200 0
177 irecv 173 2300 200 0
177 send 181 2300 40 0
177 send 173 2100 40 0
177 wait 182 178 2100
177 wait 174 178 2300
177 irecv 209 3100 200 0
177 irecv 145 3300 200 0
177 send 209 3300 60 0
177 send 145 3100 60 0
177 wait 210 178 3100
177 wait 146 178 3300
177 irecv 178 1100 200 0
177 irecv 176 1300 200 0
177 send 178 1300 16 0
177 send 176 1100 16 0
177 wait 179 178 1100
177 wait 177 178 1300
177 irecv 181 2100 200 0
177 irecv 173 2300 200 0
177 send 181 2300 40 0
177 send 173 2100 40 0
177 wait 182 178 2100
177 wait 174 178 2300
177 irecv 209 3100 200 0
177 irecv 145 3300 200 0
177 send 209 3300 60 0
177 send 145 3100 60 0
177 wait 210 178 3100
177 wait 146 178 3300
177 irecv 178 1100 200 0
177 irecv 176 1300 200 0
177 send 178 1300 16 0
177 send 176 1100 16 0
177 wait 179 178 1100
177 wait 177 178 1300
177 irecv 181 2100 200 0
177 irecv 173 2300 200 0
177 send 181 2300 40 0
177 send 173 2100 40 0
177 wait 182 178 2100
177 wait 174 178 2300
177 irecv 209 3100 200 0
177 irecv 145 3300 200 0
177 send 209 3300 60 0
177 send 145 3100 60 0
177 wait 210 178 3100
177 wait 146 178 3300
177 allreduce 1 0 0 
177 allreduce 1 0 0 
177 reduce 1 0 0 0 
177 finalize
