94 init
94 barrier
94 bcast 1 0 1 
94 bcast 1 0 1 
94 bcast 1 0 1 
94 bcast 1 0 1 
94 bcast 1 0 1 
94 bcast 8 0 1 
94 bcast 1 0 16 
94 barrier
94 allreduce 1 0 0 
94 allreduce 4 0 1 
94 allreduce 1 0 0 
94 allreduce 4 0 1 
94 allreduce 1 0 0 
94 allreduce 4 0 1 
94 allreduce 1 0 0 
94 allreduce 4 0 1 
94 allreduce 1 0 0 
94 allreduce 4 0 1 
94 allreduce 1 0 0 
94 allreduce 4 0 1 
94 allreduce 1 0 0 
94 allreduce 4 0 1 
94 allreduce 1 0 0 
94 allreduce 4 0 1 
94 allreduce 1 0 0 
94 allreduce 4 0 1 
94 allreduce 1 0 0 
94 allreduce 4 0 1 
94 allreduce 1 0 0 
94 allreduce 4 0 1 
94 allreduce 1 0 0 
94 allreduce 4 0 1 
94 allreduce 1 0 0 
94 allreduce 4 0 1 
94 allreduce 1 0 0 
94 allreduce 4 0 1 
94 allreduce 1 0 0 
94 allreduce 4 0 1 
94 allreduce 1 0 0 
94 allreduce 4 0 1 
94 allreduce 1 0 0 
94 allreduce 4 0 1 
94 allreduce 1 0 0 
94 allreduce 4 0 1 
94 allreduce 1 0 0 
94 allreduce 4 0 1 
94 allreduce 1 0 0 
94 allreduce 4 0 1 
94 barrier
94 irecv 95 1100 200 0
94 irecv 93 1300 200 0
94 send 95 1300 16 0
94 send 93 1100 16 0
94 wait 96 95 1100
94 wait 94 95 1300
94 irecv 66 2100 200 0
94 irecv 90 2300 200 0
94 send 66 2300 40 0
94 send 90 2100 40 0
94 wait 67 95 2100
94 wait 91 95 2300
94 irecv 126 3100 200 0
94 irecv 62 3300 200 0
94 send 126 3300 60 0
94 send 62 3100 60 0
94 wait 127 95 3100
94 wait 63 95 3300
94 allreduce 1 0 0 
94 allreduce 1 0 0 
94 irecv 95 1100 200 0
94 irecv 93 1300 200 0
94 send 95 1300 16 0
94 send 93 1100 16 0
94 wait 96 95 1100
94 wait 94 95 1300
94 irecv 66 2100 200 0
94 irecv 90 2300 200 0
94 send 66 2300 40 0
94 send 90 2100 40 0
94 wait 67 95 2100
94 wait 91 95 2300
94 irecv 126 3100 200 0
94 irecv 62 3300 200 0
94 send 126 3300 60 0
94 send 62 3100 60 0
94 wait 127 95 3100
94 wait 63 95 3300
94 allreduce 1 0 0 
94 allreduce 1 0 0 
94 irecv 95 1100 200 0
94 irecv 93 1300 200 0
94 send 95 1300 4 0
94 send 93 1100 4 0
94 wait 96 95 1100
94 wait 94 95 1300
94 irecv 66 2100 200 0
94 irecv 90 2300 200 0
94 send 66 2300 12 0
94 send 90 2100 12 0
94 wait 67 95 2100
94 wait 91 95 2300
94 irecv 126 3100 200 0
94 irecv 62 3300 200 0
94 send 126 3300 24 0
94 send 62 3100 24 0
94 wait 127 95 3100
94 wait 63 95 3300
94 irecv 95 1100 200 0
94 irecv 93 1300 200 0
94 send 95 1300 1 0
94 send 93 1100 1 0
94 wait 96 95 1100
94 wait 94 95 1300
94 irecv 66 2100 200 0
94 irecv 90 2300 200 0
94 send 66 2300 4 0
94 send 90 2100 4 0
94 wait 67 95 2100
94 wait 91 95 2300
94 irecv 126 3100 200 0
94 irecv 62 3300 200 0
94 send 126 3300 12 0
94 send 62 3100 12 0
94 wait 127 95 3100
94 wait 63 95 3300
94 irecv 95 1100 200 0
94 irecv 93 1300 200 0
94 wait 96 95 1100
94 wait 94 95 1300
94 send 70 2300 12 0
94 send 86 2100 6 0
94 send 66 2300 24 0
94 send 90 2100 12 0
94 irecv 126 3100 200 0
94 irecv 62 3300 200 0
94 wait 127 95 3100
94 wait 63 95 3300
94 irecv 95 1100 200 0
94 irecv 93 1300 200 0
94 send 95 1300 1 0
94 send 93 1100 1 0
94 wait 96 95 1100
94 wait 94 95 1300
94 irecv 66 2100 200 0
94 irecv 90 2300 200 0
94 send 66 2300 4 0
94 send 90 2100 4 0
94 wait 67 95 2100
94 wait 91 95 2300
94 irecv 126 3100 200 0
94 irecv 62 3300 200 0
94 send 126 3300 12 0
94 send 62 3100 12 0
94 wait 127 95 3100
94 wait 63 95 3300
94 irecv 95 1100 200 0
94 irecv 93 1300 200 0
94 send 95 1300 1 0
94 send 93 1100 1 0
94 wait 96 95 1100
94 wait 94 95 1300
94 irecv 66 2100 200 0
94 irecv 90 2300 200 0
94 send 66 2300 4 0
94 send 90 2100 4 0
94 wait 67 95 2100
94 wait 91 95 2300
94 irecv 126 3100 200 0
94 irecv 62 3300 200 0
94 send 126 3300 12 0
94 send 62 3100 12 0
94 wait 127 95 3100
94 wait 63 95 3300
94 irecv 95 1100 200 0
94 irecv 93 1300 200 0
94 send 95 1300 4 0
94 send 93 1100 4 0
94 wait 96 95 1100
94 wait 94 95 1300
94 irecv 66 2100 200 0
94 irecv 90 2300 200 0
94 send 66 2300 12 0
94 send 90 2100 12 0
94 wait 67 95 2100
94 wait 91 95 2300
94 irecv 126 3100 200 0
94 irecv 62 3300 200 0
94 send 126 3300 24 0
94 send 62 3100 24 0
94 wait 127 95 3100
94 wait 63 95 3300
94 irecv 95 1100 200 0
94 irecv 93 1300 200 0
94 send 95 1300 4 0
94 send 93 1100 4 0
94 wait 96 95 1100
94 wait 94 95 1300
94 irecv 66 2100 200 0
94 irecv 90 2300 200 0
94 send 66 2300 12 0
94 send 90 2100 12 0
94 wait 67 95 2100
94 wait 91 95 2300
94 irecv 126 3100 200 0
94 irecv 62 3300 200 0
94 send 126 3300 24 0
94 send 62 3100 24 0
94 wait 127 95 3100
94 wait 63 95 3300
94 irecv 95 1100 200 0
94 irecv 93 1300 200 0
94 send 95 1300 16 0
94 send 93 1100 16 0
94 wait 96 95 1100
94 wait 94 95 1300
94 irecv 66 2100 200 0
94 irecv 90 2300 200 0
94 send 66 2300 40 0
94 send 90 2100 40 0
94 wait 67 95 2100
94 wait 91 95 2300
94 irecv 126 3100 200 0
94 irecv 62 3300 200 0
94 send 126 3300 60 0
94 send 62 3100 60 0
94 wait 127 95 3100
94 wait 63 95 3300
94 irecv 95 1100 200 0
94 irecv 93 1300 200 0
94 send 95 1300 16 0
94 send 93 1100 16 0
94 wait 96 95 1100
94 wait 94 95 1300
94 irecv 66 2100 200 0
94 irecv 90 2300 200 0
94 send 66 2300 40 0
94 send 90 2100 40 0
94 wait 67 95 2100
94 wait 91 95 2300
94 irecv 126 3100 200 0
94 irecv 62 3300 200 0
94 send 126 3300 60 0
94 send 62 3100 60 0
94 wait 127 95 3100
94 wait 63 95 3300
94 irecv 95 1100 200 0
94 irecv 93 1300 200 0
94 send 95 1300 16 0
94 send 93 1100 16 0
94 wait 96 95 1100
94 wait 94 95 1300
94 irecv 66 2100 200 0
94 irecv 90 2300 200 0
94 send 66 2300 40 0
94 send 90 2100 40 0
94 wait 67 95 2100
94 wait 91 95 2300
94 irecv 126 3100 200 0
94 irecv 62 3300 200 0
94 send 126 3300 60 0
94 send 62 3100 60 0
94 wait 127 95 3100
94 wait 63 95 3300
94 barrier
94 allreduce 1 0 0 
94 allreduce 4 0 1 
94 allreduce 1 0 0 
94 allreduce 4 0 1 
94 allreduce 1 0 0 
94 allreduce 4 0 1 
94 allreduce 1 0 0 
94 allreduce 4 0 1 
94 allreduce 1 0 0 
94 allreduce 4 0 1 
94 allreduce 1 0 0 
94 allreduce 4 0 1 
94 allreduce 1 0 0 
94 allreduce 4 0 1 
94 allreduce 1 0 0 
94 allreduce 4 0 1 
94 allreduce 1 0 0 
94 allreduce 4 0 1 
94 allreduce 1 0 0 
94 allreduce 4 0 1 
94 allreduce 1 0 0 
94 allreduce 4 0 1 
94 allreduce 1 0 0 
94 allreduce 4 0 1 
94 allreduce 1 0 0 
94 allreduce 4 0 1 
94 allreduce 1 0 0 
94 allreduce 4 0 1 
94 allreduce 1 0 0 
94 allreduce 4 0 1 
94 allreduce 1 0 0 
94 allreduce 4 0 1 
94 allreduce 1 0 0 
94 allreduce 4 0 1 
94 allreduce 1 0 0 
94 allreduce 4 0 1 
94 allreduce 1 0 0 
94 allreduce 4 0 1 
94 allreduce 1 0 0 
94 allreduce 4 0 1 
94 barrier
94 irecv 95 1100 200 0
94 irecv 93 1300 200 0
94 send 95 1300 16 0
94 send 93 1100 16 0
94 wait 96 95 1100
94 wait 94 95 1300
94 irecv 66 2100 200 0
94 irecv 90 2300 200 0
94 send 66 2300 40 0
94 send 90 2100 40 0
94 wait 67 95 2100
94 wait 91 95 2300
94 irecv 126 3100 200 0
94 irecv 62 3300 200 0
94 send 126 3300 60 0
94 send 62 3100 60 0
94 wait 127 95 3100
94 wait 63 95 3300
94 barrier
94 irecv 95 1100 200 0
94 irecv 93 1300 200 0
94 send 95 1300 16 0
94 send 93 1100 16 0
94 wait 96 95 1100
94 wait 94 95 1300
94 irecv 66 2100 200 0
94 irecv 90 2300 200 0
94 send 66 2300 40 0
94 send 90 2100 40 0
94 wait 67 95 2100
94 wait 91 95 2300
94 irecv 126 3100 200 0
94 irecv 62 3300 200 0
94 send 126 3300 60 0
94 send 62 3100 60 0
94 wait 127 95 3100
94 wait 63 95 3300
94 allreduce 1 0 0 
94 allreduce 1 0 0 
94 irecv 95 1100 200 0
94 irecv 93 1300 200 0
94 send 95 1300 4 0
94 send 93 1100 4 0
94 wait 96 95 1100
94 wait 94 95 1300
94 irecv 66 2100 200 0
94 irecv 90 2300 200 0
94 send 66 2300 12 0
94 send 90 2100 12 0
94 wait 67 95 2100
94 wait 91 95 2300
94 irecv 126 3100 200 0
94 irecv 62 3300 200 0
94 send 126 3300 24 0
94 send 62 3100 24 0
94 wait 127 95 3100
94 wait 63 95 3300
94 irecv 95 1100 200 0
94 irecv 93 1300 200 0
94 send 95 1300 1 0
94 send 93 1100 1 0
94 wait 96 95 1100
94 wait 94 95 1300
94 irecv 66 2100 200 0
94 irecv 90 2300 200 0
94 send 66 2300 4 0
94 send 90 2100 4 0
94 wait 67 95 2100
94 wait 91 95 2300
94 irecv 126 3100 200 0
94 irecv 62 3300 200 0
94 send 126 3300 12 0
94 send 62 3100 12 0
94 wait 127 95 3100
94 wait 63 95 3300
94 irecv 95 1100 200 0
94 irecv 93 1300 200 0
94 wait 96 95 1100
94 wait 94 95 1300
94 send 70 2300 12 0
94 send 86 2100 6 0
94 send 66 2300 24 0
94 send 90 2100 12 0
94 irecv 126 3100 200 0
94 irecv 62 3300 200 0
94 wait 127 95 3100
94 wait 63 95 3300
94 irecv 95 1100 200 0
94 irecv 93 1300 200 0
94 send 95 1300 1 0
94 send 93 1100 1 0
94 wait 96 95 1100
94 wait 94 95 1300
94 irecv 66 2100 200 0
94 irecv 90 2300 200 0
94 send 66 2300 4 0
94 send 90 2100 4 0
94 wait 67 95 2100
94 wait 91 95 2300
94 irecv 126 3100 200 0
94 irecv 62 3300 200 0
94 send 126 3300 12 0
94 send 62 3100 12 0
94 wait 127 95 3100
94 wait 63 95 3300
94 irecv 95 1100 200 0
94 irecv 93 1300 200 0
94 send 95 1300 1 0
94 send 93 1100 1 0
94 wait 96 95 1100
94 wait 94 95 1300
94 irecv 66 2100 200 0
94 irecv 90 2300 200 0
94 send 66 2300 4 0
94 send 90 2100 4 0
94 wait 67 95 2100
94 wait 91 95 2300
94 irecv 126 3100 200 0
94 irecv 62 3300 200 0
94 send 126 3300 12 0
94 send 62 3100 12 0
94 wait 127 95 3100
94 wait 63 95 3300
94 irecv 95 1100 200 0
94 irecv 93 1300 200 0
94 send 95 1300 4 0
94 send 93 1100 4 0
94 wait 96 95 1100
94 wait 94 95 1300
94 irecv 66 2100 200 0
94 irecv 90 2300 200 0
94 send 66 2300 12 0
94 send 90 2100 12 0
94 wait 67 95 2100
94 wait 91 95 2300
94 irecv 126 3100 200 0
94 irecv 62 3300 200 0
94 send 126 3300 24 0
94 send 62 3100 24 0
94 wait 127 95 3100
94 wait 63 95 3300
94 irecv 95 1100 200 0
94 irecv 93 1300 200 0
94 send 95 1300 4 0
94 send 93 1100 4 0
94 wait 96 95 1100
94 wait 94 95 1300
94 irecv 66 2100 200 0
94 irecv 90 2300 200 0
94 send 66 2300 12 0
94 send 90 2100 12 0
94 wait 67 95 2100
94 wait 91 95 2300
94 irecv 126 3100 200 0
94 irecv 62 3300 200 0
94 send 126 3300 24 0
94 send 62 3100 24 0
94 wait 127 95 3100
94 wait 63 95 3300
94 irecv 95 1100 200 0
94 irecv 93 1300 200 0
94 send 95 1300 16 0
94 send 93 1100 16 0
94 wait 96 95 1100
94 wait 94 95 1300
94 irecv 66 2100 200 0
94 irecv 90 2300 200 0
94 send 66 2300 40 0
94 send 90 2100 40 0
94 wait 67 95 2100
94 wait 91 95 2300
94 irecv 126 3100 200 0
94 irecv 62 3300 200 0
94 send 126 3300 60 0
94 send 62 3100 60 0
94 wait 127 95 3100
94 wait 63 95 3300
94 irecv 95 1100 200 0
94 irecv 93 1300 200 0
94 send 95 1300 16 0
94 send 93 1100 16 0
94 wait 96 95 1100
94 wait 94 95 1300
94 irecv 66 2100 200 0
94 irecv 90 2300 200 0
94 send 66 2300 40 0
94 send 90 2100 40 0
94 wait 67 95 2100
94 wait 91 95 2300
94 irecv 126 3100 200 0
94 irecv 62 3300 200 0
94 send 126 3300 60 0
94 send 62 3100 60 0
94 wait 127 95 3100
94 wait 63 95 3300
94 irecv 95 1100 200 0
94 irecv 93 1300 200 0
94 send 95 1300 16 0
94 send 93 1100 16 0
94 wait 96 95 1100
94 wait 94 95 1300
94 irecv 66 2100 200 0
94 irecv 90 2300 200 0
94 send 66 2300 40 0
94 send 90 2100 40 0
94 wait 67 95 2100
94 wait 91 95 2300
94 irecv 126 3100 200 0
94 irecv 62 3300 200 0
94 send 126 3300 60 0
94 send 62 3100 60 0
94 wait 127 95 3100
94 wait 63 95 3300
94 irecv 95 1100 200 0
94 irecv 93 1300 200 0
94 send 95 1300 4 0
94 send 93 1100 4 0
94 wait 96 95 1100
94 wait 94 95 1300
94 irecv 66 2100 200 0
94 irecv 90 2300 200 0
94 send 66 2300 12 0
94 send 90 2100 12 0
94 wait 67 95 2100
94 wait 91 95 2300
94 irecv 126 3100 200 0
94 irecv 62 3300 200 0
94 send 126 3300 24 0
94 send 62 3100 24 0
94 wait 127 95 3100
94 wait 63 95 3300
94 irecv 95 1100 200 0
94 irecv 93 1300 200 0
94 send 95 1300 1 0
94 send 93 1100 1 0
94 wait 96 95 1100
94 wait 94 95 1300
94 irecv 66 2100 200 0
94 irecv 90 2300 200 0
94 send 66 2300 4 0
94 send 90 2100 4 0
94 wait 67 95 2100
94 wait 91 95 2300
94 irecv 126 3100 200 0
94 irecv 62 3300 200 0
94 send 126 3300 12 0
94 send 62 3100 12 0
94 wait 127 95 3100
94 wait 63 95 3300
94 irecv 95 1100 200 0
94 irecv 93 1300 200 0
94 wait 96 95 1100
94 wait 94 95 1300
94 send 70 2300 12 0
94 send 86 2100 6 0
94 send 66 2300 24 0
94 send 90 2100 12 0
94 irecv 126 3100 200 0
94 irecv 62 3300 200 0
94 wait 127 95 3100
94 wait 63 95 3300
94 irecv 95 1100 200 0
94 irecv 93 1300 200 0
94 send 95 1300 1 0
94 send 93 1100 1 0
94 wait 96 95 1100
94 wait 94 95 1300
94 irecv 66 2100 200 0
94 irecv 90 2300 200 0
94 send 66 2300 4 0
94 send 90 2100 4 0
94 wait 67 95 2100
94 wait 91 95 2300
94 irecv 126 3100 200 0
94 irecv 62 3300 200 0
94 send 126 3300 12 0
94 send 62 3100 12 0
94 wait 127 95 3100
94 wait 63 95 3300
94 irecv 95 1100 200 0
94 irecv 93 1300 200 0
94 send 95 1300 1 0
94 send 93 1100 1 0
94 wait 96 95 1100
94 wait 94 95 1300
94 irecv 66 2100 200 0
94 irecv 90 2300 200 0
94 send 66 2300 4 0
94 send 90 2100 4 0
94 wait 67 95 2100
94 wait 91 95 2300
94 irecv 126 3100 200 0
94 irecv 62 3300 200 0
94 send 126 3300 12 0
94 send 62 3100 12 0
94 wait 127 95 3100
94 wait 63 95 3300
94 irecv 95 1100 200 0
94 irecv 93 1300 200 0
94 send 95 1300 4 0
94 send 93 1100 4 0
94 wait 96 95 1100
94 wait 94 95 1300
94 irecv 66 2100 200 0
94 irecv 90 2300 200 0
94 send 66 2300 12 0
94 send 90 2100 12 0
94 wait 67 95 2100
94 wait 91 95 2300
94 irecv 126 3100 200 0
94 irecv 62 3300 200 0
94 send 126 3300 24 0
94 send 62 3100 24 0
94 wait 127 95 3100
94 wait 63 95 3300
94 irecv 95 1100 200 0
94 irecv 93 1300 200 0
94 send 95 1300 4 0
94 send 93 1100 4 0
94 wait 96 95 1100
94 wait 94 95 1300
94 irecv 66 2100 200 0
94 irecv 90 2300 200 0
94 send 66 2300 12 0
94 send 90 2100 12 0
94 wait 67 95 2100
94 wait 91 95 2300
94 irecv 126 3100 200 0
94 irecv 62 3300 200 0
94 send 126 3300 24 0
94 send 62 3100 24 0
94 wait 127 95 3100
94 wait 63 95 3300
94 irecv 95 1100 200 0
94 irecv 93 1300 200 0
94 send 95 1300 16 0
94 send 93 1100 16 0
94 wait 96 95 1100
94 wait 94 95 1300
94 irecv 66 2100 200 0
94 irecv 90 2300 200 0
94 send 66 2300 40 0
94 send 90 2100 40 0
94 wait 67 95 2100
94 wait 91 95 2300
94 irecv 126 3100 200 0
94 irecv 62 3300 200 0
94 send 126 3300 60 0
94 send 62 3100 60 0
94 wait 127 95 3100
94 wait 63 95 3300
94 irecv 95 1100 200 0
94 irecv 93 1300 200 0
94 send 95 1300 16 0
94 send 93 1100 16 0
94 wait 96 95 1100
94 wait 94 95 1300
94 irecv 66 2100 200 0
94 irecv 90 2300 200 0
94 send 66 2300 40 0
94 send 90 2100 40 0
94 wait 67 95 2100
94 wait 91 95 2300
94 irecv 126 3100 200 0
94 irecv 62 3300 200 0
94 send 126 3300 60 0
94 send 62 3100 60 0
94 wait 127 95 3100
94 wait 63 95 3300
94 irecv 95 1100 200 0
94 irecv 93 1300 200 0
94 send 95 1300 16 0
94 send 93 1100 16 0
94 wait 96 95 1100
94 wait 94 95 1300
94 irecv 66 2100 200 0
94 irecv 90 2300 200 0
94 send 66 2300 40 0
94 send 90 2100 40 0
94 wait 67 95 2100
94 wait 91 95 2300
94 irecv 126 3100 200 0
94 irecv 62 3300 200 0
94 send 126 3300 60 0
94 send 62 3100 60 0
94 wait 127 95 3100
94 wait 63 95 3300
94 irecv 95 1100 200 0
94 irecv 93 1300 200 0
94 send 95 1300 4 0
94 send 93 1100 4 0
94 wait 96 95 1100
94 wait 94 95 1300
94 irecv 66 2100 200 0
94 irecv 90 2300 200 0
94 send 66 2300 12 0
94 send 90 2100 12 0
94 wait 67 95 2100
94 wait 91 95 2300
94 irecv 126 3100 200 0
94 irecv 62 3300 200 0
94 send 126 3300 24 0
94 send 62 3100 24 0
94 wait 127 95 3100
94 wait 63 95 3300
94 irecv 95 1100 200 0
94 irecv 93 1300 200 0
94 send 95 1300 1 0
94 send 93 1100 1 0
94 wait 96 95 1100
94 wait 94 95 1300
94 irecv 66 2100 200 0
94 irecv 90 2300 200 0
94 send 66 2300 4 0
94 send 90 2100 4 0
94 wait 67 95 2100
94 wait 91 95 2300
94 irecv 126 3100 200 0
94 irecv 62 3300 200 0
94 send 126 3300 12 0
94 send 62 3100 12 0
94 wait 127 95 3100
94 wait 63 95 3300
94 irecv 95 1100 200 0
94 irecv 93 1300 200 0
94 wait 96 95 1100
94 wait 94 95 1300
94 send 70 2300 12 0
94 send 86 2100 6 0
94 send 66 2300 24 0
94 send 90 2100 12 0
94 irecv 126 3100 200 0
94 irecv 62 3300 200 0
94 wait 127 95 3100
94 wait 63 95 3300
94 irecv 95 1100 200 0
94 irecv 93 1300 200 0
94 send 95 1300 1 0
94 send 93 1100 1 0
94 wait 96 95 1100
94 wait 94 95 1300
94 irecv 66 2100 200 0
94 irecv 90 2300 200 0
94 send 66 2300 4 0
94 send 90 2100 4 0
94 wait 67 95 2100
94 wait 91 95 2300
94 irecv 126 3100 200 0
94 irecv 62 3300 200 0
94 send 126 3300 12 0
94 send 62 3100 12 0
94 wait 127 95 3100
94 wait 63 95 3300
94 irecv 95 1100 200 0
94 irecv 93 1300 200 0
94 send 95 1300 1 0
94 send 93 1100 1 0
94 wait 96 95 1100
94 wait 94 95 1300
94 irecv 66 2100 200 0
94 irecv 90 2300 200 0
94 send 66 2300 4 0
94 send 90 2100 4 0
94 wait 67 95 2100
94 wait 91 95 2300
94 irecv 126 3100 200 0
94 irecv 62 3300 200 0
94 send 126 3300 12 0
94 send 62 3100 12 0
94 wait 127 95 3100
94 wait 63 95 3300
94 irecv 95 1100 200 0
94 irecv 93 1300 200 0
94 send 95 1300 4 0
94 send 93 1100 4 0
94 wait 96 95 1100
94 wait 94 95 1300
94 irecv 66 2100 200 0
94 irecv 90 2300 200 0
94 send 66 2300 12 0
94 send 90 2100 12 0
94 wait 67 95 2100
94 wait 91 95 2300
94 irecv 126 3100 200 0
94 irecv 62 3300 200 0
94 send 126 3300 24 0
94 send 62 3100 24 0
94 wait 127 95 3100
94 wait 63 95 3300
94 irecv 95 1100 200 0
94 irecv 93 1300 200 0
94 send 95 1300 4 0
94 send 93 1100 4 0
94 wait 96 95 1100
94 wait 94 95 1300
94 irecv 66 2100 200 0
94 irecv 90 2300 200 0
94 send 66 2300 12 0
94 send 90 2100 12 0
94 wait 67 95 2100
94 wait 91 95 2300
94 irecv 126 3100 200 0
94 irecv 62 3300 200 0
94 send 126 3300 24 0
94 send 62 3100 24 0
94 wait 127 95 3100
94 wait 63 95 3300
94 irecv 95 1100 200 0
94 irecv 93 1300 200 0
94 send 95 1300 16 0
94 send 93 1100 16 0
94 wait 96 95 1100
94 wait 94 95 1300
94 irecv 66 2100 200 0
94 irecv 90 2300 200 0
94 send 66 2300 40 0
94 send 90 2100 40 0
94 wait 67 95 2100
94 wait 91 95 2300
94 irecv 126 3100 200 0
94 irecv 62 3300 200 0
94 send 126 3300 60 0
94 send 62 3100 60 0
94 wait 127 95 3100
94 wait 63 95 3300
94 irecv 95 1100 200 0
94 irecv 93 1300 200 0
94 send 95 1300 16 0
94 send 93 1100 16 0
94 wait 96 95 1100
94 wait 94 95 1300
94 irecv 66 2100 200 0
94 irecv 90 2300 200 0
94 send 66 2300 40 0
94 send 90 2100 40 0
94 wait 67 95 2100
94 wait 91 95 2300
94 irecv 126 3100 200 0
94 irecv 62 3300 200 0
94 send 126 3300 60 0
94 send 62 3100 60 0
94 wait 127 95 3100
94 wait 63 95 3300
94 irecv 95 1100 200 0
94 irecv 93 1300 200 0
94 send 95 1300 16 0
94 send 93 1100 16 0
94 wait 96 95 1100
94 wait 94 95 1300
94 irecv 66 2100 200 0
94 irecv 90 2300 200 0
94 send 66 2300 40 0
94 send 90 2100 40 0
94 wait 67 95 2100
94 wait 91 95 2300
94 irecv 126 3100 200 0
94 irecv 62 3300 200 0
94 send 126 3300 60 0
94 send 62 3100 60 0
94 wait 127 95 3100
94 wait 63 95 3300
94 irecv 95 1100 200 0
94 irecv 93 1300 200 0
94 send 95 1300 4 0
94 send 93 1100 4 0
94 wait 96 95 1100
94 wait 94 95 1300
94 irecv 66 2100 200 0
94 irecv 90 2300 200 0
94 send 66 2300 12 0
94 send 90 2100 12 0
94 wait 67 95 2100
94 wait 91 95 2300
94 irecv 126 3100 200 0
94 irecv 62 3300 200 0
94 send 126 3300 24 0
94 send 62 3100 24 0
94 wait 127 95 3100
94 wait 63 95 3300
94 irecv 95 1100 200 0
94 irecv 93 1300 200 0
94 send 95 1300 1 0
94 send 93 1100 1 0
94 wait 96 95 1100
94 wait 94 95 1300
94 irecv 66 2100 200 0
94 irecv 90 2300 200 0
94 send 66 2300 4 0
94 send 90 2100 4 0
94 wait 67 95 2100
94 wait 91 95 2300
94 irecv 126 3100 200 0
94 irecv 62 3300 200 0
94 send 126 3300 12 0
94 send 62 3100 12 0
94 wait 127 95 3100
94 wait 63 95 3300
94 irecv 95 1100 200 0
94 irecv 93 1300 200 0
94 wait 96 95 1100
94 wait 94 95 1300
94 send 70 2300 12 0
94 send 86 2100 6 0
94 send 66 2300 24 0
94 send 90 2100 12 0
94 irecv 126 3100 200 0
94 irecv 62 3300 200 0
94 wait 127 95 3100
94 wait 63 95 3300
94 irecv 95 1100 200 0
94 irecv 93 1300 200 0
94 send 95 1300 1 0
94 send 93 1100 1 0
94 wait 96 95 1100
94 wait 94 95 1300
94 irecv 66 2100 200 0
94 irecv 90 2300 200 0
94 send 66 2300 4 0
94 send 90 2100 4 0
94 wait 67 95 2100
94 wait 91 95 2300
94 irecv 126 3100 200 0
94 irecv 62 3300 200 0
94 send 126 3300 12 0
94 send 62 3100 12 0
94 wait 127 95 3100
94 wait 63 95 3300
94 irecv 95 1100 200 0
94 irecv 93 1300 200 0
94 send 95 1300 1 0
94 send 93 1100 1 0
94 wait 96 95 1100
94 wait 94 95 1300
94 irecv 66 2100 200 0
94 irecv 90 2300 200 0
94 send 66 2300 4 0
94 send 90 2100 4 0
94 wait 67 95 2100
94 wait 91 95 2300
94 irecv 126 3100 200 0
94 irecv 62 3300 200 0
94 send 126 3300 12 0
94 send 62 3100 12 0
94 wait 127 95 3100
94 wait 63 95 3300
94 irecv 95 1100 200 0
94 irecv 93 1300 200 0
94 send 95 1300 4 0
94 send 93 1100 4 0
94 wait 96 95 1100
94 wait 94 95 1300
94 irecv 66 2100 200 0
94 irecv 90 2300 200 0
94 send 66 2300 12 0
94 send 90 2100 12 0
94 wait 67 95 2100
94 wait 91 95 2300
94 irecv 126 3100 200 0
94 irecv 62 3300 200 0
94 send 126 3300 24 0
94 send 62 3100 24 0
94 wait 127 95 3100
94 wait 63 95 3300
94 irecv 95 1100 200 0
94 irecv 93 1300 200 0
94 send 95 1300 4 0
94 send 93 1100 4 0
94 wait 96 95 1100
94 wait 94 95 1300
94 irecv 66 2100 200 0
94 irecv 90 2300 200 0
94 send 66 2300 12 0
94 send 90 2100 12 0
94 wait 67 95 2100
94 wait 91 95 2300
94 irecv 126 3100 200 0
94 irecv 62 3300 200 0
94 send 126 3300 24 0
94 send 62 3100 24 0
94 wait 127 95 3100
94 wait 63 95 3300
94 irecv 95 1100 200 0
94 irecv 93 1300 200 0
94 send 95 1300 16 0
94 send 93 1100 16 0
94 wait 96 95 1100
94 wait 94 95 1300
94 irecv 66 2100 200 0
94 irecv 90 2300 200 0
94 send 66 2300 40 0
94 send 90 2100 40 0
94 wait 67 95 2100
94 wait 91 95 2300
94 irecv 126 3100 200 0
94 irecv 62 3300 200 0
94 send 126 3300 60 0
94 send 62 3100 60 0
94 wait 127 95 3100
94 wait 63 95 3300
94 irecv 95 1100 200 0
94 irecv 93 1300 200 0
94 send 95 1300 16 0
94 send 93 1100 16 0
94 wait 96 95 1100
94 wait 94 95 1300
94 irecv 66 2100 200 0
94 irecv 90 2300 200 0
94 send 66 2300 40 0
94 send 90 2100 40 0
94 wait 67 95 2100
94 wait 91 95 2300
94 irecv 126 3100 200 0
94 irecv 62 3300 200 0
94 send 126 3300 60 0
94 send 62 3100 60 0
94 wait 127 95 3100
94 wait 63 95 3300
94 irecv 95 1100 200 0
94 irecv 93 1300 200 0
94 send 95 1300 16 0
94 send 93 1100 16 0
94 wait 96 95 1100
94 wait 94 95 1300
94 irecv 66 2100 200 0
94 irecv 90 2300 200 0
94 send 66 2300 40 0
94 send 90 2100 40 0
94 wait 67 95 2100
94 wait 91 95 2300
94 irecv 126 3100 200 0
94 irecv 62 3300 200 0
94 send 126 3300 60 0
94 send 62 3100 60 0
94 wait 127 95 3100
94 wait 63 95 3300
94 allreduce 1 0 0 
94 allreduce 1 0 0 
94 reduce 1 0 0 0 
94 finalize
