225 init
225 barrier
225 bcast 1 0 1 
225 bcast 1 0 1 
225 bcast 1 0 1 
225 bcast 1 0 1 
225 bcast 1 0 1 
225 bcast 8 0 1 
225 bcast 1 0 16 
225 barrier
225 allreduce 1 0 0 
225 allreduce 4 0 1 
225 allreduce 1 0 0 
225 allreduce 4 0 1 
225 allreduce 1 0 0 
225 allreduce 4 0 1 
225 allreduce 1 0 0 
225 allreduce 4 0 1 
225 allreduce 1 0 0 
225 allreduce 4 0 1 
225 allreduce 1 0 0 
225 allreduce 4 0 1 
225 allreduce 1 0 0 
225 allreduce 4 0 1 
225 allreduce 1 0 0 
225 allreduce 4 0 1 
225 allreduce 1 0 0 
225 allreduce 4 0 1 
225 allreduce 1 0 0 
225 allreduce 4 0 1 
225 allreduce 1 0 0 
225 allreduce 4 0 1 
225 allreduce 1 0 0 
225 allreduce 4 0 1 
225 allreduce 1 0 0 
225 allreduce 4 0 1 
225 allreduce 1 0 0 
225 allreduce 4 0 1 
225 allreduce 1 0 0 
225 allreduce 4 0 1 
225 allreduce 1 0 0 
225 allreduce 4 0 1 
225 allreduce 1 0 0 
225 allreduce 4 0 1 
225 allreduce 1 0 0 
225 allreduce 4 0 1 
225 allreduce 1 0 0 
225 allreduce 4 0 1 
225 allreduce 1 0 0 
225 allreduce 4 0 1 
225 barrier
225 irecv 226 1100 200 0
225 irecv 224 1300 200 0
225 send 226 1300 16 0
225 send 224 1100 16 0
225 wait 227 226 1100
225 wait 225 226 1300
225 irecv 229 2100 200 0
225 irecv 253 2300 200 0
225 send 229 2300 40 0
225 send 253 2100 40 0
225 wait 230 226 2100
225 wait 254 226 2300
225 irecv 1 3100 200 0
225 irecv 193 3300 200 0
225 send 1 3300 60 0
225 send 193 3100 60 0
225 wait 2 226 3100
225 wait 194 226 3300
225 allreduce 1 0 0 
225 allreduce 1 0 0 
225 irecv 226 1100 200 0
225 irecv 224 1300 200 0
225 send 226 1300 16 0
225 send 224 1100 16 0
225 wait 227 226 1100
225 wait 225 226 1300
225 irecv 229 2100 200 0
225 irecv 253 2300 200 0
225 send 229 2300 40 0
225 send 253 2100 40 0
225 wait 230 226 2100
225 wait 254 226 2300
225 irecv 1 3100 200 0
225 irecv 193 3300 200 0
225 send 1 3300 60 0
225 send 193 3100 60 0
225 wait 2 226 3100
225 wait 194 226 3300
225 allreduce 1 0 0 
225 allreduce 1 0 0 
225 irecv 226 1100 200 0
225 irecv 224 1300 200 0
225 send 226 1300 4 0
225 send 224 1100 4 0
225 wait 227 226 1100
225 wait 225 226 1300
225 irecv 229 2100 200 0
225 irecv 253 2300 200 0
225 send 229 2300 12 0
225 send 253 2100 12 0
225 wait 230 226 2100
225 wait 254 226 2300
225 irecv 1 3100 200 0
225 irecv 193 3300 200 0
225 send 1 3300 24 0
225 send 193 3100 24 0
225 wait 2 226 3100
225 wait 194 226 3300
225 irecv 226 1100 200 0
225 irecv 224 1300 200 0
225 send 226 1300 1 0
225 send 224 1100 1 0
225 wait 227 226 1100
225 wait 225 226 1300
225 irecv 229 2100 200 0
225 irecv 253 2300 200 0
225 send 229 2300 4 0
225 send 253 2100 4 0
225 wait 230 226 2100
225 wait 254 226 2300
225 irecv 1 3100 200 0
225 irecv 193 3300 200 0
225 send 1 3300 12 0
225 send 193 3100 12 0
225 wait 2 226 3100
225 wait 194 226 3300
225 send 226 1300 12 0
225 send 224 1100 6 0
225 send 33 3300 12 0
225 send 161 3100 6 0
225 irecv 229 2100 200 0
225 irecv 253 2300 200 0
225 wait 230 226 2100
225 wait 254 226 2300
225 send 1 3300 24 0
225 send 193 3100 12 0
225 irecv 226 1100 200 0
225 irecv 224 1300 200 0
225 send 226 1300 1 0
225 send 224 1100 1 0
225 wait 227 226 1100
225 wait 225 226 1300
225 irecv 229 2100 200 0
225 irecv 253 2300 200 0
225 send 229 2300 4 0
225 send 253 2100 4 0
225 wait 230 226 2100
225 wait 254 226 2300
225 irecv 1 3100 200 0
225 irecv 193 3300 200 0
225 send 1 3300 12 0
225 send 193 3100 12 0
225 wait 2 226 3100
225 wait 194 226 3300
225 irecv 226 1100 200 0
225 irecv 224 1300 200 0
225 send 226 1300 1 0
225 send 224 1100 1 0
225 wait 227 226 1100
225 wait 225 226 1300
225 irecv 229 2100 200 0
225 irecv 253 2300 200 0
225 send 229 2300 4 0
225 send 253 2100 4 0
225 wait 230 226 2100
225 wait 254 226 2300
225 irecv 1 3100 200 0
225 irecv 193 3300 200 0
225 send 1 3300 12 0
225 send 193 3100 12 0
225 wait 2 226 3100
225 wait 194 226 3300
225 irecv 226 1100 200 0
225 irecv 224 1300 200 0
225 send 226 1300 4 0
225 send 224 1100 4 0
225 wait 227 226 1100
225 wait 225 226 1300
225 irecv 229 2100 200 0
225 irecv 253 2300 200 0
225 send 229 2300 12 0
225 send 253 2100 12 0
225 wait 230 226 2100
225 wait 254 226 2300
225 irecv 1 3100 200 0
225 irecv 193 3300 200 0
225 send 1 3300 24 0
225 send 193 3100 24 0
225 wait 2 226 3100
225 wait 194 226 3300
225 irecv 226 1100 200 0
225 irecv 224 1300 200 0
225 send 226 1300 4 0
225 send 224 1100 4 0
225 wait 227 226 1100
225 wait 225 226 1300
225 irecv 229 2100 200 0
225 irecv 253 2300 200 0
225 send 229 2300 12 0
225 send 253 2100 12 0
225 wait 230 226 2100
225 wait 254 226 2300
225 irecv 1 3100 200 0
225 irecv 193 3300 200 0
225 send 1 3300 24 0
225 send 193 3100 24 0
225 wait 2 226 3100
225 wait 194 226 3300
225 irecv 226 1100 200 0
225 irecv 224 1300 200 0
225 send 226 1300 16 0
225 send 224 1100 16 0
225 wait 227 226 1100
225 wait 225 226 1300
225 irecv 229 2100 200 0
225 irecv 253 2300 200 0
225 send 229 2300 40 0
225 send 253 2100 40 0
225 wait 230 226 2100
225 wait 254 226 2300
225 irecv 1 3100 200 0
225 irecv 193 3300 200 0
225 send 1 3300 60 0
225 send 193 3100 60 0
225 wait 2 226 3100
225 wait 194 226 3300
225 irecv 226 1100 200 0
225 irecv 224 1300 200 0
225 send 226 1300 16 0
225 send 224 1100 16 0
225 wait 227 226 1100
225 wait 225 226 1300
225 irecv 229 2100 200 0
225 irecv 253 2300 200 0
225 send 229 2300 40 0
225 send 253 2100 40 0
225 wait 230 226 2100
225 wait 254 226 2300
225 irecv 1 3100 200 0
225 irecv 193 3300 200 0
225 send 1 3300 60 0
225 send 193 3100 60 0
225 wait 2 226 3100
225 wait 194 226 3300
225 irecv 226 1100 200 0
225 irecv 224 1300 200 0
225 send 226 1300 16 0
225 send 224 1100 16 0
225 wait 227 226 1100
225 wait 225 226 1300
225 irecv 229 2100 200 0
225 irecv 253 2300 200 0
225 send 229 2300 40 0
225 send 253 2100 40 0
225 wait 230 226 2100
225 wait 254 226 2300
225 irecv 1 3100 200 0
225 irecv 193 3300 200 0
225 send 1 3300 60 0
225 send 193 3100 60 0
225 wait 2 226 3100
225 wait 194 226 3300
225 barrier
225 allreduce 1 0 0 
225 allreduce 4 0 1 
225 allreduce 1 0 0 
225 allreduce 4 0 1 
225 allreduce 1 0 0 
225 allreduce 4 0 1 
225 allreduce 1 0 0 
225 allreduce 4 0 1 
225 allreduce 1 0 0 
225 allreduce 4 0 1 
225 allreduce 1 0 0 
225 allreduce 4 0 1 
225 allreduce 1 0 0 
225 allreduce 4 0 1 
225 allreduce 1 0 0 
225 allreduce 4 0 1 
225 allreduce 1 0 0 
225 allreduce 4 0 1 
225 allreduce 1 0 0 
225 allreduce 4 0 1 
225 allreduce 1 0 0 
225 allreduce 4 0 1 
225 allreduce 1 0 0 
225 allreduce 4 0 1 
225 allreduce 1 0 0 
225 allreduce 4 0 1 
225 allreduce 1 0 0 
225 allreduce 4 0 1 
225 allreduce 1 0 0 
225 allreduce 4 0 1 
225 allreduce 1 0 0 
225 allreduce 4 0 1 
225 allreduce 1 0 0 
225 allreduce 4 0 1 
225 allreduce 1 0 0 
225 allreduce 4 0 1 
225 allreduce 1 0 0 
225 allreduce 4 0 1 
225 allreduce 1 0 0 
225 allreduce 4 0 1 
225 barrier
225 irecv 226 1100 200 0
225 irecv 224 1300 200 0
225 send 226 1300 16 0
225 send 224 1100 16 0
225 wait 227 226 1100
225 wait 225 226 1300
225 irecv 229 2100 200 0
225 irecv 253 2300 200 0
225 send 229 2300 40 0
225 send 253 2100 40 0
225 wait 230 226 2100
225 wait 254 226 2300
225 irecv 1 3100 200 0
225 irecv 193 3300 200 0
225 send 1 3300 60 0
225 send 193 3100 60 0
225 wait 2 226 3100
225 wait 194 226 3300
225 barrier
225 irecv 226 1100 200 0
225 irecv 224 1300 200 0
225 send 226 1300 16 0
225 send 224 1100 16 0
225 wait 227 226 1100
225 wait 225 226 1300
225 irecv 229 2100 200 0
225 irecv 253 2300 200 0
225 send 229 2300 40 0
225 send 253 2100 40 0
225 wait 230 226 2100
225 wait 254 226 2300
225 irecv 1 3100 200 0
225 irecv 193 3300 200 0
225 send 1 3300 60 0
225 send 193 3100 60 0
225 wait 2 226 3100
225 wait 194 226 3300
225 allreduce 1 0 0 
225 allreduce 1 0 0 
225 irecv 226 1100 200 0
225 irecv 224 1300 200 0
225 send 226 1300 4 0
225 send 224 1100 4 0
225 wait 227 226 1100
225 wait 225 226 1300
225 irecv 229 2100 200 0
225 irecv 253 2300 200 0
225 send 229 2300 12 0
225 send 253 2100 12 0
225 wait 230 226 2100
225 wait 254 226 2300
225 irecv 1 3100 200 0
225 irecv 193 3300 200 0
225 send 1 3300 24 0
225 send 193 3100 24 0
225 wait 2 226 3100
225 wait 194 226 3300
225 irecv 226 1100 200 0
225 irecv 224 1300 200 0
225 send 226 1300 1 0
225 send 224 1100 1 0
225 wait 227 226 1100
225 wait 225 226 1300
225 irecv 229 2100 200 0
225 irecv 253 2300 200 0
225 send 229 2300 4 0
225 send 253 2100 4 0
225 wait 230 226 2100
225 wait 254 226 2300
225 irecv 1 3100 200 0
225 irecv 193 3300 200 0
225 send 1 3300 12 0
225 send 193 3100 12 0
225 wait 2 226 3100
225 wait 194 226 3300
225 send 226 1300 12 0
225 send 224 1100 6 0
225 send 33 3300 12 0
225 send 161 3100 6 0
225 irecv 229 2100 200 0
225 irecv 253 2300 200 0
225 wait 230 226 2100
225 wait 254 226 2300
225 send 1 3300 24 0
225 send 193 3100 12 0
225 irecv 226 1100 200 0
225 irecv 224 1300 200 0
225 send 226 1300 1 0
225 send 224 1100 1 0
225 wait 227 226 1100
225 wait 225 226 1300
225 irecv 229 2100 200 0
225 irecv 253 2300 200 0
225 send 229 2300 4 0
225 send 253 2100 4 0
225 wait 230 226 2100
225 wait 254 226 2300
225 irecv 1 3100 200 0
225 irecv 193 3300 200 0
225 send 1 3300 12 0
225 send 193 3100 12 0
225 wait 2 226 3100
225 wait 194 226 3300
225 irecv 226 1100 200 0
225 irecv 224 1300 200 0
225 send 226 1300 1 0
225 send 224 1100 1 0
225 wait 227 226 1100
225 wait 225 226 1300
225 irecv 229 2100 200 0
225 irecv 253 2300 200 0
225 send 229 2300 4 0
225 send 253 2100 4 0
225 wait 230 226 2100
225 wait 254 226 2300
225 irecv 1 3100 200 0
225 irecv 193 3300 200 0
225 send 1 3300 12 0
225 send 193 3100 12 0
225 wait 2 226 3100
225 wait 194 226 3300
225 irecv 226 1100 200 0
225 irecv 224 1300 200 0
225 send 226 1300 4 0
225 send 224 1100 4 0
225 wait 227 226 1100
225 wait 225 226 1300
225 irecv 229 2100 200 0
225 irecv 253 2300 200 0
225 send 229 2300 12 0
225 send 253 2100 12 0
225 wait 230 226 2100
225 wait 254 226 2300
225 irecv 1 3100 200 0
225 irecv 193 3300 200 0
225 send 1 3300 24 0
225 send 193 3100 24 0
225 wait 2 226 3100
225 wait 194 226 3300
225 irecv 226 1100 200 0
225 irecv 224 1300 200 0
225 send 226 1300 4 0
225 send 224 1100 4 0
225 wait 227 226 1100
225 wait 225 226 1300
225 irecv 229 2100 200 0
225 irecv 253 2300 200 0
225 send 229 2300 12 0
225 send 253 2100 12 0
225 wait 230 226 2100
225 wait 254 226 2300
225 irecv 1 3100 200 0
225 irecv 193 3300 200 0
225 send 1 3300 24 0
225 send 193 3100 24 0
225 wait 2 226 3100
225 wait 194 226 3300
225 irecv 226 1100 200 0
225 irecv 224 1300 200 0
225 send 226 1300 16 0
225 send 224 1100 16 0
225 wait 227 226 1100
225 wait 225 226 1300
225 irecv 229 2100 200 0
225 irecv 253 2300 200 0
225 send 229 2300 40 0
225 send 253 2100 40 0
225 wait 230 226 2100
225 wait 254 226 2300
225 irecv 1 3100 200 0
225 irecv 193 3300 200 0
225 send 1 3300 60 0
225 send 193 3100 60 0
225 wait 2 226 3100
225 wait 194 226 3300
225 irecv 226 1100 200 0
225 irecv 224 1300 200 0
225 send 226 1300 16 0
225 send 224 1100 16 0
225 wait 227 226 1100
225 wait 225 226 1300
225 irecv 229 2100 200 0
225 irecv 253 2300 200 0
225 send 229 2300 40 0
225 send 253 2100 40 0
225 wait 230 226 2100
225 wait 254 226 2300
225 irecv 1 3100 200 0
225 irecv 193 3300 200 0
225 send 1 3300 60 0
225 send 193 3100 60 0
225 wait 2 226 3100
225 wait 194 226 3300
225 irecv 226 1100 200 0
225 irecv 224 1300 200 0
225 send 226 1300 16 0
225 send 224 1100 16 0
225 wait 227 226 1100
225 wait 225 226 1300
225 irecv 229 2100 200 0
225 irecv 253 2300 200 0
225 send 229 2300 40 0
225 send 253 2100 40 0
225 wait 230 226 2100
225 wait 254 226 2300
225 irecv 1 3100 200 0
225 irecv 193 3300 200 0
225 send 1 3300 60 0
225 send 193 3100 60 0
225 wait 2 226 3100
225 wait 194 226 3300
225 irecv 226 1100 200 0
225 irecv 224 1300 200 0
225 send 226 1300 4 0
225 send 224 1100 4 0
225 wait 227 226 1100
225 wait 225 226 1300
225 irecv 229 2100 200 0
225 irecv 253 2300 200 0
225 send 229 2300 12 0
225 send 253 2100 12 0
225 wait 230 226 2100
225 wait 254 226 2300
225 irecv 1 3100 200 0
225 irecv 193 3300 200 0
225 send 1 3300 24 0
225 send 193 3100 24 0
225 wait 2 226 3100
225 wait 194 226 3300
225 irecv 226 1100 200 0
225 irecv 224 1300 200 0
225 send 226 1300 1 0
225 send 224 1100 1 0
225 wait 227 226 1100
225 wait 225 226 1300
225 irecv 229 2100 200 0
225 irecv 253 2300 200 0
225 send 229 2300 4 0
225 send 253 2100 4 0
225 wait 230 226 2100
225 wait 254 226 2300
225 irecv 1 3100 200 0
225 irecv 193 3300 200 0
225 send 1 3300 12 0
225 send 193 3100 12 0
225 wait 2 226 3100
225 wait 194 226 3300
225 send 226 1300 12 0
225 send 224 1100 6 0
225 send 33 3300 12 0
225 send 161 3100 6 0
225 irecv 229 2100 200 0
225 irecv 253 2300 200 0
225 wait 230 226 2100
225 wait 254 226 2300
225 send 1 3300 24 0
225 send 193 3100 12 0
225 irecv 226 1100 200 0
225 irecv 224 1300 200 0
225 send 226 1300 1 0
225 send 224 1100 1 0
225 wait 227 226 1100
225 wait 225 226 1300
225 irecv 229 2100 200 0
225 irecv 253 2300 200 0
225 send 229 2300 4 0
225 send 253 2100 4 0
225 wait 230 226 2100
225 wait 254 226 2300
225 irecv 1 3100 200 0
225 irecv 193 3300 200 0
225 send 1 3300 12 0
225 send 193 3100 12 0
225 wait 2 226 3100
225 wait 194 226 3300
225 irecv 226 1100 200 0
225 irecv 224 1300 200 0
225 send 226 1300 1 0
225 send 224 1100 1 0
225 wait 227 226 1100
225 wait 225 226 1300
225 irecv 229 2100 200 0
225 irecv 253 2300 200 0
225 send 229 2300 4 0
225 send 253 2100 4 0
225 wait 230 226 2100
225 wait 254 226 2300
225 irecv 1 3100 200 0
225 irecv 193 3300 200 0
225 send 1 3300 12 0
225 send 193 3100 12 0
225 wait 2 226 3100
225 wait 194 226 3300
225 irecv 226 1100 200 0
225 irecv 224 1300 200 0
225 send 226 1300 4 0
225 send 224 1100 4 0
225 wait 227 226 1100
225 wait 225 226 1300
225 irecv 229 2100 200 0
225 irecv 253 2300 200 0
225 send 229 2300 12 0
225 send 253 2100 12 0
225 wait 230 226 2100
225 wait 254 226 2300
225 irecv 1 3100 200 0
225 irecv 193 3300 200 0
225 send 1 3300 24 0
225 send 193 3100 24 0
225 wait 2 226 3100
225 wait 194 226 3300
225 irecv 226 1100 200 0
225 irecv 224 1300 200 0
225 send 226 1300 4 0
225 send 224 1100 4 0
225 wait 227 226 1100
225 wait 225 226 1300
225 irecv 229 2100 200 0
225 irecv 253 2300 200 0
225 send 229 2300 12 0
225 send 253 2100 12 0
225 wait 230 226 2100
225 wait 254 226 2300
225 irecv 1 3100 200 0
225 irecv 193 3300 200 0
225 send 1 3300 24 0
225 send 193 3100 24 0
225 wait 2 226 3100
225 wait 194 226 3300
225 irecv 226 1100 200 0
225 irecv 224 1300 200 0
225 send 226 1300 16 0
225 send 224 1100 16 0
225 wait 227 226 1100
225 wait 225 226 1300
225 irecv 229 2100 200 0
225 irecv 253 2300 200 0
225 send 229 2300 40 0
225 send 253 2100 40 0
225 wait 230 226 2100
225 wait 254 226 2300
225 irecv 1 3100 200 0
225 irecv 193 3300 200 0
225 send 1 3300 60 0
225 send 193 3100 60 0
225 wait 2 226 3100
225 wait 194 226 3300
225 irecv 226 1100 200 0
225 irecv 224 1300 200 0
225 send 226 1300 16 0
225 send 224 1100 16 0
225 wait 227 226 1100
225 wait 225 226 1300
225 irecv 229 2100 200 0
225 irecv 253 2300 200 0
225 send 229 2300 40 0
225 send 253 2100 40 0
225 wait 230 226 2100
225 wait 254 226 2300
225 irecv 1 3100 200 0
225 irecv 193 3300 200 0
225 send 1 3300 60 0
225 send 193 3100 60 0
225 wait 2 226 3100
225 wait 194 226 3300
225 irecv 226 1100 200 0
225 irecv 224 1300 200 0
225 send 226 1300 16 0
225 send 224 1100 16 0
225 wait 227 226 1100
225 wait 225 226 1300
225 irecv 229 2100 200 0
225 irecv 253 2300 200 0
225 send 229 2300 40 0
225 send 253 2100 40 0
225 wait 230 226 2100
225 wait 254 226 2300
225 irecv 1 3100 200 0
225 irecv 193 3300 200 0
225 send 1 3300 60 0
225 send 193 3100 60 0
225 wait 2 226 3100
225 wait 194 226 3300
225 irecv 226 1100 200 0
225 irecv 224 1300 200 0
225 send 226 1300 4 0
225 send 224 1100 4 0
225 wait 227 226 1100
225 wait 225 226 1300
225 irecv 229 2100 200 0
225 irecv 253 2300 200 0
225 send 229 2300 12 0
225 send 253 2100 12 0
225 wait 230 226 2100
225 wait 254 226 2300
225 irecv 1 3100 200 0
225 irecv 193 3300 200 0
225 send 1 3300 24 0
225 send 193 3100 24 0
225 wait 2 226 3100
225 wait 194 226 3300
225 irecv 226 1100 200 0
225 irecv 224 1300 200 0
225 send 226 1300 1 0
225 send 224 1100 1 0
225 wait 227 226 1100
225 wait 225 226 1300
225 irecv 229 2100 200 0
225 irecv 253 2300 200 0
225 send 229 2300 4 0
225 send 253 2100 4 0
225 wait 230 226 2100
225 wait 254 226 2300
225 irecv 1 3100 200 0
225 irecv 193 3300 200 0
225 send 1 3300 12 0
225 send 193 3100 12 0
225 wait 2 226 3100
225 wait 194 226 3300
225 send 226 1300 12 0
225 send 224 1100 6 0
225 send 33 3300 12 0
225 send 161 3100 6 0
225 irecv 229 2100 200 0
225 irecv 253 2300 200 0
225 wait 230 226 2100
225 wait 254 226 2300
225 send 1 3300 24 0
225 send 193 3100 12 0
225 irecv 226 1100 200 0
225 irecv 224 1300 200 0
225 send 226 1300 1 0
225 send 224 1100 1 0
225 wait 227 226 1100
225 wait 225 226 1300
225 irecv 229 2100 200 0
225 irecv 253 2300 200 0
225 send 229 2300 4 0
225 send 253 2100 4 0
225 wait 230 226 2100
225 wait 254 226 2300
225 irecv 1 3100 200 0
225 irecv 193 3300 200 0
225 send 1 3300 12 0
225 send 193 3100 12 0
225 wait 2 226 3100
225 wait 194 226 3300
225 irecv 226 1100 200 0
225 irecv 224 1300 200 0
225 send 226 1300 1 0
225 send 224 1100 1 0
225 wait 227 226 1100
225 wait 225 226 1300
225 irecv 229 2100 200 0
225 irecv 253 2300 200 0
225 send 229 2300 4 0
225 send 253 2100 4 0
225 wait 230 226 2100
225 wait 254 226 2300
225 irecv 1 3100 200 0
225 irecv 193 3300 200 0
225 send 1 3300 12 0
225 send 193 3100 12 0
225 wait 2 226 3100
225 wait 194 226 3300
225 irecv 226 1100 200 0
225 irecv 224 1300 200 0
225 send 226 1300 4 0
225 send 224 1100 4 0
225 wait 227 226 1100
225 wait 225 226 1300
225 irecv 229 2100 200 0
225 irecv 253 2300 200 0
225 send 229 2300 12 0
225 send 253 2100 12 0
225 wait 230 226 2100
225 wait 254 226 2300
225 irecv 1 3100 200 0
225 irecv 193 3300 200 0
225 send 1 3300 24 0
225 send 193 3100 24 0
225 wait 2 226 3100
225 wait 194 226 3300
225 irecv 226 1100 200 0
225 irecv 224 1300 200 0
225 send 226 1300 4 0
225 send 224 1100 4 0
225 wait 227 226 1100
225 wait 225 226 1300
225 irecv 229 2100 200 0
225 irecv 253 2300 200 0
225 send 229 2300 12 0
225 send 253 2100 12 0
225 wait 230 226 2100
225 wait 254 226 2300
225 irecv 1 3100 200 0
225 irecv 193 3300 200 0
225 send 1 3300 24 0
225 send 193 3100 24 0
225 wait 2 226 3100
225 wait 194 226 3300
225 irecv 226 1100 200 0
225 irecv 224 1300 200 0
225 send 226 1300 16 0
225 send 224 1100 16 0
225 wait 227 226 1100
225 wait 225 226 1300
225 irecv 229 2100 200 0
225 irecv 253 2300 200 0
225 send 229 2300 40 0
225 send 253 2100 40 0
225 wait 230 226 2100
225 wait 254 226 2300
225 irecv 1 3100 200 0
225 irecv 193 3300 200 0
225 send 1 3300 60 0
225 send 193 3100 60 0
225 wait 2 226 3100
225 wait 194 226 3300
225 irecv 226 1100 200 0
225 irecv 224 1300 200 0
225 send 226 1300 16 0
225 send 224 1100 16 0
225 wait 227 226 1100
225 wait 225 226 1300
225 irecv 229 2100 200 0
225 irecv 253 2300 200 0
225 send 229 2300 40 0
225 send 253 2100 40 0
225 wait 230 226 2100
225 wait 254 226 2300
225 irecv 1 3100 200 0
225 irecv 193 3300 200 0
225 send 1 3300 60 0
225 send 193 3100 60 0
225 wait 2 226 3100
225 wait 194 226 3300
225 irecv 226 1100 200 0
225 irecv 224 1300 200 0
225 send 226 1300 16 0
225 send 224 1100 16 0
225 wait 227 226 1100
225 wait 225 226 1300
225 irecv 229 2100 200 0
225 irecv 253 2300 200 0
225 send 229 2300 40 0
225 send 253 2100 40 0
225 wait 230 226 2100
225 wait 254 226 2300
225 irecv 1 3100 200 0
225 irecv 193 3300 200 0
225 send 1 3300 60 0
225 send 193 3100 60 0
225 wait 2 226 3100
225 wait 194 226 3300
225 irecv 226 1100 200 0
225 irecv 224 1300 200 0
225 send 226 1300 4 0
225 send 224 1100 4 0
225 wait 227 226 1100
225 wait 225 226 1300
225 irecv 229 2100 200 0
225 irecv 253 2300 200 0
225 send 229 2300 12 0
225 send 253 2100 12 0
225 wait 230 226 2100
225 wait 254 226 2300
225 irecv 1 3100 200 0
225 irecv 193 3300 200 0
225 send 1 3300 24 0
225 send 193 3100 24 0
225 wait 2 226 3100
225 wait 194 226 3300
225 irecv 226 1100 200 0
225 irecv 224 1300 200 0
225 send 226 1300 1 0
225 send 224 1100 1 0
225 wait 227 226 1100
225 wait 225 226 1300
225 irecv 229 2100 200 0
225 irecv 253 2300 200 0
225 send 229 2300 4 0
225 send 253 2100 4 0
225 wait 230 226 2100
225 wait 254 226 2300
225 irecv 1 3100 200 0
225 irecv 193 3300 200 0
225 send 1 3300 12 0
225 send 193 3100 12 0
225 wait 2 226 3100
225 wait 194 226 3300
225 send 226 1300 12 0
225 send 224 1100 6 0
225 send 33 3300 12 0
225 send 161 3100 6 0
225 irecv 229 2100 200 0
225 irecv 253 2300 200 0
225 wait 230 226 2100
225 wait 254 226 2300
225 send 1 3300 24 0
225 send 193 3100 12 0
225 irecv 226 1100 200 0
225 irecv 224 1300 200 0
225 send 226 1300 1 0
225 send 224 1100 1 0
225 wait 227 226 1100
225 wait 225 226 1300
225 irecv 229 2100 200 0
225 irecv 253 2300 200 0
225 send 229 2300 4 0
225 send 253 2100 4 0
225 wait 230 226 2100
225 wait 254 226 2300
225 irecv 1 3100 200 0
225 irecv 193 3300 200 0
225 send 1 3300 12 0
225 send 193 3100 12 0
225 wait 2 226 3100
225 wait 194 226 3300
225 irecv 226 1100 200 0
225 irecv 224 1300 200 0
225 send 226 1300 1 0
225 send 224 1100 1 0
225 wait 227 226 1100
225 wait 225 226 1300
225 irecv 229 2100 200 0
225 irecv 253 2300 200 0
225 send 229 2300 4 0
225 send 253 2100 4 0
225 wait 230 226 2100
225 wait 254 226 2300
225 irecv 1 3100 200 0
225 irecv 193 3300 200 0
225 send 1 3300 12 0
225 send 193 3100 12 0
225 wait 2 226 3100
225 wait 194 226 3300
225 irecv 226 1100 200 0
225 irecv 224 1300 200 0
225 send 226 1300 4 0
225 send 224 1100 4 0
225 wait 227 226 1100
225 wait 225 226 1300
225 irecv 229 2100 200 0
225 irecv 253 2300 200 0
225 send 229 2300 12 0
225 send 253 2100 12 0
225 wait 230 226 2100
225 wait 254 226 2300
225 irecv 1 3100 200 0
225 irecv 193 3300 200 0
225 send 1 3300 24 0
225 send 193 3100 24 0
225 wait 2 226 3100
225 wait 194 226 3300
225 irecv 226 1100 200 0
225 irecv 224 1300 200 0
225 send 226 1300 4 0
225 send 224 1100 4 0
225 wait 227 226 1100
225 wait 225 226 1300
225 irecv 229 2100 200 0
225 irecv 253 2300 200 0
225 send 229 2300 12 0
225 send 253 2100 12 0
225 wait 230 226 2100
225 wait 254 226 2300
225 irecv 1 3100 200 0
225 irecv 193 3300 200 0
225 send 1 3300 24 0
225 send 193 3100 24 0
225 wait 2 226 3100
225 wait 194 226 3300
225 irecv 226 1100 200 0
225 irecv 224 1300 200 0
225 send 226 1300 16 0
225 send 224 1100 16 0
225 wait 227 226 1100
225 wait 225 226 1300
225 irecv 229 2100 200 0
225 irecv 253 2300 200 0
225 send 229 2300 40 0
225 send 253 2100 40 0
225 wait 230 226 2100
225 wait 254 226 2300
225 irecv 1 3100 200 0
225 irecv 193 3300 200 0
225 send 1 3300 60 0
225 send 193 3100 60 0
225 wait 2 226 3100
225 wait 194 226 3300
225 irecv 226 1100 200 0
225 irecv 224 1300 200 0
225 send 226 1300 16 0
225 send 224 1100 16 0
225 wait 227 226 1100
225 wait 225 226 1300
225 irecv 229 2100 200 0
225 irecv 253 2300 200 0
225 send 229 2300 40 0
225 send 253 2100 40 0
225 wait 230 226 2100
225 wait 254 226 2300
225 irecv 1 3100 200 0
225 irecv 193 3300 200 0
225 send 1 3300 60 0
225 send 193 3100 60 0
225 wait 2 226 3100
225 wait 194 226 3300
225 irecv 226 1100 200 0
225 irecv 224 1300 200 0
225 send 226 1300 16 0
225 send 224 1100 16 0
225 wait 227 226 1100
225 wait 225 226 1300
225 irecv 229 2100 200 0
225 irecv 253 2300 200 0
225 send 229 2300 40 0
225 send 253 2100 40 0
225 wait 230 226 2100
225 wait 254 226 2300
225 irecv 1 3100 200 0
225 irecv 193 3300 200 0
225 send 1 3300 60 0
225 send 193 3100 60 0
225 wait 2 226 3100
225 wait 194 226 3300
225 allreduce 1 0 0 
225 allreduce 1 0 0 
225 reduce 1 0 0 0 
225 finalize
