60 init
60 barrier
60 bcast 1 0 1 
60 bcast 1 0 1 
60 bcast 1 0 1 
60 bcast 1 0 1 
60 bcast 1 0 1 
60 bcast 8 0 1 
60 bcast 1 0 16 
60 barrier
60 allreduce 1 0 0 
60 allreduce 4 0 1 
60 allreduce 1 0 0 
60 allreduce 4 0 1 
60 allreduce 1 0 0 
60 allreduce 4 0 1 
60 allreduce 1 0 0 
60 allreduce 4 0 1 
60 allreduce 1 0 0 
60 allreduce 4 0 1 
60 allreduce 1 0 0 
60 allreduce 4 0 1 
60 allreduce 1 0 0 
60 allreduce 4 0 1 
60 allreduce 1 0 0 
60 allreduce 4 0 1 
60 allreduce 1 0 0 
60 allreduce 4 0 1 
60 allreduce 1 0 0 
60 allreduce 4 0 1 
60 allreduce 1 0 0 
60 allreduce 4 0 1 
60 allreduce 1 0 0 
60 allreduce 4 0 1 
60 allreduce 1 0 0 
60 allreduce 4 0 1 
60 allreduce 1 0 0 
60 allreduce 4 0 1 
60 allreduce 1 0 0 
60 allreduce 4 0 1 
60 allreduce 1 0 0 
60 allreduce 4 0 1 
60 allreduce 1 0 0 
60 allreduce 4 0 1 
60 allreduce 1 0 0 
60 allreduce 4 0 1 
60 allreduce 1 0 0 
60 allreduce 4 0 1 
60 allreduce 1 0 0 
60 allreduce 4 0 1 
60 barrier
60 irecv 61 1100 200 0
60 irecv 63 1300 200 0
60 send 61 1300 16 0
60 send 63 1100 16 0
60 wait 62 61 1100
60 wait 64 61 1300
60 irecv 32 2100 200 0
60 irecv 56 2300 200 0
60 send 32 2300 40 0
60 send 56 2100 40 0
60 wait 33 61 2100
60 wait 57 61 2300
60 irecv 92 3100 200 0
60 irecv 28 3300 200 0
60 send 92 3300 60 0
60 send 28 3100 60 0
60 wait 93 61 3100
60 wait 29 61 3300
60 allreduce 1 0 0 
60 allreduce 1 0 0 
60 irecv 61 1100 200 0
60 irecv 63 1300 200 0
60 send 61 1300 16 0
60 send 63 1100 16 0
60 wait 62 61 1100
60 wait 64 61 1300
60 irecv 32 2100 200 0
60 irecv 56 2300 200 0
60 send 32 2300 40 0
60 send 56 2100 40 0
60 wait 33 61 2100
60 wait 57 61 2300
60 irecv 92 3100 200 0
60 irecv 28 3300 200 0
60 send 92 3300 60 0
60 send 28 3100 60 0
60 wait 93 61 3100
60 wait 29 61 3300
60 allreduce 1 0 0 
60 allreduce 1 0 0 
60 irecv 61 1100 200 0
60 irecv 63 1300 200 0
60 send 61 1300 4 0
60 send 63 1100 4 0
60 wait 62 61 1100
60 wait 64 61 1300
60 irecv 32 2100 200 0
60 irecv 56 2300 200 0
60 send 32 2300 12 0
60 send 56 2100 12 0
60 wait 33 61 2100
60 wait 57 61 2300
60 irecv 92 3100 200 0
60 irecv 28 3300 200 0
60 send 92 3300 24 0
60 send 28 3100 24 0
60 wait 93 61 3100
60 wait 29 61 3300
60 irecv 61 1100 200 0
60 irecv 63 1300 200 0
60 send 61 1300 1 0
60 send 63 1100 1 0
60 wait 62 61 1100
60 wait 64 61 1300
60 irecv 32 2100 200 0
60 irecv 56 2300 200 0
60 send 32 2300 4 0
60 send 56 2100 4 0
60 wait 33 61 2100
60 wait 57 61 2300
60 irecv 92 3100 200 0
60 irecv 28 3300 200 0
60 send 92 3300 12 0
60 send 28 3100 12 0
60 wait 93 61 3100
60 wait 29 61 3300
60 irecv 61 1100 200 0
60 irecv 63 1300 200 0
60 send 61 1300 1 0
60 send 63 1100 1 0
60 wait 62 61 1100
60 wait 64 61 1300
60 irecv 36 2100 200 0
60 irecv 52 2300 200 0
60 send 36 2300 3 0
60 send 52 2100 3 0
60 wait 37 61 2100
60 wait 53 61 2300
60 irecv 124 3100 200 0
60 irecv 252 3300 200 0
60 send 124 3300 9 0
60 send 252 3100 9 0
60 wait 125 61 3100
60 wait 253 61 3300
60 irecv 61 1100 200 0
60 irecv 63 1300 200 0
60 wait 62 61 1100
60 wait 64 61 1300
60 send 36 2300 18 0
60 send 52 2100 9 0
60 irecv 124 3100 200 0
60 irecv 252 3300 200 0
60 wait 125 61 3100
60 wait 253 61 3300
60 irecv 61 1100 200 0
60 irecv 63 1300 200 0
60 send 61 1300 1 0
60 send 63 1100 1 0
60 wait 62 61 1100
60 wait 64 61 1300
60 irecv 36 2100 200 0
60 irecv 52 2300 200 0
60 send 36 2300 3 0
60 send 52 2100 3 0
60 wait 37 61 2100
60 wait 53 61 2300
60 irecv 124 3100 200 0
60 irecv 252 3300 200 0
60 send 124 3300 9 0
60 send 252 3100 9 0
60 wait 125 61 3100
60 wait 253 61 3300
60 irecv 61 1100 200 0
60 irecv 63 1300 200 0
60 send 61 1300 1 0
60 send 63 1100 1 0
60 wait 62 61 1100
60 wait 64 61 1300
60 irecv 36 2100 200 0
60 irecv 52 2300 200 0
60 send 36 2300 3 0
60 send 52 2100 3 0
60 wait 37 61 2100
60 wait 53 61 2300
60 irecv 124 3100 200 0
60 irecv 252 3300 200 0
60 send 124 3300 9 0
60 send 252 3100 9 0
60 wait 125 61 3100
60 wait 253 61 3300
60 send 32 2300 24 0
60 send 56 2100 12 0
60 send 92 3300 24 0
60 send 28 3100 12 0
60 irecv 61 1100 200 0
60 irecv 63 1300 200 0
60 send 61 1300 1 0
60 send 63 1100 1 0
60 wait 62 61 1100
60 wait 64 61 1300
60 irecv 32 2100 200 0
60 irecv 56 2300 200 0
60 send 32 2300 4 0
60 send 56 2100 4 0
60 wait 33 61 2100
60 wait 57 61 2300
60 irecv 92 3100 200 0
60 irecv 28 3300 200 0
60 send 92 3300 12 0
60 send 28 3100 12 0
60 wait 93 61 3100
60 wait 29 61 3300
60 irecv 61 1100 200 0
60 irecv 63 1300 200 0
60 send 61 1300 1 0
60 send 63 1100 1 0
60 wait 62 61 1100
60 wait 64 61 1300
60 irecv 32 2100 200 0
60 irecv 56 2300 200 0
60 send 32 2300 4 0
60 send 56 2100 4 0
60 wait 33 61 2100
60 wait 57 61 2300
60 irecv 92 3100 200 0
60 irecv 28 3300 200 0
60 send 92 3300 12 0
60 send 28 3100 12 0
60 wait 93 61 3100
60 wait 29 61 3300
60 irecv 61 1100 200 0
60 irecv 63 1300 200 0
60 send 61 1300 4 0
60 send 63 1100 4 0
60 wait 62 61 1100
60 wait 64 61 1300
60 irecv 32 2100 200 0
60 irecv 56 2300 200 0
60 send 32 2300 12 0
60 send 56 2100 12 0
60 wait 33 61 2100
60 wait 57 61 2300
60 irecv 92 3100 200 0
60 irecv 28 3300 200 0
60 send 92 3300 24 0
60 send 28 3100 24 0
60 wait 93 61 3100
60 wait 29 61 3300
60 irecv 61 1100 200 0
60 irecv 63 1300 200 0
60 send 61 1300 4 0
60 send 63 1100 4 0
60 wait 62 61 1100
60 wait 64 61 1300
60 irecv 32 2100 200 0
60 irecv 56 2300 200 0
60 send 32 2300 12 0
60 send 56 2100 12 0
60 wait 33 61 2100
60 wait 57 61 2300
60 irecv 92 3100 200 0
60 irecv 28 3300 200 0
60 send 92 3300 24 0
60 send 28 3100 24 0
60 wait 93 61 3100
60 wait 29 61 3300
60 irecv 61 1100 200 0
60 irecv 63 1300 200 0
60 send 61 1300 16 0
60 send 63 1100 16 0
60 wait 62 61 1100
60 wait 64 61 1300
60 irecv 32 2100 200 0
60 irecv 56 2300 200 0
60 send 32 2300 40 0
60 send 56 2100 40 0
60 wait 33 61 2100
60 wait 57 61 2300
60 irecv 92 3100 200 0
60 irecv 28 3300 200 0
60 send 92 3300 60 0
60 send 28 3100 60 0
60 wait 93 61 3100
60 wait 29 61 3300
60 irecv 61 1100 200 0
60 irecv 63 1300 200 0
60 send 61 1300 16 0
60 send 63 1100 16 0
60 wait 62 61 1100
60 wait 64 61 1300
60 irecv 32 2100 200 0
60 irecv 56 2300 200 0
60 send 32 2300 40 0
60 send 56 2100 40 0
60 wait 33 61 2100
60 wait 57 61 2300
60 irecv 92 3100 200 0
60 irecv 28 3300 200 0
60 send 92 3300 60 0
60 send 28 3100 60 0
60 wait 93 61 3100
60 wait 29 61 3300
60 irecv 61 1100 200 0
60 irecv 63 1300 200 0
60 send 61 1300 16 0
60 send 63 1100 16 0
60 wait 62 61 1100
60 wait 64 61 1300
60 irecv 32 2100 200 0
60 irecv 56 2300 200 0
60 send 32 2300 40 0
60 send 56 2100 40 0
60 wait 33 61 2100
60 wait 57 61 2300
60 irecv 92 3100 200 0
60 irecv 28 3300 200 0
60 send 92 3300 60 0
60 send 28 3100 60 0
60 wait 93 61 3100
60 wait 29 61 3300
60 barrier
60 allreduce 1 0 0 
60 allreduce 4 0 1 
60 allreduce 1 0 0 
60 allreduce 4 0 1 
60 allreduce 1 0 0 
60 allreduce 4 0 1 
60 allreduce 1 0 0 
60 allreduce 4 0 1 
60 allreduce 1 0 0 
60 allreduce 4 0 1 
60 allreduce 1 0 0 
60 allreduce 4 0 1 
60 allreduce 1 0 0 
60 allreduce 4 0 1 
60 allreduce 1 0 0 
60 allreduce 4 0 1 
60 allreduce 1 0 0 
60 allreduce 4 0 1 
60 allreduce 1 0 0 
60 allreduce 4 0 1 
60 allreduce 1 0 0 
60 allreduce 4 0 1 
60 allreduce 1 0 0 
60 allreduce 4 0 1 
60 allreduce 1 0 0 
60 allreduce 4 0 1 
60 allreduce 1 0 0 
60 allreduce 4 0 1 
60 allreduce 1 0 0 
60 allreduce 4 0 1 
60 allreduce 1 0 0 
60 allreduce 4 0 1 
60 allreduce 1 0 0 
60 allreduce 4 0 1 
60 allreduce 1 0 0 
60 allreduce 4 0 1 
60 allreduce 1 0 0 
60 allreduce 4 0 1 
60 allreduce 1 0 0 
60 allreduce 4 0 1 
60 barrier
60 irecv 61 1100 200 0
60 irecv 63 1300 200 0
60 send 61 1300 16 0
60 send 63 1100 16 0
60 wait 62 61 1100
60 wait 64 61 1300
60 irecv 32 2100 200 0
60 irecv 56 2300 200 0
60 send 32 2300 40 0
60 send 56 2100 40 0
60 wait 33 61 2100
60 wait 57 61 2300
60 irecv 92 3100 200 0
60 irecv 28 3300 200 0
60 send 92 3300 60 0
60 send 28 3100 60 0
60 wait 93 61 3100
60 wait 29 61 3300
60 barrier
60 irecv 61 1100 200 0
60 irecv 63 1300 200 0
60 send 61 1300 16 0
60 send 63 1100 16 0
60 wait 62 61 1100
60 wait 64 61 1300
60 irecv 32 2100 200 0
60 irecv 56 2300 200 0
60 send 32 2300 40 0
60 send 56 2100 40 0
60 wait 33 61 2100
60 wait 57 61 2300
60 irecv 92 3100 200 0
60 irecv 28 3300 200 0
60 send 92 3300 60 0
60 send 28 3100 60 0
60 wait 93 61 3100
60 wait 29 61 3300
60 allreduce 1 0 0 
60 allreduce 1 0 0 
60 irecv 61 1100 200 0
60 irecv 63 1300 200 0
60 send 61 1300 4 0
60 send 63 1100 4 0
60 wait 62 61 1100
60 wait 64 61 1300
60 irecv 32 2100 200 0
60 irecv 56 2300 200 0
60 send 32 2300 12 0
60 send 56 2100 12 0
60 wait 33 61 2100
60 wait 57 61 2300
60 irecv 92 3100 200 0
60 irecv 28 3300 200 0
60 send 92 3300 24 0
60 send 28 3100 24 0
60 wait 93 61 3100
60 wait 29 61 3300
60 irecv 61 1100 200 0
60 irecv 63 1300 200 0
60 send 61 1300 1 0
60 send 63 1100 1 0
60 wait 62 61 1100
60 wait 64 61 1300
60 irecv 32 2100 200 0
60 irecv 56 2300 200 0
60 send 32 2300 4 0
60 send 56 2100 4 0
60 wait 33 61 2100
60 wait 57 61 2300
60 irecv 92 3100 200 0
60 irecv 28 3300 200 0
60 send 92 3300 12 0
60 send 28 3100 12 0
60 wait 93 61 3100
60 wait 29 61 3300
60 irecv 61 1100 200 0
60 irecv 63 1300 200 0
60 send 61 1300 1 0
60 send 63 1100 1 0
60 wait 62 61 1100
60 wait 64 61 1300
60 irecv 36 2100 200 0
60 irecv 52 2300 200 0
60 send 36 2300 3 0
60 send 52 2100 3 0
60 wait 37 61 2100
60 wait 53 61 2300
60 irecv 124 3100 200 0
60 irecv 252 3300 200 0
60 send 124 3300 9 0
60 send 252 3100 9 0
60 wait 125 61 3100
60 wait 253 61 3300
60 irecv 61 1100 200 0
60 irecv 63 1300 200 0
60 wait 62 61 1100
60 wait 64 61 1300
60 send 36 2300 18 0
60 send 52 2100 9 0
60 irecv 124 3100 200 0
60 irecv 252 3300 200 0
60 wait 125 61 3100
60 wait 253 61 3300
60 irecv 61 1100 200 0
60 irecv 63 1300 200 0
60 send 61 1300 1 0
60 send 63 1100 1 0
60 wait 62 61 1100
60 wait 64 61 1300
60 irecv 36 2100 200 0
60 irecv 52 2300 200 0
60 send 36 2300 3 0
60 send 52 2100 3 0
60 wait 37 61 2100
60 wait 53 61 2300
60 irecv 124 3100 200 0
60 irecv 252 3300 200 0
60 send 124 3300 9 0
60 send 252 3100 9 0
60 wait 125 61 3100
60 wait 253 61 3300
60 irecv 61 1100 200 0
60 irecv 63 1300 200 0
60 send 61 1300 1 0
60 send 63 1100 1 0
60 wait 62 61 1100
60 wait 64 61 1300
60 irecv 36 2100 200 0
60 irecv 52 2300 200 0
60 send 36 2300 3 0
60 send 52 2100 3 0
60 wait 37 61 2100
60 wait 53 61 2300
60 irecv 124 3100 200 0
60 irecv 252 3300 200 0
60 send 124 3300 9 0
60 send 252 3100 9 0
60 wait 125 61 3100
60 wait 253 61 3300
60 send 32 2300 24 0
60 send 56 2100 12 0
60 send 92 3300 24 0
60 send 28 3100 12 0
60 irecv 61 1100 200 0
60 irecv 63 1300 200 0
60 send 61 1300 1 0
60 send 63 1100 1 0
60 wait 62 61 1100
60 wait 64 61 1300
60 irecv 32 2100 200 0
60 irecv 56 2300 200 0
60 send 32 2300 4 0
60 send 56 2100 4 0
60 wait 33 61 2100
60 wait 57 61 2300
60 irecv 92 3100 200 0
60 irecv 28 3300 200 0
60 send 92 3300 12 0
60 send 28 3100 12 0
60 wait 93 61 3100
60 wait 29 61 3300
60 irecv 61 1100 200 0
60 irecv 63 1300 200 0
60 send 61 1300 1 0
60 send 63 1100 1 0
60 wait 62 61 1100
60 wait 64 61 1300
60 irecv 32 2100 200 0
60 irecv 56 2300 200 0
60 send 32 2300 4 0
60 send 56 2100 4 0
60 wait 33 61 2100
60 wait 57 61 2300
60 irecv 92 3100 200 0
60 irecv 28 3300 200 0
60 send 92 3300 12 0
60 send 28 3100 12 0
60 wait 93 61 3100
60 wait 29 61 3300
60 irecv 61 1100 200 0
60 irecv 63 1300 200 0
60 send 61 1300 4 0
60 send 63 1100 4 0
60 wait 62 61 1100
60 wait 64 61 1300
60 irecv 32 2100 200 0
60 irecv 56 2300 200 0
60 send 32 2300 12 0
60 send 56 2100 12 0
60 wait 33 61 2100
60 wait 57 61 2300
60 irecv 92 3100 200 0
60 irecv 28 3300 200 0
60 send 92 3300 24 0
60 send 28 3100 24 0
60 wait 93 61 3100
60 wait 29 61 3300
60 irecv 61 1100 200 0
60 irecv 63 1300 200 0
60 send 61 1300 4 0
60 send 63 1100 4 0
60 wait 62 61 1100
60 wait 64 61 1300
60 irecv 32 2100 200 0
60 irecv 56 2300 200 0
60 send 32 2300 12 0
60 send 56 2100 12 0
60 wait 33 61 2100
60 wait 57 61 2300
60 irecv 92 3100 200 0
60 irecv 28 3300 200 0
60 send 92 3300 24 0
60 send 28 3100 24 0
60 wait 93 61 3100
60 wait 29 61 3300
60 irecv 61 1100 200 0
60 irecv 63 1300 200 0
60 send 61 1300 16 0
60 send 63 1100 16 0
60 wait 62 61 1100
60 wait 64 61 1300
60 irecv 32 2100 200 0
60 irecv 56 2300 200 0
60 send 32 2300 40 0
60 send 56 2100 40 0
60 wait 33 61 2100
60 wait 57 61 2300
60 irecv 92 3100 200 0
60 irecv 28 3300 200 0
60 send 92 3300 60 0
60 send 28 3100 60 0
60 wait 93 61 3100
60 wait 29 61 3300
60 irecv 61 1100 200 0
60 irecv 63 1300 200 0
60 send 61 1300 16 0
60 send 63 1100 16 0
60 wait 62 61 1100
60 wait 64 61 1300
60 irecv 32 2100 200 0
60 irecv 56 2300 200 0
60 send 32 2300 40 0
60 send 56 2100 40 0
60 wait 33 61 2100
60 wait 57 61 2300
60 irecv 92 3100 200 0
60 irecv 28 3300 200 0
60 send 92 3300 60 0
60 send 28 3100 60 0
60 wait 93 61 3100
60 wait 29 61 3300
60 irecv 61 1100 200 0
60 irecv 63 1300 200 0
60 send 61 1300 16 0
60 send 63 1100 16 0
60 wait 62 61 1100
60 wait 64 61 1300
60 irecv 32 2100 200 0
60 irecv 56 2300 200 0
60 send 32 2300 40 0
60 send 56 2100 40 0
60 wait 33 61 2100
60 wait 57 61 2300
60 irecv 92 3100 200 0
60 irecv 28 3300 200 0
60 send 92 3300 60 0
60 send 28 3100 60 0
60 wait 93 61 3100
60 wait 29 61 3300
60 irecv 61 1100 200 0
60 irecv 63 1300 200 0
60 send 61 1300 4 0
60 send 63 1100 4 0
60 wait 62 61 1100
60 wait 64 61 1300
60 irecv 32 2100 200 0
60 irecv 56 2300 200 0
60 send 32 2300 12 0
60 send 56 2100 12 0
60 wait 33 61 2100
60 wait 57 61 2300
60 irecv 92 3100 200 0
60 irecv 28 3300 200 0
60 send 92 3300 24 0
60 send 28 3100 24 0
60 wait 93 61 3100
60 wait 29 61 3300
60 irecv 61 1100 200 0
60 irecv 63 1300 200 0
60 send 61 1300 1 0
60 send 63 1100 1 0
60 wait 62 61 1100
60 wait 64 61 1300
60 irecv 32 2100 200 0
60 irecv 56 2300 200 0
60 send 32 2300 4 0
60 send 56 2100 4 0
60 wait 33 61 2100
60 wait 57 61 2300
60 irecv 92 3100 200 0
60 irecv 28 3300 200 0
60 send 92 3300 12 0
60 send 28 3100 12 0
60 wait 93 61 3100
60 wait 29 61 3300
60 irecv 61 1100 200 0
60 irecv 63 1300 200 0
60 send 61 1300 1 0
60 send 63 1100 1 0
60 wait 62 61 1100
60 wait 64 61 1300
60 irecv 36 2100 200 0
60 irecv 52 2300 200 0
60 send 36 2300 3 0
60 send 52 2100 3 0
60 wait 37 61 2100
60 wait 53 61 2300
60 irecv 124 3100 200 0
60 irecv 252 3300 200 0
60 send 124 3300 9 0
60 send 252 3100 9 0
60 wait 125 61 3100
60 wait 253 61 3300
60 irecv 61 1100 200 0
60 irecv 63 1300 200 0
60 wait 62 61 1100
60 wait 64 61 1300
60 send 36 2300 18 0
60 send 52 2100 9 0
60 irecv 124 3100 200 0
60 irecv 252 3300 200 0
60 wait 125 61 3100
60 wait 253 61 3300
60 irecv 61 1100 200 0
60 irecv 63 1300 200 0
60 send 61 1300 1 0
60 send 63 1100 1 0
60 wait 62 61 1100
60 wait 64 61 1300
60 irecv 36 2100 200 0
60 irecv 52 2300 200 0
60 send 36 2300 3 0
60 send 52 2100 3 0
60 wait 37 61 2100
60 wait 53 61 2300
60 irecv 124 3100 200 0
60 irecv 252 3300 200 0
60 send 124 3300 9 0
60 send 252 3100 9 0
60 wait 125 61 3100
60 wait 253 61 3300
60 irecv 61 1100 200 0
60 irecv 63 1300 200 0
60 send 61 1300 1 0
60 send 63 1100 1 0
60 wait 62 61 1100
60 wait 64 61 1300
60 irecv 36 2100 200 0
60 irecv 52 2300 200 0
60 send 36 2300 3 0
60 send 52 2100 3 0
60 wait 37 61 2100
60 wait 53 61 2300
60 irecv 124 3100 200 0
60 irecv 252 3300 200 0
60 send 124 3300 9 0
60 send 252 3100 9 0
60 wait 125 61 3100
60 wait 253 61 3300
60 send 32 2300 24 0
60 send 56 2100 12 0
60 send 92 3300 24 0
60 send 28 3100 12 0
60 irecv 61 1100 200 0
60 irecv 63 1300 200 0
60 send 61 1300 1 0
60 send 63 1100 1 0
60 wait 62 61 1100
60 wait 64 61 1300
60 irecv 32 2100 200 0
60 irecv 56 2300 200 0
60 send 32 2300 4 0
60 send 56 2100 4 0
60 wait 33 61 2100
60 wait 57 61 2300
60 irecv 92 3100 200 0
60 irecv 28 3300 200 0
60 send 92 3300 12 0
60 send 28 3100 12 0
60 wait 93 61 3100
60 wait 29 61 3300
60 irecv 61 1100 200 0
60 irecv 63 1300 200 0
60 send 61 1300 1 0
60 send 63 1100 1 0
60 wait 62 61 1100
60 wait 64 61 1300
60 irecv 32 2100 200 0
60 irecv 56 2300 200 0
60 send 32 2300 4 0
60 send 56 2100 4 0
60 wait 33 61 2100
60 wait 57 61 2300
60 irecv 92 3100 200 0
60 irecv 28 3300 200 0
60 send 92 3300 12 0
60 send 28 3100 12 0
60 wait 93 61 3100
60 wait 29 61 3300
60 irecv 61 1100 200 0
60 irecv 63 1300 200 0
60 send 61 1300 4 0
60 send 63 1100 4 0
60 wait 62 61 1100
60 wait 64 61 1300
60 irecv 32 2100 200 0
60 irecv 56 2300 200 0
60 send 32 2300 12 0
60 send 56 2100 12 0
60 wait 33 61 2100
60 wait 57 61 2300
60 irecv 92 3100 200 0
60 irecv 28 3300 200 0
60 send 92 3300 24 0
60 send 28 3100 24 0
60 wait 93 61 3100
60 wait 29 61 3300
60 irecv 61 1100 200 0
60 irecv 63 1300 200 0
60 send 61 1300 4 0
60 send 63 1100 4 0
60 wait 62 61 1100
60 wait 64 61 1300
60 irecv 32 2100 200 0
60 irecv 56 2300 200 0
60 send 32 2300 12 0
60 send 56 2100 12 0
60 wait 33 61 2100
60 wait 57 61 2300
60 irecv 92 3100 200 0
60 irecv 28 3300 200 0
60 send 92 3300 24 0
60 send 28 3100 24 0
60 wait 93 61 3100
60 wait 29 61 3300
60 irecv 61 1100 200 0
60 irecv 63 1300 200 0
60 send 61 1300 16 0
60 send 63 1100 16 0
60 wait 62 61 1100
60 wait 64 61 1300
60 irecv 32 2100 200 0
60 irecv 56 2300 200 0
60 send 32 2300 40 0
60 send 56 2100 40 0
60 wait 33 61 2100
60 wait 57 61 2300
60 irecv 92 3100 200 0
60 irecv 28 3300 200 0
60 send 92 3300 60 0
60 send 28 3100 60 0
60 wait 93 61 3100
60 wait 29 61 3300
60 irecv 61 1100 200 0
60 irecv 63 1300 200 0
60 send 61 1300 16 0
60 send 63 1100 16 0
60 wait 62 61 1100
60 wait 64 61 1300
60 irecv 32 2100 200 0
60 irecv 56 2300 200 0
60 send 32 2300 40 0
60 send 56 2100 40 0
60 wait 33 61 2100
60 wait 57 61 2300
60 irecv 92 3100 200 0
60 irecv 28 3300 200 0
60 send 92 3300 60 0
60 send 28 3100 60 0
60 wait 93 61 3100
60 wait 29 61 3300
60 irecv 61 1100 200 0
60 irecv 63 1300 200 0
60 send 61 1300 16 0
60 send 63 1100 16 0
60 wait 62 61 1100
60 wait 64 61 1300
60 irecv 32 2100 200 0
60 irecv 56 2300 200 0
60 send 32 2300 40 0
60 send 56 2100 40 0
60 wait 33 61 2100
60 wait 57 61 2300
60 irecv 92 3100 200 0
60 irecv 28 3300 200 0
60 send 92 3300 60 0
60 send 28 3100 60 0
60 wait 93 61 3100
60 wait 29 61 3300
60 irecv 61 1100 200 0
60 irecv 63 1300 200 0
60 send 61 1300 4 0
60 send 63 1100 4 0
60 wait 62 61 1100
60 wait 64 61 1300
60 irecv 32 2100 200 0
60 irecv 56 2300 200 0
60 send 32 2300 12 0
60 send 56 2100 12 0
60 wait 33 61 2100
60 wait 57 61 2300
60 irecv 92 3100 200 0
60 irecv 28 3300 200 0
60 send 92 3300 24 0
60 send 28 3100 24 0
60 wait 93 61 3100
60 wait 29 61 3300
60 irecv 61 1100 200 0
60 irecv 63 1300 200 0
60 send 61 1300 1 0
60 send 63 1100 1 0
60 wait 62 61 1100
60 wait 64 61 1300
60 irecv 32 2100 200 0
60 irecv 56 2300 200 0
60 send 32 2300 4 0
60 send 56 2100 4 0
60 wait 33 61 2100
60 wait 57 61 2300
60 irecv 92 3100 200 0
60 irecv 28 3300 200 0
60 send 92 3300 12 0
60 send 28 3100 12 0
60 wait 93 61 3100
60 wait 29 61 3300
60 irecv 61 1100 200 0
60 irecv 63 1300 200 0
60 send 61 1300 1 0
60 send 63 1100 1 0
60 wait 62 61 1100
60 wait 64 61 1300
60 irecv 36 2100 200 0
60 irecv 52 2300 200 0
60 compute 312.5
60 send 36 2300 3 0
60 send 52 2100 3 0
60 wait 37 61 2100
60 wait 53 61 2300
60 irecv 124 3100 200 0
60 irecv 252 3300 200 0
60 send 124 3300 9 0
60 send 252 3100 9 0
60 wait 125 61 3100
60 wait 253 61 3300
60 irecv 61 1100 200 0
60 irecv 63 1300 200 0
60 wait 62 61 1100
60 wait 64 61 1300
60 send 36 2300 18 0
60 send 52 2100 9 0
60 irecv 124 3100 200 0
60 irecv 252 3300 200 0
60 wait 125 61 3100
60 wait 253 61 3300
60 irecv 61 1100 200 0
60 irecv 63 1300 200 0
60 send 61 1300 1 0
60 send 63 1100 1 0
60 wait 62 61 1100
60 wait 64 61 1300
60 irecv 36 2100 200 0
60 irecv 52 2300 200 0
60 send 36 2300 3 0
60 send 52 2100 3 0
60 wait 37 61 2100
60 wait 53 61 2300
60 irecv 124 3100 200 0
60 irecv 252 3300 200 0
60 send 124 3300 9 0
60 send 252 3100 9 0
60 wait 125 61 3100
60 wait 253 61 3300
60 irecv 61 1100 200 0
60 irecv 63 1300 200 0
60 send 61 1300 1 0
60 send 63 1100 1 0
60 wait 62 61 1100
60 wait 64 61 1300
60 irecv 36 2100 200 0
60 irecv 52 2300 200 0
60 send 36 2300 3 0
60 send 52 2100 3 0
60 wait 37 61 2100
60 wait 53 61 2300
60 irecv 124 3100 200 0
60 irecv 252 3300 200 0
60 send 124 3300 9 0
60 send 252 3100 9 0
60 wait 125 61 3100
60 wait 253 61 3300
60 send 32 2300 24 0
60 send 56 2100 12 0
60 send 92 3300 24 0
60 send 28 3100 12 0
60 irecv 61 1100 200 0
60 irecv 63 1300 200 0
60 send 61 1300 1 0
60 send 63 1100 1 0
60 wait 62 61 1100
60 wait 64 61 1300
60 irecv 32 2100 200 0
60 irecv 56 2300 200 0
60 send 32 2300 4 0
60 send 56 2100 4 0
60 wait 33 61 2100
60 wait 57 61 2300
60 irecv 92 3100 200 0
60 irecv 28 3300 200 0
60 send 92 3300 12 0
60 send 28 3100 12 0
60 wait 93 61 3100
60 wait 29 61 3300
60 irecv 61 1100 200 0
60 irecv 63 1300 200 0
60 send 61 1300 1 0
60 send 63 1100 1 0
60 wait 62 61 1100
60 wait 64 61 1300
60 irecv 32 2100 200 0
60 irecv 56 2300 200 0
60 send 32 2300 4 0
60 send 56 2100 4 0
60 wait 33 61 2100
60 wait 57 61 2300
60 irecv 92 3100 200 0
60 irecv 28 3300 200 0
60 send 92 3300 12 0
60 send 28 3100 12 0
60 wait 93 61 3100
60 wait 29 61 3300
60 irecv 61 1100 200 0
60 irecv 63 1300 200 0
60 send 61 1300 4 0
60 send 63 1100 4 0
60 wait 62 61 1100
60 wait 64 61 1300
60 irecv 32 2100 200 0
60 irecv 56 2300 200 0
60 send 32 2300 12 0
60 send 56 2100 12 0
60 wait 33 61 2100
60 wait 57 61 2300
60 irecv 92 3100 200 0
60 irecv 28 3300 200 0
60 send 92 3300 24 0
60 send 28 3100 24 0
60 wait 93 61 3100
60 wait 29 61 3300
60 irecv 61 1100 200 0
60 irecv 63 1300 200 0
60 send 61 1300 4 0
60 send 63 1100 4 0
60 wait 62 61 1100
60 wait 64 61 1300
60 irecv 32 2100 200 0
60 irecv 56 2300 200 0
60 send 32 2300 12 0
60 send 56 2100 12 0
60 wait 33 61 2100
60 wait 57 61 2300
60 irecv 92 3100 200 0
60 irecv 28 3300 200 0
60 send 92 3300 24 0
60 send 28 3100 24 0
60 wait 93 61 3100
60 wait 29 61 3300
60 irecv 61 1100 200 0
60 irecv 63 1300 200 0
60 send 61 1300 16 0
60 send 63 1100 16 0
60 wait 62 61 1100
60 wait 64 61 1300
60 irecv 32 2100 200 0
60 irecv 56 2300 200 0
60 send 32 2300 40 0
60 send 56 2100 40 0
60 wait 33 61 2100
60 wait 57 61 2300
60 irecv 92 3100 200 0
60 irecv 28 3300 200 0
60 send 92 3300 60 0
60 send 28 3100 60 0
60 wait 93 61 3100
60 wait 29 61 3300
60 irecv 61 1100 200 0
60 irecv 63 1300 200 0
60 send 61 1300 16 0
60 send 63 1100 16 0
60 wait 62 61 1100
60 wait 64 61 1300
60 irecv 32 2100 200 0
60 irecv 56 2300 200 0
60 send 32 2300 40 0
60 send 56 2100 40 0
60 wait 33 61 2100
60 wait 57 61 2300
60 irecv 92 3100 200 0
60 irecv 28 3300 200 0
60 send 92 3300 60 0
60 send 28 3100 60 0
60 wait 93 61 3100
60 wait 29 61 3300
60 irecv 61 1100 200 0
60 irecv 63 1300 200 0
60 send 61 1300 16 0
60 send 63 1100 16 0
60 wait 62 61 1100
60 wait 64 61 1300
60 irecv 32 2100 200 0
60 irecv 56 2300 200 0
60 send 32 2300 40 0
60 send 56 2100 40 0
60 wait 33 61 2100
60 wait 57 61 2300
60 irecv 92 3100 200 0
60 irecv 28 3300 200 0
60 send 92 3300 60 0
60 send 28 3100 60 0
60 wait 93 61 3100
60 wait 29 61 3300
60 irecv 61 1100 200 0
60 irecv 63 1300 200 0
60 send 61 1300 4 0
60 send 63 1100 4 0
60 wait 62 61 1100
60 wait 64 61 1300
60 irecv 32 2100 200 0
60 irecv 56 2300 200 0
60 send 32 2300 12 0
60 send 56 2100 12 0
60 wait 33 61 2100
60 wait 57 61 2300
60 irecv 92 3100 200 0
60 irecv 28 3300 200 0
60 send 92 3300 24 0
60 send 28 3100 24 0
60 wait 93 61 3100
60 wait 29 61 3300
60 irecv 61 1100 200 0
60 irecv 63 1300 200 0
60 send 61 1300 1 0
60 send 63 1100 1 0
60 wait 62 61 1100
60 wait 64 61 1300
60 irecv 32 2100 200 0
60 irecv 56 2300 200 0
60 send 32 2300 4 0
60 send 56 2100 4 0
60 wait 33 61 2100
60 wait 57 61 2300
60 irecv 92 3100 200 0
60 irecv 28 3300 200 0
60 send 92 3300 12 0
60 send 28 3100 12 0
60 wait 93 61 3100
60 wait 29 61 3300
60 irecv 61 1100 200 0
60 irecv 63 1300 200 0
60 send 61 1300 1 0
60 send 63 1100 1 0
60 wait 62 61 1100
60 wait 64 61 1300
60 irecv 36 2100 200 0
60 irecv 52 2300 200 0
60 send 36 2300 3 0
60 send 52 2100 3 0
60 wait 37 61 2100
60 wait 53 61 2300
60 irecv 124 3100 200 0
60 irecv 252 3300 200 0
60 send 124 3300 9 0
60 send 252 3100 9 0
60 wait 125 61 3100
60 wait 253 61 3300
60 irecv 61 1100 200 0
60 irecv 63 1300 200 0
60 wait 62 61 1100
60 wait 64 61 1300
60 send 36 2300 18 0
60 send 52 2100 9 0
60 irecv 124 3100 200 0
60 irecv 252 3300 200 0
60 wait 125 61 3100
60 wait 253 61 3300
60 irecv 61 1100 200 0
60 irecv 63 1300 200 0
60 send 61 1300 1 0
60 send 63 1100 1 0
60 wait 62 61 1100
60 wait 64 61 1300
60 irecv 36 2100 200 0
60 irecv 52 2300 200 0
60 send 36 2300 3 0
60 send 52 2100 3 0
60 wait 37 61 2100
60 wait 53 61 2300
60 irecv 124 3100 200 0
60 irecv 252 3300 200 0
60 send 124 3300 9 0
60 send 252 3100 9 0
60 wait 125 61 3100
60 wait 253 61 3300
60 irecv 61 1100 200 0
60 irecv 63 1300 200 0
60 send 61 1300 1 0
60 send 63 1100 1 0
60 wait 62 61 1100
60 wait 64 61 1300
60 irecv 36 2100 200 0
60 irecv 52 2300 200 0
60 send 36 2300 3 0
60 send 52 2100 3 0
60 wait 37 61 2100
60 wait 53 61 2300
60 irecv 124 3100 200 0
60 irecv 252 3300 200 0
60 send 124 3300 9 0
60 send 252 3100 9 0
60 wait 125 61 3100
60 wait 253 61 3300
60 send 32 2300 24 0
60 send 56 2100 12 0
60 send 92 3300 24 0
60 send 28 3100 12 0
60 irecv 61 1100 200 0
60 irecv 63 1300 200 0
60 send 61 1300 1 0
60 send 63 1100 1 0
60 wait 62 61 1100
60 wait 64 61 1300
60 irecv 32 2100 200 0
60 irecv 56 2300 200 0
60 send 32 2300 4 0
60 send 56 2100 4 0
60 wait 33 61 2100
60 wait 57 61 2300
60 irecv 92 3100 200 0
60 irecv 28 3300 200 0
60 send 92 3300 12 0
60 send 28 3100 12 0
60 wait 93 61 3100
60 wait 29 61 3300
60 irecv 61 1100 200 0
60 irecv 63 1300 200 0
60 send 61 1300 1 0
60 send 63 1100 1 0
60 wait 62 61 1100
60 wait 64 61 1300
60 irecv 32 2100 200 0
60 irecv 56 2300 200 0
60 send 32 2300 4 0
60 send 56 2100 4 0
60 wait 33 61 2100
60 wait 57 61 2300
60 irecv 92 3100 200 0
60 irecv 28 3300 200 0
60 send 92 3300 12 0
60 send 28 3100 12 0
60 wait 93 61 3100
60 wait 29 61 3300
60 irecv 61 1100 200 0
60 irecv 63 1300 200 0
60 send 61 1300 4 0
60 send 63 1100 4 0
60 wait 62 61 1100
60 wait 64 61 1300
60 irecv 32 2100 200 0
60 irecv 56 2300 200 0
60 send 32 2300 12 0
60 send 56 2100 12 0
60 wait 33 61 2100
60 wait 57 61 2300
60 irecv 92 3100 200 0
60 irecv 28 3300 200 0
60 send 92 3300 24 0
60 send 28 3100 24 0
60 wait 93 61 3100
60 wait 29 61 3300
60 irecv 61 1100 200 0
60 irecv 63 1300 200 0
60 send 61 1300 4 0
60 send 63 1100 4 0
60 wait 62 61 1100
60 wait 64 61 1300
60 irecv 32 2100 200 0
60 irecv 56 2300 200 0
60 send 32 2300 12 0
60 send 56 2100 12 0
60 wait 33 61 2100
60 wait 57 61 2300
60 irecv 92 3100 200 0
60 irecv 28 3300 200 0
60 send 92 3300 24 0
60 send 28 3100 24 0
60 wait 93 61 3100
60 wait 29 61 3300
60 irecv 61 1100 200 0
60 irecv 63 1300 200 0
60 send 61 1300 16 0
60 send 63 1100 16 0
60 wait 62 61 1100
60 wait 64 61 1300
60 irecv 32 2100 200 0
60 irecv 56 2300 200 0
60 send 32 2300 40 0
60 send 56 2100 40 0
60 wait 33 61 2100
60 wait 57 61 2300
60 irecv 92 3100 200 0
60 irecv 28 3300 200 0
60 send 92 3300 60 0
60 send 28 3100 60 0
60 wait 93 61 3100
60 wait 29 61 3300
60 irecv 61 1100 200 0
60 irecv 63 1300 200 0
60 send 61 1300 16 0
60 send 63 1100 16 0
60 wait 62 61 1100
60 wait 64 61 1300
60 irecv 32 2100 200 0
60 irecv 56 2300 200 0
60 send 32 2300 40 0
60 send 56 2100 40 0
60 wait 33 61 2100
60 wait 57 61 2300
60 irecv 92 3100 200 0
60 irecv 28 3300 200 0
60 send 92 3300 60 0
60 send 28 3100 60 0
60 wait 93 61 3100
60 wait 29 61 3300
60 irecv 61 1100 200 0
60 irecv 63 1300 200 0
60 send 61 1300 16 0
60 send 63 1100 16 0
60 wait 62 61 1100
60 wait 64 61 1300
60 irecv 32 2100 200 0
60 irecv 56 2300 200 0
60 send 32 2300 40 0
60 send 56 2100 40 0
60 wait 33 61 2100
60 wait 57 61 2300
60 irecv 92 3100 200 0
60 irecv 28 3300 200 0
60 send 92 3300 60 0
60 send 28 3100 60 0
60 wait 93 61 3100
60 wait 29 61 3300
60 allreduce 1 0 0 
60 allreduce 1 0 0 
60 reduce 1 0 0 0 
60 finalize
