32 init
32 barrier
32 bcast 1 0 1 
32 bcast 1 0 1 
32 bcast 1 0 1 
32 bcast 1 0 1 
32 bcast 1 0 1 
32 bcast 8 0 1 
32 bcast 1 0 16 
32 barrier
32 allreduce 1 0 0 
32 allreduce 4 0 1 
32 allreduce 1 0 0 
32 allreduce 4 0 1 
32 allreduce 1 0 0 
32 allreduce 4 0 1 
32 allreduce 1 0 0 
32 allreduce 4 0 1 
32 allreduce 1 0 0 
32 allreduce 4 0 1 
32 allreduce 1 0 0 
32 allreduce 4 0 1 
32 allreduce 1 0 0 
32 allreduce 4 0 1 
32 allreduce 1 0 0 
32 allreduce 4 0 1 
32 allreduce 1 0 0 
32 allreduce 4 0 1 
32 allreduce 1 0 0 
32 allreduce 4 0 1 
32 allreduce 1 0 0 
32 allreduce 4 0 1 
32 allreduce 1 0 0 
32 allreduce 4 0 1 
32 allreduce 1 0 0 
32 allreduce 4 0 1 
32 allreduce 1 0 0 
32 allreduce 4 0 1 
32 allreduce 1 0 0 
32 allreduce 4 0 1 
32 allreduce 1 0 0 
32 allreduce 4 0 1 
32 allreduce 1 0 0 
32 allreduce 4 0 1 
32 allreduce 1 0 0 
32 allreduce 4 0 1 
32 allreduce 1 0 0 
32 allreduce 4 0 1 
32 allreduce 1 0 0 
32 allreduce 4 0 1 
32 barrier
32 irecv 33 1100 200 0
32 irecv 35 1300 200 0
32 send 33 1300 16 0
32 send 35 1100 16 0
32 wait 34 33 1100
32 wait 36 33 1300
32 irecv 36 2100 200 0
32 irecv 60 2300 200 0
32 send 36 2300 40 0
32 send 60 2100 40 0
32 wait 37 33 2100
32 wait 61 33 2300
32 irecv 64 3100 200 0
32 irecv 0 3300 200 0
32 send 64 3300 60 0
32 send 0 3100 60 0
32 wait 65 33 3100
32 wait 1 33 3300
32 allreduce 1 0 0 
32 allreduce 1 0 0 
32 irecv 33 1100 200 0
32 irecv 35 1300 200 0
32 send 33 1300 16 0
32 send 35 1100 16 0
32 wait 34 33 1100
32 wait 36 33 1300
32 irecv 36 2100 200 0
32 irecv 60 2300 200 0
32 send 36 2300 40 0
32 send 60 2100 40 0
32 wait 37 33 2100
32 wait 61 33 2300
32 irecv 64 3100 200 0
32 irecv 0 3300 200 0
32 send 64 3300 60 0
32 send 0 3100 60 0
32 wait 65 33 3100
32 wait 1 33 3300
32 allreduce 1 0 0 
32 allreduce 1 0 0 
32 irecv 33 1100 200 0
32 irecv 35 1300 200 0
32 send 33 1300 4 0
32 send 35 1100 4 0
32 wait 34 33 1100
32 wait 36 33 1300
32 irecv 36 2100 200 0
32 irecv 60 2300 200 0
32 send 36 2300 12 0
32 send 60 2100 12 0
32 wait 37 33 2100
32 wait 61 33 2300
32 irecv 64 3100 200 0
32 irecv 0 3300 200 0
32 send 64 3300 24 0
32 send 0 3100 24 0
32 wait 65 33 3100
32 wait 1 33 3300
32 irecv 33 1100 200 0
32 irecv 35 1300 200 0
32 send 33 1300 1 0
32 send 35 1100 1 0
32 wait 34 33 1100
32 wait 36 33 1300
32 irecv 36 2100 200 0
32 irecv 60 2300 200 0
32 send 36 2300 4 0
32 send 60 2100 4 0
32 wait 37 33 2100
32 wait 61 33 2300
32 irecv 64 3100 200 0
32 irecv 0 3300 200 0
32 send 64 3300 12 0
32 send 0 3100 12 0
32 wait 65 33 3100
32 wait 1 33 3300
32 irecv 33 1100 200 0
32 irecv 35 1300 200 0
32 wait 34 33 1100
32 wait 36 33 1300
32 irecv 96 3100 200 0
32 irecv 224 3300 200 0
32 wait 97 33 3100
32 wait 225 33 3300
32 irecv 36 2100 200 0
32 irecv 60 2300 200 0
32 wait 37 33 2100
32 wait 61 33 2300
32 send 64 3300 24 0
32 send 0 3100 12 0
32 irecv 33 1100 200 0
32 irecv 35 1300 200 0
32 send 33 1300 1 0
32 send 35 1100 1 0
32 wait 34 33 1100
32 wait 36 33 1300
32 irecv 36 2100 200 0
32 irecv 60 2300 200 0
32 send 36 2300 4 0
32 send 60 2100 4 0
32 wait 37 33 2100
32 wait 61 33 2300
32 irecv 64 3100 200 0
32 irecv 0 3300 200 0
32 send 64 3300 12 0
32 send 0 3100 12 0
32 wait 65 33 3100
32 wait 1 33 3300
32 irecv 33 1100 200 0
32 irecv 35 1300 200 0
32 send 33 1300 1 0
32 send 35 1100 1 0
32 wait 34 33 1100
32 wait 36 33 1300
32 irecv 36 2100 200 0
32 irecv 60 2300 200 0
32 send 36 2300 4 0
32 send 60 2100 4 0
32 wait 37 33 2100
32 wait 61 33 2300
32 irecv 64 3100 200 0
32 irecv 0 3300 200 0
32 send 64 3300 12 0
32 send 0 3100 12 0
32 wait 65 33 3100
32 wait 1 33 3300
32 irecv 33 1100 200 0
32 irecv 35 1300 200 0
32 send 33 1300 4 0
32 send 35 1100 4 0
32 wait 34 33 1100
32 wait 36 33 1300
32 irecv 36 2100 200 0
32 irecv 60 2300 200 0
32 send 36 2300 12 0
32 send 60 2100 12 0
32 wait 37 33 2100
32 wait 61 33 2300
32 irecv 64 3100 200 0
32 irecv 0 3300 200 0
32 send 64 3300 24 0
32 send 0 3100 24 0
32 wait 65 33 3100
32 wait 1 33 3300
32 irecv 33 1100 200 0
32 irecv 35 1300 200 0
32 send 33 1300 4 0
32 send 35 1100 4 0
32 wait 34 33 1100
32 wait 36 33 1300
32 irecv 36 2100 200 0
32 irecv 60 2300 200 0
32 send 36 2300 12 0
32 send 60 2100 12 0
32 wait 37 33 2100
32 wait 61 33 2300
32 irecv 64 3100 200 0
32 irecv 0 3300 200 0
32 send 64 3300 24 0
32 send 0 3100 24 0
32 wait 65 33 3100
32 wait 1 33 3300
32 irecv 33 1100 200 0
32 irecv 35 1300 200 0
32 send 33 1300 16 0
32 send 35 1100 16 0
32 wait 34 33 1100
32 wait 36 33 1300
32 irecv 36 2100 200 0
32 irecv 60 2300 200 0
32 send 36 2300 40 0
32 send 60 2100 40 0
32 wait 37 33 2100
32 wait 61 33 2300
32 irecv 64 3100 200 0
32 irecv 0 3300 200 0
32 send 64 3300 60 0
32 send 0 3100 60 0
32 wait 65 33 3100
32 wait 1 33 3300
32 irecv 33 1100 200 0
32 irecv 35 1300 200 0
32 send 33 1300 16 0
32 send 35 1100 16 0
32 wait 34 33 1100
32 wait 36 33 1300
32 irecv 36 2100 200 0
32 irecv 60 2300 200 0
32 send 36 2300 40 0
32 send 60 2100 40 0
32 wait 37 33 2100
32 wait 61 33 2300
32 irecv 64 3100 200 0
32 irecv 0 3300 200 0
32 send 64 3300 60 0
32 send 0 3100 60 0
32 wait 65 33 3100
32 wait 1 33 3300
32 irecv 33 1100 200 0
32 irecv 35 1300 200 0
32 send 33 1300 16 0
32 send 35 1100 16 0
32 wait 34 33 1100
32 wait 36 33 1300
32 irecv 36 2100 200 0
32 irecv 60 2300 200 0
32 send 36 2300 40 0
32 send 60 2100 40 0
32 wait 37 33 2100
32 wait 61 33 2300
32 irecv 64 3100 200 0
32 irecv 0 3300 200 0
32 send 64 3300 60 0
32 send 0 3100 60 0
32 wait 65 33 3100
32 wait 1 33 3300
32 barrier
32 allreduce 1 0 0 
32 allreduce 4 0 1 
32 allreduce 1 0 0 
32 allreduce 4 0 1 
32 allreduce 1 0 0 
32 allreduce 4 0 1 
32 allreduce 1 0 0 
32 allreduce 4 0 1 
32 allreduce 1 0 0 
32 allreduce 4 0 1 
32 allreduce 1 0 0 
32 allreduce 4 0 1 
32 allreduce 1 0 0 
32 allreduce 4 0 1 
32 allreduce 1 0 0 
32 allreduce 4 0 1 
32 allreduce 1 0 0 
32 allreduce 4 0 1 
32 allreduce 1 0 0 
32 allreduce 4 0 1 
32 allreduce 1 0 0 
32 allreduce 4 0 1 
32 allreduce 1 0 0 
32 allreduce 4 0 1 
32 allreduce 1 0 0 
32 allreduce 4 0 1 
32 allreduce 1 0 0 
32 allreduce 4 0 1 
32 allreduce 1 0 0 
32 allreduce 4 0 1 
32 allreduce 1 0 0 
32 allreduce 4 0 1 
32 allreduce 1 0 0 
32 allreduce 4 0 1 
32 allreduce 1 0 0 
32 allreduce 4 0 1 
32 allreduce 1 0 0 
32 allreduce 4 0 1 
32 allreduce 1 0 0 
32 allreduce 4 0 1 
32 barrier
32 irecv 33 1100 200 0
32 irecv 35 1300 200 0
32 send 33 1300 16 0
32 send 35 1100 16 0
32 wait 34 33 1100
32 wait 36 33 1300
32 irecv 36 2100 200 0
32 irecv 60 2300 200 0
32 send 36 2300 40 0
32 send 60 2100 40 0
32 wait 37 33 2100
32 wait 61 33 2300
32 irecv 64 3100 200 0
32 irecv 0 3300 200 0
32 send 64 3300 60 0
32 send 0 3100 60 0
32 wait 65 33 3100
32 wait 1 33 3300
32 barrier
32 irecv 33 1100 200 0
32 irecv 35 1300 200 0
32 send 33 1300 16 0
32 send 35 1100 16 0
32 wait 34 33 1100
32 wait 36 33 1300
32 irecv 36 2100 200 0
32 irecv 60 2300 200 0
32 send 36 2300 40 0
32 send 60 2100 40 0
32 wait 37 33 2100
32 wait 61 33 2300
32 irecv 64 3100 200 0
32 irecv 0 3300 200 0
32 send 64 3300 60 0
32 send 0 3100 60 0
32 wait 65 33 3100
32 wait 1 33 3300
32 allreduce 1 0 0 
32 allreduce 1 0 0 
32 irecv 33 1100 200 0
32 irecv 35 1300 200 0
32 send 33 1300 4 0
32 send 35 1100 4 0
32 wait 34 33 1100
32 wait 36 33 1300
32 irecv 36 2100 200 0
32 irecv 60 2300 200 0
32 send 36 2300 12 0
32 send 60 2100 12 0
32 wait 37 33 2100
32 wait 61 33 2300
32 irecv 64 3100 200 0
32 irecv 0 3300 200 0
32 send 64 3300 24 0
32 send 0 3100 24 0
32 wait 65 33 3100
32 wait 1 33 3300
32 irecv 33 1100 200 0
32 irecv 35 1300 200 0
32 send 33 1300 1 0
32 send 35 1100 1 0
32 wait 34 33 1100
32 wait 36 33 1300
32 irecv 36 2100 200 0
32 irecv 60 2300 200 0
32 send 36 2300 4 0
32 send 60 2100 4 0
32 wait 37 33 2100
32 wait 61 33 2300
32 irecv 64 3100 200 0
32 irecv 0 3300 200 0
32 send 64 3300 12 0
32 send 0 3100 12 0
32 wait 65 33 3100
32 wait 1 33 3300
32 irecv 33 1100 200 0
32 irecv 35 1300 200 0
32 wait 34 33 1100
32 wait 36 33 1300
32 irecv 96 3100 200 0
32 irecv 224 3300 200 0
32 wait 97 33 3100
32 wait 225 33 3300
32 irecv 36 2100 200 0
32 irecv 60 2300 200 0
32 wait 37 33 2100
32 wait 61 33 2300
32 send 64 3300 24 0
32 send 0 3100 12 0
32 irecv 33 1100 200 0
32 irecv 35 1300 200 0
32 send 33 1300 1 0
32 send 35 1100 1 0
32 wait 34 33 1100
32 wait 36 33 1300
32 irecv 36 2100 200 0
32 irecv 60 2300 200 0
32 send 36 2300 4 0
32 send 60 2100 4 0
32 wait 37 33 2100
32 wait 61 33 2300
32 irecv 64 3100 200 0
32 irecv 0 3300 200 0
32 send 64 3300 12 0
32 send 0 3100 12 0
32 wait 65 33 3100
32 wait 1 33 3300
32 irecv 33 1100 200 0
32 irecv 35 1300 200 0
32 send 33 1300 1 0
32 send 35 1100 1 0
32 wait 34 33 1100
32 wait 36 33 1300
32 irecv 36 2100 200 0
32 irecv 60 2300 200 0
32 send 36 2300 4 0
32 send 60 2100 4 0
32 wait 37 33 2100
32 wait 61 33 2300
32 irecv 64 3100 200 0
32 irecv 0 3300 200 0
32 send 64 3300 12 0
32 send 0 3100 12 0
32 wait 65 33 3100
32 wait 1 33 3300
32 irecv 33 1100 200 0
32 irecv 35 1300 200 0
32 send 33 1300 4 0
32 send 35 1100 4 0
32 wait 34 33 1100
32 wait 36 33 1300
32 irecv 36 2100 200 0
32 irecv 60 2300 200 0
32 send 36 2300 12 0
32 send 60 2100 12 0
32 wait 37 33 2100
32 wait 61 33 2300
32 irecv 64 3100 200 0
32 irecv 0 3300 200 0
32 send 64 3300 24 0
32 send 0 3100 24 0
32 wait 65 33 3100
32 wait 1 33 3300
32 irecv 33 1100 200 0
32 irecv 35 1300 200 0
32 send 33 1300 4 0
32 send 35 1100 4 0
32 wait 34 33 1100
32 wait 36 33 1300
32 irecv 36 2100 200 0
32 irecv 60 2300 200 0
32 send 36 2300 12 0
32 send 60 2100 12 0
32 wait 37 33 2100
32 wait 61 33 2300
32 irecv 64 3100 200 0
32 irecv 0 3300 200 0
32 send 64 3300 24 0
32 send 0 3100 24 0
32 wait 65 33 3100
32 wait 1 33 3300
32 irecv 33 1100 200 0
32 irecv 35 1300 200 0
32 send 33 1300 16 0
32 send 35 1100 16 0
32 wait 34 33 1100
32 wait 36 33 1300
32 irecv 36 2100 200 0
32 irecv 60 2300 200 0
32 send 36 2300 40 0
32 send 60 2100 40 0
32 wait 37 33 2100
32 wait 61 33 2300
32 irecv 64 3100 200 0
32 irecv 0 3300 200 0
32 send 64 3300 60 0
32 send 0 3100 60 0
32 wait 65 33 3100
32 wait 1 33 3300
32 irecv 33 1100 200 0
32 irecv 35 1300 200 0
32 send 33 1300 16 0
32 send 35 1100 16 0
32 wait 34 33 1100
32 wait 36 33 1300
32 irecv 36 2100 200 0
32 irecv 60 2300 200 0
32 send 36 2300 40 0
32 send 60 2100 40 0
32 wait 37 33 2100
32 wait 61 33 2300
32 irecv 64 3100 200 0
32 irecv 0 3300 200 0
32 send 64 3300 60 0
32 send 0 3100 60 0
32 wait 65 33 3100
32 wait 1 33 3300
32 irecv 33 1100 200 0
32 irecv 35 1300 200 0
32 send 33 1300 16 0
32 send 35 1100 16 0
32 wait 34 33 1100
32 wait 36 33 1300
32 irecv 36 2100 200 0
32 irecv 60 2300 200 0
32 send 36 2300 40 0
32 send 60 2100 40 0
32 wait 37 33 2100
32 wait 61 33 2300
32 irecv 64 3100 200 0
32 irecv 0 3300 200 0
32 send 64 3300 60 0
32 send 0 3100 60 0
32 wait 65 33 3100
32 wait 1 33 3300
32 irecv 33 1100 200 0
32 irecv 35 1300 200 0
32 send 33 1300 4 0
32 send 35 1100 4 0
32 wait 34 33 1100
32 wait 36 33 1300
32 irecv 36 2100 200 0
32 irecv 60 2300 200 0
32 send 36 2300 12 0
32 send 60 2100 12 0
32 wait 37 33 2100
32 wait 61 33 2300
32 irecv 64 3100 200 0
32 irecv 0 3300 200 0
32 send 64 3300 24 0
32 send 0 3100 24 0
32 wait 65 33 3100
32 wait 1 33 3300
32 irecv 33 1100 200 0
32 irecv 35 1300 200 0
32 send 33 1300 1 0
32 send 35 1100 1 0
32 wait 34 33 1100
32 wait 36 33 1300
32 irecv 36 2100 200 0
32 irecv 60 2300 200 0
32 send 36 2300 4 0
32 send 60 2100 4 0
32 wait 37 33 2100
32 wait 61 33 2300
32 irecv 64 3100 200 0
32 irecv 0 3300 200 0
32 send 64 3300 12 0
32 send 0 3100 12 0
32 wait 65 33 3100
32 wait 1 33 3300
32 irecv 33 1100 200 0
32 irecv 35 1300 200 0
32 wait 34 33 1100
32 wait 36 33 1300
32 irecv 96 3100 200 0
32 irecv 224 3300 200 0
32 wait 97 33 3100
32 wait 225 33 3300
32 irecv 36 2100 200 0
32 irecv 60 2300 200 0
32 wait 37 33 2100
32 wait 61 33 2300
32 send 64 3300 24 0
32 send 0 3100 12 0
32 irecv 33 1100 200 0
32 irecv 35 1300 200 0
32 send 33 1300 1 0
32 send 35 1100 1 0
32 wait 34 33 1100
32 wait 36 33 1300
32 irecv 36 2100 200 0
32 irecv 60 2300 200 0
32 send 36 2300 4 0
32 send 60 2100 4 0
32 wait 37 33 2100
32 wait 61 33 2300
32 irecv 64 3100 200 0
32 irecv 0 3300 200 0
32 send 64 3300 12 0
32 send 0 3100 12 0
32 wait 65 33 3100
32 wait 1 33 3300
32 irecv 33 1100 200 0
32 irecv 35 1300 200 0
32 send 33 1300 1 0
32 send 35 1100 1 0
32 wait 34 33 1100
32 wait 36 33 1300
32 irecv 36 2100 200 0
32 irecv 60 2300 200 0
32 send 36 2300 4 0
32 send 60 2100 4 0
32 wait 37 33 2100
32 wait 61 33 2300
32 irecv 64 3100 200 0
32 irecv 0 3300 200 0
32 send 64 3300 12 0
32 send 0 3100 12 0
32 wait 65 33 3100
32 wait 1 33 3300
32 irecv 33 1100 200 0
32 irecv 35 1300 200 0
32 send 33 1300 4 0
32 send 35 1100 4 0
32 wait 34 33 1100
32 wait 36 33 1300
32 irecv 36 2100 200 0
32 irecv 60 2300 200 0
32 send 36 2300 12 0
32 send 60 2100 12 0
32 wait 37 33 2100
32 wait 61 33 2300
32 irecv 64 3100 200 0
32 irecv 0 3300 200 0
32 send 64 3300 24 0
32 send 0 3100 24 0
32 wait 65 33 3100
32 wait 1 33 3300
32 irecv 33 1100 200 0
32 irecv 35 1300 200 0
32 send 33 1300 4 0
32 send 35 1100 4 0
32 wait 34 33 1100
32 wait 36 33 1300
32 irecv 36 2100 200 0
32 irecv 60 2300 200 0
32 send 36 2300 12 0
32 send 60 2100 12 0
32 wait 37 33 2100
32 wait 61 33 2300
32 irecv 64 3100 200 0
32 irecv 0 3300 200 0
32 send 64 3300 24 0
32 send 0 3100 24 0
32 wait 65 33 3100
32 wait 1 33 3300
32 irecv 33 1100 200 0
32 irecv 35 1300 200 0
32 send 33 1300 16 0
32 send 35 1100 16 0
32 wait 34 33 1100
32 wait 36 33 1300
32 irecv 36 2100 200 0
32 irecv 60 2300 200 0
32 send 36 2300 40 0
32 send 60 2100 40 0
32 wait 37 33 2100
32 wait 61 33 2300
32 irecv 64 3100 200 0
32 irecv 0 3300 200 0
32 send 64 3300 60 0
32 send 0 3100 60 0
32 wait 65 33 3100
32 wait 1 33 3300
32 irecv 33 1100 200 0
32 irecv 35 1300 200 0
32 send 33 1300 16 0
32 send 35 1100 16 0
32 wait 34 33 1100
32 wait 36 33 1300
32 irecv 36 2100 200 0
32 irecv 60 2300 200 0
32 send 36 2300 40 0
32 send 60 2100 40 0
32 wait 37 33 2100
32 wait 61 33 2300
32 irecv 64 3100 200 0
32 irecv 0 3300 200 0
32 send 64 3300 60 0
32 send 0 3100 60 0
32 wait 65 33 3100
32 wait 1 33 3300
32 irecv 33 1100 200 0
32 irecv 35 1300 200 0
32 send 33 1300 16 0
32 send 35 1100 16 0
32 wait 34 33 1100
32 wait 36 33 1300
32 irecv 36 2100 200 0
32 irecv 60 2300 200 0
32 send 36 2300 40 0
32 send 60 2100 40 0
32 wait 37 33 2100
32 wait 61 33 2300
32 irecv 64 3100 200 0
32 irecv 0 3300 200 0
32 send 64 3300 60 0
32 send 0 3100 60 0
32 wait 65 33 3100
32 wait 1 33 3300
32 irecv 33 1100 200 0
32 irecv 35 1300 200 0
32 send 33 1300 4 0
32 send 35 1100 4 0
32 wait 34 33 1100
32 wait 36 33 1300
32 irecv 36 2100 200 0
32 irecv 60 2300 200 0
32 send 36 2300 12 0
32 send 60 2100 12 0
32 wait 37 33 2100
32 wait 61 33 2300
32 irecv 64 3100 200 0
32 irecv 0 3300 200 0
32 send 64 3300 24 0
32 send 0 3100 24 0
32 wait 65 33 3100
32 wait 1 33 3300
32 irecv 33 1100 200 0
32 irecv 35 1300 200 0
32 send 33 1300 1 0
32 send 35 1100 1 0
32 wait 34 33 1100
32 wait 36 33 1300
32 irecv 36 2100 200 0
32 irecv 60 2300 200 0
32 send 36 2300 4 0
32 send 60 2100 4 0
32 wait 37 33 2100
32 wait 61 33 2300
32 irecv 64 3100 200 0
32 irecv 0 3300 200 0
32 send 64 3300 12 0
32 send 0 3100 12 0
32 wait 65 33 3100
32 wait 1 33 3300
32 irecv 33 1100 200 0
32 irecv 35 1300 200 0
32 wait 34 33 1100
32 wait 36 33 1300
32 irecv 96 3100 200 0
32 irecv 224 3300 200 0
32 wait 97 33 3100
32 wait 225 33 3300
32 irecv 36 2100 200 0
32 irecv 60 2300 200 0
32 wait 37 33 2100
32 wait 61 33 2300
32 send 64 3300 24 0
32 send 0 3100 12 0
32 irecv 33 1100 200 0
32 irecv 35 1300 200 0
32 send 33 1300 1 0
32 send 35 1100 1 0
32 wait 34 33 1100
32 wait 36 33 1300
32 irecv 36 2100 200 0
32 irecv 60 2300 200 0
32 send 36 2300 4 0
32 send 60 2100 4 0
32 wait 37 33 2100
32 wait 61 33 2300
32 irecv 64 3100 200 0
32 irecv 0 3300 200 0
32 send 64 3300 12 0
32 send 0 3100 12 0
32 wait 65 33 3100
32 wait 1 33 3300
32 irecv 33 1100 200 0
32 irecv 35 1300 200 0
32 send 33 1300 1 0
32 send 35 1100 1 0
32 wait 34 33 1100
32 wait 36 33 1300
32 irecv 36 2100 200 0
32 irecv 60 2300 200 0
32 send 36 2300 4 0
32 send 60 2100 4 0
32 wait 37 33 2100
32 wait 61 33 2300
32 irecv 64 3100 200 0
32 irecv 0 3300 200 0
32 send 64 3300 12 0
32 send 0 3100 12 0
32 wait 65 33 3100
32 wait 1 33 3300
32 irecv 33 1100 200 0
32 irecv 35 1300 200 0
32 send 33 1300 4 0
32 send 35 1100 4 0
32 wait 34 33 1100
32 wait 36 33 1300
32 irecv 36 2100 200 0
32 irecv 60 2300 200 0
32 send 36 2300 12 0
32 send 60 2100 12 0
32 wait 37 33 2100
32 wait 61 33 2300
32 irecv 64 3100 200 0
32 irecv 0 3300 200 0
32 send 64 3300 24 0
32 send 0 3100 24 0
32 wait 65 33 3100
32 wait 1 33 3300
32 irecv 33 1100 200 0
32 irecv 35 1300 200 0
32 send 33 1300 4 0
32 send 35 1100 4 0
32 wait 34 33 1100
32 wait 36 33 1300
32 irecv 36 2100 200 0
32 irecv 60 2300 200 0
32 send 36 2300 12 0
32 send 60 2100 12 0
32 wait 37 33 2100
32 wait 61 33 2300
32 irecv 64 3100 200 0
32 irecv 0 3300 200 0
32 send 64 3300 24 0
32 send 0 3100 24 0
32 wait 65 33 3100
32 wait 1 33 3300
32 irecv 33 1100 200 0
32 irecv 35 1300 200 0
32 send 33 1300 16 0
32 send 35 1100 16 0
32 wait 34 33 1100
32 wait 36 33 1300
32 irecv 36 2100 200 0
32 irecv 60 2300 200 0
32 send 36 2300 40 0
32 send 60 2100 40 0
32 wait 37 33 2100
32 wait 61 33 2300
32 irecv 64 3100 200 0
32 irecv 0 3300 200 0
32 send 64 3300 60 0
32 send 0 3100 60 0
32 wait 65 33 3100
32 wait 1 33 3300
32 irecv 33 1100 200 0
32 irecv 35 1300 200 0
32 send 33 1300 16 0
32 send 35 1100 16 0
32 wait 34 33 1100
32 wait 36 33 1300
32 irecv 36 2100 200 0
32 irecv 60 2300 200 0
32 send 36 2300 40 0
32 send 60 2100 40 0
32 wait 37 33 2100
32 wait 61 33 2300
32 irecv 64 3100 200 0
32 irecv 0 3300 200 0
32 send 64 3300 60 0
32 send 0 3100 60 0
32 wait 65 33 3100
32 wait 1 33 3300
32 irecv 33 1100 200 0
32 irecv 35 1300 200 0
32 send 33 1300 16 0
32 send 35 1100 16 0
32 wait 34 33 1100
32 wait 36 33 1300
32 irecv 36 2100 200 0
32 irecv 60 2300 200 0
32 send 36 2300 40 0
32 send 60 2100 40 0
32 wait 37 33 2100
32 wait 61 33 2300
32 irecv 64 3100 200 0
32 irecv 0 3300 200 0
32 send 64 3300 60 0
32 send 0 3100 60 0
32 wait 65 33 3100
32 wait 1 33 3300
32 irecv 33 1100 200 0
32 irecv 35 1300 200 0
32 send 33 1300 4 0
32 send 35 1100 4 0
32 wait 34 33 1100
32 wait 36 33 1300
32 irecv 36 2100 200 0
32 irecv 60 2300 200 0
32 send 36 2300 12 0
32 send 60 2100 12 0
32 wait 37 33 2100
32 wait 61 33 2300
32 irecv 64 3100 200 0
32 irecv 0 3300 200 0
32 send 64 3300 24 0
32 send 0 3100 24 0
32 wait 65 33 3100
32 wait 1 33 3300
32 irecv 33 1100 200 0
32 irecv 35 1300 200 0
32 send 33 1300 1 0
32 send 35 1100 1 0
32 wait 34 33 1100
32 wait 36 33 1300
32 irecv 36 2100 200 0
32 irecv 60 2300 200 0
32 send 36 2300 4 0
32 send 60 2100 4 0
32 wait 37 33 2100
32 wait 61 33 2300
32 irecv 64 3100 200 0
32 irecv 0 3300 200 0
32 send 64 3300 12 0
32 send 0 3100 12 0
32 wait 65 33 3100
32 wait 1 33 3300
32 irecv 33 1100 200 0
32 irecv 35 1300 200 0
32 wait 34 33 1100
32 wait 36 33 1300
32 irecv 96 3100 200 0
32 irecv 224 3300 200 0
32 wait 97 33 3100
32 wait 225 33 3300
32 irecv 36 2100 200 0
32 irecv 60 2300 200 0
32 wait 37 33 2100
32 wait 61 33 2300
32 send 64 3300 24 0
32 send 0 3100 12 0
32 irecv 33 1100 200 0
32 irecv 35 1300 200 0
32 send 33 1300 1 0
32 send 35 1100 1 0
32 wait 34 33 1100
32 wait 36 33 1300
32 irecv 36 2100 200 0
32 irecv 60 2300 200 0
32 send 36 2300 4 0
32 send 60 2100 4 0
32 wait 37 33 2100
32 wait 61 33 2300
32 irecv 64 3100 200 0
32 irecv 0 3300 200 0
32 send 64 3300 12 0
32 send 0 3100 12 0
32 wait 65 33 3100
32 wait 1 33 3300
32 irecv 33 1100 200 0
32 irecv 35 1300 200 0
32 send 33 1300 1 0
32 send 35 1100 1 0
32 wait 34 33 1100
32 wait 36 33 1300
32 irecv 36 2100 200 0
32 irecv 60 2300 200 0
32 send 36 2300 4 0
32 send 60 2100 4 0
32 wait 37 33 2100
32 wait 61 33 2300
32 irecv 64 3100 200 0
32 irecv 0 3300 200 0
32 send 64 3300 12 0
32 send 0 3100 12 0
32 wait 65 33 3100
32 wait 1 33 3300
32 irecv 33 1100 200 0
32 irecv 35 1300 200 0
32 send 33 1300 4 0
32 send 35 1100 4 0
32 wait 34 33 1100
32 wait 36 33 1300
32 irecv 36 2100 200 0
32 irecv 60 2300 200 0
32 send 36 2300 12 0
32 send 60 2100 12 0
32 wait 37 33 2100
32 wait 61 33 2300
32 irecv 64 3100 200 0
32 irecv 0 3300 200 0
32 send 64 3300 24 0
32 send 0 3100 24 0
32 wait 65 33 3100
32 wait 1 33 3300
32 irecv 33 1100 200 0
32 irecv 35 1300 200 0
32 send 33 1300 4 0
32 send 35 1100 4 0
32 wait 34 33 1100
32 wait 36 33 1300
32 irecv 36 2100 200 0
32 irecv 60 2300 200 0
32 send 36 2300 12 0
32 send 60 2100 12 0
32 wait 37 33 2100
32 wait 61 33 2300
32 irecv 64 3100 200 0
32 irecv 0 3300 200 0
32 send 64 3300 24 0
32 send 0 3100 24 0
32 wait 65 33 3100
32 wait 1 33 3300
32 irecv 33 1100 200 0
32 irecv 35 1300 200 0
32 send 33 1300 16 0
32 send 35 1100 16 0
32 wait 34 33 1100
32 wait 36 33 1300
32 irecv 36 2100 200 0
32 irecv 60 2300 200 0
32 send 36 2300 40 0
32 send 60 2100 40 0
32 wait 37 33 2100
32 wait 61 33 2300
32 irecv 64 3100 200 0
32 irecv 0 3300 200 0
32 send 64 3300 60 0
32 send 0 3100 60 0
32 wait 65 33 3100
32 wait 1 33 3300
32 irecv 33 1100 200 0
32 irecv 35 1300 200 0
32 send 33 1300 16 0
32 send 35 1100 16 0
32 wait 34 33 1100
32 wait 36 33 1300
32 irecv 36 2100 200 0
32 irecv 60 2300 200 0
32 send 36 2300 40 0
32 send 60 2100 40 0
32 wait 37 33 2100
32 wait 61 33 2300
32 irecv 64 3100 200 0
32 irecv 0 3300 200 0
32 send 64 3300 60 0
32 send 0 3100 60 0
32 wait 65 33 3100
32 wait 1 33 3300
32 irecv 33 1100 200 0
32 irecv 35 1300 200 0
32 send 33 1300 16 0
32 send 35 1100 16 0
32 wait 34 33 1100
32 wait 36 33 1300
32 irecv 36 2100 200 0
32 irecv 60 2300 200 0
32 send 36 2300 40 0
32 send 60 2100 40 0
32 wait 37 33 2100
32 wait 61 33 2300
32 irecv 64 3100 200 0
32 irecv 0 3300 200 0
32 send 64 3300 60 0
32 send 0 3100 60 0
32 wait 65 33 3100
32 wait 1 33 3300
32 allreduce 1 0 0 
32 allreduce 1 0 0 
32 reduce 1 0 0 0 
32 finalize
