34 init
34 barrier
34 bcast 1 0 1 
34 bcast 1 0 1 
34 bcast 1 0 1 
34 bcast 1 0 1 
34 bcast 1 0 1 
34 bcast 8 0 1 
34 bcast 1 0 16 
34 barrier
34 allreduce 1 0 0 
34 allreduce 4 0 1 
34 allreduce 1 0 0 
34 allreduce 4 0 1 
34 allreduce 1 0 0 
34 allreduce 4 0 1 
34 allreduce 1 0 0 
34 allreduce 4 0 1 
34 allreduce 1 0 0 
34 allreduce 4 0 1 
34 allreduce 1 0 0 
34 allreduce 4 0 1 
34 allreduce 1 0 0 
34 allreduce 4 0 1 
34 allreduce 1 0 0 
34 allreduce 4 0 1 
34 allreduce 1 0 0 
34 allreduce 4 0 1 
34 allreduce 1 0 0 
34 allreduce 4 0 1 
34 allreduce 1 0 0 
34 allreduce 4 0 1 
34 allreduce 1 0 0 
34 allreduce 4 0 1 
34 allreduce 1 0 0 
34 allreduce 4 0 1 
34 allreduce 1 0 0 
34 allreduce 4 0 1 
34 allreduce 1 0 0 
34 allreduce 4 0 1 
34 allreduce 1 0 0 
34 allreduce 4 0 1 
34 allreduce 1 0 0 
34 allreduce 4 0 1 
34 allreduce 1 0 0 
34 allreduce 4 0 1 
34 allreduce 1 0 0 
34 allreduce 4 0 1 
34 allreduce 1 0 0 
34 allreduce 4 0 1 
34 barrier
34 irecv 35 1100 200 0
34 irecv 33 1300 200 0
34 send 35 1300 16 0
34 send 33 1100 16 0
34 wait 36 35 1100
34 wait 34 35 1300
34 irecv 38 2100 200 0
34 irecv 62 2300 200 0
34 send 38 2300 40 0
34 send 62 2100 40 0
34 wait 39 35 2100
34 wait 63 35 2300
34 irecv 66 3100 200 0
34 irecv 2 3300 200 0
34 send 66 3300 60 0
34 send 2 3100 60 0
34 wait 67 35 3100
34 wait 3 35 3300
34 allreduce 1 0 0 
34 allreduce 1 0 0 
34 irecv 35 1100 200 0
34 irecv 33 1300 200 0
34 send 35 1300 16 0
34 send 33 1100 16 0
34 wait 36 35 1100
34 wait 34 35 1300
34 irecv 38 2100 200 0
34 irecv 62 2300 200 0
34 send 38 2300 40 0
34 send 62 2100 40 0
34 wait 39 35 2100
34 wait 63 35 2300
34 irecv 66 3100 200 0
34 irecv 2 3300 200 0
34 send 66 3300 60 0
34 send 2 3100 60 0
34 wait 67 35 3100
34 wait 3 35 3300
34 allreduce 1 0 0 
34 allreduce 1 0 0 
34 irecv 35 1100 200 0
34 irecv 33 1300 200 0
34 send 35 1300 4 0
34 send 33 1100 4 0
34 wait 36 35 1100
34 wait 34 35 1300
34 irecv 38 2100 200 0
34 irecv 62 2300 200 0
34 send 38 2300 12 0
34 send 62 2100 12 0
34 wait 39 35 2100
34 wait 63 35 2300
34 irecv 66 3100 200 0
34 irecv 2 3300 200 0
34 send 66 3300 24 0
34 send 2 3100 24 0
34 wait 67 35 3100
34 wait 3 35 3300
34 irecv 35 1100 200 0
34 irecv 33 1300 200 0
34 send 35 1300 1 0
34 send 33 1100 1 0
34 wait 36 35 1100
34 wait 34 35 1300
34 irecv 38 2100 200 0
34 irecv 62 2300 200 0
34 send 38 2300 4 0
34 send 62 2100 4 0
34 wait 39 35 2100
34 wait 63 35 2300
34 irecv 66 3100 200 0
34 irecv 2 3300 200 0
34 send 66 3300 12 0
34 send 2 3100 12 0
34 wait 67 35 3100
34 wait 3 35 3300
34 irecv 35 1100 200 0
34 irecv 33 1300 200 0
34 wait 36 35 1100
34 wait 34 35 1300
34 irecv 98 3100 200 0
34 irecv 226 3300 200 0
34 wait 99 35 3100
34 wait 227 35 3300
34 irecv 38 2100 200 0
34 irecv 62 2300 200 0
34 wait 39 35 2100
34 wait 63 35 2300
34 send 66 3300 24 0
34 send 2 3100 12 0
34 irecv 35 1100 200 0
34 irecv 33 1300 200 0
34 send 35 1300 1 0
34 send 33 1100 1 0
34 wait 36 35 1100
34 wait 34 35 1300
34 irecv 38 2100 200 0
34 irecv 62 2300 200 0
34 send 38 2300 4 0
34 send 62 2100 4 0
34 wait 39 35 2100
34 wait 63 35 2300
34 irecv 66 3100 200 0
34 irecv 2 3300 200 0
34 send 66 3300 12 0
34 send 2 3100 12 0
34 wait 67 35 3100
34 wait 3 35 3300
34 irecv 35 1100 200 0
34 irecv 33 1300 200 0
34 send 35 1300 1 0
34 send 33 1100 1 0
34 wait 36 35 1100
34 wait 34 35 1300
34 irecv 38 2100 200 0
34 irecv 62 2300 200 0
34 send 38 2300 4 0
34 send 62 2100 4 0
34 wait 39 35 2100
34 wait 63 35 2300
34 irecv 66 3100 200 0
34 irecv 2 3300 200 0
34 send 66 3300 12 0
34 send 2 3100 12 0
34 wait 67 35 3100
34 wait 3 35 3300
34 irecv 35 1100 200 0
34 irecv 33 1300 200 0
34 send 35 1300 4 0
34 send 33 1100 4 0
34 wait 36 35 1100
34 wait 34 35 1300
34 irecv 38 2100 200 0
34 irecv 62 2300 200 0
34 send 38 2300 12 0
34 send 62 2100 12 0
34 wait 39 35 2100
34 wait 63 35 2300
34 irecv 66 3100 200 0
34 irecv 2 3300 200 0
34 send 66 3300 24 0
34 send 2 3100 24 0
34 wait 67 35 3100
34 wait 3 35 3300
34 irecv 35 1100 200 0
34 irecv 33 1300 200 0
34 send 35 1300 4 0
34 send 33 1100 4 0
34 wait 36 35 1100
34 wait 34 35 1300
34 irecv 38 2100 200 0
34 irecv 62 2300 200 0
34 send 38 2300 12 0
34 send 62 2100 12 0
34 wait 39 35 2100
34 wait 63 35 2300
34 irecv 66 3100 200 0
34 irecv 2 3300 200 0
34 send 66 3300 24 0
34 send 2 3100 24 0
34 wait 67 35 3100
34 wait 3 35 3300
34 irecv 35 1100 200 0
34 irecv 33 1300 200 0
34 send 35 1300 16 0
34 send 33 1100 16 0
34 wait 36 35 1100
34 wait 34 35 1300
34 irecv 38 2100 200 0
34 irecv 62 2300 200 0
34 send 38 2300 40 0
34 send 62 2100 40 0
34 wait 39 35 2100
34 wait 63 35 2300
34 irecv 66 3100 200 0
34 irecv 2 3300 200 0
34 send 66 3300 60 0
34 send 2 3100 60 0
34 wait 67 35 3100
34 wait 3 35 3300
34 irecv 35 1100 200 0
34 irecv 33 1300 200 0
34 send 35 1300 16 0
34 send 33 1100 16 0
34 wait 36 35 1100
34 wait 34 35 1300
34 irecv 38 2100 200 0
34 irecv 62 2300 200 0
34 send 38 2300 40 0
34 send 62 2100 40 0
34 wait 39 35 2100
34 wait 63 35 2300
34 irecv 66 3100 200 0
34 irecv 2 3300 200 0
34 send 66 3300 60 0
34 send 2 3100 60 0
34 wait 67 35 3100
34 wait 3 35 3300
34 irecv 35 1100 200 0
34 irecv 33 1300 200 0
34 send 35 1300 16 0
34 send 33 1100 16 0
34 wait 36 35 1100
34 wait 34 35 1300
34 irecv 38 2100 200 0
34 irecv 62 2300 200 0
34 send 38 2300 40 0
34 send 62 2100 40 0
34 wait 39 35 2100
34 wait 63 35 2300
34 irecv 66 3100 200 0
34 irecv 2 3300 200 0
34 send 66 3300 60 0
34 send 2 3100 60 0
34 wait 67 35 3100
34 wait 3 35 3300
34 barrier
34 allreduce 1 0 0 
34 allreduce 4 0 1 
34 allreduce 1 0 0 
34 allreduce 4 0 1 
34 allreduce 1 0 0 
34 allreduce 4 0 1 
34 allreduce 1 0 0 
34 allreduce 4 0 1 
34 allreduce 1 0 0 
34 allreduce 4 0 1 
34 allreduce 1 0 0 
34 allreduce 4 0 1 
34 allreduce 1 0 0 
34 allreduce 4 0 1 
34 allreduce 1 0 0 
34 allreduce 4 0 1 
34 allreduce 1 0 0 
34 allreduce 4 0 1 
34 allreduce 1 0 0 
34 allreduce 4 0 1 
34 allreduce 1 0 0 
34 allreduce 4 0 1 
34 allreduce 1 0 0 
34 allreduce 4 0 1 
34 allreduce 1 0 0 
34 allreduce 4 0 1 
34 allreduce 1 0 0 
34 allreduce 4 0 1 
34 allreduce 1 0 0 
34 allreduce 4 0 1 
34 allreduce 1 0 0 
34 allreduce 4 0 1 
34 allreduce 1 0 0 
34 allreduce 4 0 1 
34 allreduce 1 0 0 
34 allreduce 4 0 1 
34 allreduce 1 0 0 
34 allreduce 4 0 1 
34 allreduce 1 0 0 
34 allreduce 4 0 1 
34 barrier
34 irecv 35 1100 200 0
34 irecv 33 1300 200 0
34 send 35 1300 16 0
34 send 33 1100 16 0
34 wait 36 35 1100
34 wait 34 35 1300
34 irecv 38 2100 200 0
34 irecv 62 2300 200 0
34 send 38 2300 40 0
34 send 62 2100 40 0
34 wait 39 35 2100
34 wait 63 35 2300
34 irecv 66 3100 200 0
34 irecv 2 3300 200 0
34 send 66 3300 60 0
34 send 2 3100 60 0
34 wait 67 35 3100
34 wait 3 35 3300
34 barrier
34 irecv 35 1100 200 0
34 irecv 33 1300 200 0
34 send 35 1300 16 0
34 send 33 1100 16 0
34 wait 36 35 1100
34 wait 34 35 1300
34 irecv 38 2100 200 0
34 irecv 62 2300 200 0
34 send 38 2300 40 0
34 send 62 2100 40 0
34 wait 39 35 2100
34 wait 63 35 2300
34 irecv 66 3100 200 0
34 irecv 2 3300 200 0
34 send 66 3300 60 0
34 send 2 3100 60 0
34 wait 67 35 3100
34 wait 3 35 3300
34 allreduce 1 0 0 
34 allreduce 1 0 0 
34 irecv 35 1100 200 0
34 irecv 33 1300 200 0
34 send 35 1300 4 0
34 send 33 1100 4 0
34 wait 36 35 1100
34 wait 34 35 1300
34 irecv 38 2100 200 0
34 irecv 62 2300 200 0
34 send 38 2300 12 0
34 send 62 2100 12 0
34 wait 39 35 2100
34 wait 63 35 2300
34 irecv 66 3100 200 0
34 irecv 2 3300 200 0
34 send 66 3300 24 0
34 send 2 3100 24 0
34 wait 67 35 3100
34 wait 3 35 3300
34 irecv 35 1100 200 0
34 irecv 33 1300 200 0
34 send 35 1300 1 0
34 send 33 1100 1 0
34 wait 36 35 1100
34 wait 34 35 1300
34 irecv 38 2100 200 0
34 irecv 62 2300 200 0
34 send 38 2300 4 0
34 send 62 2100 4 0
34 wait 39 35 2100
34 wait 63 35 2300
34 irecv 66 3100 200 0
34 irecv 2 3300 200 0
34 send 66 3300 12 0
34 send 2 3100 12 0
34 wait 67 35 3100
34 wait 3 35 3300
34 irecv 35 1100 200 0
34 irecv 33 1300 200 0
34 wait 36 35 1100
34 wait 34 35 1300
34 irecv 98 3100 200 0
34 irecv 226 3300 200 0
34 wait 99 35 3100
34 wait 227 35 3300
34 irecv 38 2100 200 0
34 irecv 62 2300 200 0
34 wait 39 35 2100
34 wait 63 35 2300
34 send 66 3300 24 0
34 send 2 3100 12 0
34 irecv 35 1100 200 0
34 irecv 33 1300 200 0
34 send 35 1300 1 0
34 send 33 1100 1 0
34 wait 36 35 1100
34 wait 34 35 1300
34 irecv 38 2100 200 0
34 irecv 62 2300 200 0
34 send 38 2300 4 0
34 send 62 2100 4 0
34 wait 39 35 2100
34 wait 63 35 2300
34 irecv 66 3100 200 0
34 irecv 2 3300 200 0
34 send 66 3300 12 0
34 send 2 3100 12 0
34 wait 67 35 3100
34 wait 3 35 3300
34 irecv 35 1100 200 0
34 irecv 33 1300 200 0
34 send 35 1300 1 0
34 send 33 1100 1 0
34 wait 36 35 1100
34 wait 34 35 1300
34 irecv 38 2100 200 0
34 irecv 62 2300 200 0
34 send 38 2300 4 0
34 send 62 2100 4 0
34 wait 39 35 2100
34 wait 63 35 2300
34 irecv 66 3100 200 0
34 irecv 2 3300 200 0
34 send 66 3300 12 0
34 send 2 3100 12 0
34 wait 67 35 3100
34 wait 3 35 3300
34 irecv 35 1100 200 0
34 irecv 33 1300 200 0
34 send 35 1300 4 0
34 send 33 1100 4 0
34 wait 36 35 1100
34 wait 34 35 1300
34 irecv 38 2100 200 0
34 irecv 62 2300 200 0
34 send 38 2300 12 0
34 send 62 2100 12 0
34 wait 39 35 2100
34 wait 63 35 2300
34 irecv 66 3100 200 0
34 irecv 2 3300 200 0
34 send 66 3300 24 0
34 send 2 3100 24 0
34 wait 67 35 3100
34 wait 3 35 3300
34 irecv 35 1100 200 0
34 irecv 33 1300 200 0
34 send 35 1300 4 0
34 send 33 1100 4 0
34 wait 36 35 1100
34 wait 34 35 1300
34 irecv 38 2100 200 0
34 irecv 62 2300 200 0
34 send 38 2300 12 0
34 send 62 2100 12 0
34 wait 39 35 2100
34 wait 63 35 2300
34 irecv 66 3100 200 0
34 irecv 2 3300 200 0
34 send 66 3300 24 0
34 send 2 3100 24 0
34 wait 67 35 3100
34 wait 3 35 3300
34 irecv 35 1100 200 0
34 irecv 33 1300 200 0
34 send 35 1300 16 0
34 send 33 1100 16 0
34 wait 36 35 1100
34 wait 34 35 1300
34 irecv 38 2100 200 0
34 irecv 62 2300 200 0
34 send 38 2300 40 0
34 send 62 2100 40 0
34 wait 39 35 2100
34 wait 63 35 2300
34 irecv 66 3100 200 0
34 irecv 2 3300 200 0
34 send 66 3300 60 0
34 send 2 3100 60 0
34 wait 67 35 3100
34 wait 3 35 3300
34 irecv 35 1100 200 0
34 irecv 33 1300 200 0
34 send 35 1300 16 0
34 send 33 1100 16 0
34 wait 36 35 1100
34 wait 34 35 1300
34 irecv 38 2100 200 0
34 irecv 62 2300 200 0
34 send 38 2300 40 0
34 send 62 2100 40 0
34 wait 39 35 2100
34 wait 63 35 2300
34 irecv 66 3100 200 0
34 irecv 2 3300 200 0
34 send 66 3300 60 0
34 send 2 3100 60 0
34 wait 67 35 3100
34 wait 3 35 3300
34 irecv 35 1100 200 0
34 irecv 33 1300 200 0
34 send 35 1300 16 0
34 send 33 1100 16 0
34 wait 36 35 1100
34 wait 34 35 1300
34 irecv 38 2100 200 0
34 irecv 62 2300 200 0
34 send 38 2300 40 0
34 send 62 2100 40 0
34 wait 39 35 2100
34 wait 63 35 2300
34 irecv 66 3100 200 0
34 irecv 2 3300 200 0
34 send 66 3300 60 0
34 send 2 3100 60 0
34 wait 67 35 3100
34 wait 3 35 3300
34 irecv 35 1100 200 0
34 irecv 33 1300 200 0
34 send 35 1300 4 0
34 send 33 1100 4 0
34 wait 36 35 1100
34 wait 34 35 1300
34 irecv 38 2100 200 0
34 irecv 62 2300 200 0
34 send 38 2300 12 0
34 send 62 2100 12 0
34 wait 39 35 2100
34 wait 63 35 2300
34 irecv 66 3100 200 0
34 irecv 2 3300 200 0
34 send 66 3300 24 0
34 send 2 3100 24 0
34 wait 67 35 3100
34 wait 3 35 3300
34 irecv 35 1100 200 0
34 irecv 33 1300 200 0
34 send 35 1300 1 0
34 send 33 1100 1 0
34 wait 36 35 1100
34 wait 34 35 1300
34 irecv 38 2100 200 0
34 irecv 62 2300 200 0
34 send 38 2300 4 0
34 send 62 2100 4 0
34 wait 39 35 2100
34 wait 63 35 2300
34 irecv 66 3100 200 0
34 irecv 2 3300 200 0
34 send 66 3300 12 0
34 send 2 3100 12 0
34 wait 67 35 3100
34 wait 3 35 3300
34 irecv 35 1100 200 0
34 irecv 33 1300 200 0
34 wait 36 35 1100
34 wait 34 35 1300
34 irecv 98 3100 200 0
34 irecv 226 3300 200 0
34 wait 99 35 3100
34 wait 227 35 3300
34 irecv 38 2100 200 0
34 irecv 62 2300 200 0
34 wait 39 35 2100
34 wait 63 35 2300
34 send 66 3300 24 0
34 send 2 3100 12 0
34 irecv 35 1100 200 0
34 irecv 33 1300 200 0
34 send 35 1300 1 0
34 send 33 1100 1 0
34 wait 36 35 1100
34 wait 34 35 1300
34 irecv 38 2100 200 0
34 irecv 62 2300 200 0
34 send 38 2300 4 0
34 send 62 2100 4 0
34 wait 39 35 2100
34 wait 63 35 2300
34 irecv 66 3100 200 0
34 irecv 2 3300 200 0
34 send 66 3300 12 0
34 send 2 3100 12 0
34 wait 67 35 3100
34 wait 3 35 3300
34 irecv 35 1100 200 0
34 irecv 33 1300 200 0
34 send 35 1300 1 0
34 send 33 1100 1 0
34 wait 36 35 1100
34 wait 34 35 1300
34 irecv 38 2100 200 0
34 irecv 62 2300 200 0
34 send 38 2300 4 0
34 send 62 2100 4 0
34 wait 39 35 2100
34 wait 63 35 2300
34 irecv 66 3100 200 0
34 irecv 2 3300 200 0
34 send 66 3300 12 0
34 send 2 3100 12 0
34 wait 67 35 3100
34 wait 3 35 3300
34 irecv 35 1100 200 0
34 irecv 33 1300 200 0
34 send 35 1300 4 0
34 send 33 1100 4 0
34 wait 36 35 1100
34 wait 34 35 1300
34 irecv 38 2100 200 0
34 irecv 62 2300 200 0
34 send 38 2300 12 0
34 send 62 2100 12 0
34 wait 39 35 2100
34 wait 63 35 2300
34 irecv 66 3100 200 0
34 irecv 2 3300 200 0
34 send 66 3300 24 0
34 send 2 3100 24 0
34 wait 67 35 3100
34 wait 3 35 3300
34 irecv 35 1100 200 0
34 irecv 33 1300 200 0
34 send 35 1300 4 0
34 send 33 1100 4 0
34 wait 36 35 1100
34 wait 34 35 1300
34 irecv 38 2100 200 0
34 irecv 62 2300 200 0
34 send 38 2300 12 0
34 send 62 2100 12 0
34 wait 39 35 2100
34 wait 63 35 2300
34 irecv 66 3100 200 0
34 irecv 2 3300 200 0
34 send 66 3300 24 0
34 send 2 3100 24 0
34 wait 67 35 3100
34 wait 3 35 3300
34 irecv 35 1100 200 0
34 irecv 33 1300 200 0
34 send 35 1300 16 0
34 send 33 1100 16 0
34 wait 36 35 1100
34 wait 34 35 1300
34 irecv 38 2100 200 0
34 irecv 62 2300 200 0
34 send 38 2300 40 0
34 send 62 2100 40 0
34 wait 39 35 2100
34 wait 63 35 2300
34 irecv 66 3100 200 0
34 irecv 2 3300 200 0
34 send 66 3300 60 0
34 send 2 3100 60 0
34 wait 67 35 3100
34 wait 3 35 3300
34 irecv 35 1100 200 0
34 irecv 33 1300 200 0
34 send 35 1300 16 0
34 send 33 1100 16 0
34 wait 36 35 1100
34 wait 34 35 1300
34 irecv 38 2100 200 0
34 irecv 62 2300 200 0
34 send 38 2300 40 0
34 send 62 2100 40 0
34 wait 39 35 2100
34 wait 63 35 2300
34 irecv 66 3100 200 0
34 irecv 2 3300 200 0
34 send 66 3300 60 0
34 send 2 3100 60 0
34 wait 67 35 3100
34 wait 3 35 3300
34 irecv 35 1100 200 0
34 irecv 33 1300 200 0
34 send 35 1300 16 0
34 send 33 1100 16 0
34 wait 36 35 1100
34 wait 34 35 1300
34 irecv 38 2100 200 0
34 irecv 62 2300 200 0
34 send 38 2300 40 0
34 send 62 2100 40 0
34 wait 39 35 2100
34 wait 63 35 2300
34 irecv 66 3100 200 0
34 irecv 2 3300 200 0
34 send 66 3300 60 0
34 send 2 3100 60 0
34 wait 67 35 3100
34 wait 3 35 3300
34 irecv 35 1100 200 0
34 irecv 33 1300 200 0
34 send 35 1300 4 0
34 send 33 1100 4 0
34 wait 36 35 1100
34 wait 34 35 1300
34 irecv 38 2100 200 0
34 irecv 62 2300 200 0
34 send 38 2300 12 0
34 send 62 2100 12 0
34 wait 39 35 2100
34 wait 63 35 2300
34 irecv 66 3100 200 0
34 irecv 2 3300 200 0
34 send 66 3300 24 0
34 send 2 3100 24 0
34 wait 67 35 3100
34 wait 3 35 3300
34 irecv 35 1100 200 0
34 irecv 33 1300 200 0
34 send 35 1300 1 0
34 send 33 1100 1 0
34 wait 36 35 1100
34 wait 34 35 1300
34 irecv 38 2100 200 0
34 irecv 62 2300 200 0
34 send 38 2300 4 0
34 send 62 2100 4 0
34 wait 39 35 2100
34 wait 63 35 2300
34 irecv 66 3100 200 0
34 irecv 2 3300 200 0
34 send 66 3300 12 0
34 send 2 3100 12 0
34 wait 67 35 3100
34 wait 3 35 3300
34 irecv 35 1100 200 0
34 irecv 33 1300 200 0
34 wait 36 35 1100
34 wait 34 35 1300
34 irecv 98 3100 200 0
34 irecv 226 3300 200 0
34 wait 99 35 3100
34 wait 227 35 3300
34 irecv 38 2100 200 0
34 irecv 62 2300 200 0
34 wait 39 35 2100
34 wait 63 35 2300
34 send 66 3300 24 0
34 send 2 3100 12 0
34 irecv 35 1100 200 0
34 irecv 33 1300 200 0
34 send 35 1300 1 0
34 send 33 1100 1 0
34 wait 36 35 1100
34 wait 34 35 1300
34 irecv 38 2100 200 0
34 irecv 62 2300 200 0
34 send 38 2300 4 0
34 send 62 2100 4 0
34 wait 39 35 2100
34 wait 63 35 2300
34 irecv 66 3100 200 0
34 irecv 2 3300 200 0
34 send 66 3300 12 0
34 send 2 3100 12 0
34 wait 67 35 3100
34 wait 3 35 3300
34 irecv 35 1100 200 0
34 irecv 33 1300 200 0
34 send 35 1300 1 0
34 send 33 1100 1 0
34 wait 36 35 1100
34 wait 34 35 1300
34 irecv 38 2100 200 0
34 irecv 62 2300 200 0
34 send 38 2300 4 0
34 send 62 2100 4 0
34 wait 39 35 2100
34 wait 63 35 2300
34 irecv 66 3100 200 0
34 irecv 2 3300 200 0
34 send 66 3300 12 0
34 send 2 3100 12 0
34 wait 67 35 3100
34 wait 3 35 3300
34 irecv 35 1100 200 0
34 irecv 33 1300 200 0
34 send 35 1300 4 0
34 send 33 1100 4 0
34 wait 36 35 1100
34 wait 34 35 1300
34 irecv 38 2100 200 0
34 irecv 62 2300 200 0
34 send 38 2300 12 0
34 send 62 2100 12 0
34 wait 39 35 2100
34 wait 63 35 2300
34 irecv 66 3100 200 0
34 irecv 2 3300 200 0
34 send 66 3300 24 0
34 send 2 3100 24 0
34 wait 67 35 3100
34 wait 3 35 3300
34 irecv 35 1100 200 0
34 irecv 33 1300 200 0
34 send 35 1300 4 0
34 send 33 1100 4 0
34 wait 36 35 1100
34 wait 34 35 1300
34 irecv 38 2100 200 0
34 irecv 62 2300 200 0
34 send 38 2300 12 0
34 send 62 2100 12 0
34 wait 39 35 2100
34 wait 63 35 2300
34 irecv 66 3100 200 0
34 irecv 2 3300 200 0
34 send 66 3300 24 0
34 send 2 3100 24 0
34 wait 67 35 3100
34 wait 3 35 3300
34 irecv 35 1100 200 0
34 irecv 33 1300 200 0
34 send 35 1300 16 0
34 send 33 1100 16 0
34 wait 36 35 1100
34 wait 34 35 1300
34 irecv 38 2100 200 0
34 irecv 62 2300 200 0
34 send 38 2300 40 0
34 send 62 2100 40 0
34 wait 39 35 2100
34 wait 63 35 2300
34 irecv 66 3100 200 0
34 irecv 2 3300 200 0
34 send 66 3300 60 0
34 send 2 3100 60 0
34 wait 67 35 3100
34 wait 3 35 3300
34 irecv 35 1100 200 0
34 irecv 33 1300 200 0
34 send 35 1300 16 0
34 send 33 1100 16 0
34 wait 36 35 1100
34 wait 34 35 1300
34 irecv 38 2100 200 0
34 irecv 62 2300 200 0
34 send 38 2300 40 0
34 send 62 2100 40 0
34 wait 39 35 2100
34 wait 63 35 2300
34 irecv 66 3100 200 0
34 irecv 2 3300 200 0
34 send 66 3300 60 0
34 send 2 3100 60 0
34 wait 67 35 3100
34 wait 3 35 3300
34 irecv 35 1100 200 0
34 irecv 33 1300 200 0
34 send 35 1300 16 0
34 send 33 1100 16 0
34 wait 36 35 1100
34 wait 34 35 1300
34 irecv 38 2100 200 0
34 irecv 62 2300 200 0
34 send 38 2300 40 0
34 send 62 2100 40 0
34 wait 39 35 2100
34 wait 63 35 2300
34 irecv 66 3100 200 0
34 irecv 2 3300 200 0
34 send 66 3300 60 0
34 send 2 3100 60 0
34 wait 67 35 3100
34 wait 3 35 3300
34 irecv 35 1100 200 0
34 irecv 33 1300 200 0
34 send 35 1300 4 0
34 send 33 1100 4 0
34 wait 36 35 1100
34 wait 34 35 1300
34 irecv 38 2100 200 0
34 irecv 62 2300 200 0
34 send 38 2300 12 0
34 send 62 2100 12 0
34 wait 39 35 2100
34 wait 63 35 2300
34 irecv 66 3100 200 0
34 irecv 2 3300 200 0
34 send 66 3300 24 0
34 send 2 3100 24 0
34 wait 67 35 3100
34 wait 3 35 3300
34 irecv 35 1100 200 0
34 irecv 33 1300 200 0
34 send 35 1300 1 0
34 send 33 1100 1 0
34 wait 36 35 1100
34 wait 34 35 1300
34 irecv 38 2100 200 0
34 irecv 62 2300 200 0
34 send 38 2300 4 0
34 send 62 2100 4 0
34 wait 39 35 2100
34 wait 63 35 2300
34 irecv 66 3100 200 0
34 irecv 2 3300 200 0
34 send 66 3300 12 0
34 send 2 3100 12 0
34 wait 67 35 3100
34 wait 3 35 3300
34 irecv 35 1100 200 0
34 irecv 33 1300 200 0
34 wait 36 35 1100
34 wait 34 35 1300
34 irecv 98 3100 200 0
34 irecv 226 3300 200 0
34 wait 99 35 3100
34 wait 227 35 3300
34 irecv 38 2100 200 0
34 irecv 62 2300 200 0
34 wait 39 35 2100
34 wait 63 35 2300
34 send 66 3300 24 0
34 send 2 3100 12 0
34 irecv 35 1100 200 0
34 irecv 33 1300 200 0
34 send 35 1300 1 0
34 send 33 1100 1 0
34 wait 36 35 1100
34 wait 34 35 1300
34 irecv 38 2100 200 0
34 irecv 62 2300 200 0
34 send 38 2300 4 0
34 send 62 2100 4 0
34 wait 39 35 2100
34 wait 63 35 2300
34 irecv 66 3100 200 0
34 irecv 2 3300 200 0
34 send 66 3300 12 0
34 send 2 3100 12 0
34 wait 67 35 3100
34 wait 3 35 3300
34 irecv 35 1100 200 0
34 irecv 33 1300 200 0
34 send 35 1300 1 0
34 send 33 1100 1 0
34 wait 36 35 1100
34 wait 34 35 1300
34 irecv 38 2100 200 0
34 irecv 62 2300 200 0
34 send 38 2300 4 0
34 send 62 2100 4 0
34 wait 39 35 2100
34 wait 63 35 2300
34 irecv 66 3100 200 0
34 irecv 2 3300 200 0
34 send 66 3300 12 0
34 send 2 3100 12 0
34 wait 67 35 3100
34 wait 3 35 3300
34 irecv 35 1100 200 0
34 irecv 33 1300 200 0
34 send 35 1300 4 0
34 send 33 1100 4 0
34 wait 36 35 1100
34 wait 34 35 1300
34 irecv 38 2100 200 0
34 irecv 62 2300 200 0
34 send 38 2300 12 0
34 send 62 2100 12 0
34 wait 39 35 2100
34 wait 63 35 2300
34 irecv 66 3100 200 0
34 irecv 2 3300 200 0
34 send 66 3300 24 0
34 send 2 3100 24 0
34 wait 67 35 3100
34 wait 3 35 3300
34 irecv 35 1100 200 0
34 irecv 33 1300 200 0
34 send 35 1300 4 0
34 send 33 1100 4 0
34 wait 36 35 1100
34 wait 34 35 1300
34 irecv 38 2100 200 0
34 irecv 62 2300 200 0
34 send 38 2300 12 0
34 send 62 2100 12 0
34 wait 39 35 2100
34 wait 63 35 2300
34 irecv 66 3100 200 0
34 irecv 2 3300 200 0
34 send 66 3300 24 0
34 send 2 3100 24 0
34 wait 67 35 3100
34 wait 3 35 3300
34 irecv 35 1100 200 0
34 irecv 33 1300 200 0
34 send 35 1300 16 0
34 send 33 1100 16 0
34 wait 36 35 1100
34 wait 34 35 1300
34 irecv 38 2100 200 0
34 irecv 62 2300 200 0
34 send 38 2300 40 0
34 send 62 2100 40 0
34 wait 39 35 2100
34 wait 63 35 2300
34 irecv 66 3100 200 0
34 irecv 2 3300 200 0
34 send 66 3300 60 0
34 send 2 3100 60 0
34 wait 67 35 3100
34 wait 3 35 3300
34 irecv 35 1100 200 0
34 irecv 33 1300 200 0
34 send 35 1300 16 0
34 send 33 1100 16 0
34 wait 36 35 1100
34 wait 34 35 1300
34 irecv 38 2100 200 0
34 irecv 62 2300 200 0
34 send 38 2300 40 0
34 send 62 2100 40 0
34 wait 39 35 2100
34 wait 63 35 2300
34 irecv 66 3100 200 0
34 irecv 2 3300 200 0
34 send 66 3300 60 0
34 send 2 3100 60 0
34 wait 67 35 3100
34 wait 3 35 3300
34 irecv 35 1100 200 0
34 irecv 33 1300 200 0
34 send 35 1300 16 0
34 send 33 1100 16 0
34 wait 36 35 1100
34 wait 34 35 1300
34 irecv 38 2100 200 0
34 irecv 62 2300 200 0
34 send 38 2300 40 0
34 send 62 2100 40 0
34 wait 39 35 2100
34 wait 63 35 2300
34 irecv 66 3100 200 0
34 irecv 2 3300 200 0
34 send 66 3300 60 0
34 send 2 3100 60 0
34 wait 67 35 3100
34 wait 3 35 3300
34 allreduce 1 0 0 
34 allreduce 1 0 0 
34 reduce 1 0 0 0 
34 finalize
