116 init
116 barrier
116 bcast 1 0 1 
116 bcast 1 0 1 
116 bcast 1 0 1 
116 bcast 1 0 1 
116 bcast 1 0 1 
116 bcast 8 0 1 
116 bcast 1 0 16 
116 barrier
116 allreduce 1 0 0 
116 allreduce 4 0 1 
116 allreduce 1 0 0 
116 allreduce 4 0 1 
116 allreduce 1 0 0 
116 allreduce 4 0 1 
116 allreduce 1 0 0 
116 allreduce 4 0 1 
116 allreduce 1 0 0 
116 allreduce 4 0 1 
116 allreduce 1 0 0 
116 allreduce 4 0 1 
116 allreduce 1 0 0 
116 allreduce 4 0 1 
116 allreduce 1 0 0 
116 allreduce 4 0 1 
116 allreduce 1 0 0 
116 allreduce 4 0 1 
116 allreduce 1 0 0 
116 allreduce 4 0 1 
116 allreduce 1 0 0 
116 allreduce 4 0 1 
116 allreduce 1 0 0 
116 allreduce 4 0 1 
116 allreduce 1 0 0 
116 allreduce 4 0 1 
116 allreduce 1 0 0 
116 allreduce 4 0 1 
116 allreduce 1 0 0 
116 allreduce 4 0 1 
116 allreduce 1 0 0 
116 allreduce 4 0 1 
116 allreduce 1 0 0 
116 allreduce 4 0 1 
116 allreduce 1 0 0 
116 allreduce 4 0 1 
116 allreduce 1 0 0 
116 allreduce 4 0 1 
116 allreduce 1 0 0 
116 allreduce 4 0 1 
116 barrier
116 irecv 117 1100 200 0
116 irecv 119 1300 200 0
116 send 117 1300 16 0
116 send 119 1100 16 0
116 wait 118 117 1100
116 wait 120 117 1300
116 irecv 120 2100 200 0
116 irecv 112 2300 200 0
116 send 120 2300 40 0
116 send 112 2100 40 0
116 wait 121 117 2100
116 wait 113 117 2300
116 irecv 148 3100 200 0
116 irecv 84 3300 200 0
116 send 148 3300 60 0
116 send 84 3100 60 0
116 wait 149 117 3100
116 wait 85 117 3300
116 allreduce 1 0 0 
116 allreduce 1 0 0 
116 irecv 117 1100 200 0
116 irecv 119 1300 200 0
116 send 117 1300 16 0
116 send 119 1100 16 0
116 wait 118 117 1100
116 wait 120 117 1300
116 irecv 120 2100 200 0
116 irecv 112 2300 200 0
116 send 120 2300 40 0
116 send 112 2100 40 0
116 wait 121 117 2100
116 wait 113 117 2300
116 irecv 148 3100 200 0
116 irecv 84 3300 200 0
116 send 148 3300 60 0
116 send 84 3100 60 0
116 wait 149 117 3100
116 wait 85 117 3300
116 allreduce 1 0 0 
116 allreduce 1 0 0 
116 irecv 117 1100 200 0
116 irecv 119 1300 200 0
116 send 117 1300 4 0
116 send 119 1100 4 0
116 wait 118 117 1100
116 wait 120 117 1300
116 irecv 120 2100 200 0
116 irecv 112 2300 200 0
116 send 120 2300 12 0
116 send 112 2100 12 0
116 wait 121 117 2100
116 wait 113 117 2300
116 irecv 148 3100 200 0
116 irecv 84 3300 200 0
116 send 148 3300 24 0
116 send 84 3100 24 0
116 wait 149 117 3100
116 wait 85 117 3300
116 irecv 117 1100 200 0
116 irecv 119 1300 200 0
116 send 117 1300 1 0
116 send 119 1100 1 0
116 wait 118 117 1100
116 wait 120 117 1300
116 irecv 120 2100 200 0
116 irecv 112 2300 200 0
116 send 120 2300 4 0
116 send 112 2100 4 0
116 wait 121 117 2100
116 wait 113 117 2300
116 irecv 148 3100 200 0
116 irecv 84 3300 200 0
116 send 148 3300 12 0
116 send 84 3100 12 0
116 wait 149 117 3100
116 wait 85 117 3300
116 irecv 117 1100 200 0
116 irecv 119 1300 200 0
116 send 117 1300 1 0
116 send 119 1100 1 0
116 wait 118 117 1100
116 wait 120 117 1300
116 irecv 124 2100 200 0
116 irecv 108 2300 200 0
116 send 124 2300 3 0
116 send 108 2100 3 0
116 wait 125 117 2100
116 wait 109 117 2300
116 irecv 180 3100 200 0
116 irecv 52 3300 200 0
116 send 180 3300 9 0
116 send 52 3100 9 0
116 wait 181 117 3100
116 wait 53 117 3300
116 irecv 117 1100 200 0
116 irecv 119 1300 200 0
116 wait 118 117 1100
116 wait 120 117 1300
116 irecv 124 2100 200 0
116 irecv 108 2300 200 0
116 wait 125 117 2100
116 wait 109 117 2300
116 send 180 3300 18 0
116 send 52 3100 9 0
116 irecv 117 1100 200 0
116 irecv 119 1300 200 0
116 send 117 1300 1 0
116 send 119 1100 1 0
116 wait 118 117 1100
116 wait 120 117 1300
116 irecv 124 2100 200 0
116 irecv 108 2300 200 0
116 send 124 2300 3 0
116 send 108 2100 3 0
116 wait 125 117 2100
116 wait 109 117 2300
116 irecv 180 3100 200 0
116 irecv 52 3300 200 0
116 send 180 3300 9 0
116 send 52 3100 9 0
116 wait 181 117 3100
116 wait 53 117 3300
116 irecv 117 1100 200 0
116 irecv 119 1300 200 0
116 send 117 1300 1 0
116 send 119 1100 1 0
116 wait 118 117 1100
116 wait 120 117 1300
116 irecv 124 2100 200 0
116 irecv 108 2300 200 0
116 send 124 2300 3 0
116 send 108 2100 3 0
116 wait 125 117 2100
116 wait 109 117 2300
116 irecv 180 3100 200 0
116 irecv 52 3300 200 0
116 send 180 3300 9 0
116 send 52 3100 9 0
116 wait 181 117 3100
116 wait 53 117 3300
116 send 120 2300 24 0
116 send 112 2100 12 0
116 send 148 3300 24 0
116 send 84 3100 12 0
116 irecv 117 1100 200 0
116 irecv 119 1300 200 0
116 send 117 1300 1 0
116 send 119 1100 1 0
116 wait 118 117 1100
116 wait 120 117 1300
116 irecv 120 2100 200 0
116 irecv 112 2300 200 0
116 send 120 2300 4 0
116 send 112 2100 4 0
116 wait 121 117 2100
116 wait 113 117 2300
116 irecv 148 3100 200 0
116 irecv 84 3300 200 0
116 send 148 3300 12 0
116 send 84 3100 12 0
116 wait 149 117 3100
116 wait 85 117 3300
116 irecv 117 1100 200 0
116 irecv 119 1300 200 0
116 send 117 1300 1 0
116 send 119 1100 1 0
116 wait 118 117 1100
116 wait 120 117 1300
116 irecv 120 2100 200 0
116 irecv 112 2300 200 0
116 send 120 2300 4 0
116 send 112 2100 4 0
116 wait 121 117 2100
116 wait 113 117 2300
116 irecv 148 3100 200 0
116 irecv 84 3300 200 0
116 send 148 3300 12 0
116 send 84 3100 12 0
116 wait 149 117 3100
116 wait 85 117 3300
116 irecv 117 1100 200 0
116 irecv 119 1300 200 0
116 send 117 1300 4 0
116 send 119 1100 4 0
116 wait 118 117 1100
116 wait 120 117 1300
116 irecv 120 2100 200 0
116 irecv 112 2300 200 0
116 send 120 2300 12 0
116 send 112 2100 12 0
116 wait 121 117 2100
116 wait 113 117 2300
116 irecv 148 3100 200 0
116 irecv 84 3300 200 0
116 send 148 3300 24 0
116 send 84 3100 24 0
116 wait 149 117 3100
116 wait 85 117 3300
116 irecv 117 1100 200 0
116 irecv 119 1300 200 0
116 send 117 1300 4 0
116 send 119 1100 4 0
116 wait 118 117 1100
116 wait 120 117 1300
116 irecv 120 2100 200 0
116 irecv 112 2300 200 0
116 send 120 2300 12 0
116 send 112 2100 12 0
116 wait 121 117 2100
116 wait 113 117 2300
116 irecv 148 3100 200 0
116 irecv 84 3300 200 0
116 send 148 3300 24 0
116 send 84 3100 24 0
116 wait 149 117 3100
116 wait 85 117 3300
116 irecv 117 1100 200 0
116 irecv 119 1300 200 0
116 send 117 1300 16 0
116 send 119 1100 16 0
116 wait 118 117 1100
116 wait 120 117 1300
116 irecv 120 2100 200 0
116 irecv 112 2300 200 0
116 send 120 2300 40 0
116 send 112 2100 40 0
116 wait 121 117 2100
116 wait 113 117 2300
116 irecv 148 3100 200 0
116 irecv 84 3300 200 0
116 send 148 3300 60 0
116 send 84 3100 60 0
116 wait 149 117 3100
116 wait 85 117 3300
116 irecv 117 1100 200 0
116 irecv 119 1300 200 0
116 send 117 1300 16 0
116 send 119 1100 16 0
116 wait 118 117 1100
116 wait 120 117 1300
116 irecv 120 2100 200 0
116 irecv 112 2300 200 0
116 send 120 2300 40 0
116 send 112 2100 40 0
116 wait 121 117 2100
116 wait 113 117 2300
116 irecv 148 3100 200 0
116 irecv 84 3300 200 0
116 send 148 3300 60 0
116 send 84 3100 60 0
116 wait 149 117 3100
116 wait 85 117 3300
116 irecv 117 1100 200 0
116 irecv 119 1300 200 0
116 send 117 1300 16 0
116 send 119 1100 16 0
116 wait 118 117 1100
116 wait 120 117 1300
116 irecv 120 2100 200 0
116 irecv 112 2300 200 0
116 send 120 2300 40 0
116 send 112 2100 40 0
116 wait 121 117 2100
116 wait 113 117 2300
116 irecv 148 3100 200 0
116 irecv 84 3300 200 0
116 send 148 3300 60 0
116 send 84 3100 60 0
116 wait 149 117 3100
116 wait 85 117 3300
116 barrier
116 allreduce 1 0 0 
116 allreduce 4 0 1 
116 allreduce 1 0 0 
116 allreduce 4 0 1 
116 allreduce 1 0 0 
116 allreduce 4 0 1 
116 allreduce 1 0 0 
116 allreduce 4 0 1 
116 allreduce 1 0 0 
116 allreduce 4 0 1 
116 allreduce 1 0 0 
116 allreduce 4 0 1 
116 allreduce 1 0 0 
116 allreduce 4 0 1 
116 allreduce 1 0 0 
116 allreduce 4 0 1 
116 allreduce 1 0 0 
116 allreduce 4 0 1 
116 allreduce 1 0 0 
116 allreduce 4 0 1 
116 allreduce 1 0 0 
116 allreduce 4 0 1 
116 allreduce 1 0 0 
116 allreduce 4 0 1 
116 allreduce 1 0 0 
116 allreduce 4 0 1 
116 allreduce 1 0 0 
116 allreduce 4 0 1 
116 allreduce 1 0 0 
116 allreduce 4 0 1 
116 allreduce 1 0 0 
116 allreduce 4 0 1 
116 allreduce 1 0 0 
116 allreduce 4 0 1 
116 allreduce 1 0 0 
116 allreduce 4 0 1 
116 allreduce 1 0 0 
116 allreduce 4 0 1 
116 allreduce 1 0 0 
116 allreduce 4 0 1 
116 barrier
116 irecv 117 1100 200 0
116 irecv 119 1300 200 0
116 send 117 1300 16 0
116 send 119 1100 16 0
116 wait 118 117 1100
116 wait 120 117 1300
116 irecv 120 2100 200 0
116 irecv 112 2300 200 0
116 send 120 2300 40 0
116 send 112 2100 40 0
116 wait 121 117 2100
116 wait 113 117 2300
116 irecv 148 3100 200 0
116 irecv 84 3300 200 0
116 send 148 3300 60 0
116 send 84 3100 60 0
116 wait 149 117 3100
116 wait 85 117 3300
116 barrier
116 irecv 117 1100 200 0
116 irecv 119 1300 200 0
116 send 117 1300 16 0
116 send 119 1100 16 0
116 wait 118 117 1100
116 wait 120 117 1300
116 irecv 120 2100 200 0
116 irecv 112 2300 200 0
116 send 120 2300 40 0
116 send 112 2100 40 0
116 wait 121 117 2100
116 wait 113 117 2300
116 irecv 148 3100 200 0
116 irecv 84 3300 200 0
116 send 148 3300 60 0
116 send 84 3100 60 0
116 wait 149 117 3100
116 wait 85 117 3300
116 allreduce 1 0 0 
116 allreduce 1 0 0 
116 irecv 117 1100 200 0
116 irecv 119 1300 200 0
116 send 117 1300 4 0
116 send 119 1100 4 0
116 wait 118 117 1100
116 wait 120 117 1300
116 irecv 120 2100 200 0
116 irecv 112 2300 200 0
116 send 120 2300 12 0
116 send 112 2100 12 0
116 wait 121 117 2100
116 wait 113 117 2300
116 irecv 148 3100 200 0
116 irecv 84 3300 200 0
116 send 148 3300 24 0
116 send 84 3100 24 0
116 wait 149 117 3100
116 wait 85 117 3300
116 irecv 117 1100 200 0
116 irecv 119 1300 200 0
116 send 117 1300 1 0
116 send 119 1100 1 0
116 wait 118 117 1100
116 wait 120 117 1300
116 irecv 120 2100 200 0
116 irecv 112 2300 200 0
116 send 120 2300 4 0
116 send 112 2100 4 0
116 wait 121 117 2100
116 wait 113 117 2300
116 irecv 148 3100 200 0
116 irecv 84 3300 200 0
116 send 148 3300 12 0
116 send 84 3100 12 0
116 wait 149 117 3100
116 wait 85 117 3300
116 irecv 117 1100 200 0
116 irecv 119 1300 200 0
116 send 117 1300 1 0
116 send 119 1100 1 0
116 wait 118 117 1100
116 wait 120 117 1300
116 irecv 124 2100 200 0
116 irecv 108 2300 200 0
116 send 124 2300 3 0
116 send 108 2100 3 0
116 wait 125 117 2100
116 wait 109 117 2300
116 irecv 180 3100 200 0
116 irecv 52 3300 200 0
116 send 180 3300 9 0
116 send 52 3100 9 0
116 wait 181 117 3100
116 wait 53 117 3300
116 irecv 117 1100 200 0
116 irecv 119 1300 200 0
116 wait 118 117 1100
116 wait 120 117 1300
116 irecv 124 2100 200 0
116 irecv 108 2300 200 0
116 wait 125 117 2100
116 wait 109 117 2300
116 send 180 3300 18 0
116 send 52 3100 9 0
116 irecv 117 1100 200 0
116 irecv 119 1300 200 0
116 send 117 1300 1 0
116 send 119 1100 1 0
116 wait 118 117 1100
116 wait 120 117 1300
116 irecv 124 2100 200 0
116 irecv 108 2300 200 0
116 send 124 2300 3 0
116 send 108 2100 3 0
116 wait 125 117 2100
116 wait 109 117 2300
116 irecv 180 3100 200 0
116 irecv 52 3300 200 0
116 send 180 3300 9 0
116 send 52 3100 9 0
116 wait 181 117 3100
116 wait 53 117 3300
116 irecv 117 1100 200 0
116 irecv 119 1300 200 0
116 send 117 1300 1 0
116 send 119 1100 1 0
116 wait 118 117 1100
116 wait 120 117 1300
116 irecv 124 2100 200 0
116 irecv 108 2300 200 0
116 send 124 2300 3 0
116 send 108 2100 3 0
116 wait 125 117 2100
116 wait 109 117 2300
116 irecv 180 3100 200 0
116 irecv 52 3300 200 0
116 send 180 3300 9 0
116 send 52 3100 9 0
116 wait 181 117 3100
116 wait 53 117 3300
116 send 120 2300 24 0
116 send 112 2100 12 0
116 send 148 3300 24 0
116 send 84 3100 12 0
116 irecv 117 1100 200 0
116 irecv 119 1300 200 0
116 send 117 1300 1 0
116 send 119 1100 1 0
116 wait 118 117 1100
116 wait 120 117 1300
116 irecv 120 2100 200 0
116 irecv 112 2300 200 0
116 send 120 2300 4 0
116 send 112 2100 4 0
116 wait 121 117 2100
116 wait 113 117 2300
116 irecv 148 3100 200 0
116 irecv 84 3300 200 0
116 send 148 3300 12 0
116 send 84 3100 12 0
116 wait 149 117 3100
116 wait 85 117 3300
116 irecv 117 1100 200 0
116 irecv 119 1300 200 0
116 send 117 1300 1 0
116 send 119 1100 1 0
116 wait 118 117 1100
116 wait 120 117 1300
116 irecv 120 2100 200 0
116 irecv 112 2300 200 0
116 send 120 2300 4 0
116 send 112 2100 4 0
116 wait 121 117 2100
116 wait 113 117 2300
116 irecv 148 3100 200 0
116 irecv 84 3300 200 0
116 send 148 3300 12 0
116 send 84 3100 12 0
116 wait 149 117 3100
116 wait 85 117 3300
116 irecv 117 1100 200 0
116 irecv 119 1300 200 0
116 send 117 1300 4 0
116 send 119 1100 4 0
116 wait 118 117 1100
116 wait 120 117 1300
116 irecv 120 2100 200 0
116 irecv 112 2300 200 0
116 send 120 2300 12 0
116 send 112 2100 12 0
116 wait 121 117 2100
116 wait 113 117 2300
116 irecv 148 3100 200 0
116 irecv 84 3300 200 0
116 send 148 3300 24 0
116 send 84 3100 24 0
116 wait 149 117 3100
116 wait 85 117 3300
116 irecv 117 1100 200 0
116 irecv 119 1300 200 0
116 send 117 1300 4 0
116 send 119 1100 4 0
116 wait 118 117 1100
116 wait 120 117 1300
116 irecv 120 2100 200 0
116 irecv 112 2300 200 0
116 send 120 2300 12 0
116 send 112 2100 12 0
116 wait 121 117 2100
116 wait 113 117 2300
116 irecv 148 3100 200 0
116 irecv 84 3300 200 0
116 send 148 3300 24 0
116 send 84 3100 24 0
116 wait 149 117 3100
116 wait 85 117 3300
116 irecv 117 1100 200 0
116 irecv 119 1300 200 0
116 send 117 1300 16 0
116 send 119 1100 16 0
116 wait 118 117 1100
116 wait 120 117 1300
116 irecv 120 2100 200 0
116 irecv 112 2300 200 0
116 send 120 2300 40 0
116 send 112 2100 40 0
116 wait 121 117 2100
116 wait 113 117 2300
116 irecv 148 3100 200 0
116 irecv 84 3300 200 0
116 send 148 3300 60 0
116 send 84 3100 60 0
116 wait 149 117 3100
116 wait 85 117 3300
116 irecv 117 1100 200 0
116 irecv 119 1300 200 0
116 send 117 1300 16 0
116 send 119 1100 16 0
116 wait 118 117 1100
116 wait 120 117 1300
116 irecv 120 2100 200 0
116 irecv 112 2300 200 0
116 send 120 2300 40 0
116 send 112 2100 40 0
116 wait 121 117 2100
116 wait 113 117 2300
116 irecv 148 3100 200 0
116 irecv 84 3300 200 0
116 send 148 3300 60 0
116 send 84 3100 60 0
116 wait 149 117 3100
116 wait 85 117 3300
116 irecv 117 1100 200 0
116 irecv 119 1300 200 0
116 send 117 1300 16 0
116 send 119 1100 16 0
116 wait 118 117 1100
116 wait 120 117 1300
116 irecv 120 2100 200 0
116 irecv 112 2300 200 0
116 send 120 2300 40 0
116 send 112 2100 40 0
116 wait 121 117 2100
116 wait 113 117 2300
116 irecv 148 3100 200 0
116 irecv 84 3300 200 0
116 send 148 3300 60 0
116 send 84 3100 60 0
116 wait 149 117 3100
116 wait 85 117 3300
116 irecv 117 1100 200 0
116 irecv 119 1300 200 0
116 send 117 1300 4 0
116 send 119 1100 4 0
116 wait 118 117 1100
116 wait 120 117 1300
116 irecv 120 2100 200 0
116 irecv 112 2300 200 0
116 send 120 2300 12 0
116 send 112 2100 12 0
116 wait 121 117 2100
116 wait 113 117 2300
116 irecv 148 3100 200 0
116 irecv 84 3300 200 0
116 send 148 3300 24 0
116 send 84 3100 24 0
116 wait 149 117 3100
116 wait 85 117 3300
116 irecv 117 1100 200 0
116 irecv 119 1300 200 0
116 send 117 1300 1 0
116 send 119 1100 1 0
116 wait 118 117 1100
116 wait 120 117 1300
116 irecv 120 2100 200 0
116 irecv 112 2300 200 0
116 send 120 2300 4 0
116 send 112 2100 4 0
116 wait 121 117 2100
116 wait 113 117 2300
116 irecv 148 3100 200 0
116 irecv 84 3300 200 0
116 send 148 3300 12 0
116 send 84 3100 12 0
116 wait 149 117 3100
116 wait 85 117 3300
116 irecv 117 1100 200 0
116 irecv 119 1300 200 0
116 send 117 1300 1 0
116 send 119 1100 1 0
116 wait 118 117 1100
116 wait 120 117 1300
116 irecv 124 2100 200 0
116 irecv 108 2300 200 0
116 send 124 2300 3 0
116 send 108 2100 3 0
116 wait 125 117 2100
116 wait 109 117 2300
116 irecv 180 3100 200 0
116 irecv 52 3300 200 0
116 send 180 3300 9 0
116 send 52 3100 9 0
116 wait 181 117 3100
116 wait 53 117 3300
116 irecv 117 1100 200 0
116 irecv 119 1300 200 0
116 wait 118 117 1100
116 wait 120 117 1300
116 irecv 124 2100 200 0
116 irecv 108 2300 200 0
116 wait 125 117 2100
116 wait 109 117 2300
116 send 180 3300 18 0
116 send 52 3100 9 0
116 irecv 117 1100 200 0
116 irecv 119 1300 200 0
116 send 117 1300 1 0
116 send 119 1100 1 0
116 wait 118 117 1100
116 wait 120 117 1300
116 irecv 124 2100 200 0
116 irecv 108 2300 200 0
116 send 124 2300 3 0
116 send 108 2100 3 0
116 wait 125 117 2100
116 wait 109 117 2300
116 irecv 180 3100 200 0
116 irecv 52 3300 200 0
116 send 180 3300 9 0
116 send 52 3100 9 0
116 wait 181 117 3100
116 wait 53 117 3300
116 irecv 117 1100 200 0
116 irecv 119 1300 200 0
116 send 117 1300 1 0
116 send 119 1100 1 0
116 wait 118 117 1100
116 wait 120 117 1300
116 irecv 124 2100 200 0
116 irecv 108 2300 200 0
116 send 124 2300 3 0
116 send 108 2100 3 0
116 wait 125 117 2100
116 wait 109 117 2300
116 irecv 180 3100 200 0
116 irecv 52 3300 200 0
116 send 180 3300 9 0
116 send 52 3100 9 0
116 wait 181 117 3100
116 wait 53 117 3300
116 send 120 2300 24 0
116 send 112 2100 12 0
116 send 148 3300 24 0
116 send 84 3100 12 0
116 irecv 117 1100 200 0
116 irecv 119 1300 200 0
116 send 117 1300 1 0
116 send 119 1100 1 0
116 wait 118 117 1100
116 wait 120 117 1300
116 irecv 120 2100 200 0
116 irecv 112 2300 200 0
116 send 120 2300 4 0
116 send 112 2100 4 0
116 wait 121 117 2100
116 wait 113 117 2300
116 irecv 148 3100 200 0
116 irecv 84 3300 200 0
116 send 148 3300 12 0
116 send 84 3100 12 0
116 wait 149 117 3100
116 wait 85 117 3300
116 irecv 117 1100 200 0
116 irecv 119 1300 200 0
116 send 117 1300 1 0
116 send 119 1100 1 0
116 wait 118 117 1100
116 wait 120 117 1300
116 irecv 120 2100 200 0
116 irecv 112 2300 200 0
116 send 120 2300 4 0
116 send 112 2100 4 0
116 wait 121 117 2100
116 wait 113 117 2300
116 irecv 148 3100 200 0
116 irecv 84 3300 200 0
116 send 148 3300 12 0
116 send 84 3100 12 0
116 wait 149 117 3100
116 wait 85 117 3300
116 irecv 117 1100 200 0
116 irecv 119 1300 200 0
116 send 117 1300 4 0
116 send 119 1100 4 0
116 wait 118 117 1100
116 wait 120 117 1300
116 irecv 120 2100 200 0
116 irecv 112 2300 200 0
116 send 120 2300 12 0
116 send 112 2100 12 0
116 wait 121 117 2100
116 wait 113 117 2300
116 irecv 148 3100 200 0
116 irecv 84 3300 200 0
116 send 148 3300 24 0
116 send 84 3100 24 0
116 wait 149 117 3100
116 wait 85 117 3300
116 irecv 117 1100 200 0
116 irecv 119 1300 200 0
116 send 117 1300 4 0
116 send 119 1100 4 0
116 wait 118 117 1100
116 wait 120 117 1300
116 irecv 120 2100 200 0
116 irecv 112 2300 200 0
116 send 120 2300 12 0
116 send 112 2100 12 0
116 wait 121 117 2100
116 wait 113 117 2300
116 irecv 148 3100 200 0
116 irecv 84 3300 200 0
116 send 148 3300 24 0
116 send 84 3100 24 0
116 wait 149 117 3100
116 wait 85 117 3300
116 irecv 117 1100 200 0
116 irecv 119 1300 200 0
116 send 117 1300 16 0
116 send 119 1100 16 0
116 wait 118 117 1100
116 wait 120 117 1300
116 irecv 120 2100 200 0
116 irecv 112 2300 200 0
116 send 120 2300 40 0
116 send 112 2100 40 0
116 wait 121 117 2100
116 wait 113 117 2300
116 irecv 148 3100 200 0
116 irecv 84 3300 200 0
116 send 148 3300 60 0
116 send 84 3100 60 0
116 wait 149 117 3100
116 wait 85 117 3300
116 irecv 117 1100 200 0
116 irecv 119 1300 200 0
116 send 117 1300 16 0
116 send 119 1100 16 0
116 wait 118 117 1100
116 wait 120 117 1300
116 irecv 120 2100 200 0
116 irecv 112 2300 200 0
116 send 120 2300 40 0
116 send 112 2100 40 0
116 wait 121 117 2100
116 wait 113 117 2300
116 irecv 148 3100 200 0
116 irecv 84 3300 200 0
116 send 148 3300 60 0
116 send 84 3100 60 0
116 wait 149 117 3100
116 wait 85 117 3300
116 irecv 117 1100 200 0
116 irecv 119 1300 200 0
116 send 117 1300 16 0
116 send 119 1100 16 0
116 wait 118 117 1100
116 wait 120 117 1300
116 irecv 120 2100 200 0
116 irecv 112 2300 200 0
116 send 120 2300 40 0
116 send 112 2100 40 0
116 wait 121 117 2100
116 wait 113 117 2300
116 irecv 148 3100 200 0
116 irecv 84 3300 200 0
116 send 148 3300 60 0
116 send 84 3100 60 0
116 wait 149 117 3100
116 wait 85 117 3300
116 irecv 117 1100 200 0
116 irecv 119 1300 200 0
116 send 117 1300 4 0
116 send 119 1100 4 0
116 wait 118 117 1100
116 wait 120 117 1300
116 irecv 120 2100 200 0
116 irecv 112 2300 200 0
116 send 120 2300 12 0
116 send 112 2100 12 0
116 wait 121 117 2100
116 wait 113 117 2300
116 irecv 148 3100 200 0
116 irecv 84 3300 200 0
116 send 148 3300 24 0
116 send 84 3100 24 0
116 wait 149 117 3100
116 wait 85 117 3300
116 irecv 117 1100 200 0
116 irecv 119 1300 200 0
116 send 117 1300 1 0
116 send 119 1100 1 0
116 wait 118 117 1100
116 wait 120 117 1300
116 irecv 120 2100 200 0
116 irecv 112 2300 200 0
116 send 120 2300 4 0
116 send 112 2100 4 0
116 wait 121 117 2100
116 wait 113 117 2300
116 irecv 148 3100 200 0
116 irecv 84 3300 200 0
116 send 148 3300 12 0
116 send 84 3100 12 0
116 wait 149 117 3100
116 wait 85 117 3300
116 irecv 117 1100 200 0
116 irecv 119 1300 200 0
116 send 117 1300 1 0
116 send 119 1100 1 0
116 wait 118 117 1100
116 wait 120 117 1300
116 irecv 124 2100 200 0
116 irecv 108 2300 200 0
116 send 124 2300 3 0
116 send 108 2100 3 0
116 wait 125 117 2100
116 wait 109 117 2300
116 irecv 180 3100 200 0
116 irecv 52 3300 200 0
116 send 180 3300 9 0
116 send 52 3100 9 0
116 wait 181 117 3100
116 wait 53 117 3300
116 irecv 117 1100 200 0
116 irecv 119 1300 200 0
116 wait 118 117 1100
116 wait 120 117 1300
116 irecv 124 2100 200 0
116 irecv 108 2300 200 0
116 wait 125 117 2100
116 wait 109 117 2300
116 send 180 3300 18 0
116 send 52 3100 9 0
116 irecv 117 1100 200 0
116 irecv 119 1300 200 0
116 send 117 1300 1 0
116 send 119 1100 1 0
116 wait 118 117 1100
116 wait 120 117 1300
116 irecv 124 2100 200 0
116 irecv 108 2300 200 0
116 send 124 2300 3 0
116 send 108 2100 3 0
116 wait 125 117 2100
116 wait 109 117 2300
116 irecv 180 3100 200 0
116 irecv 52 3300 200 0
116 send 180 3300 9 0
116 send 52 3100 9 0
116 wait 181 117 3100
116 wait 53 117 3300
116 irecv 117 1100 200 0
116 irecv 119 1300 200 0
116 send 117 1300 1 0
116 send 119 1100 1 0
116 wait 118 117 1100
116 wait 120 117 1300
116 irecv 124 2100 200 0
116 irecv 108 2300 200 0
116 send 124 2300 3 0
116 send 108 2100 3 0
116 wait 125 117 2100
116 wait 109 117 2300
116 irecv 180 3100 200 0
116 irecv 52 3300 200 0
116 send 180 3300 9 0
116 send 52 3100 9 0
116 wait 181 117 3100
116 wait 53 117 3300
116 send 120 2300 24 0
116 send 112 2100 12 0
116 send 148 3300 24 0
116 send 84 3100 12 0
116 irecv 117 1100 200 0
116 irecv 119 1300 200 0
116 send 117 1300 1 0
116 send 119 1100 1 0
116 wait 118 117 1100
116 wait 120 117 1300
116 irecv 120 2100 200 0
116 irecv 112 2300 200 0
116 send 120 2300 4 0
116 send 112 2100 4 0
116 wait 121 117 2100
116 wait 113 117 2300
116 irecv 148 3100 200 0
116 irecv 84 3300 200 0
116 send 148 3300 12 0
116 send 84 3100 12 0
116 wait 149 117 3100
116 wait 85 117 3300
116 irecv 117 1100 200 0
116 irecv 119 1300 200 0
116 send 117 1300 1 0
116 send 119 1100 1 0
116 wait 118 117 1100
116 wait 120 117 1300
116 irecv 120 2100 200 0
116 irecv 112 2300 200 0
116 send 120 2300 4 0
116 send 112 2100 4 0
116 wait 121 117 2100
116 wait 113 117 2300
116 irecv 148 3100 200 0
116 irecv 84 3300 200 0
116 send 148 3300 12 0
116 send 84 3100 12 0
116 wait 149 117 3100
116 wait 85 117 3300
116 irecv 117 1100 200 0
116 irecv 119 1300 200 0
116 send 117 1300 4 0
116 send 119 1100 4 0
116 wait 118 117 1100
116 wait 120 117 1300
116 irecv 120 2100 200 0
116 irecv 112 2300 200 0
116 send 120 2300 12 0
116 send 112 2100 12 0
116 wait 121 117 2100
116 wait 113 117 2300
116 irecv 148 3100 200 0
116 irecv 84 3300 200 0
116 send 148 3300 24 0
116 send 84 3100 24 0
116 wait 149 117 3100
116 wait 85 117 3300
116 irecv 117 1100 200 0
116 irecv 119 1300 200 0
116 send 117 1300 4 0
116 send 119 1100 4 0
116 wait 118 117 1100
116 wait 120 117 1300
116 irecv 120 2100 200 0
116 irecv 112 2300 200 0
116 send 120 2300 12 0
116 send 112 2100 12 0
116 wait 121 117 2100
116 wait 113 117 2300
116 irecv 148 3100 200 0
116 irecv 84 3300 200 0
116 send 148 3300 24 0
116 send 84 3100 24 0
116 wait 149 117 3100
116 wait 85 117 3300
116 irecv 117 1100 200 0
116 irecv 119 1300 200 0
116 send 117 1300 16 0
116 send 119 1100 16 0
116 wait 118 117 1100
116 wait 120 117 1300
116 irecv 120 2100 200 0
116 irecv 112 2300 200 0
116 send 120 2300 40 0
116 send 112 2100 40 0
116 wait 121 117 2100
116 wait 113 117 2300
116 irecv 148 3100 200 0
116 irecv 84 3300 200 0
116 send 148 3300 60 0
116 send 84 3100 60 0
116 wait 149 117 3100
116 wait 85 117 3300
116 irecv 117 1100 200 0
116 irecv 119 1300 200 0
116 send 117 1300 16 0
116 send 119 1100 16 0
116 wait 118 117 1100
116 wait 120 117 1300
116 irecv 120 2100 200 0
116 irecv 112 2300 200 0
116 send 120 2300 40 0
116 send 112 2100 40 0
116 wait 121 117 2100
116 wait 113 117 2300
116 irecv 148 3100 200 0
116 irecv 84 3300 200 0
116 send 148 3300 60 0
116 send 84 3100 60 0
116 wait 149 117 3100
116 wait 85 117 3300
116 irecv 117 1100 200 0
116 irecv 119 1300 200 0
116 send 117 1300 16 0
116 send 119 1100 16 0
116 wait 118 117 1100
116 wait 120 117 1300
116 irecv 120 2100 200 0
116 irecv 112 2300 200 0
116 send 120 2300 40 0
116 send 112 2100 40 0
116 wait 121 117 2100
116 wait 113 117 2300
116 irecv 148 3100 200 0
116 irecv 84 3300 200 0
116 send 148 3300 60 0
116 send 84 3100 60 0
116 wait 149 117 3100
116 wait 85 117 3300
116 irecv 117 1100 200 0
116 irecv 119 1300 200 0
116 send 117 1300 4 0
116 send 119 1100 4 0
116 wait 118 117 1100
116 wait 120 117 1300
116 irecv 120 2100 200 0
116 irecv 112 2300 200 0
116 send 120 2300 12 0
116 send 112 2100 12 0
116 wait 121 117 2100
116 wait 113 117 2300
116 irecv 148 3100 200 0
116 irecv 84 3300 200 0
116 send 148 3300 24 0
116 send 84 3100 24 0
116 wait 149 117 3100
116 wait 85 117 3300
116 irecv 117 1100 200 0
116 irecv 119 1300 200 0
116 send 117 1300 1 0
116 send 119 1100 1 0
116 wait 118 117 1100
116 wait 120 117 1300
116 irecv 120 2100 200 0
116 irecv 112 2300 200 0
116 send 120 2300 4 0
116 send 112 2100 4 0
116 wait 121 117 2100
116 wait 113 117 2300
116 irecv 148 3100 200 0
116 irecv 84 3300 200 0
116 send 148 3300 12 0
116 send 84 3100 12 0
116 wait 149 117 3100
116 wait 85 117 3300
116 irecv 117 1100 200 0
116 irecv 119 1300 200 0
116 send 117 1300 1 0
116 send 119 1100 1 0
116 wait 118 117 1100
116 wait 120 117 1300
116 irecv 124 2100 200 0
116 irecv 108 2300 200 0
116 send 124 2300 3 0
116 send 108 2100 3 0
116 wait 125 117 2100
116 wait 109 117 2300
116 irecv 180 3100 200 0
116 irecv 52 3300 200 0
116 send 180 3300 9 0
116 send 52 3100 9 0
116 wait 181 117 3100
116 wait 53 117 3300
116 irecv 117 1100 200 0
116 irecv 119 1300 200 0
116 wait 118 117 1100
116 wait 120 117 1300
116 irecv 124 2100 200 0
116 irecv 108 2300 200 0
116 wait 125 117 2100
116 wait 109 117 2300
116 send 180 3300 18 0
116 send 52 3100 9 0
116 irecv 117 1100 200 0
116 irecv 119 1300 200 0
116 send 117 1300 1 0
116 send 119 1100 1 0
116 wait 118 117 1100
116 wait 120 117 1300
116 irecv 124 2100 200 0
116 irecv 108 2300 200 0
116 send 124 2300 3 0
116 send 108 2100 3 0
116 wait 125 117 2100
116 wait 109 117 2300
116 irecv 180 3100 200 0
116 irecv 52 3300 200 0
116 send 180 3300 9 0
116 send 52 3100 9 0
116 wait 181 117 3100
116 wait 53 117 3300
116 irecv 117 1100 200 0
116 irecv 119 1300 200 0
116 send 117 1300 1 0
116 send 119 1100 1 0
116 wait 118 117 1100
116 wait 120 117 1300
116 irecv 124 2100 200 0
116 irecv 108 2300 200 0
116 send 124 2300 3 0
116 send 108 2100 3 0
116 wait 125 117 2100
116 wait 109 117 2300
116 irecv 180 3100 200 0
116 irecv 52 3300 200 0
116 send 180 3300 9 0
116 send 52 3100 9 0
116 wait 181 117 3100
116 wait 53 117 3300
116 send 120 2300 24 0
116 send 112 2100 12 0
116 send 148 3300 24 0
116 send 84 3100 12 0
116 irecv 117 1100 200 0
116 irecv 119 1300 200 0
116 send 117 1300 1 0
116 send 119 1100 1 0
116 wait 118 117 1100
116 wait 120 117 1300
116 irecv 120 2100 200 0
116 irecv 112 2300 200 0
116 send 120 2300 4 0
116 send 112 2100 4 0
116 wait 121 117 2100
116 wait 113 117 2300
116 irecv 148 3100 200 0
116 irecv 84 3300 200 0
116 send 148 3300 12 0
116 send 84 3100 12 0
116 wait 149 117 3100
116 wait 85 117 3300
116 irecv 117 1100 200 0
116 irecv 119 1300 200 0
116 send 117 1300 1 0
116 send 119 1100 1 0
116 wait 118 117 1100
116 wait 120 117 1300
116 irecv 120 2100 200 0
116 irecv 112 2300 200 0
116 send 120 2300 4 0
116 send 112 2100 4 0
116 wait 121 117 2100
116 wait 113 117 2300
116 irecv 148 3100 200 0
116 irecv 84 3300 200 0
116 send 148 3300 12 0
116 send 84 3100 12 0
116 wait 149 117 3100
116 wait 85 117 3300
116 irecv 117 1100 200 0
116 irecv 119 1300 200 0
116 send 117 1300 4 0
116 send 119 1100 4 0
116 wait 118 117 1100
116 wait 120 117 1300
116 irecv 120 2100 200 0
116 irecv 112 2300 200 0
116 send 120 2300 12 0
116 send 112 2100 12 0
116 wait 121 117 2100
116 wait 113 117 2300
116 irecv 148 3100 200 0
116 irecv 84 3300 200 0
116 send 148 3300 24 0
116 send 84 3100 24 0
116 wait 149 117 3100
116 wait 85 117 3300
116 irecv 117 1100 200 0
116 irecv 119 1300 200 0
116 send 117 1300 4 0
116 send 119 1100 4 0
116 wait 118 117 1100
116 wait 120 117 1300
116 irecv 120 2100 200 0
116 irecv 112 2300 200 0
116 send 120 2300 12 0
116 send 112 2100 12 0
116 wait 121 117 2100
116 wait 113 117 2300
116 irecv 148 3100 200 0
116 irecv 84 3300 200 0
116 send 148 3300 24 0
116 send 84 3100 24 0
116 wait 149 117 3100
116 wait 85 117 3300
116 irecv 117 1100 200 0
116 irecv 119 1300 200 0
116 send 117 1300 16 0
116 send 119 1100 16 0
116 wait 118 117 1100
116 wait 120 117 1300
116 irecv 120 2100 200 0
116 irecv 112 2300 200 0
116 send 120 2300 40 0
116 send 112 2100 40 0
116 wait 121 117 2100
116 wait 113 117 2300
116 irecv 148 3100 200 0
116 irecv 84 3300 200 0
116 send 148 3300 60 0
116 send 84 3100 60 0
116 wait 149 117 3100
116 wait 85 117 3300
116 irecv 117 1100 200 0
116 irecv 119 1300 200 0
116 send 117 1300 16 0
116 send 119 1100 16 0
116 wait 118 117 1100
116 wait 120 117 1300
116 irecv 120 2100 200 0
116 irecv 112 2300 200 0
116 send 120 2300 40 0
116 send 112 2100 40 0
116 wait 121 117 2100
116 wait 113 117 2300
116 irecv 148 3100 200 0
116 irecv 84 3300 200 0
116 send 148 3300 60 0
116 send 84 3100 60 0
116 wait 149 117 3100
116 wait 85 117 3300
116 irecv 117 1100 200 0
116 irecv 119 1300 200 0
116 send 117 1300 16 0
116 send 119 1100 16 0
116 wait 118 117 1100
116 wait 120 117 1300
116 irecv 120 2100 200 0
116 irecv 112 2300 200 0
116 send 120 2300 40 0
116 send 112 2100 40 0
116 wait 121 117 2100
116 wait 113 117 2300
116 irecv 148 3100 200 0
116 irecv 84 3300 200 0
116 send 148 3300 60 0
116 send 84 3100 60 0
116 wait 149 117 3100
116 wait 85 117 3300
116 allreduce 1 0 0 
116 allreduce 1 0 0 
116 reduce 1 0 0 0 
116 finalize
