175 init
175 barrier
175 bcast 1 0 1 
175 bcast 1 0 1 
175 bcast 1 0 1 
175 bcast 1 0 1 
175 bcast 1 0 1 
175 bcast 8 0 1 
175 bcast 1 0 16 
175 barrier
175 allreduce 1 0 0 
175 allreduce 4 0 1 
175 allreduce 1 0 0 
175 allreduce 4 0 1 
175 allreduce 1 0 0 
175 allreduce 4 0 1 
175 allreduce 1 0 0 
175 allreduce 4 0 1 
175 allreduce 1 0 0 
175 allreduce 4 0 1 
175 allreduce 1 0 0 
175 allreduce 4 0 1 
175 allreduce 1 0 0 
175 allreduce 4 0 1 
175 allreduce 1 0 0 
175 allreduce 4 0 1 
175 allreduce 1 0 0 
175 allreduce 4 0 1 
175 allreduce 1 0 0 
175 allreduce 4 0 1 
175 allreduce 1 0 0 
175 allreduce 4 0 1 
175 allreduce 1 0 0 
175 allreduce 4 0 1 
175 allreduce 1 0 0 
175 allreduce 4 0 1 
175 allreduce 1 0 0 
175 allreduce 4 0 1 
175 allreduce 1 0 0 
175 allreduce 4 0 1 
175 allreduce 1 0 0 
175 allreduce 4 0 1 
175 allreduce 1 0 0 
175 allreduce 4 0 1 
175 allreduce 1 0 0 
175 allreduce 4 0 1 
175 allreduce 1 0 0 
175 allreduce 4 0 1 
175 allreduce 1 0 0 
175 allreduce 4 0 1 
175 barrier
175 irecv 172 1100 200 0
175 irecv 174 1300 200 0
175 send 172 1300 16 0
175 send 174 1100 16 0
175 wait 173 176 1100
175 wait 175 176 1300
175 irecv 179 2100 200 0
175 irecv 171 2300 200 0
175 send 179 2300 40 0
175 send 171 2100 40 0
175 wait 180 176 2100
175 wait 172 176 2300
175 irecv 207 3100 200 0
175 irecv 143 3300 200 0
175 send 207 3300 60 0
175 send 143 3100 60 0
175 wait 208 176 3100
175 wait 144 176 3300
175 allreduce 1 0 0 
175 allreduce 1 0 0 
175 irecv 172 1100 200 0
175 irecv 174 1300 200 0
175 send 172 1300 16 0
175 send 174 1100 16 0
175 wait 173 176 1100
175 wait 175 176 1300
175 irecv 179 2100 200 0
175 irecv 171 2300 200 0
175 send 179 2300 40 0
175 send 171 2100 40 0
175 wait 180 176 2100
175 wait 172 176 2300
175 irecv 207 3100 200 0
175 irecv 143 3300 200 0
175 send 207 3300 60 0
175 send 143 3100 60 0
175 wait 208 176 3100
175 wait 144 176 3300
175 allreduce 1 0 0 
175 allreduce 1 0 0 
175 irecv 172 1100 200 0
175 irecv 174 1300 200 0
175 send 172 1300 4 0
175 send 174 1100 4 0
175 wait 173 176 1100
175 wait 175 176 1300
175 irecv 179 2100 200 0
175 irecv 171 2300 200 0
175 send 179 2300 12 0
175 send 171 2100 12 0
175 wait 180 176 2100
175 wait 172 176 2300
175 irecv 207 3100 200 0
175 irecv 143 3300 200 0
175 send 207 3300 24 0
175 send 143 3100 24 0
175 wait 208 176 3100
175 wait 144 176 3300
175 irecv 172 1100 200 0
175 irecv 174 1300 200 0
175 send 172 1300 1 0
175 send 174 1100 1 0
175 wait 173 176 1100
175 wait 175 176 1300
175 irecv 179 2100 200 0
175 irecv 171 2300 200 0
175 send 179 2300 4 0
175 send 171 2100 4 0
175 wait 180 176 2100
175 wait 172 176 2300
175 irecv 207 3100 200 0
175 irecv 143 3300 200 0
175 send 207 3300 12 0
175 send 143 3100 12 0
175 wait 208 176 3100
175 wait 144 176 3300
175 irecv 172 1100 200 0
175 irecv 174 1300 200 0
175 send 172 1300 1 0
175 send 174 1100 1 0
175 wait 173 176 1100
175 wait 175 176 1300
175 irecv 183 2100 200 0
175 irecv 167 2300 200 0
175 send 183 2300 3 0
175 send 167 2100 3 0
175 wait 184 176 2100
175 wait 168 176 2300
175 irecv 239 3100 200 0
175 irecv 111 3300 200 0
175 send 239 3300 9 0
175 send 111 3100 9 0
175 wait 240 176 3100
175 wait 112 176 3300
175 send 172 1300 18 0
175 send 174 1100 9 0
175 send 183 2300 18 0
175 send 167 2100 9 0
175 irecv 239 3100 200 0
175 irecv 111 3300 200 0
175 wait 240 176 3100
175 wait 112 176 3300
175 irecv 172 1100 200 0
175 irecv 174 1300 200 0
175 send 172 1300 1 0
175 send 174 1100 1 0
175 wait 173 176 1100
175 wait 175 176 1300
175 irecv 183 2100 200 0
175 irecv 167 2300 200 0
175 send 183 2300 3 0
175 send 167 2100 3 0
175 wait 184 176 2100
175 wait 168 176 2300
175 irecv 239 3100 200 0
175 irecv 111 3300 200 0
175 send 239 3300 9 0
175 send 111 3100 9 0
175 wait 240 176 3100
175 wait 112 176 3300
175 irecv 172 1100 200 0
175 irecv 174 1300 200 0
175 send 172 1300 1 0
175 send 174 1100 1 0
175 wait 173 176 1100
175 wait 175 176 1300
175 irecv 183 2100 200 0
175 irecv 167 2300 200 0
175 send 183 2300 3 0
175 send 167 2100 3 0
175 wait 184 176 2100
175 wait 168 176 2300
175 irecv 239 3100 200 0
175 irecv 111 3300 200 0
175 send 239 3300 9 0
175 send 111 3100 9 0
175 wait 240 176 3100
175 wait 112 176 3300
175 send 179 2300 24 0
175 send 171 2100 12 0
175 send 207 3300 24 0
175 send 143 3100 12 0
175 irecv 172 1100 200 0
175 irecv 174 1300 200 0
175 send 172 1300 1 0
175 send 174 1100 1 0
175 wait 173 176 1100
175 wait 175 176 1300
175 irecv 179 2100 200 0
175 irecv 171 2300 200 0
175 send 179 2300 4 0
175 send 171 2100 4 0
175 wait 180 176 2100
175 wait 172 176 2300
175 irecv 207 3100 200 0
175 irecv 143 3300 200 0
175 send 207 3300 12 0
175 send 143 3100 12 0
175 wait 208 176 3100
175 wait 144 176 3300
175 irecv 172 1100 200 0
175 irecv 174 1300 200 0
175 send 172 1300 1 0
175 send 174 1100 1 0
175 wait 173 176 1100
175 wait 175 176 1300
175 irecv 179 2100 200 0
175 irecv 171 2300 200 0
175 send 179 2300 4 0
175 send 171 2100 4 0
175 wait 180 176 2100
175 wait 172 176 2300
175 irecv 207 3100 200 0
175 irecv 143 3300 200 0
175 send 207 3300 12 0
175 send 143 3100 12 0
175 wait 208 176 3100
175 wait 144 176 3300
175 irecv 172 1100 200 0
175 irecv 174 1300 200 0
175 send 172 1300 4 0
175 send 174 1100 4 0
175 wait 173 176 1100
175 wait 175 176 1300
175 irecv 179 2100 200 0
175 irecv 171 2300 200 0
175 send 179 2300 12 0
175 send 171 2100 12 0
175 wait 180 176 2100
175 wait 172 176 2300
175 irecv 207 3100 200 0
175 irecv 143 3300 200 0
175 send 207 3300 24 0
175 send 143 3100 24 0
175 wait 208 176 3100
175 wait 144 176 3300
175 irecv 172 1100 200 0
175 irecv 174 1300 200 0
175 send 172 1300 4 0
175 send 174 1100 4 0
175 wait 173 176 1100
175 wait 175 176 1300
175 irecv 179 2100 200 0
175 irecv 171 2300 200 0
175 send 179 2300 12 0
175 send 171 2100 12 0
175 wait 180 176 2100
175 wait 172 176 2300
175 irecv 207 3100 200 0
175 irecv 143 3300 200 0
175 send 207 3300 24 0
175 send 143 3100 24 0
175 wait 208 176 3100
175 wait 144 176 3300
175 irecv 172 1100 200 0
175 irecv 174 1300 200 0
175 send 172 1300 16 0
175 send 174 1100 16 0
175 wait 173 176 1100
175 wait 175 176 1300
175 irecv 179 2100 200 0
175 irecv 171 2300 200 0
175 send 179 2300 40 0
175 send 171 2100 40 0
175 wait 180 176 2100
175 wait 172 176 2300
175 irecv 207 3100 200 0
175 irecv 143 3300 200 0
175 send 207 3300 60 0
175 send 143 3100 60 0
175 wait 208 176 3100
175 wait 144 176 3300
175 irecv 172 1100 200 0
175 irecv 174 1300 200 0
175 send 172 1300 16 0
175 send 174 1100 16 0
175 wait 173 176 1100
175 wait 175 176 1300
175 irecv 179 2100 200 0
175 irecv 171 2300 200 0
175 send 179 2300 40 0
175 send 171 2100 40 0
175 wait 180 176 2100
175 wait 172 176 2300
175 irecv 207 3100 200 0
175 irecv 143 3300 200 0
175 send 207 3300 60 0
175 send 143 3100 60 0
175 wait 208 176 3100
175 wait 144 176 3300
175 irecv 172 1100 200 0
175 irecv 174 1300 200 0
175 send 172 1300 16 0
175 send 174 1100 16 0
175 wait 173 176 1100
175 wait 175 176 1300
175 irecv 179 2100 200 0
175 irecv 171 2300 200 0
175 send 179 2300 40 0
175 send 171 2100 40 0
175 wait 180 176 2100
175 wait 172 176 2300
175 irecv 207 3100 200 0
175 irecv 143 3300 200 0
175 send 207 3300 60 0
175 send 143 3100 60 0
175 wait 208 176 3100
175 wait 144 176 3300
175 barrier
175 allreduce 1 0 0 
175 allreduce 4 0 1 
175 allreduce 1 0 0 
175 allreduce 4 0 1 
175 allreduce 1 0 0 
175 allreduce 4 0 1 
175 allreduce 1 0 0 
175 allreduce 4 0 1 
175 allreduce 1 0 0 
175 allreduce 4 0 1 
175 allreduce 1 0 0 
175 allreduce 4 0 1 
175 allreduce 1 0 0 
175 allreduce 4 0 1 
175 allreduce 1 0 0 
175 allreduce 4 0 1 
175 allreduce 1 0 0 
175 allreduce 4 0 1 
175 allreduce 1 0 0 
175 allreduce 4 0 1 
175 allreduce 1 0 0 
175 allreduce 4 0 1 
175 allreduce 1 0 0 
175 allreduce 4 0 1 
175 allreduce 1 0 0 
175 allreduce 4 0 1 
175 allreduce 1 0 0 
175 allreduce 4 0 1 
175 allreduce 1 0 0 
175 allreduce 4 0 1 
175 allreduce 1 0 0 
175 allreduce 4 0 1 
175 allreduce 1 0 0 
175 allreduce 4 0 1 
175 allreduce 1 0 0 
175 allreduce 4 0 1 
175 allreduce 1 0 0 
175 allreduce 4 0 1 
175 allreduce 1 0 0 
175 allreduce 4 0 1 
175 barrier
175 irecv 172 1100 200 0
175 irecv 174 1300 200 0
175 send 172 1300 16 0
175 send 174 1100 16 0
175 wait 173 176 1100
175 wait 175 176 1300
175 irecv 179 2100 200 0
175 irecv 171 2300 200 0
175 send 179 2300 40 0
175 send 171 2100 40 0
175 wait 180 176 2100
175 wait 172 176 2300
175 irecv 207 3100 200 0
175 irecv 143 3300 200 0
175 send 207 3300 60 0
175 send 143 3100 60 0
175 wait 208 176 3100
175 wait 144 176 3300
175 barrier
175 irecv 172 1100 200 0
175 irecv 174 1300 200 0
175 send 172 1300 16 0
175 send 174 1100 16 0
175 wait 173 176 1100
175 wait 175 176 1300
175 irecv 179 2100 200 0
175 irecv 171 2300 200 0
175 send 179 2300 40 0
175 send 171 2100 40 0
175 wait 180 176 2100
175 wait 172 176 2300
175 irecv 207 3100 200 0
175 irecv 143 3300 200 0
175 send 207 3300 60 0
175 send 143 3100 60 0
175 wait 208 176 3100
175 wait 144 176 3300
175 allreduce 1 0 0 
175 allreduce 1 0 0 
175 irecv 172 1100 200 0
175 irecv 174 1300 200 0
175 send 172 1300 4 0
175 send 174 1100 4 0
175 wait 173 176 1100
175 wait 175 176 1300
175 irecv 179 2100 200 0
175 irecv 171 2300 200 0
175 send 179 2300 12 0
175 send 171 2100 12 0
175 wait 180 176 2100
175 wait 172 176 2300
175 irecv 207 3100 200 0
175 irecv 143 3300 200 0
175 send 207 3300 24 0
175 send 143 3100 24 0
175 wait 208 176 3100
175 wait 144 176 3300
175 irecv 172 1100 200 0
175 irecv 174 1300 200 0
175 send 172 1300 1 0
175 send 174 1100 1 0
175 wait 173 176 1100
175 wait 175 176 1300
175 irecv 179 2100 200 0
175 irecv 171 2300 200 0
175 send 179 2300 4 0
175 send 171 2100 4 0
175 wait 180 176 2100
175 wait 172 176 2300
175 irecv 207 3100 200 0
175 irecv 143 3300 200 0
175 send 207 3300 12 0
175 send 143 3100 12 0
175 wait 208 176 3100
175 wait 144 176 3300
175 irecv 172 1100 200 0
175 irecv 174 1300 200 0
175 send 172 1300 1 0
175 send 174 1100 1 0
175 wait 173 176 1100
175 wait 175 176 1300
175 irecv 183 2100 200 0
175 irecv 167 2300 200 0
175 send 183 2300 3 0
175 send 167 2100 3 0
175 wait 184 176 2100
175 wait 168 176 2300
175 irecv 239 3100 200 0
175 irecv 111 3300 200 0
175 send 239 3300 9 0
175 send 111 3100 9 0
175 wait 240 176 3100
175 wait 112 176 3300
175 send 172 1300 18 0
175 send 174 1100 9 0
175 send 183 2300 18 0
175 send 167 2100 9 0
175 irecv 239 3100 200 0
175 irecv 111 3300 200 0
175 wait 240 176 3100
175 wait 112 176 3300
175 irecv 172 1100 200 0
175 irecv 174 1300 200 0
175 send 172 1300 1 0
175 send 174 1100 1 0
175 wait 173 176 1100
175 wait 175 176 1300
175 irecv 183 2100 200 0
175 irecv 167 2300 200 0
175 send 183 2300 3 0
175 send 167 2100 3 0
175 wait 184 176 2100
175 wait 168 176 2300
175 irecv 239 3100 200 0
175 irecv 111 3300 200 0
175 send 239 3300 9 0
175 send 111 3100 9 0
175 wait 240 176 3100
175 wait 112 176 3300
175 irecv 172 1100 200 0
175 irecv 174 1300 200 0
175 send 172 1300 1 0
175 send 174 1100 1 0
175 wait 173 176 1100
175 wait 175 176 1300
175 irecv 183 2100 200 0
175 irecv 167 2300 200 0
175 send 183 2300 3 0
175 send 167 2100 3 0
175 wait 184 176 2100
175 wait 168 176 2300
175 irecv 239 3100 200 0
175 irecv 111 3300 200 0
175 send 239 3300 9 0
175 send 111 3100 9 0
175 wait 240 176 3100
175 wait 112 176 3300
175 send 179 2300 24 0
175 send 171 2100 12 0
175 send 207 3300 24 0
175 send 143 3100 12 0
175 irecv 172 1100 200 0
175 irecv 174 1300 200 0
175 send 172 1300 1 0
175 send 174 1100 1 0
175 wait 173 176 1100
175 wait 175 176 1300
175 irecv 179 2100 200 0
175 irecv 171 2300 200 0
175 send 179 2300 4 0
175 send 171 2100 4 0
175 wait 180 176 2100
175 wait 172 176 2300
175 irecv 207 3100 200 0
175 irecv 143 3300 200 0
175 send 207 3300 12 0
175 send 143 3100 12 0
175 wait 208 176 3100
175 wait 144 176 3300
175 irecv 172 1100 200 0
175 irecv 174 1300 200 0
175 send 172 1300 1 0
175 send 174 1100 1 0
175 wait 173 176 1100
175 wait 175 176 1300
175 irecv 179 2100 200 0
175 irecv 171 2300 200 0
175 send 179 2300 4 0
175 send 171 2100 4 0
175 wait 180 176 2100
175 wait 172 176 2300
175 irecv 207 3100 200 0
175 irecv 143 3300 200 0
175 send 207 3300 12 0
175 send 143 3100 12 0
175 wait 208 176 3100
175 wait 144 176 3300
175 irecv 172 1100 200 0
175 irecv 174 1300 200 0
175 send 172 1300 4 0
175 send 174 1100 4 0
175 wait 173 176 1100
175 wait 175 176 1300
175 irecv 179 2100 200 0
175 irecv 171 2300 200 0
175 send 179 2300 12 0
175 send 171 2100 12 0
175 wait 180 176 2100
175 wait 172 176 2300
175 irecv 207 3100 200 0
175 irecv 143 3300 200 0
175 send 207 3300 24 0
175 send 143 3100 24 0
175 wait 208 176 3100
175 wait 144 176 3300
175 irecv 172 1100 200 0
175 irecv 174 1300 200 0
175 send 172 1300 4 0
175 send 174 1100 4 0
175 wait 173 176 1100
175 wait 175 176 1300
175 irecv 179 2100 200 0
175 irecv 171 2300 200 0
175 send 179 2300 12 0
175 send 171 2100 12 0
175 wait 180 176 2100
175 wait 172 176 2300
175 irecv 207 3100 200 0
175 irecv 143 3300 200 0
175 send 207 3300 24 0
175 send 143 3100 24 0
175 wait 208 176 3100
175 wait 144 176 3300
175 irecv 172 1100 200 0
175 irecv 174 1300 200 0
175 send 172 1300 16 0
175 send 174 1100 16 0
175 wait 173 176 1100
175 wait 175 176 1300
175 irecv 179 2100 200 0
175 irecv 171 2300 200 0
175 send 179 2300 40 0
175 send 171 2100 40 0
175 wait 180 176 2100
175 wait 172 176 2300
175 irecv 207 3100 200 0
175 irecv 143 3300 200 0
175 send 207 3300 60 0
175 send 143 3100 60 0
175 wait 208 176 3100
175 wait 144 176 3300
175 irecv 172 1100 200 0
175 irecv 174 1300 200 0
175 send 172 1300 16 0
175 send 174 1100 16 0
175 wait 173 176 1100
175 wait 175 176 1300
175 irecv 179 2100 200 0
175 irecv 171 2300 200 0
175 send 179 2300 40 0
175 send 171 2100 40 0
175 wait 180 176 2100
175 wait 172 176 2300
175 irecv 207 3100 200 0
175 irecv 143 3300 200 0
175 send 207 3300 60 0
175 send 143 3100 60 0
175 wait 208 176 3100
175 wait 144 176 3300
175 irecv 172 1100 200 0
175 irecv 174 1300 200 0
175 send 172 1300 16 0
175 send 174 1100 16 0
175 wait 173 176 1100
175 wait 175 176 1300
175 irecv 179 2100 200 0
175 irecv 171 2300 200 0
175 send 179 2300 40 0
175 send 171 2100 40 0
175 wait 180 176 2100
175 wait 172 176 2300
175 irecv 207 3100 200 0
175 irecv 143 3300 200 0
175 send 207 3300 60 0
175 send 143 3100 60 0
175 wait 208 176 3100
175 wait 144 176 3300
175 irecv 172 1100 200 0
175 irecv 174 1300 200 0
175 send 172 1300 4 0
175 send 174 1100 4 0
175 wait 173 176 1100
175 wait 175 176 1300
175 irecv 179 2100 200 0
175 irecv 171 2300 200 0
175 send 179 2300 12 0
175 send 171 2100 12 0
175 wait 180 176 2100
175 wait 172 176 2300
175 irecv 207 3100 200 0
175 irecv 143 3300 200 0
175 send 207 3300 24 0
175 send 143 3100 24 0
175 wait 208 176 3100
175 wait 144 176 3300
175 irecv 172 1100 200 0
175 irecv 174 1300 200 0
175 send 172 1300 1 0
175 send 174 1100 1 0
175 wait 173 176 1100
175 wait 175 176 1300
175 irecv 179 2100 200 0
175 irecv 171 2300 200 0
175 send 179 2300 4 0
175 send 171 2100 4 0
175 wait 180 176 2100
175 wait 172 176 2300
175 irecv 207 3100 200 0
175 irecv 143 3300 200 0
175 send 207 3300 12 0
175 send 143 3100 12 0
175 wait 208 176 3100
175 wait 144 176 3300
175 irecv 172 1100 200 0
175 irecv 174 1300 200 0
175 send 172 1300 1 0
175 send 174 1100 1 0
175 wait 173 176 1100
175 wait 175 176 1300
175 irecv 183 2100 200 0
175 irecv 167 2300 200 0
175 send 183 2300 3 0
175 send 167 2100 3 0
175 wait 184 176 2100
175 wait 168 176 2300
175 irecv 239 3100 200 0
175 irecv 111 3300 200 0
175 send 239 3300 9 0
175 send 111 3100 9 0
175 wait 240 176 3100
175 wait 112 176 3300
175 send 172 1300 18 0
175 send 174 1100 9 0
175 send 183 2300 18 0
175 send 167 2100 9 0
175 irecv 239 3100 200 0
175 irecv 111 3300 200 0
175 wait 240 176 3100
175 wait 112 176 3300
175 irecv 172 1100 200 0
175 irecv 174 1300 200 0
175 send 172 1300 1 0
175 send 174 1100 1 0
175 wait 173 176 1100
175 wait 175 176 1300
175 irecv 183 2100 200 0
175 irecv 167 2300 200 0
175 send 183 2300 3 0
175 send 167 2100 3 0
175 wait 184 176 2100
175 wait 168 176 2300
175 irecv 239 3100 200 0
175 irecv 111 3300 200 0
175 send 239 3300 9 0
175 send 111 3100 9 0
175 wait 240 176 3100
175 wait 112 176 3300
175 irecv 172 1100 200 0
175 irecv 174 1300 200 0
175 send 172 1300 1 0
175 send 174 1100 1 0
175 wait 173 176 1100
175 wait 175 176 1300
175 irecv 183 2100 200 0
175 irecv 167 2300 200 0
175 send 183 2300 3 0
175 send 167 2100 3 0
175 wait 184 176 2100
175 wait 168 176 2300
175 irecv 239 3100 200 0
175 irecv 111 3300 200 0
175 send 239 3300 9 0
175 send 111 3100 9 0
175 wait 240 176 3100
175 wait 112 176 3300
175 send 179 2300 24 0
175 send 171 2100 12 0
175 send 207 3300 24 0
175 send 143 3100 12 0
175 irecv 172 1100 200 0
175 irecv 174 1300 200 0
175 send 172 1300 1 0
175 send 174 1100 1 0
175 wait 173 176 1100
175 wait 175 176 1300
175 irecv 179 2100 200 0
175 irecv 171 2300 200 0
175 send 179 2300 4 0
175 send 171 2100 4 0
175 wait 180 176 2100
175 wait 172 176 2300
175 irecv 207 3100 200 0
175 irecv 143 3300 200 0
175 send 207 3300 12 0
175 send 143 3100 12 0
175 wait 208 176 3100
175 wait 144 176 3300
175 irecv 172 1100 200 0
175 irecv 174 1300 200 0
175 send 172 1300 1 0
175 send 174 1100 1 0
175 wait 173 176 1100
175 wait 175 176 1300
175 irecv 179 2100 200 0
175 irecv 171 2300 200 0
175 send 179 2300 4 0
175 send 171 2100 4 0
175 wait 180 176 2100
175 wait 172 176 2300
175 irecv 207 3100 200 0
175 irecv 143 3300 200 0
175 send 207 3300 12 0
175 send 143 3100 12 0
175 wait 208 176 3100
175 wait 144 176 3300
175 irecv 172 1100 200 0
175 irecv 174 1300 200 0
175 send 172 1300 4 0
175 send 174 1100 4 0
175 wait 173 176 1100
175 wait 175 176 1300
175 irecv 179 2100 200 0
175 irecv 171 2300 200 0
175 send 179 2300 12 0
175 send 171 2100 12 0
175 wait 180 176 2100
175 wait 172 176 2300
175 irecv 207 3100 200 0
175 irecv 143 3300 200 0
175 send 207 3300 24 0
175 send 143 3100 24 0
175 wait 208 176 3100
175 wait 144 176 3300
175 irecv 172 1100 200 0
175 irecv 174 1300 200 0
175 send 172 1300 4 0
175 send 174 1100 4 0
175 wait 173 176 1100
175 wait 175 176 1300
175 irecv 179 2100 200 0
175 irecv 171 2300 200 0
175 send 179 2300 12 0
175 send 171 2100 12 0
175 wait 180 176 2100
175 wait 172 176 2300
175 irecv 207 3100 200 0
175 irecv 143 3300 200 0
175 send 207 3300 24 0
175 send 143 3100 24 0
175 wait 208 176 3100
175 wait 144 176 3300
175 irecv 172 1100 200 0
175 irecv 174 1300 200 0
175 send 172 1300 16 0
175 send 174 1100 16 0
175 wait 173 176 1100
175 wait 175 176 1300
175 irecv 179 2100 200 0
175 irecv 171 2300 200 0
175 send 179 2300 40 0
175 send 171 2100 40 0
175 wait 180 176 2100
175 wait 172 176 2300
175 irecv 207 3100 200 0
175 irecv 143 3300 200 0
175 send 207 3300 60 0
175 send 143 3100 60 0
175 wait 208 176 3100
175 wait 144 176 3300
175 irecv 172 1100 200 0
175 irecv 174 1300 200 0
175 send 172 1300 16 0
175 send 174 1100 16 0
175 wait 173 176 1100
175 wait 175 176 1300
175 irecv 179 2100 200 0
175 irecv 171 2300 200 0
175 send 179 2300 40 0
175 send 171 2100 40 0
175 wait 180 176 2100
175 wait 172 176 2300
175 irecv 207 3100 200 0
175 irecv 143 3300 200 0
175 send 207 3300 60 0
175 send 143 3100 60 0
175 wait 208 176 3100
175 wait 144 176 3300
175 irecv 172 1100 200 0
175 irecv 174 1300 200 0
175 send 172 1300 16 0
175 send 174 1100 16 0
175 wait 173 176 1100
175 wait 175 176 1300
175 irecv 179 2100 200 0
175 irecv 171 2300 200 0
175 send 179 2300 40 0
175 send 171 2100 40 0
175 wait 180 176 2100
175 wait 172 176 2300
175 irecv 207 3100 200 0
175 irecv 143 3300 200 0
175 send 207 3300 60 0
175 send 143 3100 60 0
175 wait 208 176 3100
175 wait 144 176 3300
175 irecv 172 1100 200 0
175 irecv 174 1300 200 0
175 send 172 1300 4 0
175 send 174 1100 4 0
175 wait 173 176 1100
175 wait 175 176 1300
175 irecv 179 2100 200 0
175 irecv 171 2300 200 0
175 send 179 2300 12 0
175 send 171 2100 12 0
175 wait 180 176 2100
175 wait 172 176 2300
175 irecv 207 3100 200 0
175 irecv 143 3300 200 0
175 send 207 3300 24 0
175 send 143 3100 24 0
175 wait 208 176 3100
175 wait 144 176 3300
175 irecv 172 1100 200 0
175 irecv 174 1300 200 0
175 send 172 1300 1 0
175 send 174 1100 1 0
175 wait 173 176 1100
175 wait 175 176 1300
175 irecv 179 2100 200 0
175 irecv 171 2300 200 0
175 send 179 2300 4 0
175 send 171 2100 4 0
175 wait 180 176 2100
175 wait 172 176 2300
175 irecv 207 3100 200 0
175 irecv 143 3300 200 0
175 send 207 3300 12 0
175 send 143 3100 12 0
175 wait 208 176 3100
175 wait 144 176 3300
175 irecv 172 1100 200 0
175 irecv 174 1300 200 0
175 send 172 1300 1 0
175 send 174 1100 1 0
175 wait 173 176 1100
175 wait 175 176 1300
175 irecv 183 2100 200 0
175 irecv 167 2300 200 0
175 send 183 2300 3 0
175 send 167 2100 3 0
175 wait 184 176 2100
175 wait 168 176 2300
175 irecv 239 3100 200 0
175 irecv 111 3300 200 0
175 send 239 3300 9 0
175 send 111 3100 9 0
175 wait 240 176 3100
175 wait 112 176 3300
175 send 172 1300 18 0
175 send 174 1100 9 0
175 send 183 2300 18 0
175 send 167 2100 9 0
175 irecv 239 3100 200 0
175 irecv 111 3300 200 0
175 wait 240 176 3100
175 wait 112 176 3300
175 irecv 172 1100 200 0
175 irecv 174 1300 200 0
175 send 172 1300 1 0
175 send 174 1100 1 0
175 wait 173 176 1100
175 wait 175 176 1300
175 irecv 183 2100 200 0
175 irecv 167 2300 200 0
175 send 183 2300 3 0
175 send 167 2100 3 0
175 wait 184 176 2100
175 wait 168 176 2300
175 irecv 239 3100 200 0
175 irecv 111 3300 200 0
175 send 239 3300 9 0
175 send 111 3100 9 0
175 wait 240 176 3100
175 wait 112 176 3300
175 irecv 172 1100 200 0
175 irecv 174 1300 200 0
175 send 172 1300 1 0
175 send 174 1100 1 0
175 wait 173 176 1100
175 wait 175 176 1300
175 irecv 183 2100 200 0
175 irecv 167 2300 200 0
175 send 183 2300 3 0
175 send 167 2100 3 0
175 wait 184 176 2100
175 wait 168 176 2300
175 irecv 239 3100 200 0
175 irecv 111 3300 200 0
175 send 239 3300 9 0
175 send 111 3100 9 0
175 wait 240 176 3100
175 wait 112 176 3300
175 send 179 2300 24 0
175 send 171 2100 12 0
175 send 207 3300 24 0
175 send 143 3100 12 0
175 irecv 172 1100 200 0
175 irecv 174 1300 200 0
175 send 172 1300 1 0
175 send 174 1100 1 0
175 wait 173 176 1100
175 wait 175 176 1300
175 irecv 179 2100 200 0
175 irecv 171 2300 200 0
175 send 179 2300 4 0
175 send 171 2100 4 0
175 wait 180 176 2100
175 wait 172 176 2300
175 irecv 207 3100 200 0
175 irecv 143 3300 200 0
175 send 207 3300 12 0
175 send 143 3100 12 0
175 wait 208 176 3100
175 wait 144 176 3300
175 irecv 172 1100 200 0
175 irecv 174 1300 200 0
175 send 172 1300 1 0
175 send 174 1100 1 0
175 wait 173 176 1100
175 wait 175 176 1300
175 irecv 179 2100 200 0
175 irecv 171 2300 200 0
175 send 179 2300 4 0
175 send 171 2100 4 0
175 wait 180 176 2100
175 wait 172 176 2300
175 irecv 207 3100 200 0
175 irecv 143 3300 200 0
175 send 207 3300 12 0
175 send 143 3100 12 0
175 wait 208 176 3100
175 wait 144 176 3300
175 irecv 172 1100 200 0
175 irecv 174 1300 200 0
175 send 172 1300 4 0
175 send 174 1100 4 0
175 wait 173 176 1100
175 wait 175 176 1300
175 irecv 179 2100 200 0
175 irecv 171 2300 200 0
175 send 179 2300 12 0
175 send 171 2100 12 0
175 wait 180 176 2100
175 wait 172 176 2300
175 irecv 207 3100 200 0
175 irecv 143 3300 200 0
175 send 207 3300 24 0
175 send 143 3100 24 0
175 wait 208 176 3100
175 wait 144 176 3300
175 irecv 172 1100 200 0
175 irecv 174 1300 200 0
175 send 172 1300 4 0
175 send 174 1100 4 0
175 wait 173 176 1100
175 wait 175 176 1300
175 irecv 179 2100 200 0
175 irecv 171 2300 200 0
175 send 179 2300 12 0
175 send 171 2100 12 0
175 wait 180 176 2100
175 wait 172 176 2300
175 irecv 207 3100 200 0
175 irecv 143 3300 200 0
175 send 207 3300 24 0
175 send 143 3100 24 0
175 wait 208 176 3100
175 wait 144 176 3300
175 irecv 172 1100 200 0
175 irecv 174 1300 200 0
175 send 172 1300 16 0
175 send 174 1100 16 0
175 wait 173 176 1100
175 wait 175 176 1300
175 irecv 179 2100 200 0
175 irecv 171 2300 200 0
175 send 179 2300 40 0
175 send 171 2100 40 0
175 wait 180 176 2100
175 wait 172 176 2300
175 irecv 207 3100 200 0
175 irecv 143 3300 200 0
175 send 207 3300 60 0
175 send 143 3100 60 0
175 wait 208 176 3100
175 wait 144 176 3300
175 irecv 172 1100 200 0
175 irecv 174 1300 200 0
175 send 172 1300 16 0
175 send 174 1100 16 0
175 wait 173 176 1100
175 wait 175 176 1300
175 irecv 179 2100 200 0
175 irecv 171 2300 200 0
175 send 179 2300 40 0
175 send 171 2100 40 0
175 wait 180 176 2100
175 wait 172 176 2300
175 irecv 207 3100 200 0
175 irecv 143 3300 200 0
175 send 207 3300 60 0
175 send 143 3100 60 0
175 wait 208 176 3100
175 wait 144 176 3300
175 irecv 172 1100 200 0
175 irecv 174 1300 200 0
175 send 172 1300 16 0
175 send 174 1100 16 0
175 wait 173 176 1100
175 wait 175 176 1300
175 irecv 179 2100 200 0
175 irecv 171 2300 200 0
175 send 179 2300 40 0
175 send 171 2100 40 0
175 wait 180 176 2100
175 wait 172 176 2300
175 irecv 207 3100 200 0
175 irecv 143 3300 200 0
175 send 207 3300 60 0
175 send 143 3100 60 0
175 wait 208 176 3100
175 wait 144 176 3300
175 irecv 172 1100 200 0
175 irecv 174 1300 200 0
175 send 172 1300 4 0
175 send 174 1100 4 0
175 wait 173 176 1100
175 wait 175 176 1300
175 irecv 179 2100 200 0
175 irecv 171 2300 200 0
175 send 179 2300 12 0
175 send 171 2100 12 0
175 wait 180 176 2100
175 wait 172 176 2300
175 irecv 207 3100 200 0
175 irecv 143 3300 200 0
175 send 207 3300 24 0
175 send 143 3100 24 0
175 wait 208 176 3100
175 wait 144 176 3300
175 irecv 172 1100 200 0
175 irecv 174 1300 200 0
175 send 172 1300 1 0
175 send 174 1100 1 0
175 wait 173 176 1100
175 wait 175 176 1300
175 irecv 179 2100 200 0
175 irecv 171 2300 200 0
175 send 179 2300 4 0
175 send 171 2100 4 0
175 wait 180 176 2100
175 wait 172 176 2300
175 irecv 207 3100 200 0
175 irecv 143 3300 200 0
175 send 207 3300 12 0
175 send 143 3100 12 0
175 wait 208 176 3100
175 wait 144 176 3300
175 irecv 172 1100 200 0
175 irecv 174 1300 200 0
175 send 172 1300 1 0
175 send 174 1100 1 0
175 wait 173 176 1100
175 wait 175 176 1300
175 irecv 183 2100 200 0
175 irecv 167 2300 200 0
175 send 183 2300 3 0
175 send 167 2100 3 0
175 wait 184 176 2100
175 wait 168 176 2300
175 irecv 239 3100 200 0
175 irecv 111 3300 200 0
175 send 239 3300 9 0
175 send 111 3100 9 0
175 wait 240 176 3100
175 wait 112 176 3300
175 send 172 1300 18 0
175 send 174 1100 9 0
175 send 183 2300 18 0
175 send 167 2100 9 0
175 irecv 239 3100 200 0
175 irecv 111 3300 200 0
175 wait 240 176 3100
175 wait 112 176 3300
175 irecv 172 1100 200 0
175 irecv 174 1300 200 0
175 send 172 1300 1 0
175 send 174 1100 1 0
175 wait 173 176 1100
175 wait 175 176 1300
175 irecv 183 2100 200 0
175 irecv 167 2300 200 0
175 send 183 2300 3 0
175 send 167 2100 3 0
175 wait 184 176 2100
175 wait 168 176 2300
175 irecv 239 3100 200 0
175 irecv 111 3300 200 0
175 send 239 3300 9 0
175 send 111 3100 9 0
175 wait 240 176 3100
175 wait 112 176 3300
175 irecv 172 1100 200 0
175 irecv 174 1300 200 0
175 send 172 1300 1 0
175 send 174 1100 1 0
175 wait 173 176 1100
175 wait 175 176 1300
175 irecv 183 2100 200 0
175 irecv 167 2300 200 0
175 send 183 2300 3 0
175 send 167 2100 3 0
175 wait 184 176 2100
175 wait 168 176 2300
175 irecv 239 3100 200 0
175 irecv 111 3300 200 0
175 send 239 3300 9 0
175 send 111 3100 9 0
175 wait 240 176 3100
175 wait 112 176 3300
175 send 179 2300 24 0
175 send 171 2100 12 0
175 send 207 3300 24 0
175 send 143 3100 12 0
175 irecv 172 1100 200 0
175 irecv 174 1300 200 0
175 send 172 1300 1 0
175 send 174 1100 1 0
175 wait 173 176 1100
175 wait 175 176 1300
175 irecv 179 2100 200 0
175 irecv 171 2300 200 0
175 send 179 2300 4 0
175 send 171 2100 4 0
175 wait 180 176 2100
175 wait 172 176 2300
175 irecv 207 3100 200 0
175 irecv 143 3300 200 0
175 send 207 3300 12 0
175 send 143 3100 12 0
175 wait 208 176 3100
175 wait 144 176 3300
175 irecv 172 1100 200 0
175 irecv 174 1300 200 0
175 send 172 1300 1 0
175 send 174 1100 1 0
175 wait 173 176 1100
175 wait 175 176 1300
175 irecv 179 2100 200 0
175 irecv 171 2300 200 0
175 send 179 2300 4 0
175 send 171 2100 4 0
175 wait 180 176 2100
175 wait 172 176 2300
175 irecv 207 3100 200 0
175 irecv 143 3300 200 0
175 send 207 3300 12 0
175 send 143 3100 12 0
175 wait 208 176 3100
175 wait 144 176 3300
175 irecv 172 1100 200 0
175 irecv 174 1300 200 0
175 send 172 1300 4 0
175 send 174 1100 4 0
175 wait 173 176 1100
175 wait 175 176 1300
175 irecv 179 2100 200 0
175 irecv 171 2300 200 0
175 send 179 2300 12 0
175 send 171 2100 12 0
175 wait 180 176 2100
175 wait 172 176 2300
175 irecv 207 3100 200 0
175 irecv 143 3300 200 0
175 send 207 3300 24 0
175 send 143 3100 24 0
175 wait 208 176 3100
175 wait 144 176 3300
175 irecv 172 1100 200 0
175 irecv 174 1300 200 0
175 send 172 1300 4 0
175 send 174 1100 4 0
175 wait 173 176 1100
175 wait 175 176 1300
175 irecv 179 2100 200 0
175 irecv 171 2300 200 0
175 send 179 2300 12 0
175 send 171 2100 12 0
175 wait 180 176 2100
175 wait 172 176 2300
175 irecv 207 3100 200 0
175 irecv 143 3300 200 0
175 send 207 3300 24 0
175 send 143 3100 24 0
175 wait 208 176 3100
175 wait 144 176 3300
175 irecv 172 1100 200 0
175 irecv 174 1300 200 0
175 send 172 1300 16 0
175 send 174 1100 16 0
175 wait 173 176 1100
175 wait 175 176 1300
175 irecv 179 2100 200 0
175 irecv 171 2300 200 0
175 send 179 2300 40 0
175 send 171 2100 40 0
175 wait 180 176 2100
175 wait 172 176 2300
175 irecv 207 3100 200 0
175 irecv 143 3300 200 0
175 send 207 3300 60 0
175 send 143 3100 60 0
175 wait 208 176 3100
175 wait 144 176 3300
175 irecv 172 1100 200 0
175 irecv 174 1300 200 0
175 send 172 1300 16 0
175 send 174 1100 16 0
175 wait 173 176 1100
175 wait 175 176 1300
175 irecv 179 2100 200 0
175 irecv 171 2300 200 0
175 send 179 2300 40 0
175 send 171 2100 40 0
175 wait 180 176 2100
175 wait 172 176 2300
175 irecv 207 3100 200 0
175 irecv 143 3300 200 0
175 send 207 3300 60 0
175 send 143 3100 60 0
175 wait 208 176 3100
175 wait 144 176 3300
175 irecv 172 1100 200 0
175 irecv 174 1300 200 0
175 send 172 1300 16 0
175 send 174 1100 16 0
175 wait 173 176 1100
175 wait 175 176 1300
175 irecv 179 2100 200 0
175 irecv 171 2300 200 0
175 send 179 2300 40 0
175 send 171 2100 40 0
175 wait 180 176 2100
175 wait 172 176 2300
175 irecv 207 3100 200 0
175 irecv 143 3300 200 0
175 send 207 3300 60 0
175 send 143 3100 60 0
175 wait 208 176 3100
175 wait 144 176 3300
175 allreduce 1 0 0 
175 allreduce 1 0 0 
175 reduce 1 0 0 0 
175 finalize
