44 init
44 barrier
44 bcast 1 0 1 
44 bcast 1 0 1 
44 bcast 1 0 1 
44 bcast 1 0 1 
44 bcast 1 0 1 
44 bcast 8 0 1 
44 bcast 1 0 16 
44 barrier
44 allreduce 1 0 0 
44 allreduce 4 0 1 
44 allreduce 1 0 0 
44 allreduce 4 0 1 
44 allreduce 1 0 0 
44 allreduce 4 0 1 
44 allreduce 1 0 0 
44 allreduce 4 0 1 
44 allreduce 1 0 0 
44 allreduce 4 0 1 
44 allreduce 1 0 0 
44 allreduce 4 0 1 
44 allreduce 1 0 0 
44 allreduce 4 0 1 
44 allreduce 1 0 0 
44 allreduce 4 0 1 
44 allreduce 1 0 0 
44 allreduce 4 0 1 
44 allreduce 1 0 0 
44 allreduce 4 0 1 
44 allreduce 1 0 0 
44 allreduce 4 0 1 
44 allreduce 1 0 0 
44 allreduce 4 0 1 
44 allreduce 1 0 0 
44 allreduce 4 0 1 
44 allreduce 1 0 0 
44 allreduce 4 0 1 
44 allreduce 1 0 0 
44 allreduce 4 0 1 
44 allreduce 1 0 0 
44 allreduce 4 0 1 
44 allreduce 1 0 0 
44 allreduce 4 0 1 
44 allreduce 1 0 0 
44 allreduce 4 0 1 
44 allreduce 1 0 0 
44 allreduce 4 0 1 
44 allreduce 1 0 0 
44 allreduce 4 0 1 
44 barrier
44 irecv 45 1100 200 0
44 irecv 47 1300 200 0
44 send 45 1300 16 0
44 send 47 1100 16 0
44 wait 46 45 1100
44 wait 48 45 1300
44 irecv 48 2100 200 0
44 irecv 40 2300 200 0
44 send 48 2300 40 0
44 send 40 2100 40 0
44 wait 49 45 2100
44 wait 41 45 2300
44 irecv 76 3100 200 0
44 irecv 12 3300 200 0
44 send 76 3300 60 0
44 send 12 3100 60 0
44 wait 77 45 3100
44 wait 13 45 3300
44 allreduce 1 0 0 
44 allreduce 1 0 0 
44 irecv 45 1100 200 0
44 irecv 47 1300 200 0
44 send 45 1300 16 0
44 send 47 1100 16 0
44 wait 46 45 1100
44 wait 48 45 1300
44 irecv 48 2100 200 0
44 irecv 40 2300 200 0
44 send 48 2300 40 0
44 send 40 2100 40 0
44 wait 49 45 2100
44 wait 41 45 2300
44 irecv 76 3100 200 0
44 irecv 12 3300 200 0
44 send 76 3300 60 0
44 send 12 3100 60 0
44 wait 77 45 3100
44 wait 13 45 3300
44 allreduce 1 0 0 
44 allreduce 1 0 0 
44 irecv 45 1100 200 0
44 irecv 47 1300 200 0
44 send 45 1300 4 0
44 send 47 1100 4 0
44 wait 46 45 1100
44 wait 48 45 1300
44 irecv 48 2100 200 0
44 irecv 40 2300 200 0
44 send 48 2300 12 0
44 send 40 2100 12 0
44 wait 49 45 2100
44 wait 41 45 2300
44 irecv 76 3100 200 0
44 irecv 12 3300 200 0
44 send 76 3300 24 0
44 send 12 3100 24 0
44 wait 77 45 3100
44 wait 13 45 3300
44 irecv 45 1100 200 0
44 irecv 47 1300 200 0
44 send 45 1300 1 0
44 send 47 1100 1 0
44 wait 46 45 1100
44 wait 48 45 1300
44 irecv 48 2100 200 0
44 irecv 40 2300 200 0
44 send 48 2300 4 0
44 send 40 2100 4 0
44 wait 49 45 2100
44 wait 41 45 2300
44 irecv 76 3100 200 0
44 irecv 12 3300 200 0
44 send 76 3300 12 0
44 send 12 3100 12 0
44 wait 77 45 3100
44 wait 13 45 3300
44 irecv 45 1100 200 0
44 irecv 47 1300 200 0
44 send 45 1300 1 0
44 send 47 1100 1 0
44 wait 46 45 1100
44 wait 48 45 1300
44 irecv 52 2100 200 0
44 irecv 36 2300 200 0
44 send 52 2300 3 0
44 send 36 2100 3 0
44 wait 53 45 2100
44 wait 37 45 2300
44 irecv 108 3100 200 0
44 irecv 236 3300 200 0
44 send 108 3300 9 0
44 send 236 3100 9 0
44 wait 109 45 3100
44 wait 237 45 3300
44 irecv 45 1100 200 0
44 irecv 47 1300 200 0
44 wait 46 45 1100
44 wait 48 45 1300
44 send 52 2300 18 0
44 send 36 2100 9 0
44 irecv 108 3100 200 0
44 irecv 236 3300 200 0
44 wait 109 45 3100
44 wait 237 45 3300
44 irecv 45 1100 200 0
44 irecv 47 1300 200 0
44 send 45 1300 1 0
44 send 47 1100 1 0
44 wait 46 45 1100
44 wait 48 45 1300
44 irecv 52 2100 200 0
44 irecv 36 2300 200 0
44 send 52 2300 3 0
44 send 36 2100 3 0
44 wait 53 45 2100
44 wait 37 45 2300
44 irecv 108 3100 200 0
44 irecv 236 3300 200 0
44 send 108 3300 9 0
44 send 236 3100 9 0
44 wait 109 45 3100
44 wait 237 45 3300
44 irecv 45 1100 200 0
44 irecv 47 1300 200 0
44 send 45 1300 1 0
44 send 47 1100 1 0
44 wait 46 45 1100
44 wait 48 45 1300
44 irecv 52 2100 200 0
44 irecv 36 2300 200 0
44 send 52 2300 3 0
44 send 36 2100 3 0
44 wait 53 45 2100
44 wait 37 45 2300
44 irecv 108 3100 200 0
44 irecv 236 3300 200 0
44 send 108 3300 9 0
44 send 236 3100 9 0
44 wait 109 45 3100
44 wait 237 45 3300
44 send 48 2300 24 0
44 send 40 2100 12 0
44 send 76 3300 24 0
44 send 12 3100 12 0
44 irecv 45 1100 200 0
44 irecv 47 1300 200 0
44 send 45 1300 1 0
44 send 47 1100 1 0
44 wait 46 45 1100
44 wait 48 45 1300
44 irecv 48 2100 200 0
44 irecv 40 2300 200 0
44 send 48 2300 4 0
44 send 40 2100 4 0
44 wait 49 45 2100
44 wait 41 45 2300
44 irecv 76 3100 200 0
44 irecv 12 3300 200 0
44 send 76 3300 12 0
44 send 12 3100 12 0
44 wait 77 45 3100
44 wait 13 45 3300
44 irecv 45 1100 200 0
44 irecv 47 1300 200 0
44 send 45 1300 1 0
44 send 47 1100 1 0
44 wait 46 45 1100
44 wait 48 45 1300
44 irecv 48 2100 200 0
44 irecv 40 2300 200 0
44 send 48 2300 4 0
44 send 40 2100 4 0
44 wait 49 45 2100
44 wait 41 45 2300
44 irecv 76 3100 200 0
44 irecv 12 3300 200 0
44 send 76 3300 12 0
44 send 12 3100 12 0
44 wait 77 45 3100
44 wait 13 45 3300
44 irecv 45 1100 200 0
44 irecv 47 1300 200 0
44 send 45 1300 4 0
44 send 47 1100 4 0
44 wait 46 45 1100
44 wait 48 45 1300
44 irecv 48 2100 200 0
44 irecv 40 2300 200 0
44 send 48 2300 12 0
44 send 40 2100 12 0
44 wait 49 45 2100
44 wait 41 45 2300
44 irecv 76 3100 200 0
44 irecv 12 3300 200 0
44 send 76 3300 24 0
44 send 12 3100 24 0
44 wait 77 45 3100
44 wait 13 45 3300
44 irecv 45 1100 200 0
44 irecv 47 1300 200 0
44 send 45 1300 4 0
44 send 47 1100 4 0
44 wait 46 45 1100
44 wait 48 45 1300
44 irecv 48 2100 200 0
44 irecv 40 2300 200 0
44 send 48 2300 12 0
44 send 40 2100 12 0
44 wait 49 45 2100
44 wait 41 45 2300
44 irecv 76 3100 200 0
44 irecv 12 3300 200 0
44 send 76 3300 24 0
44 send 12 3100 24 0
44 wait 77 45 3100
44 wait 13 45 3300
44 irecv 45 1100 200 0
44 irecv 47 1300 200 0
44 send 45 1300 16 0
44 send 47 1100 16 0
44 wait 46 45 1100
44 wait 48 45 1300
44 irecv 48 2100 200 0
44 irecv 40 2300 200 0
44 send 48 2300 40 0
44 send 40 2100 40 0
44 wait 49 45 2100
44 wait 41 45 2300
44 irecv 76 3100 200 0
44 irecv 12 3300 200 0
44 send 76 3300 60 0
44 send 12 3100 60 0
44 wait 77 45 3100
44 wait 13 45 3300
44 irecv 45 1100 200 0
44 irecv 47 1300 200 0
44 send 45 1300 16 0
44 send 47 1100 16 0
44 wait 46 45 1100
44 wait 48 45 1300
44 irecv 48 2100 200 0
44 irecv 40 2300 200 0
44 send 48 2300 40 0
44 send 40 2100 40 0
44 wait 49 45 2100
44 wait 41 45 2300
44 irecv 76 3100 200 0
44 irecv 12 3300 200 0
44 send 76 3300 60 0
44 send 12 3100 60 0
44 wait 77 45 3100
44 wait 13 45 3300
44 irecv 45 1100 200 0
44 irecv 47 1300 200 0
44 send 45 1300 16 0
44 send 47 1100 16 0
44 wait 46 45 1100
44 wait 48 45 1300
44 irecv 48 2100 200 0
44 irecv 40 2300 200 0
44 send 48 2300 40 0
44 send 40 2100 40 0
44 wait 49 45 2100
44 wait 41 45 2300
44 irecv 76 3100 200 0
44 irecv 12 3300 200 0
44 send 76 3300 60 0
44 send 12 3100 60 0
44 wait 77 45 3100
44 wait 13 45 3300
44 barrier
44 allreduce 1 0 0 
44 allreduce 4 0 1 
44 allreduce 1 0 0 
44 allreduce 4 0 1 
44 allreduce 1 0 0 
44 allreduce 4 0 1 
44 allreduce 1 0 0 
44 allreduce 4 0 1 
44 allreduce 1 0 0 
44 allreduce 4 0 1 
44 allreduce 1 0 0 
44 allreduce 4 0 1 
44 allreduce 1 0 0 
44 allreduce 4 0 1 
44 allreduce 1 0 0 
44 allreduce 4 0 1 
44 allreduce 1 0 0 
44 allreduce 4 0 1 
44 allreduce 1 0 0 
44 allreduce 4 0 1 
44 allreduce 1 0 0 
44 allreduce 4 0 1 
44 allreduce 1 0 0 
44 allreduce 4 0 1 
44 allreduce 1 0 0 
44 allreduce 4 0 1 
44 allreduce 1 0 0 
44 allreduce 4 0 1 
44 allreduce 1 0 0 
44 allreduce 4 0 1 
44 allreduce 1 0 0 
44 allreduce 4 0 1 
44 allreduce 1 0 0 
44 allreduce 4 0 1 
44 allreduce 1 0 0 
44 allreduce 4 0 1 
44 allreduce 1 0 0 
44 allreduce 4 0 1 
44 allreduce 1 0 0 
44 allreduce 4 0 1 
44 barrier
44 irecv 45 1100 200 0
44 irecv 47 1300 200 0
44 send 45 1300 16 0
44 send 47 1100 16 0
44 wait 46 45 1100
44 wait 48 45 1300
44 irecv 48 2100 200 0
44 irecv 40 2300 200 0
44 send 48 2300 40 0
44 send 40 2100 40 0
44 wait 49 45 2100
44 wait 41 45 2300
44 irecv 76 3100 200 0
44 irecv 12 3300 200 0
44 send 76 3300 60 0
44 send 12 3100 60 0
44 wait 77 45 3100
44 wait 13 45 3300
44 barrier
44 irecv 45 1100 200 0
44 irecv 47 1300 200 0
44 send 45 1300 16 0
44 send 47 1100 16 0
44 wait 46 45 1100
44 wait 48 45 1300
44 irecv 48 2100 200 0
44 irecv 40 2300 200 0
44 send 48 2300 40 0
44 send 40 2100 40 0
44 wait 49 45 2100
44 wait 41 45 2300
44 irecv 76 3100 200 0
44 irecv 12 3300 200 0
44 send 76 3300 60 0
44 send 12 3100 60 0
44 wait 77 45 3100
44 wait 13 45 3300
44 allreduce 1 0 0 
44 allreduce 1 0 0 
44 irecv 45 1100 200 0
44 irecv 47 1300 200 0
44 send 45 1300 4 0
44 send 47 1100 4 0
44 wait 46 45 1100
44 wait 48 45 1300
44 irecv 48 2100 200 0
44 irecv 40 2300 200 0
44 send 48 2300 12 0
44 send 40 2100 12 0
44 wait 49 45 2100
44 wait 41 45 2300
44 irecv 76 3100 200 0
44 irecv 12 3300 200 0
44 send 76 3300 24 0
44 send 12 3100 24 0
44 wait 77 45 3100
44 wait 13 45 3300
44 irecv 45 1100 200 0
44 irecv 47 1300 200 0
44 send 45 1300 1 0
44 send 47 1100 1 0
44 wait 46 45 1100
44 wait 48 45 1300
44 irecv 48 2100 200 0
44 irecv 40 2300 200 0
44 send 48 2300 4 0
44 send 40 2100 4 0
44 wait 49 45 2100
44 wait 41 45 2300
44 irecv 76 3100 200 0
44 irecv 12 3300 200 0
44 send 76 3300 12 0
44 send 12 3100 12 0
44 wait 77 45 3100
44 wait 13 45 3300
44 irecv 45 1100 200 0
44 irecv 47 1300 200 0
44 send 45 1300 1 0
44 send 47 1100 1 0
44 wait 46 45 1100
44 wait 48 45 1300
44 irecv 52 2100 200 0
44 irecv 36 2300 200 0
44 send 52 2300 3 0
44 send 36 2100 3 0
44 wait 53 45 2100
44 wait 37 45 2300
44 irecv 108 3100 200 0
44 irecv 236 3300 200 0
44 send 108 3300 9 0
44 send 236 3100 9 0
44 wait 109 45 3100
44 wait 237 45 3300
44 irecv 45 1100 200 0
44 irecv 47 1300 200 0
44 wait 46 45 1100
44 wait 48 45 1300
44 send 52 2300 18 0
44 send 36 2100 9 0
44 irecv 108 3100 200 0
44 irecv 236 3300 200 0
44 wait 109 45 3100
44 wait 237 45 3300
44 irecv 45 1100 200 0
44 irecv 47 1300 200 0
44 send 45 1300 1 0
44 send 47 1100 1 0
44 wait 46 45 1100
44 wait 48 45 1300
44 irecv 52 2100 200 0
44 irecv 36 2300 200 0
44 send 52 2300 3 0
44 send 36 2100 3 0
44 wait 53 45 2100
44 wait 37 45 2300
44 irecv 108 3100 200 0
44 irecv 236 3300 200 0
44 send 108 3300 9 0
44 send 236 3100 9 0
44 wait 109 45 3100
44 wait 237 45 3300
44 irecv 45 1100 200 0
44 irecv 47 1300 200 0
44 send 45 1300 1 0
44 send 47 1100 1 0
44 wait 46 45 1100
44 wait 48 45 1300
44 irecv 52 2100 200 0
44 irecv 36 2300 200 0
44 send 52 2300 3 0
44 send 36 2100 3 0
44 wait 53 45 2100
44 wait 37 45 2300
44 irecv 108 3100 200 0
44 irecv 236 3300 200 0
44 send 108 3300 9 0
44 send 236 3100 9 0
44 wait 109 45 3100
44 wait 237 45 3300
44 send 48 2300 24 0
44 send 40 2100 12 0
44 send 76 3300 24 0
44 send 12 3100 12 0
44 irecv 45 1100 200 0
44 irecv 47 1300 200 0
44 send 45 1300 1 0
44 send 47 1100 1 0
44 wait 46 45 1100
44 wait 48 45 1300
44 irecv 48 2100 200 0
44 irecv 40 2300 200 0
44 send 48 2300 4 0
44 send 40 2100 4 0
44 wait 49 45 2100
44 wait 41 45 2300
44 irecv 76 3100 200 0
44 irecv 12 3300 200 0
44 send 76 3300 12 0
44 send 12 3100 12 0
44 wait 77 45 3100
44 wait 13 45 3300
44 irecv 45 1100 200 0
44 irecv 47 1300 200 0
44 send 45 1300 1 0
44 send 47 1100 1 0
44 wait 46 45 1100
44 wait 48 45 1300
44 irecv 48 2100 200 0
44 irecv 40 2300 200 0
44 send 48 2300 4 0
44 send 40 2100 4 0
44 wait 49 45 2100
44 wait 41 45 2300
44 irecv 76 3100 200 0
44 irecv 12 3300 200 0
44 send 76 3300 12 0
44 send 12 3100 12 0
44 wait 77 45 3100
44 wait 13 45 3300
44 irecv 45 1100 200 0
44 irecv 47 1300 200 0
44 send 45 1300 4 0
44 send 47 1100 4 0
44 wait 46 45 1100
44 wait 48 45 1300
44 irecv 48 2100 200 0
44 irecv 40 2300 200 0
44 send 48 2300 12 0
44 send 40 2100 12 0
44 wait 49 45 2100
44 wait 41 45 2300
44 irecv 76 3100 200 0
44 irecv 12 3300 200 0
44 send 76 3300 24 0
44 send 12 3100 24 0
44 wait 77 45 3100
44 wait 13 45 3300
44 irecv 45 1100 200 0
44 irecv 47 1300 200 0
44 send 45 1300 4 0
44 send 47 1100 4 0
44 wait 46 45 1100
44 wait 48 45 1300
44 irecv 48 2100 200 0
44 irecv 40 2300 200 0
44 send 48 2300 12 0
44 send 40 2100 12 0
44 wait 49 45 2100
44 wait 41 45 2300
44 irecv 76 3100 200 0
44 irecv 12 3300 200 0
44 send 76 3300 24 0
44 send 12 3100 24 0
44 wait 77 45 3100
44 wait 13 45 3300
44 irecv 45 1100 200 0
44 irecv 47 1300 200 0
44 send 45 1300 16 0
44 send 47 1100 16 0
44 wait 46 45 1100
44 wait 48 45 1300
44 irecv 48 2100 200 0
44 irecv 40 2300 200 0
44 send 48 2300 40 0
44 send 40 2100 40 0
44 wait 49 45 2100
44 wait 41 45 2300
44 irecv 76 3100 200 0
44 irecv 12 3300 200 0
44 send 76 3300 60 0
44 send 12 3100 60 0
44 wait 77 45 3100
44 wait 13 45 3300
44 irecv 45 1100 200 0
44 irecv 47 1300 200 0
44 send 45 1300 16 0
44 send 47 1100 16 0
44 wait 46 45 1100
44 wait 48 45 1300
44 irecv 48 2100 200 0
44 irecv 40 2300 200 0
44 send 48 2300 40 0
44 send 40 2100 40 0
44 wait 49 45 2100
44 wait 41 45 2300
44 irecv 76 3100 200 0
44 irecv 12 3300 200 0
44 send 76 3300 60 0
44 send 12 3100 60 0
44 wait 77 45 3100
44 wait 13 45 3300
44 irecv 45 1100 200 0
44 irecv 47 1300 200 0
44 send 45 1300 16 0
44 send 47 1100 16 0
44 wait 46 45 1100
44 wait 48 45 1300
44 irecv 48 2100 200 0
44 irecv 40 2300 200 0
44 send 48 2300 40 0
44 send 40 2100 40 0
44 wait 49 45 2100
44 wait 41 45 2300
44 irecv 76 3100 200 0
44 irecv 12 3300 200 0
44 send 76 3300 60 0
44 send 12 3100 60 0
44 wait 77 45 3100
44 wait 13 45 3300
44 irecv 45 1100 200 0
44 irecv 47 1300 200 0
44 send 45 1300 4 0
44 send 47 1100 4 0
44 wait 46 45 1100
44 wait 48 45 1300
44 irecv 48 2100 200 0
44 irecv 40 2300 200 0
44 send 48 2300 12 0
44 send 40 2100 12 0
44 wait 49 45 2100
44 wait 41 45 2300
44 irecv 76 3100 200 0
44 irecv 12 3300 200 0
44 send 76 3300 24 0
44 send 12 3100 24 0
44 wait 77 45 3100
44 wait 13 45 3300
44 irecv 45 1100 200 0
44 irecv 47 1300 200 0
44 send 45 1300 1 0
44 send 47 1100 1 0
44 wait 46 45 1100
44 wait 48 45 1300
44 irecv 48 2100 200 0
44 irecv 40 2300 200 0
44 send 48 2300 4 0
44 send 40 2100 4 0
44 wait 49 45 2100
44 wait 41 45 2300
44 irecv 76 3100 200 0
44 irecv 12 3300 200 0
44 send 76 3300 12 0
44 send 12 3100 12 0
44 wait 77 45 3100
44 wait 13 45 3300
44 irecv 45 1100 200 0
44 irecv 47 1300 200 0
44 send 45 1300 1 0
44 send 47 1100 1 0
44 wait 46 45 1100
44 wait 48 45 1300
44 irecv 52 2100 200 0
44 irecv 36 2300 200 0
44 send 52 2300 3 0
44 send 36 2100 3 0
44 wait 53 45 2100
44 wait 37 45 2300
44 irecv 108 3100 200 0
44 irecv 236 3300 200 0
44 send 108 3300 9 0
44 send 236 3100 9 0
44 wait 109 45 3100
44 wait 237 45 3300
44 irecv 45 1100 200 0
44 irecv 47 1300 200 0
44 wait 46 45 1100
44 wait 48 45 1300
44 send 52 2300 18 0
44 send 36 2100 9 0
44 irecv 108 3100 200 0
44 irecv 236 3300 200 0
44 wait 109 45 3100
44 wait 237 45 3300
44 irecv 45 1100 200 0
44 irecv 47 1300 200 0
44 send 45 1300 1 0
44 send 47 1100 1 0
44 wait 46 45 1100
44 wait 48 45 1300
44 irecv 52 2100 200 0
44 irecv 36 2300 200 0
44 send 52 2300 3 0
44 send 36 2100 3 0
44 wait 53 45 2100
44 wait 37 45 2300
44 irecv 108 3100 200 0
44 irecv 236 3300 200 0
44 send 108 3300 9 0
44 send 236 3100 9 0
44 wait 109 45 3100
44 wait 237 45 3300
44 irecv 45 1100 200 0
44 irecv 47 1300 200 0
44 send 45 1300 1 0
44 send 47 1100 1 0
44 wait 46 45 1100
44 wait 48 45 1300
44 irecv 52 2100 200 0
44 irecv 36 2300 200 0
44 send 52 2300 3 0
44 send 36 2100 3 0
44 wait 53 45 2100
44 wait 37 45 2300
44 irecv 108 3100 200 0
44 irecv 236 3300 200 0
44 send 108 3300 9 0
44 send 236 3100 9 0
44 wait 109 45 3100
44 wait 237 45 3300
44 send 48 2300 24 0
44 send 40 2100 12 0
44 send 76 3300 24 0
44 send 12 3100 12 0
44 irecv 45 1100 200 0
44 irecv 47 1300 200 0
44 send 45 1300 1 0
44 send 47 1100 1 0
44 wait 46 45 1100
44 wait 48 45 1300
44 irecv 48 2100 200 0
44 irecv 40 2300 200 0
44 send 48 2300 4 0
44 send 40 2100 4 0
44 wait 49 45 2100
44 wait 41 45 2300
44 irecv 76 3100 200 0
44 irecv 12 3300 200 0
44 send 76 3300 12 0
44 send 12 3100 12 0
44 wait 77 45 3100
44 wait 13 45 3300
44 irecv 45 1100 200 0
44 irecv 47 1300 200 0
44 send 45 1300 1 0
44 send 47 1100 1 0
44 wait 46 45 1100
44 wait 48 45 1300
44 irecv 48 2100 200 0
44 irecv 40 2300 200 0
44 send 48 2300 4 0
44 send 40 2100 4 0
44 wait 49 45 2100
44 wait 41 45 2300
44 irecv 76 3100 200 0
44 irecv 12 3300 200 0
44 send 76 3300 12 0
44 send 12 3100 12 0
44 wait 77 45 3100
44 wait 13 45 3300
44 irecv 45 1100 200 0
44 irecv 47 1300 200 0
44 send 45 1300 4 0
44 send 47 1100 4 0
44 wait 46 45 1100
44 wait 48 45 1300
44 irecv 48 2100 200 0
44 irecv 40 2300 200 0
44 send 48 2300 12 0
44 send 40 2100 12 0
44 wait 49 45 2100
44 wait 41 45 2300
44 irecv 76 3100 200 0
44 irecv 12 3300 200 0
44 send 76 3300 24 0
44 send 12 3100 24 0
44 wait 77 45 3100
44 wait 13 45 3300
44 irecv 45 1100 200 0
44 irecv 47 1300 200 0
44 send 45 1300 4 0
44 send 47 1100 4 0
44 wait 46 45 1100
44 wait 48 45 1300
44 irecv 48 2100 200 0
44 irecv 40 2300 200 0
44 send 48 2300 12 0
44 send 40 2100 12 0
44 wait 49 45 2100
44 wait 41 45 2300
44 irecv 76 3100 200 0
44 irecv 12 3300 200 0
44 send 76 3300 24 0
44 send 12 3100 24 0
44 wait 77 45 3100
44 wait 13 45 3300
44 irecv 45 1100 200 0
44 irecv 47 1300 200 0
44 send 45 1300 16 0
44 send 47 1100 16 0
44 wait 46 45 1100
44 wait 48 45 1300
44 irecv 48 2100 200 0
44 irecv 40 2300 200 0
44 send 48 2300 40 0
44 send 40 2100 40 0
44 wait 49 45 2100
44 wait 41 45 2300
44 irecv 76 3100 200 0
44 irecv 12 3300 200 0
44 send 76 3300 60 0
44 send 12 3100 60 0
44 wait 77 45 3100
44 wait 13 45 3300
44 irecv 45 1100 200 0
44 irecv 47 1300 200 0
44 send 45 1300 16 0
44 send 47 1100 16 0
44 wait 46 45 1100
44 wait 48 45 1300
44 irecv 48 2100 200 0
44 irecv 40 2300 200 0
44 send 48 2300 40 0
44 send 40 2100 40 0
44 wait 49 45 2100
44 wait 41 45 2300
44 irecv 76 3100 200 0
44 irecv 12 3300 200 0
44 send 76 3300 60 0
44 send 12 3100 60 0
44 wait 77 45 3100
44 wait 13 45 3300
44 irecv 45 1100 200 0
44 irecv 47 1300 200 0
44 send 45 1300 16 0
44 send 47 1100 16 0
44 wait 46 45 1100
44 wait 48 45 1300
44 irecv 48 2100 200 0
44 irecv 40 2300 200 0
44 send 48 2300 40 0
44 send 40 2100 40 0
44 wait 49 45 2100
44 wait 41 45 2300
44 irecv 76 3100 200 0
44 irecv 12 3300 200 0
44 send 76 3300 60 0
44 send 12 3100 60 0
44 wait 77 45 3100
44 wait 13 45 3300
44 irecv 45 1100 200 0
44 irecv 47 1300 200 0
44 send 45 1300 4 0
44 send 47 1100 4 0
44 wait 46 45 1100
44 wait 48 45 1300
44 irecv 48 2100 200 0
44 irecv 40 2300 200 0
44 send 48 2300 12 0
44 send 40 2100 12 0
44 wait 49 45 2100
44 wait 41 45 2300
44 irecv 76 3100 200 0
44 irecv 12 3300 200 0
44 send 76 3300 24 0
44 send 12 3100 24 0
44 wait 77 45 3100
44 wait 13 45 3300
44 irecv 45 1100 200 0
44 irecv 47 1300 200 0
44 send 45 1300 1 0
44 send 47 1100 1 0
44 wait 46 45 1100
44 wait 48 45 1300
44 irecv 48 2100 200 0
44 irecv 40 2300 200 0
44 send 48 2300 4 0
44 send 40 2100 4 0
44 wait 49 45 2100
44 wait 41 45 2300
44 irecv 76 3100 200 0
44 irecv 12 3300 200 0
44 send 76 3300 12 0
44 send 12 3100 12 0
44 wait 77 45 3100
44 wait 13 45 3300
44 irecv 45 1100 200 0
44 irecv 47 1300 200 0
44 send 45 1300 1 0
44 send 47 1100 1 0
44 wait 46 45 1100
44 wait 48 45 1300
44 irecv 52 2100 200 0
44 irecv 36 2300 200 0
44 send 52 2300 3 0
44 send 36 2100 3 0
44 wait 53 45 2100
44 wait 37 45 2300
44 irecv 108 3100 200 0
44 irecv 236 3300 200 0
44 send 108 3300 9 0
44 send 236 3100 9 0
44 wait 109 45 3100
44 wait 237 45 3300
44 irecv 45 1100 200 0
44 irecv 47 1300 200 0
44 wait 46 45 1100
44 wait 48 45 1300
44 send 52 2300 18 0
44 send 36 2100 9 0
44 irecv 108 3100 200 0
44 irecv 236 3300 200 0
44 wait 109 45 3100
44 wait 237 45 3300
44 irecv 45 1100 200 0
44 irecv 47 1300 200 0
44 send 45 1300 1 0
44 send 47 1100 1 0
44 wait 46 45 1100
44 wait 48 45 1300
44 irecv 52 2100 200 0
44 irecv 36 2300 200 0
44 send 52 2300 3 0
44 send 36 2100 3 0
44 wait 53 45 2100
44 wait 37 45 2300
44 irecv 108 3100 200 0
44 irecv 236 3300 200 0
44 send 108 3300 9 0
44 send 236 3100 9 0
44 wait 109 45 3100
44 wait 237 45 3300
44 irecv 45 1100 200 0
44 irecv 47 1300 200 0
44 send 45 1300 1 0
44 send 47 1100 1 0
44 wait 46 45 1100
44 wait 48 45 1300
44 irecv 52 2100 200 0
44 irecv 36 2300 200 0
44 send 52 2300 3 0
44 send 36 2100 3 0
44 wait 53 45 2100
44 wait 37 45 2300
44 irecv 108 3100 200 0
44 irecv 236 3300 200 0
44 send 108 3300 9 0
44 send 236 3100 9 0
44 wait 109 45 3100
44 wait 237 45 3300
44 send 48 2300 24 0
44 send 40 2100 12 0
44 send 76 3300 24 0
44 send 12 3100 12 0
44 irecv 45 1100 200 0
44 irecv 47 1300 200 0
44 send 45 1300 1 0
44 send 47 1100 1 0
44 wait 46 45 1100
44 wait 48 45 1300
44 irecv 48 2100 200 0
44 irecv 40 2300 200 0
44 send 48 2300 4 0
44 send 40 2100 4 0
44 wait 49 45 2100
44 wait 41 45 2300
44 irecv 76 3100 200 0
44 irecv 12 3300 200 0
44 send 76 3300 12 0
44 send 12 3100 12 0
44 wait 77 45 3100
44 wait 13 45 3300
44 irecv 45 1100 200 0
44 irecv 47 1300 200 0
44 send 45 1300 1 0
44 send 47 1100 1 0
44 wait 46 45 1100
44 wait 48 45 1300
44 irecv 48 2100 200 0
44 irecv 40 2300 200 0
44 send 48 2300 4 0
44 send 40 2100 4 0
44 wait 49 45 2100
44 wait 41 45 2300
44 irecv 76 3100 200 0
44 irecv 12 3300 200 0
44 send 76 3300 12 0
44 send 12 3100 12 0
44 wait 77 45 3100
44 wait 13 45 3300
44 irecv 45 1100 200 0
44 irecv 47 1300 200 0
44 send 45 1300 4 0
44 send 47 1100 4 0
44 wait 46 45 1100
44 wait 48 45 1300
44 irecv 48 2100 200 0
44 irecv 40 2300 200 0
44 send 48 2300 12 0
44 send 40 2100 12 0
44 wait 49 45 2100
44 wait 41 45 2300
44 irecv 76 3100 200 0
44 irecv 12 3300 200 0
44 send 76 3300 24 0
44 send 12 3100 24 0
44 wait 77 45 3100
44 wait 13 45 3300
44 irecv 45 1100 200 0
44 irecv 47 1300 200 0
44 send 45 1300 4 0
44 send 47 1100 4 0
44 wait 46 45 1100
44 wait 48 45 1300
44 irecv 48 2100 200 0
44 irecv 40 2300 200 0
44 send 48 2300 12 0
44 send 40 2100 12 0
44 wait 49 45 2100
44 wait 41 45 2300
44 irecv 76 3100 200 0
44 irecv 12 3300 200 0
44 send 76 3300 24 0
44 send 12 3100 24 0
44 wait 77 45 3100
44 wait 13 45 3300
44 irecv 45 1100 200 0
44 irecv 47 1300 200 0
44 send 45 1300 16 0
44 send 47 1100 16 0
44 wait 46 45 1100
44 wait 48 45 1300
44 irecv 48 2100 200 0
44 irecv 40 2300 200 0
44 send 48 2300 40 0
44 send 40 2100 40 0
44 wait 49 45 2100
44 wait 41 45 2300
44 irecv 76 3100 200 0
44 irecv 12 3300 200 0
44 send 76 3300 60 0
44 send 12 3100 60 0
44 wait 77 45 3100
44 wait 13 45 3300
44 irecv 45 1100 200 0
44 irecv 47 1300 200 0
44 send 45 1300 16 0
44 send 47 1100 16 0
44 wait 46 45 1100
44 wait 48 45 1300
44 irecv 48 2100 200 0
44 irecv 40 2300 200 0
44 send 48 2300 40 0
44 send 40 2100 40 0
44 wait 49 45 2100
44 wait 41 45 2300
44 irecv 76 3100 200 0
44 irecv 12 3300 200 0
44 send 76 3300 60 0
44 send 12 3100 60 0
44 wait 77 45 3100
44 wait 13 45 3300
44 irecv 45 1100 200 0
44 irecv 47 1300 200 0
44 send 45 1300 16 0
44 send 47 1100 16 0
44 wait 46 45 1100
44 wait 48 45 1300
44 irecv 48 2100 200 0
44 irecv 40 2300 200 0
44 send 48 2300 40 0
44 send 40 2100 40 0
44 wait 49 45 2100
44 wait 41 45 2300
44 irecv 76 3100 200 0
44 irecv 12 3300 200 0
44 send 76 3300 60 0
44 send 12 3100 60 0
44 wait 77 45 3100
44 wait 13 45 3300
44 irecv 45 1100 200 0
44 irecv 47 1300 200 0
44 send 45 1300 4 0
44 send 47 1100 4 0
44 wait 46 45 1100
44 wait 48 45 1300
44 irecv 48 2100 200 0
44 irecv 40 2300 200 0
44 send 48 2300 12 0
44 send 40 2100 12 0
44 wait 49 45 2100
44 wait 41 45 2300
44 irecv 76 3100 200 0
44 irecv 12 3300 200 0
44 send 76 3300 24 0
44 send 12 3100 24 0
44 wait 77 45 3100
44 wait 13 45 3300
44 irecv 45 1100 200 0
44 irecv 47 1300 200 0
44 send 45 1300 1 0
44 send 47 1100 1 0
44 wait 46 45 1100
44 wait 48 45 1300
44 irecv 48 2100 200 0
44 irecv 40 2300 200 0
44 send 48 2300 4 0
44 send 40 2100 4 0
44 wait 49 45 2100
44 wait 41 45 2300
44 irecv 76 3100 200 0
44 irecv 12 3300 200 0
44 send 76 3300 12 0
44 send 12 3100 12 0
44 wait 77 45 3100
44 wait 13 45 3300
44 irecv 45 1100 200 0
44 irecv 47 1300 200 0
44 send 45 1300 1 0
44 send 47 1100 1 0
44 wait 46 45 1100
44 wait 48 45 1300
44 irecv 52 2100 200 0
44 irecv 36 2300 200 0
44 send 52 2300 3 0
44 send 36 2100 3 0
44 wait 53 45 2100
44 wait 37 45 2300
44 irecv 108 3100 200 0
44 irecv 236 3300 200 0
44 send 108 3300 9 0
44 send 236 3100 9 0
44 wait 109 45 3100
44 wait 237 45 3300
44 irecv 45 1100 200 0
44 irecv 47 1300 200 0
44 wait 46 45 1100
44 wait 48 45 1300
44 send 52 2300 18 0
44 send 36 2100 9 0
44 irecv 108 3100 200 0
44 irecv 236 3300 200 0
44 wait 109 45 3100
44 wait 237 45 3300
44 irecv 45 1100 200 0
44 irecv 47 1300 200 0
44 send 45 1300 1 0
44 send 47 1100 1 0
44 wait 46 45 1100
44 wait 48 45 1300
44 irecv 52 2100 200 0
44 irecv 36 2300 200 0
44 send 52 2300 3 0
44 send 36 2100 3 0
44 wait 53 45 2100
44 wait 37 45 2300
44 irecv 108 3100 200 0
44 irecv 236 3300 200 0
44 send 108 3300 9 0
44 send 236 3100 9 0
44 wait 109 45 3100
44 wait 237 45 3300
44 irecv 45 1100 200 0
44 irecv 47 1300 200 0
44 send 45 1300 1 0
44 send 47 1100 1 0
44 wait 46 45 1100
44 wait 48 45 1300
44 irecv 52 2100 200 0
44 irecv 36 2300 200 0
44 send 52 2300 3 0
44 send 36 2100 3 0
44 wait 53 45 2100
44 wait 37 45 2300
44 irecv 108 3100 200 0
44 irecv 236 3300 200 0
44 send 108 3300 9 0
44 send 236 3100 9 0
44 wait 109 45 3100
44 wait 237 45 3300
44 send 48 2300 24 0
44 send 40 2100 12 0
44 send 76 3300 24 0
44 send 12 3100 12 0
44 irecv 45 1100 200 0
44 irecv 47 1300 200 0
44 send 45 1300 1 0
44 send 47 1100 1 0
44 wait 46 45 1100
44 wait 48 45 1300
44 irecv 48 2100 200 0
44 irecv 40 2300 200 0
44 send 48 2300 4 0
44 send 40 2100 4 0
44 wait 49 45 2100
44 wait 41 45 2300
44 irecv 76 3100 200 0
44 irecv 12 3300 200 0
44 send 76 3300 12 0
44 send 12 3100 12 0
44 wait 77 45 3100
44 wait 13 45 3300
44 irecv 45 1100 200 0
44 irecv 47 1300 200 0
44 send 45 1300 1 0
44 send 47 1100 1 0
44 wait 46 45 1100
44 wait 48 45 1300
44 irecv 48 2100 200 0
44 irecv 40 2300 200 0
44 send 48 2300 4 0
44 send 40 2100 4 0
44 wait 49 45 2100
44 wait 41 45 2300
44 irecv 76 3100 200 0
44 irecv 12 3300 200 0
44 send 76 3300 12 0
44 send 12 3100 12 0
44 wait 77 45 3100
44 wait 13 45 3300
44 irecv 45 1100 200 0
44 irecv 47 1300 200 0
44 send 45 1300 4 0
44 send 47 1100 4 0
44 wait 46 45 1100
44 wait 48 45 1300
44 irecv 48 2100 200 0
44 irecv 40 2300 200 0
44 send 48 2300 12 0
44 send 40 2100 12 0
44 wait 49 45 2100
44 wait 41 45 2300
44 irecv 76 3100 200 0
44 irecv 12 3300 200 0
44 send 76 3300 24 0
44 send 12 3100 24 0
44 wait 77 45 3100
44 wait 13 45 3300
44 irecv 45 1100 200 0
44 irecv 47 1300 200 0
44 send 45 1300 4 0
44 send 47 1100 4 0
44 wait 46 45 1100
44 wait 48 45 1300
44 irecv 48 2100 200 0
44 irecv 40 2300 200 0
44 send 48 2300 12 0
44 send 40 2100 12 0
44 wait 49 45 2100
44 wait 41 45 2300
44 irecv 76 3100 200 0
44 irecv 12 3300 200 0
44 send 76 3300 24 0
44 send 12 3100 24 0
44 wait 77 45 3100
44 wait 13 45 3300
44 irecv 45 1100 200 0
44 irecv 47 1300 200 0
44 send 45 1300 16 0
44 send 47 1100 16 0
44 wait 46 45 1100
44 wait 48 45 1300
44 irecv 48 2100 200 0
44 irecv 40 2300 200 0
44 send 48 2300 40 0
44 send 40 2100 40 0
44 wait 49 45 2100
44 wait 41 45 2300
44 irecv 76 3100 200 0
44 irecv 12 3300 200 0
44 send 76 3300 60 0
44 send 12 3100 60 0
44 wait 77 45 3100
44 wait 13 45 3300
44 irecv 45 1100 200 0
44 irecv 47 1300 200 0
44 send 45 1300 16 0
44 send 47 1100 16 0
44 wait 46 45 1100
44 wait 48 45 1300
44 irecv 48 2100 200 0
44 irecv 40 2300 200 0
44 send 48 2300 40 0
44 send 40 2100 40 0
44 wait 49 45 2100
44 wait 41 45 2300
44 irecv 76 3100 200 0
44 irecv 12 3300 200 0
44 send 76 3300 60 0
44 send 12 3100 60 0
44 wait 77 45 3100
44 wait 13 45 3300
44 irecv 45 1100 200 0
44 irecv 47 1300 200 0
44 send 45 1300 16 0
44 send 47 1100 16 0
44 wait 46 45 1100
44 wait 48 45 1300
44 irecv 48 2100 200 0
44 irecv 40 2300 200 0
44 send 48 2300 40 0
44 send 40 2100 40 0
44 wait 49 45 2100
44 wait 41 45 2300
44 irecv 76 3100 200 0
44 irecv 12 3300 200 0
44 send 76 3300 60 0
44 send 12 3100 60 0
44 wait 77 45 3100
44 wait 13 45 3300
44 allreduce 1 0 0 
44 allreduce 1 0 0 
44 reduce 1 0 0 0 
44 finalize
