229 init
229 barrier
229 bcast 1 0 1 
229 bcast 1 0 1 
229 bcast 1 0 1 
229 bcast 1 0 1 
229 bcast 1 0 1 
229 bcast 8 0 1 
229 bcast 1 0 16 
229 barrier
229 allreduce 1 0 0 
229 allreduce 4 0 1 
229 allreduce 1 0 0 
229 allreduce 4 0 1 
229 allreduce 1 0 0 
229 allreduce 4 0 1 
229 allreduce 1 0 0 
229 allreduce 4 0 1 
229 allreduce 1 0 0 
229 allreduce 4 0 1 
229 allreduce 1 0 0 
229 allreduce 4 0 1 
229 allreduce 1 0 0 
229 allreduce 4 0 1 
229 allreduce 1 0 0 
229 allreduce 4 0 1 
229 allreduce 1 0 0 
229 allreduce 4 0 1 
229 allreduce 1 0 0 
229 allreduce 4 0 1 
229 allreduce 1 0 0 
229 allreduce 4 0 1 
229 allreduce 1 0 0 
229 allreduce 4 0 1 
229 allreduce 1 0 0 
229 allreduce 4 0 1 
229 allreduce 1 0 0 
229 allreduce 4 0 1 
229 allreduce 1 0 0 
229 allreduce 4 0 1 
229 allreduce 1 0 0 
229 allreduce 4 0 1 
229 allreduce 1 0 0 
229 allreduce 4 0 1 
229 allreduce 1 0 0 
229 allreduce 4 0 1 
229 allreduce 1 0 0 
229 allreduce 4 0 1 
229 allreduce 1 0 0 
229 allreduce 4 0 1 
229 barrier
229 irecv 230 1100 200 0
229 irecv 228 1300 200 0
229 send 230 1300 16 0
229 send 228 1100 16 0
229 wait 231 230 1100
229 wait 229 230 1300
229 irecv 233 2100 200 0
229 irecv 225 2300 200 0
229 send 233 2300 40 0
229 send 225 2100 40 0
229 wait 234 230 2100
229 wait 226 230 2300
229 irecv 5 3100 200 0
229 irecv 197 3300 200 0
229 send 5 3300 60 0
229 send 197 3100 60 0
229 wait 6 230 3100
229 wait 198 230 3300
229 allreduce 1 0 0 
229 allreduce 1 0 0 
229 irecv 230 1100 200 0
229 irecv 228 1300 200 0
229 send 230 1300 16 0
229 send 228 1100 16 0
229 wait 231 230 1100
229 wait 229 230 1300
229 irecv 233 2100 200 0
229 irecv 225 2300 200 0
229 send 233 2300 40 0
229 send 225 2100 40 0
229 wait 234 230 2100
229 wait 226 230 2300
229 irecv 5 3100 200 0
229 irecv 197 3300 200 0
229 send 5 3300 60 0
229 send 197 3100 60 0
229 wait 6 230 3100
229 wait 198 230 3300
229 allreduce 1 0 0 
229 allreduce 1 0 0 
229 irecv 230 1100 200 0
229 irecv 228 1300 200 0
229 send 230 1300 4 0
229 send 228 1100 4 0
229 wait 231 230 1100
229 wait 229 230 1300
229 irecv 233 2100 200 0
229 irecv 225 2300 200 0
229 send 233 2300 12 0
229 send 225 2100 12 0
229 wait 234 230 2100
229 wait 226 230 2300
229 irecv 5 3100 200 0
229 irecv 197 3300 200 0
229 send 5 3300 24 0
229 send 197 3100 24 0
229 wait 6 230 3100
229 wait 198 230 3300
229 irecv 230 1100 200 0
229 irecv 228 1300 200 0
229 send 230 1300 1 0
229 send 228 1100 1 0
229 wait 231 230 1100
229 wait 229 230 1300
229 irecv 233 2100 200 0
229 irecv 225 2300 200 0
229 send 233 2300 4 0
229 send 225 2100 4 0
229 wait 234 230 2100
229 wait 226 230 2300
229 irecv 5 3100 200 0
229 irecv 197 3300 200 0
229 send 5 3300 12 0
229 send 197 3100 12 0
229 wait 6 230 3100
229 wait 198 230 3300
229 irecv 230 1100 200 0
229 irecv 228 1300 200 0
229 send 230 1300 1 0
229 send 228 1100 1 0
229 wait 231 230 1100
229 wait 229 230 1300
229 irecv 237 2100 200 0
229 irecv 253 2300 200 0
229 send 237 2300 3 0
229 send 253 2100 3 0
229 wait 238 230 2100
229 wait 254 230 2300
229 irecv 37 3100 200 0
229 irecv 165 3300 200 0
229 send 37 3300 9 0
229 send 165 3100 9 0
229 wait 38 230 3100
229 wait 166 230 3300
229 send 230 1300 18 0
229 send 228 1100 9 0
229 irecv 237 2100 200 0
229 irecv 253 2300 200 0
229 wait 238 230 2100
229 wait 254 230 2300
229 send 37 3300 18 0
229 send 165 3100 9 0
229 irecv 230 1100 200 0
229 irecv 228 1300 200 0
229 send 230 1300 1 0
229 send 228 1100 1 0
229 wait 231 230 1100
229 wait 229 230 1300
229 irecv 237 2100 200 0
229 irecv 253 2300 200 0
229 send 237 2300 3 0
229 send 253 2100 3 0
229 wait 238 230 2100
229 wait 254 230 2300
229 irecv 37 3100 200 0
229 irecv 165 3300 200 0
229 send 37 3300 9 0
229 send 165 3100 9 0
229 wait 38 230 3100
229 wait 166 230 3300
229 irecv 230 1100 200 0
229 irecv 228 1300 200 0
229 send 230 1300 1 0
229 send 228 1100 1 0
229 wait 231 230 1100
229 wait 229 230 1300
229 irecv 237 2100 200 0
229 irecv 253 2300 200 0
229 send 237 2300 3 0
229 send 253 2100 3 0
229 wait 238 230 2100
229 wait 254 230 2300
229 irecv 37 3100 200 0
229 irecv 165 3300 200 0
229 send 37 3300 9 0
229 send 165 3100 9 0
229 wait 38 230 3100
229 wait 166 230 3300
229 send 233 2300 24 0
229 send 225 2100 12 0
229 send 5 3300 24 0
229 send 197 3100 12 0
229 irecv 230 1100 200 0
229 irecv 228 1300 200 0
229 send 230 1300 1 0
229 send 228 1100 1 0
229 wait 231 230 1100
229 wait 229 230 1300
229 irecv 233 2100 200 0
229 irecv 225 2300 200 0
229 send 233 2300 4 0
229 send 225 2100 4 0
229 wait 234 230 2100
229 wait 226 230 2300
229 irecv 5 3100 200 0
229 irecv 197 3300 200 0
229 send 5 3300 12 0
229 send 197 3100 12 0
229 wait 6 230 3100
229 wait 198 230 3300
229 irecv 230 1100 200 0
229 irecv 228 1300 200 0
229 send 230 1300 1 0
229 send 228 1100 1 0
229 wait 231 230 1100
229 wait 229 230 1300
229 irecv 233 2100 200 0
229 irecv 225 2300 200 0
229 send 233 2300 4 0
229 send 225 2100 4 0
229 wait 234 230 2100
229 wait 226 230 2300
229 irecv 5 3100 200 0
229 irecv 197 3300 200 0
229 send 5 3300 12 0
229 send 197 3100 12 0
229 wait 6 230 3100
229 wait 198 230 3300
229 irecv 230 1100 200 0
229 irecv 228 1300 200 0
229 send 230 1300 4 0
229 send 228 1100 4 0
229 wait 231 230 1100
229 wait 229 230 1300
229 irecv 233 2100 200 0
229 irecv 225 2300 200 0
229 send 233 2300 12 0
229 send 225 2100 12 0
229 wait 234 230 2100
229 wait 226 230 2300
229 irecv 5 3100 200 0
229 irecv 197 3300 200 0
229 send 5 3300 24 0
229 send 197 3100 24 0
229 wait 6 230 3100
229 wait 198 230 3300
229 irecv 230 1100 200 0
229 irecv 228 1300 200 0
229 send 230 1300 4 0
229 send 228 1100 4 0
229 wait 231 230 1100
229 wait 229 230 1300
229 irecv 233 2100 200 0
229 irecv 225 2300 200 0
229 send 233 2300 12 0
229 send 225 2100 12 0
229 wait 234 230 2100
229 wait 226 230 2300
229 irecv 5 3100 200 0
229 irecv 197 3300 200 0
229 send 5 3300 24 0
229 send 197 3100 24 0
229 wait 6 230 3100
229 wait 198 230 3300
229 irecv 230 1100 200 0
229 irecv 228 1300 200 0
229 send 230 1300 16 0
229 send 228 1100 16 0
229 wait 231 230 1100
229 wait 229 230 1300
229 irecv 233 2100 200 0
229 irecv 225 2300 200 0
229 send 233 2300 40 0
229 send 225 2100 40 0
229 wait 234 230 2100
229 wait 226 230 2300
229 irecv 5 3100 200 0
229 irecv 197 3300 200 0
229 send 5 3300 60 0
229 send 197 3100 60 0
229 wait 6 230 3100
229 wait 198 230 3300
229 irecv 230 1100 200 0
229 irecv 228 1300 200 0
229 send 230 1300 16 0
229 send 228 1100 16 0
229 wait 231 230 1100
229 wait 229 230 1300
229 irecv 233 2100 200 0
229 irecv 225 2300 200 0
229 send 233 2300 40 0
229 send 225 2100 40 0
229 wait 234 230 2100
229 wait 226 230 2300
229 irecv 5 3100 200 0
229 irecv 197 3300 200 0
229 send 5 3300 60 0
229 send 197 3100 60 0
229 wait 6 230 3100
229 wait 198 230 3300
229 irecv 230 1100 200 0
229 irecv 228 1300 200 0
229 send 230 1300 16 0
229 send 228 1100 16 0
229 wait 231 230 1100
229 wait 229 230 1300
229 irecv 233 2100 200 0
229 irecv 225 2300 200 0
229 send 233 2300 40 0
229 send 225 2100 40 0
229 wait 234 230 2100
229 wait 226 230 2300
229 irecv 5 3100 200 0
229 irecv 197 3300 200 0
229 send 5 3300 60 0
229 send 197 3100 60 0
229 wait 6 230 3100
229 wait 198 230 3300
229 barrier
229 allreduce 1 0 0 
229 allreduce 4 0 1 
229 allreduce 1 0 0 
229 allreduce 4 0 1 
229 allreduce 1 0 0 
229 allreduce 4 0 1 
229 allreduce 1 0 0 
229 allreduce 4 0 1 
229 allreduce 1 0 0 
229 allreduce 4 0 1 
229 allreduce 1 0 0 
229 allreduce 4 0 1 
229 allreduce 1 0 0 
229 allreduce 4 0 1 
229 allreduce 1 0 0 
229 allreduce 4 0 1 
229 allreduce 1 0 0 
229 allreduce 4 0 1 
229 allreduce 1 0 0 
229 allreduce 4 0 1 
229 allreduce 1 0 0 
229 allreduce 4 0 1 
229 allreduce 1 0 0 
229 allreduce 4 0 1 
229 allreduce 1 0 0 
229 allreduce 4 0 1 
229 allreduce 1 0 0 
229 allreduce 4 0 1 
229 allreduce 1 0 0 
229 allreduce 4 0 1 
229 allreduce 1 0 0 
229 allreduce 4 0 1 
229 allreduce 1 0 0 
229 allreduce 4 0 1 
229 allreduce 1 0 0 
229 allreduce 4 0 1 
229 allreduce 1 0 0 
229 allreduce 4 0 1 
229 allreduce 1 0 0 
229 allreduce 4 0 1 
229 barrier
229 irecv 230 1100 200 0
229 irecv 228 1300 200 0
229 send 230 1300 16 0
229 send 228 1100 16 0
229 wait 231 230 1100
229 wait 229 230 1300
229 irecv 233 2100 200 0
229 irecv 225 2300 200 0
229 send 233 2300 40 0
229 send 225 2100 40 0
229 wait 234 230 2100
229 wait 226 230 2300
229 irecv 5 3100 200 0
229 irecv 197 3300 200 0
229 send 5 3300 60 0
229 send 197 3100 60 0
229 wait 6 230 3100
229 wait 198 230 3300
229 barrier
229 irecv 230 1100 200 0
229 irecv 228 1300 200 0
229 send 230 1300 16 0
229 send 228 1100 16 0
229 wait 231 230 1100
229 wait 229 230 1300
229 irecv 233 2100 200 0
229 irecv 225 2300 200 0
229 send 233 2300 40 0
229 send 225 2100 40 0
229 wait 234 230 2100
229 wait 226 230 2300
229 irecv 5 3100 200 0
229 irecv 197 3300 200 0
229 send 5 3300 60 0
229 send 197 3100 60 0
229 wait 6 230 3100
229 wait 198 230 3300
229 allreduce 1 0 0 
229 allreduce 1 0 0 
229 irecv 230 1100 200 0
229 irecv 228 1300 200 0
229 send 230 1300 4 0
229 send 228 1100 4 0
229 wait 231 230 1100
229 wait 229 230 1300
229 irecv 233 2100 200 0
229 irecv 225 2300 200 0
229 send 233 2300 12 0
229 send 225 2100 12 0
229 wait 234 230 2100
229 wait 226 230 2300
229 irecv 5 3100 200 0
229 irecv 197 3300 200 0
229 send 5 3300 24 0
229 send 197 3100 24 0
229 wait 6 230 3100
229 wait 198 230 3300
229 irecv 230 1100 200 0
229 irecv 228 1300 200 0
229 send 230 1300 1 0
229 send 228 1100 1 0
229 wait 231 230 1100
229 wait 229 230 1300
229 irecv 233 2100 200 0
229 irecv 225 2300 200 0
229 send 233 2300 4 0
229 send 225 2100 4 0
229 wait 234 230 2100
229 wait 226 230 2300
229 irecv 5 3100 200 0
229 irecv 197 3300 200 0
229 send 5 3300 12 0
229 send 197 3100 12 0
229 wait 6 230 3100
229 wait 198 230 3300
229 irecv 230 1100 200 0
229 irecv 228 1300 200 0
229 send 230 1300 1 0
229 send 228 1100 1 0
229 wait 231 230 1100
229 wait 229 230 1300
229 irecv 237 2100 200 0
229 irecv 253 2300 200 0
229 send 237 2300 3 0
229 send 253 2100 3 0
229 wait 238 230 2100
229 wait 254 230 2300
229 irecv 37 3100 200 0
229 irecv 165 3300 200 0
229 send 37 3300 9 0
229 send 165 3100 9 0
229 wait 38 230 3100
229 wait 166 230 3300
229 send 230 1300 18 0
229 send 228 1100 9 0
229 irecv 237 2100 200 0
229 irecv 253 2300 200 0
229 wait 238 230 2100
229 wait 254 230 2300
229 send 37 3300 18 0
229 send 165 3100 9 0
229 irecv 230 1100 200 0
229 irecv 228 1300 200 0
229 send 230 1300 1 0
229 send 228 1100 1 0
229 wait 231 230 1100
229 wait 229 230 1300
229 irecv 237 2100 200 0
229 irecv 253 2300 200 0
229 send 237 2300 3 0
229 send 253 2100 3 0
229 wait 238 230 2100
229 wait 254 230 2300
229 irecv 37 3100 200 0
229 irecv 165 3300 200 0
229 send 37 3300 9 0
229 send 165 3100 9 0
229 wait 38 230 3100
229 wait 166 230 3300
229 irecv 230 1100 200 0
229 irecv 228 1300 200 0
229 send 230 1300 1 0
229 send 228 1100 1 0
229 wait 231 230 1100
229 wait 229 230 1300
229 irecv 237 2100 200 0
229 irecv 253 2300 200 0
229 send 237 2300 3 0
229 send 253 2100 3 0
229 wait 238 230 2100
229 wait 254 230 2300
229 irecv 37 3100 200 0
229 irecv 165 3300 200 0
229 send 37 3300 9 0
229 send 165 3100 9 0
229 wait 38 230 3100
229 wait 166 230 3300
229 send 233 2300 24 0
229 send 225 2100 12 0
229 send 5 3300 24 0
229 send 197 3100 12 0
229 irecv 230 1100 200 0
229 irecv 228 1300 200 0
229 send 230 1300 1 0
229 send 228 1100 1 0
229 wait 231 230 1100
229 wait 229 230 1300
229 irecv 233 2100 200 0
229 irecv 225 2300 200 0
229 send 233 2300 4 0
229 send 225 2100 4 0
229 wait 234 230 2100
229 wait 226 230 2300
229 irecv 5 3100 200 0
229 irecv 197 3300 200 0
229 send 5 3300 12 0
229 send 197 3100 12 0
229 wait 6 230 3100
229 wait 198 230 3300
229 irecv 230 1100 200 0
229 irecv 228 1300 200 0
229 send 230 1300 1 0
229 send 228 1100 1 0
229 wait 231 230 1100
229 wait 229 230 1300
229 irecv 233 2100 200 0
229 irecv 225 2300 200 0
229 send 233 2300 4 0
229 send 225 2100 4 0
229 wait 234 230 2100
229 wait 226 230 2300
229 irecv 5 3100 200 0
229 irecv 197 3300 200 0
229 send 5 3300 12 0
229 send 197 3100 12 0
229 wait 6 230 3100
229 wait 198 230 3300
229 irecv 230 1100 200 0
229 irecv 228 1300 200 0
229 send 230 1300 4 0
229 send 228 1100 4 0
229 wait 231 230 1100
229 wait 229 230 1300
229 irecv 233 2100 200 0
229 irecv 225 2300 200 0
229 send 233 2300 12 0
229 send 225 2100 12 0
229 wait 234 230 2100
229 wait 226 230 2300
229 irecv 5 3100 200 0
229 irecv 197 3300 200 0
229 send 5 3300 24 0
229 send 197 3100 24 0
229 wait 6 230 3100
229 wait 198 230 3300
229 irecv 230 1100 200 0
229 irecv 228 1300 200 0
229 send 230 1300 4 0
229 send 228 1100 4 0
229 wait 231 230 1100
229 wait 229 230 1300
229 irecv 233 2100 200 0
229 irecv 225 2300 200 0
229 send 233 2300 12 0
229 send 225 2100 12 0
229 wait 234 230 2100
229 wait 226 230 2300
229 irecv 5 3100 200 0
229 irecv 197 3300 200 0
229 send 5 3300 24 0
229 send 197 3100 24 0
229 wait 6 230 3100
229 wait 198 230 3300
229 irecv 230 1100 200 0
229 irecv 228 1300 200 0
229 send 230 1300 16 0
229 send 228 1100 16 0
229 wait 231 230 1100
229 wait 229 230 1300
229 irecv 233 2100 200 0
229 irecv 225 2300 200 0
229 send 233 2300 40 0
229 send 225 2100 40 0
229 wait 234 230 2100
229 wait 226 230 2300
229 irecv 5 3100 200 0
229 irecv 197 3300 200 0
229 send 5 3300 60 0
229 send 197 3100 60 0
229 wait 6 230 3100
229 wait 198 230 3300
229 irecv 230 1100 200 0
229 irecv 228 1300 200 0
229 send 230 1300 16 0
229 send 228 1100 16 0
229 wait 231 230 1100
229 wait 229 230 1300
229 irecv 233 2100 200 0
229 irecv 225 2300 200 0
229 send 233 2300 40 0
229 send 225 2100 40 0
229 wait 234 230 2100
229 wait 226 230 2300
229 irecv 5 3100 200 0
229 irecv 197 3300 200 0
229 send 5 3300 60 0
229 send 197 3100 60 0
229 wait 6 230 3100
229 wait 198 230 3300
229 irecv 230 1100 200 0
229 irecv 228 1300 200 0
229 send 230 1300 16 0
229 send 228 1100 16 0
229 wait 231 230 1100
229 wait 229 230 1300
229 irecv 233 2100 200 0
229 irecv 225 2300 200 0
229 send 233 2300 40 0
229 send 225 2100 40 0
229 wait 234 230 2100
229 wait 226 230 2300
229 irecv 5 3100 200 0
229 irecv 197 3300 200 0
229 send 5 3300 60 0
229 send 197 3100 60 0
229 wait 6 230 3100
229 wait 198 230 3300
229 irecv 230 1100 200 0
229 irecv 228 1300 200 0
229 send 230 1300 4 0
229 send 228 1100 4 0
229 wait 231 230 1100
229 wait 229 230 1300
229 irecv 233 2100 200 0
229 irecv 225 2300 200 0
229 send 233 2300 12 0
229 send 225 2100 12 0
229 wait 234 230 2100
229 wait 226 230 2300
229 irecv 5 3100 200 0
229 irecv 197 3300 200 0
229 send 5 3300 24 0
229 send 197 3100 24 0
229 wait 6 230 3100
229 wait 198 230 3300
229 irecv 230 1100 200 0
229 irecv 228 1300 200 0
229 send 230 1300 1 0
229 send 228 1100 1 0
229 wait 231 230 1100
229 wait 229 230 1300
229 irecv 233 2100 200 0
229 irecv 225 2300 200 0
229 send 233 2300 4 0
229 send 225 2100 4 0
229 wait 234 230 2100
229 wait 226 230 2300
229 irecv 5 3100 200 0
229 irecv 197 3300 200 0
229 send 5 3300 12 0
229 send 197 3100 12 0
229 wait 6 230 3100
229 wait 198 230 3300
229 irecv 230 1100 200 0
229 irecv 228 1300 200 0
229 send 230 1300 1 0
229 send 228 1100 1 0
229 wait 231 230 1100
229 wait 229 230 1300
229 irecv 237 2100 200 0
229 irecv 253 2300 200 0
229 send 237 2300 3 0
229 send 253 2100 3 0
229 wait 238 230 2100
229 wait 254 230 2300
229 irecv 37 3100 200 0
229 irecv 165 3300 200 0
229 send 37 3300 9 0
229 send 165 3100 9 0
229 wait 38 230 3100
229 wait 166 230 3300
229 send 230 1300 18 0
229 send 228 1100 9 0
229 irecv 237 2100 200 0
229 irecv 253 2300 200 0
229 wait 238 230 2100
229 wait 254 230 2300
229 send 37 3300 18 0
229 send 165 3100 9 0
229 irecv 230 1100 200 0
229 irecv 228 1300 200 0
229 send 230 1300 1 0
229 send 228 1100 1 0
229 wait 231 230 1100
229 wait 229 230 1300
229 irecv 237 2100 200 0
229 irecv 253 2300 200 0
229 send 237 2300 3 0
229 send 253 2100 3 0
229 wait 238 230 2100
229 wait 254 230 2300
229 irecv 37 3100 200 0
229 irecv 165 3300 200 0
229 send 37 3300 9 0
229 send 165 3100 9 0
229 wait 38 230 3100
229 wait 166 230 3300
229 irecv 230 1100 200 0
229 irecv 228 1300 200 0
229 send 230 1300 1 0
229 send 228 1100 1 0
229 wait 231 230 1100
229 wait 229 230 1300
229 irecv 237 2100 200 0
229 irecv 253 2300 200 0
229 send 237 2300 3 0
229 send 253 2100 3 0
229 wait 238 230 2100
229 wait 254 230 2300
229 irecv 37 3100 200 0
229 irecv 165 3300 200 0
229 send 37 3300 9 0
229 send 165 3100 9 0
229 wait 38 230 3100
229 wait 166 230 3300
229 send 233 2300 24 0
229 send 225 2100 12 0
229 send 5 3300 24 0
229 send 197 3100 12 0
229 irecv 230 1100 200 0
229 irecv 228 1300 200 0
229 send 230 1300 1 0
229 send 228 1100 1 0
229 wait 231 230 1100
229 wait 229 230 1300
229 irecv 233 2100 200 0
229 irecv 225 2300 200 0
229 send 233 2300 4 0
229 send 225 2100 4 0
229 wait 234 230 2100
229 wait 226 230 2300
229 irecv 5 3100 200 0
229 irecv 197 3300 200 0
229 send 5 3300 12 0
229 send 197 3100 12 0
229 wait 6 230 3100
229 wait 198 230 3300
229 irecv 230 1100 200 0
229 irecv 228 1300 200 0
229 send 230 1300 1 0
229 send 228 1100 1 0
229 wait 231 230 1100
229 wait 229 230 1300
229 irecv 233 2100 200 0
229 irecv 225 2300 200 0
229 send 233 2300 4 0
229 send 225 2100 4 0
229 wait 234 230 2100
229 wait 226 230 2300
229 irecv 5 3100 200 0
229 irecv 197 3300 200 0
229 send 5 3300 12 0
229 send 197 3100 12 0
229 wait 6 230 3100
229 wait 198 230 3300
229 irecv 230 1100 200 0
229 irecv 228 1300 200 0
229 send 230 1300 4 0
229 send 228 1100 4 0
229 wait 231 230 1100
229 wait 229 230 1300
229 irecv 233 2100 200 0
229 irecv 225 2300 200 0
229 send 233 2300 12 0
229 send 225 2100 12 0
229 wait 234 230 2100
229 wait 226 230 2300
229 irecv 5 3100 200 0
229 irecv 197 3300 200 0
229 send 5 3300 24 0
229 send 197 3100 24 0
229 wait 6 230 3100
229 wait 198 230 3300
229 irecv 230 1100 200 0
229 irecv 228 1300 200 0
229 send 230 1300 4 0
229 send 228 1100 4 0
229 wait 231 230 1100
229 wait 229 230 1300
229 irecv 233 2100 200 0
229 irecv 225 2300 200 0
229 send 233 2300 12 0
229 send 225 2100 12 0
229 wait 234 230 2100
229 wait 226 230 2300
229 irecv 5 3100 200 0
229 irecv 197 3300 200 0
229 send 5 3300 24 0
229 send 197 3100 24 0
229 wait 6 230 3100
229 wait 198 230 3300
229 irecv 230 1100 200 0
229 irecv 228 1300 200 0
229 send 230 1300 16 0
229 send 228 1100 16 0
229 wait 231 230 1100
229 wait 229 230 1300
229 irecv 233 2100 200 0
229 irecv 225 2300 200 0
229 send 233 2300 40 0
229 send 225 2100 40 0
229 wait 234 230 2100
229 wait 226 230 2300
229 irecv 5 3100 200 0
229 irecv 197 3300 200 0
229 send 5 3300 60 0
229 send 197 3100 60 0
229 wait 6 230 3100
229 wait 198 230 3300
229 irecv 230 1100 200 0
229 irecv 228 1300 200 0
229 send 230 1300 16 0
229 send 228 1100 16 0
229 wait 231 230 1100
229 wait 229 230 1300
229 irecv 233 2100 200 0
229 irecv 225 2300 200 0
229 send 233 2300 40 0
229 send 225 2100 40 0
229 wait 234 230 2100
229 wait 226 230 2300
229 irecv 5 3100 200 0
229 irecv 197 3300 200 0
229 send 5 3300 60 0
229 send 197 3100 60 0
229 wait 6 230 3100
229 wait 198 230 3300
229 irecv 230 1100 200 0
229 irecv 228 1300 200 0
229 send 230 1300 16 0
229 send 228 1100 16 0
229 wait 231 230 1100
229 wait 229 230 1300
229 irecv 233 2100 200 0
229 irecv 225 2300 200 0
229 send 233 2300 40 0
229 send 225 2100 40 0
229 wait 234 230 2100
229 wait 226 230 2300
229 irecv 5 3100 200 0
229 irecv 197 3300 200 0
229 send 5 3300 60 0
229 send 197 3100 60 0
229 wait 6 230 3100
229 wait 198 230 3300
229 irecv 230 1100 200 0
229 irecv 228 1300 200 0
229 send 230 1300 4 0
229 send 228 1100 4 0
229 wait 231 230 1100
229 wait 229 230 1300
229 irecv 233 2100 200 0
229 irecv 225 2300 200 0
229 send 233 2300 12 0
229 send 225 2100 12 0
229 wait 234 230 2100
229 wait 226 230 2300
229 irecv 5 3100 200 0
229 irecv 197 3300 200 0
229 send 5 3300 24 0
229 send 197 3100 24 0
229 wait 6 230 3100
229 wait 198 230 3300
229 irecv 230 1100 200 0
229 irecv 228 1300 200 0
229 send 230 1300 1 0
229 send 228 1100 1 0
229 wait 231 230 1100
229 wait 229 230 1300
229 irecv 233 2100 200 0
229 irecv 225 2300 200 0
229 send 233 2300 4 0
229 send 225 2100 4 0
229 wait 234 230 2100
229 wait 226 230 2300
229 irecv 5 3100 200 0
229 irecv 197 3300 200 0
229 send 5 3300 12 0
229 send 197 3100 12 0
229 wait 6 230 3100
229 wait 198 230 3300
229 irecv 230 1100 200 0
229 irecv 228 1300 200 0
229 send 230 1300 1 0
229 send 228 1100 1 0
229 wait 231 230 1100
229 wait 229 230 1300
229 irecv 237 2100 200 0
229 irecv 253 2300 200 0
229 send 237 2300 3 0
229 send 253 2100 3 0
229 wait 238 230 2100
229 wait 254 230 2300
229 irecv 37 3100 200 0
229 irecv 165 3300 200 0
229 send 37 3300 9 0
229 send 165 3100 9 0
229 wait 38 230 3100
229 wait 166 230 3300
229 send 230 1300 18 0
229 send 228 1100 9 0
229 irecv 237 2100 200 0
229 irecv 253 2300 200 0
229 wait 238 230 2100
229 wait 254 230 2300
229 send 37 3300 18 0
229 send 165 3100 9 0
229 irecv 230 1100 200 0
229 irecv 228 1300 200 0
229 send 230 1300 1 0
229 send 228 1100 1 0
229 wait 231 230 1100
229 wait 229 230 1300
229 irecv 237 2100 200 0
229 irecv 253 2300 200 0
229 send 237 2300 3 0
229 send 253 2100 3 0
229 wait 238 230 2100
229 wait 254 230 2300
229 irecv 37 3100 200 0
229 irecv 165 3300 200 0
229 send 37 3300 9 0
229 send 165 3100 9 0
229 wait 38 230 3100
229 wait 166 230 3300
229 irecv 230 1100 200 0
229 irecv 228 1300 200 0
229 send 230 1300 1 0
229 send 228 1100 1 0
229 wait 231 230 1100
229 wait 229 230 1300
229 irecv 237 2100 200 0
229 irecv 253 2300 200 0
229 send 237 2300 3 0
229 send 253 2100 3 0
229 wait 238 230 2100
229 wait 254 230 2300
229 irecv 37 3100 200 0
229 irecv 165 3300 200 0
229 send 37 3300 9 0
229 send 165 3100 9 0
229 wait 38 230 3100
229 wait 166 230 3300
229 send 233 2300 24 0
229 send 225 2100 12 0
229 send 5 3300 24 0
229 send 197 3100 12 0
229 irecv 230 1100 200 0
229 irecv 228 1300 200 0
229 send 230 1300 1 0
229 send 228 1100 1 0
229 wait 231 230 1100
229 wait 229 230 1300
229 irecv 233 2100 200 0
229 irecv 225 2300 200 0
229 send 233 2300 4 0
229 send 225 2100 4 0
229 wait 234 230 2100
229 wait 226 230 2300
229 irecv 5 3100 200 0
229 irecv 197 3300 200 0
229 send 5 3300 12 0
229 send 197 3100 12 0
229 wait 6 230 3100
229 wait 198 230 3300
229 irecv 230 1100 200 0
229 irecv 228 1300 200 0
229 send 230 1300 1 0
229 send 228 1100 1 0
229 wait 231 230 1100
229 wait 229 230 1300
229 irecv 233 2100 200 0
229 irecv 225 2300 200 0
229 send 233 2300 4 0
229 send 225 2100 4 0
229 wait 234 230 2100
229 wait 226 230 2300
229 irecv 5 3100 200 0
229 irecv 197 3300 200 0
229 send 5 3300 12 0
229 send 197 3100 12 0
229 wait 6 230 3100
229 wait 198 230 3300
229 irecv 230 1100 200 0
229 irecv 228 1300 200 0
229 send 230 1300 4 0
229 send 228 1100 4 0
229 wait 231 230 1100
229 wait 229 230 1300
229 irecv 233 2100 200 0
229 irecv 225 2300 200 0
229 send 233 2300 12 0
229 send 225 2100 12 0
229 wait 234 230 2100
229 wait 226 230 2300
229 irecv 5 3100 200 0
229 irecv 197 3300 200 0
229 send 5 3300 24 0
229 send 197 3100 24 0
229 wait 6 230 3100
229 wait 198 230 3300
229 irecv 230 1100 200 0
229 irecv 228 1300 200 0
229 send 230 1300 4 0
229 send 228 1100 4 0
229 wait 231 230 1100
229 wait 229 230 1300
229 irecv 233 2100 200 0
229 irecv 225 2300 200 0
229 send 233 2300 12 0
229 send 225 2100 12 0
229 wait 234 230 2100
229 wait 226 230 2300
229 irecv 5 3100 200 0
229 irecv 197 3300 200 0
229 send 5 3300 24 0
229 send 197 3100 24 0
229 wait 6 230 3100
229 wait 198 230 3300
229 irecv 230 1100 200 0
229 irecv 228 1300 200 0
229 send 230 1300 16 0
229 send 228 1100 16 0
229 wait 231 230 1100
229 wait 229 230 1300
229 irecv 233 2100 200 0
229 irecv 225 2300 200 0
229 send 233 2300 40 0
229 send 225 2100 40 0
229 wait 234 230 2100
229 wait 226 230 2300
229 irecv 5 3100 200 0
229 irecv 197 3300 200 0
229 send 5 3300 60 0
229 send 197 3100 60 0
229 wait 6 230 3100
229 wait 198 230 3300
229 irecv 230 1100 200 0
229 irecv 228 1300 200 0
229 send 230 1300 16 0
229 send 228 1100 16 0
229 wait 231 230 1100
229 wait 229 230 1300
229 irecv 233 2100 200 0
229 irecv 225 2300 200 0
229 send 233 2300 40 0
229 send 225 2100 40 0
229 wait 234 230 2100
229 wait 226 230 2300
229 irecv 5 3100 200 0
229 irecv 197 3300 200 0
229 send 5 3300 60 0
229 send 197 3100 60 0
229 wait 6 230 3100
229 wait 198 230 3300
229 irecv 230 1100 200 0
229 irecv 228 1300 200 0
229 send 230 1300 16 0
229 send 228 1100 16 0
229 wait 231 230 1100
229 wait 229 230 1300
229 irecv 233 2100 200 0
229 irecv 225 2300 200 0
229 send 233 2300 40 0
229 send 225 2100 40 0
229 wait 234 230 2100
229 wait 226 230 2300
229 irecv 5 3100 200 0
229 irecv 197 3300 200 0
229 send 5 3300 60 0
229 send 197 3100 60 0
229 wait 6 230 3100
229 wait 198 230 3300
229 irecv 230 1100 200 0
229 irecv 228 1300 200 0
229 send 230 1300 4 0
229 send 228 1100 4 0
229 wait 231 230 1100
229 wait 229 230 1300
229 irecv 233 2100 200 0
229 irecv 225 2300 200 0
229 send 233 2300 12 0
229 send 225 2100 12 0
229 wait 234 230 2100
229 wait 226 230 2300
229 irecv 5 3100 200 0
229 irecv 197 3300 200 0
229 send 5 3300 24 0
229 send 197 3100 24 0
229 wait 6 230 3100
229 wait 198 230 3300
229 irecv 230 1100 200 0
229 irecv 228 1300 200 0
229 send 230 1300 1 0
229 send 228 1100 1 0
229 wait 231 230 1100
229 wait 229 230 1300
229 irecv 233 2100 200 0
229 irecv 225 2300 200 0
229 send 233 2300 4 0
229 send 225 2100 4 0
229 wait 234 230 2100
229 wait 226 230 2300
229 irecv 5 3100 200 0
229 irecv 197 3300 200 0
229 send 5 3300 12 0
229 send 197 3100 12 0
229 wait 6 230 3100
229 wait 198 230 3300
229 irecv 230 1100 200 0
229 irecv 228 1300 200 0
229 send 230 1300 1 0
229 send 228 1100 1 0
229 wait 231 230 1100
229 wait 229 230 1300
229 irecv 237 2100 200 0
229 irecv 253 2300 200 0
229 send 237 2300 3 0
229 send 253 2100 3 0
229 wait 238 230 2100
229 wait 254 230 2300
229 irecv 37 3100 200 0
229 irecv 165 3300 200 0
229 send 37 3300 9 0
229 send 165 3100 9 0
229 wait 38 230 3100
229 wait 166 230 3300
229 send 230 1300 18 0
229 send 228 1100 9 0
229 irecv 237 2100 200 0
229 irecv 253 2300 200 0
229 wait 238 230 2100
229 wait 254 230 2300
229 send 37 3300 18 0
229 send 165 3100 9 0
229 irecv 230 1100 200 0
229 irecv 228 1300 200 0
229 send 230 1300 1 0
229 send 228 1100 1 0
229 wait 231 230 1100
229 wait 229 230 1300
229 irecv 237 2100 200 0
229 irecv 253 2300 200 0
229 send 237 2300 3 0
229 send 253 2100 3 0
229 wait 238 230 2100
229 wait 254 230 2300
229 irecv 37 3100 200 0
229 irecv 165 3300 200 0
229 send 37 3300 9 0
229 send 165 3100 9 0
229 wait 38 230 3100
229 wait 166 230 3300
229 irecv 230 1100 200 0
229 irecv 228 1300 200 0
229 send 230 1300 1 0
229 send 228 1100 1 0
229 wait 231 230 1100
229 wait 229 230 1300
229 irecv 237 2100 200 0
229 irecv 253 2300 200 0
229 send 237 2300 3 0
229 send 253 2100 3 0
229 wait 238 230 2100
229 wait 254 230 2300
229 irecv 37 3100 200 0
229 irecv 165 3300 200 0
229 send 37 3300 9 0
229 send 165 3100 9 0
229 wait 38 230 3100
229 wait 166 230 3300
229 send 233 2300 24 0
229 send 225 2100 12 0
229 send 5 3300 24 0
229 send 197 3100 12 0
229 irecv 230 1100 200 0
229 irecv 228 1300 200 0
229 send 230 1300 1 0
229 send 228 1100 1 0
229 wait 231 230 1100
229 wait 229 230 1300
229 irecv 233 2100 200 0
229 irecv 225 2300 200 0
229 send 233 2300 4 0
229 send 225 2100 4 0
229 wait 234 230 2100
229 wait 226 230 2300
229 irecv 5 3100 200 0
229 irecv 197 3300 200 0
229 send 5 3300 12 0
229 send 197 3100 12 0
229 wait 6 230 3100
229 wait 198 230 3300
229 irecv 230 1100 200 0
229 irecv 228 1300 200 0
229 send 230 1300 1 0
229 send 228 1100 1 0
229 wait 231 230 1100
229 wait 229 230 1300
229 irecv 233 2100 200 0
229 irecv 225 2300 200 0
229 send 233 2300 4 0
229 send 225 2100 4 0
229 wait 234 230 2100
229 wait 226 230 2300
229 irecv 5 3100 200 0
229 irecv 197 3300 200 0
229 send 5 3300 12 0
229 send 197 3100 12 0
229 wait 6 230 3100
229 wait 198 230 3300
229 irecv 230 1100 200 0
229 irecv 228 1300 200 0
229 send 230 1300 4 0
229 send 228 1100 4 0
229 wait 231 230 1100
229 wait 229 230 1300
229 irecv 233 2100 200 0
229 irecv 225 2300 200 0
229 send 233 2300 12 0
229 send 225 2100 12 0
229 wait 234 230 2100
229 wait 226 230 2300
229 irecv 5 3100 200 0
229 irecv 197 3300 200 0
229 send 5 3300 24 0
229 send 197 3100 24 0
229 wait 6 230 3100
229 wait 198 230 3300
229 irecv 230 1100 200 0
229 irecv 228 1300 200 0
229 send 230 1300 4 0
229 send 228 1100 4 0
229 wait 231 230 1100
229 wait 229 230 1300
229 irecv 233 2100 200 0
229 irecv 225 2300 200 0
229 send 233 2300 12 0
229 send 225 2100 12 0
229 wait 234 230 2100
229 wait 226 230 2300
229 irecv 5 3100 200 0
229 irecv 197 3300 200 0
229 send 5 3300 24 0
229 send 197 3100 24 0
229 wait 6 230 3100
229 wait 198 230 3300
229 irecv 230 1100 200 0
229 irecv 228 1300 200 0
229 send 230 1300 16 0
229 send 228 1100 16 0
229 wait 231 230 1100
229 wait 229 230 1300
229 irecv 233 2100 200 0
229 irecv 225 2300 200 0
229 send 233 2300 40 0
229 send 225 2100 40 0
229 wait 234 230 2100
229 wait 226 230 2300
229 irecv 5 3100 200 0
229 irecv 197 3300 200 0
229 send 5 3300 60 0
229 send 197 3100 60 0
229 wait 6 230 3100
229 wait 198 230 3300
229 irecv 230 1100 200 0
229 irecv 228 1300 200 0
229 send 230 1300 16 0
229 send 228 1100 16 0
229 wait 231 230 1100
229 wait 229 230 1300
229 irecv 233 2100 200 0
229 irecv 225 2300 200 0
229 send 233 2300 40 0
229 send 225 2100 40 0
229 wait 234 230 2100
229 wait 226 230 2300
229 irecv 5 3100 200 0
229 irecv 197 3300 200 0
229 send 5 3300 60 0
229 send 197 3100 60 0
229 wait 6 230 3100
229 wait 198 230 3300
229 irecv 230 1100 200 0
229 irecv 228 1300 200 0
229 send 230 1300 16 0
229 send 228 1100 16 0
229 wait 231 230 1100
229 wait 229 230 1300
229 irecv 233 2100 200 0
229 irecv 225 2300 200 0
229 send 233 2300 40 0
229 send 225 2100 40 0
229 wait 234 230 2100
229 wait 226 230 2300
229 irecv 5 3100 200 0
229 irecv 197 3300 200 0
229 send 5 3300 60 0
229 send 197 3100 60 0
229 wait 6 230 3100
229 wait 198 230 3300
229 allreduce 1 0 0 
229 allreduce 1 0 0 
229 reduce 1 0 0 0 
229 finalize
