248 init
248 barrier
248 bcast 1 0 1 
248 bcast 1 0 1 
248 bcast 1 0 1 
248 bcast 1 0 1 
248 bcast 1 0 1 
248 bcast 8 0 1 
248 bcast 1 0 16 
248 barrier
248 allreduce 1 0 0 
248 allreduce 4 0 1 
248 allreduce 1 0 0 
248 allreduce 4 0 1 
248 allreduce 1 0 0 
248 allreduce 4 0 1 
248 allreduce 1 0 0 
248 allreduce 4 0 1 
248 allreduce 1 0 0 
248 allreduce 4 0 1 
248 allreduce 1 0 0 
248 allreduce 4 0 1 
248 allreduce 1 0 0 
248 allreduce 4 0 1 
248 allreduce 1 0 0 
248 allreduce 4 0 1 
248 allreduce 1 0 0 
248 allreduce 4 0 1 
248 allreduce 1 0 0 
248 allreduce 4 0 1 
248 allreduce 1 0 0 
248 allreduce 4 0 1 
248 allreduce 1 0 0 
248 allreduce 4 0 1 
248 allreduce 1 0 0 
248 allreduce 4 0 1 
248 allreduce 1 0 0 
248 allreduce 4 0 1 
248 allreduce 1 0 0 
248 allreduce 4 0 1 
248 allreduce 1 0 0 
248 allreduce 4 0 1 
248 allreduce 1 0 0 
248 allreduce 4 0 1 
248 allreduce 1 0 0 
248 allreduce 4 0 1 
248 allreduce 1 0 0 
248 allreduce 4 0 1 
248 allreduce 1 0 0 
248 allreduce 4 0 1 
248 barrier
248 irecv 249 1100 200 0
248 irecv 251 1300 200 0
248 send 249 1300 16 0
248 send 251 1100 16 0
248 wait 250 249 1100
248 wait 252 249 1300
248 irecv 252 2100 200 0
248 irecv 244 2300 200 0
248 send 252 2300 40 0
248 send 244 2100 40 0
248 wait 253 249 2100
248 wait 245 249 2300
248 irecv 24 3100 200 0
248 irecv 216 3300 200 0
248 send 24 3300 60 0
248 send 216 3100 60 0
248 wait 25 249 3100
248 wait 217 249 3300
248 allreduce 1 0 0 
248 allreduce 1 0 0 
248 irecv 249 1100 200 0
248 irecv 251 1300 200 0
248 send 249 1300 16 0
248 send 251 1100 16 0
248 wait 250 249 1100
248 wait 252 249 1300
248 irecv 252 2100 200 0
248 irecv 244 2300 200 0
248 send 252 2300 40 0
248 send 244 2100 40 0
248 wait 253 249 2100
248 wait 245 249 2300
248 irecv 24 3100 200 0
248 irecv 216 3300 200 0
248 send 24 3300 60 0
248 send 216 3100 60 0
248 wait 25 249 3100
248 wait 217 249 3300
248 allreduce 1 0 0 
248 allreduce 1 0 0 
248 irecv 249 1100 200 0
248 irecv 251 1300 200 0
248 send 249 1300 4 0
248 send 251 1100 4 0
248 wait 250 249 1100
248 wait 252 249 1300
248 irecv 252 2100 200 0
248 irecv 244 2300 200 0
248 send 252 2300 12 0
248 send 244 2100 12 0
248 wait 253 249 2100
248 wait 245 249 2300
248 irecv 24 3100 200 0
248 irecv 216 3300 200 0
248 send 24 3300 24 0
248 send 216 3100 24 0
248 wait 25 249 3100
248 wait 217 249 3300
248 irecv 249 1100 200 0
248 irecv 251 1300 200 0
248 send 249 1300 1 0
248 send 251 1100 1 0
248 wait 250 249 1100
248 wait 252 249 1300
248 irecv 252 2100 200 0
248 irecv 244 2300 200 0
248 send 252 2300 4 0
248 send 244 2100 4 0
248 wait 253 249 2100
248 wait 245 249 2300
248 irecv 24 3100 200 0
248 irecv 216 3300 200 0
248 send 24 3300 12 0
248 send 216 3100 12 0
248 wait 25 249 3100
248 wait 217 249 3300
248 irecv 249 1100 200 0
248 irecv 251 1300 200 0
248 wait 250 249 1100
248 wait 252 249 1300
248 send 56 3300 12 0
248 send 184 3100 6 0
248 irecv 252 2100 200 0
248 irecv 244 2300 200 0
248 wait 253 249 2100
248 wait 245 249 2300
248 send 24 3300 24 0
248 send 216 3100 12 0
248 irecv 249 1100 200 0
248 irecv 251 1300 200 0
248 send 249 1300 1 0
248 send 251 1100 1 0
248 wait 250 249 1100
248 wait 252 249 1300
248 irecv 252 2100 200 0
248 irecv 244 2300 200 0
248 send 252 2300 4 0
248 send 244 2100 4 0
248 wait 253 249 2100
248 wait 245 249 2300
248 irecv 24 3100 200 0
248 irecv 216 3300 200 0
248 send 24 3300 12 0
248 send 216 3100 12 0
248 wait 25 249 3100
248 wait 217 249 3300
248 irecv 249 1100 200 0
248 irecv 251 1300 200 0
248 send 249 1300 1 0
248 send 251 1100 1 0
248 wait 250 249 1100
248 wait 252 249 1300
248 irecv 252 2100 200 0
248 irecv 244 2300 200 0
248 send 252 2300 4 0
248 send 244 2100 4 0
248 wait 253 249 2100
248 wait 245 249 2300
248 irecv 24 3100 200 0
248 irecv 216 3300 200 0
248 send 24 3300 12 0
248 send 216 3100 12 0
248 wait 25 249 3100
248 wait 217 249 3300
248 irecv 249 1100 200 0
248 irecv 251 1300 200 0
248 send 249 1300 4 0
248 send 251 1100 4 0
248 wait 250 249 1100
248 wait 252 249 1300
248 irecv 252 2100 200 0
248 irecv 244 2300 200 0
248 send 252 2300 12 0
248 send 244 2100 12 0
248 wait 253 249 2100
248 wait 245 249 2300
248 irecv 24 3100 200 0
248 irecv 216 3300 200 0
248 send 24 3300 24 0
248 send 216 3100 24 0
248 wait 25 249 3100
248 wait 217 249 3300
248 irecv 249 1100 200 0
248 irecv 251 1300 200 0
248 send 249 1300 4 0
248 send 251 1100 4 0
248 wait 250 249 1100
248 wait 252 249 1300
248 irecv 252 2100 200 0
248 irecv 244 2300 200 0
248 send 252 2300 12 0
248 send 244 2100 12 0
248 wait 253 249 2100
248 wait 245 249 2300
248 irecv 24 3100 200 0
248 irecv 216 3300 200 0
248 send 24 3300 24 0
248 send 216 3100 24 0
248 wait 25 249 3100
248 wait 217 249 3300
248 irecv 249 1100 200 0
248 irecv 251 1300 200 0
248 send 249 1300 16 0
248 send 251 1100 16 0
248 wait 250 249 1100
248 wait 252 249 1300
248 irecv 252 2100 200 0
248 irecv 244 2300 200 0
248 send 252 2300 40 0
248 send 244 2100 40 0
248 wait 253 249 2100
248 wait 245 249 2300
248 irecv 24 3100 200 0
248 irecv 216 3300 200 0
248 send 24 3300 60 0
248 send 216 3100 60 0
248 wait 25 249 3100
248 wait 217 249 3300
248 irecv 249 1100 200 0
248 irecv 251 1300 200 0
248 send 249 1300 16 0
248 send 251 1100 16 0
248 wait 250 249 1100
248 wait 252 249 1300
248 irecv 252 2100 200 0
248 irecv 244 2300 200 0
248 send 252 2300 40 0
248 send 244 2100 40 0
248 wait 253 249 2100
248 wait 245 249 2300
248 irecv 24 3100 200 0
248 irecv 216 3300 200 0
248 send 24 3300 60 0
248 send 216 3100 60 0
248 wait 25 249 3100
248 wait 217 249 3300
248 irecv 249 1100 200 0
248 irecv 251 1300 200 0
248 send 249 1300 16 0
248 send 251 1100 16 0
248 wait 250 249 1100
248 wait 252 249 1300
248 irecv 252 2100 200 0
248 irecv 244 2300 200 0
248 send 252 2300 40 0
248 send 244 2100 40 0
248 wait 253 249 2100
248 wait 245 249 2300
248 irecv 24 3100 200 0
248 irecv 216 3300 200 0
248 send 24 3300 60 0
248 send 216 3100 60 0
248 wait 25 249 3100
248 wait 217 249 3300
248 barrier
248 allreduce 1 0 0 
248 allreduce 4 0 1 
248 allreduce 1 0 0 
248 allreduce 4 0 1 
248 allreduce 1 0 0 
248 allreduce 4 0 1 
248 allreduce 1 0 0 
248 allreduce 4 0 1 
248 allreduce 1 0 0 
248 allreduce 4 0 1 
248 allreduce 1 0 0 
248 allreduce 4 0 1 
248 allreduce 1 0 0 
248 allreduce 4 0 1 
248 allreduce 1 0 0 
248 allreduce 4 0 1 
248 allreduce 1 0 0 
248 allreduce 4 0 1 
248 allreduce 1 0 0 
248 allreduce 4 0 1 
248 allreduce 1 0 0 
248 allreduce 4 0 1 
248 allreduce 1 0 0 
248 allreduce 4 0 1 
248 allreduce 1 0 0 
248 allreduce 4 0 1 
248 allreduce 1 0 0 
248 allreduce 4 0 1 
248 allreduce 1 0 0 
248 allreduce 4 0 1 
248 allreduce 1 0 0 
248 allreduce 4 0 1 
248 allreduce 1 0 0 
248 allreduce 4 0 1 
248 allreduce 1 0 0 
248 allreduce 4 0 1 
248 allreduce 1 0 0 
248 allreduce 4 0 1 
248 allreduce 1 0 0 
248 allreduce 4 0 1 
248 barrier
248 irecv 249 1100 200 0
248 irecv 251 1300 200 0
248 send 249 1300 16 0
248 send 251 1100 16 0
248 wait 250 249 1100
248 wait 252 249 1300
248 irecv 252 2100 200 0
248 irecv 244 2300 200 0
248 send 252 2300 40 0
248 send 244 2100 40 0
248 wait 253 249 2100
248 wait 245 249 2300
248 irecv 24 3100 200 0
248 irecv 216 3300 200 0
248 send 24 3300 60 0
248 send 216 3100 60 0
248 wait 25 249 3100
248 wait 217 249 3300
248 barrier
248 irecv 249 1100 200 0
248 irecv 251 1300 200 0
248 send 249 1300 16 0
248 send 251 1100 16 0
248 wait 250 249 1100
248 wait 252 249 1300
248 irecv 252 2100 200 0
248 irecv 244 2300 200 0
248 send 252 2300 40 0
248 send 244 2100 40 0
248 wait 253 249 2100
248 wait 245 249 2300
248 irecv 24 3100 200 0
248 irecv 216 3300 200 0
248 send 24 3300 60 0
248 send 216 3100 60 0
248 wait 25 249 3100
248 wait 217 249 3300
248 allreduce 1 0 0 
248 allreduce 1 0 0 
248 irecv 249 1100 200 0
248 irecv 251 1300 200 0
248 send 249 1300 4 0
248 send 251 1100 4 0
248 wait 250 249 1100
248 wait 252 249 1300
248 irecv 252 2100 200 0
248 irecv 244 2300 200 0
248 send 252 2300 12 0
248 send 244 2100 12 0
248 wait 253 249 2100
248 wait 245 249 2300
248 irecv 24 3100 200 0
248 irecv 216 3300 200 0
248 send 24 3300 24 0
248 send 216 3100 24 0
248 wait 25 249 3100
248 wait 217 249 3300
248 irecv 249 1100 200 0
248 irecv 251 1300 200 0
248 send 249 1300 1 0
248 send 251 1100 1 0
248 wait 250 249 1100
248 wait 252 249 1300
248 irecv 252 2100 200 0
248 irecv 244 2300 200 0
248 send 252 2300 4 0
248 send 244 2100 4 0
248 wait 253 249 2100
248 wait 245 249 2300
248 irecv 24 3100 200 0
248 irecv 216 3300 200 0
248 send 24 3300 12 0
248 send 216 3100 12 0
248 wait 25 249 3100
248 wait 217 249 3300
248 irecv 249 1100 200 0
248 irecv 251 1300 200 0
248 wait 250 249 1100
248 wait 252 249 1300
248 send 56 3300 12 0
248 send 184 3100 6 0
248 irecv 252 2100 200 0
248 irecv 244 2300 200 0
248 wait 253 249 2100
248 wait 245 249 2300
248 send 24 3300 24 0
248 send 216 3100 12 0
248 irecv 249 1100 200 0
248 irecv 251 1300 200 0
248 send 249 1300 1 0
248 send 251 1100 1 0
248 wait 250 249 1100
248 wait 252 249 1300
248 irecv 252 2100 200 0
248 irecv 244 2300 200 0
248 send 252 2300 4 0
248 send 244 2100 4 0
248 wait 253 249 2100
248 wait 245 249 2300
248 irecv 24 3100 200 0
248 irecv 216 3300 200 0
248 send 24 3300 12 0
248 send 216 3100 12 0
248 wait 25 249 3100
248 wait 217 249 3300
248 irecv 249 1100 200 0
248 irecv 251 1300 200 0
248 send 249 1300 1 0
248 send 251 1100 1 0
248 wait 250 249 1100
248 wait 252 249 1300
248 irecv 252 2100 200 0
248 irecv 244 2300 200 0
248 send 252 2300 4 0
248 send 244 2100 4 0
248 wait 253 249 2100
248 wait 245 249 2300
248 irecv 24 3100 200 0
248 irecv 216 3300 200 0
248 send 24 3300 12 0
248 send 216 3100 12 0
248 wait 25 249 3100
248 wait 217 249 3300
248 irecv 249 1100 200 0
248 irecv 251 1300 200 0
248 send 249 1300 4 0
248 send 251 1100 4 0
248 wait 250 249 1100
248 wait 252 249 1300
248 irecv 252 2100 200 0
248 irecv 244 2300 200 0
248 send 252 2300 12 0
248 send 244 2100 12 0
248 wait 253 249 2100
248 wait 245 249 2300
248 irecv 24 3100 200 0
248 irecv 216 3300 200 0
248 send 24 3300 24 0
248 send 216 3100 24 0
248 wait 25 249 3100
248 wait 217 249 3300
248 irecv 249 1100 200 0
248 irecv 251 1300 200 0
248 send 249 1300 4 0
248 send 251 1100 4 0
248 wait 250 249 1100
248 wait 252 249 1300
248 irecv 252 2100 200 0
248 irecv 244 2300 200 0
248 send 252 2300 12 0
248 send 244 2100 12 0
248 wait 253 249 2100
248 wait 245 249 2300
248 irecv 24 3100 200 0
248 irecv 216 3300 200 0
248 send 24 3300 24 0
248 send 216 3100 24 0
248 wait 25 249 3100
248 wait 217 249 3300
248 irecv 249 1100 200 0
248 irecv 251 1300 200 0
248 send 249 1300 16 0
248 send 251 1100 16 0
248 wait 250 249 1100
248 wait 252 249 1300
248 irecv 252 2100 200 0
248 irecv 244 2300 200 0
248 send 252 2300 40 0
248 send 244 2100 40 0
248 wait 253 249 2100
248 wait 245 249 2300
248 irecv 24 3100 200 0
248 irecv 216 3300 200 0
248 send 24 3300 60 0
248 send 216 3100 60 0
248 wait 25 249 3100
248 wait 217 249 3300
248 irecv 249 1100 200 0
248 irecv 251 1300 200 0
248 send 249 1300 16 0
248 send 251 1100 16 0
248 wait 250 249 1100
248 wait 252 249 1300
248 irecv 252 2100 200 0
248 irecv 244 2300 200 0
248 send 252 2300 40 0
248 send 244 2100 40 0
248 wait 253 249 2100
248 wait 245 249 2300
248 irecv 24 3100 200 0
248 irecv 216 3300 200 0
248 send 24 3300 60 0
248 send 216 3100 60 0
248 wait 25 249 3100
248 wait 217 249 3300
248 irecv 249 1100 200 0
248 irecv 251 1300 200 0
248 send 249 1300 16 0
248 send 251 1100 16 0
248 wait 250 249 1100
248 wait 252 249 1300
248 irecv 252 2100 200 0
248 irecv 244 2300 200 0
248 send 252 2300 40 0
248 send 244 2100 40 0
248 wait 253 249 2100
248 wait 245 249 2300
248 irecv 24 3100 200 0
248 irecv 216 3300 200 0
248 send 24 3300 60 0
248 send 216 3100 60 0
248 wait 25 249 3100
248 wait 217 249 3300
248 irecv 249 1100 200 0
248 irecv 251 1300 200 0
248 send 249 1300 4 0
248 send 251 1100 4 0
248 wait 250 249 1100
248 wait 252 249 1300
248 irecv 252 2100 200 0
248 irecv 244 2300 200 0
248 send 252 2300 12 0
248 send 244 2100 12 0
248 wait 253 249 2100
248 wait 245 249 2300
248 irecv 24 3100 200 0
248 irecv 216 3300 200 0
248 send 24 3300 24 0
248 send 216 3100 24 0
248 wait 25 249 3100
248 wait 217 249 3300
248 irecv 249 1100 200 0
248 irecv 251 1300 200 0
248 send 249 1300 1 0
248 send 251 1100 1 0
248 wait 250 249 1100
248 wait 252 249 1300
248 irecv 252 2100 200 0
248 irecv 244 2300 200 0
248 send 252 2300 4 0
248 send 244 2100 4 0
248 wait 253 249 2100
248 wait 245 249 2300
248 irecv 24 3100 200 0
248 irecv 216 3300 200 0
248 send 24 3300 12 0
248 send 216 3100 12 0
248 wait 25 249 3100
248 wait 217 249 3300
248 irecv 249 1100 200 0
248 irecv 251 1300 200 0
248 wait 250 249 1100
248 wait 252 249 1300
248 send 56 3300 12 0
248 send 184 3100 6 0
248 irecv 252 2100 200 0
248 irecv 244 2300 200 0
248 wait 253 249 2100
248 wait 245 249 2300
248 send 24 3300 24 0
248 send 216 3100 12 0
248 irecv 249 1100 200 0
248 irecv 251 1300 200 0
248 send 249 1300 1 0
248 send 251 1100 1 0
248 wait 250 249 1100
248 wait 252 249 1300
248 irecv 252 2100 200 0
248 irecv 244 2300 200 0
248 send 252 2300 4 0
248 send 244 2100 4 0
248 wait 253 249 2100
248 wait 245 249 2300
248 irecv 24 3100 200 0
248 irecv 216 3300 200 0
248 send 24 3300 12 0
248 send 216 3100 12 0
248 wait 25 249 3100
248 wait 217 249 3300
248 irecv 249 1100 200 0
248 irecv 251 1300 200 0
248 send 249 1300 1 0
248 send 251 1100 1 0
248 wait 250 249 1100
248 wait 252 249 1300
248 irecv 252 2100 200 0
248 irecv 244 2300 200 0
248 send 252 2300 4 0
248 send 244 2100 4 0
248 wait 253 249 2100
248 wait 245 249 2300
248 irecv 24 3100 200 0
248 irecv 216 3300 200 0
248 send 24 3300 12 0
248 send 216 3100 12 0
248 wait 25 249 3100
248 wait 217 249 3300
248 irecv 249 1100 200 0
248 irecv 251 1300 200 0
248 send 249 1300 4 0
248 send 251 1100 4 0
248 wait 250 249 1100
248 wait 252 249 1300
248 irecv 252 2100 200 0
248 irecv 244 2300 200 0
248 send 252 2300 12 0
248 send 244 2100 12 0
248 wait 253 249 2100
248 wait 245 249 2300
248 irecv 24 3100 200 0
248 irecv 216 3300 200 0
248 send 24 3300 24 0
248 send 216 3100 24 0
248 wait 25 249 3100
248 wait 217 249 3300
248 irecv 249 1100 200 0
248 irecv 251 1300 200 0
248 send 249 1300 4 0
248 send 251 1100 4 0
248 wait 250 249 1100
248 wait 252 249 1300
248 irecv 252 2100 200 0
248 irecv 244 2300 200 0
248 send 252 2300 12 0
248 send 244 2100 12 0
248 wait 253 249 2100
248 wait 245 249 2300
248 irecv 24 3100 200 0
248 irecv 216 3300 200 0
248 send 24 3300 24 0
248 send 216 3100 24 0
248 wait 25 249 3100
248 wait 217 249 3300
248 irecv 249 1100 200 0
248 irecv 251 1300 200 0
248 send 249 1300 16 0
248 send 251 1100 16 0
248 wait 250 249 1100
248 wait 252 249 1300
248 irecv 252 2100 200 0
248 irecv 244 2300 200 0
248 send 252 2300 40 0
248 send 244 2100 40 0
248 wait 253 249 2100
248 wait 245 249 2300
248 irecv 24 3100 200 0
248 irecv 216 3300 200 0
248 send 24 3300 60 0
248 send 216 3100 60 0
248 wait 25 249 3100
248 wait 217 249 3300
248 irecv 249 1100 200 0
248 irecv 251 1300 200 0
248 send 249 1300 16 0
248 send 251 1100 16 0
248 wait 250 249 1100
248 wait 252 249 1300
248 irecv 252 2100 200 0
248 irecv 244 2300 200 0
248 send 252 2300 40 0
248 send 244 2100 40 0
248 wait 253 249 2100
248 wait 245 249 2300
248 irecv 24 3100 200 0
248 irecv 216 3300 200 0
248 send 24 3300 60 0
248 send 216 3100 60 0
248 wait 25 249 3100
248 wait 217 249 3300
248 irecv 249 1100 200 0
248 irecv 251 1300 200 0
248 send 249 1300 16 0
248 send 251 1100 16 0
248 wait 250 249 1100
248 wait 252 249 1300
248 irecv 252 2100 200 0
248 irecv 244 2300 200 0
248 send 252 2300 40 0
248 send 244 2100 40 0
248 wait 253 249 2100
248 wait 245 249 2300
248 irecv 24 3100 200 0
248 irecv 216 3300 200 0
248 send 24 3300 60 0
248 send 216 3100 60 0
248 wait 25 249 3100
248 wait 217 249 3300
248 irecv 249 1100 200 0
248 irecv 251 1300 200 0
248 send 249 1300 4 0
248 send 251 1100 4 0
248 wait 250 249 1100
248 wait 252 249 1300
248 irecv 252 2100 200 0
248 irecv 244 2300 200 0
248 send 252 2300 12 0
248 send 244 2100 12 0
248 wait 253 249 2100
248 wait 245 249 2300
248 irecv 24 3100 200 0
248 irecv 216 3300 200 0
248 send 24 3300 24 0
248 send 216 3100 24 0
248 wait 25 249 3100
248 wait 217 249 3300
248 irecv 249 1100 200 0
248 irecv 251 1300 200 0
248 send 249 1300 1 0
248 send 251 1100 1 0
248 wait 250 249 1100
248 wait 252 249 1300
248 irecv 252 2100 200 0
248 irecv 244 2300 200 0
248 send 252 2300 4 0
248 send 244 2100 4 0
248 wait 253 249 2100
248 wait 245 249 2300
248 irecv 24 3100 200 0
248 irecv 216 3300 200 0
248 send 24 3300 12 0
248 send 216 3100 12 0
248 wait 25 249 3100
248 wait 217 249 3300
248 irecv 249 1100 200 0
248 irecv 251 1300 200 0
248 wait 250 249 1100
248 wait 252 249 1300
248 send 56 3300 12 0
248 send 184 3100 6 0
248 irecv 252 2100 200 0
248 irecv 244 2300 200 0
248 wait 253 249 2100
248 wait 245 249 2300
248 send 24 3300 24 0
248 send 216 3100 12 0
248 irecv 249 1100 200 0
248 irecv 251 1300 200 0
248 send 249 1300 1 0
248 send 251 1100 1 0
248 wait 250 249 1100
248 wait 252 249 1300
248 irecv 252 2100 200 0
248 irecv 244 2300 200 0
248 send 252 2300 4 0
248 send 244 2100 4 0
248 wait 253 249 2100
248 wait 245 249 2300
248 irecv 24 3100 200 0
248 irecv 216 3300 200 0
248 send 24 3300 12 0
248 send 216 3100 12 0
248 wait 25 249 3100
248 wait 217 249 3300
248 irecv 249 1100 200 0
248 irecv 251 1300 200 0
248 send 249 1300 1 0
248 send 251 1100 1 0
248 wait 250 249 1100
248 wait 252 249 1300
248 irecv 252 2100 200 0
248 irecv 244 2300 200 0
248 send 252 2300 4 0
248 send 244 2100 4 0
248 wait 253 249 2100
248 wait 245 249 2300
248 irecv 24 3100 200 0
248 irecv 216 3300 200 0
248 send 24 3300 12 0
248 send 216 3100 12 0
248 wait 25 249 3100
248 wait 217 249 3300
248 irecv 249 1100 200 0
248 irecv 251 1300 200 0
248 send 249 1300 4 0
248 send 251 1100 4 0
248 wait 250 249 1100
248 wait 252 249 1300
248 irecv 252 2100 200 0
248 irecv 244 2300 200 0
248 send 252 2300 12 0
248 send 244 2100 12 0
248 wait 253 249 2100
248 wait 245 249 2300
248 irecv 24 3100 200 0
248 irecv 216 3300 200 0
248 send 24 3300 24 0
248 send 216 3100 24 0
248 wait 25 249 3100
248 wait 217 249 3300
248 irecv 249 1100 200 0
248 irecv 251 1300 200 0
248 send 249 1300 4 0
248 send 251 1100 4 0
248 wait 250 249 1100
248 wait 252 249 1300
248 irecv 252 2100 200 0
248 irecv 244 2300 200 0
248 send 252 2300 12 0
248 send 244 2100 12 0
248 wait 253 249 2100
248 wait 245 249 2300
248 irecv 24 3100 200 0
248 irecv 216 3300 200 0
248 send 24 3300 24 0
248 send 216 3100 24 0
248 wait 25 249 3100
248 wait 217 249 3300
248 irecv 249 1100 200 0
248 irecv 251 1300 200 0
248 send 249 1300 16 0
248 send 251 1100 16 0
248 wait 250 249 1100
248 wait 252 249 1300
248 irecv 252 2100 200 0
248 irecv 244 2300 200 0
248 send 252 2300 40 0
248 send 244 2100 40 0
248 wait 253 249 2100
248 wait 245 249 2300
248 irecv 24 3100 200 0
248 irecv 216 3300 200 0
248 send 24 3300 60 0
248 send 216 3100 60 0
248 wait 25 249 3100
248 wait 217 249 3300
248 irecv 249 1100 200 0
248 irecv 251 1300 200 0
248 send 249 1300 16 0
248 send 251 1100 16 0
248 wait 250 249 1100
248 wait 252 249 1300
248 irecv 252 2100 200 0
248 irecv 244 2300 200 0
248 send 252 2300 40 0
248 send 244 2100 40 0
248 wait 253 249 2100
248 wait 245 249 2300
248 irecv 24 3100 200 0
248 irecv 216 3300 200 0
248 send 24 3300 60 0
248 send 216 3100 60 0
248 wait 25 249 3100
248 wait 217 249 3300
248 irecv 249 1100 200 0
248 irecv 251 1300 200 0
248 send 249 1300 16 0
248 send 251 1100 16 0
248 wait 250 249 1100
248 wait 252 249 1300
248 irecv 252 2100 200 0
248 irecv 244 2300 200 0
248 send 252 2300 40 0
248 send 244 2100 40 0
248 wait 253 249 2100
248 wait 245 249 2300
248 irecv 24 3100 200 0
248 irecv 216 3300 200 0
248 send 24 3300 60 0
248 send 216 3100 60 0
248 wait 25 249 3100
248 wait 217 249 3300
248 irecv 249 1100 200 0
248 irecv 251 1300 200 0
248 send 249 1300 4 0
248 send 251 1100 4 0
248 wait 250 249 1100
248 wait 252 249 1300
248 irecv 252 2100 200 0
248 irecv 244 2300 200 0
248 send 252 2300 12 0
248 send 244 2100 12 0
248 wait 253 249 2100
248 wait 245 249 2300
248 irecv 24 3100 200 0
248 irecv 216 3300 200 0
248 send 24 3300 24 0
248 send 216 3100 24 0
248 wait 25 249 3100
248 wait 217 249 3300
248 irecv 249 1100 200 0
248 irecv 251 1300 200 0
248 send 249 1300 1 0
248 send 251 1100 1 0
248 wait 250 249 1100
248 wait 252 249 1300
248 irecv 252 2100 200 0
248 irecv 244 2300 200 0
248 send 252 2300 4 0
248 send 244 2100 4 0
248 wait 253 249 2100
248 wait 245 249 2300
248 irecv 24 3100 200 0
248 irecv 216 3300 200 0
248 send 24 3300 12 0
248 send 216 3100 12 0
248 wait 25 249 3100
248 wait 217 249 3300
248 irecv 249 1100 200 0
248 irecv 251 1300 200 0
248 wait 250 249 1100
248 wait 252 249 1300
248 send 56 3300 12 0
248 send 184 3100 6 0
248 irecv 252 2100 200 0
248 irecv 244 2300 200 0
248 wait 253 249 2100
248 wait 245 249 2300
248 send 24 3300 24 0
248 send 216 3100 12 0
248 irecv 249 1100 200 0
248 irecv 251 1300 200 0
248 send 249 1300 1 0
248 send 251 1100 1 0
248 wait 250 249 1100
248 wait 252 249 1300
248 irecv 252 2100 200 0
248 irecv 244 2300 200 0
248 send 252 2300 4 0
248 send 244 2100 4 0
248 wait 253 249 2100
248 wait 245 249 2300
248 irecv 24 3100 200 0
248 irecv 216 3300 200 0
248 send 24 3300 12 0
248 send 216 3100 12 0
248 wait 25 249 3100
248 wait 217 249 3300
248 irecv 249 1100 200 0
248 irecv 251 1300 200 0
248 send 249 1300 1 0
248 send 251 1100 1 0
248 wait 250 249 1100
248 wait 252 249 1300
248 irecv 252 2100 200 0
248 irecv 244 2300 200 0
248 send 252 2300 4 0
248 send 244 2100 4 0
248 wait 253 249 2100
248 wait 245 249 2300
248 irecv 24 3100 200 0
248 irecv 216 3300 200 0
248 send 24 3300 12 0
248 send 216 3100 12 0
248 wait 25 249 3100
248 wait 217 249 3300
248 irecv 249 1100 200 0
248 irecv 251 1300 200 0
248 send 249 1300 4 0
248 send 251 1100 4 0
248 wait 250 249 1100
248 wait 252 249 1300
248 irecv 252 2100 200 0
248 irecv 244 2300 200 0
248 send 252 2300 12 0
248 send 244 2100 12 0
248 wait 253 249 2100
248 wait 245 249 2300
248 irecv 24 3100 200 0
248 irecv 216 3300 200 0
248 send 24 3300 24 0
248 send 216 3100 24 0
248 wait 25 249 3100
248 wait 217 249 3300
248 irecv 249 1100 200 0
248 irecv 251 1300 200 0
248 send 249 1300 4 0
248 send 251 1100 4 0
248 wait 250 249 1100
248 wait 252 249 1300
248 irecv 252 2100 200 0
248 irecv 244 2300 200 0
248 send 252 2300 12 0
248 send 244 2100 12 0
248 wait 253 249 2100
248 wait 245 249 2300
248 irecv 24 3100 200 0
248 irecv 216 3300 200 0
248 send 24 3300 24 0
248 send 216 3100 24 0
248 wait 25 249 3100
248 wait 217 249 3300
248 irecv 249 1100 200 0
248 irecv 251 1300 200 0
248 send 249 1300 16 0
248 send 251 1100 16 0
248 wait 250 249 1100
248 wait 252 249 1300
248 irecv 252 2100 200 0
248 irecv 244 2300 200 0
248 send 252 2300 40 0
248 send 244 2100 40 0
248 wait 253 249 2100
248 wait 245 249 2300
248 irecv 24 3100 200 0
248 irecv 216 3300 200 0
248 send 24 3300 60 0
248 send 216 3100 60 0
248 wait 25 249 3100
248 wait 217 249 3300
248 irecv 249 1100 200 0
248 irecv 251 1300 200 0
248 send 249 1300 16 0
248 send 251 1100 16 0
248 wait 250 249 1100
248 wait 252 249 1300
248 irecv 252 2100 200 0
248 irecv 244 2300 200 0
248 send 252 2300 40 0
248 send 244 2100 40 0
248 wait 253 249 2100
248 wait 245 249 2300
248 irecv 24 3100 200 0
248 irecv 216 3300 200 0
248 send 24 3300 60 0
248 send 216 3100 60 0
248 wait 25 249 3100
248 wait 217 249 3300
248 irecv 249 1100 200 0
248 irecv 251 1300 200 0
248 send 249 1300 16 0
248 send 251 1100 16 0
248 wait 250 249 1100
248 wait 252 249 1300
248 irecv 252 2100 200 0
248 irecv 244 2300 200 0
248 send 252 2300 40 0
248 send 244 2100 40 0
248 wait 253 249 2100
248 wait 245 249 2300
248 irecv 24 3100 200 0
248 irecv 216 3300 200 0
248 send 24 3300 60 0
248 send 216 3100 60 0
248 wait 25 249 3100
248 wait 217 249 3300
248 allreduce 1 0 0 
248 allreduce 1 0 0 
248 reduce 1 0 0 0 
248 finalize
