82 init
82 barrier
82 bcast 1 0 1 
82 bcast 1 0 1 
82 bcast 1 0 1 
82 bcast 1 0 1 
82 bcast 1 0 1 
82 bcast 8 0 1 
82 bcast 1 0 16 
82 barrier
82 allreduce 1 0 0 
82 allreduce 4 0 1 
82 allreduce 1 0 0 
82 allreduce 4 0 1 
82 allreduce 1 0 0 
82 allreduce 4 0 1 
82 allreduce 1 0 0 
82 allreduce 4 0 1 
82 allreduce 1 0 0 
82 allreduce 4 0 1 
82 allreduce 1 0 0 
82 allreduce 4 0 1 
82 allreduce 1 0 0 
82 allreduce 4 0 1 
82 allreduce 1 0 0 
82 allreduce 4 0 1 
82 allreduce 1 0 0 
82 allreduce 4 0 1 
82 allreduce 1 0 0 
82 allreduce 4 0 1 
82 allreduce 1 0 0 
82 allreduce 4 0 1 
82 allreduce 1 0 0 
82 allreduce 4 0 1 
82 allreduce 1 0 0 
82 allreduce 4 0 1 
82 allreduce 1 0 0 
82 allreduce 4 0 1 
82 allreduce 1 0 0 
82 allreduce 4 0 1 
82 allreduce 1 0 0 
82 allreduce 4 0 1 
82 allreduce 1 0 0 
82 allreduce 4 0 1 
82 allreduce 1 0 0 
82 allreduce 4 0 1 
82 allreduce 1 0 0 
82 allreduce 4 0 1 
82 allreduce 1 0 0 
82 allreduce 4 0 1 
82 barrier
82 irecv 83 1100 200 0
82 irecv 81 1300 200 0
82 send 83 1300 16 0
82 send 81 1100 16 0
82 wait 84 83 1100
82 wait 82 83 1300
82 irecv 86 2100 200 0
82 irecv 78 2300 200 0
82 send 86 2300 40 0
82 send 78 2100 40 0
82 wait 87 83 2100
82 wait 79 83 2300
82 irecv 114 3100 200 0
82 irecv 50 3300 200 0
82 send 114 3300 60 0
82 send 50 3100 60 0
82 wait 115 83 3100
82 wait 51 83 3300
82 allreduce 1 0 0 
82 allreduce 1 0 0 
82 irecv 83 1100 200 0
82 irecv 81 1300 200 0
82 send 83 1300 16 0
82 send 81 1100 16 0
82 wait 84 83 1100
82 wait 82 83 1300
82 irecv 86 2100 200 0
82 irecv 78 2300 200 0
82 send 86 2300 40 0
82 send 78 2100 40 0
82 wait 87 83 2100
82 wait 79 83 2300
82 irecv 114 3100 200 0
82 irecv 50 3300 200 0
82 send 114 3300 60 0
82 send 50 3100 60 0
82 wait 115 83 3100
82 wait 51 83 3300
82 allreduce 1 0 0 
82 allreduce 1 0 0 
82 irecv 83 1100 200 0
82 irecv 81 1300 200 0
82 send 83 1300 4 0
82 send 81 1100 4 0
82 wait 84 83 1100
82 wait 82 83 1300
82 irecv 86 2100 200 0
82 irecv 78 2300 200 0
82 send 86 2300 12 0
82 send 78 2100 12 0
82 wait 87 83 2100
82 wait 79 83 2300
82 irecv 114 3100 200 0
82 irecv 50 3300 200 0
82 send 114 3300 24 0
82 send 50 3100 24 0
82 wait 115 83 3100
82 wait 51 83 3300
82 irecv 83 1100 200 0
82 irecv 81 1300 200 0
82 send 83 1300 1 0
82 send 81 1100 1 0
82 wait 84 83 1100
82 wait 82 83 1300
82 irecv 86 2100 200 0
82 irecv 78 2300 200 0
82 send 86 2300 4 0
82 send 78 2100 4 0
82 wait 87 83 2100
82 wait 79 83 2300
82 irecv 114 3100 200 0
82 irecv 50 3300 200 0
82 send 114 3300 12 0
82 send 50 3100 12 0
82 wait 115 83 3100
82 wait 51 83 3300
82 irecv 83 1100 200 0
82 irecv 81 1300 200 0
82 wait 84 83 1100
82 wait 82 83 1300
82 irecv 86 2100 200 0
82 irecv 78 2300 200 0
82 wait 87 83 2100
82 wait 79 83 2300
82 irecv 114 3100 200 0
82 irecv 50 3300 200 0
82 wait 115 83 3100
82 wait 51 83 3300
82 irecv 83 1100 200 0
82 irecv 81 1300 200 0
82 send 83 1300 1 0
82 send 81 1100 1 0
82 wait 84 83 1100
82 wait 82 83 1300
82 irecv 86 2100 200 0
82 irecv 78 2300 200 0
82 send 86 2300 4 0
82 send 78 2100 4 0
82 wait 87 83 2100
82 wait 79 83 2300
82 irecv 114 3100 200 0
82 irecv 50 3300 200 0
82 send 114 3300 12 0
82 send 50 3100 12 0
82 wait 115 83 3100
82 wait 51 83 3300
82 irecv 83 1100 200 0
82 irecv 81 1300 200 0
82 send 83 1300 1 0
82 send 81 1100 1 0
82 wait 84 83 1100
82 wait 82 83 1300
82 irecv 86 2100 200 0
82 irecv 78 2300 200 0
82 send 86 2300 4 0
82 send 78 2100 4 0
82 wait 87 83 2100
82 wait 79 83 2300
82 irecv 114 3100 200 0
82 irecv 50 3300 200 0
82 send 114 3300 12 0
82 send 50 3100 12 0
82 wait 115 83 3100
82 wait 51 83 3300
82 irecv 83 1100 200 0
82 irecv 81 1300 200 0
82 send 83 1300 4 0
82 send 81 1100 4 0
82 wait 84 83 1100
82 wait 82 83 1300
82 irecv 86 2100 200 0
82 irecv 78 2300 200 0
82 send 86 2300 12 0
82 send 78 2100 12 0
82 wait 87 83 2100
82 wait 79 83 2300
82 irecv 114 3100 200 0
82 irecv 50 3300 200 0
82 send 114 3300 24 0
82 send 50 3100 24 0
82 wait 115 83 3100
82 wait 51 83 3300
82 irecv 83 1100 200 0
82 irecv 81 1300 200 0
82 send 83 1300 4 0
82 send 81 1100 4 0
82 wait 84 83 1100
82 wait 82 83 1300
82 irecv 86 2100 200 0
82 irecv 78 2300 200 0
82 send 86 2300 12 0
82 send 78 2100 12 0
82 wait 87 83 2100
82 wait 79 83 2300
82 irecv 114 3100 200 0
82 irecv 50 3300 200 0
82 send 114 3300 24 0
82 send 50 3100 24 0
82 wait 115 83 3100
82 wait 51 83 3300
82 irecv 83 1100 200 0
82 irecv 81 1300 200 0
82 send 83 1300 16 0
82 send 81 1100 16 0
82 wait 84 83 1100
82 wait 82 83 1300
82 irecv 86 2100 200 0
82 irecv 78 2300 200 0
82 send 86 2300 40 0
82 send 78 2100 40 0
82 wait 87 83 2100
82 wait 79 83 2300
82 irecv 114 3100 200 0
82 irecv 50 3300 200 0
82 send 114 3300 60 0
82 send 50 3100 60 0
82 wait 115 83 3100
82 wait 51 83 3300
82 irecv 83 1100 200 0
82 irecv 81 1300 200 0
82 send 83 1300 16 0
82 send 81 1100 16 0
82 wait 84 83 1100
82 wait 82 83 1300
82 irecv 86 2100 200 0
82 irecv 78 2300 200 0
82 send 86 2300 40 0
82 send 78 2100 40 0
82 wait 87 83 2100
82 wait 79 83 2300
82 irecv 114 3100 200 0
82 irecv 50 3300 200 0
82 send 114 3300 60 0
82 send 50 3100 60 0
82 wait 115 83 3100
82 wait 51 83 3300
82 irecv 83 1100 200 0
82 irecv 81 1300 200 0
82 send 83 1300 16 0
82 send 81 1100 16 0
82 wait 84 83 1100
82 wait 82 83 1300
82 irecv 86 2100 200 0
82 irecv 78 2300 200 0
82 send 86 2300 40 0
82 send 78 2100 40 0
82 wait 87 83 2100
82 wait 79 83 2300
82 irecv 114 3100 200 0
82 irecv 50 3300 200 0
82 send 114 3300 60 0
82 send 50 3100 60 0
82 wait 115 83 3100
82 wait 51 83 3300
82 barrier
82 allreduce 1 0 0 
82 allreduce 4 0 1 
82 allreduce 1 0 0 
82 allreduce 4 0 1 
82 allreduce 1 0 0 
82 allreduce 4 0 1 
82 allreduce 1 0 0 
82 allreduce 4 0 1 
82 allreduce 1 0 0 
82 allreduce 4 0 1 
82 allreduce 1 0 0 
82 allreduce 4 0 1 
82 allreduce 1 0 0 
82 allreduce 4 0 1 
82 allreduce 1 0 0 
82 allreduce 4 0 1 
82 allreduce 1 0 0 
82 allreduce 4 0 1 
82 allreduce 1 0 0 
82 allreduce 4 0 1 
82 allreduce 1 0 0 
82 allreduce 4 0 1 
82 allreduce 1 0 0 
82 allreduce 4 0 1 
82 allreduce 1 0 0 
82 allreduce 4 0 1 
82 allreduce 1 0 0 
82 allreduce 4 0 1 
82 allreduce 1 0 0 
82 allreduce 4 0 1 
82 allreduce 1 0 0 
82 allreduce 4 0 1 
82 allreduce 1 0 0 
82 allreduce 4 0 1 
82 allreduce 1 0 0 
82 allreduce 4 0 1 
82 allreduce 1 0 0 
82 allreduce 4 0 1 
82 allreduce 1 0 0 
82 allreduce 4 0 1 
82 barrier
82 irecv 83 1100 200 0
82 irecv 81 1300 200 0
82 send 83 1300 16 0
82 send 81 1100 16 0
82 wait 84 83 1100
82 wait 82 83 1300
82 irecv 86 2100 200 0
82 irecv 78 2300 200 0
82 send 86 2300 40 0
82 send 78 2100 40 0
82 wait 87 83 2100
82 wait 79 83 2300
82 irecv 114 3100 200 0
82 irecv 50 3300 200 0
82 send 114 3300 60 0
82 send 50 3100 60 0
82 wait 115 83 3100
82 wait 51 83 3300
82 barrier
82 irecv 83 1100 200 0
82 irecv 81 1300 200 0
82 send 83 1300 16 0
82 send 81 1100 16 0
82 wait 84 83 1100
82 wait 82 83 1300
82 irecv 86 2100 200 0
82 irecv 78 2300 200 0
82 send 86 2300 40 0
82 send 78 2100 40 0
82 wait 87 83 2100
82 wait 79 83 2300
82 irecv 114 3100 200 0
82 irecv 50 3300 200 0
82 send 114 3300 60 0
82 send 50 3100 60 0
82 wait 115 83 3100
82 wait 51 83 3300
82 allreduce 1 0 0 
82 allreduce 1 0 0 
82 irecv 83 1100 200 0
82 irecv 81 1300 200 0
82 send 83 1300 4 0
82 send 81 1100 4 0
82 wait 84 83 1100
82 wait 82 83 1300
82 irecv 86 2100 200 0
82 irecv 78 2300 200 0
82 send 86 2300 12 0
82 send 78 2100 12 0
82 wait 87 83 2100
82 wait 79 83 2300
82 irecv 114 3100 200 0
82 irecv 50 3300 200 0
82 send 114 3300 24 0
82 send 50 3100 24 0
82 wait 115 83 3100
82 wait 51 83 3300
82 irecv 83 1100 200 0
82 irecv 81 1300 200 0
82 send 83 1300 1 0
82 send 81 1100 1 0
82 wait 84 83 1100
82 wait 82 83 1300
82 irecv 86 2100 200 0
82 irecv 78 2300 200 0
82 send 86 2300 4 0
82 send 78 2100 4 0
82 wait 87 83 2100
82 wait 79 83 2300
82 irecv 114 3100 200 0
82 irecv 50 3300 200 0
82 send 114 3300 12 0
82 send 50 3100 12 0
82 wait 115 83 3100
82 wait 51 83 3300
82 irecv 83 1100 200 0
82 irecv 81 1300 200 0
82 wait 84 83 1100
82 wait 82 83 1300
82 irecv 86 2100 200 0
82 irecv 78 2300 200 0
82 wait 87 83 2100
82 wait 79 83 2300
82 irecv 114 3100 200 0
82 irecv 50 3300 200 0
82 wait 115 83 3100
82 wait 51 83 3300
82 irecv 83 1100 200 0
82 irecv 81 1300 200 0
82 send 83 1300 1 0
82 send 81 1100 1 0
82 wait 84 83 1100
82 wait 82 83 1300
82 irecv 86 2100 200 0
82 irecv 78 2300 200 0
82 send 86 2300 4 0
82 send 78 2100 4 0
82 wait 87 83 2100
82 wait 79 83 2300
82 irecv 114 3100 200 0
82 irecv 50 3300 200 0
82 send 114 3300 12 0
82 send 50 3100 12 0
82 wait 115 83 3100
82 wait 51 83 3300
82 irecv 83 1100 200 0
82 irecv 81 1300 200 0
82 send 83 1300 1 0
82 send 81 1100 1 0
82 wait 84 83 1100
82 wait 82 83 1300
82 irecv 86 2100 200 0
82 irecv 78 2300 200 0
82 send 86 2300 4 0
82 send 78 2100 4 0
82 wait 87 83 2100
82 wait 79 83 2300
82 irecv 114 3100 200 0
82 irecv 50 3300 200 0
82 send 114 3300 12 0
82 send 50 3100 12 0
82 wait 115 83 3100
82 wait 51 83 3300
82 irecv 83 1100 200 0
82 irecv 81 1300 200 0
82 send 83 1300 4 0
82 send 81 1100 4 0
82 wait 84 83 1100
82 wait 82 83 1300
82 irecv 86 2100 200 0
82 irecv 78 2300 200 0
82 send 86 2300 12 0
82 send 78 2100 12 0
82 wait 87 83 2100
82 wait 79 83 2300
82 irecv 114 3100 200 0
82 irecv 50 3300 200 0
82 send 114 3300 24 0
82 send 50 3100 24 0
82 wait 115 83 3100
82 wait 51 83 3300
82 irecv 83 1100 200 0
82 irecv 81 1300 200 0
82 send 83 1300 4 0
82 send 81 1100 4 0
82 wait 84 83 1100
82 wait 82 83 1300
82 irecv 86 2100 200 0
82 irecv 78 2300 200 0
82 send 86 2300 12 0
82 send 78 2100 12 0
82 wait 87 83 2100
82 wait 79 83 2300
82 irecv 114 3100 200 0
82 irecv 50 3300 200 0
82 send 114 3300 24 0
82 send 50 3100 24 0
82 wait 115 83 3100
82 wait 51 83 3300
82 irecv 83 1100 200 0
82 irecv 81 1300 200 0
82 send 83 1300 16 0
82 send 81 1100 16 0
82 wait 84 83 1100
82 wait 82 83 1300
82 irecv 86 2100 200 0
82 irecv 78 2300 200 0
82 send 86 2300 40 0
82 send 78 2100 40 0
82 wait 87 83 2100
82 wait 79 83 2300
82 irecv 114 3100 200 0
82 irecv 50 3300 200 0
82 send 114 3300 60 0
82 send 50 3100 60 0
82 wait 115 83 3100
82 wait 51 83 3300
82 irecv 83 1100 200 0
82 irecv 81 1300 200 0
82 send 83 1300 16 0
82 send 81 1100 16 0
82 wait 84 83 1100
82 wait 82 83 1300
82 irecv 86 2100 200 0
82 irecv 78 2300 200 0
82 send 86 2300 40 0
82 send 78 2100 40 0
82 wait 87 83 2100
82 wait 79 83 2300
82 irecv 114 3100 200 0
82 irecv 50 3300 200 0
82 send 114 3300 60 0
82 send 50 3100 60 0
82 wait 115 83 3100
82 wait 51 83 3300
82 irecv 83 1100 200 0
82 irecv 81 1300 200 0
82 send 83 1300 16 0
82 send 81 1100 16 0
82 wait 84 83 1100
82 wait 82 83 1300
82 irecv 86 2100 200 0
82 irecv 78 2300 200 0
82 send 86 2300 40 0
82 send 78 2100 40 0
82 wait 87 83 2100
82 wait 79 83 2300
82 irecv 114 3100 200 0
82 irecv 50 3300 200 0
82 send 114 3300 60 0
82 send 50 3100 60 0
82 wait 115 83 3100
82 wait 51 83 3300
82 irecv 83 1100 200 0
82 irecv 81 1300 200 0
82 send 83 1300 4 0
82 send 81 1100 4 0
82 wait 84 83 1100
82 wait 82 83 1300
82 irecv 86 2100 200 0
82 irecv 78 2300 200 0
82 send 86 2300 12 0
82 send 78 2100 12 0
82 wait 87 83 2100
82 wait 79 83 2300
82 irecv 114 3100 200 0
82 irecv 50 3300 200 0
82 send 114 3300 24 0
82 send 50 3100 24 0
82 wait 115 83 3100
82 wait 51 83 3300
82 irecv 83 1100 200 0
82 irecv 81 1300 200 0
82 send 83 1300 1 0
82 send 81 1100 1 0
82 wait 84 83 1100
82 wait 82 83 1300
82 irecv 86 2100 200 0
82 irecv 78 2300 200 0
82 send 86 2300 4 0
82 send 78 2100 4 0
82 wait 87 83 2100
82 wait 79 83 2300
82 irecv 114 3100 200 0
82 irecv 50 3300 200 0
82 send 114 3300 12 0
82 send 50 3100 12 0
82 wait 115 83 3100
82 wait 51 83 3300
82 irecv 83 1100 200 0
82 irecv 81 1300 200 0
82 wait 84 83 1100
82 wait 82 83 1300
82 irecv 86 2100 200 0
82 irecv 78 2300 200 0
82 wait 87 83 2100
82 wait 79 83 2300
82 irecv 114 3100 200 0
82 irecv 50 3300 200 0
82 wait 115 83 3100
82 wait 51 83 3300
82 irecv 83 1100 200 0
82 irecv 81 1300 200 0
82 send 83 1300 1 0
82 send 81 1100 1 0
82 wait 84 83 1100
82 wait 82 83 1300
82 irecv 86 2100 200 0
82 irecv 78 2300 200 0
82 send 86 2300 4 0
82 send 78 2100 4 0
82 wait 87 83 2100
82 wait 79 83 2300
82 irecv 114 3100 200 0
82 irecv 50 3300 200 0
82 send 114 3300 12 0
82 send 50 3100 12 0
82 wait 115 83 3100
82 wait 51 83 3300
82 irecv 83 1100 200 0
82 irecv 81 1300 200 0
82 send 83 1300 1 0
82 send 81 1100 1 0
82 wait 84 83 1100
82 wait 82 83 1300
82 irecv 86 2100 200 0
82 irecv 78 2300 200 0
82 send 86 2300 4 0
82 send 78 2100 4 0
82 wait 87 83 2100
82 wait 79 83 2300
82 irecv 114 3100 200 0
82 irecv 50 3300 200 0
82 send 114 3300 12 0
82 send 50 3100 12 0
82 wait 115 83 3100
82 wait 51 83 3300
82 irecv 83 1100 200 0
82 irecv 81 1300 200 0
82 send 83 1300 4 0
82 send 81 1100 4 0
82 wait 84 83 1100
82 wait 82 83 1300
82 irecv 86 2100 200 0
82 irecv 78 2300 200 0
82 send 86 2300 12 0
82 send 78 2100 12 0
82 wait 87 83 2100
82 wait 79 83 2300
82 irecv 114 3100 200 0
82 irecv 50 3300 200 0
82 send 114 3300 24 0
82 send 50 3100 24 0
82 wait 115 83 3100
82 wait 51 83 3300
82 irecv 83 1100 200 0
82 irecv 81 1300 200 0
82 compute 312.5
82 send 83 1300 4 0
82 send 81 1100 4 0
82 wait 84 83 1100
82 wait 82 83 1300
82 irecv 86 2100 200 0
82 irecv 78 2300 200 0
82 send 86 2300 12 0
82 send 78 2100 12 0
82 wait 87 83 2100
82 wait 79 83 2300
82 irecv 114 3100 200 0
82 irecv 50 3300 200 0
82 send 114 3300 24 0
82 send 50 3100 24 0
82 wait 115 83 3100
82 wait 51 83 3300
82 irecv 83 1100 200 0
82 irecv 81 1300 200 0
82 send 83 1300 16 0
82 send 81 1100 16 0
82 wait 84 83 1100
82 wait 82 83 1300
82 irecv 86 2100 200 0
82 irecv 78 2300 200 0
82 send 86 2300 40 0
82 send 78 2100 40 0
82 wait 87 83 2100
82 wait 79 83 2300
82 irecv 114 3100 200 0
82 irecv 50 3300 200 0
82 send 114 3300 60 0
82 send 50 3100 60 0
82 wait 115 83 3100
82 wait 51 83 3300
82 irecv 83 1100 200 0
82 irecv 81 1300 200 0
82 send 83 1300 16 0
82 send 81 1100 16 0
82 wait 84 83 1100
82 wait 82 83 1300
82 irecv 86 2100 200 0
82 irecv 78 2300 200 0
82 send 86 2300 40 0
82 send 78 2100 40 0
82 wait 87 83 2100
82 wait 79 83 2300
82 irecv 114 3100 200 0
82 irecv 50 3300 200 0
82 send 114 3300 60 0
82 send 50 3100 60 0
82 wait 115 83 3100
82 wait 51 83 3300
82 irecv 83 1100 200 0
82 irecv 81 1300 200 0
82 send 83 1300 16 0
82 send 81 1100 16 0
82 wait 84 83 1100
82 wait 82 83 1300
82 irecv 86 2100 200 0
82 irecv 78 2300 200 0
82 send 86 2300 40 0
82 send 78 2100 40 0
82 wait 87 83 2100
82 wait 79 83 2300
82 irecv 114 3100 200 0
82 irecv 50 3300 200 0
82 send 114 3300 60 0
82 send 50 3100 60 0
82 wait 115 83 3100
82 wait 51 83 3300
82 irecv 83 1100 200 0
82 irecv 81 1300 200 0
82 send 83 1300 4 0
82 send 81 1100 4 0
82 wait 84 83 1100
82 wait 82 83 1300
82 irecv 86 2100 200 0
82 irecv 78 2300 200 0
82 send 86 2300 12 0
82 send 78 2100 12 0
82 wait 87 83 2100
82 wait 79 83 2300
82 irecv 114 3100 200 0
82 irecv 50 3300 200 0
82 send 114 3300 24 0
82 send 50 3100 24 0
82 wait 115 83 3100
82 wait 51 83 3300
82 irecv 83 1100 200 0
82 irecv 81 1300 200 0
82 send 83 1300 1 0
82 send 81 1100 1 0
82 wait 84 83 1100
82 wait 82 83 1300
82 irecv 86 2100 200 0
82 irecv 78 2300 200 0
82 send 86 2300 4 0
82 send 78 2100 4 0
82 wait 87 83 2100
82 wait 79 83 2300
82 irecv 114 3100 200 0
82 irecv 50 3300 200 0
82 send 114 3300 12 0
82 send 50 3100 12 0
82 wait 115 83 3100
82 wait 51 83 3300
82 irecv 83 1100 200 0
82 irecv 81 1300 200 0
82 wait 84 83 1100
82 wait 82 83 1300
82 irecv 86 2100 200 0
82 irecv 78 2300 200 0
82 wait 87 83 2100
82 wait 79 83 2300
82 irecv 114 3100 200 0
82 irecv 50 3300 200 0
82 wait 115 83 3100
82 wait 51 83 3300
82 irecv 83 1100 200 0
82 irecv 81 1300 200 0
82 send 83 1300 1 0
82 send 81 1100 1 0
82 wait 84 83 1100
82 wait 82 83 1300
82 irecv 86 2100 200 0
82 irecv 78 2300 200 0
82 send 86 2300 4 0
82 send 78 2100 4 0
82 wait 87 83 2100
82 wait 79 83 2300
82 irecv 114 3100 200 0
82 irecv 50 3300 200 0
82 send 114 3300 12 0
82 send 50 3100 12 0
82 wait 115 83 3100
82 wait 51 83 3300
82 irecv 83 1100 200 0
82 irecv 81 1300 200 0
82 send 83 1300 1 0
82 send 81 1100 1 0
82 wait 84 83 1100
82 wait 82 83 1300
82 irecv 86 2100 200 0
82 irecv 78 2300 200 0
82 send 86 2300 4 0
82 send 78 2100 4 0
82 wait 87 83 2100
82 wait 79 83 2300
82 irecv 114 3100 200 0
82 irecv 50 3300 200 0
82 send 114 3300 12 0
82 send 50 3100 12 0
82 wait 115 83 3100
82 wait 51 83 3300
82 irecv 83 1100 200 0
82 irecv 81 1300 200 0
82 send 83 1300 4 0
82 send 81 1100 4 0
82 wait 84 83 1100
82 wait 82 83 1300
82 irecv 86 2100 200 0
82 irecv 78 2300 200 0
82 send 86 2300 12 0
82 send 78 2100 12 0
82 wait 87 83 2100
82 wait 79 83 2300
82 irecv 114 3100 200 0
82 irecv 50 3300 200 0
82 send 114 3300 24 0
82 send 50 3100 24 0
82 wait 115 83 3100
82 wait 51 83 3300
82 irecv 83 1100 200 0
82 irecv 81 1300 200 0
82 send 83 1300 4 0
82 send 81 1100 4 0
82 wait 84 83 1100
82 wait 82 83 1300
82 irecv 86 2100 200 0
82 irecv 78 2300 200 0
82 send 86 2300 12 0
82 send 78 2100 12 0
82 wait 87 83 2100
82 wait 79 83 2300
82 irecv 114 3100 200 0
82 irecv 50 3300 200 0
82 send 114 3300 24 0
82 send 50 3100 24 0
82 wait 115 83 3100
82 wait 51 83 3300
82 irecv 83 1100 200 0
82 irecv 81 1300 200 0
82 send 83 1300 16 0
82 send 81 1100 16 0
82 wait 84 83 1100
82 wait 82 83 1300
82 irecv 86 2100 200 0
82 irecv 78 2300 200 0
82 send 86 2300 40 0
82 send 78 2100 40 0
82 wait 87 83 2100
82 wait 79 83 2300
82 irecv 114 3100 200 0
82 irecv 50 3300 200 0
82 send 114 3300 60 0
82 send 50 3100 60 0
82 wait 115 83 3100
82 wait 51 83 3300
82 irecv 83 1100 200 0
82 irecv 81 1300 200 0
82 send 83 1300 16 0
82 send 81 1100 16 0
82 wait 84 83 1100
82 wait 82 83 1300
82 irecv 86 2100 200 0
82 irecv 78 2300 200 0
82 send 86 2300 40 0
82 send 78 2100 40 0
82 wait 87 83 2100
82 wait 79 83 2300
82 irecv 114 3100 200 0
82 irecv 50 3300 200 0
82 send 114 3300 60 0
82 send 50 3100 60 0
82 wait 115 83 3100
82 wait 51 83 3300
82 irecv 83 1100 200 0
82 irecv 81 1300 200 0
82 send 83 1300 16 0
82 send 81 1100 16 0
82 wait 84 83 1100
82 wait 82 83 1300
82 irecv 86 2100 200 0
82 irecv 78 2300 200 0
82 send 86 2300 40 0
82 send 78 2100 40 0
82 wait 87 83 2100
82 wait 79 83 2300
82 irecv 114 3100 200 0
82 irecv 50 3300 200 0
82 send 114 3300 60 0
82 send 50 3100 60 0
82 wait 115 83 3100
82 wait 51 83 3300
82 irecv 83 1100 200 0
82 irecv 81 1300 200 0
82 send 83 1300 4 0
82 send 81 1100 4 0
82 wait 84 83 1100
82 wait 82 83 1300
82 irecv 86 2100 200 0
82 irecv 78 2300 200 0
82 send 86 2300 12 0
82 send 78 2100 12 0
82 wait 87 83 2100
82 wait 79 83 2300
82 irecv 114 3100 200 0
82 irecv 50 3300 200 0
82 send 114 3300 24 0
82 send 50 3100 24 0
82 wait 115 83 3100
82 wait 51 83 3300
82 irecv 83 1100 200 0
82 irecv 81 1300 200 0
82 send 83 1300 1 0
82 send 81 1100 1 0
82 wait 84 83 1100
82 wait 82 83 1300
82 irecv 86 2100 200 0
82 irecv 78 2300 200 0
82 send 86 2300 4 0
82 send 78 2100 4 0
82 wait 87 83 2100
82 wait 79 83 2300
82 irecv 114 3100 200 0
82 irecv 50 3300 200 0
82 send 114 3300 12 0
82 send 50 3100 12 0
82 wait 115 83 3100
82 wait 51 83 3300
82 irecv 83 1100 200 0
82 irecv 81 1300 200 0
82 wait 84 83 1100
82 wait 82 83 1300
82 irecv 86 2100 200 0
82 irecv 78 2300 200 0
82 wait 87 83 2100
82 wait 79 83 2300
82 irecv 114 3100 200 0
82 irecv 50 3300 200 0
82 wait 115 83 3100
82 wait 51 83 3300
82 irecv 83 1100 200 0
82 irecv 81 1300 200 0
82 send 83 1300 1 0
82 send 81 1100 1 0
82 wait 84 83 1100
82 wait 82 83 1300
82 irecv 86 2100 200 0
82 irecv 78 2300 200 0
82 send 86 2300 4 0
82 send 78 2100 4 0
82 wait 87 83 2100
82 wait 79 83 2300
82 irecv 114 3100 200 0
82 irecv 50 3300 200 0
82 send 114 3300 12 0
82 send 50 3100 12 0
82 wait 115 83 3100
82 wait 51 83 3300
82 irecv 83 1100 200 0
82 irecv 81 1300 200 0
82 send 83 1300 1 0
82 send 81 1100 1 0
82 wait 84 83 1100
82 wait 82 83 1300
82 irecv 86 2100 200 0
82 irecv 78 2300 200 0
82 send 86 2300 4 0
82 send 78 2100 4 0
82 wait 87 83 2100
82 wait 79 83 2300
82 irecv 114 3100 200 0
82 irecv 50 3300 200 0
82 send 114 3300 12 0
82 send 50 3100 12 0
82 wait 115 83 3100
82 wait 51 83 3300
82 irecv 83 1100 200 0
82 irecv 81 1300 200 0
82 send 83 1300 4 0
82 send 81 1100 4 0
82 wait 84 83 1100
82 wait 82 83 1300
82 irecv 86 2100 200 0
82 irecv 78 2300 200 0
82 send 86 2300 12 0
82 send 78 2100 12 0
82 wait 87 83 2100
82 wait 79 83 2300
82 irecv 114 3100 200 0
82 irecv 50 3300 200 0
82 send 114 3300 24 0
82 send 50 3100 24 0
82 wait 115 83 3100
82 wait 51 83 3300
82 irecv 83 1100 200 0
82 irecv 81 1300 200 0
82 send 83 1300 4 0
82 send 81 1100 4 0
82 wait 84 83 1100
82 wait 82 83 1300
82 irecv 86 2100 200 0
82 irecv 78 2300 200 0
82 send 86 2300 12 0
82 send 78 2100 12 0
82 wait 87 83 2100
82 wait 79 83 2300
82 irecv 114 3100 200 0
82 irecv 50 3300 200 0
82 send 114 3300 24 0
82 send 50 3100 24 0
82 wait 115 83 3100
82 wait 51 83 3300
82 irecv 83 1100 200 0
82 irecv 81 1300 200 0
82 send 83 1300 16 0
82 send 81 1100 16 0
82 wait 84 83 1100
82 wait 82 83 1300
82 irecv 86 2100 200 0
82 irecv 78 2300 200 0
82 send 86 2300 40 0
82 send 78 2100 40 0
82 wait 87 83 2100
82 wait 79 83 2300
82 irecv 114 3100 200 0
82 irecv 50 3300 200 0
82 send 114 3300 60 0
82 send 50 3100 60 0
82 wait 115 83 3100
82 wait 51 83 3300
82 irecv 83 1100 200 0
82 irecv 81 1300 200 0
82 send 83 1300 16 0
82 send 81 1100 16 0
82 wait 84 83 1100
82 wait 82 83 1300
82 irecv 86 2100 200 0
82 irecv 78 2300 200 0
82 send 86 2300 40 0
82 send 78 2100 40 0
82 wait 87 83 2100
82 wait 79 83 2300
82 irecv 114 3100 200 0
82 irecv 50 3300 200 0
82 send 114 3300 60 0
82 send 50 3100 60 0
82 wait 115 83 3100
82 wait 51 83 3300
82 irecv 83 1100 200 0
82 irecv 81 1300 200 0
82 send 83 1300 16 0
82 send 81 1100 16 0
82 wait 84 83 1100
82 wait 82 83 1300
82 irecv 86 2100 200 0
82 irecv 78 2300 200 0
82 send 86 2300 40 0
82 send 78 2100 40 0
82 wait 87 83 2100
82 wait 79 83 2300
82 irecv 114 3100 200 0
82 irecv 50 3300 200 0
82 send 114 3300 60 0
82 send 50 3100 60 0
82 wait 115 83 3100
82 wait 51 83 3300
82 allreduce 1 0 0 
82 allreduce 1 0 0 
82 reduce 1 0 0 0 
82 finalize
