186 init
186 barrier
186 bcast 1 0 1 
186 bcast 1 0 1 
186 bcast 1 0 1 
186 bcast 1 0 1 
186 bcast 1 0 1 
186 bcast 8 0 1 
186 bcast 1 0 16 
186 barrier
186 allreduce 1 0 0 
186 allreduce 4 0 1 
186 allreduce 1 0 0 
186 allreduce 4 0 1 
186 allreduce 1 0 0 
186 allreduce 4 0 1 
186 allreduce 1 0 0 
186 allreduce 4 0 1 
186 allreduce 1 0 0 
186 allreduce 4 0 1 
186 allreduce 1 0 0 
186 allreduce 4 0 1 
186 allreduce 1 0 0 
186 allreduce 4 0 1 
186 allreduce 1 0 0 
186 allreduce 4 0 1 
186 allreduce 1 0 0 
186 allreduce 4 0 1 
186 allreduce 1 0 0 
186 allreduce 4 0 1 
186 allreduce 1 0 0 
186 allreduce 4 0 1 
186 allreduce 1 0 0 
186 allreduce 4 0 1 
186 allreduce 1 0 0 
186 allreduce 4 0 1 
186 allreduce 1 0 0 
186 allreduce 4 0 1 
186 allreduce 1 0 0 
186 allreduce 4 0 1 
186 allreduce 1 0 0 
186 allreduce 4 0 1 
186 allreduce 1 0 0 
186 allreduce 4 0 1 
186 allreduce 1 0 0 
186 allreduce 4 0 1 
186 allreduce 1 0 0 
186 allreduce 4 0 1 
186 allreduce 1 0 0 
186 allreduce 4 0 1 
186 barrier
186 irecv 187 1100 200 0
186 irecv 185 1300 200 0
186 send 187 1300 16 0
186 send 185 1100 16 0
186 wait 188 187 1100
186 wait 186 187 1300
186 irecv 190 2100 200 0
186 irecv 182 2300 200 0
186 send 190 2300 40 0
186 send 182 2100 40 0
186 wait 191 187 2100
186 wait 183 187 2300
186 irecv 218 3100 200 0
186 irecv 154 3300 200 0
186 send 218 3300 60 0
186 send 154 3100 60 0
186 wait 219 187 3100
186 wait 155 187 3300
186 allreduce 1 0 0 
186 allreduce 1 0 0 
186 irecv 187 1100 200 0
186 irecv 185 1300 200 0
186 send 187 1300 16 0
186 send 185 1100 16 0
186 wait 188 187 1100
186 wait 186 187 1300
186 irecv 190 2100 200 0
186 irecv 182 2300 200 0
186 send 190 2300 40 0
186 send 182 2100 40 0
186 wait 191 187 2100
186 wait 183 187 2300
186 irecv 218 3100 200 0
186 irecv 154 3300 200 0
186 send 218 3300 60 0
186 send 154 3100 60 0
186 wait 219 187 3100
186 wait 155 187 3300
186 allreduce 1 0 0 
186 allreduce 1 0 0 
186 irecv 187 1100 200 0
186 irecv 185 1300 200 0
186 send 187 1300 4 0
186 send 185 1100 4 0
186 wait 188 187 1100
186 wait 186 187 1300
186 irecv 190 2100 200 0
186 irecv 182 2300 200 0
186 send 190 2300 12 0
186 send 182 2100 12 0
186 wait 191 187 2100
186 wait 183 187 2300
186 irecv 218 3100 200 0
186 irecv 154 3300 200 0
186 send 218 3300 24 0
186 send 154 3100 24 0
186 wait 219 187 3100
186 wait 155 187 3300
186 irecv 187 1100 200 0
186 irecv 185 1300 200 0
186 send 187 1300 1 0
186 send 185 1100 1 0
186 wait 188 187 1100
186 wait 186 187 1300
186 irecv 190 2100 200 0
186 irecv 182 2300 200 0
186 send 190 2300 4 0
186 send 182 2100 4 0
186 wait 191 187 2100
186 wait 183 187 2300
186 irecv 218 3100 200 0
186 irecv 154 3300 200 0
186 send 218 3300 12 0
186 send 154 3100 12 0
186 wait 219 187 3100
186 wait 155 187 3300
186 irecv 187 1100 200 0
186 irecv 185 1300 200 0
186 wait 188 187 1100
186 wait 186 187 1300
186 irecv 250 3100 200 0
186 irecv 122 3300 200 0
186 wait 251 187 3100
186 wait 123 187 3300
186 irecv 190 2100 200 0
186 irecv 182 2300 200 0
186 wait 191 187 2100
186 wait 183 187 2300
186 send 218 3300 24 0
186 send 154 3100 12 0
186 irecv 187 1100 200 0
186 irecv 185 1300 200 0
186 send 187 1300 1 0
186 send 185 1100 1 0
186 wait 188 187 1100
186 wait 186 187 1300
186 irecv 190 2100 200 0
186 irecv 182 2300 200 0
186 send 190 2300 4 0
186 send 182 2100 4 0
186 wait 191 187 2100
186 wait 183 187 2300
186 irecv 218 3100 200 0
186 irecv 154 3300 200 0
186 send 218 3300 12 0
186 send 154 3100 12 0
186 wait 219 187 3100
186 wait 155 187 3300
186 irecv 187 1100 200 0
186 irecv 185 1300 200 0
186 send 187 1300 1 0
186 send 185 1100 1 0
186 wait 188 187 1100
186 wait 186 187 1300
186 irecv 190 2100 200 0
186 irecv 182 2300 200 0
186 send 190 2300 4 0
186 send 182 2100 4 0
186 wait 191 187 2100
186 wait 183 187 2300
186 irecv 218 3100 200 0
186 irecv 154 3300 200 0
186 send 218 3300 12 0
186 send 154 3100 12 0
186 wait 219 187 3100
186 wait 155 187 3300
186 irecv 187 1100 200 0
186 irecv 185 1300 200 0
186 send 187 1300 4 0
186 send 185 1100 4 0
186 wait 188 187 1100
186 wait 186 187 1300
186 irecv 190 2100 200 0
186 irecv 182 2300 200 0
186 send 190 2300 12 0
186 send 182 2100 12 0
186 wait 191 187 2100
186 wait 183 187 2300
186 irecv 218 3100 200 0
186 irecv 154 3300 200 0
186 send 218 3300 24 0
186 send 154 3100 24 0
186 wait 219 187 3100
186 wait 155 187 3300
186 irecv 187 1100 200 0
186 irecv 185 1300 200 0
186 send 187 1300 4 0
186 send 185 1100 4 0
186 wait 188 187 1100
186 wait 186 187 1300
186 irecv 190 2100 200 0
186 irecv 182 2300 200 0
186 send 190 2300 12 0
186 send 182 2100 12 0
186 wait 191 187 2100
186 compute 312.5
186 wait 183 187 2300
186 irecv 218 3100 200 0
186 irecv 154 3300 200 0
186 send 218 3300 24 0
186 send 154 3100 24 0
186 wait 219 187 3100
186 wait 155 187 3300
186 irecv 187 1100 200 0
186 irecv 185 1300 200 0
186 send 187 1300 16 0
186 send 185 1100 16 0
186 wait 188 187 1100
186 wait 186 187 1300
186 irecv 190 2100 200 0
186 irecv 182 2300 200 0
186 send 190 2300 40 0
186 send 182 2100 40 0
186 wait 191 187 2100
186 wait 183 187 2300
186 irecv 218 3100 200 0
186 irecv 154 3300 200 0
186 send 218 3300 60 0
186 send 154 3100 60 0
186 wait 219 187 3100
186 wait 155 187 3300
186 irecv 187 1100 200 0
186 irecv 185 1300 200 0
186 send 187 1300 16 0
186 send 185 1100 16 0
186 wait 188 187 1100
186 wait 186 187 1300
186 irecv 190 2100 200 0
186 irecv 182 2300 200 0
186 send 190 2300 40 0
186 send 182 2100 40 0
186 wait 191 187 2100
186 wait 183 187 2300
186 irecv 218 3100 200 0
186 irecv 154 3300 200 0
186 send 218 3300 60 0
186 send 154 3100 60 0
186 wait 219 187 3100
186 wait 155 187 3300
186 irecv 187 1100 200 0
186 irecv 185 1300 200 0
186 send 187 1300 16 0
186 send 185 1100 16 0
186 wait 188 187 1100
186 wait 186 187 1300
186 irecv 190 2100 200 0
186 irecv 182 2300 200 0
186 send 190 2300 40 0
186 send 182 2100 40 0
186 wait 191 187 2100
186 wait 183 187 2300
186 irecv 218 3100 200 0
186 irecv 154 3300 200 0
186 send 218 3300 60 0
186 send 154 3100 60 0
186 wait 219 187 3100
186 wait 155 187 3300
186 barrier
186 allreduce 1 0 0 
186 allreduce 4 0 1 
186 allreduce 1 0 0 
186 allreduce 4 0 1 
186 allreduce 1 0 0 
186 allreduce 4 0 1 
186 allreduce 1 0 0 
186 allreduce 4 0 1 
186 allreduce 1 0 0 
186 allreduce 4 0 1 
186 allreduce 1 0 0 
186 allreduce 4 0 1 
186 allreduce 1 0 0 
186 allreduce 4 0 1 
186 allreduce 1 0 0 
186 allreduce 4 0 1 
186 allreduce 1 0 0 
186 allreduce 4 0 1 
186 allreduce 1 0 0 
186 allreduce 4 0 1 
186 allreduce 1 0 0 
186 allreduce 4 0 1 
186 allreduce 1 0 0 
186 allreduce 4 0 1 
186 allreduce 1 0 0 
186 allreduce 4 0 1 
186 allreduce 1 0 0 
186 allreduce 4 0 1 
186 allreduce 1 0 0 
186 allreduce 4 0 1 
186 allreduce 1 0 0 
186 allreduce 4 0 1 
186 allreduce 1 0 0 
186 allreduce 4 0 1 
186 allreduce 1 0 0 
186 allreduce 4 0 1 
186 allreduce 1 0 0 
186 allreduce 4 0 1 
186 allreduce 1 0 0 
186 allreduce 4 0 1 
186 barrier
186 irecv 187 1100 200 0
186 irecv 185 1300 200 0
186 send 187 1300 16 0
186 send 185 1100 16 0
186 wait 188 187 1100
186 wait 186 187 1300
186 irecv 190 2100 200 0
186 irecv 182 2300 200 0
186 send 190 2300 40 0
186 send 182 2100 40 0
186 wait 191 187 2100
186 wait 183 187 2300
186 irecv 218 3100 200 0
186 irecv 154 3300 200 0
186 send 218 3300 60 0
186 send 154 3100 60 0
186 wait 219 187 3100
186 wait 155 187 3300
186 barrier
186 irecv 187 1100 200 0
186 irecv 185 1300 200 0
186 send 187 1300 16 0
186 send 185 1100 16 0
186 wait 188 187 1100
186 wait 186 187 1300
186 irecv 190 2100 200 0
186 irecv 182 2300 200 0
186 send 190 2300 40 0
186 send 182 2100 40 0
186 wait 191 187 2100
186 wait 183 187 2300
186 irecv 218 3100 200 0
186 irecv 154 3300 200 0
186 send 218 3300 60 0
186 send 154 3100 60 0
186 wait 219 187 3100
186 wait 155 187 3300
186 allreduce 1 0 0 
186 allreduce 1 0 0 
186 irecv 187 1100 200 0
186 irecv 185 1300 200 0
186 send 187 1300 4 0
186 send 185 1100 4 0
186 wait 188 187 1100
186 wait 186 187 1300
186 irecv 190 2100 200 0
186 irecv 182 2300 200 0
186 send 190 2300 12 0
186 send 182 2100 12 0
186 wait 191 187 2100
186 wait 183 187 2300
186 irecv 218 3100 200 0
186 irecv 154 3300 200 0
186 send 218 3300 24 0
186 send 154 3100 24 0
186 wait 219 187 3100
186 wait 155 187 3300
186 irecv 187 1100 200 0
186 irecv 185 1300 200 0
186 send 187 1300 1 0
186 send 185 1100 1 0
186 wait 188 187 1100
186 wait 186 187 1300
186 irecv 190 2100 200 0
186 irecv 182 2300 200 0
186 send 190 2300 4 0
186 send 182 2100 4 0
186 wait 191 187 2100
186 wait 183 187 2300
186 irecv 218 3100 200 0
186 irecv 154 3300 200 0
186 send 218 3300 12 0
186 send 154 3100 12 0
186 wait 219 187 3100
186 wait 155 187 3300
186 irecv 187 1100 200 0
186 irecv 185 1300 200 0
186 wait 188 187 1100
186 wait 186 187 1300
186 irecv 250 3100 200 0
186 irecv 122 3300 200 0
186 wait 251 187 3100
186 wait 123 187 3300
186 irecv 190 2100 200 0
186 irecv 182 2300 200 0
186 wait 191 187 2100
186 wait 183 187 2300
186 send 218 3300 24 0
186 send 154 3100 12 0
186 irecv 187 1100 200 0
186 irecv 185 1300 200 0
186 send 187 1300 1 0
186 send 185 1100 1 0
186 wait 188 187 1100
186 wait 186 187 1300
186 irecv 190 2100 200 0
186 irecv 182 2300 200 0
186 send 190 2300 4 0
186 send 182 2100 4 0
186 wait 191 187 2100
186 wait 183 187 2300
186 irecv 218 3100 200 0
186 irecv 154 3300 200 0
186 send 218 3300 12 0
186 send 154 3100 12 0
186 wait 219 187 3100
186 wait 155 187 3300
186 irecv 187 1100 200 0
186 irecv 185 1300 200 0
186 send 187 1300 1 0
186 send 185 1100 1 0
186 wait 188 187 1100
186 wait 186 187 1300
186 irecv 190 2100 200 0
186 irecv 182 2300 200 0
186 send 190 2300 4 0
186 send 182 2100 4 0
186 wait 191 187 2100
186 wait 183 187 2300
186 irecv 218 3100 200 0
186 irecv 154 3300 200 0
186 send 218 3300 12 0
186 send 154 3100 12 0
186 wait 219 187 3100
186 wait 155 187 3300
186 irecv 187 1100 200 0
186 irecv 185 1300 200 0
186 send 187 1300 4 0
186 send 185 1100 4 0
186 wait 188 187 1100
186 wait 186 187 1300
186 irecv 190 2100 200 0
186 irecv 182 2300 200 0
186 send 190 2300 12 0
186 send 182 2100 12 0
186 wait 191 187 2100
186 wait 183 187 2300
186 irecv 218 3100 200 0
186 irecv 154 3300 200 0
186 send 218 3300 24 0
186 send 154 3100 24 0
186 wait 219 187 3100
186 wait 155 187 3300
186 irecv 187 1100 200 0
186 irecv 185 1300 200 0
186 send 187 1300 4 0
186 send 185 1100 4 0
186 wait 188 187 1100
186 wait 186 187 1300
186 irecv 190 2100 200 0
186 irecv 182 2300 200 0
186 send 190 2300 12 0
186 send 182 2100 12 0
186 wait 191 187 2100
186 wait 183 187 2300
186 irecv 218 3100 200 0
186 irecv 154 3300 200 0
186 send 218 3300 24 0
186 send 154 3100 24 0
186 wait 219 187 3100
186 wait 155 187 3300
186 irecv 187 1100 200 0
186 irecv 185 1300 200 0
186 send 187 1300 16 0
186 send 185 1100 16 0
186 wait 188 187 1100
186 wait 186 187 1300
186 irecv 190 2100 200 0
186 irecv 182 2300 200 0
186 send 190 2300 40 0
186 send 182 2100 40 0
186 wait 191 187 2100
186 wait 183 187 2300
186 irecv 218 3100 200 0
186 irecv 154 3300 200 0
186 send 218 3300 60 0
186 send 154 3100 60 0
186 wait 219 187 3100
186 wait 155 187 3300
186 irecv 187 1100 200 0
186 irecv 185 1300 200 0
186 send 187 1300 16 0
186 send 185 1100 16 0
186 wait 188 187 1100
186 wait 186 187 1300
186 irecv 190 2100 200 0
186 irecv 182 2300 200 0
186 send 190 2300 40 0
186 send 182 2100 40 0
186 wait 191 187 2100
186 wait 183 187 2300
186 irecv 218 3100 200 0
186 irecv 154 3300 200 0
186 send 218 3300 60 0
186 send 154 3100 60 0
186 wait 219 187 3100
186 wait 155 187 3300
186 irecv 187 1100 200 0
186 irecv 185 1300 200 0
186 send 187 1300 16 0
186 send 185 1100 16 0
186 wait 188 187 1100
186 wait 186 187 1300
186 irecv 190 2100 200 0
186 irecv 182 2300 200 0
186 send 190 2300 40 0
186 send 182 2100 40 0
186 wait 191 187 2100
186 wait 183 187 2300
186 irecv 218 3100 200 0
186 irecv 154 3300 200 0
186 send 218 3300 60 0
186 send 154 3100 60 0
186 wait 219 187 3100
186 wait 155 187 3300
186 irecv 187 1100 200 0
186 irecv 185 1300 200 0
186 send 187 1300 4 0
186 send 185 1100 4 0
186 wait 188 187 1100
186 wait 186 187 1300
186 irecv 190 2100 200 0
186 irecv 182 2300 200 0
186 send 190 2300 12 0
186 send 182 2100 12 0
186 wait 191 187 2100
186 wait 183 187 2300
186 irecv 218 3100 200 0
186 irecv 154 3300 200 0
186 send 218 3300 24 0
186 send 154 3100 24 0
186 wait 219 187 3100
186 wait 155 187 3300
186 irecv 187 1100 200 0
186 irecv 185 1300 200 0
186 send 187 1300 1 0
186 send 185 1100 1 0
186 wait 188 187 1100
186 wait 186 187 1300
186 irecv 190 2100 200 0
186 irecv 182 2300 200 0
186 send 190 2300 4 0
186 send 182 2100 4 0
186 wait 191 187 2100
186 wait 183 187 2300
186 irecv 218 3100 200 0
186 irecv 154 3300 200 0
186 send 218 3300 12 0
186 send 154 3100 12 0
186 wait 219 187 3100
186 wait 155 187 3300
186 irecv 187 1100 200 0
186 irecv 185 1300 200 0
186 wait 188 187 1100
186 wait 186 187 1300
186 irecv 250 3100 200 0
186 irecv 122 3300 200 0
186 wait 251 187 3100
186 wait 123 187 3300
186 irecv 190 2100 200 0
186 irecv 182 2300 200 0
186 wait 191 187 2100
186 wait 183 187 2300
186 send 218 3300 24 0
186 send 154 3100 12 0
186 irecv 187 1100 200 0
186 irecv 185 1300 200 0
186 send 187 1300 1 0
186 send 185 1100 1 0
186 wait 188 187 1100
186 wait 186 187 1300
186 irecv 190 2100 200 0
186 irecv 182 2300 200 0
186 send 190 2300 4 0
186 send 182 2100 4 0
186 wait 191 187 2100
186 wait 183 187 2300
186 irecv 218 3100 200 0
186 irecv 154 3300 200 0
186 send 218 3300 12 0
186 send 154 3100 12 0
186 wait 219 187 3100
186 wait 155 187 3300
186 irecv 187 1100 200 0
186 irecv 185 1300 200 0
186 send 187 1300 1 0
186 send 185 1100 1 0
186 wait 188 187 1100
186 wait 186 187 1300
186 irecv 190 2100 200 0
186 irecv 182 2300 200 0
186 send 190 2300 4 0
186 send 182 2100 4 0
186 wait 191 187 2100
186 wait 183 187 2300
186 irecv 218 3100 200 0
186 irecv 154 3300 200 0
186 send 218 3300 12 0
186 send 154 3100 12 0
186 wait 219 187 3100
186 wait 155 187 3300
186 irecv 187 1100 200 0
186 irecv 185 1300 200 0
186 send 187 1300 4 0
186 send 185 1100 4 0
186 wait 188 187 1100
186 wait 186 187 1300
186 irecv 190 2100 200 0
186 irecv 182 2300 200 0
186 send 190 2300 12 0
186 send 182 2100 12 0
186 wait 191 187 2100
186 wait 183 187 2300
186 irecv 218 3100 200 0
186 irecv 154 3300 200 0
186 send 218 3300 24 0
186 send 154 3100 24 0
186 wait 219 187 3100
186 wait 155 187 3300
186 irecv 187 1100 200 0
186 irecv 185 1300 200 0
186 send 187 1300 4 0
186 send 185 1100 4 0
186 wait 188 187 1100
186 wait 186 187 1300
186 irecv 190 2100 200 0
186 irecv 182 2300 200 0
186 send 190 2300 12 0
186 send 182 2100 12 0
186 wait 191 187 2100
186 wait 183 187 2300
186 irecv 218 3100 200 0
186 irecv 154 3300 200 0
186 send 218 3300 24 0
186 send 154 3100 24 0
186 wait 219 187 3100
186 wait 155 187 3300
186 irecv 187 1100 200 0
186 irecv 185 1300 200 0
186 send 187 1300 16 0
186 send 185 1100 16 0
186 wait 188 187 1100
186 wait 186 187 1300
186 irecv 190 2100 200 0
186 irecv 182 2300 200 0
186 send 190 2300 40 0
186 send 182 2100 40 0
186 wait 191 187 2100
186 wait 183 187 2300
186 irecv 218 3100 200 0
186 irecv 154 3300 200 0
186 send 218 3300 60 0
186 send 154 3100 60 0
186 wait 219 187 3100
186 wait 155 187 3300
186 irecv 187 1100 200 0
186 irecv 185 1300 200 0
186 send 187 1300 16 0
186 send 185 1100 16 0
186 wait 188 187 1100
186 wait 186 187 1300
186 irecv 190 2100 200 0
186 irecv 182 2300 200 0
186 send 190 2300 40 0
186 send 182 2100 40 0
186 wait 191 187 2100
186 wait 183 187 2300
186 irecv 218 3100 200 0
186 irecv 154 3300 200 0
186 send 218 3300 60 0
186 send 154 3100 60 0
186 wait 219 187 3100
186 wait 155 187 3300
186 irecv 187 1100 200 0
186 irecv 185 1300 200 0
186 send 187 1300 16 0
186 send 185 1100 16 0
186 wait 188 187 1100
186 wait 186 187 1300
186 irecv 190 2100 200 0
186 irecv 182 2300 200 0
186 send 190 2300 40 0
186 send 182 2100 40 0
186 wait 191 187 2100
186 wait 183 187 2300
186 irecv 218 3100 200 0
186 irecv 154 3300 200 0
186 send 218 3300 60 0
186 send 154 3100 60 0
186 wait 219 187 3100
186 wait 155 187 3300
186 irecv 187 1100 200 0
186 irecv 185 1300 200 0
186 send 187 1300 4 0
186 send 185 1100 4 0
186 wait 188 187 1100
186 wait 186 187 1300
186 irecv 190 2100 200 0
186 irecv 182 2300 200 0
186 send 190 2300 12 0
186 send 182 2100 12 0
186 wait 191 187 2100
186 wait 183 187 2300
186 irecv 218 3100 200 0
186 irecv 154 3300 200 0
186 send 218 3300 24 0
186 send 154 3100 24 0
186 wait 219 187 3100
186 wait 155 187 3300
186 irecv 187 1100 200 0
186 irecv 185 1300 200 0
186 send 187 1300 1 0
186 send 185 1100 1 0
186 wait 188 187 1100
186 wait 186 187 1300
186 irecv 190 2100 200 0
186 irecv 182 2300 200 0
186 send 190 2300 4 0
186 send 182 2100 4 0
186 wait 191 187 2100
186 wait 183 187 2300
186 irecv 218 3100 200 0
186 irecv 154 3300 200 0
186 send 218 3300 12 0
186 send 154 3100 12 0
186 wait 219 187 3100
186 wait 155 187 3300
186 irecv 187 1100 200 0
186 irecv 185 1300 200 0
186 wait 188 187 1100
186 wait 186 187 1300
186 irecv 250 3100 200 0
186 irecv 122 3300 200 0
186 wait 251 187 3100
186 wait 123 187 3300
186 irecv 190 2100 200 0
186 irecv 182 2300 200 0
186 wait 191 187 2100
186 wait 183 187 2300
186 send 218 3300 24 0
186 send 154 3100 12 0
186 irecv 187 1100 200 0
186 irecv 185 1300 200 0
186 send 187 1300 1 0
186 send 185 1100 1 0
186 wait 188 187 1100
186 wait 186 187 1300
186 irecv 190 2100 200 0
186 irecv 182 2300 200 0
186 send 190 2300 4 0
186 send 182 2100 4 0
186 wait 191 187 2100
186 wait 183 187 2300
186 irecv 218 3100 200 0
186 irecv 154 3300 200 0
186 send 218 3300 12 0
186 send 154 3100 12 0
186 wait 219 187 3100
186 wait 155 187 3300
186 irecv 187 1100 200 0
186 irecv 185 1300 200 0
186 send 187 1300 1 0
186 send 185 1100 1 0
186 wait 188 187 1100
186 wait 186 187 1300
186 irecv 190 2100 200 0
186 irecv 182 2300 200 0
186 send 190 2300 4 0
186 send 182 2100 4 0
186 wait 191 187 2100
186 wait 183 187 2300
186 irecv 218 3100 200 0
186 irecv 154 3300 200 0
186 send 218 3300 12 0
186 send 154 3100 12 0
186 wait 219 187 3100
186 wait 155 187 3300
186 irecv 187 1100 200 0
186 irecv 185 1300 200 0
186 send 187 1300 4 0
186 send 185 1100 4 0
186 wait 188 187 1100
186 wait 186 187 1300
186 irecv 190 2100 200 0
186 irecv 182 2300 200 0
186 send 190 2300 12 0
186 send 182 2100 12 0
186 wait 191 187 2100
186 wait 183 187 2300
186 irecv 218 3100 200 0
186 irecv 154 3300 200 0
186 send 218 3300 24 0
186 send 154 3100 24 0
186 wait 219 187 3100
186 wait 155 187 3300
186 irecv 187 1100 200 0
186 irecv 185 1300 200 0
186 send 187 1300 4 0
186 send 185 1100 4 0
186 wait 188 187 1100
186 wait 186 187 1300
186 irecv 190 2100 200 0
186 irecv 182 2300 200 0
186 send 190 2300 12 0
186 send 182 2100 12 0
186 wait 191 187 2100
186 wait 183 187 2300
186 irecv 218 3100 200 0
186 irecv 154 3300 200 0
186 send 218 3300 24 0
186 send 154 3100 24 0
186 wait 219 187 3100
186 wait 155 187 3300
186 irecv 187 1100 200 0
186 irecv 185 1300 200 0
186 send 187 1300 16 0
186 send 185 1100 16 0
186 wait 188 187 1100
186 wait 186 187 1300
186 irecv 190 2100 200 0
186 irecv 182 2300 200 0
186 send 190 2300 40 0
186 send 182 2100 40 0
186 wait 191 187 2100
186 wait 183 187 2300
186 irecv 218 3100 200 0
186 irecv 154 3300 200 0
186 send 218 3300 60 0
186 send 154 3100 60 0
186 wait 219 187 3100
186 wait 155 187 3300
186 irecv 187 1100 200 0
186 irecv 185 1300 200 0
186 send 187 1300 16 0
186 send 185 1100 16 0
186 wait 188 187 1100
186 wait 186 187 1300
186 irecv 190 2100 200 0
186 irecv 182 2300 200 0
186 send 190 2300 40 0
186 send 182 2100 40 0
186 wait 191 187 2100
186 wait 183 187 2300
186 irecv 218 3100 200 0
186 irecv 154 3300 200 0
186 send 218 3300 60 0
186 send 154 3100 60 0
186 wait 219 187 3100
186 wait 155 187 3300
186 irecv 187 1100 200 0
186 irecv 185 1300 200 0
186 send 187 1300 16 0
186 send 185 1100 16 0
186 wait 188 187 1100
186 wait 186 187 1300
186 irecv 190 2100 200 0
186 irecv 182 2300 200 0
186 send 190 2300 40 0
186 send 182 2100 40 0
186 wait 191 187 2100
186 wait 183 187 2300
186 irecv 218 3100 200 0
186 irecv 154 3300 200 0
186 send 218 3300 60 0
186 send 154 3100 60 0
186 wait 219 187 3100
186 wait 155 187 3300
186 irecv 187 1100 200 0
186 irecv 185 1300 200 0
186 send 187 1300 4 0
186 send 185 1100 4 0
186 wait 188 187 1100
186 wait 186 187 1300
186 irecv 190 2100 200 0
186 irecv 182 2300 200 0
186 send 190 2300 12 0
186 send 182 2100 12 0
186 wait 191 187 2100
186 wait 183 187 2300
186 irecv 218 3100 200 0
186 irecv 154 3300 200 0
186 send 218 3300 24 0
186 send 154 3100 24 0
186 wait 219 187 3100
186 wait 155 187 3300
186 irecv 187 1100 200 0
186 irecv 185 1300 200 0
186 send 187 1300 1 0
186 send 185 1100 1 0
186 wait 188 187 1100
186 wait 186 187 1300
186 irecv 190 2100 200 0
186 irecv 182 2300 200 0
186 send 190 2300 4 0
186 send 182 2100 4 0
186 wait 191 187 2100
186 wait 183 187 2300
186 irecv 218 3100 200 0
186 irecv 154 3300 200 0
186 send 218 3300 12 0
186 send 154 3100 12 0
186 wait 219 187 3100
186 wait 155 187 3300
186 irecv 187 1100 200 0
186 irecv 185 1300 200 0
186 wait 188 187 1100
186 wait 186 187 1300
186 irecv 250 3100 200 0
186 irecv 122 3300 200 0
186 wait 251 187 3100
186 wait 123 187 3300
186 irecv 190 2100 200 0
186 irecv 182 2300 200 0
186 wait 191 187 2100
186 wait 183 187 2300
186 send 218 3300 24 0
186 send 154 3100 12 0
186 irecv 187 1100 200 0
186 irecv 185 1300 200 0
186 send 187 1300 1 0
186 send 185 1100 1 0
186 wait 188 187 1100
186 wait 186 187 1300
186 irecv 190 2100 200 0
186 irecv 182 2300 200 0
186 send 190 2300 4 0
186 send 182 2100 4 0
186 wait 191 187 2100
186 wait 183 187 2300
186 irecv 218 3100 200 0
186 irecv 154 3300 200 0
186 send 218 3300 12 0
186 send 154 3100 12 0
186 wait 219 187 3100
186 wait 155 187 3300
186 irecv 187 1100 200 0
186 irecv 185 1300 200 0
186 send 187 1300 1 0
186 send 185 1100 1 0
186 wait 188 187 1100
186 wait 186 187 1300
186 irecv 190 2100 200 0
186 irecv 182 2300 200 0
186 send 190 2300 4 0
186 send 182 2100 4 0
186 wait 191 187 2100
186 wait 183 187 2300
186 irecv 218 3100 200 0
186 irecv 154 3300 200 0
186 send 218 3300 12 0
186 send 154 3100 12 0
186 wait 219 187 3100
186 wait 155 187 3300
186 irecv 187 1100 200 0
186 irecv 185 1300 200 0
186 send 187 1300 4 0
186 send 185 1100 4 0
186 wait 188 187 1100
186 wait 186 187 1300
186 irecv 190 2100 200 0
186 irecv 182 2300 200 0
186 send 190 2300 12 0
186 send 182 2100 12 0
186 wait 191 187 2100
186 wait 183 187 2300
186 irecv 218 3100 200 0
186 irecv 154 3300 200 0
186 send 218 3300 24 0
186 send 154 3100 24 0
186 wait 219 187 3100
186 wait 155 187 3300
186 irecv 187 1100 200 0
186 irecv 185 1300 200 0
186 send 187 1300 4 0
186 send 185 1100 4 0
186 wait 188 187 1100
186 wait 186 187 1300
186 irecv 190 2100 200 0
186 irecv 182 2300 200 0
186 send 190 2300 12 0
186 send 182 2100 12 0
186 wait 191 187 2100
186 wait 183 187 2300
186 irecv 218 3100 200 0
186 irecv 154 3300 200 0
186 send 218 3300 24 0
186 send 154 3100 24 0
186 wait 219 187 3100
186 wait 155 187 3300
186 irecv 187 1100 200 0
186 irecv 185 1300 200 0
186 send 187 1300 16 0
186 send 185 1100 16 0
186 wait 188 187 1100
186 wait 186 187 1300
186 irecv 190 2100 200 0
186 irecv 182 2300 200 0
186 send 190 2300 40 0
186 send 182 2100 40 0
186 wait 191 187 2100
186 wait 183 187 2300
186 irecv 218 3100 200 0
186 irecv 154 3300 200 0
186 send 218 3300 60 0
186 send 154 3100 60 0
186 wait 219 187 3100
186 wait 155 187 3300
186 irecv 187 1100 200 0
186 irecv 185 1300 200 0
186 send 187 1300 16 0
186 send 185 1100 16 0
186 wait 188 187 1100
186 wait 186 187 1300
186 irecv 190 2100 200 0
186 irecv 182 2300 200 0
186 send 190 2300 40 0
186 send 182 2100 40 0
186 wait 191 187 2100
186 wait 183 187 2300
186 irecv 218 3100 200 0
186 irecv 154 3300 200 0
186 send 218 3300 60 0
186 send 154 3100 60 0
186 wait 219 187 3100
186 wait 155 187 3300
186 irecv 187 1100 200 0
186 irecv 185 1300 200 0
186 send 187 1300 16 0
186 send 185 1100 16 0
186 wait 188 187 1100
186 wait 186 187 1300
186 irecv 190 2100 200 0
186 irecv 182 2300 200 0
186 send 190 2300 40 0
186 send 182 2100 40 0
186 wait 191 187 2100
186 wait 183 187 2300
186 irecv 218 3100 200 0
186 irecv 154 3300 200 0
186 send 218 3300 60 0
186 send 154 3100 60 0
186 wait 219 187 3100
186 wait 155 187 3300
186 allreduce 1 0 0 
186 allreduce 1 0 0 
186 reduce 1 0 0 0 
186 finalize
