48 init
48 barrier
48 bcast 1 0 1 
48 bcast 1 0 1 
48 bcast 1 0 1 
48 bcast 1 0 1 
48 bcast 1 0 1 
48 bcast 8 0 1 
48 bcast 1 0 16 
48 barrier
48 allreduce 1 0 0 
48 allreduce 4 0 1 
48 allreduce 1 0 0 
48 allreduce 4 0 1 
48 allreduce 1 0 0 
48 allreduce 4 0 1 
48 allreduce 1 0 0 
48 allreduce 4 0 1 
48 allreduce 1 0 0 
48 allreduce 4 0 1 
48 allreduce 1 0 0 
48 allreduce 4 0 1 
48 allreduce 1 0 0 
48 allreduce 4 0 1 
48 allreduce 1 0 0 
48 allreduce 4 0 1 
48 allreduce 1 0 0 
48 allreduce 4 0 1 
48 allreduce 1 0 0 
48 allreduce 4 0 1 
48 allreduce 1 0 0 
48 allreduce 4 0 1 
48 allreduce 1 0 0 
48 allreduce 4 0 1 
48 allreduce 1 0 0 
48 allreduce 4 0 1 
48 allreduce 1 0 0 
48 allreduce 4 0 1 
48 allreduce 1 0 0 
48 allreduce 4 0 1 
48 allreduce 1 0 0 
48 allreduce 4 0 1 
48 allreduce 1 0 0 
48 allreduce 4 0 1 
48 allreduce 1 0 0 
48 allreduce 4 0 1 
48 allreduce 1 0 0 
48 allreduce 4 0 1 
48 allreduce 1 0 0 
48 allreduce 4 0 1 
48 barrier
48 irecv 49 1100 200 0
48 irecv 51 1300 200 0
48 send 49 1300 16 0
48 send 51 1100 16 0
48 wait 50 49 1100
48 wait 52 49 1300
48 irecv 52 2100 200 0
48 irecv 44 2300 200 0
48 send 52 2300 40 0
48 send 44 2100 40 0
48 wait 53 49 2100
48 wait 45 49 2300
48 irecv 80 3100 200 0
48 irecv 16 3300 200 0
48 send 80 3300 60 0
48 send 16 3100 60 0
48 wait 81 49 3100
48 wait 17 49 3300
48 allreduce 1 0 0 
48 allreduce 1 0 0 
48 irecv 49 1100 200 0
48 irecv 51 1300 200 0
48 send 49 1300 16 0
48 send 51 1100 16 0
48 wait 50 49 1100
48 wait 52 49 1300
48 irecv 52 2100 200 0
48 irecv 44 2300 200 0
48 send 52 2300 40 0
48 send 44 2100 40 0
48 wait 53 49 2100
48 wait 45 49 2300
48 irecv 80 3100 200 0
48 irecv 16 3300 200 0
48 send 80 3300 60 0
48 send 16 3100 60 0
48 wait 81 49 3100
48 wait 17 49 3300
48 allreduce 1 0 0 
48 allreduce 1 0 0 
48 irecv 49 1100 200 0
48 irecv 51 1300 200 0
48 send 49 1300 4 0
48 send 51 1100 4 0
48 wait 50 49 1100
48 wait 52 49 1300
48 irecv 52 2100 200 0
48 irecv 44 2300 200 0
48 send 52 2300 12 0
48 send 44 2100 12 0
48 wait 53 49 2100
48 wait 45 49 2300
48 irecv 80 3100 200 0
48 irecv 16 3300 200 0
48 send 80 3300 24 0
48 send 16 3100 24 0
48 wait 81 49 3100
48 wait 17 49 3300
48 irecv 49 1100 200 0
48 irecv 51 1300 200 0
48 send 49 1300 1 0
48 send 51 1100 1 0
48 wait 50 49 1100
48 wait 52 49 1300
48 irecv 52 2100 200 0
48 irecv 44 2300 200 0
48 send 52 2300 4 0
48 send 44 2100 4 0
48 wait 53 49 2100
48 wait 45 49 2300
48 irecv 80 3100 200 0
48 irecv 16 3300 200 0
48 send 80 3300 12 0
48 send 16 3100 12 0
48 wait 81 49 3100
48 wait 17 49 3300
48 irecv 49 1100 200 0
48 irecv 51 1300 200 0
48 wait 50 49 1100
48 wait 52 49 1300
48 irecv 112 3100 200 0
48 irecv 240 3300 200 0
48 wait 113 49 3100
48 wait 241 49 3300
48 irecv 52 2100 200 0
48 irecv 44 2300 200 0
48 wait 53 49 2100
48 wait 45 49 2300
48 send 80 3300 24 0
48 send 16 3100 12 0
48 irecv 49 1100 200 0
48 irecv 51 1300 200 0
48 send 49 1300 1 0
48 send 51 1100 1 0
48 wait 50 49 1100
48 wait 52 49 1300
48 irecv 52 2100 200 0
48 irecv 44 2300 200 0
48 send 52 2300 4 0
48 send 44 2100 4 0
48 wait 53 49 2100
48 wait 45 49 2300
48 irecv 80 3100 200 0
48 irecv 16 3300 200 0
48 send 80 3300 12 0
48 send 16 3100 12 0
48 wait 81 49 3100
48 wait 17 49 3300
48 irecv 49 1100 200 0
48 irecv 51 1300 200 0
48 send 49 1300 1 0
48 send 51 1100 1 0
48 wait 50 49 1100
48 wait 52 49 1300
48 irecv 52 2100 200 0
48 irecv 44 2300 200 0
48 send 52 2300 4 0
48 send 44 2100 4 0
48 wait 53 49 2100
48 wait 45 49 2300
48 irecv 80 3100 200 0
48 irecv 16 3300 200 0
48 send 80 3300 12 0
48 send 16 3100 12 0
48 wait 81 49 3100
48 wait 17 49 3300
48 irecv 49 1100 200 0
48 irecv 51 1300 200 0
48 send 49 1300 4 0
48 send 51 1100 4 0
48 wait 50 49 1100
48 wait 52 49 1300
48 irecv 52 2100 200 0
48 irecv 44 2300 200 0
48 send 52 2300 12 0
48 send 44 2100 12 0
48 wait 53 49 2100
48 wait 45 49 2300
48 irecv 80 3100 200 0
48 irecv 16 3300 200 0
48 send 80 3300 24 0
48 send 16 3100 24 0
48 wait 81 49 3100
48 wait 17 49 3300
48 irecv 49 1100 200 0
48 irecv 51 1300 200 0
48 send 49 1300 4 0
48 send 51 1100 4 0
48 wait 50 49 1100
48 wait 52 49 1300
48 irecv 52 2100 200 0
48 irecv 44 2300 200 0
48 send 52 2300 12 0
48 send 44 2100 12 0
48 wait 53 49 2100
48 wait 45 49 2300
48 irecv 80 3100 200 0
48 irecv 16 3300 200 0
48 send 80 3300 24 0
48 send 16 3100 24 0
48 wait 81 49 3100
48 wait 17 49 3300
48 irecv 49 1100 200 0
48 irecv 51 1300 200 0
48 send 49 1300 16 0
48 send 51 1100 16 0
48 wait 50 49 1100
48 wait 52 49 1300
48 irecv 52 2100 200 0
48 irecv 44 2300 200 0
48 send 52 2300 40 0
48 send 44 2100 40 0
48 wait 53 49 2100
48 wait 45 49 2300
48 irecv 80 3100 200 0
48 irecv 16 3300 200 0
48 send 80 3300 60 0
48 send 16 3100 60 0
48 wait 81 49 3100
48 wait 17 49 3300
48 irecv 49 1100 200 0
48 irecv 51 1300 200 0
48 send 49 1300 16 0
48 send 51 1100 16 0
48 wait 50 49 1100
48 wait 52 49 1300
48 irecv 52 2100 200 0
48 irecv 44 2300 200 0
48 send 52 2300 40 0
48 send 44 2100 40 0
48 wait 53 49 2100
48 wait 45 49 2300
48 irecv 80 3100 200 0
48 irecv 16 3300 200 0
48 send 80 3300 60 0
48 send 16 3100 60 0
48 wait 81 49 3100
48 wait 17 49 3300
48 irecv 49 1100 200 0
48 irecv 51 1300 200 0
48 send 49 1300 16 0
48 send 51 1100 16 0
48 wait 50 49 1100
48 wait 52 49 1300
48 irecv 52 2100 200 0
48 irecv 44 2300 200 0
48 send 52 2300 40 0
48 send 44 2100 40 0
48 wait 53 49 2100
48 wait 45 49 2300
48 irecv 80 3100 200 0
48 irecv 16 3300 200 0
48 send 80 3300 60 0
48 send 16 3100 60 0
48 wait 81 49 3100
48 wait 17 49 3300
48 barrier
48 allreduce 1 0 0 
48 allreduce 4 0 1 
48 allreduce 1 0 0 
48 allreduce 4 0 1 
48 allreduce 1 0 0 
48 allreduce 4 0 1 
48 allreduce 1 0 0 
48 allreduce 4 0 1 
48 allreduce 1 0 0 
48 allreduce 4 0 1 
48 allreduce 1 0 0 
48 allreduce 4 0 1 
48 allreduce 1 0 0 
48 allreduce 4 0 1 
48 allreduce 1 0 0 
48 allreduce 4 0 1 
48 allreduce 1 0 0 
48 allreduce 4 0 1 
48 allreduce 1 0 0 
48 allreduce 4 0 1 
48 allreduce 1 0 0 
48 allreduce 4 0 1 
48 allreduce 1 0 0 
48 allreduce 4 0 1 
48 allreduce 1 0 0 
48 allreduce 4 0 1 
48 allreduce 1 0 0 
48 allreduce 4 0 1 
48 allreduce 1 0 0 
48 allreduce 4 0 1 
48 allreduce 1 0 0 
48 allreduce 4 0 1 
48 allreduce 1 0 0 
48 allreduce 4 0 1 
48 allreduce 1 0 0 
48 allreduce 4 0 1 
48 allreduce 1 0 0 
48 allreduce 4 0 1 
48 allreduce 1 0 0 
48 allreduce 4 0 1 
48 barrier
48 irecv 49 1100 200 0
48 irecv 51 1300 200 0
48 send 49 1300 16 0
48 send 51 1100 16 0
48 wait 50 49 1100
48 wait 52 49 1300
48 irecv 52 2100 200 0
48 irecv 44 2300 200 0
48 send 52 2300 40 0
48 send 44 2100 40 0
48 wait 53 49 2100
48 wait 45 49 2300
48 irecv 80 3100 200 0
48 irecv 16 3300 200 0
48 send 80 3300 60 0
48 send 16 3100 60 0
48 wait 81 49 3100
48 wait 17 49 3300
48 barrier
48 irecv 49 1100 200 0
48 irecv 51 1300 200 0
48 send 49 1300 16 0
48 send 51 1100 16 0
48 wait 50 49 1100
48 wait 52 49 1300
48 irecv 52 2100 200 0
48 irecv 44 2300 200 0
48 send 52 2300 40 0
48 send 44 2100 40 0
48 wait 53 49 2100
48 wait 45 49 2300
48 irecv 80 3100 200 0
48 irecv 16 3300 200 0
48 send 80 3300 60 0
48 send 16 3100 60 0
48 wait 81 49 3100
48 wait 17 49 3300
48 allreduce 1 0 0 
48 allreduce 1 0 0 
48 irecv 49 1100 200 0
48 irecv 51 1300 200 0
48 send 49 1300 4 0
48 send 51 1100 4 0
48 wait 50 49 1100
48 wait 52 49 1300
48 irecv 52 2100 200 0
48 irecv 44 2300 200 0
48 send 52 2300 12 0
48 send 44 2100 12 0
48 wait 53 49 2100
48 wait 45 49 2300
48 irecv 80 3100 200 0
48 irecv 16 3300 200 0
48 send 80 3300 24 0
48 send 16 3100 24 0
48 wait 81 49 3100
48 wait 17 49 3300
48 irecv 49 1100 200 0
48 irecv 51 1300 200 0
48 send 49 1300 1 0
48 send 51 1100 1 0
48 wait 50 49 1100
48 wait 52 49 1300
48 irecv 52 2100 200 0
48 irecv 44 2300 200 0
48 send 52 2300 4 0
48 send 44 2100 4 0
48 wait 53 49 2100
48 wait 45 49 2300
48 irecv 80 3100 200 0
48 irecv 16 3300 200 0
48 send 80 3300 12 0
48 send 16 3100 12 0
48 wait 81 49 3100
48 wait 17 49 3300
48 irecv 49 1100 200 0
48 irecv 51 1300 200 0
48 wait 50 49 1100
48 wait 52 49 1300
48 irecv 112 3100 200 0
48 irecv 240 3300 200 0
48 wait 113 49 3100
48 wait 241 49 3300
48 irecv 52 2100 200 0
48 irecv 44 2300 200 0
48 wait 53 49 2100
48 wait 45 49 2300
48 send 80 3300 24 0
48 send 16 3100 12 0
48 irecv 49 1100 200 0
48 irecv 51 1300 200 0
48 send 49 1300 1 0
48 send 51 1100 1 0
48 wait 50 49 1100
48 wait 52 49 1300
48 irecv 52 2100 200 0
48 irecv 44 2300 200 0
48 send 52 2300 4 0
48 send 44 2100 4 0
48 wait 53 49 2100
48 wait 45 49 2300
48 irecv 80 3100 200 0
48 irecv 16 3300 200 0
48 send 80 3300 12 0
48 send 16 3100 12 0
48 wait 81 49 3100
48 wait 17 49 3300
48 irecv 49 1100 200 0
48 irecv 51 1300 200 0
48 send 49 1300 1 0
48 send 51 1100 1 0
48 wait 50 49 1100
48 wait 52 49 1300
48 irecv 52 2100 200 0
48 irecv 44 2300 200 0
48 send 52 2300 4 0
48 send 44 2100 4 0
48 wait 53 49 2100
48 wait 45 49 2300
48 irecv 80 3100 200 0
48 irecv 16 3300 200 0
48 send 80 3300 12 0
48 send 16 3100 12 0
48 wait 81 49 3100
48 wait 17 49 3300
48 irecv 49 1100 200 0
48 irecv 51 1300 200 0
48 send 49 1300 4 0
48 send 51 1100 4 0
48 wait 50 49 1100
48 wait 52 49 1300
48 irecv 52 2100 200 0
48 irecv 44 2300 200 0
48 send 52 2300 12 0
48 send 44 2100 12 0
48 wait 53 49 2100
48 wait 45 49 2300
48 irecv 80 3100 200 0
48 irecv 16 3300 200 0
48 send 80 3300 24 0
48 send 16 3100 24 0
48 wait 81 49 3100
48 wait 17 49 3300
48 irecv 49 1100 200 0
48 irecv 51 1300 200 0
48 send 49 1300 4 0
48 send 51 1100 4 0
48 wait 50 49 1100
48 wait 52 49 1300
48 irecv 52 2100 200 0
48 irecv 44 2300 200 0
48 send 52 2300 12 0
48 send 44 2100 12 0
48 wait 53 49 2100
48 wait 45 49 2300
48 irecv 80 3100 200 0
48 irecv 16 3300 200 0
48 send 80 3300 24 0
48 send 16 3100 24 0
48 wait 81 49 3100
48 wait 17 49 3300
48 irecv 49 1100 200 0
48 irecv 51 1300 200 0
48 send 49 1300 16 0
48 send 51 1100 16 0
48 wait 50 49 1100
48 wait 52 49 1300
48 irecv 52 2100 200 0
48 irecv 44 2300 200 0
48 send 52 2300 40 0
48 send 44 2100 40 0
48 wait 53 49 2100
48 wait 45 49 2300
48 irecv 80 3100 200 0
48 irecv 16 3300 200 0
48 send 80 3300 60 0
48 send 16 3100 60 0
48 wait 81 49 3100
48 wait 17 49 3300
48 irecv 49 1100 200 0
48 irecv 51 1300 200 0
48 send 49 1300 16 0
48 send 51 1100 16 0
48 wait 50 49 1100
48 wait 52 49 1300
48 irecv 52 2100 200 0
48 irecv 44 2300 200 0
48 send 52 2300 40 0
48 send 44 2100 40 0
48 wait 53 49 2100
48 wait 45 49 2300
48 irecv 80 3100 200 0
48 irecv 16 3300 200 0
48 send 80 3300 60 0
48 send 16 3100 60 0
48 wait 81 49 3100
48 wait 17 49 3300
48 irecv 49 1100 200 0
48 irecv 51 1300 200 0
48 send 49 1300 16 0
48 send 51 1100 16 0
48 wait 50 49 1100
48 wait 52 49 1300
48 irecv 52 2100 200 0
48 irecv 44 2300 200 0
48 send 52 2300 40 0
48 send 44 2100 40 0
48 wait 53 49 2100
48 wait 45 49 2300
48 irecv 80 3100 200 0
48 irecv 16 3300 200 0
48 send 80 3300 60 0
48 send 16 3100 60 0
48 wait 81 49 3100
48 wait 17 49 3300
48 irecv 49 1100 200 0
48 irecv 51 1300 200 0
48 send 49 1300 4 0
48 send 51 1100 4 0
48 wait 50 49 1100
48 wait 52 49 1300
48 irecv 52 2100 200 0
48 irecv 44 2300 200 0
48 send 52 2300 12 0
48 send 44 2100 12 0
48 wait 53 49 2100
48 wait 45 49 2300
48 irecv 80 3100 200 0
48 irecv 16 3300 200 0
48 send 80 3300 24 0
48 send 16 3100 24 0
48 wait 81 49 3100
48 wait 17 49 3300
48 irecv 49 1100 200 0
48 irecv 51 1300 200 0
48 send 49 1300 1 0
48 send 51 1100 1 0
48 wait 50 49 1100
48 wait 52 49 1300
48 irecv 52 2100 200 0
48 irecv 44 2300 200 0
48 send 52 2300 4 0
48 send 44 2100 4 0
48 wait 53 49 2100
48 wait 45 49 2300
48 irecv 80 3100 200 0
48 irecv 16 3300 200 0
48 send 80 3300 12 0
48 send 16 3100 12 0
48 wait 81 49 3100
48 wait 17 49 3300
48 irecv 49 1100 200 0
48 irecv 51 1300 200 0
48 wait 50 49 1100
48 wait 52 49 1300
48 irecv 112 3100 200 0
48 irecv 240 3300 200 0
48 wait 113 49 3100
48 wait 241 49 3300
48 irecv 52 2100 200 0
48 irecv 44 2300 200 0
48 wait 53 49 2100
48 wait 45 49 2300
48 send 80 3300 24 0
48 send 16 3100 12 0
48 irecv 49 1100 200 0
48 irecv 51 1300 200 0
48 send 49 1300 1 0
48 send 51 1100 1 0
48 wait 50 49 1100
48 wait 52 49 1300
48 irecv 52 2100 200 0
48 irecv 44 2300 200 0
48 send 52 2300 4 0
48 send 44 2100 4 0
48 wait 53 49 2100
48 wait 45 49 2300
48 irecv 80 3100 200 0
48 irecv 16 3300 200 0
48 send 80 3300 12 0
48 send 16 3100 12 0
48 wait 81 49 3100
48 wait 17 49 3300
48 irecv 49 1100 200 0
48 irecv 51 1300 200 0
48 send 49 1300 1 0
48 send 51 1100 1 0
48 wait 50 49 1100
48 wait 52 49 1300
48 irecv 52 2100 200 0
48 irecv 44 2300 200 0
48 send 52 2300 4 0
48 send 44 2100 4 0
48 wait 53 49 2100
48 wait 45 49 2300
48 irecv 80 3100 200 0
48 irecv 16 3300 200 0
48 send 80 3300 12 0
48 send 16 3100 12 0
48 wait 81 49 3100
48 wait 17 49 3300
48 irecv 49 1100 200 0
48 irecv 51 1300 200 0
48 send 49 1300 4 0
48 send 51 1100 4 0
48 wait 50 49 1100
48 wait 52 49 1300
48 irecv 52 2100 200 0
48 irecv 44 2300 200 0
48 send 52 2300 12 0
48 send 44 2100 12 0
48 wait 53 49 2100
48 wait 45 49 2300
48 irecv 80 3100 200 0
48 irecv 16 3300 200 0
48 send 80 3300 24 0
48 send 16 3100 24 0
48 wait 81 49 3100
48 wait 17 49 3300
48 irecv 49 1100 200 0
48 irecv 51 1300 200 0
48 send 49 1300 4 0
48 send 51 1100 4 0
48 wait 50 49 1100
48 wait 52 49 1300
48 irecv 52 2100 200 0
48 irecv 44 2300 200 0
48 send 52 2300 12 0
48 send 44 2100 12 0
48 wait 53 49 2100
48 wait 45 49 2300
48 irecv 80 3100 200 0
48 irecv 16 3300 200 0
48 send 80 3300 24 0
48 send 16 3100 24 0
48 wait 81 49 3100
48 wait 17 49 3300
48 irecv 49 1100 200 0
48 irecv 51 1300 200 0
48 send 49 1300 16 0
48 send 51 1100 16 0
48 wait 50 49 1100
48 wait 52 49 1300
48 irecv 52 2100 200 0
48 irecv 44 2300 200 0
48 send 52 2300 40 0
48 send 44 2100 40 0
48 wait 53 49 2100
48 wait 45 49 2300
48 irecv 80 3100 200 0
48 irecv 16 3300 200 0
48 send 80 3300 60 0
48 send 16 3100 60 0
48 wait 81 49 3100
48 wait 17 49 3300
48 irecv 49 1100 200 0
48 irecv 51 1300 200 0
48 send 49 1300 16 0
48 send 51 1100 16 0
48 wait 50 49 1100
48 wait 52 49 1300
48 irecv 52 2100 200 0
48 irecv 44 2300 200 0
48 send 52 2300 40 0
48 send 44 2100 40 0
48 wait 53 49 2100
48 wait 45 49 2300
48 irecv 80 3100 200 0
48 irecv 16 3300 200 0
48 send 80 3300 60 0
48 send 16 3100 60 0
48 wait 81 49 3100
48 wait 17 49 3300
48 irecv 49 1100 200 0
48 irecv 51 1300 200 0
48 send 49 1300 16 0
48 send 51 1100 16 0
48 wait 50 49 1100
48 wait 52 49 1300
48 irecv 52 2100 200 0
48 irecv 44 2300 200 0
48 send 52 2300 40 0
48 send 44 2100 40 0
48 wait 53 49 2100
48 wait 45 49 2300
48 irecv 80 3100 200 0
48 irecv 16 3300 200 0
48 send 80 3300 60 0
48 send 16 3100 60 0
48 wait 81 49 3100
48 wait 17 49 3300
48 irecv 49 1100 200 0
48 irecv 51 1300 200 0
48 send 49 1300 4 0
48 send 51 1100 4 0
48 wait 50 49 1100
48 wait 52 49 1300
48 irecv 52 2100 200 0
48 irecv 44 2300 200 0
48 send 52 2300 12 0
48 send 44 2100 12 0
48 wait 53 49 2100
48 wait 45 49 2300
48 irecv 80 3100 200 0
48 irecv 16 3300 200 0
48 send 80 3300 24 0
48 send 16 3100 24 0
48 wait 81 49 3100
48 wait 17 49 3300
48 irecv 49 1100 200 0
48 irecv 51 1300 200 0
48 send 49 1300 1 0
48 send 51 1100 1 0
48 wait 50 49 1100
48 wait 52 49 1300
48 irecv 52 2100 200 0
48 irecv 44 2300 200 0
48 send 52 2300 4 0
48 send 44 2100 4 0
48 wait 53 49 2100
48 wait 45 49 2300
48 irecv 80 3100 200 0
48 irecv 16 3300 200 0
48 send 80 3300 12 0
48 send 16 3100 12 0
48 wait 81 49 3100
48 wait 17 49 3300
48 irecv 49 1100 200 0
48 irecv 51 1300 200 0
48 wait 50 49 1100
48 wait 52 49 1300
48 irecv 112 3100 200 0
48 irecv 240 3300 200 0
48 wait 113 49 3100
48 wait 241 49 3300
48 irecv 52 2100 200 0
48 irecv 44 2300 200 0
48 wait 53 49 2100
48 wait 45 49 2300
48 send 80 3300 24 0
48 send 16 3100 12 0
48 irecv 49 1100 200 0
48 irecv 51 1300 200 0
48 send 49 1300 1 0
48 send 51 1100 1 0
48 wait 50 49 1100
48 wait 52 49 1300
48 irecv 52 2100 200 0
48 irecv 44 2300 200 0
48 send 52 2300 4 0
48 send 44 2100 4 0
48 wait 53 49 2100
48 wait 45 49 2300
48 irecv 80 3100 200 0
48 irecv 16 3300 200 0
48 send 80 3300 12 0
48 send 16 3100 12 0
48 wait 81 49 3100
48 wait 17 49 3300
48 irecv 49 1100 200 0
48 irecv 51 1300 200 0
48 send 49 1300 1 0
48 send 51 1100 1 0
48 wait 50 49 1100
48 wait 52 49 1300
48 irecv 52 2100 200 0
48 irecv 44 2300 200 0
48 send 52 2300 4 0
48 send 44 2100 4 0
48 wait 53 49 2100
48 wait 45 49 2300
48 irecv 80 3100 200 0
48 irecv 16 3300 200 0
48 send 80 3300 12 0
48 send 16 3100 12 0
48 wait 81 49 3100
48 wait 17 49 3300
48 irecv 49 1100 200 0
48 irecv 51 1300 200 0
48 send 49 1300 4 0
48 send 51 1100 4 0
48 wait 50 49 1100
48 wait 52 49 1300
48 irecv 52 2100 200 0
48 irecv 44 2300 200 0
48 send 52 2300 12 0
48 send 44 2100 12 0
48 wait 53 49 2100
48 wait 45 49 2300
48 irecv 80 3100 200 0
48 irecv 16 3300 200 0
48 send 80 3300 24 0
48 send 16 3100 24 0
48 wait 81 49 3100
48 wait 17 49 3300
48 irecv 49 1100 200 0
48 irecv 51 1300 200 0
48 send 49 1300 4 0
48 send 51 1100 4 0
48 wait 50 49 1100
48 wait 52 49 1300
48 irecv 52 2100 200 0
48 irecv 44 2300 200 0
48 send 52 2300 12 0
48 send 44 2100 12 0
48 wait 53 49 2100
48 wait 45 49 2300
48 irecv 80 3100 200 0
48 irecv 16 3300 200 0
48 send 80 3300 24 0
48 send 16 3100 24 0
48 wait 81 49 3100
48 wait 17 49 3300
48 irecv 49 1100 200 0
48 irecv 51 1300 200 0
48 send 49 1300 16 0
48 send 51 1100 16 0
48 wait 50 49 1100
48 wait 52 49 1300
48 irecv 52 2100 200 0
48 irecv 44 2300 200 0
48 send 52 2300 40 0
48 send 44 2100 40 0
48 wait 53 49 2100
48 wait 45 49 2300
48 irecv 80 3100 200 0
48 irecv 16 3300 200 0
48 send 80 3300 60 0
48 send 16 3100 60 0
48 wait 81 49 3100
48 wait 17 49 3300
48 irecv 49 1100 200 0
48 irecv 51 1300 200 0
48 send 49 1300 16 0
48 send 51 1100 16 0
48 wait 50 49 1100
48 wait 52 49 1300
48 irecv 52 2100 200 0
48 irecv 44 2300 200 0
48 send 52 2300 40 0
48 send 44 2100 40 0
48 wait 53 49 2100
48 wait 45 49 2300
48 irecv 80 3100 200 0
48 irecv 16 3300 200 0
48 send 80 3300 60 0
48 send 16 3100 60 0
48 wait 81 49 3100
48 wait 17 49 3300
48 irecv 49 1100 200 0
48 irecv 51 1300 200 0
48 send 49 1300 16 0
48 send 51 1100 16 0
48 wait 50 49 1100
48 wait 52 49 1300
48 irecv 52 2100 200 0
48 irecv 44 2300 200 0
48 send 52 2300 40 0
48 send 44 2100 40 0
48 wait 53 49 2100
48 wait 45 49 2300
48 irecv 80 3100 200 0
48 irecv 16 3300 200 0
48 send 80 3300 60 0
48 send 16 3100 60 0
48 wait 81 49 3100
48 wait 17 49 3300
48 irecv 49 1100 200 0
48 irecv 51 1300 200 0
48 send 49 1300 4 0
48 send 51 1100 4 0
48 wait 50 49 1100
48 wait 52 49 1300
48 irecv 52 2100 200 0
48 irecv 44 2300 200 0
48 send 52 2300 12 0
48 send 44 2100 12 0
48 wait 53 49 2100
48 wait 45 49 2300
48 irecv 80 3100 200 0
48 irecv 16 3300 200 0
48 send 80 3300 24 0
48 send 16 3100 24 0
48 wait 81 49 3100
48 wait 17 49 3300
48 irecv 49 1100 200 0
48 irecv 51 1300 200 0
48 send 49 1300 1 0
48 send 51 1100 1 0
48 wait 50 49 1100
48 wait 52 49 1300
48 irecv 52 2100 200 0
48 irecv 44 2300 200 0
48 send 52 2300 4 0
48 send 44 2100 4 0
48 wait 53 49 2100
48 wait 45 49 2300
48 irecv 80 3100 200 0
48 irecv 16 3300 200 0
48 send 80 3300 12 0
48 send 16 3100 12 0
48 wait 81 49 3100
48 wait 17 49 3300
48 irecv 49 1100 200 0
48 irecv 51 1300 200 0
48 wait 50 49 1100
48 wait 52 49 1300
48 irecv 112 3100 200 0
48 irecv 240 3300 200 0
48 wait 113 49 3100
48 wait 241 49 3300
48 irecv 52 2100 200 0
48 irecv 44 2300 200 0
48 wait 53 49 2100
48 wait 45 49 2300
48 send 80 3300 24 0
48 send 16 3100 12 0
48 irecv 49 1100 200 0
48 irecv 51 1300 200 0
48 send 49 1300 1 0
48 send 51 1100 1 0
48 wait 50 49 1100
48 wait 52 49 1300
48 irecv 52 2100 200 0
48 irecv 44 2300 200 0
48 send 52 2300 4 0
48 send 44 2100 4 0
48 wait 53 49 2100
48 wait 45 49 2300
48 irecv 80 3100 200 0
48 irecv 16 3300 200 0
48 send 80 3300 12 0
48 send 16 3100 12 0
48 wait 81 49 3100
48 wait 17 49 3300
48 irecv 49 1100 200 0
48 irecv 51 1300 200 0
48 send 49 1300 1 0
48 send 51 1100 1 0
48 wait 50 49 1100
48 wait 52 49 1300
48 irecv 52 2100 200 0
48 irecv 44 2300 200 0
48 send 52 2300 4 0
48 send 44 2100 4 0
48 wait 53 49 2100
48 wait 45 49 2300
48 irecv 80 3100 200 0
48 irecv 16 3300 200 0
48 send 80 3300 12 0
48 send 16 3100 12 0
48 wait 81 49 3100
48 wait 17 49 3300
48 irecv 49 1100 200 0
48 irecv 51 1300 200 0
48 send 49 1300 4 0
48 send 51 1100 4 0
48 wait 50 49 1100
48 wait 52 49 1300
48 irecv 52 2100 200 0
48 irecv 44 2300 200 0
48 send 52 2300 12 0
48 send 44 2100 12 0
48 wait 53 49 2100
48 wait 45 49 2300
48 irecv 80 3100 200 0
48 irecv 16 3300 200 0
48 send 80 3300 24 0
48 send 16 3100 24 0
48 wait 81 49 3100
48 wait 17 49 3300
48 irecv 49 1100 200 0
48 irecv 51 1300 200 0
48 send 49 1300 4 0
48 send 51 1100 4 0
48 wait 50 49 1100
48 wait 52 49 1300
48 irecv 52 2100 200 0
48 irecv 44 2300 200 0
48 send 52 2300 12 0
48 send 44 2100 12 0
48 wait 53 49 2100
48 wait 45 49 2300
48 irecv 80 3100 200 0
48 irecv 16 3300 200 0
48 send 80 3300 24 0
48 send 16 3100 24 0
48 wait 81 49 3100
48 wait 17 49 3300
48 irecv 49 1100 200 0
48 irecv 51 1300 200 0
48 send 49 1300 16 0
48 send 51 1100 16 0
48 wait 50 49 1100
48 wait 52 49 1300
48 irecv 52 2100 200 0
48 irecv 44 2300 200 0
48 send 52 2300 40 0
48 send 44 2100 40 0
48 wait 53 49 2100
48 wait 45 49 2300
48 irecv 80 3100 200 0
48 irecv 16 3300 200 0
48 send 80 3300 60 0
48 send 16 3100 60 0
48 wait 81 49 3100
48 wait 17 49 3300
48 irecv 49 1100 200 0
48 irecv 51 1300 200 0
48 send 49 1300 16 0
48 send 51 1100 16 0
48 wait 50 49 1100
48 wait 52 49 1300
48 irecv 52 2100 200 0
48 irecv 44 2300 200 0
48 send 52 2300 40 0
48 send 44 2100 40 0
48 wait 53 49 2100
48 wait 45 49 2300
48 irecv 80 3100 200 0
48 irecv 16 3300 200 0
48 send 80 3300 60 0
48 send 16 3100 60 0
48 wait 81 49 3100
48 wait 17 49 3300
48 irecv 49 1100 200 0
48 irecv 51 1300 200 0
48 send 49 1300 16 0
48 send 51 1100 16 0
48 wait 50 49 1100
48 wait 52 49 1300
48 irecv 52 2100 200 0
48 irecv 44 2300 200 0
48 send 52 2300 40 0
48 send 44 2100 40 0
48 wait 53 49 2100
48 wait 45 49 2300
48 irecv 80 3100 200 0
48 irecv 16 3300 200 0
48 send 80 3300 60 0
48 send 16 3100 60 0
48 wait 81 49 3100
48 wait 17 49 3300
48 allreduce 1 0 0 
48 allreduce 1 0 0 
48 reduce 1 0 0 0 
48 finalize
