242 init
242 barrier
242 bcast 1 0 1 
242 bcast 1 0 1 
242 bcast 1 0 1 
242 bcast 1 0 1 
242 bcast 1 0 1 
242 bcast 8 0 1 
242 bcast 1 0 16 
242 barrier
242 allreduce 1 0 0 
242 allreduce 4 0 1 
242 allreduce 1 0 0 
242 allreduce 4 0 1 
242 allreduce 1 0 0 
242 allreduce 4 0 1 
242 allreduce 1 0 0 
242 allreduce 4 0 1 
242 allreduce 1 0 0 
242 allreduce 4 0 1 
242 allreduce 1 0 0 
242 allreduce 4 0 1 
242 allreduce 1 0 0 
242 allreduce 4 0 1 
242 allreduce 1 0 0 
242 allreduce 4 0 1 
242 allreduce 1 0 0 
242 allreduce 4 0 1 
242 allreduce 1 0 0 
242 allreduce 4 0 1 
242 allreduce 1 0 0 
242 allreduce 4 0 1 
242 allreduce 1 0 0 
242 allreduce 4 0 1 
242 allreduce 1 0 0 
242 allreduce 4 0 1 
242 allreduce 1 0 0 
242 allreduce 4 0 1 
242 allreduce 1 0 0 
242 allreduce 4 0 1 
242 allreduce 1 0 0 
242 allreduce 4 0 1 
242 allreduce 1 0 0 
242 allreduce 4 0 1 
242 allreduce 1 0 0 
242 allreduce 4 0 1 
242 allreduce 1 0 0 
242 allreduce 4 0 1 
242 allreduce 1 0 0 
242 allreduce 4 0 1 
242 barrier
242 irecv 243 1100 200 0
242 irecv 241 1300 200 0
242 send 243 1300 16 0
242 send 241 1100 16 0
242 wait 244 243 1100
242 wait 242 243 1300
242 irecv 246 2100 200 0
242 irecv 238 2300 200 0
242 send 246 2300 40 0
242 send 238 2100 40 0
242 wait 247 243 2100
242 wait 239 243 2300
242 irecv 18 3100 200 0
242 irecv 210 3300 200 0
242 send 18 3300 60 0
242 send 210 3100 60 0
242 wait 19 243 3100
242 wait 211 243 3300
242 allreduce 1 0 0 
242 allreduce 1 0 0 
242 irecv 243 1100 200 0
242 irecv 241 1300 200 0
242 send 243 1300 16 0
242 send 241 1100 16 0
242 wait 244 243 1100
242 wait 242 243 1300
242 irecv 246 2100 200 0
242 irecv 238 2300 200 0
242 send 246 2300 40 0
242 send 238 2100 40 0
242 wait 247 243 2100
242 wait 239 243 2300
242 irecv 18 3100 200 0
242 irecv 210 3300 200 0
242 send 18 3300 60 0
242 send 210 3100 60 0
242 wait 19 243 3100
242 wait 211 243 3300
242 allreduce 1 0 0 
242 allreduce 1 0 0 
242 irecv 243 1100 200 0
242 irecv 241 1300 200 0
242 send 243 1300 4 0
242 send 241 1100 4 0
242 wait 244 243 1100
242 wait 242 243 1300
242 irecv 246 2100 200 0
242 irecv 238 2300 200 0
242 send 246 2300 12 0
242 send 238 2100 12 0
242 wait 247 243 2100
242 wait 239 243 2300
242 irecv 18 3100 200 0
242 irecv 210 3300 200 0
242 send 18 3300 24 0
242 send 210 3100 24 0
242 wait 19 243 3100
242 wait 211 243 3300
242 irecv 243 1100 200 0
242 irecv 241 1300 200 0
242 send 243 1300 1 0
242 send 241 1100 1 0
242 wait 244 243 1100
242 wait 242 243 1300
242 irecv 246 2100 200 0
242 irecv 238 2300 200 0
242 send 246 2300 4 0
242 send 238 2100 4 0
242 wait 247 243 2100
242 wait 239 243 2300
242 irecv 18 3100 200 0
242 irecv 210 3300 200 0
242 send 18 3300 12 0
242 send 210 3100 12 0
242 wait 19 243 3100
242 wait 211 243 3300
242 irecv 243 1100 200 0
242 irecv 241 1300 200 0
242 wait 244 243 1100
242 wait 242 243 1300
242 send 50 3300 12 0
242 send 178 3100 6 0
242 irecv 246 2100 200 0
242 irecv 238 2300 200 0
242 wait 247 243 2100
242 wait 239 243 2300
242 compute 312.5
242 send 18 3300 24 0
242 send 210 3100 12 0
242 irecv 243 1100 200 0
242 irecv 241 1300 200 0
242 send 243 1300 1 0
242 send 241 1100 1 0
242 wait 244 243 1100
242 wait 242 243 1300
242 irecv 246 2100 200 0
242 irecv 238 2300 200 0
242 send 246 2300 4 0
242 send 238 2100 4 0
242 wait 247 243 2100
242 wait 239 243 2300
242 irecv 18 3100 200 0
242 irecv 210 3300 200 0
242 send 18 3300 12 0
242 send 210 3100 12 0
242 wait 19 243 3100
242 wait 211 243 3300
242 irecv 243 1100 200 0
242 irecv 241 1300 200 0
242 send 243 1300 1 0
242 send 241 1100 1 0
242 wait 244 243 1100
242 wait 242 243 1300
242 irecv 246 2100 200 0
242 irecv 238 2300 200 0
242 send 246 2300 4 0
242 send 238 2100 4 0
242 wait 247 243 2100
242 wait 239 243 2300
242 irecv 18 3100 200 0
242 irecv 210 3300 200 0
242 send 18 3300 12 0
242 send 210 3100 12 0
242 wait 19 243 3100
242 wait 211 243 3300
242 irecv 243 1100 200 0
242 irecv 241 1300 200 0
242 send 243 1300 4 0
242 send 241 1100 4 0
242 wait 244 243 1100
242 wait 242 243 1300
242 irecv 246 2100 200 0
242 irecv 238 2300 200 0
242 send 246 2300 12 0
242 send 238 2100 12 0
242 wait 247 243 2100
242 wait 239 243 2300
242 irecv 18 3100 200 0
242 irecv 210 3300 200 0
242 send 18 3300 24 0
242 send 210 3100 24 0
242 wait 19 243 3100
242 wait 211 243 3300
242 irecv 243 1100 200 0
242 irecv 241 1300 200 0
242 send 243 1300 4 0
242 send 241 1100 4 0
242 wait 244 243 1100
242 wait 242 243 1300
242 irecv 246 2100 200 0
242 irecv 238 2300 200 0
242 send 246 2300 12 0
242 send 238 2100 12 0
242 wait 247 243 2100
242 wait 239 243 2300
242 irecv 18 3100 200 0
242 irecv 210 3300 200 0
242 send 18 3300 24 0
242 send 210 3100 24 0
242 wait 19 243 3100
242 wait 211 243 3300
242 irecv 243 1100 200 0
242 irecv 241 1300 200 0
242 send 243 1300 16 0
242 send 241 1100 16 0
242 wait 244 243 1100
242 wait 242 243 1300
242 irecv 246 2100 200 0
242 irecv 238 2300 200 0
242 send 246 2300 40 0
242 send 238 2100 40 0
242 wait 247 243 2100
242 wait 239 243 2300
242 irecv 18 3100 200 0
242 irecv 210 3300 200 0
242 send 18 3300 60 0
242 send 210 3100 60 0
242 wait 19 243 3100
242 wait 211 243 3300
242 irecv 243 1100 200 0
242 irecv 241 1300 200 0
242 send 243 1300 16 0
242 send 241 1100 16 0
242 wait 244 243 1100
242 wait 242 243 1300
242 irecv 246 2100 200 0
242 irecv 238 2300 200 0
242 send 246 2300 40 0
242 send 238 2100 40 0
242 wait 247 243 2100
242 wait 239 243 2300
242 irecv 18 3100 200 0
242 irecv 210 3300 200 0
242 send 18 3300 60 0
242 send 210 3100 60 0
242 wait 19 243 3100
242 wait 211 243 3300
242 irecv 243 1100 200 0
242 irecv 241 1300 200 0
242 send 243 1300 16 0
242 send 241 1100 16 0
242 wait 244 243 1100
242 wait 242 243 1300
242 irecv 246 2100 200 0
242 irecv 238 2300 200 0
242 send 246 2300 40 0
242 send 238 2100 40 0
242 wait 247 243 2100
242 wait 239 243 2300
242 irecv 18 3100 200 0
242 irecv 210 3300 200 0
242 send 18 3300 60 0
242 send 210 3100 60 0
242 wait 19 243 3100
242 wait 211 243 3300
242 barrier
242 allreduce 1 0 0 
242 allreduce 4 0 1 
242 allreduce 1 0 0 
242 allreduce 4 0 1 
242 allreduce 1 0 0 
242 allreduce 4 0 1 
242 allreduce 1 0 0 
242 allreduce 4 0 1 
242 allreduce 1 0 0 
242 allreduce 4 0 1 
242 allreduce 1 0 0 
242 allreduce 4 0 1 
242 allreduce 1 0 0 
242 allreduce 4 0 1 
242 allreduce 1 0 0 
242 allreduce 4 0 1 
242 allreduce 1 0 0 
242 allreduce 4 0 1 
242 allreduce 1 0 0 
242 allreduce 4 0 1 
242 allreduce 1 0 0 
242 allreduce 4 0 1 
242 allreduce 1 0 0 
242 allreduce 4 0 1 
242 allreduce 1 0 0 
242 allreduce 4 0 1 
242 allreduce 1 0 0 
242 allreduce 4 0 1 
242 allreduce 1 0 0 
242 allreduce 4 0 1 
242 allreduce 1 0 0 
242 allreduce 4 0 1 
242 allreduce 1 0 0 
242 allreduce 4 0 1 
242 allreduce 1 0 0 
242 allreduce 4 0 1 
242 allreduce 1 0 0 
242 allreduce 4 0 1 
242 allreduce 1 0 0 
242 allreduce 4 0 1 
242 barrier
242 irecv 243 1100 200 0
242 irecv 241 1300 200 0
242 send 243 1300 16 0
242 send 241 1100 16 0
242 wait 244 243 1100
242 wait 242 243 1300
242 irecv 246 2100 200 0
242 irecv 238 2300 200 0
242 send 246 2300 40 0
242 send 238 2100 40 0
242 wait 247 243 2100
242 wait 239 243 2300
242 irecv 18 3100 200 0
242 irecv 210 3300 200 0
242 send 18 3300 60 0
242 send 210 3100 60 0
242 wait 19 243 3100
242 wait 211 243 3300
242 barrier
242 irecv 243 1100 200 0
242 irecv 241 1300 200 0
242 send 243 1300 16 0
242 send 241 1100 16 0
242 wait 244 243 1100
242 wait 242 243 1300
242 irecv 246 2100 200 0
242 irecv 238 2300 200 0
242 send 246 2300 40 0
242 send 238 2100 40 0
242 wait 247 243 2100
242 wait 239 243 2300
242 irecv 18 3100 200 0
242 irecv 210 3300 200 0
242 send 18 3300 60 0
242 send 210 3100 60 0
242 wait 19 243 3100
242 wait 211 243 3300
242 allreduce 1 0 0 
242 allreduce 1 0 0 
242 irecv 243 1100 200 0
242 irecv 241 1300 200 0
242 send 243 1300 4 0
242 send 241 1100 4 0
242 wait 244 243 1100
242 wait 242 243 1300
242 irecv 246 2100 200 0
242 irecv 238 2300 200 0
242 send 246 2300 12 0
242 send 238 2100 12 0
242 wait 247 243 2100
242 wait 239 243 2300
242 irecv 18 3100 200 0
242 irecv 210 3300 200 0
242 send 18 3300 24 0
242 send 210 3100 24 0
242 wait 19 243 3100
242 wait 211 243 3300
242 irecv 243 1100 200 0
242 irecv 241 1300 200 0
242 send 243 1300 1 0
242 send 241 1100 1 0
242 wait 244 243 1100
242 wait 242 243 1300
242 irecv 246 2100 200 0
242 irecv 238 2300 200 0
242 send 246 2300 4 0
242 send 238 2100 4 0
242 wait 247 243 2100
242 wait 239 243 2300
242 irecv 18 3100 200 0
242 irecv 210 3300 200 0
242 send 18 3300 12 0
242 send 210 3100 12 0
242 wait 19 243 3100
242 wait 211 243 3300
242 irecv 243 1100 200 0
242 irecv 241 1300 200 0
242 wait 244 243 1100
242 wait 242 243 1300
242 send 50 3300 12 0
242 send 178 3100 6 0
242 irecv 246 2100 200 0
242 irecv 238 2300 200 0
242 wait 247 243 2100
242 wait 239 243 2300
242 send 18 3300 24 0
242 send 210 3100 12 0
242 irecv 243 1100 200 0
242 irecv 241 1300 200 0
242 send 243 1300 1 0
242 send 241 1100 1 0
242 wait 244 243 1100
242 wait 242 243 1300
242 irecv 246 2100 200 0
242 irecv 238 2300 200 0
242 send 246 2300 4 0
242 send 238 2100 4 0
242 wait 247 243 2100
242 wait 239 243 2300
242 irecv 18 3100 200 0
242 irecv 210 3300 200 0
242 send 18 3300 12 0
242 send 210 3100 12 0
242 wait 19 243 3100
242 wait 211 243 3300
242 irecv 243 1100 200 0
242 irecv 241 1300 200 0
242 send 243 1300 1 0
242 send 241 1100 1 0
242 wait 244 243 1100
242 wait 242 243 1300
242 irecv 246 2100 200 0
242 irecv 238 2300 200 0
242 send 246 2300 4 0
242 send 238 2100 4 0
242 wait 247 243 2100
242 wait 239 243 2300
242 irecv 18 3100 200 0
242 irecv 210 3300 200 0
242 send 18 3300 12 0
242 send 210 3100 12 0
242 wait 19 243 3100
242 wait 211 243 3300
242 irecv 243 1100 200 0
242 irecv 241 1300 200 0
242 send 243 1300 4 0
242 send 241 1100 4 0
242 wait 244 243 1100
242 wait 242 243 1300
242 irecv 246 2100 200 0
242 irecv 238 2300 200 0
242 send 246 2300 12 0
242 send 238 2100 12 0
242 wait 247 243 2100
242 wait 239 243 2300
242 irecv 18 3100 200 0
242 irecv 210 3300 200 0
242 send 18 3300 24 0
242 send 210 3100 24 0
242 wait 19 243 3100
242 wait 211 243 3300
242 irecv 243 1100 200 0
242 irecv 241 1300 200 0
242 send 243 1300 4 0
242 send 241 1100 4 0
242 wait 244 243 1100
242 wait 242 243 1300
242 irecv 246 2100 200 0
242 irecv 238 2300 200 0
242 send 246 2300 12 0
242 send 238 2100 12 0
242 wait 247 243 2100
242 wait 239 243 2300
242 irecv 18 3100 200 0
242 irecv 210 3300 200 0
242 send 18 3300 24 0
242 send 210 3100 24 0
242 wait 19 243 3100
242 wait 211 243 3300
242 irecv 243 1100 200 0
242 irecv 241 1300 200 0
242 send 243 1300 16 0
242 send 241 1100 16 0
242 wait 244 243 1100
242 wait 242 243 1300
242 irecv 246 2100 200 0
242 irecv 238 2300 200 0
242 send 246 2300 40 0
242 send 238 2100 40 0
242 wait 247 243 2100
242 wait 239 243 2300
242 irecv 18 3100 200 0
242 irecv 210 3300 200 0
242 send 18 3300 60 0
242 send 210 3100 60 0
242 wait 19 243 3100
242 wait 211 243 3300
242 irecv 243 1100 200 0
242 irecv 241 1300 200 0
242 send 243 1300 16 0
242 send 241 1100 16 0
242 wait 244 243 1100
242 wait 242 243 1300
242 irecv 246 2100 200 0
242 irecv 238 2300 200 0
242 send 246 2300 40 0
242 send 238 2100 40 0
242 wait 247 243 2100
242 wait 239 243 2300
242 irecv 18 3100 200 0
242 irecv 210 3300 200 0
242 send 18 3300 60 0
242 send 210 3100 60 0
242 wait 19 243 3100
242 wait 211 243 3300
242 irecv 243 1100 200 0
242 irecv 241 1300 200 0
242 send 243 1300 16 0
242 send 241 1100 16 0
242 wait 244 243 1100
242 wait 242 243 1300
242 irecv 246 2100 200 0
242 irecv 238 2300 200 0
242 send 246 2300 40 0
242 send 238 2100 40 0
242 wait 247 243 2100
242 wait 239 243 2300
242 irecv 18 3100 200 0
242 irecv 210 3300 200 0
242 send 18 3300 60 0
242 send 210 3100 60 0
242 wait 19 243 3100
242 wait 211 243 3300
242 irecv 243 1100 200 0
242 irecv 241 1300 200 0
242 send 243 1300 4 0
242 send 241 1100 4 0
242 wait 244 243 1100
242 wait 242 243 1300
242 irecv 246 2100 200 0
242 irecv 238 2300 200 0
242 send 246 2300 12 0
242 send 238 2100 12 0
242 wait 247 243 2100
242 wait 239 243 2300
242 irecv 18 3100 200 0
242 irecv 210 3300 200 0
242 send 18 3300 24 0
242 send 210 3100 24 0
242 wait 19 243 3100
242 wait 211 243 3300
242 irecv 243 1100 200 0
242 irecv 241 1300 200 0
242 send 243 1300 1 0
242 send 241 1100 1 0
242 wait 244 243 1100
242 wait 242 243 1300
242 irecv 246 2100 200 0
242 irecv 238 2300 200 0
242 send 246 2300 4 0
242 send 238 2100 4 0
242 wait 247 243 2100
242 wait 239 243 2300
242 irecv 18 3100 200 0
242 irecv 210 3300 200 0
242 send 18 3300 12 0
242 send 210 3100 12 0
242 wait 19 243 3100
242 wait 211 243 3300
242 irecv 243 1100 200 0
242 irecv 241 1300 200 0
242 wait 244 243 1100
242 wait 242 243 1300
242 send 50 3300 12 0
242 send 178 3100 6 0
242 irecv 246 2100 200 0
242 irecv 238 2300 200 0
242 wait 247 243 2100
242 wait 239 243 2300
242 send 18 3300 24 0
242 send 210 3100 12 0
242 irecv 243 1100 200 0
242 irecv 241 1300 200 0
242 send 243 1300 1 0
242 send 241 1100 1 0
242 wait 244 243 1100
242 wait 242 243 1300
242 irecv 246 2100 200 0
242 irecv 238 2300 200 0
242 send 246 2300 4 0
242 send 238 2100 4 0
242 wait 247 243 2100
242 wait 239 243 2300
242 irecv 18 3100 200 0
242 irecv 210 3300 200 0
242 send 18 3300 12 0
242 send 210 3100 12 0
242 wait 19 243 3100
242 wait 211 243 3300
242 irecv 243 1100 200 0
242 irecv 241 1300 200 0
242 send 243 1300 1 0
242 send 241 1100 1 0
242 wait 244 243 1100
242 wait 242 243 1300
242 irecv 246 2100 200 0
242 irecv 238 2300 200 0
242 send 246 2300 4 0
242 send 238 2100 4 0
242 wait 247 243 2100
242 wait 239 243 2300
242 irecv 18 3100 200 0
242 irecv 210 3300 200 0
242 send 18 3300 12 0
242 send 210 3100 12 0
242 wait 19 243 3100
242 wait 211 243 3300
242 irecv 243 1100 200 0
242 irecv 241 1300 200 0
242 send 243 1300 4 0
242 send 241 1100 4 0
242 wait 244 243 1100
242 wait 242 243 1300
242 irecv 246 2100 200 0
242 irecv 238 2300 200 0
242 send 246 2300 12 0
242 send 238 2100 12 0
242 wait 247 243 2100
242 wait 239 243 2300
242 irecv 18 3100 200 0
242 irecv 210 3300 200 0
242 send 18 3300 24 0
242 send 210 3100 24 0
242 wait 19 243 3100
242 wait 211 243 3300
242 irecv 243 1100 200 0
242 irecv 241 1300 200 0
242 send 243 1300 4 0
242 send 241 1100 4 0
242 wait 244 243 1100
242 wait 242 243 1300
242 irecv 246 2100 200 0
242 irecv 238 2300 200 0
242 send 246 2300 12 0
242 send 238 2100 12 0
242 wait 247 243 2100
242 wait 239 243 2300
242 irecv 18 3100 200 0
242 irecv 210 3300 200 0
242 send 18 3300 24 0
242 send 210 3100 24 0
242 wait 19 243 3100
242 wait 211 243 3300
242 irecv 243 1100 200 0
242 irecv 241 1300 200 0
242 send 243 1300 16 0
242 send 241 1100 16 0
242 wait 244 243 1100
242 wait 242 243 1300
242 irecv 246 2100 200 0
242 irecv 238 2300 200 0
242 send 246 2300 40 0
242 send 238 2100 40 0
242 wait 247 243 2100
242 wait 239 243 2300
242 irecv 18 3100 200 0
242 irecv 210 3300 200 0
242 send 18 3300 60 0
242 send 210 3100 60 0
242 wait 19 243 3100
242 wait 211 243 3300
242 irecv 243 1100 200 0
242 irecv 241 1300 200 0
242 send 243 1300 16 0
242 send 241 1100 16 0
242 wait 244 243 1100
242 wait 242 243 1300
242 irecv 246 2100 200 0
242 irecv 238 2300 200 0
242 send 246 2300 40 0
242 send 238 2100 40 0
242 wait 247 243 2100
242 wait 239 243 2300
242 irecv 18 3100 200 0
242 irecv 210 3300 200 0
242 send 18 3300 60 0
242 send 210 3100 60 0
242 wait 19 243 3100
242 wait 211 243 3300
242 irecv 243 1100 200 0
242 irecv 241 1300 200 0
242 send 243 1300 16 0
242 send 241 1100 16 0
242 wait 244 243 1100
242 wait 242 243 1300
242 irecv 246 2100 200 0
242 irecv 238 2300 200 0
242 send 246 2300 40 0
242 send 238 2100 40 0
242 wait 247 243 2100
242 wait 239 243 2300
242 irecv 18 3100 200 0
242 irecv 210 3300 200 0
242 send 18 3300 60 0
242 send 210 3100 60 0
242 wait 19 243 3100
242 wait 211 243 3300
242 irecv 243 1100 200 0
242 irecv 241 1300 200 0
242 send 243 1300 4 0
242 send 241 1100 4 0
242 wait 244 243 1100
242 wait 242 243 1300
242 irecv 246 2100 200 0
242 irecv 238 2300 200 0
242 send 246 2300 12 0
242 send 238 2100 12 0
242 wait 247 243 2100
242 wait 239 243 2300
242 irecv 18 3100 200 0
242 irecv 210 3300 200 0
242 send 18 3300 24 0
242 send 210 3100 24 0
242 wait 19 243 3100
242 wait 211 243 3300
242 irecv 243 1100 200 0
242 irecv 241 1300 200 0
242 send 243 1300 1 0
242 send 241 1100 1 0
242 wait 244 243 1100
242 wait 242 243 1300
242 irecv 246 2100 200 0
242 irecv 238 2300 200 0
242 send 246 2300 4 0
242 send 238 2100 4 0
242 wait 247 243 2100
242 wait 239 243 2300
242 irecv 18 3100 200 0
242 irecv 210 3300 200 0
242 send 18 3300 12 0
242 send 210 3100 12 0
242 wait 19 243 3100
242 wait 211 243 3300
242 irecv 243 1100 200 0
242 irecv 241 1300 200 0
242 wait 244 243 1100
242 wait 242 243 1300
242 send 50 3300 12 0
242 send 178 3100 6 0
242 irecv 246 2100 200 0
242 irecv 238 2300 200 0
242 wait 247 243 2100
242 wait 239 243 2300
242 send 18 3300 24 0
242 send 210 3100 12 0
242 irecv 243 1100 200 0
242 irecv 241 1300 200 0
242 send 243 1300 1 0
242 send 241 1100 1 0
242 wait 244 243 1100
242 wait 242 243 1300
242 irecv 246 2100 200 0
242 irecv 238 2300 200 0
242 send 246 2300 4 0
242 send 238 2100 4 0
242 wait 247 243 2100
242 wait 239 243 2300
242 irecv 18 3100 200 0
242 irecv 210 3300 200 0
242 send 18 3300 12 0
242 send 210 3100 12 0
242 wait 19 243 3100
242 wait 211 243 3300
242 irecv 243 1100 200 0
242 irecv 241 1300 200 0
242 send 243 1300 1 0
242 send 241 1100 1 0
242 wait 244 243 1100
242 wait 242 243 1300
242 irecv 246 2100 200 0
242 irecv 238 2300 200 0
242 send 246 2300 4 0
242 send 238 2100 4 0
242 wait 247 243 2100
242 wait 239 243 2300
242 irecv 18 3100 200 0
242 irecv 210 3300 200 0
242 send 18 3300 12 0
242 send 210 3100 12 0
242 wait 19 243 3100
242 wait 211 243 3300
242 irecv 243 1100 200 0
242 irecv 241 1300 200 0
242 send 243 1300 4 0
242 send 241 1100 4 0
242 wait 244 243 1100
242 wait 242 243 1300
242 irecv 246 2100 200 0
242 irecv 238 2300 200 0
242 send 246 2300 12 0
242 send 238 2100 12 0
242 wait 247 243 2100
242 wait 239 243 2300
242 irecv 18 3100 200 0
242 irecv 210 3300 200 0
242 send 18 3300 24 0
242 send 210 3100 24 0
242 wait 19 243 3100
242 wait 211 243 3300
242 irecv 243 1100 200 0
242 irecv 241 1300 200 0
242 send 243 1300 4 0
242 send 241 1100 4 0
242 wait 244 243 1100
242 wait 242 243 1300
242 irecv 246 2100 200 0
242 irecv 238 2300 200 0
242 send 246 2300 12 0
242 send 238 2100 12 0
242 wait 247 243 2100
242 wait 239 243 2300
242 irecv 18 3100 200 0
242 irecv 210 3300 200 0
242 send 18 3300 24 0
242 send 210 3100 24 0
242 wait 19 243 3100
242 wait 211 243 3300
242 irecv 243 1100 200 0
242 irecv 241 1300 200 0
242 send 243 1300 16 0
242 send 241 1100 16 0
242 wait 244 243 1100
242 wait 242 243 1300
242 irecv 246 2100 200 0
242 irecv 238 2300 200 0
242 send 246 2300 40 0
242 send 238 2100 40 0
242 wait 247 243 2100
242 wait 239 243 2300
242 irecv 18 3100 200 0
242 irecv 210 3300 200 0
242 send 18 3300 60 0
242 send 210 3100 60 0
242 wait 19 243 3100
242 wait 211 243 3300
242 irecv 243 1100 200 0
242 irecv 241 1300 200 0
242 send 243 1300 16 0
242 send 241 1100 16 0
242 wait 244 243 1100
242 wait 242 243 1300
242 irecv 246 2100 200 0
242 irecv 238 2300 200 0
242 send 246 2300 40 0
242 send 238 2100 40 0
242 wait 247 243 2100
242 wait 239 243 2300
242 irecv 18 3100 200 0
242 irecv 210 3300 200 0
242 send 18 3300 60 0
242 send 210 3100 60 0
242 wait 19 243 3100
242 wait 211 243 3300
242 irecv 243 1100 200 0
242 irecv 241 1300 200 0
242 send 243 1300 16 0
242 send 241 1100 16 0
242 wait 244 243 1100
242 wait 242 243 1300
242 irecv 246 2100 200 0
242 irecv 238 2300 200 0
242 send 246 2300 40 0
242 send 238 2100 40 0
242 wait 247 243 2100
242 wait 239 243 2300
242 irecv 18 3100 200 0
242 irecv 210 3300 200 0
242 send 18 3300 60 0
242 send 210 3100 60 0
242 wait 19 243 3100
242 wait 211 243 3300
242 irecv 243 1100 200 0
242 irecv 241 1300 200 0
242 send 243 1300 4 0
242 send 241 1100 4 0
242 wait 244 243 1100
242 wait 242 243 1300
242 irecv 246 2100 200 0
242 irecv 238 2300 200 0
242 send 246 2300 12 0
242 send 238 2100 12 0
242 wait 247 243 2100
242 wait 239 243 2300
242 irecv 18 3100 200 0
242 irecv 210 3300 200 0
242 send 18 3300 24 0
242 send 210 3100 24 0
242 wait 19 243 3100
242 wait 211 243 3300
242 irecv 243 1100 200 0
242 irecv 241 1300 200 0
242 send 243 1300 1 0
242 send 241 1100 1 0
242 wait 244 243 1100
242 wait 242 243 1300
242 irecv 246 2100 200 0
242 irecv 238 2300 200 0
242 send 246 2300 4 0
242 send 238 2100 4 0
242 wait 247 243 2100
242 wait 239 243 2300
242 irecv 18 3100 200 0
242 irecv 210 3300 200 0
242 send 18 3300 12 0
242 send 210 3100 12 0
242 wait 19 243 3100
242 wait 211 243 3300
242 irecv 243 1100 200 0
242 irecv 241 1300 200 0
242 wait 244 243 1100
242 wait 242 243 1300
242 send 50 3300 12 0
242 send 178 3100 6 0
242 irecv 246 2100 200 0
242 irecv 238 2300 200 0
242 wait 247 243 2100
242 wait 239 243 2300
242 send 18 3300 24 0
242 send 210 3100 12 0
242 irecv 243 1100 200 0
242 irecv 241 1300 200 0
242 send 243 1300 1 0
242 send 241 1100 1 0
242 wait 244 243 1100
242 wait 242 243 1300
242 irecv 246 2100 200 0
242 irecv 238 2300 200 0
242 send 246 2300 4 0
242 send 238 2100 4 0
242 wait 247 243 2100
242 wait 239 243 2300
242 irecv 18 3100 200 0
242 irecv 210 3300 200 0
242 send 18 3300 12 0
242 send 210 3100 12 0
242 wait 19 243 3100
242 wait 211 243 3300
242 irecv 243 1100 200 0
242 irecv 241 1300 200 0
242 send 243 1300 1 0
242 send 241 1100 1 0
242 wait 244 243 1100
242 wait 242 243 1300
242 irecv 246 2100 200 0
242 irecv 238 2300 200 0
242 send 246 2300 4 0
242 send 238 2100 4 0
242 wait 247 243 2100
242 wait 239 243 2300
242 irecv 18 3100 200 0
242 irecv 210 3300 200 0
242 send 18 3300 12 0
242 send 210 3100 12 0
242 wait 19 243 3100
242 wait 211 243 3300
242 irecv 243 1100 200 0
242 irecv 241 1300 200 0
242 send 243 1300 4 0
242 send 241 1100 4 0
242 wait 244 243 1100
242 wait 242 243 1300
242 irecv 246 2100 200 0
242 irecv 238 2300 200 0
242 send 246 2300 12 0
242 send 238 2100 12 0
242 wait 247 243 2100
242 wait 239 243 2300
242 irecv 18 3100 200 0
242 irecv 210 3300 200 0
242 send 18 3300 24 0
242 send 210 3100 24 0
242 wait 19 243 3100
242 wait 211 243 3300
242 irecv 243 1100 200 0
242 irecv 241 1300 200 0
242 send 243 1300 4 0
242 send 241 1100 4 0
242 wait 244 243 1100
242 wait 242 243 1300
242 irecv 246 2100 200 0
242 irecv 238 2300 200 0
242 send 246 2300 12 0
242 send 238 2100 12 0
242 wait 247 243 2100
242 wait 239 243 2300
242 irecv 18 3100 200 0
242 irecv 210 3300 200 0
242 send 18 3300 24 0
242 send 210 3100 24 0
242 wait 19 243 3100
242 wait 211 243 3300
242 irecv 243 1100 200 0
242 irecv 241 1300 200 0
242 send 243 1300 16 0
242 send 241 1100 16 0
242 wait 244 243 1100
242 wait 242 243 1300
242 irecv 246 2100 200 0
242 irecv 238 2300 200 0
242 send 246 2300 40 0
242 send 238 2100 40 0
242 wait 247 243 2100
242 wait 239 243 2300
242 irecv 18 3100 200 0
242 irecv 210 3300 200 0
242 send 18 3300 60 0
242 send 210 3100 60 0
242 wait 19 243 3100
242 wait 211 243 3300
242 irecv 243 1100 200 0
242 irecv 241 1300 200 0
242 send 243 1300 16 0
242 send 241 1100 16 0
242 wait 244 243 1100
242 wait 242 243 1300
242 irecv 246 2100 200 0
242 irecv 238 2300 200 0
242 send 246 2300 40 0
242 send 238 2100 40 0
242 wait 247 243 2100
242 wait 239 243 2300
242 irecv 18 3100 200 0
242 irecv 210 3300 200 0
242 send 18 3300 60 0
242 send 210 3100 60 0
242 wait 19 243 3100
242 wait 211 243 3300
242 irecv 243 1100 200 0
242 irecv 241 1300 200 0
242 send 243 1300 16 0
242 send 241 1100 16 0
242 wait 244 243 1100
242 wait 242 243 1300
242 irecv 246 2100 200 0
242 irecv 238 2300 200 0
242 send 246 2300 40 0
242 send 238 2100 40 0
242 wait 247 243 2100
242 wait 239 243 2300
242 irecv 18 3100 200 0
242 irecv 210 3300 200 0
242 send 18 3300 60 0
242 send 210 3100 60 0
242 wait 19 243 3100
242 wait 211 243 3300
242 allreduce 1 0 0 
242 allreduce 1 0 0 
242 reduce 1 0 0 0 
242 finalize
