255 init
255 barrier
255 bcast 1 0 1 
255 bcast 1 0 1 
255 bcast 1 0 1 
255 bcast 1 0 1 
255 bcast 1 0 1 
255 bcast 8 0 1 
255 bcast 1 0 16 
255 barrier
255 allreduce 1 0 0 
255 allreduce 4 0 1 
255 allreduce 1 0 0 
255 allreduce 4 0 1 
255 allreduce 1 0 0 
255 allreduce 4 0 1 
255 allreduce 1 0 0 
255 allreduce 4 0 1 
255 allreduce 1 0 0 
255 allreduce 4 0 1 
255 allreduce 1 0 0 
255 allreduce 4 0 1 
255 allreduce 1 0 0 
255 allreduce 4 0 1 
255 allreduce 1 0 0 
255 allreduce 4 0 1 
255 allreduce 1 0 0 
255 allreduce 4 0 1 
255 allreduce 1 0 0 
255 allreduce 4 0 1 
255 allreduce 1 0 0 
255 allreduce 4 0 1 
255 allreduce 1 0 0 
255 allreduce 4 0 1 
255 allreduce 1 0 0 
255 allreduce 4 0 1 
255 allreduce 1 0 0 
255 allreduce 4 0 1 
255 allreduce 1 0 0 
255 allreduce 4 0 1 
255 allreduce 1 0 0 
255 allreduce 4 0 1 
255 allreduce 1 0 0 
255 allreduce 4 0 1 
255 allreduce 1 0 0 
255 allreduce 4 0 1 
255 allreduce 1 0 0 
255 allreduce 4 0 1 
255 allreduce 1 0 0 
255 allreduce 4 0 1 
255 barrier
255 irecv 252 1100 200 0
255 irecv 254 1300 200 0
255 send 252 1300 16 0
255 send 254 1100 16 0
255 wait 253 256 1100
255 wait 255 256 1300
255 irecv 227 2100 200 0
255 irecv 251 2300 200 0
255 send 227 2300 40 0
255 send 251 2100 40 0
255 wait 228 256 2100
255 wait 252 256 2300
255 irecv 31 3100 200 0
255 irecv 223 3300 200 0
255 send 31 3300 60 0
255 send 223 3100 60 0
255 wait 32 256 3100
255 wait 224 256 3300
255 allreduce 1 0 0 
255 allreduce 1 0 0 
255 irecv 252 1100 200 0
255 irecv 254 1300 200 0
255 send 252 1300 16 0
255 send 254 1100 16 0
255 wait 253 256 1100
255 wait 255 256 1300
255 irecv 227 2100 200 0
255 irecv 251 2300 200 0
255 send 227 2300 40 0
255 send 251 2100 40 0
255 wait 228 256 2100
255 wait 252 256 2300
255 irecv 31 3100 200 0
255 irecv 223 3300 200 0
255 send 31 3300 60 0
255 send 223 3100 60 0
255 wait 32 256 3100
255 wait 224 256 3300
255 allreduce 1 0 0 
255 allreduce 1 0 0 
255 irecv 252 1100 200 0
255 irecv 254 1300 200 0
255 send 252 1300 4 0
255 send 254 1100 4 0
255 wait 253 256 1100
255 wait 255 256 1300
255 irecv 227 2100 200 0
255 irecv 251 2300 200 0
255 send 227 2300 12 0
255 send 251 2100 12 0
255 wait 228 256 2100
255 wait 252 256 2300
255 irecv 31 3100 200 0
255 irecv 223 3300 200 0
255 send 31 3300 24 0
255 send 223 3100 24 0
255 wait 32 256 3100
255 wait 224 256 3300
255 irecv 252 1100 200 0
255 irecv 254 1300 200 0
255 send 252 1300 1 0
255 send 254 1100 1 0
255 wait 253 256 1100
255 wait 255 256 1300
255 irecv 227 2100 200 0
255 irecv 251 2300 200 0
255 send 227 2300 4 0
255 send 251 2100 4 0
255 wait 228 256 2100
255 wait 252 256 2300
255 irecv 31 3100 200 0
255 irecv 223 3300 200 0
255 send 31 3300 12 0
255 send 223 3100 12 0
255 wait 32 256 3100
255 wait 224 256 3300
255 irecv 252 1100 200 0
255 irecv 254 1300 200 0
255 send 252 1300 1 0
255 send 254 1100 1 0
255 wait 253 256 1100
255 wait 255 256 1300
255 irecv 231 2100 200 0
255 irecv 247 2300 200 0
255 send 231 2300 3 0
255 send 247 2100 3 0
255 wait 232 256 2100
255 wait 248 256 2300
255 irecv 63 3100 200 0
255 irecv 191 3300 200 0
255 send 63 3300 9 0
255 send 191 3100 9 0
255 wait 64 256 3100
255 wait 192 256 3300
255 irecv 253 1100 200 0
255 irecv 253 1300 200 0
255 send 253 1300 1 0
255 send 253 1100 1 0
255 wait 254 256 1100
255 wait 254 256 1300
255 irecv 239 2100 200 0
255 irecv 239 2300 200 0
255 send 239 2300 3 0
255 send 239 2100 3 0
255 wait 240 256 2100
255 wait 240 256 2300
255 irecv 127 3100 200 0
255 irecv 127 3300 200 0
255 send 127 3300 9 0
255 send 127 3100 9 0
255 wait 128 256 3100
255 wait 128 256 3300
255 irecv 253 1100 200 0
255 irecv 253 1300 200 0
255 send 253 1300 1 0
255 send 253 1100 1 0
255 wait 254 256 1100
255 wait 254 256 1300
255 irecv 239 2100 200 0
255 irecv 239 2300 200 0
255 send 239 2300 3 0
255 send 239 2100 3 0
255 wait 240 256 2100
255 wait 240 256 2300
255 irecv 127 3100 200 0
255 irecv 127 3300 200 0
255 send 127 3300 9 0
255 send 127 3100 9 0
255 wait 128 256 3100
255 wait 128 256 3300
255 send 252 1300 18 0
255 send 254 1100 9 0
255 send 231 2300 18 0
255 send 247 2100 9 0
255 send 63 3300 18 0
255 send 191 3100 9 0
255 irecv 252 1100 200 0
255 irecv 254 1300 200 0
255 send 252 1300 1 0
255 send 254 1100 1 0
255 wait 253 256 1100
255 wait 255 256 1300
255 irecv 231 2100 200 0
255 irecv 247 2300 200 0
255 send 231 2300 3 0
255 send 247 2100 3 0
255 wait 232 256 2100
255 wait 248 256 2300
255 irecv 63 3100 200 0
255 irecv 191 3300 200 0
255 send 63 3300 9 0
255 send 191 3100 9 0
255 wait 64 256 3100
255 wait 192 256 3300
255 irecv 252 1100 200 0
255 irecv 254 1300 200 0
255 send 252 1300 1 0
255 send 254 1100 1 0
255 wait 253 256 1100
255 wait 255 256 1300
255 irecv 231 2100 200 0
255 irecv 247 2300 200 0
255 send 231 2300 3 0
255 send 247 2100 3 0
255 wait 232 256 2100
255 wait 248 256 2300
255 irecv 63 3100 200 0
255 irecv 191 3300 200 0
255 send 63 3300 9 0
255 send 191 3100 9 0
255 wait 64 256 3100
255 wait 192 256 3300
255 send 227 2300 24 0
255 send 251 2100 12 0
255 send 31 3300 24 0
255 send 223 3100 12 0
255 irecv 252 1100 200 0
255 irecv 254 1300 200 0
255 send 252 1300 1 0
255 send 254 1100 1 0
255 wait 253 256 1100
255 wait 255 256 1300
255 irecv 227 2100 200 0
255 irecv 251 2300 200 0
255 send 227 2300 4 0
255 send 251 2100 4 0
255 wait 228 256 2100
255 wait 252 256 2300
255 irecv 31 3100 200 0
255 irecv 223 3300 200 0
255 send 31 3300 12 0
255 send 223 3100 12 0
255 wait 32 256 3100
255 wait 224 256 3300
255 irecv 252 1100 200 0
255 irecv 254 1300 200 0
255 send 252 1300 1 0
255 send 254 1100 1 0
255 wait 253 256 1100
255 wait 255 256 1300
255 irecv 227 2100 200 0
255 irecv 251 2300 200 0
255 send 227 2300 4 0
255 send 251 2100 4 0
255 wait 228 256 2100
255 wait 252 256 2300
255 irecv 31 3100 200 0
255 irecv 223 3300 200 0
255 send 31 3300 12 0
255 send 223 3100 12 0
255 wait 32 256 3100
255 wait 224 256 3300
255 irecv 252 1100 200 0
255 irecv 254 1300 200 0
255 send 252 1300 4 0
255 send 254 1100 4 0
255 wait 253 256 1100
255 wait 255 256 1300
255 irecv 227 2100 200 0
255 irecv 251 2300 200 0
255 send 227 2300 12 0
255 send 251 2100 12 0
255 wait 228 256 2100
255 wait 252 256 2300
255 irecv 31 3100 200 0
255 irecv 223 3300 200 0
255 send 31 3300 24 0
255 send 223 3100 24 0
255 wait 32 256 3100
255 wait 224 256 3300
255 irecv 252 1100 200 0
255 irecv 254 1300 200 0
255 send 252 1300 4 0
255 send 254 1100 4 0
255 wait 253 256 1100
255 wait 255 256 1300
255 irecv 227 2100 200 0
255 irecv 251 2300 200 0
255 send 227 2300 12 0
255 send 251 2100 12 0
255 wait 228 256 2100
255 wait 252 256 2300
255 irecv 31 3100 200 0
255 irecv 223 3300 200 0
255 send 31 3300 24 0
255 send 223 3100 24 0
255 wait 32 256 3100
255 wait 224 256 3300
255 irecv 252 1100 200 0
255 irecv 254 1300 200 0
255 send 252 1300 16 0
255 send 254 1100 16 0
255 wait 253 256 1100
255 wait 255 256 1300
255 irecv 227 2100 200 0
255 irecv 251 2300 200 0
255 send 227 2300 40 0
255 send 251 2100 40 0
255 wait 228 256 2100
255 wait 252 256 2300
255 irecv 31 3100 200 0
255 irecv 223 3300 200 0
255 send 31 3300 60 0
255 send 223 3100 60 0
255 wait 32 256 3100
255 wait 224 256 3300
255 irecv 252 1100 200 0
255 irecv 254 1300 200 0
255 send 252 1300 16 0
255 send 254 1100 16 0
255 wait 253 256 1100
255 wait 255 256 1300
255 irecv 227 2100 200 0
255 irecv 251 2300 200 0
255 send 227 2300 40 0
255 send 251 2100 40 0
255 wait 228 256 2100
255 wait 252 256 2300
255 irecv 31 3100 200 0
255 irecv 223 3300 200 0
255 send 31 3300 60 0
255 send 223 3100 60 0
255 wait 32 256 3100
255 wait 224 256 3300
255 irecv 252 1100 200 0
255 irecv 254 1300 200 0
255 send 252 1300 16 0
255 send 254 1100 16 0
255 wait 253 256 1100
255 wait 255 256 1300
255 irecv 227 2100 200 0
255 irecv 251 2300 200 0
255 send 227 2300 40 0
255 send 251 2100 40 0
255 wait 228 256 2100
255 wait 252 256 2300
255 irecv 31 3100 200 0
255 irecv 223 3300 200 0
255 send 31 3300 60 0
255 send 223 3100 60 0
255 wait 32 256 3100
255 wait 224 256 3300
255 barrier
255 allreduce 1 0 0 
255 allreduce 4 0 1 
255 allreduce 1 0 0 
255 allreduce 4 0 1 
255 allreduce 1 0 0 
255 allreduce 4 0 1 
255 allreduce 1 0 0 
255 allreduce 4 0 1 
255 allreduce 1 0 0 
255 allreduce 4 0 1 
255 allreduce 1 0 0 
255 allreduce 4 0 1 
255 allreduce 1 0 0 
255 allreduce 4 0 1 
255 allreduce 1 0 0 
255 allreduce 4 0 1 
255 allreduce 1 0 0 
255 allreduce 4 0 1 
255 allreduce 1 0 0 
255 allreduce 4 0 1 
255 allreduce 1 0 0 
255 allreduce 4 0 1 
255 allreduce 1 0 0 
255 allreduce 4 0 1 
255 allreduce 1 0 0 
255 allreduce 4 0 1 
255 allreduce 1 0 0 
255 allreduce 4 0 1 
255 allreduce 1 0 0 
255 allreduce 4 0 1 
255 allreduce 1 0 0 
255 allreduce 4 0 1 
255 allreduce 1 0 0 
255 allreduce 4 0 1 
255 allreduce 1 0 0 
255 allreduce 4 0 1 
255 allreduce 1 0 0 
255 allreduce 4 0 1 
255 allreduce 1 0 0 
255 allreduce 4 0 1 
255 barrier
255 irecv 252 1100 200 0
255 irecv 254 1300 200 0
255 send 252 1300 16 0
255 send 254 1100 16 0
255 wait 253 256 1100
255 wait 255 256 1300
255 irecv 227 2100 200 0
255 irecv 251 2300 200 0
255 send 227 2300 40 0
255 send 251 2100 40 0
255 wait 228 256 2100
255 wait 252 256 2300
255 irecv 31 3100 200 0
255 irecv 223 3300 200 0
255 send 31 3300 60 0
255 send 223 3100 60 0
255 wait 32 256 3100
255 wait 224 256 3300
255 barrier
255 irecv 252 1100 200 0
255 irecv 254 1300 200 0
255 send 252 1300 16 0
255 send 254 1100 16 0
255 wait 253 256 1100
255 wait 255 256 1300
255 irecv 227 2100 200 0
255 irecv 251 2300 200 0
255 send 227 2300 40 0
255 send 251 2100 40 0
255 wait 228 256 2100
255 wait 252 256 2300
255 irecv 31 3100 200 0
255 irecv 223 3300 200 0
255 send 31 3300 60 0
255 send 223 3100 60 0
255 wait 32 256 3100
255 wait 224 256 3300
255 allreduce 1 0 0 
255 allreduce 1 0 0 
255 irecv 252 1100 200 0
255 irecv 254 1300 200 0
255 send 252 1300 4 0
255 send 254 1100 4 0
255 wait 253 256 1100
255 wait 255 256 1300
255 irecv 227 2100 200 0
255 irecv 251 2300 200 0
255 send 227 2300 12 0
255 send 251 2100 12 0
255 wait 228 256 2100
255 wait 252 256 2300
255 irecv 31 3100 200 0
255 irecv 223 3300 200 0
255 send 31 3300 24 0
255 send 223 3100 24 0
255 wait 32 256 3100
255 wait 224 256 3300
255 irecv 252 1100 200 0
255 irecv 254 1300 200 0
255 send 252 1300 1 0
255 send 254 1100 1 0
255 wait 253 256 1100
255 wait 255 256 1300
255 irecv 227 2100 200 0
255 irecv 251 2300 200 0
255 send 227 2300 4 0
255 send 251 2100 4 0
255 wait 228 256 2100
255 wait 252 256 2300
255 irecv 31 3100 200 0
255 irecv 223 3300 200 0
255 send 31 3300 12 0
255 send 223 3100 12 0
255 wait 32 256 3100
255 wait 224 256 3300
255 irecv 252 1100 200 0
255 irecv 254 1300 200 0
255 send 252 1300 1 0
255 send 254 1100 1 0
255 wait 253 256 1100
255 wait 255 256 1300
255 irecv 231 2100 200 0
255 irecv 247 2300 200 0
255 send 231 2300 3 0
255 send 247 2100 3 0
255 wait 232 256 2100
255 wait 248 256 2300
255 irecv 63 3100 200 0
255 irecv 191 3300 200 0
255 send 63 3300 9 0
255 send 191 3100 9 0
255 wait 64 256 3100
255 wait 192 256 3300
255 irecv 253 1100 200 0
255 irecv 253 1300 200 0
255 send 253 1300 1 0
255 send 253 1100 1 0
255 wait 254 256 1100
255 wait 254 256 1300
255 irecv 239 2100 200 0
255 irecv 239 2300 200 0
255 send 239 2300 3 0
255 send 239 2100 3 0
255 wait 240 256 2100
255 wait 240 256 2300
255 irecv 127 3100 200 0
255 irecv 127 3300 200 0
255 send 127 3300 9 0
255 send 127 3100 9 0
255 wait 128 256 3100
255 wait 128 256 3300
255 irecv 253 1100 200 0
255 irecv 253 1300 200 0
255 send 253 1300 1 0
255 send 253 1100 1 0
255 wait 254 256 1100
255 wait 254 256 1300
255 irecv 239 2100 200 0
255 irecv 239 2300 200 0
255 send 239 2300 3 0
255 send 239 2100 3 0
255 wait 240 256 2100
255 wait 240 256 2300
255 irecv 127 3100 200 0
255 irecv 127 3300 200 0
255 send 127 3300 9 0
255 send 127 3100 9 0
255 wait 128 256 3100
255 wait 128 256 3300
255 send 252 1300 18 0
255 send 254 1100 9 0
255 send 231 2300 18 0
255 send 247 2100 9 0
255 send 63 3300 18 0
255 send 191 3100 9 0
255 irecv 252 1100 200 0
255 irecv 254 1300 200 0
255 send 252 1300 1 0
255 send 254 1100 1 0
255 wait 253 256 1100
255 wait 255 256 1300
255 irecv 231 2100 200 0
255 irecv 247 2300 200 0
255 send 231 2300 3 0
255 send 247 2100 3 0
255 wait 232 256 2100
255 wait 248 256 2300
255 irecv 63 3100 200 0
255 irecv 191 3300 200 0
255 send 63 3300 9 0
255 send 191 3100 9 0
255 wait 64 256 3100
255 wait 192 256 3300
255 irecv 252 1100 200 0
255 irecv 254 1300 200 0
255 send 252 1300 1 0
255 send 254 1100 1 0
255 wait 253 256 1100
255 wait 255 256 1300
255 irecv 231 2100 200 0
255 irecv 247 2300 200 0
255 send 231 2300 3 0
255 send 247 2100 3 0
255 wait 232 256 2100
255 wait 248 256 2300
255 irecv 63 3100 200 0
255 irecv 191 3300 200 0
255 send 63 3300 9 0
255 send 191 3100 9 0
255 wait 64 256 3100
255 wait 192 256 3300
255 send 227 2300 24 0
255 send 251 2100 12 0
255 send 31 3300 24 0
255 send 223 3100 12 0
255 irecv 252 1100 200 0
255 irecv 254 1300 200 0
255 send 252 1300 1 0
255 send 254 1100 1 0
255 wait 253 256 1100
255 wait 255 256 1300
255 irecv 227 2100 200 0
255 irecv 251 2300 200 0
255 send 227 2300 4 0
255 send 251 2100 4 0
255 wait 228 256 2100
255 wait 252 256 2300
255 irecv 31 3100 200 0
255 irecv 223 3300 200 0
255 send 31 3300 12 0
255 send 223 3100 12 0
255 wait 32 256 3100
255 wait 224 256 3300
255 irecv 252 1100 200 0
255 irecv 254 1300 200 0
255 send 252 1300 1 0
255 send 254 1100 1 0
255 wait 253 256 1100
255 wait 255 256 1300
255 irecv 227 2100 200 0
255 irecv 251 2300 200 0
255 send 227 2300 4 0
255 send 251 2100 4 0
255 wait 228 256 2100
255 wait 252 256 2300
255 irecv 31 3100 200 0
255 irecv 223 3300 200 0
255 send 31 3300 12 0
255 send 223 3100 12 0
255 wait 32 256 3100
255 wait 224 256 3300
255 irecv 252 1100 200 0
255 irecv 254 1300 200 0
255 send 252 1300 4 0
255 send 254 1100 4 0
255 wait 253 256 1100
255 wait 255 256 1300
255 irecv 227 2100 200 0
255 irecv 251 2300 200 0
255 send 227 2300 12 0
255 send 251 2100 12 0
255 wait 228 256 2100
255 wait 252 256 2300
255 irecv 31 3100 200 0
255 irecv 223 3300 200 0
255 send 31 3300 24 0
255 send 223 3100 24 0
255 wait 32 256 3100
255 wait 224 256 3300
255 irecv 252 1100 200 0
255 irecv 254 1300 200 0
255 send 252 1300 4 0
255 send 254 1100 4 0
255 wait 253 256 1100
255 wait 255 256 1300
255 irecv 227 2100 200 0
255 irecv 251 2300 200 0
255 send 227 2300 12 0
255 send 251 2100 12 0
255 wait 228 256 2100
255 wait 252 256 2300
255 irecv 31 3100 200 0
255 irecv 223 3300 200 0
255 send 31 3300 24 0
255 send 223 3100 24 0
255 wait 32 256 3100
255 wait 224 256 3300
255 irecv 252 1100 200 0
255 irecv 254 1300 200 0
255 send 252 1300 16 0
255 send 254 1100 16 0
255 wait 253 256 1100
255 wait 255 256 1300
255 irecv 227 2100 200 0
255 irecv 251 2300 200 0
255 send 227 2300 40 0
255 send 251 2100 40 0
255 wait 228 256 2100
255 wait 252 256 2300
255 irecv 31 3100 200 0
255 irecv 223 3300 200 0
255 send 31 3300 60 0
255 send 223 3100 60 0
255 wait 32 256 3100
255 wait 224 256 3300
255 irecv 252 1100 200 0
255 irecv 254 1300 200 0
255 send 252 1300 16 0
255 send 254 1100 16 0
255 wait 253 256 1100
255 wait 255 256 1300
255 irecv 227 2100 200 0
255 irecv 251 2300 200 0
255 send 227 2300 40 0
255 send 251 2100 40 0
255 wait 228 256 2100
255 wait 252 256 2300
255 irecv 31 3100 200 0
255 irecv 223 3300 200 0
255 send 31 3300 60 0
255 send 223 3100 60 0
255 wait 32 256 3100
255 wait 224 256 3300
255 irecv 252 1100 200 0
255 irecv 254 1300 200 0
255 send 252 1300 16 0
255 send 254 1100 16 0
255 wait 253 256 1100
255 wait 255 256 1300
255 irecv 227 2100 200 0
255 irecv 251 2300 200 0
255 send 227 2300 40 0
255 send 251 2100 40 0
255 wait 228 256 2100
255 wait 252 256 2300
255 irecv 31 3100 200 0
255 irecv 223 3300 200 0
255 send 31 3300 60 0
255 send 223 3100 60 0
255 wait 32 256 3100
255 wait 224 256 3300
255 irecv 252 1100 200 0
255 irecv 254 1300 200 0
255 send 252 1300 4 0
255 send 254 1100 4 0
255 wait 253 256 1100
255 wait 255 256 1300
255 irecv 227 2100 200 0
255 irecv 251 2300 200 0
255 send 227 2300 12 0
255 send 251 2100 12 0
255 wait 228 256 2100
255 wait 252 256 2300
255 irecv 31 3100 200 0
255 irecv 223 3300 200 0
255 send 31 3300 24 0
255 send 223 3100 24 0
255 wait 32 256 3100
255 wait 224 256 3300
255 irecv 252 1100 200 0
255 irecv 254 1300 200 0
255 send 252 1300 1 0
255 send 254 1100 1 0
255 wait 253 256 1100
255 wait 255 256 1300
255 irecv 227 2100 200 0
255 irecv 251 2300 200 0
255 send 227 2300 4 0
255 send 251 2100 4 0
255 wait 228 256 2100
255 wait 252 256 2300
255 irecv 31 3100 200 0
255 irecv 223 3300 200 0
255 send 31 3300 12 0
255 send 223 3100 12 0
255 wait 32 256 3100
255 wait 224 256 3300
255 irecv 252 1100 200 0
255 irecv 254 1300 200 0
255 send 252 1300 1 0
255 send 254 1100 1 0
255 wait 253 256 1100
255 wait 255 256 1300
255 irecv 231 2100 200 0
255 irecv 247 2300 200 0
255 send 231 2300 3 0
255 send 247 2100 3 0
255 wait 232 256 2100
255 wait 248 256 2300
255 irecv 63 3100 200 0
255 irecv 191 3300 200 0
255 send 63 3300 9 0
255 send 191 3100 9 0
255 wait 64 256 3100
255 wait 192 256 3300
255 irecv 253 1100 200 0
255 irecv 253 1300 200 0
255 send 253 1300 1 0
255 send 253 1100 1 0
255 wait 254 256 1100
255 wait 254 256 1300
255 irecv 239 2100 200 0
255 irecv 239 2300 200 0
255 send 239 2300 3 0
255 send 239 2100 3 0
255 wait 240 256 2100
255 wait 240 256 2300
255 irecv 127 3100 200 0
255 irecv 127 3300 200 0
255 send 127 3300 9 0
255 send 127 3100 9 0
255 wait 128 256 3100
255 wait 128 256 3300
255 irecv 253 1100 200 0
255 irecv 253 1300 200 0
255 send 253 1300 1 0
255 send 253 1100 1 0
255 wait 254 256 1100
255 wait 254 256 1300
255 irecv 239 2100 200 0
255 irecv 239 2300 200 0
255 send 239 2300 3 0
255 send 239 2100 3 0
255 wait 240 256 2100
255 wait 240 256 2300
255 irecv 127 3100 200 0
255 irecv 127 3300 200 0
255 send 127 3300 9 0
255 send 127 3100 9 0
255 wait 128 256 3100
255 wait 128 256 3300
255 send 252 1300 18 0
255 send 254 1100 9 0
255 send 231 2300 18 0
255 send 247 2100 9 0
255 send 63 3300 18 0
255 send 191 3100 9 0
255 irecv 252 1100 200 0
255 irecv 254 1300 200 0
255 send 252 1300 1 0
255 send 254 1100 1 0
255 wait 253 256 1100
255 wait 255 256 1300
255 irecv 231 2100 200 0
255 irecv 247 2300 200 0
255 send 231 2300 3 0
255 send 247 2100 3 0
255 wait 232 256 2100
255 wait 248 256 2300
255 irecv 63 3100 200 0
255 irecv 191 3300 200 0
255 send 63 3300 9 0
255 send 191 3100 9 0
255 wait 64 256 3100
255 wait 192 256 3300
255 irecv 252 1100 200 0
255 irecv 254 1300 200 0
255 send 252 1300 1 0
255 send 254 1100 1 0
255 wait 253 256 1100
255 wait 255 256 1300
255 irecv 231 2100 200 0
255 irecv 247 2300 200 0
255 send 231 2300 3 0
255 send 247 2100 3 0
255 wait 232 256 2100
255 wait 248 256 2300
255 irecv 63 3100 200 0
255 irecv 191 3300 200 0
255 send 63 3300 9 0
255 send 191 3100 9 0
255 wait 64 256 3100
255 wait 192 256 3300
255 send 227 2300 24 0
255 send 251 2100 12 0
255 send 31 3300 24 0
255 send 223 3100 12 0
255 irecv 252 1100 200 0
255 irecv 254 1300 200 0
255 send 252 1300 1 0
255 send 254 1100 1 0
255 wait 253 256 1100
255 wait 255 256 1300
255 irecv 227 2100 200 0
255 irecv 251 2300 200 0
255 send 227 2300 4 0
255 send 251 2100 4 0
255 wait 228 256 2100
255 wait 252 256 2300
255 irecv 31 3100 200 0
255 irecv 223 3300 200 0
255 send 31 3300 12 0
255 send 223 3100 12 0
255 wait 32 256 3100
255 wait 224 256 3300
255 irecv 252 1100 200 0
255 irecv 254 1300 200 0
255 send 252 1300 1 0
255 send 254 1100 1 0
255 wait 253 256 1100
255 wait 255 256 1300
255 irecv 227 2100 200 0
255 irecv 251 2300 200 0
255 send 227 2300 4 0
255 send 251 2100 4 0
255 wait 228 256 2100
255 wait 252 256 2300
255 irecv 31 3100 200 0
255 irecv 223 3300 200 0
255 send 31 3300 12 0
255 send 223 3100 12 0
255 wait 32 256 3100
255 wait 224 256 3300
255 irecv 252 1100 200 0
255 irecv 254 1300 200 0
255 send 252 1300 4 0
255 send 254 1100 4 0
255 wait 253 256 1100
255 wait 255 256 1300
255 irecv 227 2100 200 0
255 irecv 251 2300 200 0
255 send 227 2300 12 0
255 send 251 2100 12 0
255 wait 228 256 2100
255 wait 252 256 2300
255 irecv 31 3100 200 0
255 irecv 223 3300 200 0
255 send 31 3300 24 0
255 send 223 3100 24 0
255 wait 32 256 3100
255 wait 224 256 3300
255 irecv 252 1100 200 0
255 irecv 254 1300 200 0
255 send 252 1300 4 0
255 send 254 1100 4 0
255 wait 253 256 1100
255 wait 255 256 1300
255 irecv 227 2100 200 0
255 irecv 251 2300 200 0
255 send 227 2300 12 0
255 send 251 2100 12 0
255 wait 228 256 2100
255 wait 252 256 2300
255 irecv 31 3100 200 0
255 irecv 223 3300 200 0
255 send 31 3300 24 0
255 send 223 3100 24 0
255 wait 32 256 3100
255 wait 224 256 3300
255 irecv 252 1100 200 0
255 irecv 254 1300 200 0
255 send 252 1300 16 0
255 send 254 1100 16 0
255 wait 253 256 1100
255 wait 255 256 1300
255 irecv 227 2100 200 0
255 irecv 251 2300 200 0
255 send 227 2300 40 0
255 send 251 2100 40 0
255 wait 228 256 2100
255 wait 252 256 2300
255 irecv 31 3100 200 0
255 irecv 223 3300 200 0
255 send 31 3300 60 0
255 send 223 3100 60 0
255 wait 32 256 3100
255 wait 224 256 3300
255 irecv 252 1100 200 0
255 irecv 254 1300 200 0
255 send 252 1300 16 0
255 send 254 1100 16 0
255 wait 253 256 1100
255 wait 255 256 1300
255 irecv 227 2100 200 0
255 irecv 251 2300 200 0
255 send 227 2300 40 0
255 send 251 2100 40 0
255 wait 228 256 2100
255 wait 252 256 2300
255 irecv 31 3100 200 0
255 irecv 223 3300 200 0
255 send 31 3300 60 0
255 send 223 3100 60 0
255 wait 32 256 3100
255 wait 224 256 3300
255 irecv 252 1100 200 0
255 irecv 254 1300 200 0
255 send 252 1300 16 0
255 send 254 1100 16 0
255 wait 253 256 1100
255 wait 255 256 1300
255 irecv 227 2100 200 0
255 irecv 251 2300 200 0
255 send 227 2300 40 0
255 send 251 2100 40 0
255 wait 228 256 2100
255 wait 252 256 2300
255 irecv 31 3100 200 0
255 irecv 223 3300 200 0
255 send 31 3300 60 0
255 send 223 3100 60 0
255 wait 32 256 3100
255 wait 224 256 3300
255 irecv 252 1100 200 0
255 irecv 254 1300 200 0
255 send 252 1300 4 0
255 send 254 1100 4 0
255 wait 253 256 1100
255 wait 255 256 1300
255 irecv 227 2100 200 0
255 irecv 251 2300 200 0
255 send 227 2300 12 0
255 send 251 2100 12 0
255 wait 228 256 2100
255 wait 252 256 2300
255 irecv 31 3100 200 0
255 irecv 223 3300 200 0
255 send 31 3300 24 0
255 send 223 3100 24 0
255 wait 32 256 3100
255 wait 224 256 3300
255 irecv 252 1100 200 0
255 irecv 254 1300 200 0
255 send 252 1300 1 0
255 send 254 1100 1 0
255 wait 253 256 1100
255 wait 255 256 1300
255 irecv 227 2100 200 0
255 irecv 251 2300 200 0
255 send 227 2300 4 0
255 send 251 2100 4 0
255 wait 228 256 2100
255 wait 252 256 2300
255 irecv 31 3100 200 0
255 irecv 223 3300 200 0
255 send 31 3300 12 0
255 send 223 3100 12 0
255 wait 32 256 3100
255 wait 224 256 3300
255 irecv 252 1100 200 0
255 irecv 254 1300 200 0
255 send 252 1300 1 0
255 send 254 1100 1 0
255 wait 253 256 1100
255 wait 255 256 1300
255 irecv 231 2100 200 0
255 irecv 247 2300 200 0
255 send 231 2300 3 0
255 send 247 2100 3 0
255 wait 232 256 2100
255 wait 248 256 2300
255 irecv 63 3100 200 0
255 irecv 191 3300 200 0
255 send 63 3300 9 0
255 send 191 3100 9 0
255 wait 64 256 3100
255 wait 192 256 3300
255 irecv 253 1100 200 0
255 irecv 253 1300 200 0
255 send 253 1300 1 0
255 send 253 1100 1 0
255 wait 254 256 1100
255 wait 254 256 1300
255 irecv 239 2100 200 0
255 irecv 239 2300 200 0
255 send 239 2300 3 0
255 send 239 2100 3 0
255 wait 240 256 2100
255 wait 240 256 2300
255 irecv 127 3100 200 0
255 irecv 127 3300 200 0
255 send 127 3300 9 0
255 send 127 3100 9 0
255 wait 128 256 3100
255 wait 128 256 3300
255 irecv 253 1100 200 0
255 irecv 253 1300 200 0
255 send 253 1300 1 0
255 send 253 1100 1 0
255 wait 254 256 1100
255 wait 254 256 1300
255 irecv 239 2100 200 0
255 irecv 239 2300 200 0
255 send 239 2300 3 0
255 send 239 2100 3 0
255 wait 240 256 2100
255 wait 240 256 2300
255 irecv 127 3100 200 0
255 irecv 127 3300 200 0
255 send 127 3300 9 0
255 send 127 3100 9 0
255 wait 128 256 3100
255 wait 128 256 3300
255 send 252 1300 18 0
255 send 254 1100 9 0
255 send 231 2300 18 0
255 send 247 2100 9 0
255 send 63 3300 18 0
255 send 191 3100 9 0
255 irecv 252 1100 200 0
255 irecv 254 1300 200 0
255 send 252 1300 1 0
255 send 254 1100 1 0
255 wait 253 256 1100
255 wait 255 256 1300
255 irecv 231 2100 200 0
255 irecv 247 2300 200 0
255 send 231 2300 3 0
255 send 247 2100 3 0
255 wait 232 256 2100
255 wait 248 256 2300
255 irecv 63 3100 200 0
255 irecv 191 3300 200 0
255 send 63 3300 9 0
255 send 191 3100 9 0
255 wait 64 256 3100
255 wait 192 256 3300
255 irecv 252 1100 200 0
255 irecv 254 1300 200 0
255 send 252 1300 1 0
255 send 254 1100 1 0
255 wait 253 256 1100
255 wait 255 256 1300
255 irecv 231 2100 200 0
255 irecv 247 2300 200 0
255 send 231 2300 3 0
255 send 247 2100 3 0
255 wait 232 256 2100
255 wait 248 256 2300
255 irecv 63 3100 200 0
255 irecv 191 3300 200 0
255 send 63 3300 9 0
255 send 191 3100 9 0
255 wait 64 256 3100
255 wait 192 256 3300
255 send 227 2300 24 0
255 send 251 2100 12 0
255 send 31 3300 24 0
255 send 223 3100 12 0
255 irecv 252 1100 200 0
255 irecv 254 1300 200 0
255 send 252 1300 1 0
255 send 254 1100 1 0
255 wait 253 256 1100
255 wait 255 256 1300
255 irecv 227 2100 200 0
255 irecv 251 2300 200 0
255 send 227 2300 4 0
255 send 251 2100 4 0
255 wait 228 256 2100
255 wait 252 256 2300
255 irecv 31 3100 200 0
255 irecv 223 3300 200 0
255 send 31 3300 12 0
255 send 223 3100 12 0
255 wait 32 256 3100
255 wait 224 256 3300
255 irecv 252 1100 200 0
255 irecv 254 1300 200 0
255 send 252 1300 1 0
255 send 254 1100 1 0
255 wait 253 256 1100
255 wait 255 256 1300
255 irecv 227 2100 200 0
255 irecv 251 2300 200 0
255 send 227 2300 4 0
255 send 251 2100 4 0
255 wait 228 256 2100
255 wait 252 256 2300
255 irecv 31 3100 200 0
255 irecv 223 3300 200 0
255 send 31 3300 12 0
255 send 223 3100 12 0
255 wait 32 256 3100
255 wait 224 256 3300
255 irecv 252 1100 200 0
255 irecv 254 1300 200 0
255 send 252 1300 4 0
255 send 254 1100 4 0
255 wait 253 256 1100
255 wait 255 256 1300
255 irecv 227 2100 200 0
255 irecv 251 2300 200 0
255 send 227 2300 12 0
255 send 251 2100 12 0
255 wait 228 256 2100
255 wait 252 256 2300
255 irecv 31 3100 200 0
255 irecv 223 3300 200 0
255 send 31 3300 24 0
255 send 223 3100 24 0
255 wait 32 256 3100
255 wait 224 256 3300
255 irecv 252 1100 200 0
255 irecv 254 1300 200 0
255 send 252 1300 4 0
255 send 254 1100 4 0
255 wait 253 256 1100
255 wait 255 256 1300
255 irecv 227 2100 200 0
255 irecv 251 2300 200 0
255 send 227 2300 12 0
255 send 251 2100 12 0
255 wait 228 256 2100
255 wait 252 256 2300
255 irecv 31 3100 200 0
255 irecv 223 3300 200 0
255 send 31 3300 24 0
255 send 223 3100 24 0
255 wait 32 256 3100
255 wait 224 256 3300
255 irecv 252 1100 200 0
255 irecv 254 1300 200 0
255 send 252 1300 16 0
255 send 254 1100 16 0
255 wait 253 256 1100
255 wait 255 256 1300
255 irecv 227 2100 200 0
255 irecv 251 2300 200 0
255 send 227 2300 40 0
255 send 251 2100 40 0
255 wait 228 256 2100
255 wait 252 256 2300
255 irecv 31 3100 200 0
255 irecv 223 3300 200 0
255 send 31 3300 60 0
255 send 223 3100 60 0
255 wait 32 256 3100
255 wait 224 256 3300
255 irecv 252 1100 200 0
255 irecv 254 1300 200 0
255 send 252 1300 16 0
255 send 254 1100 16 0
255 wait 253 256 1100
255 wait 255 256 1300
255 irecv 227 2100 200 0
255 irecv 251 2300 200 0
255 send 227 2300 40 0
255 send 251 2100 40 0
255 wait 228 256 2100
255 wait 252 256 2300
255 irecv 31 3100 200 0
255 irecv 223 3300 200 0
255 send 31 3300 60 0
255 send 223 3100 60 0
255 wait 32 256 3100
255 wait 224 256 3300
255 irecv 252 1100 200 0
255 irecv 254 1300 200 0
255 send 252 1300 16 0
255 send 254 1100 16 0
255 wait 253 256 1100
255 wait 255 256 1300
255 irecv 227 2100 200 0
255 irecv 251 2300 200 0
255 send 227 2300 40 0
255 send 251 2100 40 0
255 wait 228 256 2100
255 wait 252 256 2300
255 irecv 31 3100 200 0
255 irecv 223 3300 200 0
255 send 31 3300 60 0
255 send 223 3100 60 0
255 wait 32 256 3100
255 wait 224 256 3300
255 irecv 252 1100 200 0
255 irecv 254 1300 200 0
255 send 252 1300 4 0
255 send 254 1100 4 0
255 wait 253 256 1100
255 wait 255 256 1300
255 irecv 227 2100 200 0
255 irecv 251 2300 200 0
255 send 227 2300 12 0
255 send 251 2100 12 0
255 wait 228 256 2100
255 wait 252 256 2300
255 irecv 31 3100 200 0
255 irecv 223 3300 200 0
255 send 31 3300 24 0
255 send 223 3100 24 0
255 wait 32 256 3100
255 wait 224 256 3300
255 irecv 252 1100 200 0
255 irecv 254 1300 200 0
255 send 252 1300 1 0
255 send 254 1100 1 0
255 wait 253 256 1100
255 wait 255 256 1300
255 irecv 227 2100 200 0
255 irecv 251 2300 200 0
255 send 227 2300 4 0
255 send 251 2100 4 0
255 wait 228 256 2100
255 wait 252 256 2300
255 irecv 31 3100 200 0
255 irecv 223 3300 200 0
255 send 31 3300 12 0
255 send 223 3100 12 0
255 wait 32 256 3100
255 wait 224 256 3300
255 irecv 252 1100 200 0
255 irecv 254 1300 200 0
255 send 252 1300 1 0
255 send 254 1100 1 0
255 wait 253 256 1100
255 wait 255 256 1300
255 irecv 231 2100 200 0
255 irecv 247 2300 200 0
255 send 231 2300 3 0
255 send 247 2100 3 0
255 wait 232 256 2100
255 wait 248 256 2300
255 irecv 63 3100 200 0
255 irecv 191 3300 200 0
255 send 63 3300 9 0
255 send 191 3100 9 0
255 wait 64 256 3100
255 wait 192 256 3300
255 irecv 253 1100 200 0
255 irecv 253 1300 200 0
255 send 253 1300 1 0
255 send 253 1100 1 0
255 wait 254 256 1100
255 wait 254 256 1300
255 irecv 239 2100 200 0
255 irecv 239 2300 200 0
255 send 239 2300 3 0
255 send 239 2100 3 0
255 wait 240 256 2100
255 wait 240 256 2300
255 irecv 127 3100 200 0
255 irecv 127 3300 200 0
255 send 127 3300 9 0
255 send 127 3100 9 0
255 wait 128 256 3100
255 wait 128 256 3300
255 irecv 253 1100 200 0
255 irecv 253 1300 200 0
255 send 253 1300 1 0
255 send 253 1100 1 0
255 wait 254 256 1100
255 wait 254 256 1300
255 irecv 239 2100 200 0
255 irecv 239 2300 200 0
255 send 239 2300 3 0
255 send 239 2100 3 0
255 wait 240 256 2100
255 wait 240 256 2300
255 irecv 127 3100 200 0
255 irecv 127 3300 200 0
255 send 127 3300 9 0
255 send 127 3100 9 0
255 wait 128 256 3100
255 wait 128 256 3300
255 send 252 1300 18 0
255 send 254 1100 9 0
255 send 231 2300 18 0
255 send 247 2100 9 0
255 send 63 3300 18 0
255 send 191 3100 9 0
255 irecv 252 1100 200 0
255 irecv 254 1300 200 0
255 send 252 1300 1 0
255 send 254 1100 1 0
255 wait 253 256 1100
255 wait 255 256 1300
255 irecv 231 2100 200 0
255 irecv 247 2300 200 0
255 send 231 2300 3 0
255 send 247 2100 3 0
255 wait 232 256 2100
255 wait 248 256 2300
255 irecv 63 3100 200 0
255 irecv 191 3300 200 0
255 send 63 3300 9 0
255 send 191 3100 9 0
255 wait 64 256 3100
255 wait 192 256 3300
255 irecv 252 1100 200 0
255 irecv 254 1300 200 0
255 send 252 1300 1 0
255 send 254 1100 1 0
255 wait 253 256 1100
255 wait 255 256 1300
255 irecv 231 2100 200 0
255 irecv 247 2300 200 0
255 send 231 2300 3 0
255 send 247 2100 3 0
255 wait 232 256 2100
255 wait 248 256 2300
255 irecv 63 3100 200 0
255 irecv 191 3300 200 0
255 send 63 3300 9 0
255 send 191 3100 9 0
255 wait 64 256 3100
255 wait 192 256 3300
255 send 227 2300 24 0
255 send 251 2100 12 0
255 send 31 3300 24 0
255 send 223 3100 12 0
255 irecv 252 1100 200 0
255 irecv 254 1300 200 0
255 send 252 1300 1 0
255 send 254 1100 1 0
255 wait 253 256 1100
255 wait 255 256 1300
255 irecv 227 2100 200 0
255 irecv 251 2300 200 0
255 send 227 2300 4 0
255 send 251 2100 4 0
255 wait 228 256 2100
255 wait 252 256 2300
255 irecv 31 3100 200 0
255 irecv 223 3300 200 0
255 send 31 3300 12 0
255 send 223 3100 12 0
255 wait 32 256 3100
255 wait 224 256 3300
255 irecv 252 1100 200 0
255 irecv 254 1300 200 0
255 send 252 1300 1 0
255 send 254 1100 1 0
255 wait 253 256 1100
255 wait 255 256 1300
255 irecv 227 2100 200 0
255 irecv 251 2300 200 0
255 send 227 2300 4 0
255 send 251 2100 4 0
255 wait 228 256 2100
255 wait 252 256 2300
255 irecv 31 3100 200 0
255 irecv 223 3300 200 0
255 send 31 3300 12 0
255 send 223 3100 12 0
255 wait 32 256 3100
255 wait 224 256 3300
255 irecv 252 1100 200 0
255 irecv 254 1300 200 0
255 send 252 1300 4 0
255 send 254 1100 4 0
255 wait 253 256 1100
255 wait 255 256 1300
255 irecv 227 2100 200 0
255 irecv 251 2300 200 0
255 send 227 2300 12 0
255 send 251 2100 12 0
255 wait 228 256 2100
255 wait 252 256 2300
255 irecv 31 3100 200 0
255 irecv 223 3300 200 0
255 send 31 3300 24 0
255 send 223 3100 24 0
255 wait 32 256 3100
255 wait 224 256 3300
255 irecv 252 1100 200 0
255 irecv 254 1300 200 0
255 send 252 1300 4 0
255 send 254 1100 4 0
255 wait 253 256 1100
255 wait 255 256 1300
255 irecv 227 2100 200 0
255 irecv 251 2300 200 0
255 send 227 2300 12 0
255 send 251 2100 12 0
255 wait 228 256 2100
255 wait 252 256 2300
255 irecv 31 3100 200 0
255 irecv 223 3300 200 0
255 send 31 3300 24 0
255 send 223 3100 24 0
255 wait 32 256 3100
255 wait 224 256 3300
255 irecv 252 1100 200 0
255 irecv 254 1300 200 0
255 send 252 1300 16 0
255 send 254 1100 16 0
255 wait 253 256 1100
255 wait 255 256 1300
255 irecv 227 2100 200 0
255 irecv 251 2300 200 0
255 send 227 2300 40 0
255 send 251 2100 40 0
255 wait 228 256 2100
255 wait 252 256 2300
255 irecv 31 3100 200 0
255 irecv 223 3300 200 0
255 send 31 3300 60 0
255 send 223 3100 60 0
255 wait 32 256 3100
255 wait 224 256 3300
255 irecv 252 1100 200 0
255 irecv 254 1300 200 0
255 send 252 1300 16 0
255 send 254 1100 16 0
255 wait 253 256 1100
255 wait 255 256 1300
255 irecv 227 2100 200 0
255 irecv 251 2300 200 0
255 send 227 2300 40 0
255 send 251 2100 40 0
255 wait 228 256 2100
255 wait 252 256 2300
255 irecv 31 3100 200 0
255 irecv 223 3300 200 0
255 send 31 3300 60 0
255 send 223 3100 60 0
255 wait 32 256 3100
255 wait 224 256 3300
255 irecv 252 1100 200 0
255 irecv 254 1300 200 0
255 send 252 1300 16 0
255 send 254 1100 16 0
255 wait 253 256 1100
255 wait 255 256 1300
255 irecv 227 2100 200 0
255 irecv 251 2300 200 0
255 send 227 2300 40 0
255 send 251 2100 40 0
255 wait 228 256 2100
255 wait 252 256 2300
255 irecv 31 3100 200 0
255 irecv 223 3300 200 0
255 send 31 3300 60 0
255 send 223 3100 60 0
255 wait 32 256 3100
255 wait 224 256 3300
255 allreduce 1 0 0 
255 allreduce 1 0 0 
255 reduce 1 0 0 0 
255 finalize
