139 init
139 barrier
139 bcast 1 0 1 
139 bcast 1 0 1 
139 bcast 1 0 1 
139 bcast 1 0 1 
139 bcast 1 0 1 
139 bcast 8 0 1 
139 bcast 1 0 16 
139 barrier
139 allreduce 1 0 0 
139 allreduce 4 0 1 
139 allreduce 1 0 0 
139 allreduce 4 0 1 
139 allreduce 1 0 0 
139 allreduce 4 0 1 
139 allreduce 1 0 0 
139 allreduce 4 0 1 
139 allreduce 1 0 0 
139 allreduce 4 0 1 
139 allreduce 1 0 0 
139 allreduce 4 0 1 
139 allreduce 1 0 0 
139 allreduce 4 0 1 
139 allreduce 1 0 0 
139 allreduce 4 0 1 
139 allreduce 1 0 0 
139 allreduce 4 0 1 
139 allreduce 1 0 0 
139 allreduce 4 0 1 
139 allreduce 1 0 0 
139 allreduce 4 0 1 
139 allreduce 1 0 0 
139 allreduce 4 0 1 
139 allreduce 1 0 0 
139 allreduce 4 0 1 
139 allreduce 1 0 0 
139 allreduce 4 0 1 
139 allreduce 1 0 0 
139 allreduce 4 0 1 
139 allreduce 1 0 0 
139 allreduce 4 0 1 
139 allreduce 1 0 0 
139 allreduce 4 0 1 
139 allreduce 1 0 0 
139 allreduce 4 0 1 
139 allreduce 1 0 0 
139 allreduce 4 0 1 
139 allreduce 1 0 0 
139 allreduce 4 0 1 
139 barrier
139 irecv 136 1100 200 0
139 irecv 138 1300 200 0
139 send 136 1300 16 0
139 send 138 1100 16 0
139 wait 137 140 1100
139 wait 139 140 1300
139 irecv 143 2100 200 0
139 irecv 135 2300 200 0
139 send 143 2300 40 0
139 send 135 2100 40 0
139 wait 144 140 2100
139 wait 136 140 2300
139 irecv 171 3100 200 0
139 irecv 107 3300 200 0
139 send 171 3300 60 0
139 send 107 3100 60 0
139 wait 172 140 3100
139 wait 108 140 3300
139 allreduce 1 0 0 
139 allreduce 1 0 0 
139 irecv 136 1100 200 0
139 irecv 138 1300 200 0
139 send 136 1300 16 0
139 send 138 1100 16 0
139 wait 137 140 1100
139 wait 139 140 1300
139 irecv 143 2100 200 0
139 irecv 135 2300 200 0
139 send 143 2300 40 0
139 send 135 2100 40 0
139 wait 144 140 2100
139 wait 136 140 2300
139 irecv 171 3100 200 0
139 irecv 107 3300 200 0
139 send 171 3300 60 0
139 send 107 3100 60 0
139 wait 172 140 3100
139 wait 108 140 3300
139 allreduce 1 0 0 
139 allreduce 1 0 0 
139 irecv 136 1100 200 0
139 irecv 138 1300 200 0
139 send 136 1300 4 0
139 send 138 1100 4 0
139 wait 137 140 1100
139 wait 139 140 1300
139 irecv 143 2100 200 0
139 irecv 135 2300 200 0
139 send 143 2300 12 0
139 send 135 2100 12 0
139 wait 144 140 2100
139 wait 136 140 2300
139 irecv 171 3100 200 0
139 irecv 107 3300 200 0
139 send 171 3300 24 0
139 send 107 3100 24 0
139 wait 172 140 3100
139 wait 108 140 3300
139 irecv 136 1100 200 0
139 irecv 138 1300 200 0
139 send 136 1300 1 0
139 send 138 1100 1 0
139 wait 137 140 1100
139 wait 139 140 1300
139 irecv 143 2100 200 0
139 irecv 135 2300 200 0
139 send 143 2300 4 0
139 send 135 2100 4 0
139 wait 144 140 2100
139 wait 136 140 2300
139 irecv 171 3100 200 0
139 irecv 107 3300 200 0
139 send 171 3300 12 0
139 send 107 3100 12 0
139 wait 172 140 3100
139 wait 108 140 3300
139 send 136 1300 8 0
139 send 138 1100 4 0
139 irecv 143 2100 200 0
139 irecv 135 2300 200 0
139 wait 144 140 2100
139 wait 136 140 2300
139 irecv 171 3100 200 0
139 irecv 107 3300 200 0
139 wait 172 140 3100
139 wait 108 140 3300
139 irecv 136 1100 200 0
139 irecv 138 1300 200 0
139 send 136 1300 1 0
139 send 138 1100 1 0
139 wait 137 140 1100
139 wait 139 140 1300
139 irecv 143 2100 200 0
139 irecv 135 2300 200 0
139 send 143 2300 4 0
139 send 135 2100 4 0
139 wait 144 140 2100
139 wait 136 140 2300
139 irecv 171 3100 200 0
139 irecv 107 3300 200 0
139 send 171 3300 12 0
139 send 107 3100 12 0
139 wait 172 140 3100
139 wait 108 140 3300
139 irecv 136 1100 200 0
139 irecv 138 1300 200 0
139 send 136 1300 1 0
139 send 138 1100 1 0
139 wait 137 140 1100
139 wait 139 140 1300
139 irecv 143 2100 200 0
139 irecv 135 2300 200 0
139 send 143 2300 4 0
139 send 135 2100 4 0
139 wait 144 140 2100
139 wait 136 140 2300
139 irecv 171 3100 200 0
139 irecv 107 3300 200 0
139 send 171 3300 12 0
139 send 107 3100 12 0
139 wait 172 140 3100
139 wait 108 140 3300
139 irecv 136 1100 200 0
139 irecv 138 1300 200 0
139 send 136 1300 4 0
139 send 138 1100 4 0
139 wait 137 140 1100
139 wait 139 140 1300
139 irecv 143 2100 200 0
139 irecv 135 2300 200 0
139 send 143 2300 12 0
139 send 135 2100 12 0
139 wait 144 140 2100
139 wait 136 140 2300
139 irecv 171 3100 200 0
139 irecv 107 3300 200 0
139 send 171 3300 24 0
139 send 107 3100 24 0
139 wait 172 140 3100
139 wait 108 140 3300
139 irecv 136 1100 200 0
139 irecv 138 1300 200 0
139 send 136 1300 4 0
139 send 138 1100 4 0
139 wait 137 140 1100
139 wait 139 140 1300
139 irecv 143 2100 200 0
139 irecv 135 2300 200 0
139 send 143 2300 12 0
139 send 135 2100 12 0
139 wait 144 140 2100
139 wait 136 140 2300
139 irecv 171 3100 200 0
139 irecv 107 3300 200 0
139 send 171 3300 24 0
139 send 107 3100 24 0
139 wait 172 140 3100
139 wait 108 140 3300
139 irecv 136 1100 200 0
139 irecv 138 1300 200 0
139 send 136 1300 16 0
139 send 138 1100 16 0
139 wait 137 140 1100
139 wait 139 140 1300
139 irecv 143 2100 200 0
139 irecv 135 2300 200 0
139 send 143 2300 40 0
139 send 135 2100 40 0
139 wait 144 140 2100
139 wait 136 140 2300
139 irecv 171 3100 200 0
139 irecv 107 3300 200 0
139 send 171 3300 60 0
139 send 107 3100 60 0
139 wait 172 140 3100
139 wait 108 140 3300
139 irecv 136 1100 200 0
139 irecv 138 1300 200 0
139 send 136 1300 16 0
139 send 138 1100 16 0
139 wait 137 140 1100
139 wait 139 140 1300
139 irecv 143 2100 200 0
139 irecv 135 2300 200 0
139 send 143 2300 40 0
139 send 135 2100 40 0
139 wait 144 140 2100
139 wait 136 140 2300
139 irecv 171 3100 200 0
139 irecv 107 3300 200 0
139 send 171 3300 60 0
139 send 107 3100 60 0
139 wait 172 140 3100
139 wait 108 140 3300
139 irecv 136 1100 200 0
139 irecv 138 1300 200 0
139 send 136 1300 16 0
139 send 138 1100 16 0
139 wait 137 140 1100
139 wait 139 140 1300
139 irecv 143 2100 200 0
139 irecv 135 2300 200 0
139 send 143 2300 40 0
139 send 135 2100 40 0
139 wait 144 140 2100
139 wait 136 140 2300
139 irecv 171 3100 200 0
139 irecv 107 3300 200 0
139 send 171 3300 60 0
139 send 107 3100 60 0
139 wait 172 140 3100
139 wait 108 140 3300
139 barrier
139 allreduce 1 0 0 
139 allreduce 4 0 1 
139 allreduce 1 0 0 
139 allreduce 4 0 1 
139 allreduce 1 0 0 
139 allreduce 4 0 1 
139 allreduce 1 0 0 
139 allreduce 4 0 1 
139 allreduce 1 0 0 
139 allreduce 4 0 1 
139 allreduce 1 0 0 
139 allreduce 4 0 1 
139 allreduce 1 0 0 
139 allreduce 4 0 1 
139 allreduce 1 0 0 
139 allreduce 4 0 1 
139 allreduce 1 0 0 
139 allreduce 4 0 1 
139 allreduce 1 0 0 
139 allreduce 4 0 1 
139 allreduce 1 0 0 
139 allreduce 4 0 1 
139 allreduce 1 0 0 
139 allreduce 4 0 1 
139 allreduce 1 0 0 
139 allreduce 4 0 1 
139 allreduce 1 0 0 
139 allreduce 4 0 1 
139 allreduce 1 0 0 
139 allreduce 4 0 1 
139 allreduce 1 0 0 
139 allreduce 4 0 1 
139 allreduce 1 0 0 
139 allreduce 4 0 1 
139 allreduce 1 0 0 
139 allreduce 4 0 1 
139 allreduce 1 0 0 
139 allreduce 4 0 1 
139 allreduce 1 0 0 
139 allreduce 4 0 1 
139 barrier
139 irecv 136 1100 200 0
139 irecv 138 1300 200 0
139 send 136 1300 16 0
139 send 138 1100 16 0
139 wait 137 140 1100
139 wait 139 140 1300
139 irecv 143 2100 200 0
139 irecv 135 2300 200 0
139 send 143 2300 40 0
139 send 135 2100 40 0
139 wait 144 140 2100
139 wait 136 140 2300
139 irecv 171 3100 200 0
139 irecv 107 3300 200 0
139 send 171 3300 60 0
139 send 107 3100 60 0
139 wait 172 140 3100
139 wait 108 140 3300
139 barrier
139 irecv 136 1100 200 0
139 irecv 138 1300 200 0
139 send 136 1300 16 0
139 send 138 1100 16 0
139 wait 137 140 1100
139 wait 139 140 1300
139 irecv 143 2100 200 0
139 irecv 135 2300 200 0
139 send 143 2300 40 0
139 send 135 2100 40 0
139 wait 144 140 2100
139 wait 136 140 2300
139 irecv 171 3100 200 0
139 irecv 107 3300 200 0
139 send 171 3300 60 0
139 send 107 3100 60 0
139 wait 172 140 3100
139 wait 108 140 3300
139 allreduce 1 0 0 
139 allreduce 1 0 0 
139 irecv 136 1100 200 0
139 irecv 138 1300 200 0
139 send 136 1300 4 0
139 send 138 1100 4 0
139 wait 137 140 1100
139 wait 139 140 1300
139 irecv 143 2100 200 0
139 irecv 135 2300 200 0
139 send 143 2300 12 0
139 send 135 2100 12 0
139 wait 144 140 2100
139 wait 136 140 2300
139 irecv 171 3100 200 0
139 irecv 107 3300 200 0
139 send 171 3300 24 0
139 send 107 3100 24 0
139 wait 172 140 3100
139 wait 108 140 3300
139 irecv 136 1100 200 0
139 irecv 138 1300 200 0
139 send 136 1300 1 0
139 send 138 1100 1 0
139 wait 137 140 1100
139 wait 139 140 1300
139 irecv 143 2100 200 0
139 irecv 135 2300 200 0
139 send 143 2300 4 0
139 send 135 2100 4 0
139 wait 144 140 2100
139 wait 136 140 2300
139 irecv 171 3100 200 0
139 irecv 107 3300 200 0
139 send 171 3300 12 0
139 send 107 3100 12 0
139 wait 172 140 3100
139 wait 108 140 3300
139 send 136 1300 8 0
139 send 138 1100 4 0
139 irecv 143 2100 200 0
139 irecv 135 2300 200 0
139 wait 144 140 2100
139 wait 136 140 2300
139 irecv 171 3100 200 0
139 irecv 107 3300 200 0
139 wait 172 140 3100
139 wait 108 140 3300
139 irecv 136 1100 200 0
139 irecv 138 1300 200 0
139 send 136 1300 1 0
139 send 138 1100 1 0
139 wait 137 140 1100
139 wait 139 140 1300
139 irecv 143 2100 200 0
139 irecv 135 2300 200 0
139 send 143 2300 4 0
139 send 135 2100 4 0
139 wait 144 140 2100
139 wait 136 140 2300
139 irecv 171 3100 200 0
139 irecv 107 3300 200 0
139 send 171 3300 12 0
139 send 107 3100 12 0
139 wait 172 140 3100
139 wait 108 140 3300
139 irecv 136 1100 200 0
139 irecv 138 1300 200 0
139 send 136 1300 1 0
139 send 138 1100 1 0
139 wait 137 140 1100
139 wait 139 140 1300
139 irecv 143 2100 200 0
139 irecv 135 2300 200 0
139 send 143 2300 4 0
139 send 135 2100 4 0
139 wait 144 140 2100
139 wait 136 140 2300
139 irecv 171 3100 200 0
139 irecv 107 3300 200 0
139 send 171 3300 12 0
139 send 107 3100 12 0
139 wait 172 140 3100
139 wait 108 140 3300
139 irecv 136 1100 200 0
139 irecv 138 1300 200 0
139 send 136 1300 4 0
139 send 138 1100 4 0
139 wait 137 140 1100
139 wait 139 140 1300
139 irecv 143 2100 200 0
139 irecv 135 2300 200 0
139 send 143 2300 12 0
139 send 135 2100 12 0
139 wait 144 140 2100
139 wait 136 140 2300
139 irecv 171 3100 200 0
139 irecv 107 3300 200 0
139 send 171 3300 24 0
139 send 107 3100 24 0
139 wait 172 140 3100
139 wait 108 140 3300
139 irecv 136 1100 200 0
139 irecv 138 1300 200 0
139 send 136 1300 4 0
139 send 138 1100 4 0
139 wait 137 140 1100
139 wait 139 140 1300
139 irecv 143 2100 200 0
139 irecv 135 2300 200 0
139 send 143 2300 12 0
139 send 135 2100 12 0
139 wait 144 140 2100
139 wait 136 140 2300
139 irecv 171 3100 200 0
139 irecv 107 3300 200 0
139 send 171 3300 24 0
139 send 107 3100 24 0
139 wait 172 140 3100
139 wait 108 140 3300
139 irecv 136 1100 200 0
139 irecv 138 1300 200 0
139 send 136 1300 16 0
139 send 138 1100 16 0
139 wait 137 140 1100
139 wait 139 140 1300
139 irecv 143 2100 200 0
139 irecv 135 2300 200 0
139 send 143 2300 40 0
139 send 135 2100 40 0
139 wait 144 140 2100
139 wait 136 140 2300
139 irecv 171 3100 200 0
139 irecv 107 3300 200 0
139 send 171 3300 60 0
139 send 107 3100 60 0
139 wait 172 140 3100
139 wait 108 140 3300
139 irecv 136 1100 200 0
139 irecv 138 1300 200 0
139 send 136 1300 16 0
139 send 138 1100 16 0
139 wait 137 140 1100
139 wait 139 140 1300
139 irecv 143 2100 200 0
139 irecv 135 2300 200 0
139 send 143 2300 40 0
139 send 135 2100 40 0
139 wait 144 140 2100
139 wait 136 140 2300
139 irecv 171 3100 200 0
139 irecv 107 3300 200 0
139 send 171 3300 60 0
139 send 107 3100 60 0
139 wait 172 140 3100
139 wait 108 140 3300
139 irecv 136 1100 200 0
139 irecv 138 1300 200 0
139 send 136 1300 16 0
139 send 138 1100 16 0
139 wait 137 140 1100
139 wait 139 140 1300
139 irecv 143 2100 200 0
139 irecv 135 2300 200 0
139 send 143 2300 40 0
139 send 135 2100 40 0
139 wait 144 140 2100
139 wait 136 140 2300
139 irecv 171 3100 200 0
139 irecv 107 3300 200 0
139 send 171 3300 60 0
139 send 107 3100 60 0
139 wait 172 140 3100
139 wait 108 140 3300
139 irecv 136 1100 200 0
139 irecv 138 1300 200 0
139 send 136 1300 4 0
139 send 138 1100 4 0
139 wait 137 140 1100
139 wait 139 140 1300
139 irecv 143 2100 200 0
139 irecv 135 2300 200 0
139 send 143 2300 12 0
139 send 135 2100 12 0
139 wait 144 140 2100
139 wait 136 140 2300
139 irecv 171 3100 200 0
139 irecv 107 3300 200 0
139 send 171 3300 24 0
139 send 107 3100 24 0
139 wait 172 140 3100
139 wait 108 140 3300
139 irecv 136 1100 200 0
139 irecv 138 1300 200 0
139 send 136 1300 1 0
139 send 138 1100 1 0
139 wait 137 140 1100
139 wait 139 140 1300
139 irecv 143 2100 200 0
139 irecv 135 2300 200 0
139 send 143 2300 4 0
139 send 135 2100 4 0
139 wait 144 140 2100
139 wait 136 140 2300
139 irecv 171 3100 200 0
139 irecv 107 3300 200 0
139 send 171 3300 12 0
139 send 107 3100 12 0
139 wait 172 140 3100
139 wait 108 140 3300
139 send 136 1300 8 0
139 send 138 1100 4 0
139 irecv 143 2100 200 0
139 irecv 135 2300 200 0
139 wait 144 140 2100
139 wait 136 140 2300
139 irecv 171 3100 200 0
139 irecv 107 3300 200 0
139 wait 172 140 3100
139 wait 108 140 3300
139 irecv 136 1100 200 0
139 irecv 138 1300 200 0
139 send 136 1300 1 0
139 send 138 1100 1 0
139 wait 137 140 1100
139 wait 139 140 1300
139 irecv 143 2100 200 0
139 irecv 135 2300 200 0
139 send 143 2300 4 0
139 send 135 2100 4 0
139 wait 144 140 2100
139 wait 136 140 2300
139 irecv 171 3100 200 0
139 irecv 107 3300 200 0
139 send 171 3300 12 0
139 send 107 3100 12 0
139 wait 172 140 3100
139 wait 108 140 3300
139 irecv 136 1100 200 0
139 irecv 138 1300 200 0
139 send 136 1300 1 0
139 send 138 1100 1 0
139 wait 137 140 1100
139 wait 139 140 1300
139 irecv 143 2100 200 0
139 irecv 135 2300 200 0
139 send 143 2300 4 0
139 send 135 2100 4 0
139 wait 144 140 2100
139 wait 136 140 2300
139 irecv 171 3100 200 0
139 irecv 107 3300 200 0
139 send 171 3300 12 0
139 send 107 3100 12 0
139 wait 172 140 3100
139 wait 108 140 3300
139 irecv 136 1100 200 0
139 irecv 138 1300 200 0
139 send 136 1300 4 0
139 send 138 1100 4 0
139 wait 137 140 1100
139 wait 139 140 1300
139 irecv 143 2100 200 0
139 irecv 135 2300 200 0
139 send 143 2300 12 0
139 send 135 2100 12 0
139 wait 144 140 2100
139 wait 136 140 2300
139 irecv 171 3100 200 0
139 irecv 107 3300 200 0
139 send 171 3300 24 0
139 send 107 3100 24 0
139 wait 172 140 3100
139 wait 108 140 3300
139 irecv 136 1100 200 0
139 irecv 138 1300 200 0
139 send 136 1300 4 0
139 send 138 1100 4 0
139 wait 137 140 1100
139 wait 139 140 1300
139 irecv 143 2100 200 0
139 irecv 135 2300 200 0
139 send 143 2300 12 0
139 send 135 2100 12 0
139 wait 144 140 2100
139 wait 136 140 2300
139 irecv 171 3100 200 0
139 irecv 107 3300 200 0
139 send 171 3300 24 0
139 send 107 3100 24 0
139 wait 172 140 3100
139 wait 108 140 3300
139 irecv 136 1100 200 0
139 irecv 138 1300 200 0
139 send 136 1300 16 0
139 send 138 1100 16 0
139 wait 137 140 1100
139 wait 139 140 1300
139 irecv 143 2100 200 0
139 irecv 135 2300 200 0
139 send 143 2300 40 0
139 send 135 2100 40 0
139 wait 144 140 2100
139 wait 136 140 2300
139 irecv 171 3100 200 0
139 irecv 107 3300 200 0
139 send 171 3300 60 0
139 send 107 3100 60 0
139 wait 172 140 3100
139 wait 108 140 3300
139 irecv 136 1100 200 0
139 irecv 138 1300 200 0
139 send 136 1300 16 0
139 send 138 1100 16 0
139 wait 137 140 1100
139 wait 139 140 1300
139 irecv 143 2100 200 0
139 irecv 135 2300 200 0
139 send 143 2300 40 0
139 send 135 2100 40 0
139 wait 144 140 2100
139 wait 136 140 2300
139 irecv 171 3100 200 0
139 irecv 107 3300 200 0
139 send 171 3300 60 0
139 send 107 3100 60 0
139 wait 172 140 3100
139 wait 108 140 3300
139 irecv 136 1100 200 0
139 irecv 138 1300 200 0
139 send 136 1300 16 0
139 send 138 1100 16 0
139 wait 137 140 1100
139 wait 139 140 1300
139 irecv 143 2100 200 0
139 irecv 135 2300 200 0
139 send 143 2300 40 0
139 send 135 2100 40 0
139 wait 144 140 2100
139 wait 136 140 2300
139 irecv 171 3100 200 0
139 irecv 107 3300 200 0
139 send 171 3300 60 0
139 send 107 3100 60 0
139 wait 172 140 3100
139 wait 108 140 3300
139 irecv 136 1100 200 0
139 irecv 138 1300 200 0
139 send 136 1300 4 0
139 send 138 1100 4 0
139 wait 137 140 1100
139 wait 139 140 1300
139 irecv 143 2100 200 0
139 irecv 135 2300 200 0
139 send 143 2300 12 0
139 send 135 2100 12 0
139 wait 144 140 2100
139 wait 136 140 2300
139 irecv 171 3100 200 0
139 irecv 107 3300 200 0
139 send 171 3300 24 0
139 send 107 3100 24 0
139 wait 172 140 3100
139 wait 108 140 3300
139 irecv 136 1100 200 0
139 irecv 138 1300 200 0
139 send 136 1300 1 0
139 send 138 1100 1 0
139 wait 137 140 1100
139 wait 139 140 1300
139 irecv 143 2100 200 0
139 irecv 135 2300 200 0
139 send 143 2300 4 0
139 send 135 2100 4 0
139 wait 144 140 2100
139 wait 136 140 2300
139 irecv 171 3100 200 0
139 irecv 107 3300 200 0
139 send 171 3300 12 0
139 send 107 3100 12 0
139 wait 172 140 3100
139 wait 108 140 3300
139 send 136 1300 8 0
139 send 138 1100 4 0
139 irecv 143 2100 200 0
139 irecv 135 2300 200 0
139 wait 144 140 2100
139 wait 136 140 2300
139 irecv 171 3100 200 0
139 irecv 107 3300 200 0
139 wait 172 140 3100
139 wait 108 140 3300
139 irecv 136 1100 200 0
139 irecv 138 1300 200 0
139 send 136 1300 1 0
139 send 138 1100 1 0
139 wait 137 140 1100
139 wait 139 140 1300
139 irecv 143 2100 200 0
139 irecv 135 2300 200 0
139 send 143 2300 4 0
139 send 135 2100 4 0
139 wait 144 140 2100
139 wait 136 140 2300
139 irecv 171 3100 200 0
139 irecv 107 3300 200 0
139 send 171 3300 12 0
139 send 107 3100 12 0
139 wait 172 140 3100
139 wait 108 140 3300
139 irecv 136 1100 200 0
139 irecv 138 1300 200 0
139 send 136 1300 1 0
139 send 138 1100 1 0
139 wait 137 140 1100
139 wait 139 140 1300
139 irecv 143 2100 200 0
139 irecv 135 2300 200 0
139 send 143 2300 4 0
139 send 135 2100 4 0
139 wait 144 140 2100
139 wait 136 140 2300
139 irecv 171 3100 200 0
139 irecv 107 3300 200 0
139 send 171 3300 12 0
139 send 107 3100 12 0
139 wait 172 140 3100
139 wait 108 140 3300
139 irecv 136 1100 200 0
139 irecv 138 1300 200 0
139 send 136 1300 4 0
139 send 138 1100 4 0
139 wait 137 140 1100
139 wait 139 140 1300
139 irecv 143 2100 200 0
139 irecv 135 2300 200 0
139 send 143 2300 12 0
139 send 135 2100 12 0
139 wait 144 140 2100
139 wait 136 140 2300
139 irecv 171 3100 200 0
139 irecv 107 3300 200 0
139 send 171 3300 24 0
139 send 107 3100 24 0
139 wait 172 140 3100
139 wait 108 140 3300
139 irecv 136 1100 200 0
139 irecv 138 1300 200 0
139 send 136 1300 4 0
139 send 138 1100 4 0
139 wait 137 140 1100
139 wait 139 140 1300
139 irecv 143 2100 200 0
139 irecv 135 2300 200 0
139 send 143 2300 12 0
139 send 135 2100 12 0
139 wait 144 140 2100
139 wait 136 140 2300
139 irecv 171 3100 200 0
139 irecv 107 3300 200 0
139 send 171 3300 24 0
139 send 107 3100 24 0
139 wait 172 140 3100
139 wait 108 140 3300
139 irecv 136 1100 200 0
139 irecv 138 1300 200 0
139 send 136 1300 16 0
139 send 138 1100 16 0
139 wait 137 140 1100
139 wait 139 140 1300
139 irecv 143 2100 200 0
139 irecv 135 2300 200 0
139 send 143 2300 40 0
139 send 135 2100 40 0
139 wait 144 140 2100
139 wait 136 140 2300
139 irecv 171 3100 200 0
139 irecv 107 3300 200 0
139 send 171 3300 60 0
139 send 107 3100 60 0
139 wait 172 140 3100
139 wait 108 140 3300
139 irecv 136 1100 200 0
139 irecv 138 1300 200 0
139 send 136 1300 16 0
139 send 138 1100 16 0
139 wait 137 140 1100
139 wait 139 140 1300
139 irecv 143 2100 200 0
139 irecv 135 2300 200 0
139 send 143 2300 40 0
139 send 135 2100 40 0
139 wait 144 140 2100
139 wait 136 140 2300
139 irecv 171 3100 200 0
139 irecv 107 3300 200 0
139 send 171 3300 60 0
139 send 107 3100 60 0
139 wait 172 140 3100
139 wait 108 140 3300
139 irecv 136 1100 200 0
139 irecv 138 1300 200 0
139 send 136 1300 16 0
139 send 138 1100 16 0
139 wait 137 140 1100
139 wait 139 140 1300
139 irecv 143 2100 200 0
139 irecv 135 2300 200 0
139 send 143 2300 40 0
139 send 135 2100 40 0
139 wait 144 140 2100
139 wait 136 140 2300
139 irecv 171 3100 200 0
139 irecv 107 3300 200 0
139 send 171 3300 60 0
139 send 107 3100 60 0
139 wait 172 140 3100
139 wait 108 140 3300
139 irecv 136 1100 200 0
139 irecv 138 1300 200 0
139 send 136 1300 4 0
139 send 138 1100 4 0
139 wait 137 140 1100
139 wait 139 140 1300
139 irecv 143 2100 200 0
139 irecv 135 2300 200 0
139 send 143 2300 12 0
139 send 135 2100 12 0
139 wait 144 140 2100
139 wait 136 140 2300
139 irecv 171 3100 200 0
139 irecv 107 3300 200 0
139 send 171 3300 24 0
139 send 107 3100 24 0
139 wait 172 140 3100
139 wait 108 140 3300
139 irecv 136 1100 200 0
139 irecv 138 1300 200 0
139 send 136 1300 1 0
139 send 138 1100 1 0
139 wait 137 140 1100
139 wait 139 140 1300
139 irecv 143 2100 200 0
139 irecv 135 2300 200 0
139 send 143 2300 4 0
139 send 135 2100 4 0
139 wait 144 140 2100
139 wait 136 140 2300
139 irecv 171 3100 200 0
139 irecv 107 3300 200 0
139 send 171 3300 12 0
139 send 107 3100 12 0
139 wait 172 140 3100
139 wait 108 140 3300
139 send 136 1300 8 0
139 send 138 1100 4 0
139 irecv 143 2100 200 0
139 irecv 135 2300 200 0
139 wait 144 140 2100
139 wait 136 140 2300
139 irecv 171 3100 200 0
139 irecv 107 3300 200 0
139 wait 172 140 3100
139 wait 108 140 3300
139 irecv 136 1100 200 0
139 irecv 138 1300 200 0
139 send 136 1300 1 0
139 send 138 1100 1 0
139 wait 137 140 1100
139 wait 139 140 1300
139 irecv 143 2100 200 0
139 irecv 135 2300 200 0
139 send 143 2300 4 0
139 send 135 2100 4 0
139 wait 144 140 2100
139 wait 136 140 2300
139 irecv 171 3100 200 0
139 irecv 107 3300 200 0
139 send 171 3300 12 0
139 send 107 3100 12 0
139 wait 172 140 3100
139 wait 108 140 3300
139 irecv 136 1100 200 0
139 irecv 138 1300 200 0
139 send 136 1300 1 0
139 send 138 1100 1 0
139 wait 137 140 1100
139 wait 139 140 1300
139 irecv 143 2100 200 0
139 irecv 135 2300 200 0
139 send 143 2300 4 0
139 send 135 2100 4 0
139 wait 144 140 2100
139 wait 136 140 2300
139 irecv 171 3100 200 0
139 irecv 107 3300 200 0
139 send 171 3300 12 0
139 send 107 3100 12 0
139 wait 172 140 3100
139 wait 108 140 3300
139 irecv 136 1100 200 0
139 irecv 138 1300 200 0
139 send 136 1300 4 0
139 send 138 1100 4 0
139 wait 137 140 1100
139 wait 139 140 1300
139 irecv 143 2100 200 0
139 irecv 135 2300 200 0
139 send 143 2300 12 0
139 send 135 2100 12 0
139 wait 144 140 2100
139 wait 136 140 2300
139 irecv 171 3100 200 0
139 irecv 107 3300 200 0
139 send 171 3300 24 0
139 send 107 3100 24 0
139 wait 172 140 3100
139 wait 108 140 3300
139 irecv 136 1100 200 0
139 irecv 138 1300 200 0
139 send 136 1300 4 0
139 send 138 1100 4 0
139 wait 137 140 1100
139 wait 139 140 1300
139 irecv 143 2100 200 0
139 irecv 135 2300 200 0
139 send 143 2300 12 0
139 send 135 2100 12 0
139 wait 144 140 2100
139 wait 136 140 2300
139 irecv 171 3100 200 0
139 irecv 107 3300 200 0
139 send 171 3300 24 0
139 send 107 3100 24 0
139 wait 172 140 3100
139 wait 108 140 3300
139 irecv 136 1100 200 0
139 irecv 138 1300 200 0
139 send 136 1300 16 0
139 send 138 1100 16 0
139 wait 137 140 1100
139 wait 139 140 1300
139 irecv 143 2100 200 0
139 irecv 135 2300 200 0
139 send 143 2300 40 0
139 send 135 2100 40 0
139 wait 144 140 2100
139 wait 136 140 2300
139 irecv 171 3100 200 0
139 irecv 107 3300 200 0
139 send 171 3300 60 0
139 send 107 3100 60 0
139 wait 172 140 3100
139 wait 108 140 3300
139 irecv 136 1100 200 0
139 irecv 138 1300 200 0
139 send 136 1300 16 0
139 send 138 1100 16 0
139 wait 137 140 1100
139 wait 139 140 1300
139 irecv 143 2100 200 0
139 irecv 135 2300 200 0
139 send 143 2300 40 0
139 send 135 2100 40 0
139 wait 144 140 2100
139 wait 136 140 2300
139 irecv 171 3100 200 0
139 irecv 107 3300 200 0
139 send 171 3300 60 0
139 send 107 3100 60 0
139 wait 172 140 3100
139 wait 108 140 3300
139 irecv 136 1100 200 0
139 irecv 138 1300 200 0
139 send 136 1300 16 0
139 send 138 1100 16 0
139 wait 137 140 1100
139 wait 139 140 1300
139 irecv 143 2100 200 0
139 irecv 135 2300 200 0
139 send 143 2300 40 0
139 send 135 2100 40 0
139 wait 144 140 2100
139 wait 136 140 2300
139 irecv 171 3100 200 0
139 irecv 107 3300 200 0
139 send 171 3300 60 0
139 send 107 3100 60 0
139 wait 172 140 3100
139 wait 108 140 3300
139 allreduce 1 0 0 
139 allreduce 1 0 0 
139 reduce 1 0 0 0 
139 finalize
