25 init
25 barrier
25 bcast 1 0 1 
25 bcast 1 0 1 
25 bcast 1 0 1 
25 bcast 1 0 1 
25 bcast 1 0 1 
25 bcast 8 0 1 
25 bcast 1 0 16 
25 barrier
25 allreduce 1 0 0 
25 allreduce 4 0 1 
25 allreduce 1 0 0 
25 allreduce 4 0 1 
25 allreduce 1 0 0 
25 allreduce 4 0 1 
25 allreduce 1 0 0 
25 allreduce 4 0 1 
25 allreduce 1 0 0 
25 allreduce 4 0 1 
25 allreduce 1 0 0 
25 allreduce 4 0 1 
25 allreduce 1 0 0 
25 allreduce 4 0 1 
25 allreduce 1 0 0 
25 allreduce 4 0 1 
25 allreduce 1 0 0 
25 allreduce 4 0 1 
25 allreduce 1 0 0 
25 allreduce 4 0 1 
25 allreduce 1 0 0 
25 allreduce 4 0 1 
25 allreduce 1 0 0 
25 allreduce 4 0 1 
25 allreduce 1 0 0 
25 allreduce 4 0 1 
25 allreduce 1 0 0 
25 allreduce 4 0 1 
25 allreduce 1 0 0 
25 allreduce 4 0 1 
25 allreduce 1 0 0 
25 allreduce 4 0 1 
25 allreduce 1 0 0 
25 allreduce 4 0 1 
25 allreduce 1 0 0 
25 allreduce 4 0 1 
25 allreduce 1 0 0 
25 allreduce 4 0 1 
25 allreduce 1 0 0 
25 allreduce 4 0 1 
25 barrier
25 irecv 26 1100 200 0
25 irecv 24 1300 200 0
25 send 26 1300 16 0
25 send 24 1100 16 0
25 wait 27 26 1100
25 wait 25 26 1300
25 irecv 29 2100 200 0
25 irecv 21 2300 200 0
25 send 29 2300 40 0
25 send 21 2100 40 0
25 wait 30 26 2100
25 wait 22 26 2300
25 irecv 57 3100 200 0
25 irecv 249 3300 200 0
25 send 57 3300 60 0
25 send 249 3100 60 0
25 wait 58 26 3100
25 wait 250 26 3300
25 allreduce 1 0 0 
25 allreduce 1 0 0 
25 irecv 26 1100 200 0
25 irecv 24 1300 200 0
25 send 26 1300 16 0
25 send 24 1100 16 0
25 wait 27 26 1100
25 wait 25 26 1300
25 irecv 29 2100 200 0
25 irecv 21 2300 200 0
25 send 29 2300 40 0
25 send 21 2100 40 0
25 wait 30 26 2100
25 wait 22 26 2300
25 irecv 57 3100 200 0
25 irecv 249 3300 200 0
25 send 57 3300 60 0
25 compute 312.5
25 send 249 3100 60 0
25 wait 58 26 3100
25 wait 250 26 3300
25 allreduce 1 0 0 
25 allreduce 1 0 0 
25 irecv 26 1100 200 0
25 irecv 24 1300 200 0
25 send 26 1300 4 0
25 send 24 1100 4 0
25 wait 27 26 1100
25 wait 25 26 1300
25 irecv 29 2100 200 0
25 irecv 21 2300 200 0
25 send 29 2300 12 0
25 send 21 2100 12 0
25 wait 30 26 2100
25 wait 22 26 2300
25 irecv 57 3100 200 0
25 irecv 249 3300 200 0
25 send 57 3300 24 0
25 send 249 3100 24 0
25 wait 58 26 3100
25 wait 250 26 3300
25 irecv 26 1100 200 0
25 irecv 24 1300 200 0
25 send 26 1300 1 0
25 send 24 1100 1 0
25 wait 27 26 1100
25 wait 25 26 1300
25 irecv 29 2100 200 0
25 irecv 21 2300 200 0
25 send 29 2300 4 0
25 send 21 2100 4 0
25 wait 30 26 2100
25 wait 22 26 2300
25 irecv 57 3100 200 0
25 irecv 249 3300 200 0
25 send 57 3300 12 0
25 send 249 3100 12 0
25 wait 58 26 3100
25 wait 250 26 3300
25 send 26 1300 8 0
25 send 24 1100 4 0
25 irecv 29 2100 200 0
25 irecv 21 2300 200 0
25 wait 30 26 2100
25 wait 22 26 2300
25 irecv 57 3100 200 0
25 irecv 249 3300 200 0
25 wait 58 26 3100
25 wait 250 26 3300
25 irecv 26 1100 200 0
25 irecv 24 1300 200 0
25 send 26 1300 1 0
25 send 24 1100 1 0
25 wait 27 26 1100
25 wait 25 26 1300
25 irecv 29 2100 200 0
25 irecv 21 2300 200 0
25 send 29 2300 4 0
25 send 21 2100 4 0
25 wait 30 26 2100
25 wait 22 26 2300
25 irecv 57 3100 200 0
25 irecv 249 3300 200 0
25 send 57 3300 12 0
25 send 249 3100 12 0
25 wait 58 26 3100
25 wait 250 26 3300
25 irecv 26 1100 200 0
25 irecv 24 1300 200 0
25 send 26 1300 1 0
25 send 24 1100 1 0
25 wait 27 26 1100
25 wait 25 26 1300
25 irecv 29 2100 200 0
25 irecv 21 2300 200 0
25 send 29 2300 4 0
25 send 21 2100 4 0
25 wait 30 26 2100
25 wait 22 26 2300
25 irecv 57 3100 200 0
25 irecv 249 3300 200 0
25 send 57 3300 12 0
25 send 249 3100 12 0
25 wait 58 26 3100
25 wait 250 26 3300
25 irecv 26 1100 200 0
25 irecv 24 1300 200 0
25 send 26 1300 4 0
25 send 24 1100 4 0
25 wait 27 26 1100
25 wait 25 26 1300
25 irecv 29 2100 200 0
25 irecv 21 2300 200 0
25 send 29 2300 12 0
25 send 21 2100 12 0
25 wait 30 26 2100
25 wait 22 26 2300
25 irecv 57 3100 200 0
25 irecv 249 3300 200 0
25 send 57 3300 24 0
25 send 249 3100 24 0
25 wait 58 26 3100
25 wait 250 26 3300
25 irecv 26 1100 200 0
25 irecv 24 1300 200 0
25 send 26 1300 4 0
25 send 24 1100 4 0
25 wait 27 26 1100
25 wait 25 26 1300
25 irecv 29 2100 200 0
25 irecv 21 2300 200 0
25 send 29 2300 12 0
25 send 21 2100 12 0
25 wait 30 26 2100
25 wait 22 26 2300
25 irecv 57 3100 200 0
25 irecv 249 3300 200 0
25 send 57 3300 24 0
25 send 249 3100 24 0
25 wait 58 26 3100
25 wait 250 26 3300
25 irecv 26 1100 200 0
25 irecv 24 1300 200 0
25 send 26 1300 16 0
25 send 24 1100 16 0
25 wait 27 26 1100
25 wait 25 26 1300
25 irecv 29 2100 200 0
25 irecv 21 2300 200 0
25 send 29 2300 40 0
25 send 21 2100 40 0
25 wait 30 26 2100
25 wait 22 26 2300
25 irecv 57 3100 200 0
25 irecv 249 3300 200 0
25 send 57 3300 60 0
25 send 249 3100 60 0
25 wait 58 26 3100
25 wait 250 26 3300
25 irecv 26 1100 200 0
25 irecv 24 1300 200 0
25 send 26 1300 16 0
25 send 24 1100 16 0
25 wait 27 26 1100
25 wait 25 26 1300
25 irecv 29 2100 200 0
25 irecv 21 2300 200 0
25 send 29 2300 40 0
25 send 21 2100 40 0
25 wait 30 26 2100
25 wait 22 26 2300
25 irecv 57 3100 200 0
25 irecv 249 3300 200 0
25 send 57 3300 60 0
25 send 249 3100 60 0
25 wait 58 26 3100
25 wait 250 26 3300
25 irecv 26 1100 200 0
25 irecv 24 1300 200 0
25 send 26 1300 16 0
25 send 24 1100 16 0
25 wait 27 26 1100
25 wait 25 26 1300
25 irecv 29 2100 200 0
25 irecv 21 2300 200 0
25 send 29 2300 40 0
25 send 21 2100 40 0
25 wait 30 26 2100
25 wait 22 26 2300
25 irecv 57 3100 200 0
25 irecv 249 3300 200 0
25 send 57 3300 60 0
25 send 249 3100 60 0
25 wait 58 26 3100
25 wait 250 26 3300
25 barrier
25 allreduce 1 0 0 
25 allreduce 4 0 1 
25 allreduce 1 0 0 
25 allreduce 4 0 1 
25 allreduce 1 0 0 
25 allreduce 4 0 1 
25 allreduce 1 0 0 
25 allreduce 4 0 1 
25 allreduce 1 0 0 
25 allreduce 4 0 1 
25 allreduce 1 0 0 
25 allreduce 4 0 1 
25 allreduce 1 0 0 
25 allreduce 4 0 1 
25 allreduce 1 0 0 
25 allreduce 4 0 1 
25 allreduce 1 0 0 
25 allreduce 4 0 1 
25 allreduce 1 0 0 
25 allreduce 4 0 1 
25 allreduce 1 0 0 
25 allreduce 4 0 1 
25 allreduce 1 0 0 
25 allreduce 4 0 1 
25 allreduce 1 0 0 
25 allreduce 4 0 1 
25 allreduce 1 0 0 
25 allreduce 4 0 1 
25 allreduce 1 0 0 
25 allreduce 4 0 1 
25 allreduce 1 0 0 
25 allreduce 4 0 1 
25 allreduce 1 0 0 
25 allreduce 4 0 1 
25 allreduce 1 0 0 
25 allreduce 4 0 1 
25 allreduce 1 0 0 
25 allreduce 4 0 1 
25 allreduce 1 0 0 
25 allreduce 4 0 1 
25 barrier
25 irecv 26 1100 200 0
25 irecv 24 1300 200 0
25 send 26 1300 16 0
25 send 24 1100 16 0
25 wait 27 26 1100
25 wait 25 26 1300
25 irecv 29 2100 200 0
25 irecv 21 2300 200 0
25 send 29 2300 40 0
25 send 21 2100 40 0
25 wait 30 26 2100
25 wait 22 26 2300
25 irecv 57 3100 200 0
25 irecv 249 3300 200 0
25 send 57 3300 60 0
25 send 249 3100 60 0
25 wait 58 26 3100
25 wait 250 26 3300
25 barrier
25 irecv 26 1100 200 0
25 irecv 24 1300 200 0
25 send 26 1300 16 0
25 send 24 1100 16 0
25 wait 27 26 1100
25 wait 25 26 1300
25 irecv 29 2100 200 0
25 irecv 21 2300 200 0
25 send 29 2300 40 0
25 send 21 2100 40 0
25 wait 30 26 2100
25 wait 22 26 2300
25 irecv 57 3100 200 0
25 irecv 249 3300 200 0
25 send 57 3300 60 0
25 send 249 3100 60 0
25 wait 58 26 3100
25 wait 250 26 3300
25 allreduce 1 0 0 
25 allreduce 1 0 0 
25 irecv 26 1100 200 0
25 irecv 24 1300 200 0
25 send 26 1300 4 0
25 send 24 1100 4 0
25 wait 27 26 1100
25 wait 25 26 1300
25 irecv 29 2100 200 0
25 irecv 21 2300 200 0
25 send 29 2300 12 0
25 send 21 2100 12 0
25 wait 30 26 2100
25 wait 22 26 2300
25 irecv 57 3100 200 0
25 irecv 249 3300 200 0
25 send 57 3300 24 0
25 send 249 3100 24 0
25 wait 58 26 3100
25 wait 250 26 3300
25 irecv 26 1100 200 0
25 irecv 24 1300 200 0
25 send 26 1300 1 0
25 send 24 1100 1 0
25 wait 27 26 1100
25 wait 25 26 1300
25 irecv 29 2100 200 0
25 irecv 21 2300 200 0
25 send 29 2300 4 0
25 send 21 2100 4 0
25 wait 30 26 2100
25 wait 22 26 2300
25 irecv 57 3100 200 0
25 irecv 249 3300 200 0
25 send 57 3300 12 0
25 send 249 3100 12 0
25 wait 58 26 3100
25 wait 250 26 3300
25 send 26 1300 8 0
25 send 24 1100 4 0
25 irecv 29 2100 200 0
25 irecv 21 2300 200 0
25 wait 30 26 2100
25 wait 22 26 2300
25 irecv 57 3100 200 0
25 irecv 249 3300 200 0
25 wait 58 26 3100
25 wait 250 26 3300
25 irecv 26 1100 200 0
25 irecv 24 1300 200 0
25 send 26 1300 1 0
25 send 24 1100 1 0
25 wait 27 26 1100
25 wait 25 26 1300
25 irecv 29 2100 200 0
25 irecv 21 2300 200 0
25 send 29 2300 4 0
25 send 21 2100 4 0
25 wait 30 26 2100
25 wait 22 26 2300
25 irecv 57 3100 200 0
25 irecv 249 3300 200 0
25 send 57 3300 12 0
25 send 249 3100 12 0
25 wait 58 26 3100
25 wait 250 26 3300
25 irecv 26 1100 200 0
25 irecv 24 1300 200 0
25 send 26 1300 1 0
25 send 24 1100 1 0
25 wait 27 26 1100
25 wait 25 26 1300
25 irecv 29 2100 200 0
25 irecv 21 2300 200 0
25 send 29 2300 4 0
25 send 21 2100 4 0
25 wait 30 26 2100
25 wait 22 26 2300
25 irecv 57 3100 200 0
25 irecv 249 3300 200 0
25 send 57 3300 12 0
25 send 249 3100 12 0
25 wait 58 26 3100
25 wait 250 26 3300
25 irecv 26 1100 200 0
25 irecv 24 1300 200 0
25 send 26 1300 4 0
25 send 24 1100 4 0
25 wait 27 26 1100
25 wait 25 26 1300
25 irecv 29 2100 200 0
25 irecv 21 2300 200 0
25 send 29 2300 12 0
25 send 21 2100 12 0
25 wait 30 26 2100
25 wait 22 26 2300
25 irecv 57 3100 200 0
25 irecv 249 3300 200 0
25 send 57 3300 24 0
25 send 249 3100 24 0
25 wait 58 26 3100
25 wait 250 26 3300
25 irecv 26 1100 200 0
25 irecv 24 1300 200 0
25 send 26 1300 4 0
25 send 24 1100 4 0
25 wait 27 26 1100
25 wait 25 26 1300
25 irecv 29 2100 200 0
25 irecv 21 2300 200 0
25 send 29 2300 12 0
25 send 21 2100 12 0
25 wait 30 26 2100
25 wait 22 26 2300
25 irecv 57 3100 200 0
25 irecv 249 3300 200 0
25 send 57 3300 24 0
25 send 249 3100 24 0
25 wait 58 26 3100
25 wait 250 26 3300
25 irecv 26 1100 200 0
25 irecv 24 1300 200 0
25 send 26 1300 16 0
25 send 24 1100 16 0
25 wait 27 26 1100
25 wait 25 26 1300
25 irecv 29 2100 200 0
25 irecv 21 2300 200 0
25 send 29 2300 40 0
25 send 21 2100 40 0
25 wait 30 26 2100
25 wait 22 26 2300
25 irecv 57 3100 200 0
25 irecv 249 3300 200 0
25 send 57 3300 60 0
25 send 249 3100 60 0
25 wait 58 26 3100
25 wait 250 26 3300
25 irecv 26 1100 200 0
25 irecv 24 1300 200 0
25 send 26 1300 16 0
25 send 24 1100 16 0
25 wait 27 26 1100
25 wait 25 26 1300
25 irecv 29 2100 200 0
25 irecv 21 2300 200 0
25 send 29 2300 40 0
25 send 21 2100 40 0
25 wait 30 26 2100
25 wait 22 26 2300
25 irecv 57 3100 200 0
25 irecv 249 3300 200 0
25 send 57 3300 60 0
25 send 249 3100 60 0
25 wait 58 26 3100
25 wait 250 26 3300
25 irecv 26 1100 200 0
25 irecv 24 1300 200 0
25 send 26 1300 16 0
25 send 24 1100 16 0
25 wait 27 26 1100
25 wait 25 26 1300
25 irecv 29 2100 200 0
25 irecv 21 2300 200 0
25 send 29 2300 40 0
25 send 21 2100 40 0
25 wait 30 26 2100
25 wait 22 26 2300
25 irecv 57 3100 200 0
25 irecv 249 3300 200 0
25 send 57 3300 60 0
25 send 249 3100 60 0
25 wait 58 26 3100
25 wait 250 26 3300
25 irecv 26 1100 200 0
25 irecv 24 1300 200 0
25 send 26 1300 4 0
25 send 24 1100 4 0
25 wait 27 26 1100
25 wait 25 26 1300
25 irecv 29 2100 200 0
25 irecv 21 2300 200 0
25 send 29 2300 12 0
25 send 21 2100 12 0
25 wait 30 26 2100
25 wait 22 26 2300
25 irecv 57 3100 200 0
25 irecv 249 3300 200 0
25 send 57 3300 24 0
25 send 249 3100 24 0
25 wait 58 26 3100
25 wait 250 26 3300
25 irecv 26 1100 200 0
25 irecv 24 1300 200 0
25 send 26 1300 1 0
25 send 24 1100 1 0
25 wait 27 26 1100
25 wait 25 26 1300
25 irecv 29 2100 200 0
25 irecv 21 2300 200 0
25 send 29 2300 4 0
25 send 21 2100 4 0
25 wait 30 26 2100
25 wait 22 26 2300
25 irecv 57 3100 200 0
25 irecv 249 3300 200 0
25 send 57 3300 12 0
25 send 249 3100 12 0
25 wait 58 26 3100
25 wait 250 26 3300
25 send 26 1300 8 0
25 send 24 1100 4 0
25 irecv 29 2100 200 0
25 irecv 21 2300 200 0
25 wait 30 26 2100
25 wait 22 26 2300
25 irecv 57 3100 200 0
25 irecv 249 3300 200 0
25 wait 58 26 3100
25 wait 250 26 3300
25 irecv 26 1100 200 0
25 irecv 24 1300 200 0
25 send 26 1300 1 0
25 send 24 1100 1 0
25 wait 27 26 1100
25 wait 25 26 1300
25 irecv 29 2100 200 0
25 irecv 21 2300 200 0
25 send 29 2300 4 0
25 send 21 2100 4 0
25 wait 30 26 2100
25 wait 22 26 2300
25 irecv 57 3100 200 0
25 irecv 249 3300 200 0
25 send 57 3300 12 0
25 send 249 3100 12 0
25 wait 58 26 3100
25 wait 250 26 3300
25 irecv 26 1100 200 0
25 irecv 24 1300 200 0
25 send 26 1300 1 0
25 send 24 1100 1 0
25 wait 27 26 1100
25 wait 25 26 1300
25 irecv 29 2100 200 0
25 irecv 21 2300 200 0
25 send 29 2300 4 0
25 send 21 2100 4 0
25 wait 30 26 2100
25 wait 22 26 2300
25 irecv 57 3100 200 0
25 irecv 249 3300 200 0
25 send 57 3300 12 0
25 send 249 3100 12 0
25 wait 58 26 3100
25 wait 250 26 3300
25 irecv 26 1100 200 0
25 irecv 24 1300 200 0
25 send 26 1300 4 0
25 send 24 1100 4 0
25 wait 27 26 1100
25 wait 25 26 1300
25 irecv 29 2100 200 0
25 irecv 21 2300 200 0
25 send 29 2300 12 0
25 send 21 2100 12 0
25 wait 30 26 2100
25 wait 22 26 2300
25 irecv 57 3100 200 0
25 irecv 249 3300 200 0
25 send 57 3300 24 0
25 send 249 3100 24 0
25 wait 58 26 3100
25 wait 250 26 3300
25 irecv 26 1100 200 0
25 irecv 24 1300 200 0
25 send 26 1300 4 0
25 send 24 1100 4 0
25 wait 27 26 1100
25 wait 25 26 1300
25 irecv 29 2100 200 0
25 irecv 21 2300 200 0
25 send 29 2300 12 0
25 send 21 2100 12 0
25 wait 30 26 2100
25 wait 22 26 2300
25 irecv 57 3100 200 0
25 irecv 249 3300 200 0
25 send 57 3300 24 0
25 send 249 3100 24 0
25 wait 58 26 3100
25 wait 250 26 3300
25 irecv 26 1100 200 0
25 irecv 24 1300 200 0
25 send 26 1300 16 0
25 send 24 1100 16 0
25 wait 27 26 1100
25 wait 25 26 1300
25 irecv 29 2100 200 0
25 irecv 21 2300 200 0
25 send 29 2300 40 0
25 send 21 2100 40 0
25 wait 30 26 2100
25 wait 22 26 2300
25 irecv 57 3100 200 0
25 irecv 249 3300 200 0
25 send 57 3300 60 0
25 send 249 3100 60 0
25 wait 58 26 3100
25 wait 250 26 3300
25 irecv 26 1100 200 0
25 irecv 24 1300 200 0
25 send 26 1300 16 0
25 send 24 1100 16 0
25 wait 27 26 1100
25 wait 25 26 1300
25 irecv 29 2100 200 0
25 irecv 21 2300 200 0
25 send 29 2300 40 0
25 send 21 2100 40 0
25 wait 30 26 2100
25 wait 22 26 2300
25 irecv 57 3100 200 0
25 irecv 249 3300 200 0
25 send 57 3300 60 0
25 send 249 3100 60 0
25 wait 58 26 3100
25 wait 250 26 3300
25 irecv 26 1100 200 0
25 irecv 24 1300 200 0
25 send 26 1300 16 0
25 send 24 1100 16 0
25 wait 27 26 1100
25 wait 25 26 1300
25 irecv 29 2100 200 0
25 irecv 21 2300 200 0
25 send 29 2300 40 0
25 send 21 2100 40 0
25 wait 30 26 2100
25 wait 22 26 2300
25 irecv 57 3100 200 0
25 irecv 249 3300 200 0
25 send 57 3300 60 0
25 send 249 3100 60 0
25 wait 58 26 3100
25 wait 250 26 3300
25 irecv 26 1100 200 0
25 irecv 24 1300 200 0
25 send 26 1300 4 0
25 send 24 1100 4 0
25 wait 27 26 1100
25 wait 25 26 1300
25 irecv 29 2100 200 0
25 irecv 21 2300 200 0
25 send 29 2300 12 0
25 send 21 2100 12 0
25 wait 30 26 2100
25 wait 22 26 2300
25 irecv 57 3100 200 0
25 irecv 249 3300 200 0
25 send 57 3300 24 0
25 send 249 3100 24 0
25 wait 58 26 3100
25 wait 250 26 3300
25 irecv 26 1100 200 0
25 irecv 24 1300 200 0
25 send 26 1300 1 0
25 send 24 1100 1 0
25 wait 27 26 1100
25 wait 25 26 1300
25 irecv 29 2100 200 0
25 irecv 21 2300 200 0
25 send 29 2300 4 0
25 send 21 2100 4 0
25 wait 30 26 2100
25 wait 22 26 2300
25 irecv 57 3100 200 0
25 irecv 249 3300 200 0
25 send 57 3300 12 0
25 send 249 3100 12 0
25 wait 58 26 3100
25 wait 250 26 3300
25 send 26 1300 8 0
25 send 24 1100 4 0
25 irecv 29 2100 200 0
25 irecv 21 2300 200 0
25 wait 30 26 2100
25 wait 22 26 2300
25 irecv 57 3100 200 0
25 irecv 249 3300 200 0
25 wait 58 26 3100
25 wait 250 26 3300
25 irecv 26 1100 200 0
25 irecv 24 1300 200 0
25 send 26 1300 1 0
25 send 24 1100 1 0
25 wait 27 26 1100
25 wait 25 26 1300
25 irecv 29 2100 200 0
25 irecv 21 2300 200 0
25 send 29 2300 4 0
25 send 21 2100 4 0
25 wait 30 26 2100
25 wait 22 26 2300
25 irecv 57 3100 200 0
25 irecv 249 3300 200 0
25 send 57 3300 12 0
25 send 249 3100 12 0
25 wait 58 26 3100
25 wait 250 26 3300
25 irecv 26 1100 200 0
25 irecv 24 1300 200 0
25 send 26 1300 1 0
25 send 24 1100 1 0
25 wait 27 26 1100
25 wait 25 26 1300
25 irecv 29 2100 200 0
25 irecv 21 2300 200 0
25 send 29 2300 4 0
25 send 21 2100 4 0
25 wait 30 26 2100
25 wait 22 26 2300
25 irecv 57 3100 200 0
25 irecv 249 3300 200 0
25 send 57 3300 12 0
25 send 249 3100 12 0
25 wait 58 26 3100
25 wait 250 26 3300
25 irecv 26 1100 200 0
25 irecv 24 1300 200 0
25 send 26 1300 4 0
25 send 24 1100 4 0
25 wait 27 26 1100
25 wait 25 26 1300
25 irecv 29 2100 200 0
25 irecv 21 2300 200 0
25 send 29 2300 12 0
25 send 21 2100 12 0
25 wait 30 26 2100
25 wait 22 26 2300
25 irecv 57 3100 200 0
25 irecv 249 3300 200 0
25 send 57 3300 24 0
25 send 249 3100 24 0
25 wait 58 26 3100
25 wait 250 26 3300
25 irecv 26 1100 200 0
25 irecv 24 1300 200 0
25 send 26 1300 4 0
25 send 24 1100 4 0
25 wait 27 26 1100
25 wait 25 26 1300
25 irecv 29 2100 200 0
25 irecv 21 2300 200 0
25 send 29 2300 12 0
25 send 21 2100 12 0
25 wait 30 26 2100
25 wait 22 26 2300
25 irecv 57 3100 200 0
25 irecv 249 3300 200 0
25 send 57 3300 24 0
25 send 249 3100 24 0
25 wait 58 26 3100
25 wait 250 26 3300
25 irecv 26 1100 200 0
25 irecv 24 1300 200 0
25 send 26 1300 16 0
25 send 24 1100 16 0
25 wait 27 26 1100
25 wait 25 26 1300
25 irecv 29 2100 200 0
25 irecv 21 2300 200 0
25 send 29 2300 40 0
25 send 21 2100 40 0
25 wait 30 26 2100
25 wait 22 26 2300
25 irecv 57 3100 200 0
25 irecv 249 3300 200 0
25 send 57 3300 60 0
25 send 249 3100 60 0
25 wait 58 26 3100
25 wait 250 26 3300
25 irecv 26 1100 200 0
25 irecv 24 1300 200 0
25 send 26 1300 16 0
25 send 24 1100 16 0
25 wait 27 26 1100
25 wait 25 26 1300
25 irecv 29 2100 200 0
25 irecv 21 2300 200 0
25 send 29 2300 40 0
25 send 21 2100 40 0
25 wait 30 26 2100
25 wait 22 26 2300
25 irecv 57 3100 200 0
25 irecv 249 3300 200 0
25 send 57 3300 60 0
25 send 249 3100 60 0
25 wait 58 26 3100
25 wait 250 26 3300
25 irecv 26 1100 200 0
25 irecv 24 1300 200 0
25 send 26 1300 16 0
25 send 24 1100 16 0
25 wait 27 26 1100
25 wait 25 26 1300
25 irecv 29 2100 200 0
25 irecv 21 2300 200 0
25 send 29 2300 40 0
25 send 21 2100 40 0
25 wait 30 26 2100
25 wait 22 26 2300
25 irecv 57 3100 200 0
25 irecv 249 3300 200 0
25 send 57 3300 60 0
25 send 249 3100 60 0
25 wait 58 26 3100
25 wait 250 26 3300
25 irecv 26 1100 200 0
25 irecv 24 1300 200 0
25 send 26 1300 4 0
25 send 24 1100 4 0
25 wait 27 26 1100
25 wait 25 26 1300
25 irecv 29 2100 200 0
25 irecv 21 2300 200 0
25 send 29 2300 12 0
25 send 21 2100 12 0
25 wait 30 26 2100
25 wait 22 26 2300
25 irecv 57 3100 200 0
25 irecv 249 3300 200 0
25 send 57 3300 24 0
25 send 249 3100 24 0
25 wait 58 26 3100
25 wait 250 26 3300
25 irecv 26 1100 200 0
25 irecv 24 1300 200 0
25 send 26 1300 1 0
25 send 24 1100 1 0
25 wait 27 26 1100
25 wait 25 26 1300
25 irecv 29 2100 200 0
25 irecv 21 2300 200 0
25 send 29 2300 4 0
25 send 21 2100 4 0
25 wait 30 26 2100
25 wait 22 26 2300
25 irecv 57 3100 200 0
25 irecv 249 3300 200 0
25 send 57 3300 12 0
25 send 249 3100 12 0
25 wait 58 26 3100
25 wait 250 26 3300
25 send 26 1300 8 0
25 send 24 1100 4 0
25 irecv 29 2100 200 0
25 irecv 21 2300 200 0
25 wait 30 26 2100
25 wait 22 26 2300
25 irecv 57 3100 200 0
25 irecv 249 3300 200 0
25 wait 58 26 3100
25 wait 250 26 3300
25 irecv 26 1100 200 0
25 irecv 24 1300 200 0
25 send 26 1300 1 0
25 send 24 1100 1 0
25 wait 27 26 1100
25 wait 25 26 1300
25 irecv 29 2100 200 0
25 irecv 21 2300 200 0
25 send 29 2300 4 0
25 send 21 2100 4 0
25 wait 30 26 2100
25 wait 22 26 2300
25 irecv 57 3100 200 0
25 irecv 249 3300 200 0
25 send 57 3300 12 0
25 send 249 3100 12 0
25 wait 58 26 3100
25 wait 250 26 3300
25 irecv 26 1100 200 0
25 irecv 24 1300 200 0
25 send 26 1300 1 0
25 send 24 1100 1 0
25 wait 27 26 1100
25 wait 25 26 1300
25 irecv 29 2100 200 0
25 irecv 21 2300 200 0
25 send 29 2300 4 0
25 send 21 2100 4 0
25 wait 30 26 2100
25 wait 22 26 2300
25 irecv 57 3100 200 0
25 irecv 249 3300 200 0
25 send 57 3300 12 0
25 send 249 3100 12 0
25 wait 58 26 3100
25 wait 250 26 3300
25 irecv 26 1100 200 0
25 irecv 24 1300 200 0
25 send 26 1300 4 0
25 send 24 1100 4 0
25 wait 27 26 1100
25 wait 25 26 1300
25 irecv 29 2100 200 0
25 irecv 21 2300 200 0
25 send 29 2300 12 0
25 send 21 2100 12 0
25 wait 30 26 2100
25 wait 22 26 2300
25 irecv 57 3100 200 0
25 irecv 249 3300 200 0
25 send 57 3300 24 0
25 send 249 3100 24 0
25 wait 58 26 3100
25 wait 250 26 3300
25 irecv 26 1100 200 0
25 irecv 24 1300 200 0
25 send 26 1300 4 0
25 send 24 1100 4 0
25 wait 27 26 1100
25 wait 25 26 1300
25 irecv 29 2100 200 0
25 irecv 21 2300 200 0
25 send 29 2300 12 0
25 send 21 2100 12 0
25 wait 30 26 2100
25 wait 22 26 2300
25 irecv 57 3100 200 0
25 irecv 249 3300 200 0
25 send 57 3300 24 0
25 send 249 3100 24 0
25 wait 58 26 3100
25 wait 250 26 3300
25 irecv 26 1100 200 0
25 irecv 24 1300 200 0
25 send 26 1300 16 0
25 send 24 1100 16 0
25 wait 27 26 1100
25 wait 25 26 1300
25 irecv 29 2100 200 0
25 irecv 21 2300 200 0
25 send 29 2300 40 0
25 send 21 2100 40 0
25 wait 30 26 2100
25 wait 22 26 2300
25 irecv 57 3100 200 0
25 irecv 249 3300 200 0
25 send 57 3300 60 0
25 send 249 3100 60 0
25 wait 58 26 3100
25 wait 250 26 3300
25 irecv 26 1100 200 0
25 irecv 24 1300 200 0
25 send 26 1300 16 0
25 send 24 1100 16 0
25 wait 27 26 1100
25 wait 25 26 1300
25 irecv 29 2100 200 0
25 irecv 21 2300 200 0
25 send 29 2300 40 0
25 send 21 2100 40 0
25 wait 30 26 2100
25 wait 22 26 2300
25 irecv 57 3100 200 0
25 irecv 249 3300 200 0
25 send 57 3300 60 0
25 send 249 3100 60 0
25 wait 58 26 3100
25 wait 250 26 3300
25 irecv 26 1100 200 0
25 irecv 24 1300 200 0
25 send 26 1300 16 0
25 send 24 1100 16 0
25 wait 27 26 1100
25 wait 25 26 1300
25 irecv 29 2100 200 0
25 irecv 21 2300 200 0
25 send 29 2300 40 0
25 send 21 2100 40 0
25 wait 30 26 2100
25 wait 22 26 2300
25 irecv 57 3100 200 0
25 irecv 249 3300 200 0
25 send 57 3300 60 0
25 send 249 3100 60 0
25 wait 58 26 3100
25 wait 250 26 3300
25 allreduce 1 0 0 
25 allreduce 1 0 0 
25 reduce 1 0 0 0 
25 finalize
