220 init
220 barrier
220 bcast 1 0 1 
220 bcast 1 0 1 
220 bcast 1 0 1 
220 bcast 1 0 1 
220 bcast 1 0 1 
220 bcast 8 0 1 
220 bcast 1 0 16 
220 barrier
220 allreduce 1 0 0 
220 allreduce 4 0 1 
220 allreduce 1 0 0 
220 allreduce 4 0 1 
220 allreduce 1 0 0 
220 allreduce 4 0 1 
220 allreduce 1 0 0 
220 allreduce 4 0 1 
220 allreduce 1 0 0 
220 allreduce 4 0 1 
220 allreduce 1 0 0 
220 allreduce 4 0 1 
220 allreduce 1 0 0 
220 allreduce 4 0 1 
220 allreduce 1 0 0 
220 allreduce 4 0 1 
220 allreduce 1 0 0 
220 allreduce 4 0 1 
220 allreduce 1 0 0 
220 allreduce 4 0 1 
220 allreduce 1 0 0 
220 allreduce 4 0 1 
220 allreduce 1 0 0 
220 allreduce 4 0 1 
220 allreduce 1 0 0 
220 allreduce 4 0 1 
220 allreduce 1 0 0 
220 allreduce 4 0 1 
220 allreduce 1 0 0 
220 allreduce 4 0 1 
220 allreduce 1 0 0 
220 allreduce 4 0 1 
220 allreduce 1 0 0 
220 allreduce 4 0 1 
220 allreduce 1 0 0 
220 allreduce 4 0 1 
220 allreduce 1 0 0 
220 allreduce 4 0 1 
220 allreduce 1 0 0 
220 allreduce 4 0 1 
220 barrier
220 irecv 221 1100 200 0
220 irecv 223 1300 200 0
220 send 221 1300 16 0
220 send 223 1100 16 0
220 wait 222 221 1100
220 wait 224 221 1300
220 irecv 192 2100 200 0
220 irecv 216 2300 200 0
220 send 192 2300 40 0
220 send 216 2100 40 0
220 wait 193 221 2100
220 wait 217 221 2300
220 irecv 252 3100 200 0
220 irecv 188 3300 200 0
220 send 252 3300 60 0
220 send 188 3100 60 0
220 wait 253 221 3100
220 wait 189 221 3300
220 allreduce 1 0 0 
220 allreduce 1 0 0 
220 irecv 221 1100 200 0
220 irecv 223 1300 200 0
220 send 221 1300 16 0
220 send 223 1100 16 0
220 wait 222 221 1100
220 wait 224 221 1300
220 irecv 192 2100 200 0
220 irecv 216 2300 200 0
220 send 192 2300 40 0
220 send 216 2100 40 0
220 wait 193 221 2100
220 wait 217 221 2300
220 irecv 252 3100 200 0
220 irecv 188 3300 200 0
220 send 252 3300 60 0
220 send 188 3100 60 0
220 wait 253 221 3100
220 wait 189 221 3300
220 allreduce 1 0 0 
220 allreduce 1 0 0 
220 irecv 221 1100 200 0
220 irecv 223 1300 200 0
220 send 221 1300 4 0
220 send 223 1100 4 0
220 wait 222 221 1100
220 wait 224 221 1300
220 irecv 192 2100 200 0
220 irecv 216 2300 200 0
220 send 192 2300 12 0
220 send 216 2100 12 0
220 wait 193 221 2100
220 wait 217 221 2300
220 irecv 252 3100 200 0
220 irecv 188 3300 200 0
220 send 252 3300 24 0
220 send 188 3100 24 0
220 wait 253 221 3100
220 wait 189 221 3300
220 irecv 221 1100 200 0
220 irecv 223 1300 200 0
220 send 221 1300 1 0
220 send 223 1100 1 0
220 wait 222 221 1100
220 wait 224 221 1300
220 irecv 192 2100 200 0
220 irecv 216 2300 200 0
220 send 192 2300 4 0
220 send 216 2100 4 0
220 wait 193 221 2100
220 wait 217 221 2300
220 irecv 252 3100 200 0
220 irecv 188 3300 200 0
220 send 252 3300 12 0
220 send 188 3100 12 0
220 wait 253 221 3100
220 wait 189 221 3300
220 irecv 221 1100 200 0
220 irecv 223 1300 200 0
220 wait 222 221 1100
220 wait 224 221 1300
220 send 196 2300 12 0
220 send 212 2100 6 0
220 send 192 2300 24 0
220 send 216 2100 12 0
220 irecv 252 3100 200 0
220 irecv 188 3300 200 0
220 wait 253 221 3100
220 wait 189 221 3300
220 irecv 221 1100 200 0
220 irecv 223 1300 200 0
220 send 221 1300 1 0
220 send 223 1100 1 0
220 wait 222 221 1100
220 wait 224 221 1300
220 irecv 192 2100 200 0
220 irecv 216 2300 200 0
220 send 192 2300 4 0
220 send 216 2100 4 0
220 wait 193 221 2100
220 wait 217 221 2300
220 irecv 252 3100 200 0
220 irecv 188 3300 200 0
220 send 252 3300 12 0
220 send 188 3100 12 0
220 wait 253 221 3100
220 wait 189 221 3300
220 irecv 221 1100 200 0
220 irecv 223 1300 200 0
220 send 221 1300 1 0
220 send 223 1100 1 0
220 wait 222 221 1100
220 wait 224 221 1300
220 irecv 192 2100 200 0
220 irecv 216 2300 200 0
220 send 192 2300 4 0
220 send 216 2100 4 0
220 wait 193 221 2100
220 wait 217 221 2300
220 irecv 252 3100 200 0
220 irecv 188 3300 200 0
220 send 252 3300 12 0
220 send 188 3100 12 0
220 wait 253 221 3100
220 wait 189 221 3300
220 irecv 221 1100 200 0
220 irecv 223 1300 200 0
220 send 221 1300 4 0
220 send 223 1100 4 0
220 wait 222 221 1100
220 wait 224 221 1300
220 irecv 192 2100 200 0
220 irecv 216 2300 200 0
220 send 192 2300 12 0
220 send 216 2100 12 0
220 wait 193 221 2100
220 wait 217 221 2300
220 irecv 252 3100 200 0
220 irecv 188 3300 200 0
220 send 252 3300 24 0
220 send 188 3100 24 0
220 wait 253 221 3100
220 wait 189 221 3300
220 irecv 221 1100 200 0
220 irecv 223 1300 200 0
220 send 221 1300 4 0
220 send 223 1100 4 0
220 wait 222 221 1100
220 wait 224 221 1300
220 irecv 192 2100 200 0
220 irecv 216 2300 200 0
220 send 192 2300 12 0
220 send 216 2100 12 0
220 wait 193 221 2100
220 wait 217 221 2300
220 irecv 252 3100 200 0
220 irecv 188 3300 200 0
220 send 252 3300 24 0
220 send 188 3100 24 0
220 wait 253 221 3100
220 wait 189 221 3300
220 irecv 221 1100 200 0
220 irecv 223 1300 200 0
220 send 221 1300 16 0
220 send 223 1100 16 0
220 wait 222 221 1100
220 wait 224 221 1300
220 irecv 192 2100 200 0
220 irecv 216 2300 200 0
220 send 192 2300 40 0
220 send 216 2100 40 0
220 wait 193 221 2100
220 wait 217 221 2300
220 irecv 252 3100 200 0
220 irecv 188 3300 200 0
220 send 252 3300 60 0
220 send 188 3100 60 0
220 wait 253 221 3100
220 wait 189 221 3300
220 irecv 221 1100 200 0
220 irecv 223 1300 200 0
220 send 221 1300 16 0
220 send 223 1100 16 0
220 wait 222 221 1100
220 wait 224 221 1300
220 irecv 192 2100 200 0
220 irecv 216 2300 200 0
220 send 192 2300 40 0
220 send 216 2100 40 0
220 wait 193 221 2100
220 wait 217 221 2300
220 irecv 252 3100 200 0
220 irecv 188 3300 200 0
220 send 252 3300 60 0
220 send 188 3100 60 0
220 wait 253 221 3100
220 wait 189 221 3300
220 irecv 221 1100 200 0
220 irecv 223 1300 200 0
220 send 221 1300 16 0
220 send 223 1100 16 0
220 wait 222 221 1100
220 wait 224 221 1300
220 irecv 192 2100 200 0
220 irecv 216 2300 200 0
220 send 192 2300 40 0
220 send 216 2100 40 0
220 wait 193 221 2100
220 wait 217 221 2300
220 irecv 252 3100 200 0
220 irecv 188 3300 200 0
220 send 252 3300 60 0
220 send 188 3100 60 0
220 wait 253 221 3100
220 wait 189 221 3300
220 barrier
220 allreduce 1 0 0 
220 allreduce 4 0 1 
220 allreduce 1 0 0 
220 allreduce 4 0 1 
220 allreduce 1 0 0 
220 allreduce 4 0 1 
220 allreduce 1 0 0 
220 allreduce 4 0 1 
220 allreduce 1 0 0 
220 allreduce 4 0 1 
220 allreduce 1 0 0 
220 allreduce 4 0 1 
220 allreduce 1 0 0 
220 allreduce 4 0 1 
220 allreduce 1 0 0 
220 allreduce 4 0 1 
220 allreduce 1 0 0 
220 allreduce 4 0 1 
220 allreduce 1 0 0 
220 allreduce 4 0 1 
220 allreduce 1 0 0 
220 allreduce 4 0 1 
220 allreduce 1 0 0 
220 allreduce 4 0 1 
220 allreduce 1 0 0 
220 allreduce 4 0 1 
220 allreduce 1 0 0 
220 allreduce 4 0 1 
220 allreduce 1 0 0 
220 allreduce 4 0 1 
220 allreduce 1 0 0 
220 allreduce 4 0 1 
220 allreduce 1 0 0 
220 allreduce 4 0 1 
220 allreduce 1 0 0 
220 allreduce 4 0 1 
220 allreduce 1 0 0 
220 allreduce 4 0 1 
220 allreduce 1 0 0 
220 allreduce 4 0 1 
220 barrier
220 irecv 221 1100 200 0
220 irecv 223 1300 200 0
220 send 221 1300 16 0
220 send 223 1100 16 0
220 wait 222 221 1100
220 wait 224 221 1300
220 irecv 192 2100 200 0
220 irecv 216 2300 200 0
220 send 192 2300 40 0
220 send 216 2100 40 0
220 wait 193 221 2100
220 wait 217 221 2300
220 irecv 252 3100 200 0
220 irecv 188 3300 200 0
220 send 252 3300 60 0
220 send 188 3100 60 0
220 wait 253 221 3100
220 wait 189 221 3300
220 barrier
220 irecv 221 1100 200 0
220 irecv 223 1300 200 0
220 send 221 1300 16 0
220 send 223 1100 16 0
220 wait 222 221 1100
220 wait 224 221 1300
220 irecv 192 2100 200 0
220 irecv 216 2300 200 0
220 send 192 2300 40 0
220 send 216 2100 40 0
220 wait 193 221 2100
220 wait 217 221 2300
220 irecv 252 3100 200 0
220 irecv 188 3300 200 0
220 send 252 3300 60 0
220 send 188 3100 60 0
220 wait 253 221 3100
220 wait 189 221 3300
220 allreduce 1 0 0 
220 allreduce 1 0 0 
220 irecv 221 1100 200 0
220 irecv 223 1300 200 0
220 send 221 1300 4 0
220 send 223 1100 4 0
220 wait 222 221 1100
220 wait 224 221 1300
220 irecv 192 2100 200 0
220 irecv 216 2300 200 0
220 send 192 2300 12 0
220 send 216 2100 12 0
220 wait 193 221 2100
220 wait 217 221 2300
220 irecv 252 3100 200 0
220 irecv 188 3300 200 0
220 send 252 3300 24 0
220 send 188 3100 24 0
220 wait 253 221 3100
220 wait 189 221 3300
220 irecv 221 1100 200 0
220 irecv 223 1300 200 0
220 send 221 1300 1 0
220 send 223 1100 1 0
220 wait 222 221 1100
220 wait 224 221 1300
220 irecv 192 2100 200 0
220 irecv 216 2300 200 0
220 send 192 2300 4 0
220 send 216 2100 4 0
220 wait 193 221 2100
220 wait 217 221 2300
220 irecv 252 3100 200 0
220 irecv 188 3300 200 0
220 send 252 3300 12 0
220 send 188 3100 12 0
220 wait 253 221 3100
220 wait 189 221 3300
220 irecv 221 1100 200 0
220 irecv 223 1300 200 0
220 wait 222 221 1100
220 wait 224 221 1300
220 send 196 2300 12 0
220 send 212 2100 6 0
220 send 192 2300 24 0
220 send 216 2100 12 0
220 irecv 252 3100 200 0
220 irecv 188 3300 200 0
220 wait 253 221 3100
220 wait 189 221 3300
220 irecv 221 1100 200 0
220 irecv 223 1300 200 0
220 send 221 1300 1 0
220 send 223 1100 1 0
220 wait 222 221 1100
220 wait 224 221 1300
220 irecv 192 2100 200 0
220 irecv 216 2300 200 0
220 send 192 2300 4 0
220 send 216 2100 4 0
220 wait 193 221 2100
220 wait 217 221 2300
220 irecv 252 3100 200 0
220 irecv 188 3300 200 0
220 send 252 3300 12 0
220 send 188 3100 12 0
220 wait 253 221 3100
220 wait 189 221 3300
220 irecv 221 1100 200 0
220 irecv 223 1300 200 0
220 send 221 1300 1 0
220 send 223 1100 1 0
220 wait 222 221 1100
220 wait 224 221 1300
220 irecv 192 2100 200 0
220 irecv 216 2300 200 0
220 send 192 2300 4 0
220 send 216 2100 4 0
220 wait 193 221 2100
220 wait 217 221 2300
220 irecv 252 3100 200 0
220 irecv 188 3300 200 0
220 send 252 3300 12 0
220 send 188 3100 12 0
220 wait 253 221 3100
220 wait 189 221 3300
220 irecv 221 1100 200 0
220 irecv 223 1300 200 0
220 send 221 1300 4 0
220 send 223 1100 4 0
220 wait 222 221 1100
220 wait 224 221 1300
220 irecv 192 2100 200 0
220 irecv 216 2300 200 0
220 send 192 2300 12 0
220 send 216 2100 12 0
220 wait 193 221 2100
220 wait 217 221 2300
220 irecv 252 3100 200 0
220 irecv 188 3300 200 0
220 send 252 3300 24 0
220 send 188 3100 24 0
220 wait 253 221 3100
220 wait 189 221 3300
220 irecv 221 1100 200 0
220 irecv 223 1300 200 0
220 send 221 1300 4 0
220 send 223 1100 4 0
220 wait 222 221 1100
220 wait 224 221 1300
220 irecv 192 2100 200 0
220 irecv 216 2300 200 0
220 send 192 2300 12 0
220 send 216 2100 12 0
220 wait 193 221 2100
220 wait 217 221 2300
220 irecv 252 3100 200 0
220 irecv 188 3300 200 0
220 send 252 3300 24 0
220 send 188 3100 24 0
220 wait 253 221 3100
220 wait 189 221 3300
220 irecv 221 1100 200 0
220 irecv 223 1300 200 0
220 send 221 1300 16 0
220 send 223 1100 16 0
220 wait 222 221 1100
220 wait 224 221 1300
220 irecv 192 2100 200 0
220 irecv 216 2300 200 0
220 send 192 2300 40 0
220 send 216 2100 40 0
220 wait 193 221 2100
220 wait 217 221 2300
220 irecv 252 3100 200 0
220 irecv 188 3300 200 0
220 send 252 3300 60 0
220 send 188 3100 60 0
220 wait 253 221 3100
220 wait 189 221 3300
220 irecv 221 1100 200 0
220 irecv 223 1300 200 0
220 send 221 1300 16 0
220 send 223 1100 16 0
220 wait 222 221 1100
220 wait 224 221 1300
220 irecv 192 2100 200 0
220 irecv 216 2300 200 0
220 send 192 2300 40 0
220 send 216 2100 40 0
220 wait 193 221 2100
220 wait 217 221 2300
220 irecv 252 3100 200 0
220 irecv 188 3300 200 0
220 send 252 3300 60 0
220 send 188 3100 60 0
220 wait 253 221 3100
220 wait 189 221 3300
220 irecv 221 1100 200 0
220 irecv 223 1300 200 0
220 send 221 1300 16 0
220 send 223 1100 16 0
220 wait 222 221 1100
220 wait 224 221 1300
220 irecv 192 2100 200 0
220 irecv 216 2300 200 0
220 send 192 2300 40 0
220 send 216 2100 40 0
220 wait 193 221 2100
220 wait 217 221 2300
220 irecv 252 3100 200 0
220 irecv 188 3300 200 0
220 send 252 3300 60 0
220 send 188 3100 60 0
220 wait 253 221 3100
220 wait 189 221 3300
220 irecv 221 1100 200 0
220 irecv 223 1300 200 0
220 send 221 1300 4 0
220 send 223 1100 4 0
220 wait 222 221 1100
220 wait 224 221 1300
220 irecv 192 2100 200 0
220 irecv 216 2300 200 0
220 send 192 2300 12 0
220 send 216 2100 12 0
220 wait 193 221 2100
220 wait 217 221 2300
220 irecv 252 3100 200 0
220 irecv 188 3300 200 0
220 send 252 3300 24 0
220 send 188 3100 24 0
220 wait 253 221 3100
220 wait 189 221 3300
220 irecv 221 1100 200 0
220 irecv 223 1300 200 0
220 send 221 1300 1 0
220 send 223 1100 1 0
220 wait 222 221 1100
220 wait 224 221 1300
220 irecv 192 2100 200 0
220 irecv 216 2300 200 0
220 send 192 2300 4 0
220 send 216 2100 4 0
220 wait 193 221 2100
220 wait 217 221 2300
220 irecv 252 3100 200 0
220 irecv 188 3300 200 0
220 send 252 3300 12 0
220 send 188 3100 12 0
220 wait 253 221 3100
220 wait 189 221 3300
220 irecv 221 1100 200 0
220 irecv 223 1300 200 0
220 wait 222 221 1100
220 wait 224 221 1300
220 send 196 2300 12 0
220 send 212 2100 6 0
220 send 192 2300 24 0
220 send 216 2100 12 0
220 irecv 252 3100 200 0
220 irecv 188 3300 200 0
220 wait 253 221 3100
220 wait 189 221 3300
220 irecv 221 1100 200 0
220 irecv 223 1300 200 0
220 send 221 1300 1 0
220 send 223 1100 1 0
220 wait 222 221 1100
220 wait 224 221 1300
220 irecv 192 2100 200 0
220 irecv 216 2300 200 0
220 send 192 2300 4 0
220 send 216 2100 4 0
220 wait 193 221 2100
220 wait 217 221 2300
220 irecv 252 3100 200 0
220 irecv 188 3300 200 0
220 send 252 3300 12 0
220 send 188 3100 12 0
220 wait 253 221 3100
220 wait 189 221 3300
220 irecv 221 1100 200 0
220 irecv 223 1300 200 0
220 send 221 1300 1 0
220 send 223 1100 1 0
220 wait 222 221 1100
220 wait 224 221 1300
220 irecv 192 2100 200 0
220 irecv 216 2300 200 0
220 send 192 2300 4 0
220 send 216 2100 4 0
220 wait 193 221 2100
220 wait 217 221 2300
220 irecv 252 3100 200 0
220 irecv 188 3300 200 0
220 send 252 3300 12 0
220 send 188 3100 12 0
220 wait 253 221 3100
220 wait 189 221 3300
220 irecv 221 1100 200 0
220 irecv 223 1300 200 0
220 send 221 1300 4 0
220 send 223 1100 4 0
220 wait 222 221 1100
220 wait 224 221 1300
220 irecv 192 2100 200 0
220 irecv 216 2300 200 0
220 send 192 2300 12 0
220 send 216 2100 12 0
220 wait 193 221 2100
220 wait 217 221 2300
220 irecv 252 3100 200 0
220 irecv 188 3300 200 0
220 send 252 3300 24 0
220 send 188 3100 24 0
220 wait 253 221 3100
220 wait 189 221 3300
220 irecv 221 1100 200 0
220 irecv 223 1300 200 0
220 send 221 1300 4 0
220 send 223 1100 4 0
220 wait 222 221 1100
220 wait 224 221 1300
220 irecv 192 2100 200 0
220 irecv 216 2300 200 0
220 send 192 2300 12 0
220 send 216 2100 12 0
220 wait 193 221 2100
220 wait 217 221 2300
220 irecv 252 3100 200 0
220 irecv 188 3300 200 0
220 send 252 3300 24 0
220 send 188 3100 24 0
220 wait 253 221 3100
220 wait 189 221 3300
220 irecv 221 1100 200 0
220 irecv 223 1300 200 0
220 send 221 1300 16 0
220 send 223 1100 16 0
220 wait 222 221 1100
220 wait 224 221 1300
220 irecv 192 2100 200 0
220 irecv 216 2300 200 0
220 send 192 2300 40 0
220 send 216 2100 40 0
220 wait 193 221 2100
220 wait 217 221 2300
220 irecv 252 3100 200 0
220 irecv 188 3300 200 0
220 send 252 3300 60 0
220 send 188 3100 60 0
220 wait 253 221 3100
220 wait 189 221 3300
220 irecv 221 1100 200 0
220 irecv 223 1300 200 0
220 send 221 1300 16 0
220 send 223 1100 16 0
220 wait 222 221 1100
220 wait 224 221 1300
220 irecv 192 2100 200 0
220 irecv 216 2300 200 0
220 send 192 2300 40 0
220 send 216 2100 40 0
220 wait 193 221 2100
220 wait 217 221 2300
220 irecv 252 3100 200 0
220 irecv 188 3300 200 0
220 send 252 3300 60 0
220 send 188 3100 60 0
220 wait 253 221 3100
220 wait 189 221 3300
220 irecv 221 1100 200 0
220 irecv 223 1300 200 0
220 send 221 1300 16 0
220 send 223 1100 16 0
220 wait 222 221 1100
220 wait 224 221 1300
220 irecv 192 2100 200 0
220 irecv 216 2300 200 0
220 send 192 2300 40 0
220 send 216 2100 40 0
220 wait 193 221 2100
220 wait 217 221 2300
220 irecv 252 3100 200 0
220 irecv 188 3300 200 0
220 send 252 3300 60 0
220 send 188 3100 60 0
220 wait 253 221 3100
220 wait 189 221 3300
220 irecv 221 1100 200 0
220 irecv 223 1300 200 0
220 send 221 1300 4 0
220 send 223 1100 4 0
220 wait 222 221 1100
220 wait 224 221 1300
220 irecv 192 2100 200 0
220 irecv 216 2300 200 0
220 send 192 2300 12 0
220 send 216 2100 12 0
220 wait 193 221 2100
220 wait 217 221 2300
220 irecv 252 3100 200 0
220 irecv 188 3300 200 0
220 send 252 3300 24 0
220 send 188 3100 24 0
220 wait 253 221 3100
220 wait 189 221 3300
220 irecv 221 1100 200 0
220 irecv 223 1300 200 0
220 send 221 1300 1 0
220 send 223 1100 1 0
220 wait 222 221 1100
220 wait 224 221 1300
220 irecv 192 2100 200 0
220 irecv 216 2300 200 0
220 send 192 2300 4 0
220 send 216 2100 4 0
220 wait 193 221 2100
220 wait 217 221 2300
220 irecv 252 3100 200 0
220 irecv 188 3300 200 0
220 send 252 3300 12 0
220 send 188 3100 12 0
220 wait 253 221 3100
220 wait 189 221 3300
220 irecv 221 1100 200 0
220 irecv 223 1300 200 0
220 wait 222 221 1100
220 wait 224 221 1300
220 send 196 2300 12 0
220 send 212 2100 6 0
220 send 192 2300 24 0
220 send 216 2100 12 0
220 irecv 252 3100 200 0
220 irecv 188 3300 200 0
220 wait 253 221 3100
220 wait 189 221 3300
220 irecv 221 1100 200 0
220 irecv 223 1300 200 0
220 send 221 1300 1 0
220 send 223 1100 1 0
220 wait 222 221 1100
220 wait 224 221 1300
220 irecv 192 2100 200 0
220 irecv 216 2300 200 0
220 send 192 2300 4 0
220 send 216 2100 4 0
220 wait 193 221 2100
220 wait 217 221 2300
220 irecv 252 3100 200 0
220 irecv 188 3300 200 0
220 send 252 3300 12 0
220 send 188 3100 12 0
220 wait 253 221 3100
220 wait 189 221 3300
220 irecv 221 1100 200 0
220 irecv 223 1300 200 0
220 send 221 1300 1 0
220 send 223 1100 1 0
220 wait 222 221 1100
220 wait 224 221 1300
220 irecv 192 2100 200 0
220 irecv 216 2300 200 0
220 send 192 2300 4 0
220 send 216 2100 4 0
220 wait 193 221 2100
220 wait 217 221 2300
220 irecv 252 3100 200 0
220 irecv 188 3300 200 0
220 send 252 3300 12 0
220 send 188 3100 12 0
220 wait 253 221 3100
220 wait 189 221 3300
220 irecv 221 1100 200 0
220 irecv 223 1300 200 0
220 send 221 1300 4 0
220 send 223 1100 4 0
220 wait 222 221 1100
220 wait 224 221 1300
220 irecv 192 2100 200 0
220 irecv 216 2300 200 0
220 send 192 2300 12 0
220 send 216 2100 12 0
220 wait 193 221 2100
220 wait 217 221 2300
220 irecv 252 3100 200 0
220 irecv 188 3300 200 0
220 send 252 3300 24 0
220 send 188 3100 24 0
220 wait 253 221 3100
220 wait 189 221 3300
220 irecv 221 1100 200 0
220 irecv 223 1300 200 0
220 send 221 1300 4 0
220 send 223 1100 4 0
220 wait 222 221 1100
220 wait 224 221 1300
220 irecv 192 2100 200 0
220 irecv 216 2300 200 0
220 send 192 2300 12 0
220 send 216 2100 12 0
220 wait 193 221 2100
220 wait 217 221 2300
220 irecv 252 3100 200 0
220 irecv 188 3300 200 0
220 send 252 3300 24 0
220 send 188 3100 24 0
220 wait 253 221 3100
220 wait 189 221 3300
220 irecv 221 1100 200 0
220 irecv 223 1300 200 0
220 send 221 1300 16 0
220 send 223 1100 16 0
220 wait 222 221 1100
220 wait 224 221 1300
220 irecv 192 2100 200 0
220 irecv 216 2300 200 0
220 send 192 2300 40 0
220 send 216 2100 40 0
220 wait 193 221 2100
220 wait 217 221 2300
220 irecv 252 3100 200 0
220 irecv 188 3300 200 0
220 send 252 3300 60 0
220 send 188 3100 60 0
220 wait 253 221 3100
220 wait 189 221 3300
220 irecv 221 1100 200 0
220 irecv 223 1300 200 0
220 send 221 1300 16 0
220 send 223 1100 16 0
220 wait 222 221 1100
220 wait 224 221 1300
220 irecv 192 2100 200 0
220 irecv 216 2300 200 0
220 send 192 2300 40 0
220 send 216 2100 40 0
220 wait 193 221 2100
220 wait 217 221 2300
220 irecv 252 3100 200 0
220 irecv 188 3300 200 0
220 send 252 3300 60 0
220 send 188 3100 60 0
220 wait 253 221 3100
220 wait 189 221 3300
220 irecv 221 1100 200 0
220 irecv 223 1300 200 0
220 send 221 1300 16 0
220 send 223 1100 16 0
220 wait 222 221 1100
220 wait 224 221 1300
220 irecv 192 2100 200 0
220 irecv 216 2300 200 0
220 send 192 2300 40 0
220 send 216 2100 40 0
220 wait 193 221 2100
220 wait 217 221 2300
220 irecv 252 3100 200 0
220 irecv 188 3300 200 0
220 send 252 3300 60 0
220 send 188 3100 60 0
220 wait 253 221 3100
220 wait 189 221 3300
220 irecv 221 1100 200 0
220 irecv 223 1300 200 0
220 send 221 1300 4 0
220 send 223 1100 4 0
220 wait 222 221 1100
220 wait 224 221 1300
220 irecv 192 2100 200 0
220 irecv 216 2300 200 0
220 send 192 2300 12 0
220 send 216 2100 12 0
220 wait 193 221 2100
220 wait 217 221 2300
220 irecv 252 3100 200 0
220 irecv 188 3300 200 0
220 send 252 3300 24 0
220 send 188 3100 24 0
220 wait 253 221 3100
220 wait 189 221 3300
220 irecv 221 1100 200 0
220 irecv 223 1300 200 0
220 send 221 1300 1 0
220 send 223 1100 1 0
220 wait 222 221 1100
220 wait 224 221 1300
220 irecv 192 2100 200 0
220 irecv 216 2300 200 0
220 send 192 2300 4 0
220 send 216 2100 4 0
220 wait 193 221 2100
220 wait 217 221 2300
220 irecv 252 3100 200 0
220 irecv 188 3300 200 0
220 send 252 3300 12 0
220 send 188 3100 12 0
220 wait 253 221 3100
220 wait 189 221 3300
220 irecv 221 1100 200 0
220 irecv 223 1300 200 0
220 wait 222 221 1100
220 wait 224 221 1300
220 send 196 2300 12 0
220 send 212 2100 6 0
220 send 192 2300 24 0
220 send 216 2100 12 0
220 irecv 252 3100 200 0
220 irecv 188 3300 200 0
220 wait 253 221 3100
220 wait 189 221 3300
220 irecv 221 1100 200 0
220 irecv 223 1300 200 0
220 send 221 1300 1 0
220 send 223 1100 1 0
220 wait 222 221 1100
220 wait 224 221 1300
220 irecv 192 2100 200 0
220 irecv 216 2300 200 0
220 send 192 2300 4 0
220 send 216 2100 4 0
220 wait 193 221 2100
220 wait 217 221 2300
220 irecv 252 3100 200 0
220 irecv 188 3300 200 0
220 send 252 3300 12 0
220 send 188 3100 12 0
220 wait 253 221 3100
220 wait 189 221 3300
220 irecv 221 1100 200 0
220 irecv 223 1300 200 0
220 send 221 1300 1 0
220 send 223 1100 1 0
220 wait 222 221 1100
220 wait 224 221 1300
220 irecv 192 2100 200 0
220 irecv 216 2300 200 0
220 send 192 2300 4 0
220 send 216 2100 4 0
220 wait 193 221 2100
220 wait 217 221 2300
220 irecv 252 3100 200 0
220 irecv 188 3300 200 0
220 send 252 3300 12 0
220 send 188 3100 12 0
220 wait 253 221 3100
220 wait 189 221 3300
220 irecv 221 1100 200 0
220 irecv 223 1300 200 0
220 send 221 1300 4 0
220 send 223 1100 4 0
220 wait 222 221 1100
220 wait 224 221 1300
220 irecv 192 2100 200 0
220 irecv 216 2300 200 0
220 send 192 2300 12 0
220 send 216 2100 12 0
220 wait 193 221 2100
220 wait 217 221 2300
220 irecv 252 3100 200 0
220 irecv 188 3300 200 0
220 send 252 3300 24 0
220 send 188 3100 24 0
220 wait 253 221 3100
220 wait 189 221 3300
220 irecv 221 1100 200 0
220 irecv 223 1300 200 0
220 send 221 1300 4 0
220 send 223 1100 4 0
220 wait 222 221 1100
220 wait 224 221 1300
220 irecv 192 2100 200 0
220 irecv 216 2300 200 0
220 send 192 2300 12 0
220 send 216 2100 12 0
220 wait 193 221 2100
220 wait 217 221 2300
220 irecv 252 3100 200 0
220 irecv 188 3300 200 0
220 send 252 3300 24 0
220 send 188 3100 24 0
220 wait 253 221 3100
220 wait 189 221 3300
220 irecv 221 1100 200 0
220 irecv 223 1300 200 0
220 send 221 1300 16 0
220 send 223 1100 16 0
220 wait 222 221 1100
220 wait 224 221 1300
220 compute 312.5
220 irecv 192 2100 200 0
220 irecv 216 2300 200 0
220 send 192 2300 40 0
220 send 216 2100 40 0
220 wait 193 221 2100
220 wait 217 221 2300
220 irecv 252 3100 200 0
220 irecv 188 3300 200 0
220 send 252 3300 60 0
220 send 188 3100 60 0
220 wait 253 221 3100
220 wait 189 221 3300
220 irecv 221 1100 200 0
220 irecv 223 1300 200 0
220 send 221 1300 16 0
220 send 223 1100 16 0
220 wait 222 221 1100
220 wait 224 221 1300
220 irecv 192 2100 200 0
220 irecv 216 2300 200 0
220 send 192 2300 40 0
220 send 216 2100 40 0
220 wait 193 221 2100
220 wait 217 221 2300
220 irecv 252 3100 200 0
220 irecv 188 3300 200 0
220 send 252 3300 60 0
220 send 188 3100 60 0
220 wait 253 221 3100
220 wait 189 221 3300
220 irecv 221 1100 200 0
220 irecv 223 1300 200 0
220 send 221 1300 16 0
220 send 223 1100 16 0
220 wait 222 221 1100
220 wait 224 221 1300
220 irecv 192 2100 200 0
220 irecv 216 2300 200 0
220 send 192 2300 40 0
220 send 216 2100 40 0
220 wait 193 221 2100
220 wait 217 221 2300
220 irecv 252 3100 200 0
220 irecv 188 3300 200 0
220 send 252 3300 60 0
220 send 188 3100 60 0
220 wait 253 221 3100
220 wait 189 221 3300
220 allreduce 1 0 0 
220 allreduce 1 0 0 
220 reduce 1 0 0 0 
220 finalize
