77 init
77 barrier
77 bcast 1 0 1 
77 bcast 1 0 1 
77 bcast 1 0 1 
77 bcast 1 0 1 
77 bcast 1 0 1 
77 bcast 8 0 1 
77 bcast 1 0 16 
77 barrier
77 allreduce 1 0 0 
77 allreduce 4 0 1 
77 allreduce 1 0 0 
77 allreduce 4 0 1 
77 allreduce 1 0 0 
77 allreduce 4 0 1 
77 allreduce 1 0 0 
77 allreduce 4 0 1 
77 allreduce 1 0 0 
77 allreduce 4 0 1 
77 allreduce 1 0 0 
77 allreduce 4 0 1 
77 allreduce 1 0 0 
77 allreduce 4 0 1 
77 allreduce 1 0 0 
77 allreduce 4 0 1 
77 allreduce 1 0 0 
77 allreduce 4 0 1 
77 allreduce 1 0 0 
77 allreduce 4 0 1 
77 allreduce 1 0 0 
77 allreduce 4 0 1 
77 allreduce 1 0 0 
77 allreduce 4 0 1 
77 allreduce 1 0 0 
77 allreduce 4 0 1 
77 allreduce 1 0 0 
77 allreduce 4 0 1 
77 allreduce 1 0 0 
77 allreduce 4 0 1 
77 allreduce 1 0 0 
77 allreduce 4 0 1 
77 allreduce 1 0 0 
77 allreduce 4 0 1 
77 allreduce 1 0 0 
77 allreduce 4 0 1 
77 allreduce 1 0 0 
77 allreduce 4 0 1 
77 allreduce 1 0 0 
77 allreduce 4 0 1 
77 barrier
77 irecv 78 1100 200 0
77 irecv 76 1300 200 0
77 send 78 1300 16 0
77 send 76 1100 16 0
77 wait 79 78 1100
77 wait 77 78 1300
77 irecv 81 2100 200 0
77 irecv 73 2300 200 0
77 send 81 2300 40 0
77 send 73 2100 40 0
77 wait 82 78 2100
77 wait 74 78 2300
77 irecv 109 3100 200 0
77 irecv 45 3300 200 0
77 send 109 3300 60 0
77 send 45 3100 60 0
77 wait 110 78 3100
77 wait 46 78 3300
77 allreduce 1 0 0 
77 allreduce 1 0 0 
77 irecv 78 1100 200 0
77 irecv 76 1300 200 0
77 send 78 1300 16 0
77 send 76 1100 16 0
77 wait 79 78 1100
77 wait 77 78 1300
77 irecv 81 2100 200 0
77 irecv 73 2300 200 0
77 send 81 2300 40 0
77 send 73 2100 40 0
77 wait 82 78 2100
77 wait 74 78 2300
77 irecv 109 3100 200 0
77 irecv 45 3300 200 0
77 send 109 3300 60 0
77 send 45 3100 60 0
77 wait 110 78 3100
77 wait 46 78 3300
77 allreduce 1 0 0 
77 allreduce 1 0 0 
77 irecv 78 1100 200 0
77 irecv 76 1300 200 0
77 send 78 1300 4 0
77 send 76 1100 4 0
77 wait 79 78 1100
77 wait 77 78 1300
77 irecv 81 2100 200 0
77 irecv 73 2300 200 0
77 send 81 2300 12 0
77 send 73 2100 12 0
77 wait 82 78 2100
77 wait 74 78 2300
77 irecv 109 3100 200 0
77 irecv 45 3300 200 0
77 send 109 3300 24 0
77 send 45 3100 24 0
77 wait 110 78 3100
77 wait 46 78 3300
77 irecv 78 1100 200 0
77 irecv 76 1300 200 0
77 send 78 1300 1 0
77 send 76 1100 1 0
77 wait 79 78 1100
77 wait 77 78 1300
77 irecv 81 2100 200 0
77 irecv 73 2300 200 0
77 send 81 2300 4 0
77 send 73 2100 4 0
77 wait 82 78 2100
77 wait 74 78 2300
77 irecv 109 3100 200 0
77 irecv 45 3300 200 0
77 send 109 3300 12 0
77 send 45 3100 12 0
77 wait 110 78 3100
77 wait 46 78 3300
77 send 78 1300 12 0
77 send 76 1100 6 0
77 send 85 2300 12 0
77 send 69 2100 6 0
77 send 81 2300 24 0
77 send 73 2100 12 0
77 irecv 109 3100 200 0
77 irecv 45 3300 200 0
77 wait 110 78 3100
77 wait 46 78 3300
77 irecv 78 1100 200 0
77 irecv 76 1300 200 0
77 send 78 1300 1 0
77 send 76 1100 1 0
77 wait 79 78 1100
77 wait 77 78 1300
77 irecv 81 2100 200 0
77 irecv 73 2300 200 0
77 send 81 2300 4 0
77 send 73 2100 4 0
77 wait 82 78 2100
77 wait 74 78 2300
77 irecv 109 3100 200 0
77 irecv 45 3300 200 0
77 send 109 3300 12 0
77 send 45 3100 12 0
77 wait 110 78 3100
77 wait 46 78 3300
77 irecv 78 1100 200 0
77 irecv 76 1300 200 0
77 send 78 1300 1 0
77 send 76 1100 1 0
77 wait 79 78 1100
77 wait 77 78 1300
77 irecv 81 2100 200 0
77 irecv 73 2300 200 0
77 send 81 2300 4 0
77 send 73 2100 4 0
77 wait 82 78 2100
77 wait 74 78 2300
77 irecv 109 3100 200 0
77 irecv 45 3300 200 0
77 send 109 3300 12 0
77 send 45 3100 12 0
77 wait 110 78 3100
77 wait 46 78 3300
77 irecv 78 1100 200 0
77 irecv 76 1300 200 0
77 send 78 1300 4 0
77 send 76 1100 4 0
77 wait 79 78 1100
77 wait 77 78 1300
77 irecv 81 2100 200 0
77 irecv 73 2300 200 0
77 send 81 2300 12 0
77 send 73 2100 12 0
77 wait 82 78 2100
77 wait 74 78 2300
77 irecv 109 3100 200 0
77 irecv 45 3300 200 0
77 send 109 3300 24 0
77 send 45 3100 24 0
77 wait 110 78 3100
77 wait 46 78 3300
77 irecv 78 1100 200 0
77 irecv 76 1300 200 0
77 send 78 1300 4 0
77 send 76 1100 4 0
77 wait 79 78 1100
77 wait 77 78 1300
77 irecv 81 2100 200 0
77 irecv 73 2300 200 0
77 send 81 2300 12 0
77 send 73 2100 12 0
77 wait 82 78 2100
77 wait 74 78 2300
77 irecv 109 3100 200 0
77 irecv 45 3300 200 0
77 send 109 3300 24 0
77 send 45 3100 24 0
77 wait 110 78 3100
77 wait 46 78 3300
77 irecv 78 1100 200 0
77 irecv 76 1300 200 0
77 send 78 1300 16 0
77 send 76 1100 16 0
77 wait 79 78 1100
77 wait 77 78 1300
77 irecv 81 2100 200 0
77 irecv 73 2300 200 0
77 send 81 2300 40 0
77 send 73 2100 40 0
77 wait 82 78 2100
77 wait 74 78 2300
77 irecv 109 3100 200 0
77 irecv 45 3300 200 0
77 send 109 3300 60 0
77 send 45 3100 60 0
77 wait 110 78 3100
77 wait 46 78 3300
77 irecv 78 1100 200 0
77 irecv 76 1300 200 0
77 send 78 1300 16 0
77 send 76 1100 16 0
77 wait 79 78 1100
77 wait 77 78 1300
77 irecv 81 2100 200 0
77 irecv 73 2300 200 0
77 send 81 2300 40 0
77 send 73 2100 40 0
77 wait 82 78 2100
77 wait 74 78 2300
77 irecv 109 3100 200 0
77 irecv 45 3300 200 0
77 send 109 3300 60 0
77 send 45 3100 60 0
77 wait 110 78 3100
77 wait 46 78 3300
77 irecv 78 1100 200 0
77 irecv 76 1300 200 0
77 send 78 1300 16 0
77 send 76 1100 16 0
77 wait 79 78 1100
77 wait 77 78 1300
77 irecv 81 2100 200 0
77 irecv 73 2300 200 0
77 send 81 2300 40 0
77 send 73 2100 40 0
77 wait 82 78 2100
77 wait 74 78 2300
77 irecv 109 3100 200 0
77 irecv 45 3300 200 0
77 send 109 3300 60 0
77 send 45 3100 60 0
77 wait 110 78 3100
77 wait 46 78 3300
77 barrier
77 allreduce 1 0 0 
77 allreduce 4 0 1 
77 allreduce 1 0 0 
77 allreduce 4 0 1 
77 allreduce 1 0 0 
77 allreduce 4 0 1 
77 allreduce 1 0 0 
77 allreduce 4 0 1 
77 allreduce 1 0 0 
77 allreduce 4 0 1 
77 allreduce 1 0 0 
77 allreduce 4 0 1 
77 allreduce 1 0 0 
77 allreduce 4 0 1 
77 allreduce 1 0 0 
77 allreduce 4 0 1 
77 allreduce 1 0 0 
77 allreduce 4 0 1 
77 allreduce 1 0 0 
77 allreduce 4 0 1 
77 allreduce 1 0 0 
77 allreduce 4 0 1 
77 allreduce 1 0 0 
77 allreduce 4 0 1 
77 allreduce 1 0 0 
77 allreduce 4 0 1 
77 allreduce 1 0 0 
77 allreduce 4 0 1 
77 allreduce 1 0 0 
77 allreduce 4 0 1 
77 allreduce 1 0 0 
77 allreduce 4 0 1 
77 allreduce 1 0 0 
77 allreduce 4 0 1 
77 allreduce 1 0 0 
77 allreduce 4 0 1 
77 allreduce 1 0 0 
77 allreduce 4 0 1 
77 allreduce 1 0 0 
77 allreduce 4 0 1 
77 barrier
77 irecv 78 1100 200 0
77 irecv 76 1300 200 0
77 send 78 1300 16 0
77 send 76 1100 16 0
77 wait 79 78 1100
77 wait 77 78 1300
77 irecv 81 2100 200 0
77 irecv 73 2300 200 0
77 send 81 2300 40 0
77 send 73 2100 40 0
77 wait 82 78 2100
77 wait 74 78 2300
77 irecv 109 3100 200 0
77 irecv 45 3300 200 0
77 send 109 3300 60 0
77 send 45 3100 60 0
77 wait 110 78 3100
77 wait 46 78 3300
77 barrier
77 irecv 78 1100 200 0
77 irecv 76 1300 200 0
77 send 78 1300 16 0
77 send 76 1100 16 0
77 wait 79 78 1100
77 wait 77 78 1300
77 irecv 81 2100 200 0
77 irecv 73 2300 200 0
77 send 81 2300 40 0
77 send 73 2100 40 0
77 compute 312.5
77 wait 82 78 2100
77 wait 74 78 2300
77 irecv 109 3100 200 0
77 irecv 45 3300 200 0
77 send 109 3300 60 0
77 send 45 3100 60 0
77 wait 110 78 3100
77 wait 46 78 3300
77 allreduce 1 0 0 
77 allreduce 1 0 0 
77 irecv 78 1100 200 0
77 irecv 76 1300 200 0
77 send 78 1300 4 0
77 send 76 1100 4 0
77 wait 79 78 1100
77 wait 77 78 1300
77 irecv 81 2100 200 0
77 irecv 73 2300 200 0
77 send 81 2300 12 0
77 send 73 2100 12 0
77 wait 82 78 2100
77 wait 74 78 2300
77 irecv 109 3100 200 0
77 irecv 45 3300 200 0
77 send 109 3300 24 0
77 send 45 3100 24 0
77 wait 110 78 3100
77 wait 46 78 3300
77 irecv 78 1100 200 0
77 irecv 76 1300 200 0
77 send 78 1300 1 0
77 send 76 1100 1 0
77 wait 79 78 1100
77 wait 77 78 1300
77 irecv 81 2100 200 0
77 irecv 73 2300 200 0
77 send 81 2300 4 0
77 send 73 2100 4 0
77 wait 82 78 2100
77 wait 74 78 2300
77 irecv 109 3100 200 0
77 irecv 45 3300 200 0
77 send 109 3300 12 0
77 send 45 3100 12 0
77 wait 110 78 3100
77 wait 46 78 3300
77 send 78 1300 12 0
77 send 76 1100 6 0
77 send 85 2300 12 0
77 send 69 2100 6 0
77 send 81 2300 24 0
77 send 73 2100 12 0
77 irecv 109 3100 200 0
77 irecv 45 3300 200 0
77 wait 110 78 3100
77 wait 46 78 3300
77 irecv 78 1100 200 0
77 irecv 76 1300 200 0
77 send 78 1300 1 0
77 send 76 1100 1 0
77 wait 79 78 1100
77 wait 77 78 1300
77 irecv 81 2100 200 0
77 irecv 73 2300 200 0
77 send 81 2300 4 0
77 send 73 2100 4 0
77 wait 82 78 2100
77 wait 74 78 2300
77 irecv 109 3100 200 0
77 irecv 45 3300 200 0
77 send 109 3300 12 0
77 send 45 3100 12 0
77 wait 110 78 3100
77 wait 46 78 3300
77 irecv 78 1100 200 0
77 irecv 76 1300 200 0
77 send 78 1300 1 0
77 send 76 1100 1 0
77 wait 79 78 1100
77 wait 77 78 1300
77 irecv 81 2100 200 0
77 irecv 73 2300 200 0
77 send 81 2300 4 0
77 send 73 2100 4 0
77 wait 82 78 2100
77 wait 74 78 2300
77 irecv 109 3100 200 0
77 irecv 45 3300 200 0
77 send 109 3300 12 0
77 send 45 3100 12 0
77 wait 110 78 3100
77 wait 46 78 3300
77 irecv 78 1100 200 0
77 irecv 76 1300 200 0
77 send 78 1300 4 0
77 send 76 1100 4 0
77 wait 79 78 1100
77 wait 77 78 1300
77 irecv 81 2100 200 0
77 irecv 73 2300 200 0
77 send 81 2300 12 0
77 send 73 2100 12 0
77 wait 82 78 2100
77 wait 74 78 2300
77 irecv 109 3100 200 0
77 irecv 45 3300 200 0
77 send 109 3300 24 0
77 send 45 3100 24 0
77 wait 110 78 3100
77 wait 46 78 3300
77 irecv 78 1100 200 0
77 irecv 76 1300 200 0
77 send 78 1300 4 0
77 send 76 1100 4 0
77 wait 79 78 1100
77 wait 77 78 1300
77 irecv 81 2100 200 0
77 irecv 73 2300 200 0
77 send 81 2300 12 0
77 send 73 2100 12 0
77 wait 82 78 2100
77 wait 74 78 2300
77 irecv 109 3100 200 0
77 irecv 45 3300 200 0
77 send 109 3300 24 0
77 send 45 3100 24 0
77 wait 110 78 3100
77 wait 46 78 3300
77 irecv 78 1100 200 0
77 irecv 76 1300 200 0
77 send 78 1300 16 0
77 send 76 1100 16 0
77 wait 79 78 1100
77 wait 77 78 1300
77 irecv 81 2100 200 0
77 irecv 73 2300 200 0
77 send 81 2300 40 0
77 send 73 2100 40 0
77 wait 82 78 2100
77 wait 74 78 2300
77 irecv 109 3100 200 0
77 irecv 45 3300 200 0
77 send 109 3300 60 0
77 send 45 3100 60 0
77 wait 110 78 3100
77 wait 46 78 3300
77 irecv 78 1100 200 0
77 irecv 76 1300 200 0
77 send 78 1300 16 0
77 send 76 1100 16 0
77 wait 79 78 1100
77 wait 77 78 1300
77 irecv 81 2100 200 0
77 irecv 73 2300 200 0
77 send 81 2300 40 0
77 send 73 2100 40 0
77 wait 82 78 2100
77 wait 74 78 2300
77 irecv 109 3100 200 0
77 irecv 45 3300 200 0
77 send 109 3300 60 0
77 send 45 3100 60 0
77 wait 110 78 3100
77 wait 46 78 3300
77 irecv 78 1100 200 0
77 irecv 76 1300 200 0
77 send 78 1300 16 0
77 send 76 1100 16 0
77 wait 79 78 1100
77 wait 77 78 1300
77 irecv 81 2100 200 0
77 irecv 73 2300 200 0
77 send 81 2300 40 0
77 send 73 2100 40 0
77 wait 82 78 2100
77 wait 74 78 2300
77 irecv 109 3100 200 0
77 irecv 45 3300 200 0
77 send 109 3300 60 0
77 send 45 3100 60 0
77 wait 110 78 3100
77 wait 46 78 3300
77 irecv 78 1100 200 0
77 irecv 76 1300 200 0
77 send 78 1300 4 0
77 send 76 1100 4 0
77 wait 79 78 1100
77 wait 77 78 1300
77 irecv 81 2100 200 0
77 irecv 73 2300 200 0
77 send 81 2300 12 0
77 send 73 2100 12 0
77 wait 82 78 2100
77 wait 74 78 2300
77 irecv 109 3100 200 0
77 irecv 45 3300 200 0
77 send 109 3300 24 0
77 send 45 3100 24 0
77 wait 110 78 3100
77 wait 46 78 3300
77 irecv 78 1100 200 0
77 irecv 76 1300 200 0
77 send 78 1300 1 0
77 send 76 1100 1 0
77 wait 79 78 1100
77 wait 77 78 1300
77 irecv 81 2100 200 0
77 irecv 73 2300 200 0
77 send 81 2300 4 0
77 send 73 2100 4 0
77 wait 82 78 2100
77 wait 74 78 2300
77 irecv 109 3100 200 0
77 irecv 45 3300 200 0
77 send 109 3300 12 0
77 send 45 3100 12 0
77 wait 110 78 3100
77 wait 46 78 3300
77 send 78 1300 12 0
77 send 76 1100 6 0
77 send 85 2300 12 0
77 send 69 2100 6 0
77 send 81 2300 24 0
77 send 73 2100 12 0
77 irecv 109 3100 200 0
77 irecv 45 3300 200 0
77 wait 110 78 3100
77 wait 46 78 3300
77 irecv 78 1100 200 0
77 irecv 76 1300 200 0
77 send 78 1300 1 0
77 send 76 1100 1 0
77 wait 79 78 1100
77 wait 77 78 1300
77 irecv 81 2100 200 0
77 irecv 73 2300 200 0
77 send 81 2300 4 0
77 send 73 2100 4 0
77 wait 82 78 2100
77 wait 74 78 2300
77 irecv 109 3100 200 0
77 irecv 45 3300 200 0
77 send 109 3300 12 0
77 send 45 3100 12 0
77 wait 110 78 3100
77 wait 46 78 3300
77 irecv 78 1100 200 0
77 irecv 76 1300 200 0
77 send 78 1300 1 0
77 send 76 1100 1 0
77 wait 79 78 1100
77 wait 77 78 1300
77 irecv 81 2100 200 0
77 irecv 73 2300 200 0
77 send 81 2300 4 0
77 send 73 2100 4 0
77 wait 82 78 2100
77 wait 74 78 2300
77 irecv 109 3100 200 0
77 irecv 45 3300 200 0
77 send 109 3300 12 0
77 send 45 3100 12 0
77 wait 110 78 3100
77 wait 46 78 3300
77 irecv 78 1100 200 0
77 irecv 76 1300 200 0
77 send 78 1300 4 0
77 send 76 1100 4 0
77 wait 79 78 1100
77 wait 77 78 1300
77 irecv 81 2100 200 0
77 irecv 73 2300 200 0
77 send 81 2300 12 0
77 send 73 2100 12 0
77 wait 82 78 2100
77 wait 74 78 2300
77 irecv 109 3100 200 0
77 irecv 45 3300 200 0
77 send 109 3300 24 0
77 send 45 3100 24 0
77 wait 110 78 3100
77 wait 46 78 3300
77 irecv 78 1100 200 0
77 irecv 76 1300 200 0
77 send 78 1300 4 0
77 send 76 1100 4 0
77 wait 79 78 1100
77 wait 77 78 1300
77 irecv 81 2100 200 0
77 irecv 73 2300 200 0
77 send 81 2300 12 0
77 send 73 2100 12 0
77 wait 82 78 2100
77 wait 74 78 2300
77 irecv 109 3100 200 0
77 irecv 45 3300 200 0
77 send 109 3300 24 0
77 send 45 3100 24 0
77 wait 110 78 3100
77 wait 46 78 3300
77 irecv 78 1100 200 0
77 irecv 76 1300 200 0
77 send 78 1300 16 0
77 send 76 1100 16 0
77 wait 79 78 1100
77 wait 77 78 1300
77 irecv 81 2100 200 0
77 irecv 73 2300 200 0
77 send 81 2300 40 0
77 send 73 2100 40 0
77 wait 82 78 2100
77 wait 74 78 2300
77 irecv 109 3100 200 0
77 irecv 45 3300 200 0
77 send 109 3300 60 0
77 send 45 3100 60 0
77 wait 110 78 3100
77 wait 46 78 3300
77 irecv 78 1100 200 0
77 irecv 76 1300 200 0
77 send 78 1300 16 0
77 send 76 1100 16 0
77 wait 79 78 1100
77 wait 77 78 1300
77 irecv 81 2100 200 0
77 irecv 73 2300 200 0
77 send 81 2300 40 0
77 send 73 2100 40 0
77 wait 82 78 2100
77 wait 74 78 2300
77 irecv 109 3100 200 0
77 irecv 45 3300 200 0
77 send 109 3300 60 0
77 send 45 3100 60 0
77 wait 110 78 3100
77 wait 46 78 3300
77 irecv 78 1100 200 0
77 irecv 76 1300 200 0
77 send 78 1300 16 0
77 send 76 1100 16 0
77 wait 79 78 1100
77 wait 77 78 1300
77 irecv 81 2100 200 0
77 irecv 73 2300 200 0
77 send 81 2300 40 0
77 send 73 2100 40 0
77 wait 82 78 2100
77 wait 74 78 2300
77 irecv 109 3100 200 0
77 irecv 45 3300 200 0
77 send 109 3300 60 0
77 send 45 3100 60 0
77 wait 110 78 3100
77 wait 46 78 3300
77 irecv 78 1100 200 0
77 irecv 76 1300 200 0
77 send 78 1300 4 0
77 send 76 1100 4 0
77 wait 79 78 1100
77 wait 77 78 1300
77 irecv 81 2100 200 0
77 irecv 73 2300 200 0
77 send 81 2300 12 0
77 send 73 2100 12 0
77 wait 82 78 2100
77 wait 74 78 2300
77 irecv 109 3100 200 0
77 irecv 45 3300 200 0
77 send 109 3300 24 0
77 send 45 3100 24 0
77 wait 110 78 3100
77 wait 46 78 3300
77 irecv 78 1100 200 0
77 irecv 76 1300 200 0
77 send 78 1300 1 0
77 send 76 1100 1 0
77 wait 79 78 1100
77 wait 77 78 1300
77 irecv 81 2100 200 0
77 irecv 73 2300 200 0
77 send 81 2300 4 0
77 send 73 2100 4 0
77 wait 82 78 2100
77 wait 74 78 2300
77 irecv 109 3100 200 0
77 irecv 45 3300 200 0
77 send 109 3300 12 0
77 send 45 3100 12 0
77 wait 110 78 3100
77 wait 46 78 3300
77 send 78 1300 12 0
77 send 76 1100 6 0
77 send 85 2300 12 0
77 send 69 2100 6 0
77 send 81 2300 24 0
77 send 73 2100 12 0
77 irecv 109 3100 200 0
77 irecv 45 3300 200 0
77 wait 110 78 3100
77 wait 46 78 3300
77 irecv 78 1100 200 0
77 irecv 76 1300 200 0
77 send 78 1300 1 0
77 send 76 1100 1 0
77 wait 79 78 1100
77 wait 77 78 1300
77 irecv 81 2100 200 0
77 irecv 73 2300 200 0
77 send 81 2300 4 0
77 send 73 2100 4 0
77 wait 82 78 2100
77 wait 74 78 2300
77 irecv 109 3100 200 0
77 irecv 45 3300 200 0
77 send 109 3300 12 0
77 send 45 3100 12 0
77 wait 110 78 3100
77 wait 46 78 3300
77 irecv 78 1100 200 0
77 irecv 76 1300 200 0
77 send 78 1300 1 0
77 send 76 1100 1 0
77 wait 79 78 1100
77 wait 77 78 1300
77 irecv 81 2100 200 0
77 irecv 73 2300 200 0
77 send 81 2300 4 0
77 send 73 2100 4 0
77 wait 82 78 2100
77 wait 74 78 2300
77 irecv 109 3100 200 0
77 irecv 45 3300 200 0
77 send 109 3300 12 0
77 send 45 3100 12 0
77 wait 110 78 3100
77 wait 46 78 3300
77 irecv 78 1100 200 0
77 irecv 76 1300 200 0
77 send 78 1300 4 0
77 send 76 1100 4 0
77 wait 79 78 1100
77 wait 77 78 1300
77 irecv 81 2100 200 0
77 irecv 73 2300 200 0
77 send 81 2300 12 0
77 send 73 2100 12 0
77 wait 82 78 2100
77 wait 74 78 2300
77 irecv 109 3100 200 0
77 irecv 45 3300 200 0
77 send 109 3300 24 0
77 send 45 3100 24 0
77 wait 110 78 3100
77 wait 46 78 3300
77 irecv 78 1100 200 0
77 irecv 76 1300 200 0
77 send 78 1300 4 0
77 send 76 1100 4 0
77 wait 79 78 1100
77 wait 77 78 1300
77 irecv 81 2100 200 0
77 irecv 73 2300 200 0
77 send 81 2300 12 0
77 send 73 2100 12 0
77 wait 82 78 2100
77 wait 74 78 2300
77 irecv 109 3100 200 0
77 irecv 45 3300 200 0
77 send 109 3300 24 0
77 send 45 3100 24 0
77 wait 110 78 3100
77 wait 46 78 3300
77 irecv 78 1100 200 0
77 irecv 76 1300 200 0
77 send 78 1300 16 0
77 send 76 1100 16 0
77 wait 79 78 1100
77 wait 77 78 1300
77 irecv 81 2100 200 0
77 irecv 73 2300 200 0
77 send 81 2300 40 0
77 send 73 2100 40 0
77 wait 82 78 2100
77 wait 74 78 2300
77 irecv 109 3100 200 0
77 irecv 45 3300 200 0
77 send 109 3300 60 0
77 send 45 3100 60 0
77 wait 110 78 3100
77 wait 46 78 3300
77 irecv 78 1100 200 0
77 irecv 76 1300 200 0
77 send 78 1300 16 0
77 send 76 1100 16 0
77 wait 79 78 1100
77 wait 77 78 1300
77 irecv 81 2100 200 0
77 irecv 73 2300 200 0
77 send 81 2300 40 0
77 send 73 2100 40 0
77 wait 82 78 2100
77 wait 74 78 2300
77 irecv 109 3100 200 0
77 irecv 45 3300 200 0
77 send 109 3300 60 0
77 send 45 3100 60 0
77 wait 110 78 3100
77 wait 46 78 3300
77 irecv 78 1100 200 0
77 irecv 76 1300 200 0
77 send 78 1300 16 0
77 send 76 1100 16 0
77 wait 79 78 1100
77 wait 77 78 1300
77 irecv 81 2100 200 0
77 irecv 73 2300 200 0
77 send 81 2300 40 0
77 send 73 2100 40 0
77 wait 82 78 2100
77 wait 74 78 2300
77 irecv 109 3100 200 0
77 irecv 45 3300 200 0
77 send 109 3300 60 0
77 send 45 3100 60 0
77 wait 110 78 3100
77 wait 46 78 3300
77 irecv 78 1100 200 0
77 irecv 76 1300 200 0
77 send 78 1300 4 0
77 send 76 1100 4 0
77 wait 79 78 1100
77 wait 77 78 1300
77 irecv 81 2100 200 0
77 irecv 73 2300 200 0
77 send 81 2300 12 0
77 send 73 2100 12 0
77 wait 82 78 2100
77 wait 74 78 2300
77 irecv 109 3100 200 0
77 irecv 45 3300 200 0
77 send 109 3300 24 0
77 send 45 3100 24 0
77 wait 110 78 3100
77 wait 46 78 3300
77 irecv 78 1100 200 0
77 irecv 76 1300 200 0
77 send 78 1300 1 0
77 send 76 1100 1 0
77 wait 79 78 1100
77 wait 77 78 1300
77 irecv 81 2100 200 0
77 irecv 73 2300 200 0
77 send 81 2300 4 0
77 send 73 2100 4 0
77 wait 82 78 2100
77 wait 74 78 2300
77 irecv 109 3100 200 0
77 irecv 45 3300 200 0
77 send 109 3300 12 0
77 send 45 3100 12 0
77 wait 110 78 3100
77 wait 46 78 3300
77 send 78 1300 12 0
77 send 76 1100 6 0
77 send 85 2300 12 0
77 send 69 2100 6 0
77 send 81 2300 24 0
77 send 73 2100 12 0
77 irecv 109 3100 200 0
77 irecv 45 3300 200 0
77 wait 110 78 3100
77 wait 46 78 3300
77 irecv 78 1100 200 0
77 irecv 76 1300 200 0
77 send 78 1300 1 0
77 send 76 1100 1 0
77 wait 79 78 1100
77 wait 77 78 1300
77 irecv 81 2100 200 0
77 irecv 73 2300 200 0
77 send 81 2300 4 0
77 send 73 2100 4 0
77 wait 82 78 2100
77 wait 74 78 2300
77 irecv 109 3100 200 0
77 irecv 45 3300 200 0
77 send 109 3300 12 0
77 send 45 3100 12 0
77 wait 110 78 3100
77 wait 46 78 3300
77 irecv 78 1100 200 0
77 irecv 76 1300 200 0
77 send 78 1300 1 0
77 send 76 1100 1 0
77 wait 79 78 1100
77 wait 77 78 1300
77 irecv 81 2100 200 0
77 irecv 73 2300 200 0
77 send 81 2300 4 0
77 send 73 2100 4 0
77 wait 82 78 2100
77 wait 74 78 2300
77 irecv 109 3100 200 0
77 irecv 45 3300 200 0
77 send 109 3300 12 0
77 send 45 3100 12 0
77 wait 110 78 3100
77 wait 46 78 3300
77 irecv 78 1100 200 0
77 irecv 76 1300 200 0
77 send 78 1300 4 0
77 send 76 1100 4 0
77 wait 79 78 1100
77 wait 77 78 1300
77 irecv 81 2100 200 0
77 irecv 73 2300 200 0
77 send 81 2300 12 0
77 send 73 2100 12 0
77 wait 82 78 2100
77 wait 74 78 2300
77 irecv 109 3100 200 0
77 irecv 45 3300 200 0
77 send 109 3300 24 0
77 send 45 3100 24 0
77 wait 110 78 3100
77 wait 46 78 3300
77 irecv 78 1100 200 0
77 irecv 76 1300 200 0
77 send 78 1300 4 0
77 send 76 1100 4 0
77 wait 79 78 1100
77 wait 77 78 1300
77 irecv 81 2100 200 0
77 irecv 73 2300 200 0
77 send 81 2300 12 0
77 send 73 2100 12 0
77 wait 82 78 2100
77 wait 74 78 2300
77 irecv 109 3100 200 0
77 irecv 45 3300 200 0
77 send 109 3300 24 0
77 send 45 3100 24 0
77 wait 110 78 3100
77 wait 46 78 3300
77 irecv 78 1100 200 0
77 irecv 76 1300 200 0
77 send 78 1300 16 0
77 send 76 1100 16 0
77 wait 79 78 1100
77 wait 77 78 1300
77 irecv 81 2100 200 0
77 irecv 73 2300 200 0
77 send 81 2300 40 0
77 send 73 2100 40 0
77 wait 82 78 2100
77 wait 74 78 2300
77 irecv 109 3100 200 0
77 irecv 45 3300 200 0
77 send 109 3300 60 0
77 send 45 3100 60 0
77 wait 110 78 3100
77 wait 46 78 3300
77 irecv 78 1100 200 0
77 irecv 76 1300 200 0
77 send 78 1300 16 0
77 send 76 1100 16 0
77 wait 79 78 1100
77 wait 77 78 1300
77 irecv 81 2100 200 0
77 irecv 73 2300 200 0
77 send 81 2300 40 0
77 send 73 2100 40 0
77 wait 82 78 2100
77 wait 74 78 2300
77 irecv 109 3100 200 0
77 irecv 45 3300 200 0
77 send 109 3300 60 0
77 send 45 3100 60 0
77 wait 110 78 3100
77 wait 46 78 3300
77 irecv 78 1100 200 0
77 irecv 76 1300 200 0
77 send 78 1300 16 0
77 send 76 1100 16 0
77 wait 79 78 1100
77 wait 77 78 1300
77 irecv 81 2100 200 0
77 irecv 73 2300 200 0
77 send 81 2300 40 0
77 send 73 2100 40 0
77 wait 82 78 2100
77 wait 74 78 2300
77 irecv 109 3100 200 0
77 irecv 45 3300 200 0
77 send 109 3300 60 0
77 send 45 3100 60 0
77 wait 110 78 3100
77 wait 46 78 3300
77 allreduce 1 0 0 
77 allreduce 1 0 0 
77 reduce 1 0 0 0 
77 finalize
