200 init
200 barrier
200 bcast 1 0 1 
200 bcast 1 0 1 
200 bcast 1 0 1 
200 bcast 1 0 1 
200 bcast 1 0 1 
200 bcast 8 0 1 
200 bcast 1 0 16 
200 barrier
200 allreduce 1 0 0 
200 allreduce 4 0 1 
200 allreduce 1 0 0 
200 allreduce 4 0 1 
200 allreduce 1 0 0 
200 allreduce 4 0 1 
200 allreduce 1 0 0 
200 allreduce 4 0 1 
200 allreduce 1 0 0 
200 allreduce 4 0 1 
200 allreduce 1 0 0 
200 allreduce 4 0 1 
200 allreduce 1 0 0 
200 allreduce 4 0 1 
200 allreduce 1 0 0 
200 allreduce 4 0 1 
200 allreduce 1 0 0 
200 allreduce 4 0 1 
200 allreduce 1 0 0 
200 allreduce 4 0 1 
200 allreduce 1 0 0 
200 allreduce 4 0 1 
200 allreduce 1 0 0 
200 allreduce 4 0 1 
200 allreduce 1 0 0 
200 allreduce 4 0 1 
200 allreduce 1 0 0 
200 allreduce 4 0 1 
200 allreduce 1 0 0 
200 allreduce 4 0 1 
200 allreduce 1 0 0 
200 allreduce 4 0 1 
200 allreduce 1 0 0 
200 allreduce 4 0 1 
200 allreduce 1 0 0 
200 allreduce 4 0 1 
200 allreduce 1 0 0 
200 allreduce 4 0 1 
200 allreduce 1 0 0 
200 allreduce 4 0 1 
200 barrier
200 irecv 201 1100 200 0
200 irecv 203 1300 200 0
200 send 201 1300 16 0
200 send 203 1100 16 0
200 wait 202 201 1100
200 wait 204 201 1300
200 irecv 204 2100 200 0
200 irecv 196 2300 200 0
200 send 204 2300 40 0
200 send 196 2100 40 0
200 wait 205 201 2100
200 wait 197 201 2300
200 irecv 232 3100 200 0
200 irecv 168 3300 200 0
200 send 232 3300 60 0
200 send 168 3100 60 0
200 wait 233 201 3100
200 wait 169 201 3300
200 allreduce 1 0 0 
200 allreduce 1 0 0 
200 irecv 201 1100 200 0
200 irecv 203 1300 200 0
200 send 201 1300 16 0
200 send 203 1100 16 0
200 wait 202 201 1100
200 wait 204 201 1300
200 irecv 204 2100 200 0
200 irecv 196 2300 200 0
200 send 204 2300 40 0
200 send 196 2100 40 0
200 wait 205 201 2100
200 wait 197 201 2300
200 irecv 232 3100 200 0
200 irecv 168 3300 200 0
200 send 232 3300 60 0
200 send 168 3100 60 0
200 wait 233 201 3100
200 wait 169 201 3300
200 allreduce 1 0 0 
200 allreduce 1 0 0 
200 irecv 201 1100 200 0
200 irecv 203 1300 200 0
200 send 201 1300 4 0
200 send 203 1100 4 0
200 wait 202 201 1100
200 wait 204 201 1300
200 irecv 204 2100 200 0
200 irecv 196 2300 200 0
200 send 204 2300 12 0
200 send 196 2100 12 0
200 wait 205 201 2100
200 wait 197 201 2300
200 irecv 232 3100 200 0
200 irecv 168 3300 200 0
200 send 232 3300 24 0
200 send 168 3100 24 0
200 wait 233 201 3100
200 wait 169 201 3300
200 irecv 201 1100 200 0
200 irecv 203 1300 200 0
200 send 201 1300 1 0
200 send 203 1100 1 0
200 wait 202 201 1100
200 wait 204 201 1300
200 irecv 204 2100 200 0
200 irecv 196 2300 200 0
200 send 204 2300 4 0
200 send 196 2100 4 0
200 wait 205 201 2100
200 wait 197 201 2300
200 irecv 232 3100 200 0
200 irecv 168 3300 200 0
200 send 232 3300 12 0
200 send 168 3100 12 0
200 wait 233 201 3100
200 wait 169 201 3300
200 irecv 201 1100 200 0
200 irecv 203 1300 200 0
200 wait 202 201 1100
200 wait 204 201 1300
200 irecv 204 2100 200 0
200 irecv 196 2300 200 0
200 wait 205 201 2100
200 wait 197 201 2300
200 irecv 232 3100 200 0
200 irecv 168 3300 200 0
200 wait 233 201 3100
200 wait 169 201 3300
200 irecv 201 1100 200 0
200 irecv 203 1300 200 0
200 send 201 1300 1 0
200 send 203 1100 1 0
200 wait 202 201 1100
200 wait 204 201 1300
200 irecv 204 2100 200 0
200 irecv 196 2300 200 0
200 send 204 2300 4 0
200 send 196 2100 4 0
200 wait 205 201 2100
200 wait 197 201 2300
200 irecv 232 3100 200 0
200 irecv 168 3300 200 0
200 send 232 3300 12 0
200 send 168 3100 12 0
200 wait 233 201 3100
200 wait 169 201 3300
200 irecv 201 1100 200 0
200 irecv 203 1300 200 0
200 send 201 1300 1 0
200 send 203 1100 1 0
200 wait 202 201 1100
200 wait 204 201 1300
200 irecv 204 2100 200 0
200 irecv 196 2300 200 0
200 send 204 2300 4 0
200 send 196 2100 4 0
200 wait 205 201 2100
200 wait 197 201 2300
200 irecv 232 3100 200 0
200 irecv 168 3300 200 0
200 send 232 3300 12 0
200 send 168 3100 12 0
200 wait 233 201 3100
200 wait 169 201 3300
200 irecv 201 1100 200 0
200 irecv 203 1300 200 0
200 send 201 1300 4 0
200 send 203 1100 4 0
200 wait 202 201 1100
200 wait 204 201 1300
200 irecv 204 2100 200 0
200 irecv 196 2300 200 0
200 send 204 2300 12 0
200 send 196 2100 12 0
200 wait 205 201 2100
200 wait 197 201 2300
200 irecv 232 3100 200 0
200 irecv 168 3300 200 0
200 send 232 3300 24 0
200 send 168 3100 24 0
200 wait 233 201 3100
200 wait 169 201 3300
200 irecv 201 1100 200 0
200 irecv 203 1300 200 0
200 send 201 1300 4 0
200 send 203 1100 4 0
200 wait 202 201 1100
200 wait 204 201 1300
200 irecv 204 2100 200 0
200 irecv 196 2300 200 0
200 send 204 2300 12 0
200 send 196 2100 12 0
200 wait 205 201 2100
200 wait 197 201 2300
200 irecv 232 3100 200 0
200 irecv 168 3300 200 0
200 send 232 3300 24 0
200 send 168 3100 24 0
200 wait 233 201 3100
200 wait 169 201 3300
200 irecv 201 1100 200 0
200 irecv 203 1300 200 0
200 send 201 1300 16 0
200 send 203 1100 16 0
200 wait 202 201 1100
200 wait 204 201 1300
200 irecv 204 2100 200 0
200 irecv 196 2300 200 0
200 send 204 2300 40 0
200 send 196 2100 40 0
200 wait 205 201 2100
200 wait 197 201 2300
200 irecv 232 3100 200 0
200 irecv 168 3300 200 0
200 send 232 3300 60 0
200 send 168 3100 60 0
200 wait 233 201 3100
200 wait 169 201 3300
200 irecv 201 1100 200 0
200 irecv 203 1300 200 0
200 send 201 1300 16 0
200 send 203 1100 16 0
200 wait 202 201 1100
200 wait 204 201 1300
200 irecv 204 2100 200 0
200 irecv 196 2300 200 0
200 send 204 2300 40 0
200 send 196 2100 40 0
200 wait 205 201 2100
200 wait 197 201 2300
200 irecv 232 3100 200 0
200 irecv 168 3300 200 0
200 send 232 3300 60 0
200 send 168 3100 60 0
200 wait 233 201 3100
200 wait 169 201 3300
200 irecv 201 1100 200 0
200 irecv 203 1300 200 0
200 send 201 1300 16 0
200 send 203 1100 16 0
200 wait 202 201 1100
200 wait 204 201 1300
200 irecv 204 2100 200 0
200 irecv 196 2300 200 0
200 send 204 2300 40 0
200 send 196 2100 40 0
200 wait 205 201 2100
200 wait 197 201 2300
200 irecv 232 3100 200 0
200 irecv 168 3300 200 0
200 send 232 3300 60 0
200 send 168 3100 60 0
200 wait 233 201 3100
200 wait 169 201 3300
200 barrier
200 allreduce 1 0 0 
200 allreduce 4 0 1 
200 allreduce 1 0 0 
200 allreduce 4 0 1 
200 allreduce 1 0 0 
200 allreduce 4 0 1 
200 allreduce 1 0 0 
200 allreduce 4 0 1 
200 allreduce 1 0 0 
200 allreduce 4 0 1 
200 allreduce 1 0 0 
200 allreduce 4 0 1 
200 allreduce 1 0 0 
200 allreduce 4 0 1 
200 allreduce 1 0 0 
200 allreduce 4 0 1 
200 allreduce 1 0 0 
200 allreduce 4 0 1 
200 allreduce 1 0 0 
200 allreduce 4 0 1 
200 allreduce 1 0 0 
200 allreduce 4 0 1 
200 allreduce 1 0 0 
200 allreduce 4 0 1 
200 allreduce 1 0 0 
200 allreduce 4 0 1 
200 allreduce 1 0 0 
200 allreduce 4 0 1 
200 allreduce 1 0 0 
200 allreduce 4 0 1 
200 allreduce 1 0 0 
200 allreduce 4 0 1 
200 allreduce 1 0 0 
200 allreduce 4 0 1 
200 allreduce 1 0 0 
200 allreduce 4 0 1 
200 allreduce 1 0 0 
200 allreduce 4 0 1 
200 allreduce 1 0 0 
200 allreduce 4 0 1 
200 barrier
200 irecv 201 1100 200 0
200 irecv 203 1300 200 0
200 send 201 1300 16 0
200 send 203 1100 16 0
200 wait 202 201 1100
200 wait 204 201 1300
200 irecv 204 2100 200 0
200 irecv 196 2300 200 0
200 send 204 2300 40 0
200 send 196 2100 40 0
200 wait 205 201 2100
200 wait 197 201 2300
200 irecv 232 3100 200 0
200 irecv 168 3300 200 0
200 send 232 3300 60 0
200 send 168 3100 60 0
200 wait 233 201 3100
200 wait 169 201 3300
200 barrier
200 irecv 201 1100 200 0
200 irecv 203 1300 200 0
200 send 201 1300 16 0
200 send 203 1100 16 0
200 wait 202 201 1100
200 wait 204 201 1300
200 irecv 204 2100 200 0
200 irecv 196 2300 200 0
200 send 204 2300 40 0
200 send 196 2100 40 0
200 wait 205 201 2100
200 wait 197 201 2300
200 irecv 232 3100 200 0
200 irecv 168 3300 200 0
200 send 232 3300 60 0
200 send 168 3100 60 0
200 wait 233 201 3100
200 wait 169 201 3300
200 allreduce 1 0 0 
200 allreduce 1 0 0 
200 irecv 201 1100 200 0
200 irecv 203 1300 200 0
200 send 201 1300 4 0
200 send 203 1100 4 0
200 wait 202 201 1100
200 wait 204 201 1300
200 irecv 204 2100 200 0
200 irecv 196 2300 200 0
200 send 204 2300 12 0
200 send 196 2100 12 0
200 wait 205 201 2100
200 wait 197 201 2300
200 irecv 232 3100 200 0
200 irecv 168 3300 200 0
200 send 232 3300 24 0
200 send 168 3100 24 0
200 wait 233 201 3100
200 wait 169 201 3300
200 irecv 201 1100 200 0
200 irecv 203 1300 200 0
200 send 201 1300 1 0
200 send 203 1100 1 0
200 wait 202 201 1100
200 wait 204 201 1300
200 irecv 204 2100 200 0
200 irecv 196 2300 200 0
200 send 204 2300 4 0
200 send 196 2100 4 0
200 wait 205 201 2100
200 wait 197 201 2300
200 irecv 232 3100 200 0
200 irecv 168 3300 200 0
200 send 232 3300 12 0
200 send 168 3100 12 0
200 wait 233 201 3100
200 wait 169 201 3300
200 irecv 201 1100 200 0
200 irecv 203 1300 200 0
200 wait 202 201 1100
200 wait 204 201 1300
200 irecv 204 2100 200 0
200 irecv 196 2300 200 0
200 wait 205 201 2100
200 wait 197 201 2300
200 irecv 232 3100 200 0
200 irecv 168 3300 200 0
200 wait 233 201 3100
200 wait 169 201 3300
200 irecv 201 1100 200 0
200 irecv 203 1300 200 0
200 send 201 1300 1 0
200 send 203 1100 1 0
200 wait 202 201 1100
200 wait 204 201 1300
200 irecv 204 2100 200 0
200 irecv 196 2300 200 0
200 send 204 2300 4 0
200 send 196 2100 4 0
200 wait 205 201 2100
200 wait 197 201 2300
200 irecv 232 3100 200 0
200 irecv 168 3300 200 0
200 send 232 3300 12 0
200 send 168 3100 12 0
200 wait 233 201 3100
200 wait 169 201 3300
200 irecv 201 1100 200 0
200 irecv 203 1300 200 0
200 send 201 1300 1 0
200 send 203 1100 1 0
200 wait 202 201 1100
200 wait 204 201 1300
200 irecv 204 2100 200 0
200 irecv 196 2300 200 0
200 send 204 2300 4 0
200 send 196 2100 4 0
200 wait 205 201 2100
200 wait 197 201 2300
200 irecv 232 3100 200 0
200 irecv 168 3300 200 0
200 send 232 3300 12 0
200 send 168 3100 12 0
200 wait 233 201 3100
200 wait 169 201 3300
200 irecv 201 1100 200 0
200 irecv 203 1300 200 0
200 send 201 1300 4 0
200 send 203 1100 4 0
200 wait 202 201 1100
200 wait 204 201 1300
200 irecv 204 2100 200 0
200 irecv 196 2300 200 0
200 send 204 2300 12 0
200 send 196 2100 12 0
200 wait 205 201 2100
200 wait 197 201 2300
200 irecv 232 3100 200 0
200 irecv 168 3300 200 0
200 send 232 3300 24 0
200 send 168 3100 24 0
200 wait 233 201 3100
200 wait 169 201 3300
200 irecv 201 1100 200 0
200 irecv 203 1300 200 0
200 send 201 1300 4 0
200 send 203 1100 4 0
200 wait 202 201 1100
200 wait 204 201 1300
200 irecv 204 2100 200 0
200 irecv 196 2300 200 0
200 send 204 2300 12 0
200 send 196 2100 12 0
200 wait 205 201 2100
200 wait 197 201 2300
200 irecv 232 3100 200 0
200 irecv 168 3300 200 0
200 send 232 3300 24 0
200 send 168 3100 24 0
200 wait 233 201 3100
200 wait 169 201 3300
200 irecv 201 1100 200 0
200 irecv 203 1300 200 0
200 send 201 1300 16 0
200 send 203 1100 16 0
200 wait 202 201 1100
200 wait 204 201 1300
200 irecv 204 2100 200 0
200 irecv 196 2300 200 0
200 send 204 2300 40 0
200 send 196 2100 40 0
200 wait 205 201 2100
200 wait 197 201 2300
200 irecv 232 3100 200 0
200 irecv 168 3300 200 0
200 send 232 3300 60 0
200 send 168 3100 60 0
200 wait 233 201 3100
200 wait 169 201 3300
200 irecv 201 1100 200 0
200 irecv 203 1300 200 0
200 send 201 1300 16 0
200 send 203 1100 16 0
200 wait 202 201 1100
200 wait 204 201 1300
200 irecv 204 2100 200 0
200 irecv 196 2300 200 0
200 send 204 2300 40 0
200 send 196 2100 40 0
200 wait 205 201 2100
200 wait 197 201 2300
200 irecv 232 3100 200 0
200 irecv 168 3300 200 0
200 send 232 3300 60 0
200 send 168 3100 60 0
200 wait 233 201 3100
200 wait 169 201 3300
200 irecv 201 1100 200 0
200 irecv 203 1300 200 0
200 send 201 1300 16 0
200 send 203 1100 16 0
200 wait 202 201 1100
200 wait 204 201 1300
200 irecv 204 2100 200 0
200 irecv 196 2300 200 0
200 send 204 2300 40 0
200 send 196 2100 40 0
200 wait 205 201 2100
200 wait 197 201 2300
200 irecv 232 3100 200 0
200 irecv 168 3300 200 0
200 send 232 3300 60 0
200 send 168 3100 60 0
200 wait 233 201 3100
200 wait 169 201 3300
200 irecv 201 1100 200 0
200 irecv 203 1300 200 0
200 send 201 1300 4 0
200 send 203 1100 4 0
200 wait 202 201 1100
200 wait 204 201 1300
200 irecv 204 2100 200 0
200 irecv 196 2300 200 0
200 send 204 2300 12 0
200 send 196 2100 12 0
200 wait 205 201 2100
200 wait 197 201 2300
200 irecv 232 3100 200 0
200 irecv 168 3300 200 0
200 send 232 3300 24 0
200 send 168 3100 24 0
200 wait 233 201 3100
200 wait 169 201 3300
200 irecv 201 1100 200 0
200 irecv 203 1300 200 0
200 send 201 1300 1 0
200 send 203 1100 1 0
200 wait 202 201 1100
200 wait 204 201 1300
200 irecv 204 2100 200 0
200 irecv 196 2300 200 0
200 send 204 2300 4 0
200 send 196 2100 4 0
200 wait 205 201 2100
200 wait 197 201 2300
200 irecv 232 3100 200 0
200 irecv 168 3300 200 0
200 send 232 3300 12 0
200 send 168 3100 12 0
200 wait 233 201 3100
200 wait 169 201 3300
200 irecv 201 1100 200 0
200 irecv 203 1300 200 0
200 wait 202 201 1100
200 wait 204 201 1300
200 irecv 204 2100 200 0
200 irecv 196 2300 200 0
200 wait 205 201 2100
200 wait 197 201 2300
200 irecv 232 3100 200 0
200 irecv 168 3300 200 0
200 wait 233 201 3100
200 wait 169 201 3300
200 irecv 201 1100 200 0
200 irecv 203 1300 200 0
200 send 201 1300 1 0
200 send 203 1100 1 0
200 wait 202 201 1100
200 wait 204 201 1300
200 irecv 204 2100 200 0
200 irecv 196 2300 200 0
200 send 204 2300 4 0
200 send 196 2100 4 0
200 wait 205 201 2100
200 wait 197 201 2300
200 irecv 232 3100 200 0
200 irecv 168 3300 200 0
200 send 232 3300 12 0
200 send 168 3100 12 0
200 wait 233 201 3100
200 wait 169 201 3300
200 irecv 201 1100 200 0
200 irecv 203 1300 200 0
200 send 201 1300 1 0
200 send 203 1100 1 0
200 wait 202 201 1100
200 wait 204 201 1300
200 irecv 204 2100 200 0
200 irecv 196 2300 200 0
200 send 204 2300 4 0
200 send 196 2100 4 0
200 wait 205 201 2100
200 wait 197 201 2300
200 irecv 232 3100 200 0
200 irecv 168 3300 200 0
200 send 232 3300 12 0
200 send 168 3100 12 0
200 wait 233 201 3100
200 wait 169 201 3300
200 irecv 201 1100 200 0
200 irecv 203 1300 200 0
200 send 201 1300 4 0
200 send 203 1100 4 0
200 wait 202 201 1100
200 wait 204 201 1300
200 irecv 204 2100 200 0
200 irecv 196 2300 200 0
200 send 204 2300 12 0
200 send 196 2100 12 0
200 wait 205 201 2100
200 wait 197 201 2300
200 irecv 232 3100 200 0
200 irecv 168 3300 200 0
200 send 232 3300 24 0
200 send 168 3100 24 0
200 wait 233 201 3100
200 wait 169 201 3300
200 irecv 201 1100 200 0
200 irecv 203 1300 200 0
200 send 201 1300 4 0
200 send 203 1100 4 0
200 wait 202 201 1100
200 wait 204 201 1300
200 irecv 204 2100 200 0
200 irecv 196 2300 200 0
200 send 204 2300 12 0
200 send 196 2100 12 0
200 wait 205 201 2100
200 wait 197 201 2300
200 irecv 232 3100 200 0
200 irecv 168 3300 200 0
200 send 232 3300 24 0
200 send 168 3100 24 0
200 wait 233 201 3100
200 wait 169 201 3300
200 irecv 201 1100 200 0
200 irecv 203 1300 200 0
200 send 201 1300 16 0
200 send 203 1100 16 0
200 wait 202 201 1100
200 wait 204 201 1300
200 irecv 204 2100 200 0
200 irecv 196 2300 200 0
200 send 204 2300 40 0
200 send 196 2100 40 0
200 wait 205 201 2100
200 wait 197 201 2300
200 irecv 232 3100 200 0
200 irecv 168 3300 200 0
200 send 232 3300 60 0
200 send 168 3100 60 0
200 wait 233 201 3100
200 wait 169 201 3300
200 irecv 201 1100 200 0
200 irecv 203 1300 200 0
200 send 201 1300 16 0
200 send 203 1100 16 0
200 wait 202 201 1100
200 wait 204 201 1300
200 irecv 204 2100 200 0
200 irecv 196 2300 200 0
200 send 204 2300 40 0
200 send 196 2100 40 0
200 wait 205 201 2100
200 wait 197 201 2300
200 irecv 232 3100 200 0
200 irecv 168 3300 200 0
200 send 232 3300 60 0
200 send 168 3100 60 0
200 wait 233 201 3100
200 wait 169 201 3300
200 irecv 201 1100 200 0
200 irecv 203 1300 200 0
200 send 201 1300 16 0
200 send 203 1100 16 0
200 wait 202 201 1100
200 wait 204 201 1300
200 irecv 204 2100 200 0
200 irecv 196 2300 200 0
200 send 204 2300 40 0
200 send 196 2100 40 0
200 wait 205 201 2100
200 wait 197 201 2300
200 irecv 232 3100 200 0
200 irecv 168 3300 200 0
200 send 232 3300 60 0
200 send 168 3100 60 0
200 wait 233 201 3100
200 wait 169 201 3300
200 irecv 201 1100 200 0
200 irecv 203 1300 200 0
200 send 201 1300 4 0
200 send 203 1100 4 0
200 wait 202 201 1100
200 wait 204 201 1300
200 irecv 204 2100 200 0
200 irecv 196 2300 200 0
200 send 204 2300 12 0
200 send 196 2100 12 0
200 wait 205 201 2100
200 wait 197 201 2300
200 irecv 232 3100 200 0
200 irecv 168 3300 200 0
200 send 232 3300 24 0
200 send 168 3100 24 0
200 wait 233 201 3100
200 wait 169 201 3300
200 irecv 201 1100 200 0
200 irecv 203 1300 200 0
200 send 201 1300 1 0
200 send 203 1100 1 0
200 wait 202 201 1100
200 wait 204 201 1300
200 irecv 204 2100 200 0
200 irecv 196 2300 200 0
200 send 204 2300 4 0
200 send 196 2100 4 0
200 wait 205 201 2100
200 wait 197 201 2300
200 irecv 232 3100 200 0
200 irecv 168 3300 200 0
200 send 232 3300 12 0
200 send 168 3100 12 0
200 wait 233 201 3100
200 wait 169 201 3300
200 irecv 201 1100 200 0
200 irecv 203 1300 200 0
200 wait 202 201 1100
200 wait 204 201 1300
200 irecv 204 2100 200 0
200 irecv 196 2300 200 0
200 wait 205 201 2100
200 wait 197 201 2300
200 irecv 232 3100 200 0
200 irecv 168 3300 200 0
200 wait 233 201 3100
200 wait 169 201 3300
200 irecv 201 1100 200 0
200 irecv 203 1300 200 0
200 send 201 1300 1 0
200 send 203 1100 1 0
200 wait 202 201 1100
200 wait 204 201 1300
200 irecv 204 2100 200 0
200 irecv 196 2300 200 0
200 send 204 2300 4 0
200 send 196 2100 4 0
200 wait 205 201 2100
200 wait 197 201 2300
200 irecv 232 3100 200 0
200 irecv 168 3300 200 0
200 send 232 3300 12 0
200 send 168 3100 12 0
200 wait 233 201 3100
200 wait 169 201 3300
200 irecv 201 1100 200 0
200 irecv 203 1300 200 0
200 send 201 1300 1 0
200 send 203 1100 1 0
200 wait 202 201 1100
200 wait 204 201 1300
200 irecv 204 2100 200 0
200 irecv 196 2300 200 0
200 send 204 2300 4 0
200 send 196 2100 4 0
200 wait 205 201 2100
200 wait 197 201 2300
200 irecv 232 3100 200 0
200 irecv 168 3300 200 0
200 send 232 3300 12 0
200 send 168 3100 12 0
200 wait 233 201 3100
200 wait 169 201 3300
200 irecv 201 1100 200 0
200 irecv 203 1300 200 0
200 send 201 1300 4 0
200 send 203 1100 4 0
200 wait 202 201 1100
200 wait 204 201 1300
200 irecv 204 2100 200 0
200 irecv 196 2300 200 0
200 send 204 2300 12 0
200 send 196 2100 12 0
200 wait 205 201 2100
200 wait 197 201 2300
200 irecv 232 3100 200 0
200 irecv 168 3300 200 0
200 send 232 3300 24 0
200 send 168 3100 24 0
200 wait 233 201 3100
200 wait 169 201 3300
200 irecv 201 1100 200 0
200 irecv 203 1300 200 0
200 send 201 1300 4 0
200 send 203 1100 4 0
200 wait 202 201 1100
200 wait 204 201 1300
200 irecv 204 2100 200 0
200 irecv 196 2300 200 0
200 send 204 2300 12 0
200 send 196 2100 12 0
200 wait 205 201 2100
200 wait 197 201 2300
200 irecv 232 3100 200 0
200 irecv 168 3300 200 0
200 send 232 3300 24 0
200 send 168 3100 24 0
200 wait 233 201 3100
200 wait 169 201 3300
200 irecv 201 1100 200 0
200 irecv 203 1300 200 0
200 send 201 1300 16 0
200 send 203 1100 16 0
200 wait 202 201 1100
200 wait 204 201 1300
200 irecv 204 2100 200 0
200 irecv 196 2300 200 0
200 send 204 2300 40 0
200 send 196 2100 40 0
200 wait 205 201 2100
200 wait 197 201 2300
200 irecv 232 3100 200 0
200 irecv 168 3300 200 0
200 send 232 3300 60 0
200 send 168 3100 60 0
200 wait 233 201 3100
200 wait 169 201 3300
200 irecv 201 1100 200 0
200 irecv 203 1300 200 0
200 send 201 1300 16 0
200 send 203 1100 16 0
200 wait 202 201 1100
200 wait 204 201 1300
200 irecv 204 2100 200 0
200 irecv 196 2300 200 0
200 send 204 2300 40 0
200 send 196 2100 40 0
200 wait 205 201 2100
200 wait 197 201 2300
200 irecv 232 3100 200 0
200 irecv 168 3300 200 0
200 send 232 3300 60 0
200 send 168 3100 60 0
200 wait 233 201 3100
200 wait 169 201 3300
200 irecv 201 1100 200 0
200 irecv 203 1300 200 0
200 send 201 1300 16 0
200 send 203 1100 16 0
200 wait 202 201 1100
200 wait 204 201 1300
200 irecv 204 2100 200 0
200 irecv 196 2300 200 0
200 send 204 2300 40 0
200 send 196 2100 40 0
200 wait 205 201 2100
200 wait 197 201 2300
200 irecv 232 3100 200 0
200 irecv 168 3300 200 0
200 send 232 3300 60 0
200 send 168 3100 60 0
200 wait 233 201 3100
200 wait 169 201 3300
200 irecv 201 1100 200 0
200 irecv 203 1300 200 0
200 send 201 1300 4 0
200 send 203 1100 4 0
200 wait 202 201 1100
200 wait 204 201 1300
200 irecv 204 2100 200 0
200 irecv 196 2300 200 0
200 send 204 2300 12 0
200 send 196 2100 12 0
200 wait 205 201 2100
200 wait 197 201 2300
200 irecv 232 3100 200 0
200 irecv 168 3300 200 0
200 send 232 3300 24 0
200 send 168 3100 24 0
200 wait 233 201 3100
200 wait 169 201 3300
200 irecv 201 1100 200 0
200 irecv 203 1300 200 0
200 send 201 1300 1 0
200 send 203 1100 1 0
200 wait 202 201 1100
200 wait 204 201 1300
200 irecv 204 2100 200 0
200 irecv 196 2300 200 0
200 send 204 2300 4 0
200 send 196 2100 4 0
200 wait 205 201 2100
200 wait 197 201 2300
200 irecv 232 3100 200 0
200 irecv 168 3300 200 0
200 send 232 3300 12 0
200 send 168 3100 12 0
200 wait 233 201 3100
200 wait 169 201 3300
200 irecv 201 1100 200 0
200 irecv 203 1300 200 0
200 wait 202 201 1100
200 wait 204 201 1300
200 irecv 204 2100 200 0
200 irecv 196 2300 200 0
200 wait 205 201 2100
200 wait 197 201 2300
200 irecv 232 3100 200 0
200 irecv 168 3300 200 0
200 wait 233 201 3100
200 wait 169 201 3300
200 irecv 201 1100 200 0
200 irecv 203 1300 200 0
200 send 201 1300 1 0
200 send 203 1100 1 0
200 wait 202 201 1100
200 wait 204 201 1300
200 irecv 204 2100 200 0
200 irecv 196 2300 200 0
200 send 204 2300 4 0
200 send 196 2100 4 0
200 wait 205 201 2100
200 wait 197 201 2300
200 irecv 232 3100 200 0
200 irecv 168 3300 200 0
200 send 232 3300 12 0
200 send 168 3100 12 0
200 wait 233 201 3100
200 wait 169 201 3300
200 irecv 201 1100 200 0
200 irecv 203 1300 200 0
200 send 201 1300 1 0
200 send 203 1100 1 0
200 wait 202 201 1100
200 wait 204 201 1300
200 irecv 204 2100 200 0
200 irecv 196 2300 200 0
200 send 204 2300 4 0
200 send 196 2100 4 0
200 wait 205 201 2100
200 wait 197 201 2300
200 irecv 232 3100 200 0
200 irecv 168 3300 200 0
200 send 232 3300 12 0
200 send 168 3100 12 0
200 wait 233 201 3100
200 wait 169 201 3300
200 irecv 201 1100 200 0
200 irecv 203 1300 200 0
200 send 201 1300 4 0
200 send 203 1100 4 0
200 wait 202 201 1100
200 wait 204 201 1300
200 irecv 204 2100 200 0
200 irecv 196 2300 200 0
200 send 204 2300 12 0
200 send 196 2100 12 0
200 wait 205 201 2100
200 wait 197 201 2300
200 irecv 232 3100 200 0
200 irecv 168 3300 200 0
200 send 232 3300 24 0
200 send 168 3100 24 0
200 wait 233 201 3100
200 wait 169 201 3300
200 irecv 201 1100 200 0
200 irecv 203 1300 200 0
200 send 201 1300 4 0
200 send 203 1100 4 0
200 wait 202 201 1100
200 wait 204 201 1300
200 irecv 204 2100 200 0
200 irecv 196 2300 200 0
200 send 204 2300 12 0
200 send 196 2100 12 0
200 wait 205 201 2100
200 wait 197 201 2300
200 irecv 232 3100 200 0
200 irecv 168 3300 200 0
200 send 232 3300 24 0
200 send 168 3100 24 0
200 wait 233 201 3100
200 wait 169 201 3300
200 irecv 201 1100 200 0
200 irecv 203 1300 200 0
200 send 201 1300 16 0
200 send 203 1100 16 0
200 wait 202 201 1100
200 wait 204 201 1300
200 irecv 204 2100 200 0
200 irecv 196 2300 200 0
200 send 204 2300 40 0
200 send 196 2100 40 0
200 wait 205 201 2100
200 wait 197 201 2300
200 irecv 232 3100 200 0
200 irecv 168 3300 200 0
200 send 232 3300 60 0
200 send 168 3100 60 0
200 wait 233 201 3100
200 wait 169 201 3300
200 irecv 201 1100 200 0
200 irecv 203 1300 200 0
200 send 201 1300 16 0
200 send 203 1100 16 0
200 wait 202 201 1100
200 wait 204 201 1300
200 irecv 204 2100 200 0
200 irecv 196 2300 200 0
200 send 204 2300 40 0
200 send 196 2100 40 0
200 wait 205 201 2100
200 wait 197 201 2300
200 irecv 232 3100 200 0
200 irecv 168 3300 200 0
200 send 232 3300 60 0
200 send 168 3100 60 0
200 wait 233 201 3100
200 wait 169 201 3300
200 irecv 201 1100 200 0
200 irecv 203 1300 200 0
200 send 201 1300 16 0
200 send 203 1100 16 0
200 wait 202 201 1100
200 wait 204 201 1300
200 irecv 204 2100 200 0
200 irecv 196 2300 200 0
200 send 204 2300 40 0
200 send 196 2100 40 0
200 wait 205 201 2100
200 wait 197 201 2300
200 irecv 232 3100 200 0
200 irecv 168 3300 200 0
200 send 232 3300 60 0
200 send 168 3100 60 0
200 wait 233 201 3100
200 wait 169 201 3300
200 allreduce 1 0 0 
200 allreduce 1 0 0 
200 reduce 1 0 0 0 
200 finalize
