142 init
142 barrier
142 bcast 1 0 1 
142 bcast 1 0 1 
142 bcast 1 0 1 
142 bcast 1 0 1 
142 bcast 1 0 1 
142 bcast 8 0 1 
142 bcast 1 0 16 
142 barrier
142 allreduce 1 0 0 
142 allreduce 4 0 1 
142 allreduce 1 0 0 
142 allreduce 4 0 1 
142 allreduce 1 0 0 
142 allreduce 4 0 1 
142 allreduce 1 0 0 
142 allreduce 4 0 1 
142 allreduce 1 0 0 
142 allreduce 4 0 1 
142 allreduce 1 0 0 
142 allreduce 4 0 1 
142 allreduce 1 0 0 
142 allreduce 4 0 1 
142 allreduce 1 0 0 
142 allreduce 4 0 1 
142 allreduce 1 0 0 
142 allreduce 4 0 1 
142 allreduce 1 0 0 
142 allreduce 4 0 1 
142 allreduce 1 0 0 
142 allreduce 4 0 1 
142 allreduce 1 0 0 
142 allreduce 4 0 1 
142 allreduce 1 0 0 
142 allreduce 4 0 1 
142 allreduce 1 0 0 
142 allreduce 4 0 1 
142 allreduce 1 0 0 
142 allreduce 4 0 1 
142 allreduce 1 0 0 
142 allreduce 4 0 1 
142 allreduce 1 0 0 
142 allreduce 4 0 1 
142 allreduce 1 0 0 
142 allreduce 4 0 1 
142 allreduce 1 0 0 
142 allreduce 4 0 1 
142 allreduce 1 0 0 
142 allreduce 4 0 1 
142 barrier
142 irecv 143 1100 200 0
142 irecv 141 1300 200 0
142 send 143 1300 16 0
142 send 141 1100 16 0
142 wait 144 143 1100
142 wait 142 143 1300
142 irecv 146 2100 200 0
142 irecv 138 2300 200 0
142 send 146 2300 40 0
142 send 138 2100 40 0
142 wait 147 143 2100
142 wait 139 143 2300
142 irecv 174 3100 200 0
142 irecv 110 3300 200 0
142 send 174 3300 60 0
142 send 110 3100 60 0
142 wait 175 143 3100
142 wait 111 143 3300
142 allreduce 1 0 0 
142 allreduce 1 0 0 
142 irecv 143 1100 200 0
142 irecv 141 1300 200 0
142 send 143 1300 16 0
142 send 141 1100 16 0
142 wait 144 143 1100
142 wait 142 143 1300
142 irecv 146 2100 200 0
142 irecv 138 2300 200 0
142 send 146 2300 40 0
142 send 138 2100 40 0
142 wait 147 143 2100
142 wait 139 143 2300
142 irecv 174 3100 200 0
142 irecv 110 3300 200 0
142 send 174 3300 60 0
142 send 110 3100 60 0
142 wait 175 143 3100
142 wait 111 143 3300
142 allreduce 1 0 0 
142 allreduce 1 0 0 
142 irecv 143 1100 200 0
142 irecv 141 1300 200 0
142 send 143 1300 4 0
142 send 141 1100 4 0
142 wait 144 143 1100
142 wait 142 143 1300
142 irecv 146 2100 200 0
142 irecv 138 2300 200 0
142 send 146 2300 12 0
142 send 138 2100 12 0
142 wait 147 143 2100
142 wait 139 143 2300
142 irecv 174 3100 200 0
142 irecv 110 3300 200 0
142 send 174 3300 24 0
142 send 110 3100 24 0
142 wait 175 143 3100
142 wait 111 143 3300
142 irecv 143 1100 200 0
142 irecv 141 1300 200 0
142 send 143 1300 1 0
142 send 141 1100 1 0
142 wait 144 143 1100
142 wait 142 143 1300
142 irecv 146 2100 200 0
142 irecv 138 2300 200 0
142 send 146 2300 4 0
142 send 138 2100 4 0
142 wait 147 143 2100
142 wait 139 143 2300
142 irecv 174 3100 200 0
142 irecv 110 3300 200 0
142 send 174 3300 12 0
142 send 110 3100 12 0
142 wait 175 143 3100
142 wait 111 143 3300
142 irecv 143 1100 200 0
142 irecv 141 1300 200 0
142 wait 144 143 1100
142 wait 142 143 1300
142 send 150 2300 12 0
142 send 134 2100 6 0
142 send 146 2300 24 0
142 send 138 2100 12 0
142 irecv 174 3100 200 0
142 irecv 110 3300 200 0
142 wait 175 143 3100
142 wait 111 143 3300
142 irecv 143 1100 200 0
142 irecv 141 1300 200 0
142 send 143 1300 1 0
142 send 141 1100 1 0
142 wait 144 143 1100
142 wait 142 143 1300
142 irecv 146 2100 200 0
142 irecv 138 2300 200 0
142 send 146 2300 4 0
142 send 138 2100 4 0
142 wait 147 143 2100
142 wait 139 143 2300
142 irecv 174 3100 200 0
142 irecv 110 3300 200 0
142 send 174 3300 12 0
142 send 110 3100 12 0
142 wait 175 143 3100
142 wait 111 143 3300
142 irecv 143 1100 200 0
142 irecv 141 1300 200 0
142 send 143 1300 1 0
142 send 141 1100 1 0
142 wait 144 143 1100
142 wait 142 143 1300
142 irecv 146 2100 200 0
142 irecv 138 2300 200 0
142 send 146 2300 4 0
142 send 138 2100 4 0
142 wait 147 143 2100
142 wait 139 143 2300
142 irecv 174 3100 200 0
142 irecv 110 3300 200 0
142 send 174 3300 12 0
142 send 110 3100 12 0
142 wait 175 143 3100
142 wait 111 143 3300
142 irecv 143 1100 200 0
142 irecv 141 1300 200 0
142 send 143 1300 4 0
142 send 141 1100 4 0
142 wait 144 143 1100
142 wait 142 143 1300
142 irecv 146 2100 200 0
142 irecv 138 2300 200 0
142 send 146 2300 12 0
142 send 138 2100 12 0
142 wait 147 143 2100
142 wait 139 143 2300
142 irecv 174 3100 200 0
142 irecv 110 3300 200 0
142 send 174 3300 24 0
142 send 110 3100 24 0
142 wait 175 143 3100
142 wait 111 143 3300
142 irecv 143 1100 200 0
142 irecv 141 1300 200 0
142 send 143 1300 4 0
142 send 141 1100 4 0
142 wait 144 143 1100
142 wait 142 143 1300
142 irecv 146 2100 200 0
142 irecv 138 2300 200 0
142 send 146 2300 12 0
142 send 138 2100 12 0
142 wait 147 143 2100
142 wait 139 143 2300
142 irecv 174 3100 200 0
142 irecv 110 3300 200 0
142 send 174 3300 24 0
142 send 110 3100 24 0
142 wait 175 143 3100
142 wait 111 143 3300
142 irecv 143 1100 200 0
142 irecv 141 1300 200 0
142 send 143 1300 16 0
142 send 141 1100 16 0
142 wait 144 143 1100
142 wait 142 143 1300
142 irecv 146 2100 200 0
142 irecv 138 2300 200 0
142 send 146 2300 40 0
142 send 138 2100 40 0
142 wait 147 143 2100
142 wait 139 143 2300
142 irecv 174 3100 200 0
142 irecv 110 3300 200 0
142 send 174 3300 60 0
142 send 110 3100 60 0
142 wait 175 143 3100
142 wait 111 143 3300
142 irecv 143 1100 200 0
142 irecv 141 1300 200 0
142 send 143 1300 16 0
142 send 141 1100 16 0
142 wait 144 143 1100
142 wait 142 143 1300
142 irecv 146 2100 200 0
142 irecv 138 2300 200 0
142 send 146 2300 40 0
142 send 138 2100 40 0
142 wait 147 143 2100
142 wait 139 143 2300
142 irecv 174 3100 200 0
142 irecv 110 3300 200 0
142 send 174 3300 60 0
142 send 110 3100 60 0
142 wait 175 143 3100
142 wait 111 143 3300
142 irecv 143 1100 200 0
142 irecv 141 1300 200 0
142 send 143 1300 16 0
142 send 141 1100 16 0
142 wait 144 143 1100
142 wait 142 143 1300
142 irecv 146 2100 200 0
142 irecv 138 2300 200 0
142 send 146 2300 40 0
142 send 138 2100 40 0
142 wait 147 143 2100
142 wait 139 143 2300
142 irecv 174 3100 200 0
142 irecv 110 3300 200 0
142 send 174 3300 60 0
142 send 110 3100 60 0
142 wait 175 143 3100
142 wait 111 143 3300
142 barrier
142 allreduce 1 0 0 
142 allreduce 4 0 1 
142 allreduce 1 0 0 
142 allreduce 4 0 1 
142 allreduce 1 0 0 
142 allreduce 4 0 1 
142 allreduce 1 0 0 
142 allreduce 4 0 1 
142 allreduce 1 0 0 
142 allreduce 4 0 1 
142 allreduce 1 0 0 
142 allreduce 4 0 1 
142 allreduce 1 0 0 
142 allreduce 4 0 1 
142 allreduce 1 0 0 
142 allreduce 4 0 1 
142 allreduce 1 0 0 
142 allreduce 4 0 1 
142 allreduce 1 0 0 
142 allreduce 4 0 1 
142 allreduce 1 0 0 
142 allreduce 4 0 1 
142 allreduce 1 0 0 
142 allreduce 4 0 1 
142 allreduce 1 0 0 
142 allreduce 4 0 1 
142 allreduce 1 0 0 
142 allreduce 4 0 1 
142 allreduce 1 0 0 
142 allreduce 4 0 1 
142 allreduce 1 0 0 
142 allreduce 4 0 1 
142 allreduce 1 0 0 
142 allreduce 4 0 1 
142 allreduce 1 0 0 
142 allreduce 4 0 1 
142 allreduce 1 0 0 
142 allreduce 4 0 1 
142 allreduce 1 0 0 
142 allreduce 4 0 1 
142 barrier
142 irecv 143 1100 200 0
142 irecv 141 1300 200 0
142 send 143 1300 16 0
142 send 141 1100 16 0
142 wait 144 143 1100
142 wait 142 143 1300
142 irecv 146 2100 200 0
142 irecv 138 2300 200 0
142 send 146 2300 40 0
142 send 138 2100 40 0
142 wait 147 143 2100
142 wait 139 143 2300
142 irecv 174 3100 200 0
142 irecv 110 3300 200 0
142 send 174 3300 60 0
142 send 110 3100 60 0
142 wait 175 143 3100
142 wait 111 143 3300
142 barrier
142 irecv 143 1100 200 0
142 irecv 141 1300 200 0
142 send 143 1300 16 0
142 send 141 1100 16 0
142 wait 144 143 1100
142 wait 142 143 1300
142 irecv 146 2100 200 0
142 irecv 138 2300 200 0
142 send 146 2300 40 0
142 send 138 2100 40 0
142 wait 147 143 2100
142 wait 139 143 2300
142 irecv 174 3100 200 0
142 irecv 110 3300 200 0
142 send 174 3300 60 0
142 send 110 3100 60 0
142 wait 175 143 3100
142 wait 111 143 3300
142 allreduce 1 0 0 
142 allreduce 1 0 0 
142 irecv 143 1100 200 0
142 irecv 141 1300 200 0
142 send 143 1300 4 0
142 send 141 1100 4 0
142 wait 144 143 1100
142 wait 142 143 1300
142 irecv 146 2100 200 0
142 irecv 138 2300 200 0
142 send 146 2300 12 0
142 send 138 2100 12 0
142 wait 147 143 2100
142 wait 139 143 2300
142 irecv 174 3100 200 0
142 irecv 110 3300 200 0
142 send 174 3300 24 0
142 send 110 3100 24 0
142 wait 175 143 3100
142 wait 111 143 3300
142 irecv 143 1100 200 0
142 irecv 141 1300 200 0
142 send 143 1300 1 0
142 send 141 1100 1 0
142 wait 144 143 1100
142 wait 142 143 1300
142 irecv 146 2100 200 0
142 irecv 138 2300 200 0
142 send 146 2300 4 0
142 send 138 2100 4 0
142 wait 147 143 2100
142 wait 139 143 2300
142 irecv 174 3100 200 0
142 irecv 110 3300 200 0
142 send 174 3300 12 0
142 send 110 3100 12 0
142 wait 175 143 3100
142 wait 111 143 3300
142 irecv 143 1100 200 0
142 irecv 141 1300 200 0
142 wait 144 143 1100
142 wait 142 143 1300
142 send 150 2300 12 0
142 send 134 2100 6 0
142 send 146 2300 24 0
142 send 138 2100 12 0
142 irecv 174 3100 200 0
142 irecv 110 3300 200 0
142 wait 175 143 3100
142 wait 111 143 3300
142 irecv 143 1100 200 0
142 irecv 141 1300 200 0
142 send 143 1300 1 0
142 send 141 1100 1 0
142 wait 144 143 1100
142 wait 142 143 1300
142 irecv 146 2100 200 0
142 irecv 138 2300 200 0
142 send 146 2300 4 0
142 send 138 2100 4 0
142 wait 147 143 2100
142 wait 139 143 2300
142 irecv 174 3100 200 0
142 irecv 110 3300 200 0
142 send 174 3300 12 0
142 send 110 3100 12 0
142 wait 175 143 3100
142 wait 111 143 3300
142 irecv 143 1100 200 0
142 irecv 141 1300 200 0
142 send 143 1300 1 0
142 send 141 1100 1 0
142 wait 144 143 1100
142 wait 142 143 1300
142 irecv 146 2100 200 0
142 irecv 138 2300 200 0
142 send 146 2300 4 0
142 send 138 2100 4 0
142 wait 147 143 2100
142 wait 139 143 2300
142 irecv 174 3100 200 0
142 irecv 110 3300 200 0
142 send 174 3300 12 0
142 send 110 3100 12 0
142 wait 175 143 3100
142 wait 111 143 3300
142 irecv 143 1100 200 0
142 irecv 141 1300 200 0
142 send 143 1300 4 0
142 send 141 1100 4 0
142 wait 144 143 1100
142 wait 142 143 1300
142 irecv 146 2100 200 0
142 irecv 138 2300 200 0
142 send 146 2300 12 0
142 send 138 2100 12 0
142 wait 147 143 2100
142 wait 139 143 2300
142 irecv 174 3100 200 0
142 irecv 110 3300 200 0
142 send 174 3300 24 0
142 send 110 3100 24 0
142 wait 175 143 3100
142 wait 111 143 3300
142 irecv 143 1100 200 0
142 irecv 141 1300 200 0
142 send 143 1300 4 0
142 send 141 1100 4 0
142 wait 144 143 1100
142 wait 142 143 1300
142 irecv 146 2100 200 0
142 irecv 138 2300 200 0
142 send 146 2300 12 0
142 send 138 2100 12 0
142 wait 147 143 2100
142 wait 139 143 2300
142 irecv 174 3100 200 0
142 irecv 110 3300 200 0
142 send 174 3300 24 0
142 send 110 3100 24 0
142 wait 175 143 3100
142 wait 111 143 3300
142 irecv 143 1100 200 0
142 irecv 141 1300 200 0
142 send 143 1300 16 0
142 send 141 1100 16 0
142 wait 144 143 1100
142 wait 142 143 1300
142 irecv 146 2100 200 0
142 irecv 138 2300 200 0
142 send 146 2300 40 0
142 send 138 2100 40 0
142 wait 147 143 2100
142 wait 139 143 2300
142 irecv 174 3100 200 0
142 irecv 110 3300 200 0
142 send 174 3300 60 0
142 send 110 3100 60 0
142 wait 175 143 3100
142 wait 111 143 3300
142 irecv 143 1100 200 0
142 irecv 141 1300 200 0
142 send 143 1300 16 0
142 send 141 1100 16 0
142 wait 144 143 1100
142 wait 142 143 1300
142 irecv 146 2100 200 0
142 irecv 138 2300 200 0
142 send 146 2300 40 0
142 send 138 2100 40 0
142 wait 147 143 2100
142 wait 139 143 2300
142 irecv 174 3100 200 0
142 irecv 110 3300 200 0
142 send 174 3300 60 0
142 send 110 3100 60 0
142 wait 175 143 3100
142 wait 111 143 3300
142 irecv 143 1100 200 0
142 irecv 141 1300 200 0
142 send 143 1300 16 0
142 send 141 1100 16 0
142 wait 144 143 1100
142 wait 142 143 1300
142 irecv 146 2100 200 0
142 irecv 138 2300 200 0
142 send 146 2300 40 0
142 send 138 2100 40 0
142 wait 147 143 2100
142 wait 139 143 2300
142 irecv 174 3100 200 0
142 irecv 110 3300 200 0
142 send 174 3300 60 0
142 send 110 3100 60 0
142 wait 175 143 3100
142 wait 111 143 3300
142 irecv 143 1100 200 0
142 irecv 141 1300 200 0
142 send 143 1300 4 0
142 send 141 1100 4 0
142 wait 144 143 1100
142 wait 142 143 1300
142 irecv 146 2100 200 0
142 irecv 138 2300 200 0
142 send 146 2300 12 0
142 send 138 2100 12 0
142 wait 147 143 2100
142 wait 139 143 2300
142 irecv 174 3100 200 0
142 irecv 110 3300 200 0
142 send 174 3300 24 0
142 send 110 3100 24 0
142 wait 175 143 3100
142 wait 111 143 3300
142 irecv 143 1100 200 0
142 irecv 141 1300 200 0
142 send 143 1300 1 0
142 send 141 1100 1 0
142 wait 144 143 1100
142 wait 142 143 1300
142 irecv 146 2100 200 0
142 irecv 138 2300 200 0
142 send 146 2300 4 0
142 send 138 2100 4 0
142 wait 147 143 2100
142 wait 139 143 2300
142 irecv 174 3100 200 0
142 irecv 110 3300 200 0
142 send 174 3300 12 0
142 send 110 3100 12 0
142 wait 175 143 3100
142 wait 111 143 3300
142 irecv 143 1100 200 0
142 irecv 141 1300 200 0
142 wait 144 143 1100
142 wait 142 143 1300
142 send 150 2300 12 0
142 send 134 2100 6 0
142 send 146 2300 24 0
142 send 138 2100 12 0
142 irecv 174 3100 200 0
142 irecv 110 3300 200 0
142 wait 175 143 3100
142 wait 111 143 3300
142 irecv 143 1100 200 0
142 irecv 141 1300 200 0
142 send 143 1300 1 0
142 send 141 1100 1 0
142 wait 144 143 1100
142 wait 142 143 1300
142 irecv 146 2100 200 0
142 irecv 138 2300 200 0
142 send 146 2300 4 0
142 send 138 2100 4 0
142 wait 147 143 2100
142 wait 139 143 2300
142 irecv 174 3100 200 0
142 irecv 110 3300 200 0
142 send 174 3300 12 0
142 send 110 3100 12 0
142 wait 175 143 3100
142 wait 111 143 3300
142 irecv 143 1100 200 0
142 irecv 141 1300 200 0
142 send 143 1300 1 0
142 send 141 1100 1 0
142 wait 144 143 1100
142 wait 142 143 1300
142 irecv 146 2100 200 0
142 irecv 138 2300 200 0
142 send 146 2300 4 0
142 send 138 2100 4 0
142 wait 147 143 2100
142 wait 139 143 2300
142 irecv 174 3100 200 0
142 irecv 110 3300 200 0
142 send 174 3300 12 0
142 send 110 3100 12 0
142 wait 175 143 3100
142 wait 111 143 3300
142 irecv 143 1100 200 0
142 irecv 141 1300 200 0
142 send 143 1300 4 0
142 send 141 1100 4 0
142 wait 144 143 1100
142 wait 142 143 1300
142 irecv 146 2100 200 0
142 irecv 138 2300 200 0
142 send 146 2300 12 0
142 send 138 2100 12 0
142 wait 147 143 2100
142 wait 139 143 2300
142 irecv 174 3100 200 0
142 irecv 110 3300 200 0
142 send 174 3300 24 0
142 send 110 3100 24 0
142 wait 175 143 3100
142 wait 111 143 3300
142 irecv 143 1100 200 0
142 irecv 141 1300 200 0
142 send 143 1300 4 0
142 send 141 1100 4 0
142 wait 144 143 1100
142 wait 142 143 1300
142 irecv 146 2100 200 0
142 irecv 138 2300 200 0
142 send 146 2300 12 0
142 send 138 2100 12 0
142 wait 147 143 2100
142 wait 139 143 2300
142 irecv 174 3100 200 0
142 irecv 110 3300 200 0
142 send 174 3300 24 0
142 send 110 3100 24 0
142 wait 175 143 3100
142 wait 111 143 3300
142 irecv 143 1100 200 0
142 irecv 141 1300 200 0
142 send 143 1300 16 0
142 send 141 1100 16 0
142 wait 144 143 1100
142 wait 142 143 1300
142 irecv 146 2100 200 0
142 irecv 138 2300 200 0
142 send 146 2300 40 0
142 send 138 2100 40 0
142 wait 147 143 2100
142 wait 139 143 2300
142 irecv 174 3100 200 0
142 irecv 110 3300 200 0
142 send 174 3300 60 0
142 send 110 3100 60 0
142 wait 175 143 3100
142 wait 111 143 3300
142 irecv 143 1100 200 0
142 irecv 141 1300 200 0
142 send 143 1300 16 0
142 send 141 1100 16 0
142 wait 144 143 1100
142 wait 142 143 1300
142 irecv 146 2100 200 0
142 irecv 138 2300 200 0
142 send 146 2300 40 0
142 send 138 2100 40 0
142 wait 147 143 2100
142 wait 139 143 2300
142 irecv 174 3100 200 0
142 irecv 110 3300 200 0
142 send 174 3300 60 0
142 send 110 3100 60 0
142 wait 175 143 3100
142 wait 111 143 3300
142 irecv 143 1100 200 0
142 irecv 141 1300 200 0
142 send 143 1300 16 0
142 send 141 1100 16 0
142 wait 144 143 1100
142 wait 142 143 1300
142 irecv 146 2100 200 0
142 irecv 138 2300 200 0
142 send 146 2300 40 0
142 send 138 2100 40 0
142 wait 147 143 2100
142 wait 139 143 2300
142 irecv 174 3100 200 0
142 irecv 110 3300 200 0
142 send 174 3300 60 0
142 send 110 3100 60 0
142 wait 175 143 3100
142 wait 111 143 3300
142 irecv 143 1100 200 0
142 irecv 141 1300 200 0
142 send 143 1300 4 0
142 send 141 1100 4 0
142 wait 144 143 1100
142 wait 142 143 1300
142 irecv 146 2100 200 0
142 irecv 138 2300 200 0
142 send 146 2300 12 0
142 send 138 2100 12 0
142 wait 147 143 2100
142 wait 139 143 2300
142 irecv 174 3100 200 0
142 irecv 110 3300 200 0
142 send 174 3300 24 0
142 send 110 3100 24 0
142 wait 175 143 3100
142 wait 111 143 3300
142 irecv 143 1100 200 0
142 irecv 141 1300 200 0
142 send 143 1300 1 0
142 send 141 1100 1 0
142 wait 144 143 1100
142 wait 142 143 1300
142 irecv 146 2100 200 0
142 irecv 138 2300 200 0
142 send 146 2300 4 0
142 send 138 2100 4 0
142 wait 147 143 2100
142 wait 139 143 2300
142 irecv 174 3100 200 0
142 irecv 110 3300 200 0
142 send 174 3300 12 0
142 send 110 3100 12 0
142 wait 175 143 3100
142 wait 111 143 3300
142 irecv 143 1100 200 0
142 irecv 141 1300 200 0
142 wait 144 143 1100
142 wait 142 143 1300
142 send 150 2300 12 0
142 send 134 2100 6 0
142 send 146 2300 24 0
142 send 138 2100 12 0
142 irecv 174 3100 200 0
142 irecv 110 3300 200 0
142 wait 175 143 3100
142 wait 111 143 3300
142 irecv 143 1100 200 0
142 irecv 141 1300 200 0
142 send 143 1300 1 0
142 send 141 1100 1 0
142 wait 144 143 1100
142 wait 142 143 1300
142 irecv 146 2100 200 0
142 irecv 138 2300 200 0
142 send 146 2300 4 0
142 send 138 2100 4 0
142 wait 147 143 2100
142 wait 139 143 2300
142 irecv 174 3100 200 0
142 irecv 110 3300 200 0
142 send 174 3300 12 0
142 send 110 3100 12 0
142 wait 175 143 3100
142 wait 111 143 3300
142 irecv 143 1100 200 0
142 irecv 141 1300 200 0
142 send 143 1300 1 0
142 send 141 1100 1 0
142 wait 144 143 1100
142 wait 142 143 1300
142 irecv 146 2100 200 0
142 irecv 138 2300 200 0
142 send 146 2300 4 0
142 send 138 2100 4 0
142 wait 147 143 2100
142 wait 139 143 2300
142 irecv 174 3100 200 0
142 irecv 110 3300 200 0
142 send 174 3300 12 0
142 send 110 3100 12 0
142 wait 175 143 3100
142 wait 111 143 3300
142 irecv 143 1100 200 0
142 irecv 141 1300 200 0
142 send 143 1300 4 0
142 send 141 1100 4 0
142 wait 144 143 1100
142 wait 142 143 1300
142 irecv 146 2100 200 0
142 irecv 138 2300 200 0
142 send 146 2300 12 0
142 send 138 2100 12 0
142 wait 147 143 2100
142 wait 139 143 2300
142 irecv 174 3100 200 0
142 irecv 110 3300 200 0
142 send 174 3300 24 0
142 send 110 3100 24 0
142 wait 175 143 3100
142 wait 111 143 3300
142 irecv 143 1100 200 0
142 irecv 141 1300 200 0
142 send 143 1300 4 0
142 send 141 1100 4 0
142 wait 144 143 1100
142 wait 142 143 1300
142 irecv 146 2100 200 0
142 irecv 138 2300 200 0
142 send 146 2300 12 0
142 send 138 2100 12 0
142 wait 147 143 2100
142 wait 139 143 2300
142 irecv 174 3100 200 0
142 irecv 110 3300 200 0
142 compute 312.5
142 send 174 3300 24 0
142 send 110 3100 24 0
142 wait 175 143 3100
142 wait 111 143 3300
142 irecv 143 1100 200 0
142 irecv 141 1300 200 0
142 send 143 1300 16 0
142 send 141 1100 16 0
142 wait 144 143 1100
142 wait 142 143 1300
142 irecv 146 2100 200 0
142 irecv 138 2300 200 0
142 send 146 2300 40 0
142 send 138 2100 40 0
142 wait 147 143 2100
142 wait 139 143 2300
142 irecv 174 3100 200 0
142 irecv 110 3300 200 0
142 send 174 3300 60 0
142 send 110 3100 60 0
142 wait 175 143 3100
142 wait 111 143 3300
142 irecv 143 1100 200 0
142 irecv 141 1300 200 0
142 send 143 1300 16 0
142 send 141 1100 16 0
142 wait 144 143 1100
142 wait 142 143 1300
142 irecv 146 2100 200 0
142 irecv 138 2300 200 0
142 send 146 2300 40 0
142 send 138 2100 40 0
142 wait 147 143 2100
142 wait 139 143 2300
142 irecv 174 3100 200 0
142 irecv 110 3300 200 0
142 send 174 3300 60 0
142 send 110 3100 60 0
142 wait 175 143 3100
142 wait 111 143 3300
142 irecv 143 1100 200 0
142 irecv 141 1300 200 0
142 send 143 1300 16 0
142 send 141 1100 16 0
142 wait 144 143 1100
142 wait 142 143 1300
142 irecv 146 2100 200 0
142 irecv 138 2300 200 0
142 send 146 2300 40 0
142 send 138 2100 40 0
142 wait 147 143 2100
142 wait 139 143 2300
142 irecv 174 3100 200 0
142 irecv 110 3300 200 0
142 send 174 3300 60 0
142 send 110 3100 60 0
142 wait 175 143 3100
142 wait 111 143 3300
142 irecv 143 1100 200 0
142 irecv 141 1300 200 0
142 send 143 1300 4 0
142 send 141 1100 4 0
142 wait 144 143 1100
142 wait 142 143 1300
142 irecv 146 2100 200 0
142 irecv 138 2300 200 0
142 send 146 2300 12 0
142 send 138 2100 12 0
142 wait 147 143 2100
142 wait 139 143 2300
142 irecv 174 3100 200 0
142 irecv 110 3300 200 0
142 send 174 3300 24 0
142 send 110 3100 24 0
142 wait 175 143 3100
142 wait 111 143 3300
142 irecv 143 1100 200 0
142 irecv 141 1300 200 0
142 send 143 1300 1 0
142 send 141 1100 1 0
142 wait 144 143 1100
142 wait 142 143 1300
142 irecv 146 2100 200 0
142 irecv 138 2300 200 0
142 send 146 2300 4 0
142 send 138 2100 4 0
142 wait 147 143 2100
142 wait 139 143 2300
142 irecv 174 3100 200 0
142 irecv 110 3300 200 0
142 send 174 3300 12 0
142 send 110 3100 12 0
142 wait 175 143 3100
142 wait 111 143 3300
142 irecv 143 1100 200 0
142 irecv 141 1300 200 0
142 wait 144 143 1100
142 wait 142 143 1300
142 send 150 2300 12 0
142 send 134 2100 6 0
142 send 146 2300 24 0
142 send 138 2100 12 0
142 irecv 174 3100 200 0
142 irecv 110 3300 200 0
142 wait 175 143 3100
142 wait 111 143 3300
142 irecv 143 1100 200 0
142 irecv 141 1300 200 0
142 send 143 1300 1 0
142 send 141 1100 1 0
142 wait 144 143 1100
142 wait 142 143 1300
142 irecv 146 2100 200 0
142 irecv 138 2300 200 0
142 send 146 2300 4 0
142 send 138 2100 4 0
142 wait 147 143 2100
142 wait 139 143 2300
142 irecv 174 3100 200 0
142 irecv 110 3300 200 0
142 send 174 3300 12 0
142 send 110 3100 12 0
142 wait 175 143 3100
142 wait 111 143 3300
142 irecv 143 1100 200 0
142 irecv 141 1300 200 0
142 send 143 1300 1 0
142 send 141 1100 1 0
142 wait 144 143 1100
142 wait 142 143 1300
142 irecv 146 2100 200 0
142 irecv 138 2300 200 0
142 send 146 2300 4 0
142 send 138 2100 4 0
142 wait 147 143 2100
142 wait 139 143 2300
142 irecv 174 3100 200 0
142 irecv 110 3300 200 0
142 send 174 3300 12 0
142 send 110 3100 12 0
142 wait 175 143 3100
142 wait 111 143 3300
142 irecv 143 1100 200 0
142 irecv 141 1300 200 0
142 send 143 1300 4 0
142 send 141 1100 4 0
142 wait 144 143 1100
142 wait 142 143 1300
142 irecv 146 2100 200 0
142 irecv 138 2300 200 0
142 send 146 2300 12 0
142 send 138 2100 12 0
142 wait 147 143 2100
142 wait 139 143 2300
142 irecv 174 3100 200 0
142 irecv 110 3300 200 0
142 send 174 3300 24 0
142 send 110 3100 24 0
142 wait 175 143 3100
142 wait 111 143 3300
142 irecv 143 1100 200 0
142 irecv 141 1300 200 0
142 send 143 1300 4 0
142 send 141 1100 4 0
142 wait 144 143 1100
142 wait 142 143 1300
142 irecv 146 2100 200 0
142 irecv 138 2300 200 0
142 send 146 2300 12 0
142 send 138 2100 12 0
142 wait 147 143 2100
142 wait 139 143 2300
142 irecv 174 3100 200 0
142 irecv 110 3300 200 0
142 send 174 3300 24 0
142 send 110 3100 24 0
142 wait 175 143 3100
142 wait 111 143 3300
142 irecv 143 1100 200 0
142 irecv 141 1300 200 0
142 send 143 1300 16 0
142 send 141 1100 16 0
142 wait 144 143 1100
142 wait 142 143 1300
142 irecv 146 2100 200 0
142 irecv 138 2300 200 0
142 send 146 2300 40 0
142 send 138 2100 40 0
142 wait 147 143 2100
142 wait 139 143 2300
142 irecv 174 3100 200 0
142 irecv 110 3300 200 0
142 send 174 3300 60 0
142 send 110 3100 60 0
142 wait 175 143 3100
142 wait 111 143 3300
142 irecv 143 1100 200 0
142 irecv 141 1300 200 0
142 send 143 1300 16 0
142 send 141 1100 16 0
142 wait 144 143 1100
142 wait 142 143 1300
142 irecv 146 2100 200 0
142 irecv 138 2300 200 0
142 send 146 2300 40 0
142 send 138 2100 40 0
142 wait 147 143 2100
142 wait 139 143 2300
142 irecv 174 3100 200 0
142 irecv 110 3300 200 0
142 send 174 3300 60 0
142 send 110 3100 60 0
142 wait 175 143 3100
142 wait 111 143 3300
142 irecv 143 1100 200 0
142 irecv 141 1300 200 0
142 send 143 1300 16 0
142 send 141 1100 16 0
142 wait 144 143 1100
142 wait 142 143 1300
142 irecv 146 2100 200 0
142 irecv 138 2300 200 0
142 send 146 2300 40 0
142 send 138 2100 40 0
142 wait 147 143 2100
142 wait 139 143 2300
142 irecv 174 3100 200 0
142 irecv 110 3300 200 0
142 send 174 3300 60 0
142 send 110 3100 60 0
142 wait 175 143 3100
142 wait 111 143 3300
142 allreduce 1 0 0 
142 allreduce 1 0 0 
142 reduce 1 0 0 0 
142 finalize
