19 init
19 barrier
19 bcast 1 0 1 
19 bcast 1 0 1 
19 bcast 1 0 1 
19 bcast 1 0 1 
19 bcast 1 0 1 
19 bcast 8 0 1 
19 bcast 1 0 16 
19 barrier
19 allreduce 1 0 0 
19 allreduce 4 0 1 
19 allreduce 1 0 0 
19 allreduce 4 0 1 
19 allreduce 1 0 0 
19 allreduce 4 0 1 
19 allreduce 1 0 0 
19 allreduce 4 0 1 
19 allreduce 1 0 0 
19 allreduce 4 0 1 
19 allreduce 1 0 0 
19 allreduce 4 0 1 
19 allreduce 1 0 0 
19 allreduce 4 0 1 
19 allreduce 1 0 0 
19 allreduce 4 0 1 
19 allreduce 1 0 0 
19 allreduce 4 0 1 
19 allreduce 1 0 0 
19 allreduce 4 0 1 
19 allreduce 1 0 0 
19 allreduce 4 0 1 
19 allreduce 1 0 0 
19 allreduce 4 0 1 
19 allreduce 1 0 0 
19 allreduce 4 0 1 
19 allreduce 1 0 0 
19 allreduce 4 0 1 
19 allreduce 1 0 0 
19 allreduce 4 0 1 
19 allreduce 1 0 0 
19 allreduce 4 0 1 
19 allreduce 1 0 0 
19 allreduce 4 0 1 
19 allreduce 1 0 0 
19 allreduce 4 0 1 
19 allreduce 1 0 0 
19 allreduce 4 0 1 
19 allreduce 1 0 0 
19 allreduce 4 0 1 
19 barrier
19 irecv 16 1100 200 0
19 irecv 18 1300 200 0
19 send 16 1300 16 0
19 send 18 1100 16 0
19 wait 17 20 1100
19 wait 19 20 1300
19 irecv 23 2100 200 0
19 irecv 15 2300 200 0
19 send 23 2300 40 0
19 send 15 2100 40 0
19 wait 24 20 2100
19 wait 16 20 2300
19 irecv 51 3100 200 0
19 irecv 243 3300 200 0
19 send 51 3300 60 0
19 send 243 3100 60 0
19 wait 52 20 3100
19 wait 244 20 3300
19 allreduce 1 0 0 
19 allreduce 1 0 0 
19 irecv 16 1100 200 0
19 irecv 18 1300 200 0
19 send 16 1300 16 0
19 send 18 1100 16 0
19 wait 17 20 1100
19 wait 19 20 1300
19 irecv 23 2100 200 0
19 irecv 15 2300 200 0
19 send 23 2300 40 0
19 send 15 2100 40 0
19 wait 24 20 2100
19 wait 16 20 2300
19 irecv 51 3100 200 0
19 irecv 243 3300 200 0
19 send 51 3300 60 0
19 send 243 3100 60 0
19 wait 52 20 3100
19 wait 244 20 3300
19 allreduce 1 0 0 
19 allreduce 1 0 0 
19 irecv 16 1100 200 0
19 irecv 18 1300 200 0
19 send 16 1300 4 0
19 send 18 1100 4 0
19 wait 17 20 1100
19 wait 19 20 1300
19 irecv 23 2100 200 0
19 irecv 15 2300 200 0
19 send 23 2300 12 0
19 send 15 2100 12 0
19 wait 24 20 2100
19 wait 16 20 2300
19 irecv 51 3100 200 0
19 irecv 243 3300 200 0
19 send 51 3300 24 0
19 send 243 3100 24 0
19 wait 52 20 3100
19 wait 244 20 3300
19 irecv 16 1100 200 0
19 irecv 18 1300 200 0
19 send 16 1300 1 0
19 send 18 1100 1 0
19 wait 17 20 1100
19 wait 19 20 1300
19 irecv 23 2100 200 0
19 irecv 15 2300 200 0
19 send 23 2300 4 0
19 send 15 2100 4 0
19 wait 24 20 2100
19 wait 16 20 2300
19 irecv 51 3100 200 0
19 irecv 243 3300 200 0
19 send 51 3300 12 0
19 send 243 3100 12 0
19 wait 52 20 3100
19 wait 244 20 3300
19 send 16 1300 8 0
19 send 18 1100 4 0
19 irecv 23 2100 200 0
19 irecv 15 2300 200 0
19 wait 24 20 2100
19 wait 16 20 2300
19 irecv 51 3100 200 0
19 irecv 243 3300 200 0
19 wait 52 20 3100
19 wait 244 20 3300
19 irecv 16 1100 200 0
19 irecv 18 1300 200 0
19 send 16 1300 1 0
19 send 18 1100 1 0
19 wait 17 20 1100
19 wait 19 20 1300
19 irecv 23 2100 200 0
19 irecv 15 2300 200 0
19 send 23 2300 4 0
19 send 15 2100 4 0
19 wait 24 20 2100
19 wait 16 20 2300
19 irecv 51 3100 200 0
19 irecv 243 3300 200 0
19 send 51 3300 12 0
19 send 243 3100 12 0
19 wait 52 20 3100
19 wait 244 20 3300
19 irecv 16 1100 200 0
19 irecv 18 1300 200 0
19 send 16 1300 1 0
19 send 18 1100 1 0
19 wait 17 20 1100
19 wait 19 20 1300
19 irecv 23 2100 200 0
19 irecv 15 2300 200 0
19 send 23 2300 4 0
19 send 15 2100 4 0
19 wait 24 20 2100
19 wait 16 20 2300
19 irecv 51 3100 200 0
19 irecv 243 3300 200 0
19 send 51 3300 12 0
19 send 243 3100 12 0
19 wait 52 20 3100
19 wait 244 20 3300
19 irecv 16 1100 200 0
19 irecv 18 1300 200 0
19 send 16 1300 4 0
19 send 18 1100 4 0
19 wait 17 20 1100
19 wait 19 20 1300
19 irecv 23 2100 200 0
19 irecv 15 2300 200 0
19 send 23 2300 12 0
19 send 15 2100 12 0
19 wait 24 20 2100
19 wait 16 20 2300
19 irecv 51 3100 200 0
19 irecv 243 3300 200 0
19 send 51 3300 24 0
19 send 243 3100 24 0
19 wait 52 20 3100
19 wait 244 20 3300
19 irecv 16 1100 200 0
19 irecv 18 1300 200 0
19 send 16 1300 4 0
19 send 18 1100 4 0
19 wait 17 20 1100
19 wait 19 20 1300
19 irecv 23 2100 200 0
19 irecv 15 2300 200 0
19 send 23 2300 12 0
19 send 15 2100 12 0
19 wait 24 20 2100
19 wait 16 20 2300
19 irecv 51 3100 200 0
19 irecv 243 3300 200 0
19 send 51 3300 24 0
19 send 243 3100 24 0
19 wait 52 20 3100
19 wait 244 20 3300
19 irecv 16 1100 200 0
19 irecv 18 1300 200 0
19 send 16 1300 16 0
19 send 18 1100 16 0
19 wait 17 20 1100
19 wait 19 20 1300
19 irecv 23 2100 200 0
19 irecv 15 2300 200 0
19 send 23 2300 40 0
19 send 15 2100 40 0
19 wait 24 20 2100
19 wait 16 20 2300
19 irecv 51 3100 200 0
19 irecv 243 3300 200 0
19 send 51 3300 60 0
19 send 243 3100 60 0
19 wait 52 20 3100
19 wait 244 20 3300
19 irecv 16 1100 200 0
19 irecv 18 1300 200 0
19 send 16 1300 16 0
19 send 18 1100 16 0
19 wait 17 20 1100
19 wait 19 20 1300
19 irecv 23 2100 200 0
19 irecv 15 2300 200 0
19 send 23 2300 40 0
19 send 15 2100 40 0
19 wait 24 20 2100
19 wait 16 20 2300
19 irecv 51 3100 200 0
19 irecv 243 3300 200 0
19 send 51 3300 60 0
19 send 243 3100 60 0
19 wait 52 20 3100
19 wait 244 20 3300
19 irecv 16 1100 200 0
19 irecv 18 1300 200 0
19 send 16 1300 16 0
19 send 18 1100 16 0
19 wait 17 20 1100
19 wait 19 20 1300
19 irecv 23 2100 200 0
19 irecv 15 2300 200 0
19 send 23 2300 40 0
19 send 15 2100 40 0
19 wait 24 20 2100
19 wait 16 20 2300
19 irecv 51 3100 200 0
19 irecv 243 3300 200 0
19 send 51 3300 60 0
19 send 243 3100 60 0
19 wait 52 20 3100
19 wait 244 20 3300
19 barrier
19 allreduce 1 0 0 
19 allreduce 4 0 1 
19 allreduce 1 0 0 
19 allreduce 4 0 1 
19 allreduce 1 0 0 
19 allreduce 4 0 1 
19 allreduce 1 0 0 
19 allreduce 4 0 1 
19 allreduce 1 0 0 
19 allreduce 4 0 1 
19 allreduce 1 0 0 
19 allreduce 4 0 1 
19 allreduce 1 0 0 
19 allreduce 4 0 1 
19 allreduce 1 0 0 
19 allreduce 4 0 1 
19 allreduce 1 0 0 
19 allreduce 4 0 1 
19 allreduce 1 0 0 
19 allreduce 4 0 1 
19 allreduce 1 0 0 
19 allreduce 4 0 1 
19 allreduce 1 0 0 
19 allreduce 4 0 1 
19 allreduce 1 0 0 
19 allreduce 4 0 1 
19 allreduce 1 0 0 
19 allreduce 4 0 1 
19 allreduce 1 0 0 
19 allreduce 4 0 1 
19 allreduce 1 0 0 
19 allreduce 4 0 1 
19 allreduce 1 0 0 
19 allreduce 4 0 1 
19 allreduce 1 0 0 
19 allreduce 4 0 1 
19 allreduce 1 0 0 
19 allreduce 4 0 1 
19 allreduce 1 0 0 
19 allreduce 4 0 1 
19 barrier
19 irecv 16 1100 200 0
19 irecv 18 1300 200 0
19 send 16 1300 16 0
19 send 18 1100 16 0
19 wait 17 20 1100
19 wait 19 20 1300
19 irecv 23 2100 200 0
19 irecv 15 2300 200 0
19 send 23 2300 40 0
19 send 15 2100 40 0
19 wait 24 20 2100
19 wait 16 20 2300
19 irecv 51 3100 200 0
19 irecv 243 3300 200 0
19 send 51 3300 60 0
19 send 243 3100 60 0
19 wait 52 20 3100
19 wait 244 20 3300
19 barrier
19 irecv 16 1100 200 0
19 irecv 18 1300 200 0
19 send 16 1300 16 0
19 send 18 1100 16 0
19 wait 17 20 1100
19 wait 19 20 1300
19 irecv 23 2100 200 0
19 irecv 15 2300 200 0
19 send 23 2300 40 0
19 send 15 2100 40 0
19 wait 24 20 2100
19 wait 16 20 2300
19 irecv 51 3100 200 0
19 irecv 243 3300 200 0
19 send 51 3300 60 0
19 send 243 3100 60 0
19 wait 52 20 3100
19 wait 244 20 3300
19 allreduce 1 0 0 
19 allreduce 1 0 0 
19 irecv 16 1100 200 0
19 irecv 18 1300 200 0
19 send 16 1300 4 0
19 send 18 1100 4 0
19 wait 17 20 1100
19 wait 19 20 1300
19 irecv 23 2100 200 0
19 irecv 15 2300 200 0
19 send 23 2300 12 0
19 send 15 2100 12 0
19 wait 24 20 2100
19 wait 16 20 2300
19 irecv 51 3100 200 0
19 irecv 243 3300 200 0
19 send 51 3300 24 0
19 send 243 3100 24 0
19 wait 52 20 3100
19 wait 244 20 3300
19 irecv 16 1100 200 0
19 irecv 18 1300 200 0
19 send 16 1300 1 0
19 send 18 1100 1 0
19 wait 17 20 1100
19 wait 19 20 1300
19 irecv 23 2100 200 0
19 irecv 15 2300 200 0
19 send 23 2300 4 0
19 send 15 2100 4 0
19 wait 24 20 2100
19 wait 16 20 2300
19 irecv 51 3100 200 0
19 irecv 243 3300 200 0
19 send 51 3300 12 0
19 send 243 3100 12 0
19 wait 52 20 3100
19 wait 244 20 3300
19 send 16 1300 8 0
19 send 18 1100 4 0
19 irecv 23 2100 200 0
19 irecv 15 2300 200 0
19 wait 24 20 2100
19 wait 16 20 2300
19 irecv 51 3100 200 0
19 irecv 243 3300 200 0
19 wait 52 20 3100
19 wait 244 20 3300
19 irecv 16 1100 200 0
19 irecv 18 1300 200 0
19 send 16 1300 1 0
19 send 18 1100 1 0
19 wait 17 20 1100
19 wait 19 20 1300
19 irecv 23 2100 200 0
19 irecv 15 2300 200 0
19 send 23 2300 4 0
19 send 15 2100 4 0
19 wait 24 20 2100
19 wait 16 20 2300
19 irecv 51 3100 200 0
19 irecv 243 3300 200 0
19 send 51 3300 12 0
19 send 243 3100 12 0
19 wait 52 20 3100
19 wait 244 20 3300
19 irecv 16 1100 200 0
19 irecv 18 1300 200 0
19 send 16 1300 1 0
19 send 18 1100 1 0
19 wait 17 20 1100
19 wait 19 20 1300
19 irecv 23 2100 200 0
19 irecv 15 2300 200 0
19 send 23 2300 4 0
19 send 15 2100 4 0
19 wait 24 20 2100
19 wait 16 20 2300
19 irecv 51 3100 200 0
19 irecv 243 3300 200 0
19 send 51 3300 12 0
19 send 243 3100 12 0
19 wait 52 20 3100
19 wait 244 20 3300
19 irecv 16 1100 200 0
19 irecv 18 1300 200 0
19 send 16 1300 4 0
19 send 18 1100 4 0
19 wait 17 20 1100
19 wait 19 20 1300
19 irecv 23 2100 200 0
19 irecv 15 2300 200 0
19 send 23 2300 12 0
19 send 15 2100 12 0
19 wait 24 20 2100
19 wait 16 20 2300
19 irecv 51 3100 200 0
19 irecv 243 3300 200 0
19 send 51 3300 24 0
19 send 243 3100 24 0
19 wait 52 20 3100
19 wait 244 20 3300
19 irecv 16 1100 200 0
19 irecv 18 1300 200 0
19 send 16 1300 4 0
19 send 18 1100 4 0
19 wait 17 20 1100
19 wait 19 20 1300
19 irecv 23 2100 200 0
19 irecv 15 2300 200 0
19 send 23 2300 12 0
19 send 15 2100 12 0
19 wait 24 20 2100
19 wait 16 20 2300
19 irecv 51 3100 200 0
19 irecv 243 3300 200 0
19 send 51 3300 24 0
19 send 243 3100 24 0
19 wait 52 20 3100
19 wait 244 20 3300
19 irecv 16 1100 200 0
19 irecv 18 1300 200 0
19 send 16 1300 16 0
19 send 18 1100 16 0
19 wait 17 20 1100
19 wait 19 20 1300
19 irecv 23 2100 200 0
19 irecv 15 2300 200 0
19 send 23 2300 40 0
19 send 15 2100 40 0
19 wait 24 20 2100
19 wait 16 20 2300
19 irecv 51 3100 200 0
19 irecv 243 3300 200 0
19 send 51 3300 60 0
19 send 243 3100 60 0
19 wait 52 20 3100
19 wait 244 20 3300
19 irecv 16 1100 200 0
19 irecv 18 1300 200 0
19 send 16 1300 16 0
19 send 18 1100 16 0
19 wait 17 20 1100
19 wait 19 20 1300
19 irecv 23 2100 200 0
19 irecv 15 2300 200 0
19 send 23 2300 40 0
19 send 15 2100 40 0
19 wait 24 20 2100
19 wait 16 20 2300
19 irecv 51 3100 200 0
19 irecv 243 3300 200 0
19 send 51 3300 60 0
19 send 243 3100 60 0
19 wait 52 20 3100
19 wait 244 20 3300
19 irecv 16 1100 200 0
19 irecv 18 1300 200 0
19 send 16 1300 16 0
19 send 18 1100 16 0
19 wait 17 20 1100
19 wait 19 20 1300
19 irecv 23 2100 200 0
19 irecv 15 2300 200 0
19 send 23 2300 40 0
19 send 15 2100 40 0
19 wait 24 20 2100
19 wait 16 20 2300
19 irecv 51 3100 200 0
19 irecv 243 3300 200 0
19 send 51 3300 60 0
19 send 243 3100 60 0
19 wait 52 20 3100
19 wait 244 20 3300
19 irecv 16 1100 200 0
19 irecv 18 1300 200 0
19 send 16 1300 4 0
19 send 18 1100 4 0
19 wait 17 20 1100
19 wait 19 20 1300
19 irecv 23 2100 200 0
19 irecv 15 2300 200 0
19 send 23 2300 12 0
19 send 15 2100 12 0
19 wait 24 20 2100
19 wait 16 20 2300
19 irecv 51 3100 200 0
19 irecv 243 3300 200 0
19 send 51 3300 24 0
19 send 243 3100 24 0
19 wait 52 20 3100
19 wait 244 20 3300
19 irecv 16 1100 200 0
19 irecv 18 1300 200 0
19 send 16 1300 1 0
19 send 18 1100 1 0
19 wait 17 20 1100
19 wait 19 20 1300
19 irecv 23 2100 200 0
19 irecv 15 2300 200 0
19 send 23 2300 4 0
19 send 15 2100 4 0
19 wait 24 20 2100
19 wait 16 20 2300
19 irecv 51 3100 200 0
19 irecv 243 3300 200 0
19 send 51 3300 12 0
19 send 243 3100 12 0
19 wait 52 20 3100
19 wait 244 20 3300
19 send 16 1300 8 0
19 send 18 1100 4 0
19 irecv 23 2100 200 0
19 irecv 15 2300 200 0
19 wait 24 20 2100
19 wait 16 20 2300
19 irecv 51 3100 200 0
19 irecv 243 3300 200 0
19 wait 52 20 3100
19 wait 244 20 3300
19 irecv 16 1100 200 0
19 irecv 18 1300 200 0
19 send 16 1300 1 0
19 send 18 1100 1 0
19 wait 17 20 1100
19 wait 19 20 1300
19 irecv 23 2100 200 0
19 irecv 15 2300 200 0
19 send 23 2300 4 0
19 send 15 2100 4 0
19 wait 24 20 2100
19 wait 16 20 2300
19 irecv 51 3100 200 0
19 irecv 243 3300 200 0
19 send 51 3300 12 0
19 send 243 3100 12 0
19 wait 52 20 3100
19 wait 244 20 3300
19 irecv 16 1100 200 0
19 irecv 18 1300 200 0
19 send 16 1300 1 0
19 send 18 1100 1 0
19 wait 17 20 1100
19 wait 19 20 1300
19 irecv 23 2100 200 0
19 irecv 15 2300 200 0
19 send 23 2300 4 0
19 send 15 2100 4 0
19 wait 24 20 2100
19 wait 16 20 2300
19 irecv 51 3100 200 0
19 irecv 243 3300 200 0
19 send 51 3300 12 0
19 send 243 3100 12 0
19 wait 52 20 3100
19 wait 244 20 3300
19 irecv 16 1100 200 0
19 irecv 18 1300 200 0
19 send 16 1300 4 0
19 send 18 1100 4 0
19 wait 17 20 1100
19 wait 19 20 1300
19 irecv 23 2100 200 0
19 irecv 15 2300 200 0
19 send 23 2300 12 0
19 send 15 2100 12 0
19 wait 24 20 2100
19 wait 16 20 2300
19 irecv 51 3100 200 0
19 irecv 243 3300 200 0
19 send 51 3300 24 0
19 send 243 3100 24 0
19 wait 52 20 3100
19 wait 244 20 3300
19 irecv 16 1100 200 0
19 irecv 18 1300 200 0
19 send 16 1300 4 0
19 send 18 1100 4 0
19 wait 17 20 1100
19 wait 19 20 1300
19 irecv 23 2100 200 0
19 irecv 15 2300 200 0
19 send 23 2300 12 0
19 send 15 2100 12 0
19 wait 24 20 2100
19 wait 16 20 2300
19 irecv 51 3100 200 0
19 irecv 243 3300 200 0
19 send 51 3300 24 0
19 send 243 3100 24 0
19 wait 52 20 3100
19 wait 244 20 3300
19 irecv 16 1100 200 0
19 irecv 18 1300 200 0
19 send 16 1300 16 0
19 send 18 1100 16 0
19 wait 17 20 1100
19 wait 19 20 1300
19 irecv 23 2100 200 0
19 irecv 15 2300 200 0
19 send 23 2300 40 0
19 send 15 2100 40 0
19 wait 24 20 2100
19 wait 16 20 2300
19 irecv 51 3100 200 0
19 irecv 243 3300 200 0
19 send 51 3300 60 0
19 send 243 3100 60 0
19 wait 52 20 3100
19 wait 244 20 3300
19 irecv 16 1100 200 0
19 irecv 18 1300 200 0
19 send 16 1300 16 0
19 send 18 1100 16 0
19 wait 17 20 1100
19 wait 19 20 1300
19 irecv 23 2100 200 0
19 irecv 15 2300 200 0
19 send 23 2300 40 0
19 send 15 2100 40 0
19 wait 24 20 2100
19 wait 16 20 2300
19 irecv 51 3100 200 0
19 irecv 243 3300 200 0
19 send 51 3300 60 0
19 send 243 3100 60 0
19 wait 52 20 3100
19 wait 244 20 3300
19 irecv 16 1100 200 0
19 irecv 18 1300 200 0
19 send 16 1300 16 0
19 send 18 1100 16 0
19 wait 17 20 1100
19 wait 19 20 1300
19 irecv 23 2100 200 0
19 irecv 15 2300 200 0
19 send 23 2300 40 0
19 send 15 2100 40 0
19 wait 24 20 2100
19 wait 16 20 2300
19 irecv 51 3100 200 0
19 irecv 243 3300 200 0
19 send 51 3300 60 0
19 send 243 3100 60 0
19 wait 52 20 3100
19 wait 244 20 3300
19 irecv 16 1100 200 0
19 irecv 18 1300 200 0
19 send 16 1300 4 0
19 send 18 1100 4 0
19 wait 17 20 1100
19 wait 19 20 1300
19 irecv 23 2100 200 0
19 irecv 15 2300 200 0
19 send 23 2300 12 0
19 send 15 2100 12 0
19 wait 24 20 2100
19 wait 16 20 2300
19 irecv 51 3100 200 0
19 irecv 243 3300 200 0
19 send 51 3300 24 0
19 send 243 3100 24 0
19 wait 52 20 3100
19 wait 244 20 3300
19 irecv 16 1100 200 0
19 irecv 18 1300 200 0
19 send 16 1300 1 0
19 send 18 1100 1 0
19 wait 17 20 1100
19 wait 19 20 1300
19 irecv 23 2100 200 0
19 irecv 15 2300 200 0
19 send 23 2300 4 0
19 send 15 2100 4 0
19 wait 24 20 2100
19 wait 16 20 2300
19 irecv 51 3100 200 0
19 irecv 243 3300 200 0
19 send 51 3300 12 0
19 send 243 3100 12 0
19 wait 52 20 3100
19 wait 244 20 3300
19 send 16 1300 8 0
19 send 18 1100 4 0
19 irecv 23 2100 200 0
19 irecv 15 2300 200 0
19 wait 24 20 2100
19 wait 16 20 2300
19 irecv 51 3100 200 0
19 irecv 243 3300 200 0
19 wait 52 20 3100
19 wait 244 20 3300
19 irecv 16 1100 200 0
19 irecv 18 1300 200 0
19 send 16 1300 1 0
19 send 18 1100 1 0
19 wait 17 20 1100
19 wait 19 20 1300
19 irecv 23 2100 200 0
19 irecv 15 2300 200 0
19 send 23 2300 4 0
19 send 15 2100 4 0
19 wait 24 20 2100
19 wait 16 20 2300
19 irecv 51 3100 200 0
19 irecv 243 3300 200 0
19 send 51 3300 12 0
19 send 243 3100 12 0
19 wait 52 20 3100
19 wait 244 20 3300
19 irecv 16 1100 200 0
19 irecv 18 1300 200 0
19 send 16 1300 1 0
19 send 18 1100 1 0
19 wait 17 20 1100
19 wait 19 20 1300
19 irecv 23 2100 200 0
19 irecv 15 2300 200 0
19 send 23 2300 4 0
19 send 15 2100 4 0
19 wait 24 20 2100
19 wait 16 20 2300
19 irecv 51 3100 200 0
19 irecv 243 3300 200 0
19 send 51 3300 12 0
19 send 243 3100 12 0
19 wait 52 20 3100
19 wait 244 20 3300
19 irecv 16 1100 200 0
19 irecv 18 1300 200 0
19 send 16 1300 4 0
19 send 18 1100 4 0
19 wait 17 20 1100
19 wait 19 20 1300
19 irecv 23 2100 200 0
19 irecv 15 2300 200 0
19 send 23 2300 12 0
19 send 15 2100 12 0
19 wait 24 20 2100
19 wait 16 20 2300
19 irecv 51 3100 200 0
19 irecv 243 3300 200 0
19 send 51 3300 24 0
19 send 243 3100 24 0
19 wait 52 20 3100
19 wait 244 20 3300
19 irecv 16 1100 200 0
19 irecv 18 1300 200 0
19 send 16 1300 4 0
19 send 18 1100 4 0
19 wait 17 20 1100
19 wait 19 20 1300
19 irecv 23 2100 200 0
19 irecv 15 2300 200 0
19 send 23 2300 12 0
19 send 15 2100 12 0
19 wait 24 20 2100
19 wait 16 20 2300
19 irecv 51 3100 200 0
19 irecv 243 3300 200 0
19 send 51 3300 24 0
19 send 243 3100 24 0
19 wait 52 20 3100
19 wait 244 20 3300
19 irecv 16 1100 200 0
19 irecv 18 1300 200 0
19 send 16 1300 16 0
19 send 18 1100 16 0
19 wait 17 20 1100
19 wait 19 20 1300
19 irecv 23 2100 200 0
19 irecv 15 2300 200 0
19 send 23 2300 40 0
19 send 15 2100 40 0
19 wait 24 20 2100
19 wait 16 20 2300
19 irecv 51 3100 200 0
19 irecv 243 3300 200 0
19 send 51 3300 60 0
19 send 243 3100 60 0
19 wait 52 20 3100
19 wait 244 20 3300
19 irecv 16 1100 200 0
19 irecv 18 1300 200 0
19 send 16 1300 16 0
19 send 18 1100 16 0
19 wait 17 20 1100
19 wait 19 20 1300
19 irecv 23 2100 200 0
19 irecv 15 2300 200 0
19 send 23 2300 40 0
19 send 15 2100 40 0
19 wait 24 20 2100
19 wait 16 20 2300
19 irecv 51 3100 200 0
19 irecv 243 3300 200 0
19 send 51 3300 60 0
19 send 243 3100 60 0
19 wait 52 20 3100
19 wait 244 20 3300
19 irecv 16 1100 200 0
19 irecv 18 1300 200 0
19 send 16 1300 16 0
19 send 18 1100 16 0
19 wait 17 20 1100
19 wait 19 20 1300
19 irecv 23 2100 200 0
19 irecv 15 2300 200 0
19 send 23 2300 40 0
19 send 15 2100 40 0
19 wait 24 20 2100
19 wait 16 20 2300
19 irecv 51 3100 200 0
19 irecv 243 3300 200 0
19 send 51 3300 60 0
19 send 243 3100 60 0
19 wait 52 20 3100
19 wait 244 20 3300
19 irecv 16 1100 200 0
19 irecv 18 1300 200 0
19 send 16 1300 4 0
19 send 18 1100 4 0
19 wait 17 20 1100
19 wait 19 20 1300
19 irecv 23 2100 200 0
19 irecv 15 2300 200 0
19 send 23 2300 12 0
19 send 15 2100 12 0
19 wait 24 20 2100
19 wait 16 20 2300
19 irecv 51 3100 200 0
19 irecv 243 3300 200 0
19 send 51 3300 24 0
19 send 243 3100 24 0
19 wait 52 20 3100
19 wait 244 20 3300
19 irecv 16 1100 200 0
19 irecv 18 1300 200 0
19 send 16 1300 1 0
19 send 18 1100 1 0
19 wait 17 20 1100
19 wait 19 20 1300
19 irecv 23 2100 200 0
19 irecv 15 2300 200 0
19 send 23 2300 4 0
19 send 15 2100 4 0
19 wait 24 20 2100
19 wait 16 20 2300
19 irecv 51 3100 200 0
19 irecv 243 3300 200 0
19 send 51 3300 12 0
19 send 243 3100 12 0
19 wait 52 20 3100
19 wait 244 20 3300
19 send 16 1300 8 0
19 send 18 1100 4 0
19 irecv 23 2100 200 0
19 irecv 15 2300 200 0
19 wait 24 20 2100
19 wait 16 20 2300
19 irecv 51 3100 200 0
19 irecv 243 3300 200 0
19 wait 52 20 3100
19 wait 244 20 3300
19 irecv 16 1100 200 0
19 irecv 18 1300 200 0
19 send 16 1300 1 0
19 send 18 1100 1 0
19 wait 17 20 1100
19 wait 19 20 1300
19 irecv 23 2100 200 0
19 irecv 15 2300 200 0
19 send 23 2300 4 0
19 send 15 2100 4 0
19 wait 24 20 2100
19 wait 16 20 2300
19 irecv 51 3100 200 0
19 irecv 243 3300 200 0
19 send 51 3300 12 0
19 send 243 3100 12 0
19 wait 52 20 3100
19 wait 244 20 3300
19 irecv 16 1100 200 0
19 irecv 18 1300 200 0
19 send 16 1300 1 0
19 send 18 1100 1 0
19 wait 17 20 1100
19 wait 19 20 1300
19 irecv 23 2100 200 0
19 irecv 15 2300 200 0
19 send 23 2300 4 0
19 send 15 2100 4 0
19 wait 24 20 2100
19 wait 16 20 2300
19 irecv 51 3100 200 0
19 irecv 243 3300 200 0
19 send 51 3300 12 0
19 send 243 3100 12 0
19 wait 52 20 3100
19 wait 244 20 3300
19 irecv 16 1100 200 0
19 irecv 18 1300 200 0
19 send 16 1300 4 0
19 send 18 1100 4 0
19 wait 17 20 1100
19 wait 19 20 1300
19 irecv 23 2100 200 0
19 irecv 15 2300 200 0
19 send 23 2300 12 0
19 send 15 2100 12 0
19 wait 24 20 2100
19 wait 16 20 2300
19 irecv 51 3100 200 0
19 irecv 243 3300 200 0
19 send 51 3300 24 0
19 send 243 3100 24 0
19 wait 52 20 3100
19 wait 244 20 3300
19 irecv 16 1100 200 0
19 irecv 18 1300 200 0
19 send 16 1300 4 0
19 send 18 1100 4 0
19 wait 17 20 1100
19 wait 19 20 1300
19 irecv 23 2100 200 0
19 irecv 15 2300 200 0
19 send 23 2300 12 0
19 send 15 2100 12 0
19 wait 24 20 2100
19 wait 16 20 2300
19 irecv 51 3100 200 0
19 irecv 243 3300 200 0
19 send 51 3300 24 0
19 send 243 3100 24 0
19 wait 52 20 3100
19 wait 244 20 3300
19 irecv 16 1100 200 0
19 irecv 18 1300 200 0
19 send 16 1300 16 0
19 send 18 1100 16 0
19 wait 17 20 1100
19 wait 19 20 1300
19 irecv 23 2100 200 0
19 irecv 15 2300 200 0
19 send 23 2300 40 0
19 send 15 2100 40 0
19 wait 24 20 2100
19 wait 16 20 2300
19 irecv 51 3100 200 0
19 irecv 243 3300 200 0
19 send 51 3300 60 0
19 send 243 3100 60 0
19 wait 52 20 3100
19 wait 244 20 3300
19 irecv 16 1100 200 0
19 irecv 18 1300 200 0
19 send 16 1300 16 0
19 send 18 1100 16 0
19 wait 17 20 1100
19 wait 19 20 1300
19 irecv 23 2100 200 0
19 irecv 15 2300 200 0
19 send 23 2300 40 0
19 send 15 2100 40 0
19 wait 24 20 2100
19 wait 16 20 2300
19 irecv 51 3100 200 0
19 irecv 243 3300 200 0
19 send 51 3300 60 0
19 send 243 3100 60 0
19 wait 52 20 3100
19 wait 244 20 3300
19 irecv 16 1100 200 0
19 irecv 18 1300 200 0
19 send 16 1300 16 0
19 send 18 1100 16 0
19 wait 17 20 1100
19 wait 19 20 1300
19 irecv 23 2100 200 0
19 irecv 15 2300 200 0
19 send 23 2300 40 0
19 send 15 2100 40 0
19 wait 24 20 2100
19 wait 16 20 2300
19 irecv 51 3100 200 0
19 irecv 243 3300 200 0
19 send 51 3300 60 0
19 send 243 3100 60 0
19 wait 52 20 3100
19 wait 244 20 3300
19 allreduce 1 0 0 
19 allreduce 1 0 0 
19 reduce 1 0 0 0 
19 finalize
