67 init
67 barrier
67 bcast 1 0 1 
67 bcast 1 0 1 
67 bcast 1 0 1 
67 bcast 1 0 1 
67 bcast 1 0 1 
67 bcast 8 0 1 
67 bcast 1 0 16 
67 barrier
67 allreduce 1 0 0 
67 allreduce 4 0 1 
67 allreduce 1 0 0 
67 allreduce 4 0 1 
67 allreduce 1 0 0 
67 allreduce 4 0 1 
67 allreduce 1 0 0 
67 allreduce 4 0 1 
67 allreduce 1 0 0 
67 allreduce 4 0 1 
67 allreduce 1 0 0 
67 allreduce 4 0 1 
67 allreduce 1 0 0 
67 allreduce 4 0 1 
67 allreduce 1 0 0 
67 allreduce 4 0 1 
67 allreduce 1 0 0 
67 allreduce 4 0 1 
67 allreduce 1 0 0 
67 allreduce 4 0 1 
67 allreduce 1 0 0 
67 allreduce 4 0 1 
67 allreduce 1 0 0 
67 allreduce 4 0 1 
67 allreduce 1 0 0 
67 allreduce 4 0 1 
67 allreduce 1 0 0 
67 allreduce 4 0 1 
67 allreduce 1 0 0 
67 allreduce 4 0 1 
67 allreduce 1 0 0 
67 allreduce 4 0 1 
67 allreduce 1 0 0 
67 allreduce 4 0 1 
67 allreduce 1 0 0 
67 allreduce 4 0 1 
67 allreduce 1 0 0 
67 allreduce 4 0 1 
67 allreduce 1 0 0 
67 allreduce 4 0 1 
67 barrier
67 irecv 64 1100 200 0
67 irecv 66 1300 200 0
67 send 64 1300 16 0
67 send 66 1100 16 0
67 wait 65 68 1100
67 wait 67 68 1300
67 irecv 71 2100 200 0
67 irecv 95 2300 200 0
67 send 71 2300 40 0
67 send 95 2100 40 0
67 wait 72 68 2100
67 wait 96 68 2300
67 irecv 99 3100 200 0
67 irecv 35 3300 200 0
67 send 99 3300 60 0
67 send 35 3100 60 0
67 wait 100 68 3100
67 wait 36 68 3300
67 allreduce 1 0 0 
67 allreduce 1 0 0 
67 irecv 64 1100 200 0
67 irecv 66 1300 200 0
67 send 64 1300 16 0
67 send 66 1100 16 0
67 wait 65 68 1100
67 wait 67 68 1300
67 irecv 71 2100 200 0
67 irecv 95 2300 200 0
67 send 71 2300 40 0
67 send 95 2100 40 0
67 wait 72 68 2100
67 wait 96 68 2300
67 irecv 99 3100 200 0
67 irecv 35 3300 200 0
67 send 99 3300 60 0
67 send 35 3100 60 0
67 wait 100 68 3100
67 wait 36 68 3300
67 allreduce 1 0 0 
67 allreduce 1 0 0 
67 irecv 64 1100 200 0
67 irecv 66 1300 200 0
67 send 64 1300 4 0
67 send 66 1100 4 0
67 wait 65 68 1100
67 wait 67 68 1300
67 irecv 71 2100 200 0
67 irecv 95 2300 200 0
67 send 71 2300 12 0
67 send 95 2100 12 0
67 wait 72 68 2100
67 wait 96 68 2300
67 irecv 99 3100 200 0
67 irecv 35 3300 200 0
67 send 99 3300 24 0
67 send 35 3100 24 0
67 wait 100 68 3100
67 wait 36 68 3300
67 irecv 64 1100 200 0
67 irecv 66 1300 200 0
67 send 64 1300 1 0
67 send 66 1100 1 0
67 wait 65 68 1100
67 wait 67 68 1300
67 irecv 71 2100 200 0
67 irecv 95 2300 200 0
67 send 71 2300 4 0
67 send 95 2100 4 0
67 wait 72 68 2100
67 wait 96 68 2300
67 irecv 99 3100 200 0
67 irecv 35 3300 200 0
67 send 99 3300 12 0
67 send 35 3100 12 0
67 wait 100 68 3100
67 wait 36 68 3300
67 send 64 1300 8 0
67 send 66 1100 4 0
67 irecv 71 2100 200 0
67 irecv 95 2300 200 0
67 wait 72 68 2100
67 wait 96 68 2300
67 irecv 99 3100 200 0
67 irecv 35 3300 200 0
67 wait 100 68 3100
67 wait 36 68 3300
67 irecv 64 1100 200 0
67 irecv 66 1300 200 0
67 send 64 1300 1 0
67 send 66 1100 1 0
67 wait 65 68 1100
67 wait 67 68 1300
67 irecv 71 2100 200 0
67 irecv 95 2300 200 0
67 send 71 2300 4 0
67 send 95 2100 4 0
67 wait 72 68 2100
67 wait 96 68 2300
67 irecv 99 3100 200 0
67 irecv 35 3300 200 0
67 send 99 3300 12 0
67 send 35 3100 12 0
67 wait 100 68 3100
67 wait 36 68 3300
67 irecv 64 1100 200 0
67 irecv 66 1300 200 0
67 send 64 1300 1 0
67 send 66 1100 1 0
67 wait 65 68 1100
67 wait 67 68 1300
67 irecv 71 2100 200 0
67 irecv 95 2300 200 0
67 send 71 2300 4 0
67 send 95 2100 4 0
67 wait 72 68 2100
67 wait 96 68 2300
67 irecv 99 3100 200 0
67 irecv 35 3300 200 0
67 send 99 3300 12 0
67 send 35 3100 12 0
67 wait 100 68 3100
67 wait 36 68 3300
67 irecv 64 1100 200 0
67 irecv 66 1300 200 0
67 send 64 1300 4 0
67 send 66 1100 4 0
67 wait 65 68 1100
67 wait 67 68 1300
67 irecv 71 2100 200 0
67 irecv 95 2300 200 0
67 send 71 2300 12 0
67 send 95 2100 12 0
67 wait 72 68 2100
67 wait 96 68 2300
67 irecv 99 3100 200 0
67 irecv 35 3300 200 0
67 send 99 3300 24 0
67 send 35 3100 24 0
67 wait 100 68 3100
67 wait 36 68 3300
67 irecv 64 1100 200 0
67 irecv 66 1300 200 0
67 send 64 1300 4 0
67 send 66 1100 4 0
67 wait 65 68 1100
67 wait 67 68 1300
67 irecv 71 2100 200 0
67 irecv 95 2300 200 0
67 send 71 2300 12 0
67 send 95 2100 12 0
67 wait 72 68 2100
67 wait 96 68 2300
67 irecv 99 3100 200 0
67 irecv 35 3300 200 0
67 send 99 3300 24 0
67 send 35 3100 24 0
67 wait 100 68 3100
67 wait 36 68 3300
67 irecv 64 1100 200 0
67 irecv 66 1300 200 0
67 send 64 1300 16 0
67 send 66 1100 16 0
67 wait 65 68 1100
67 wait 67 68 1300
67 irecv 71 2100 200 0
67 irecv 95 2300 200 0
67 send 71 2300 40 0
67 send 95 2100 40 0
67 wait 72 68 2100
67 wait 96 68 2300
67 irecv 99 3100 200 0
67 irecv 35 3300 200 0
67 send 99 3300 60 0
67 send 35 3100 60 0
67 wait 100 68 3100
67 wait 36 68 3300
67 irecv 64 1100 200 0
67 irecv 66 1300 200 0
67 send 64 1300 16 0
67 send 66 1100 16 0
67 wait 65 68 1100
67 wait 67 68 1300
67 irecv 71 2100 200 0
67 irecv 95 2300 200 0
67 send 71 2300 40 0
67 send 95 2100 40 0
67 wait 72 68 2100
67 wait 96 68 2300
67 irecv 99 3100 200 0
67 irecv 35 3300 200 0
67 send 99 3300 60 0
67 send 35 3100 60 0
67 wait 100 68 3100
67 wait 36 68 3300
67 irecv 64 1100 200 0
67 irecv 66 1300 200 0
67 send 64 1300 16 0
67 send 66 1100 16 0
67 wait 65 68 1100
67 wait 67 68 1300
67 irecv 71 2100 200 0
67 irecv 95 2300 200 0
67 send 71 2300 40 0
67 send 95 2100 40 0
67 wait 72 68 2100
67 wait 96 68 2300
67 irecv 99 3100 200 0
67 irecv 35 3300 200 0
67 send 99 3300 60 0
67 send 35 3100 60 0
67 wait 100 68 3100
67 wait 36 68 3300
67 barrier
67 allreduce 1 0 0 
67 allreduce 4 0 1 
67 allreduce 1 0 0 
67 allreduce 4 0 1 
67 allreduce 1 0 0 
67 allreduce 4 0 1 
67 allreduce 1 0 0 
67 allreduce 4 0 1 
67 allreduce 1 0 0 
67 allreduce 4 0 1 
67 allreduce 1 0 0 
67 allreduce 4 0 1 
67 allreduce 1 0 0 
67 allreduce 4 0 1 
67 allreduce 1 0 0 
67 allreduce 4 0 1 
67 allreduce 1 0 0 
67 allreduce 4 0 1 
67 allreduce 1 0 0 
67 allreduce 4 0 1 
67 allreduce 1 0 0 
67 allreduce 4 0 1 
67 allreduce 1 0 0 
67 allreduce 4 0 1 
67 allreduce 1 0 0 
67 allreduce 4 0 1 
67 allreduce 1 0 0 
67 allreduce 4 0 1 
67 allreduce 1 0 0 
67 allreduce 4 0 1 
67 allreduce 1 0 0 
67 allreduce 4 0 1 
67 allreduce 1 0 0 
67 allreduce 4 0 1 
67 allreduce 1 0 0 
67 allreduce 4 0 1 
67 allreduce 1 0 0 
67 allreduce 4 0 1 
67 allreduce 1 0 0 
67 allreduce 4 0 1 
67 barrier
67 irecv 64 1100 200 0
67 irecv 66 1300 200 0
67 send 64 1300 16 0
67 send 66 1100 16 0
67 wait 65 68 1100
67 wait 67 68 1300
67 irecv 71 2100 200 0
67 irecv 95 2300 200 0
67 send 71 2300 40 0
67 send 95 2100 40 0
67 wait 72 68 2100
67 wait 96 68 2300
67 irecv 99 3100 200 0
67 irecv 35 3300 200 0
67 send 99 3300 60 0
67 send 35 3100 60 0
67 wait 100 68 3100
67 wait 36 68 3300
67 barrier
67 irecv 64 1100 200 0
67 irecv 66 1300 200 0
67 send 64 1300 16 0
67 send 66 1100 16 0
67 wait 65 68 1100
67 wait 67 68 1300
67 irecv 71 2100 200 0
67 irecv 95 2300 200 0
67 send 71 2300 40 0
67 send 95 2100 40 0
67 wait 72 68 2100
67 wait 96 68 2300
67 irecv 99 3100 200 0
67 irecv 35 3300 200 0
67 send 99 3300 60 0
67 send 35 3100 60 0
67 wait 100 68 3100
67 wait 36 68 3300
67 allreduce 1 0 0 
67 allreduce 1 0 0 
67 irecv 64 1100 200 0
67 irecv 66 1300 200 0
67 send 64 1300 4 0
67 send 66 1100 4 0
67 wait 65 68 1100
67 wait 67 68 1300
67 irecv 71 2100 200 0
67 irecv 95 2300 200 0
67 send 71 2300 12 0
67 send 95 2100 12 0
67 wait 72 68 2100
67 wait 96 68 2300
67 irecv 99 3100 200 0
67 irecv 35 3300 200 0
67 send 99 3300 24 0
67 send 35 3100 24 0
67 wait 100 68 3100
67 wait 36 68 3300
67 irecv 64 1100 200 0
67 irecv 66 1300 200 0
67 send 64 1300 1 0
67 send 66 1100 1 0
67 wait 65 68 1100
67 wait 67 68 1300
67 irecv 71 2100 200 0
67 irecv 95 2300 200 0
67 send 71 2300 4 0
67 send 95 2100 4 0
67 wait 72 68 2100
67 wait 96 68 2300
67 irecv 99 3100 200 0
67 irecv 35 3300 200 0
67 send 99 3300 12 0
67 send 35 3100 12 0
67 wait 100 68 3100
67 wait 36 68 3300
67 send 64 1300 8 0
67 send 66 1100 4 0
67 irecv 71 2100 200 0
67 irecv 95 2300 200 0
67 wait 72 68 2100
67 wait 96 68 2300
67 irecv 99 3100 200 0
67 irecv 35 3300 200 0
67 wait 100 68 3100
67 wait 36 68 3300
67 irecv 64 1100 200 0
67 irecv 66 1300 200 0
67 send 64 1300 1 0
67 send 66 1100 1 0
67 wait 65 68 1100
67 wait 67 68 1300
67 irecv 71 2100 200 0
67 irecv 95 2300 200 0
67 send 71 2300 4 0
67 send 95 2100 4 0
67 wait 72 68 2100
67 wait 96 68 2300
67 irecv 99 3100 200 0
67 irecv 35 3300 200 0
67 send 99 3300 12 0
67 send 35 3100 12 0
67 wait 100 68 3100
67 wait 36 68 3300
67 irecv 64 1100 200 0
67 irecv 66 1300 200 0
67 send 64 1300 1 0
67 send 66 1100 1 0
67 wait 65 68 1100
67 wait 67 68 1300
67 irecv 71 2100 200 0
67 irecv 95 2300 200 0
67 send 71 2300 4 0
67 send 95 2100 4 0
67 wait 72 68 2100
67 wait 96 68 2300
67 irecv 99 3100 200 0
67 irecv 35 3300 200 0
67 send 99 3300 12 0
67 send 35 3100 12 0
67 wait 100 68 3100
67 wait 36 68 3300
67 irecv 64 1100 200 0
67 irecv 66 1300 200 0
67 send 64 1300 4 0
67 send 66 1100 4 0
67 wait 65 68 1100
67 wait 67 68 1300
67 irecv 71 2100 200 0
67 irecv 95 2300 200 0
67 send 71 2300 12 0
67 send 95 2100 12 0
67 wait 72 68 2100
67 wait 96 68 2300
67 irecv 99 3100 200 0
67 irecv 35 3300 200 0
67 send 99 3300 24 0
67 send 35 3100 24 0
67 wait 100 68 3100
67 wait 36 68 3300
67 irecv 64 1100 200 0
67 irecv 66 1300 200 0
67 send 64 1300 4 0
67 send 66 1100 4 0
67 wait 65 68 1100
67 wait 67 68 1300
67 irecv 71 2100 200 0
67 irecv 95 2300 200 0
67 send 71 2300 12 0
67 send 95 2100 12 0
67 wait 72 68 2100
67 wait 96 68 2300
67 irecv 99 3100 200 0
67 irecv 35 3300 200 0
67 send 99 3300 24 0
67 send 35 3100 24 0
67 wait 100 68 3100
67 wait 36 68 3300
67 irecv 64 1100 200 0
67 irecv 66 1300 200 0
67 send 64 1300 16 0
67 send 66 1100 16 0
67 wait 65 68 1100
67 wait 67 68 1300
67 irecv 71 2100 200 0
67 irecv 95 2300 200 0
67 send 71 2300 40 0
67 send 95 2100 40 0
67 wait 72 68 2100
67 wait 96 68 2300
67 irecv 99 3100 200 0
67 irecv 35 3300 200 0
67 send 99 3300 60 0
67 send 35 3100 60 0
67 wait 100 68 3100
67 wait 36 68 3300
67 irecv 64 1100 200 0
67 irecv 66 1300 200 0
67 send 64 1300 16 0
67 send 66 1100 16 0
67 wait 65 68 1100
67 wait 67 68 1300
67 irecv 71 2100 200 0
67 irecv 95 2300 200 0
67 send 71 2300 40 0
67 send 95 2100 40 0
67 wait 72 68 2100
67 wait 96 68 2300
67 irecv 99 3100 200 0
67 irecv 35 3300 200 0
67 send 99 3300 60 0
67 send 35 3100 60 0
67 wait 100 68 3100
67 wait 36 68 3300
67 irecv 64 1100 200 0
67 irecv 66 1300 200 0
67 send 64 1300 16 0
67 send 66 1100 16 0
67 wait 65 68 1100
67 wait 67 68 1300
67 irecv 71 2100 200 0
67 irecv 95 2300 200 0
67 send 71 2300 40 0
67 send 95 2100 40 0
67 wait 72 68 2100
67 wait 96 68 2300
67 irecv 99 3100 200 0
67 irecv 35 3300 200 0
67 send 99 3300 60 0
67 send 35 3100 60 0
67 wait 100 68 3100
67 wait 36 68 3300
67 irecv 64 1100 200 0
67 irecv 66 1300 200 0
67 send 64 1300 4 0
67 send 66 1100 4 0
67 wait 65 68 1100
67 wait 67 68 1300
67 irecv 71 2100 200 0
67 irecv 95 2300 200 0
67 send 71 2300 12 0
67 send 95 2100 12 0
67 wait 72 68 2100
67 wait 96 68 2300
67 irecv 99 3100 200 0
67 irecv 35 3300 200 0
67 send 99 3300 24 0
67 send 35 3100 24 0
67 wait 100 68 3100
67 wait 36 68 3300
67 irecv 64 1100 200 0
67 irecv 66 1300 200 0
67 send 64 1300 1 0
67 send 66 1100 1 0
67 wait 65 68 1100
67 wait 67 68 1300
67 irecv 71 2100 200 0
67 irecv 95 2300 200 0
67 send 71 2300 4 0
67 send 95 2100 4 0
67 wait 72 68 2100
67 wait 96 68 2300
67 irecv 99 3100 200 0
67 irecv 35 3300 200 0
67 send 99 3300 12 0
67 send 35 3100 12 0
67 wait 100 68 3100
67 wait 36 68 3300
67 send 64 1300 8 0
67 send 66 1100 4 0
67 irecv 71 2100 200 0
67 irecv 95 2300 200 0
67 wait 72 68 2100
67 wait 96 68 2300
67 irecv 99 3100 200 0
67 irecv 35 3300 200 0
67 wait 100 68 3100
67 wait 36 68 3300
67 irecv 64 1100 200 0
67 irecv 66 1300 200 0
67 send 64 1300 1 0
67 send 66 1100 1 0
67 wait 65 68 1100
67 wait 67 68 1300
67 irecv 71 2100 200 0
67 irecv 95 2300 200 0
67 send 71 2300 4 0
67 send 95 2100 4 0
67 wait 72 68 2100
67 wait 96 68 2300
67 irecv 99 3100 200 0
67 irecv 35 3300 200 0
67 send 99 3300 12 0
67 send 35 3100 12 0
67 wait 100 68 3100
67 wait 36 68 3300
67 irecv 64 1100 200 0
67 irecv 66 1300 200 0
67 send 64 1300 1 0
67 send 66 1100 1 0
67 wait 65 68 1100
67 wait 67 68 1300
67 irecv 71 2100 200 0
67 irecv 95 2300 200 0
67 send 71 2300 4 0
67 send 95 2100 4 0
67 wait 72 68 2100
67 wait 96 68 2300
67 irecv 99 3100 200 0
67 irecv 35 3300 200 0
67 send 99 3300 12 0
67 send 35 3100 12 0
67 wait 100 68 3100
67 wait 36 68 3300
67 irecv 64 1100 200 0
67 irecv 66 1300 200 0
67 send 64 1300 4 0
67 send 66 1100 4 0
67 wait 65 68 1100
67 wait 67 68 1300
67 irecv 71 2100 200 0
67 irecv 95 2300 200 0
67 send 71 2300 12 0
67 send 95 2100 12 0
67 wait 72 68 2100
67 wait 96 68 2300
67 irecv 99 3100 200 0
67 irecv 35 3300 200 0
67 send 99 3300 24 0
67 send 35 3100 24 0
67 wait 100 68 3100
67 wait 36 68 3300
67 irecv 64 1100 200 0
67 irecv 66 1300 200 0
67 send 64 1300 4 0
67 send 66 1100 4 0
67 wait 65 68 1100
67 wait 67 68 1300
67 irecv 71 2100 200 0
67 irecv 95 2300 200 0
67 send 71 2300 12 0
67 send 95 2100 12 0
67 wait 72 68 2100
67 wait 96 68 2300
67 irecv 99 3100 200 0
67 irecv 35 3300 200 0
67 send 99 3300 24 0
67 send 35 3100 24 0
67 wait 100 68 3100
67 wait 36 68 3300
67 irecv 64 1100 200 0
67 irecv 66 1300 200 0
67 send 64 1300 16 0
67 send 66 1100 16 0
67 wait 65 68 1100
67 wait 67 68 1300
67 irecv 71 2100 200 0
67 irecv 95 2300 200 0
67 send 71 2300 40 0
67 send 95 2100 40 0
67 wait 72 68 2100
67 wait 96 68 2300
67 irecv 99 3100 200 0
67 irecv 35 3300 200 0
67 send 99 3300 60 0
67 send 35 3100 60 0
67 wait 100 68 3100
67 wait 36 68 3300
67 irecv 64 1100 200 0
67 irecv 66 1300 200 0
67 send 64 1300 16 0
67 send 66 1100 16 0
67 wait 65 68 1100
67 wait 67 68 1300
67 irecv 71 2100 200 0
67 irecv 95 2300 200 0
67 send 71 2300 40 0
67 send 95 2100 40 0
67 wait 72 68 2100
67 wait 96 68 2300
67 irecv 99 3100 200 0
67 irecv 35 3300 200 0
67 send 99 3300 60 0
67 send 35 3100 60 0
67 wait 100 68 3100
67 wait 36 68 3300
67 irecv 64 1100 200 0
67 irecv 66 1300 200 0
67 send 64 1300 16 0
67 send 66 1100 16 0
67 wait 65 68 1100
67 wait 67 68 1300
67 irecv 71 2100 200 0
67 irecv 95 2300 200 0
67 send 71 2300 40 0
67 send 95 2100 40 0
67 wait 72 68 2100
67 wait 96 68 2300
67 irecv 99 3100 200 0
67 irecv 35 3300 200 0
67 send 99 3300 60 0
67 send 35 3100 60 0
67 wait 100 68 3100
67 wait 36 68 3300
67 irecv 64 1100 200 0
67 irecv 66 1300 200 0
67 send 64 1300 4 0
67 send 66 1100 4 0
67 wait 65 68 1100
67 wait 67 68 1300
67 irecv 71 2100 200 0
67 irecv 95 2300 200 0
67 send 71 2300 12 0
67 send 95 2100 12 0
67 wait 72 68 2100
67 wait 96 68 2300
67 irecv 99 3100 200 0
67 irecv 35 3300 200 0
67 send 99 3300 24 0
67 send 35 3100 24 0
67 wait 100 68 3100
67 wait 36 68 3300
67 irecv 64 1100 200 0
67 irecv 66 1300 200 0
67 send 64 1300 1 0
67 send 66 1100 1 0
67 wait 65 68 1100
67 wait 67 68 1300
67 irecv 71 2100 200 0
67 irecv 95 2300 200 0
67 send 71 2300 4 0
67 send 95 2100 4 0
67 wait 72 68 2100
67 wait 96 68 2300
67 irecv 99 3100 200 0
67 irecv 35 3300 200 0
67 send 99 3300 12 0
67 send 35 3100 12 0
67 wait 100 68 3100
67 wait 36 68 3300
67 send 64 1300 8 0
67 send 66 1100 4 0
67 irecv 71 2100 200 0
67 irecv 95 2300 200 0
67 wait 72 68 2100
67 wait 96 68 2300
67 irecv 99 3100 200 0
67 irecv 35 3300 200 0
67 wait 100 68 3100
67 wait 36 68 3300
67 irecv 64 1100 200 0
67 irecv 66 1300 200 0
67 send 64 1300 1 0
67 send 66 1100 1 0
67 wait 65 68 1100
67 wait 67 68 1300
67 irecv 71 2100 200 0
67 irecv 95 2300 200 0
67 send 71 2300 4 0
67 send 95 2100 4 0
67 wait 72 68 2100
67 wait 96 68 2300
67 irecv 99 3100 200 0
67 irecv 35 3300 200 0
67 send 99 3300 12 0
67 send 35 3100 12 0
67 wait 100 68 3100
67 wait 36 68 3300
67 irecv 64 1100 200 0
67 irecv 66 1300 200 0
67 send 64 1300 1 0
67 send 66 1100 1 0
67 wait 65 68 1100
67 wait 67 68 1300
67 irecv 71 2100 200 0
67 irecv 95 2300 200 0
67 send 71 2300 4 0
67 send 95 2100 4 0
67 wait 72 68 2100
67 wait 96 68 2300
67 irecv 99 3100 200 0
67 irecv 35 3300 200 0
67 send 99 3300 12 0
67 send 35 3100 12 0
67 wait 100 68 3100
67 wait 36 68 3300
67 irecv 64 1100 200 0
67 irecv 66 1300 200 0
67 send 64 1300 4 0
67 send 66 1100 4 0
67 wait 65 68 1100
67 wait 67 68 1300
67 irecv 71 2100 200 0
67 irecv 95 2300 200 0
67 send 71 2300 12 0
67 send 95 2100 12 0
67 wait 72 68 2100
67 wait 96 68 2300
67 irecv 99 3100 200 0
67 irecv 35 3300 200 0
67 send 99 3300 24 0
67 send 35 3100 24 0
67 wait 100 68 3100
67 wait 36 68 3300
67 irecv 64 1100 200 0
67 irecv 66 1300 200 0
67 send 64 1300 4 0
67 send 66 1100 4 0
67 wait 65 68 1100
67 wait 67 68 1300
67 irecv 71 2100 200 0
67 irecv 95 2300 200 0
67 send 71 2300 12 0
67 send 95 2100 12 0
67 wait 72 68 2100
67 wait 96 68 2300
67 irecv 99 3100 200 0
67 irecv 35 3300 200 0
67 send 99 3300 24 0
67 send 35 3100 24 0
67 wait 100 68 3100
67 wait 36 68 3300
67 irecv 64 1100 200 0
67 irecv 66 1300 200 0
67 send 64 1300 16 0
67 send 66 1100 16 0
67 wait 65 68 1100
67 wait 67 68 1300
67 irecv 71 2100 200 0
67 irecv 95 2300 200 0
67 send 71 2300 40 0
67 send 95 2100 40 0
67 wait 72 68 2100
67 wait 96 68 2300
67 irecv 99 3100 200 0
67 irecv 35 3300 200 0
67 send 99 3300 60 0
67 send 35 3100 60 0
67 wait 100 68 3100
67 wait 36 68 3300
67 irecv 64 1100 200 0
67 irecv 66 1300 200 0
67 send 64 1300 16 0
67 send 66 1100 16 0
67 wait 65 68 1100
67 wait 67 68 1300
67 irecv 71 2100 200 0
67 irecv 95 2300 200 0
67 send 71 2300 40 0
67 send 95 2100 40 0
67 wait 72 68 2100
67 wait 96 68 2300
67 irecv 99 3100 200 0
67 irecv 35 3300 200 0
67 send 99 3300 60 0
67 send 35 3100 60 0
67 wait 100 68 3100
67 wait 36 68 3300
67 irecv 64 1100 200 0
67 irecv 66 1300 200 0
67 send 64 1300 16 0
67 send 66 1100 16 0
67 wait 65 68 1100
67 wait 67 68 1300
67 irecv 71 2100 200 0
67 irecv 95 2300 200 0
67 send 71 2300 40 0
67 send 95 2100 40 0
67 wait 72 68 2100
67 wait 96 68 2300
67 irecv 99 3100 200 0
67 irecv 35 3300 200 0
67 send 99 3300 60 0
67 send 35 3100 60 0
67 wait 100 68 3100
67 wait 36 68 3300
67 irecv 64 1100 200 0
67 irecv 66 1300 200 0
67 send 64 1300 4 0
67 send 66 1100 4 0
67 wait 65 68 1100
67 wait 67 68 1300
67 irecv 71 2100 200 0
67 irecv 95 2300 200 0
67 send 71 2300 12 0
67 send 95 2100 12 0
67 wait 72 68 2100
67 wait 96 68 2300
67 irecv 99 3100 200 0
67 irecv 35 3300 200 0
67 send 99 3300 24 0
67 send 35 3100 24 0
67 wait 100 68 3100
67 wait 36 68 3300
67 irecv 64 1100 200 0
67 irecv 66 1300 200 0
67 send 64 1300 1 0
67 send 66 1100 1 0
67 wait 65 68 1100
67 wait 67 68 1300
67 irecv 71 2100 200 0
67 irecv 95 2300 200 0
67 send 71 2300 4 0
67 send 95 2100 4 0
67 wait 72 68 2100
67 wait 96 68 2300
67 irecv 99 3100 200 0
67 irecv 35 3300 200 0
67 send 99 3300 12 0
67 send 35 3100 12 0
67 wait 100 68 3100
67 wait 36 68 3300
67 send 64 1300 8 0
67 send 66 1100 4 0
67 irecv 71 2100 200 0
67 irecv 95 2300 200 0
67 wait 72 68 2100
67 wait 96 68 2300
67 irecv 99 3100 200 0
67 irecv 35 3300 200 0
67 wait 100 68 3100
67 wait 36 68 3300
67 irecv 64 1100 200 0
67 irecv 66 1300 200 0
67 send 64 1300 1 0
67 send 66 1100 1 0
67 wait 65 68 1100
67 wait 67 68 1300
67 irecv 71 2100 200 0
67 irecv 95 2300 200 0
67 send 71 2300 4 0
67 send 95 2100 4 0
67 wait 72 68 2100
67 wait 96 68 2300
67 irecv 99 3100 200 0
67 irecv 35 3300 200 0
67 send 99 3300 12 0
67 send 35 3100 12 0
67 wait 100 68 3100
67 wait 36 68 3300
67 irecv 64 1100 200 0
67 irecv 66 1300 200 0
67 send 64 1300 1 0
67 send 66 1100 1 0
67 wait 65 68 1100
67 wait 67 68 1300
67 irecv 71 2100 200 0
67 irecv 95 2300 200 0
67 send 71 2300 4 0
67 send 95 2100 4 0
67 wait 72 68 2100
67 wait 96 68 2300
67 irecv 99 3100 200 0
67 irecv 35 3300 200 0
67 send 99 3300 12 0
67 send 35 3100 12 0
67 wait 100 68 3100
67 wait 36 68 3300
67 irecv 64 1100 200 0
67 irecv 66 1300 200 0
67 send 64 1300 4 0
67 send 66 1100 4 0
67 wait 65 68 1100
67 wait 67 68 1300
67 irecv 71 2100 200 0
67 irecv 95 2300 200 0
67 send 71 2300 12 0
67 send 95 2100 12 0
67 wait 72 68 2100
67 wait 96 68 2300
67 irecv 99 3100 200 0
67 irecv 35 3300 200 0
67 send 99 3300 24 0
67 send 35 3100 24 0
67 wait 100 68 3100
67 wait 36 68 3300
67 irecv 64 1100 200 0
67 irecv 66 1300 200 0
67 send 64 1300 4 0
67 send 66 1100 4 0
67 wait 65 68 1100
67 wait 67 68 1300
67 irecv 71 2100 200 0
67 irecv 95 2300 200 0
67 send 71 2300 12 0
67 send 95 2100 12 0
67 wait 72 68 2100
67 wait 96 68 2300
67 irecv 99 3100 200 0
67 irecv 35 3300 200 0
67 send 99 3300 24 0
67 send 35 3100 24 0
67 wait 100 68 3100
67 wait 36 68 3300
67 irecv 64 1100 200 0
67 irecv 66 1300 200 0
67 send 64 1300 16 0
67 send 66 1100 16 0
67 wait 65 68 1100
67 wait 67 68 1300
67 irecv 71 2100 200 0
67 irecv 95 2300 200 0
67 send 71 2300 40 0
67 send 95 2100 40 0
67 wait 72 68 2100
67 wait 96 68 2300
67 irecv 99 3100 200 0
67 irecv 35 3300 200 0
67 send 99 3300 60 0
67 send 35 3100 60 0
67 wait 100 68 3100
67 wait 36 68 3300
67 irecv 64 1100 200 0
67 irecv 66 1300 200 0
67 send 64 1300 16 0
67 send 66 1100 16 0
67 wait 65 68 1100
67 wait 67 68 1300
67 irecv 71 2100 200 0
67 irecv 95 2300 200 0
67 send 71 2300 40 0
67 send 95 2100 40 0
67 wait 72 68 2100
67 wait 96 68 2300
67 irecv 99 3100 200 0
67 irecv 35 3300 200 0
67 send 99 3300 60 0
67 send 35 3100 60 0
67 wait 100 68 3100
67 wait 36 68 3300
67 irecv 64 1100 200 0
67 irecv 66 1300 200 0
67 send 64 1300 16 0
67 send 66 1100 16 0
67 wait 65 68 1100
67 wait 67 68 1300
67 irecv 71 2100 200 0
67 irecv 95 2300 200 0
67 send 71 2300 40 0
67 send 95 2100 40 0
67 wait 72 68 2100
67 wait 96 68 2300
67 irecv 99 3100 200 0
67 irecv 35 3300 200 0
67 send 99 3300 60 0
67 send 35 3100 60 0
67 wait 100 68 3100
67 wait 36 68 3300
67 allreduce 1 0 0 
67 allreduce 1 0 0 
67 reduce 1 0 0 0 
67 finalize
