4 init
4 barrier
4 bcast 1 0 1 
4 bcast 1 0 1 
4 bcast 1 0 1 
4 bcast 1 0 1 
4 bcast 1 0 1 
4 bcast 8 0 1 
4 bcast 1 0 16 
4 barrier
4 allreduce 1 0 0 
4 allreduce 4 0 1 
4 allreduce 1 0 0 
4 allreduce 4 0 1 
4 allreduce 1 0 0 
4 allreduce 4 0 1 
4 allreduce 1 0 0 
4 allreduce 4 0 1 
4 allreduce 1 0 0 
4 allreduce 4 0 1 
4 allreduce 1 0 0 
4 allreduce 4 0 1 
4 allreduce 1 0 0 
4 allreduce 4 0 1 
4 allreduce 1 0 0 
4 allreduce 4 0 1 
4 allreduce 1 0 0 
4 allreduce 4 0 1 
4 allreduce 1 0 0 
4 allreduce 4 0 1 
4 allreduce 1 0 0 
4 allreduce 4 0 1 
4 allreduce 1 0 0 
4 allreduce 4 0 1 
4 allreduce 1 0 0 
4 allreduce 4 0 1 
4 allreduce 1 0 0 
4 allreduce 4 0 1 
4 allreduce 1 0 0 
4 allreduce 4 0 1 
4 allreduce 1 0 0 
4 allreduce 4 0 1 
4 allreduce 1 0 0 
4 allreduce 4 0 1 
4 allreduce 1 0 0 
4 allreduce 4 0 1 
4 allreduce 1 0 0 
4 allreduce 4 0 1 
4 allreduce 1 0 0 
4 allreduce 4 0 1 
4 barrier
4 irecv 5 1100 200 0
4 irecv 7 1300 200 0
4 send 5 1300 16 0
4 send 7 1100 16 0
4 wait 6 5 1100
4 wait 8 5 1300
4 irecv 8 2100 200 0
4 irecv 0 2300 200 0
4 send 8 2300 40 0
4 send 0 2100 40 0
4 wait 9 5 2100
4 wait 1 5 2300
4 irecv 36 3100 200 0
4 irecv 228 3300 200 0
4 send 36 3300 60 0
4 send 228 3100 60 0
4 wait 37 5 3100
4 wait 229 5 3300
4 allreduce 1 0 0 
4 allreduce 1 0 0 
4 irecv 5 1100 200 0
4 irecv 7 1300 200 0
4 send 5 1300 16 0
4 send 7 1100 16 0
4 wait 6 5 1100
4 wait 8 5 1300
4 irecv 8 2100 200 0
4 irecv 0 2300 200 0
4 send 8 2300 40 0
4 send 0 2100 40 0
4 wait 9 5 2100
4 wait 1 5 2300
4 irecv 36 3100 200 0
4 irecv 228 3300 200 0
4 send 36 3300 60 0
4 send 228 3100 60 0
4 wait 37 5 3100
4 wait 229 5 3300
4 allreduce 1 0 0 
4 allreduce 1 0 0 
4 irecv 5 1100 200 0
4 irecv 7 1300 200 0
4 send 5 1300 4 0
4 send 7 1100 4 0
4 wait 6 5 1100
4 wait 8 5 1300
4 irecv 8 2100 200 0
4 irecv 0 2300 200 0
4 send 8 2300 12 0
4 send 0 2100 12 0
4 wait 9 5 2100
4 wait 1 5 2300
4 irecv 36 3100 200 0
4 irecv 228 3300 200 0
4 send 36 3300 24 0
4 send 228 3100 24 0
4 wait 37 5 3100
4 wait 229 5 3300
4 irecv 5 1100 200 0
4 irecv 7 1300 200 0
4 send 5 1300 1 0
4 send 7 1100 1 0
4 wait 6 5 1100
4 wait 8 5 1300
4 irecv 8 2100 200 0
4 irecv 0 2300 200 0
4 send 8 2300 4 0
4 send 0 2100 4 0
4 wait 9 5 2100
4 wait 1 5 2300
4 irecv 36 3100 200 0
4 irecv 228 3300 200 0
4 send 36 3300 12 0
4 send 228 3100 12 0
4 wait 37 5 3100
4 wait 229 5 3300
4 irecv 5 1100 200 0
4 irecv 7 1300 200 0
4 wait 6 5 1100
4 wait 8 5 1300
4 irecv 12 2100 200 0
4 irecv 28 2300 200 0
4 wait 13 5 2100
4 wait 29 5 2300
4 send 8 2300 24 0
4 send 0 2100 12 0
4 irecv 36 3100 200 0
4 irecv 228 3300 200 0
4 wait 37 5 3100
4 wait 229 5 3300
4 irecv 5 1100 200 0
4 irecv 7 1300 200 0
4 send 5 1300 1 0
4 send 7 1100 1 0
4 wait 6 5 1100
4 wait 8 5 1300
4 irecv 8 2100 200 0
4 irecv 0 2300 200 0
4 send 8 2300 4 0
4 send 0 2100 4 0
4 wait 9 5 2100
4 wait 1 5 2300
4 irecv 36 3100 200 0
4 irecv 228 3300 200 0
4 send 36 3300 12 0
4 send 228 3100 12 0
4 wait 37 5 3100
4 wait 229 5 3300
4 irecv 5 1100 200 0
4 irecv 7 1300 200 0
4 send 5 1300 1 0
4 send 7 1100 1 0
4 wait 6 5 1100
4 wait 8 5 1300
4 irecv 8 2100 200 0
4 irecv 0 2300 200 0
4 send 8 2300 4 0
4 send 0 2100 4 0
4 wait 9 5 2100
4 wait 1 5 2300
4 irecv 36 3100 200 0
4 irecv 228 3300 200 0
4 send 36 3300 12 0
4 send 228 3100 12 0
4 wait 37 5 3100
4 wait 229 5 3300
4 irecv 5 1100 200 0
4 irecv 7 1300 200 0
4 send 5 1300 4 0
4 send 7 1100 4 0
4 wait 6 5 1100
4 wait 8 5 1300
4 irecv 8 2100 200 0
4 irecv 0 2300 200 0
4 send 8 2300 12 0
4 send 0 2100 12 0
4 wait 9 5 2100
4 wait 1 5 2300
4 irecv 36 3100 200 0
4 irecv 228 3300 200 0
4 send 36 3300 24 0
4 send 228 3100 24 0
4 wait 37 5 3100
4 wait 229 5 3300
4 irecv 5 1100 200 0
4 irecv 7 1300 200 0
4 send 5 1300 4 0
4 send 7 1100 4 0
4 wait 6 5 1100
4 wait 8 5 1300
4 irecv 8 2100 200 0
4 irecv 0 2300 200 0
4 send 8 2300 12 0
4 send 0 2100 12 0
4 wait 9 5 2100
4 wait 1 5 2300
4 irecv 36 3100 200 0
4 irecv 228 3300 200 0
4 send 36 3300 24 0
4 send 228 3100 24 0
4 wait 37 5 3100
4 wait 229 5 3300
4 irecv 5 1100 200 0
4 irecv 7 1300 200 0
4 send 5 1300 16 0
4 send 7 1100 16 0
4 wait 6 5 1100
4 wait 8 5 1300
4 irecv 8 2100 200 0
4 irecv 0 2300 200 0
4 send 8 2300 40 0
4 send 0 2100 40 0
4 wait 9 5 2100
4 wait 1 5 2300
4 irecv 36 3100 200 0
4 irecv 228 3300 200 0
4 send 36 3300 60 0
4 send 228 3100 60 0
4 wait 37 5 3100
4 wait 229 5 3300
4 irecv 5 1100 200 0
4 irecv 7 1300 200 0
4 send 5 1300 16 0
4 send 7 1100 16 0
4 wait 6 5 1100
4 wait 8 5 1300
4 irecv 8 2100 200 0
4 irecv 0 2300 200 0
4 send 8 2300 40 0
4 send 0 2100 40 0
4 wait 9 5 2100
4 wait 1 5 2300
4 irecv 36 3100 200 0
4 irecv 228 3300 200 0
4 send 36 3300 60 0
4 send 228 3100 60 0
4 wait 37 5 3100
4 wait 229 5 3300
4 irecv 5 1100 200 0
4 irecv 7 1300 200 0
4 send 5 1300 16 0
4 send 7 1100 16 0
4 wait 6 5 1100
4 wait 8 5 1300
4 irecv 8 2100 200 0
4 irecv 0 2300 200 0
4 send 8 2300 40 0
4 send 0 2100 40 0
4 wait 9 5 2100
4 wait 1 5 2300
4 irecv 36 3100 200 0
4 irecv 228 3300 200 0
4 send 36 3300 60 0
4 send 228 3100 60 0
4 wait 37 5 3100
4 wait 229 5 3300
4 barrier
4 allreduce 1 0 0 
4 allreduce 4 0 1 
4 allreduce 1 0 0 
4 allreduce 4 0 1 
4 allreduce 1 0 0 
4 allreduce 4 0 1 
4 allreduce 1 0 0 
4 allreduce 4 0 1 
4 allreduce 1 0 0 
4 allreduce 4 0 1 
4 allreduce 1 0 0 
4 allreduce 4 0 1 
4 allreduce 1 0 0 
4 allreduce 4 0 1 
4 allreduce 1 0 0 
4 allreduce 4 0 1 
4 allreduce 1 0 0 
4 allreduce 4 0 1 
4 allreduce 1 0 0 
4 allreduce 4 0 1 
4 allreduce 1 0 0 
4 allreduce 4 0 1 
4 allreduce 1 0 0 
4 allreduce 4 0 1 
4 allreduce 1 0 0 
4 allreduce 4 0 1 
4 allreduce 1 0 0 
4 allreduce 4 0 1 
4 allreduce 1 0 0 
4 allreduce 4 0 1 
4 allreduce 1 0 0 
4 allreduce 4 0 1 
4 allreduce 1 0 0 
4 allreduce 4 0 1 
4 allreduce 1 0 0 
4 allreduce 4 0 1 
4 allreduce 1 0 0 
4 allreduce 4 0 1 
4 allreduce 1 0 0 
4 allreduce 4 0 1 
4 barrier
4 irecv 5 1100 200 0
4 irecv 7 1300 200 0
4 send 5 1300 16 0
4 send 7 1100 16 0
4 wait 6 5 1100
4 wait 8 5 1300
4 irecv 8 2100 200 0
4 irecv 0 2300 200 0
4 send 8 2300 40 0
4 send 0 2100 40 0
4 wait 9 5 2100
4 wait 1 5 2300
4 irecv 36 3100 200 0
4 irecv 228 3300 200 0
4 send 36 3300 60 0
4 send 228 3100 60 0
4 wait 37 5 3100
4 wait 229 5 3300
4 barrier
4 irecv 5 1100 200 0
4 irecv 7 1300 200 0
4 send 5 1300 16 0
4 send 7 1100 16 0
4 wait 6 5 1100
4 wait 8 5 1300
4 irecv 8 2100 200 0
4 irecv 0 2300 200 0
4 send 8 2300 40 0
4 send 0 2100 40 0
4 wait 9 5 2100
4 wait 1 5 2300
4 irecv 36 3100 200 0
4 irecv 228 3300 200 0
4 send 36 3300 60 0
4 send 228 3100 60 0
4 wait 37 5 3100
4 wait 229 5 3300
4 allreduce 1 0 0 
4 allreduce 1 0 0 
4 irecv 5 1100 200 0
4 irecv 7 1300 200 0
4 send 5 1300 4 0
4 send 7 1100 4 0
4 wait 6 5 1100
4 wait 8 5 1300
4 irecv 8 2100 200 0
4 irecv 0 2300 200 0
4 send 8 2300 12 0
4 send 0 2100 12 0
4 wait 9 5 2100
4 wait 1 5 2300
4 irecv 36 3100 200 0
4 irecv 228 3300 200 0
4 send 36 3300 24 0
4 send 228 3100 24 0
4 wait 37 5 3100
4 wait 229 5 3300
4 irecv 5 1100 200 0
4 irecv 7 1300 200 0
4 send 5 1300 1 0
4 send 7 1100 1 0
4 wait 6 5 1100
4 wait 8 5 1300
4 irecv 8 2100 200 0
4 irecv 0 2300 200 0
4 send 8 2300 4 0
4 send 0 2100 4 0
4 wait 9 5 2100
4 wait 1 5 2300
4 irecv 36 3100 200 0
4 irecv 228 3300 200 0
4 send 36 3300 12 0
4 send 228 3100 12 0
4 wait 37 5 3100
4 wait 229 5 3300
4 irecv 5 1100 200 0
4 irecv 7 1300 200 0
4 wait 6 5 1100
4 wait 8 5 1300
4 irecv 12 2100 200 0
4 irecv 28 2300 200 0
4 wait 13 5 2100
4 wait 29 5 2300
4 send 8 2300 24 0
4 send 0 2100 12 0
4 irecv 36 3100 200 0
4 irecv 228 3300 200 0
4 wait 37 5 3100
4 wait 229 5 3300
4 irecv 5 1100 200 0
4 irecv 7 1300 200 0
4 send 5 1300 1 0
4 send 7 1100 1 0
4 wait 6 5 1100
4 wait 8 5 1300
4 irecv 8 2100 200 0
4 irecv 0 2300 200 0
4 send 8 2300 4 0
4 send 0 2100 4 0
4 wait 9 5 2100
4 wait 1 5 2300
4 irecv 36 3100 200 0
4 irecv 228 3300 200 0
4 send 36 3300 12 0
4 send 228 3100 12 0
4 wait 37 5 3100
4 wait 229 5 3300
4 irecv 5 1100 200 0
4 irecv 7 1300 200 0
4 send 5 1300 1 0
4 send 7 1100 1 0
4 wait 6 5 1100
4 wait 8 5 1300
4 irecv 8 2100 200 0
4 irecv 0 2300 200 0
4 send 8 2300 4 0
4 send 0 2100 4 0
4 wait 9 5 2100
4 wait 1 5 2300
4 irecv 36 3100 200 0
4 irecv 228 3300 200 0
4 send 36 3300 12 0
4 send 228 3100 12 0
4 wait 37 5 3100
4 wait 229 5 3300
4 irecv 5 1100 200 0
4 irecv 7 1300 200 0
4 send 5 1300 4 0
4 send 7 1100 4 0
4 wait 6 5 1100
4 wait 8 5 1300
4 irecv 8 2100 200 0
4 irecv 0 2300 200 0
4 send 8 2300 12 0
4 send 0 2100 12 0
4 wait 9 5 2100
4 wait 1 5 2300
4 irecv 36 3100 200 0
4 irecv 228 3300 200 0
4 send 36 3300 24 0
4 send 228 3100 24 0
4 wait 37 5 3100
4 wait 229 5 3300
4 irecv 5 1100 200 0
4 irecv 7 1300 200 0
4 send 5 1300 4 0
4 send 7 1100 4 0
4 wait 6 5 1100
4 wait 8 5 1300
4 irecv 8 2100 200 0
4 irecv 0 2300 200 0
4 send 8 2300 12 0
4 send 0 2100 12 0
4 wait 9 5 2100
4 wait 1 5 2300
4 irecv 36 3100 200 0
4 irecv 228 3300 200 0
4 send 36 3300 24 0
4 send 228 3100 24 0
4 wait 37 5 3100
4 wait 229 5 3300
4 irecv 5 1100 200 0
4 irecv 7 1300 200 0
4 send 5 1300 16 0
4 send 7 1100 16 0
4 wait 6 5 1100
4 wait 8 5 1300
4 irecv 8 2100 200 0
4 irecv 0 2300 200 0
4 send 8 2300 40 0
4 send 0 2100 40 0
4 wait 9 5 2100
4 wait 1 5 2300
4 irecv 36 3100 200 0
4 irecv 228 3300 200 0
4 send 36 3300 60 0
4 send 228 3100 60 0
4 wait 37 5 3100
4 wait 229 5 3300
4 irecv 5 1100 200 0
4 irecv 7 1300 200 0
4 send 5 1300 16 0
4 send 7 1100 16 0
4 wait 6 5 1100
4 wait 8 5 1300
4 irecv 8 2100 200 0
4 irecv 0 2300 200 0
4 send 8 2300 40 0
4 send 0 2100 40 0
4 wait 9 5 2100
4 wait 1 5 2300
4 irecv 36 3100 200 0
4 irecv 228 3300 200 0
4 send 36 3300 60 0
4 send 228 3100 60 0
4 wait 37 5 3100
4 wait 229 5 3300
4 irecv 5 1100 200 0
4 irecv 7 1300 200 0
4 send 5 1300 16 0
4 send 7 1100 16 0
4 wait 6 5 1100
4 wait 8 5 1300
4 irecv 8 2100 200 0
4 irecv 0 2300 200 0
4 send 8 2300 40 0
4 send 0 2100 40 0
4 wait 9 5 2100
4 wait 1 5 2300
4 irecv 36 3100 200 0
4 irecv 228 3300 200 0
4 send 36 3300 60 0
4 send 228 3100 60 0
4 wait 37 5 3100
4 wait 229 5 3300
4 irecv 5 1100 200 0
4 irecv 7 1300 200 0
4 send 5 1300 4 0
4 send 7 1100 4 0
4 wait 6 5 1100
4 wait 8 5 1300
4 irecv 8 2100 200 0
4 irecv 0 2300 200 0
4 send 8 2300 12 0
4 send 0 2100 12 0
4 wait 9 5 2100
4 wait 1 5 2300
4 irecv 36 3100 200 0
4 irecv 228 3300 200 0
4 send 36 3300 24 0
4 send 228 3100 24 0
4 wait 37 5 3100
4 wait 229 5 3300
4 irecv 5 1100 200 0
4 irecv 7 1300 200 0
4 send 5 1300 1 0
4 send 7 1100 1 0
4 wait 6 5 1100
4 wait 8 5 1300
4 irecv 8 2100 200 0
4 irecv 0 2300 200 0
4 send 8 2300 4 0
4 send 0 2100 4 0
4 wait 9 5 2100
4 wait 1 5 2300
4 irecv 36 3100 200 0
4 irecv 228 3300 200 0
4 send 36 3300 12 0
4 send 228 3100 12 0
4 wait 37 5 3100
4 wait 229 5 3300
4 irecv 5 1100 200 0
4 irecv 7 1300 200 0
4 wait 6 5 1100
4 wait 8 5 1300
4 irecv 12 2100 200 0
4 irecv 28 2300 200 0
4 wait 13 5 2100
4 wait 29 5 2300
4 send 8 2300 24 0
4 send 0 2100 12 0
4 irecv 36 3100 200 0
4 irecv 228 3300 200 0
4 wait 37 5 3100
4 wait 229 5 3300
4 irecv 5 1100 200 0
4 irecv 7 1300 200 0
4 send 5 1300 1 0
4 send 7 1100 1 0
4 wait 6 5 1100
4 wait 8 5 1300
4 irecv 8 2100 200 0
4 irecv 0 2300 200 0
4 send 8 2300 4 0
4 send 0 2100 4 0
4 wait 9 5 2100
4 wait 1 5 2300
4 irecv 36 3100 200 0
4 irecv 228 3300 200 0
4 send 36 3300 12 0
4 send 228 3100 12 0
4 wait 37 5 3100
4 wait 229 5 3300
4 irecv 5 1100 200 0
4 irecv 7 1300 200 0
4 send 5 1300 1 0
4 send 7 1100 1 0
4 wait 6 5 1100
4 wait 8 5 1300
4 irecv 8 2100 200 0
4 irecv 0 2300 200 0
4 send 8 2300 4 0
4 send 0 2100 4 0
4 wait 9 5 2100
4 wait 1 5 2300
4 irecv 36 3100 200 0
4 irecv 228 3300 200 0
4 send 36 3300 12 0
4 send 228 3100 12 0
4 wait 37 5 3100
4 wait 229 5 3300
4 irecv 5 1100 200 0
4 irecv 7 1300 200 0
4 send 5 1300 4 0
4 send 7 1100 4 0
4 wait 6 5 1100
4 wait 8 5 1300
4 irecv 8 2100 200 0
4 irecv 0 2300 200 0
4 send 8 2300 12 0
4 send 0 2100 12 0
4 wait 9 5 2100
4 wait 1 5 2300
4 irecv 36 3100 200 0
4 irecv 228 3300 200 0
4 send 36 3300 24 0
4 send 228 3100 24 0
4 wait 37 5 3100
4 wait 229 5 3300
4 irecv 5 1100 200 0
4 irecv 7 1300 200 0
4 send 5 1300 4 0
4 send 7 1100 4 0
4 wait 6 5 1100
4 wait 8 5 1300
4 irecv 8 2100 200 0
4 irecv 0 2300 200 0
4 send 8 2300 12 0
4 send 0 2100 12 0
4 wait 9 5 2100
4 wait 1 5 2300
4 irecv 36 3100 200 0
4 irecv 228 3300 200 0
4 send 36 3300 24 0
4 send 228 3100 24 0
4 wait 37 5 3100
4 wait 229 5 3300
4 irecv 5 1100 200 0
4 irecv 7 1300 200 0
4 send 5 1300 16 0
4 send 7 1100 16 0
4 wait 6 5 1100
4 wait 8 5 1300
4 irecv 8 2100 200 0
4 irecv 0 2300 200 0
4 send 8 2300 40 0
4 send 0 2100 40 0
4 wait 9 5 2100
4 wait 1 5 2300
4 irecv 36 3100 200 0
4 irecv 228 3300 200 0
4 send 36 3300 60 0
4 send 228 3100 60 0
4 wait 37 5 3100
4 wait 229 5 3300
4 irecv 5 1100 200 0
4 irecv 7 1300 200 0
4 send 5 1300 16 0
4 send 7 1100 16 0
4 wait 6 5 1100
4 wait 8 5 1300
4 irecv 8 2100 200 0
4 irecv 0 2300 200 0
4 send 8 2300 40 0
4 send 0 2100 40 0
4 wait 9 5 2100
4 wait 1 5 2300
4 irecv 36 3100 200 0
4 irecv 228 3300 200 0
4 send 36 3300 60 0
4 send 228 3100 60 0
4 wait 37 5 3100
4 wait 229 5 3300
4 irecv 5 1100 200 0
4 irecv 7 1300 200 0
4 send 5 1300 16 0
4 send 7 1100 16 0
4 wait 6 5 1100
4 wait 8 5 1300
4 irecv 8 2100 200 0
4 irecv 0 2300 200 0
4 send 8 2300 40 0
4 send 0 2100 40 0
4 wait 9 5 2100
4 wait 1 5 2300
4 irecv 36 3100 200 0
4 irecv 228 3300 200 0
4 send 36 3300 60 0
4 send 228 3100 60 0
4 wait 37 5 3100
4 wait 229 5 3300
4 irecv 5 1100 200 0
4 irecv 7 1300 200 0
4 send 5 1300 4 0
4 send 7 1100 4 0
4 wait 6 5 1100
4 wait 8 5 1300
4 irecv 8 2100 200 0
4 irecv 0 2300 200 0
4 send 8 2300 12 0
4 send 0 2100 12 0
4 wait 9 5 2100
4 wait 1 5 2300
4 irecv 36 3100 200 0
4 irecv 228 3300 200 0
4 send 36 3300 24 0
4 send 228 3100 24 0
4 wait 37 5 3100
4 wait 229 5 3300
4 irecv 5 1100 200 0
4 irecv 7 1300 200 0
4 send 5 1300 1 0
4 send 7 1100 1 0
4 wait 6 5 1100
4 wait 8 5 1300
4 irecv 8 2100 200 0
4 irecv 0 2300 200 0
4 send 8 2300 4 0
4 send 0 2100 4 0
4 wait 9 5 2100
4 wait 1 5 2300
4 irecv 36 3100 200 0
4 irecv 228 3300 200 0
4 send 36 3300 12 0
4 send 228 3100 12 0
4 wait 37 5 3100
4 wait 229 5 3300
4 irecv 5 1100 200 0
4 irecv 7 1300 200 0
4 wait 6 5 1100
4 wait 8 5 1300
4 irecv 12 2100 200 0
4 irecv 28 2300 200 0
4 wait 13 5 2100
4 wait 29 5 2300
4 send 8 2300 24 0
4 send 0 2100 12 0
4 irecv 36 3100 200 0
4 irecv 228 3300 200 0
4 wait 37 5 3100
4 wait 229 5 3300
4 irecv 5 1100 200 0
4 irecv 7 1300 200 0
4 send 5 1300 1 0
4 send 7 1100 1 0
4 wait 6 5 1100
4 wait 8 5 1300
4 irecv 8 2100 200 0
4 irecv 0 2300 200 0
4 send 8 2300 4 0
4 send 0 2100 4 0
4 wait 9 5 2100
4 wait 1 5 2300
4 irecv 36 3100 200 0
4 irecv 228 3300 200 0
4 send 36 3300 12 0
4 send 228 3100 12 0
4 wait 37 5 3100
4 wait 229 5 3300
4 irecv 5 1100 200 0
4 irecv 7 1300 200 0
4 send 5 1300 1 0
4 send 7 1100 1 0
4 wait 6 5 1100
4 wait 8 5 1300
4 irecv 8 2100 200 0
4 irecv 0 2300 200 0
4 send 8 2300 4 0
4 send 0 2100 4 0
4 wait 9 5 2100
4 wait 1 5 2300
4 irecv 36 3100 200 0
4 irecv 228 3300 200 0
4 send 36 3300 12 0
4 send 228 3100 12 0
4 wait 37 5 3100
4 wait 229 5 3300
4 irecv 5 1100 200 0
4 irecv 7 1300 200 0
4 send 5 1300 4 0
4 send 7 1100 4 0
4 wait 6 5 1100
4 wait 8 5 1300
4 irecv 8 2100 200 0
4 irecv 0 2300 200 0
4 send 8 2300 12 0
4 send 0 2100 12 0
4 wait 9 5 2100
4 wait 1 5 2300
4 irecv 36 3100 200 0
4 irecv 228 3300 200 0
4 send 36 3300 24 0
4 send 228 3100 24 0
4 wait 37 5 3100
4 wait 229 5 3300
4 irecv 5 1100 200 0
4 irecv 7 1300 200 0
4 send 5 1300 4 0
4 send 7 1100 4 0
4 wait 6 5 1100
4 wait 8 5 1300
4 irecv 8 2100 200 0
4 irecv 0 2300 200 0
4 send 8 2300 12 0
4 send 0 2100 12 0
4 wait 9 5 2100
4 wait 1 5 2300
4 irecv 36 3100 200 0
4 irecv 228 3300 200 0
4 send 36 3300 24 0
4 send 228 3100 24 0
4 wait 37 5 3100
4 wait 229 5 3300
4 irecv 5 1100 200 0
4 irecv 7 1300 200 0
4 send 5 1300 16 0
4 send 7 1100 16 0
4 wait 6 5 1100
4 wait 8 5 1300
4 irecv 8 2100 200 0
4 irecv 0 2300 200 0
4 send 8 2300 40 0
4 send 0 2100 40 0
4 wait 9 5 2100
4 wait 1 5 2300
4 irecv 36 3100 200 0
4 irecv 228 3300 200 0
4 send 36 3300 60 0
4 send 228 3100 60 0
4 wait 37 5 3100
4 wait 229 5 3300
4 irecv 5 1100 200 0
4 irecv 7 1300 200 0
4 send 5 1300 16 0
4 send 7 1100 16 0
4 wait 6 5 1100
4 wait 8 5 1300
4 irecv 8 2100 200 0
4 irecv 0 2300 200 0
4 send 8 2300 40 0
4 send 0 2100 40 0
4 wait 9 5 2100
4 wait 1 5 2300
4 irecv 36 3100 200 0
4 irecv 228 3300 200 0
4 send 36 3300 60 0
4 send 228 3100 60 0
4 wait 37 5 3100
4 wait 229 5 3300
4 irecv 5 1100 200 0
4 irecv 7 1300 200 0
4 send 5 1300 16 0
4 send 7 1100 16 0
4 wait 6 5 1100
4 wait 8 5 1300
4 irecv 8 2100 200 0
4 irecv 0 2300 200 0
4 send 8 2300 40 0
4 send 0 2100 40 0
4 wait 9 5 2100
4 wait 1 5 2300
4 irecv 36 3100 200 0
4 irecv 228 3300 200 0
4 send 36 3300 60 0
4 send 228 3100 60 0
4 wait 37 5 3100
4 wait 229 5 3300
4 irecv 5 1100 200 0
4 irecv 7 1300 200 0
4 send 5 1300 4 0
4 send 7 1100 4 0
4 wait 6 5 1100
4 wait 8 5 1300
4 irecv 8 2100 200 0
4 irecv 0 2300 200 0
4 send 8 2300 12 0
4 send 0 2100 12 0
4 wait 9 5 2100
4 wait 1 5 2300
4 irecv 36 3100 200 0
4 irecv 228 3300 200 0
4 send 36 3300 24 0
4 send 228 3100 24 0
4 wait 37 5 3100
4 wait 229 5 3300
4 irecv 5 1100 200 0
4 irecv 7 1300 200 0
4 send 5 1300 1 0
4 send 7 1100 1 0
4 wait 6 5 1100
4 wait 8 5 1300
4 irecv 8 2100 200 0
4 irecv 0 2300 200 0
4 send 8 2300 4 0
4 send 0 2100 4 0
4 wait 9 5 2100
4 wait 1 5 2300
4 irecv 36 3100 200 0
4 irecv 228 3300 200 0
4 send 36 3300 12 0
4 send 228 3100 12 0
4 wait 37 5 3100
4 wait 229 5 3300
4 irecv 5 1100 200 0
4 irecv 7 1300 200 0
4 wait 6 5 1100
4 wait 8 5 1300
4 irecv 12 2100 200 0
4 irecv 28 2300 200 0
4 wait 13 5 2100
4 wait 29 5 2300
4 send 8 2300 24 0
4 send 0 2100 12 0
4 irecv 36 3100 200 0
4 irecv 228 3300 200 0
4 wait 37 5 3100
4 wait 229 5 3300
4 irecv 5 1100 200 0
4 irecv 7 1300 200 0
4 send 5 1300 1 0
4 send 7 1100 1 0
4 wait 6 5 1100
4 wait 8 5 1300
4 irecv 8 2100 200 0
4 irecv 0 2300 200 0
4 send 8 2300 4 0
4 send 0 2100 4 0
4 wait 9 5 2100
4 wait 1 5 2300
4 irecv 36 3100 200 0
4 irecv 228 3300 200 0
4 send 36 3300 12 0
4 send 228 3100 12 0
4 wait 37 5 3100
4 wait 229 5 3300
4 irecv 5 1100 200 0
4 irecv 7 1300 200 0
4 send 5 1300 1 0
4 send 7 1100 1 0
4 wait 6 5 1100
4 wait 8 5 1300
4 irecv 8 2100 200 0
4 irecv 0 2300 200 0
4 send 8 2300 4 0
4 send 0 2100 4 0
4 wait 9 5 2100
4 wait 1 5 2300
4 irecv 36 3100 200 0
4 irecv 228 3300 200 0
4 send 36 3300 12 0
4 send 228 3100 12 0
4 wait 37 5 3100
4 wait 229 5 3300
4 irecv 5 1100 200 0
4 irecv 7 1300 200 0
4 send 5 1300 4 0
4 send 7 1100 4 0
4 wait 6 5 1100
4 wait 8 5 1300
4 irecv 8 2100 200 0
4 irecv 0 2300 200 0
4 send 8 2300 12 0
4 send 0 2100 12 0
4 wait 9 5 2100
4 wait 1 5 2300
4 irecv 36 3100 200 0
4 irecv 228 3300 200 0
4 send 36 3300 24 0
4 send 228 3100 24 0
4 wait 37 5 3100
4 wait 229 5 3300
4 irecv 5 1100 200 0
4 irecv 7 1300 200 0
4 send 5 1300 4 0
4 send 7 1100 4 0
4 wait 6 5 1100
4 wait 8 5 1300
4 irecv 8 2100 200 0
4 irecv 0 2300 200 0
4 send 8 2300 12 0
4 send 0 2100 12 0
4 wait 9 5 2100
4 wait 1 5 2300
4 irecv 36 3100 200 0
4 irecv 228 3300 200 0
4 send 36 3300 24 0
4 send 228 3100 24 0
4 wait 37 5 3100
4 wait 229 5 3300
4 irecv 5 1100 200 0
4 irecv 7 1300 200 0
4 send 5 1300 16 0
4 send 7 1100 16 0
4 wait 6 5 1100
4 wait 8 5 1300
4 irecv 8 2100 200 0
4 irecv 0 2300 200 0
4 send 8 2300 40 0
4 send 0 2100 40 0
4 wait 9 5 2100
4 wait 1 5 2300
4 irecv 36 3100 200 0
4 irecv 228 3300 200 0
4 send 36 3300 60 0
4 send 228 3100 60 0
4 wait 37 5 3100
4 wait 229 5 3300
4 irecv 5 1100 200 0
4 irecv 7 1300 200 0
4 send 5 1300 16 0
4 send 7 1100 16 0
4 wait 6 5 1100
4 wait 8 5 1300
4 irecv 8 2100 200 0
4 irecv 0 2300 200 0
4 send 8 2300 40 0
4 send 0 2100 40 0
4 wait 9 5 2100
4 wait 1 5 2300
4 irecv 36 3100 200 0
4 irecv 228 3300 200 0
4 send 36 3300 60 0
4 send 228 3100 60 0
4 wait 37 5 3100
4 wait 229 5 3300
4 irecv 5 1100 200 0
4 irecv 7 1300 200 0
4 send 5 1300 16 0
4 send 7 1100 16 0
4 wait 6 5 1100
4 wait 8 5 1300
4 irecv 8 2100 200 0
4 irecv 0 2300 200 0
4 send 8 2300 40 0
4 send 0 2100 40 0
4 wait 9 5 2100
4 wait 1 5 2300
4 irecv 36 3100 200 0
4 irecv 228 3300 200 0
4 send 36 3300 60 0
4 send 228 3100 60 0
4 wait 37 5 3100
4 wait 229 5 3300
4 allreduce 1 0 0 
4 allreduce 1 0 0 
4 reduce 1 0 0 0 
4 finalize
