226 init
226 barrier
226 bcast 1 0 1 
226 bcast 1 0 1 
226 bcast 1 0 1 
226 bcast 1 0 1 
226 bcast 1 0 1 
226 bcast 8 0 1 
226 bcast 1 0 16 
226 barrier
226 allreduce 1 0 0 
226 allreduce 4 0 1 
226 allreduce 1 0 0 
226 allreduce 4 0 1 
226 allreduce 1 0 0 
226 allreduce 4 0 1 
226 allreduce 1 0 0 
226 allreduce 4 0 1 
226 allreduce 1 0 0 
226 allreduce 4 0 1 
226 allreduce 1 0 0 
226 allreduce 4 0 1 
226 allreduce 1 0 0 
226 allreduce 4 0 1 
226 allreduce 1 0 0 
226 allreduce 4 0 1 
226 allreduce 1 0 0 
226 allreduce 4 0 1 
226 allreduce 1 0 0 
226 allreduce 4 0 1 
226 allreduce 1 0 0 
226 allreduce 4 0 1 
226 allreduce 1 0 0 
226 allreduce 4 0 1 
226 allreduce 1 0 0 
226 allreduce 4 0 1 
226 allreduce 1 0 0 
226 allreduce 4 0 1 
226 allreduce 1 0 0 
226 allreduce 4 0 1 
226 allreduce 1 0 0 
226 allreduce 4 0 1 
226 allreduce 1 0 0 
226 allreduce 4 0 1 
226 allreduce 1 0 0 
226 allreduce 4 0 1 
226 allreduce 1 0 0 
226 allreduce 4 0 1 
226 allreduce 1 0 0 
226 allreduce 4 0 1 
226 barrier
226 irecv 227 1100 200 0
226 irecv 225 1300 200 0
226 send 227 1300 16 0
226 send 225 1100 16 0
226 wait 228 227 1100
226 wait 226 227 1300
226 irecv 230 2100 200 0
226 irecv 254 2300 200 0
226 send 230 2300 40 0
226 send 254 2100 40 0
226 wait 231 227 2100
226 wait 255 227 2300
226 irecv 2 3100 200 0
226 irecv 194 3300 200 0
226 send 2 3300 60 0
226 send 194 3100 60 0
226 wait 3 227 3100
226 wait 195 227 3300
226 allreduce 1 0 0 
226 allreduce 1 0 0 
226 irecv 227 1100 200 0
226 irecv 225 1300 200 0
226 send 227 1300 16 0
226 send 225 1100 16 0
226 wait 228 227 1100
226 wait 226 227 1300
226 irecv 230 2100 200 0
226 irecv 254 2300 200 0
226 send 230 2300 40 0
226 send 254 2100 40 0
226 wait 231 227 2100
226 wait 255 227 2300
226 irecv 2 3100 200 0
226 irecv 194 3300 200 0
226 send 2 3300 60 0
226 send 194 3100 60 0
226 wait 3 227 3100
226 wait 195 227 3300
226 allreduce 1 0 0 
226 allreduce 1 0 0 
226 irecv 227 1100 200 0
226 irecv 225 1300 200 0
226 send 227 1300 4 0
226 send 225 1100 4 0
226 wait 228 227 1100
226 wait 226 227 1300
226 irecv 230 2100 200 0
226 irecv 254 2300 200 0
226 send 230 2300 12 0
226 send 254 2100 12 0
226 wait 231 227 2100
226 wait 255 227 2300
226 irecv 2 3100 200 0
226 irecv 194 3300 200 0
226 send 2 3300 24 0
226 send 194 3100 24 0
226 wait 3 227 3100
226 wait 195 227 3300
226 irecv 227 1100 200 0
226 irecv 225 1300 200 0
226 send 227 1300 1 0
226 send 225 1100 1 0
226 wait 228 227 1100
226 wait 226 227 1300
226 irecv 230 2100 200 0
226 irecv 254 2300 200 0
226 send 230 2300 4 0
226 send 254 2100 4 0
226 wait 231 227 2100
226 wait 255 227 2300
226 irecv 2 3100 200 0
226 irecv 194 3300 200 0
226 send 2 3300 12 0
226 send 194 3100 12 0
226 wait 3 227 3100
226 wait 195 227 3300
226 irecv 227 1100 200 0
226 irecv 225 1300 200 0
226 wait 228 227 1100
226 wait 226 227 1300
226 send 34 3300 12 0
226 send 162 3100 6 0
226 irecv 230 2100 200 0
226 irecv 254 2300 200 0
226 wait 231 227 2100
226 wait 255 227 2300
226 send 2 3300 24 0
226 send 194 3100 12 0
226 irecv 227 1100 200 0
226 irecv 225 1300 200 0
226 send 227 1300 1 0
226 send 225 1100 1 0
226 wait 228 227 1100
226 wait 226 227 1300
226 irecv 230 2100 200 0
226 irecv 254 2300 200 0
226 send 230 2300 4 0
226 send 254 2100 4 0
226 wait 231 227 2100
226 wait 255 227 2300
226 irecv 2 3100 200 0
226 irecv 194 3300 200 0
226 send 2 3300 12 0
226 send 194 3100 12 0
226 wait 3 227 3100
226 wait 195 227 3300
226 irecv 227 1100 200 0
226 irecv 225 1300 200 0
226 send 227 1300 1 0
226 send 225 1100 1 0
226 wait 228 227 1100
226 wait 226 227 1300
226 irecv 230 2100 200 0
226 irecv 254 2300 200 0
226 send 230 2300 4 0
226 send 254 2100 4 0
226 wait 231 227 2100
226 wait 255 227 2300
226 irecv 2 3100 200 0
226 irecv 194 3300 200 0
226 send 2 3300 12 0
226 send 194 3100 12 0
226 wait 3 227 3100
226 wait 195 227 3300
226 irecv 227 1100 200 0
226 irecv 225 1300 200 0
226 send 227 1300 4 0
226 send 225 1100 4 0
226 wait 228 227 1100
226 wait 226 227 1300
226 irecv 230 2100 200 0
226 irecv 254 2300 200 0
226 send 230 2300 12 0
226 send 254 2100 12 0
226 wait 231 227 2100
226 wait 255 227 2300
226 irecv 2 3100 200 0
226 irecv 194 3300 200 0
226 send 2 3300 24 0
226 send 194 3100 24 0
226 wait 3 227 3100
226 wait 195 227 3300
226 irecv 227 1100 200 0
226 irecv 225 1300 200 0
226 send 227 1300 4 0
226 send 225 1100 4 0
226 wait 228 227 1100
226 wait 226 227 1300
226 irecv 230 2100 200 0
226 irecv 254 2300 200 0
226 send 230 2300 12 0
226 send 254 2100 12 0
226 wait 231 227 2100
226 wait 255 227 2300
226 irecv 2 3100 200 0
226 irecv 194 3300 200 0
226 send 2 3300 24 0
226 send 194 3100 24 0
226 wait 3 227 3100
226 wait 195 227 3300
226 irecv 227 1100 200 0
226 irecv 225 1300 200 0
226 send 227 1300 16 0
226 send 225 1100 16 0
226 wait 228 227 1100
226 wait 226 227 1300
226 irecv 230 2100 200 0
226 irecv 254 2300 200 0
226 send 230 2300 40 0
226 send 254 2100 40 0
226 wait 231 227 2100
226 wait 255 227 2300
226 irecv 2 3100 200 0
226 irecv 194 3300 200 0
226 send 2 3300 60 0
226 send 194 3100 60 0
226 wait 3 227 3100
226 wait 195 227 3300
226 irecv 227 1100 200 0
226 irecv 225 1300 200 0
226 send 227 1300 16 0
226 send 225 1100 16 0
226 wait 228 227 1100
226 wait 226 227 1300
226 irecv 230 2100 200 0
226 irecv 254 2300 200 0
226 send 230 2300 40 0
226 send 254 2100 40 0
226 wait 231 227 2100
226 wait 255 227 2300
226 irecv 2 3100 200 0
226 irecv 194 3300 200 0
226 send 2 3300 60 0
226 send 194 3100 60 0
226 wait 3 227 3100
226 wait 195 227 3300
226 irecv 227 1100 200 0
226 irecv 225 1300 200 0
226 send 227 1300 16 0
226 send 225 1100 16 0
226 wait 228 227 1100
226 wait 226 227 1300
226 irecv 230 2100 200 0
226 irecv 254 2300 200 0
226 send 230 2300 40 0
226 send 254 2100 40 0
226 wait 231 227 2100
226 wait 255 227 2300
226 irecv 2 3100 200 0
226 irecv 194 3300 200 0
226 send 2 3300 60 0
226 send 194 3100 60 0
226 wait 3 227 3100
226 wait 195 227 3300
226 barrier
226 allreduce 1 0 0 
226 allreduce 4 0 1 
226 allreduce 1 0 0 
226 allreduce 4 0 1 
226 allreduce 1 0 0 
226 allreduce 4 0 1 
226 allreduce 1 0 0 
226 allreduce 4 0 1 
226 allreduce 1 0 0 
226 allreduce 4 0 1 
226 allreduce 1 0 0 
226 allreduce 4 0 1 
226 allreduce 1 0 0 
226 allreduce 4 0 1 
226 allreduce 1 0 0 
226 allreduce 4 0 1 
226 allreduce 1 0 0 
226 allreduce 4 0 1 
226 allreduce 1 0 0 
226 allreduce 4 0 1 
226 allreduce 1 0 0 
226 allreduce 4 0 1 
226 allreduce 1 0 0 
226 allreduce 4 0 1 
226 allreduce 1 0 0 
226 allreduce 4 0 1 
226 allreduce 1 0 0 
226 allreduce 4 0 1 
226 allreduce 1 0 0 
226 allreduce 4 0 1 
226 allreduce 1 0 0 
226 allreduce 4 0 1 
226 allreduce 1 0 0 
226 allreduce 4 0 1 
226 allreduce 1 0 0 
226 allreduce 4 0 1 
226 allreduce 1 0 0 
226 allreduce 4 0 1 
226 allreduce 1 0 0 
226 allreduce 4 0 1 
226 barrier
226 irecv 227 1100 200 0
226 irecv 225 1300 200 0
226 send 227 1300 16 0
226 send 225 1100 16 0
226 wait 228 227 1100
226 wait 226 227 1300
226 irecv 230 2100 200 0
226 irecv 254 2300 200 0
226 send 230 2300 40 0
226 send 254 2100 40 0
226 wait 231 227 2100
226 wait 255 227 2300
226 irecv 2 3100 200 0
226 irecv 194 3300 200 0
226 send 2 3300 60 0
226 send 194 3100 60 0
226 wait 3 227 3100
226 wait 195 227 3300
226 barrier
226 irecv 227 1100 200 0
226 irecv 225 1300 200 0
226 send 227 1300 16 0
226 send 225 1100 16 0
226 wait 228 227 1100
226 wait 226 227 1300
226 irecv 230 2100 200 0
226 irecv 254 2300 200 0
226 send 230 2300 40 0
226 send 254 2100 40 0
226 wait 231 227 2100
226 wait 255 227 2300
226 irecv 2 3100 200 0
226 irecv 194 3300 200 0
226 send 2 3300 60 0
226 send 194 3100 60 0
226 wait 3 227 3100
226 wait 195 227 3300
226 allreduce 1 0 0 
226 allreduce 1 0 0 
226 irecv 227 1100 200 0
226 irecv 225 1300 200 0
226 send 227 1300 4 0
226 send 225 1100 4 0
226 wait 228 227 1100
226 wait 226 227 1300
226 irecv 230 2100 200 0
226 irecv 254 2300 200 0
226 send 230 2300 12 0
226 send 254 2100 12 0
226 wait 231 227 2100
226 wait 255 227 2300
226 irecv 2 3100 200 0
226 irecv 194 3300 200 0
226 send 2 3300 24 0
226 send 194 3100 24 0
226 wait 3 227 3100
226 wait 195 227 3300
226 irecv 227 1100 200 0
226 irecv 225 1300 200 0
226 send 227 1300 1 0
226 send 225 1100 1 0
226 wait 228 227 1100
226 wait 226 227 1300
226 irecv 230 2100 200 0
226 irecv 254 2300 200 0
226 send 230 2300 4 0
226 send 254 2100 4 0
226 wait 231 227 2100
226 wait 255 227 2300
226 irecv 2 3100 200 0
226 irecv 194 3300 200 0
226 send 2 3300 12 0
226 send 194 3100 12 0
226 wait 3 227 3100
226 wait 195 227 3300
226 irecv 227 1100 200 0
226 irecv 225 1300 200 0
226 wait 228 227 1100
226 wait 226 227 1300
226 send 34 3300 12 0
226 send 162 3100 6 0
226 irecv 230 2100 200 0
226 irecv 254 2300 200 0
226 wait 231 227 2100
226 wait 255 227 2300
226 send 2 3300 24 0
226 send 194 3100 12 0
226 irecv 227 1100 200 0
226 irecv 225 1300 200 0
226 send 227 1300 1 0
226 send 225 1100 1 0
226 wait 228 227 1100
226 wait 226 227 1300
226 irecv 230 2100 200 0
226 irecv 254 2300 200 0
226 send 230 2300 4 0
226 send 254 2100 4 0
226 wait 231 227 2100
226 wait 255 227 2300
226 irecv 2 3100 200 0
226 irecv 194 3300 200 0
226 send 2 3300 12 0
226 send 194 3100 12 0
226 wait 3 227 3100
226 wait 195 227 3300
226 irecv 227 1100 200 0
226 irecv 225 1300 200 0
226 send 227 1300 1 0
226 send 225 1100 1 0
226 wait 228 227 1100
226 wait 226 227 1300
226 irecv 230 2100 200 0
226 irecv 254 2300 200 0
226 send 230 2300 4 0
226 send 254 2100 4 0
226 wait 231 227 2100
226 wait 255 227 2300
226 irecv 2 3100 200 0
226 irecv 194 3300 200 0
226 send 2 3300 12 0
226 send 194 3100 12 0
226 wait 3 227 3100
226 wait 195 227 3300
226 irecv 227 1100 200 0
226 irecv 225 1300 200 0
226 send 227 1300 4 0
226 send 225 1100 4 0
226 wait 228 227 1100
226 wait 226 227 1300
226 irecv 230 2100 200 0
226 irecv 254 2300 200 0
226 send 230 2300 12 0
226 send 254 2100 12 0
226 wait 231 227 2100
226 wait 255 227 2300
226 irecv 2 3100 200 0
226 irecv 194 3300 200 0
226 send 2 3300 24 0
226 send 194 3100 24 0
226 wait 3 227 3100
226 wait 195 227 3300
226 irecv 227 1100 200 0
226 irecv 225 1300 200 0
226 send 227 1300 4 0
226 send 225 1100 4 0
226 wait 228 227 1100
226 wait 226 227 1300
226 irecv 230 2100 200 0
226 irecv 254 2300 200 0
226 send 230 2300 12 0
226 send 254 2100 12 0
226 wait 231 227 2100
226 wait 255 227 2300
226 irecv 2 3100 200 0
226 irecv 194 3300 200 0
226 send 2 3300 24 0
226 send 194 3100 24 0
226 wait 3 227 3100
226 wait 195 227 3300
226 irecv 227 1100 200 0
226 irecv 225 1300 200 0
226 send 227 1300 16 0
226 send 225 1100 16 0
226 wait 228 227 1100
226 wait 226 227 1300
226 irecv 230 2100 200 0
226 irecv 254 2300 200 0
226 send 230 2300 40 0
226 send 254 2100 40 0
226 wait 231 227 2100
226 wait 255 227 2300
226 irecv 2 3100 200 0
226 irecv 194 3300 200 0
226 send 2 3300 60 0
226 send 194 3100 60 0
226 wait 3 227 3100
226 wait 195 227 3300
226 irecv 227 1100 200 0
226 irecv 225 1300 200 0
226 send 227 1300 16 0
226 send 225 1100 16 0
226 wait 228 227 1100
226 wait 226 227 1300
226 irecv 230 2100 200 0
226 irecv 254 2300 200 0
226 send 230 2300 40 0
226 send 254 2100 40 0
226 wait 231 227 2100
226 wait 255 227 2300
226 irecv 2 3100 200 0
226 irecv 194 3300 200 0
226 send 2 3300 60 0
226 send 194 3100 60 0
226 wait 3 227 3100
226 wait 195 227 3300
226 irecv 227 1100 200 0
226 irecv 225 1300 200 0
226 send 227 1300 16 0
226 send 225 1100 16 0
226 wait 228 227 1100
226 wait 226 227 1300
226 irecv 230 2100 200 0
226 irecv 254 2300 200 0
226 send 230 2300 40 0
226 send 254 2100 40 0
226 wait 231 227 2100
226 wait 255 227 2300
226 irecv 2 3100 200 0
226 irecv 194 3300 200 0
226 send 2 3300 60 0
226 send 194 3100 60 0
226 wait 3 227 3100
226 wait 195 227 3300
226 irecv 227 1100 200 0
226 irecv 225 1300 200 0
226 send 227 1300 4 0
226 send 225 1100 4 0
226 wait 228 227 1100
226 wait 226 227 1300
226 irecv 230 2100 200 0
226 irecv 254 2300 200 0
226 send 230 2300 12 0
226 send 254 2100 12 0
226 wait 231 227 2100
226 wait 255 227 2300
226 irecv 2 3100 200 0
226 irecv 194 3300 200 0
226 send 2 3300 24 0
226 send 194 3100 24 0
226 wait 3 227 3100
226 wait 195 227 3300
226 irecv 227 1100 200 0
226 irecv 225 1300 200 0
226 send 227 1300 1 0
226 send 225 1100 1 0
226 wait 228 227 1100
226 wait 226 227 1300
226 irecv 230 2100 200 0
226 irecv 254 2300 200 0
226 send 230 2300 4 0
226 send 254 2100 4 0
226 wait 231 227 2100
226 wait 255 227 2300
226 irecv 2 3100 200 0
226 irecv 194 3300 200 0
226 send 2 3300 12 0
226 send 194 3100 12 0
226 wait 3 227 3100
226 wait 195 227 3300
226 irecv 227 1100 200 0
226 irecv 225 1300 200 0
226 wait 228 227 1100
226 wait 226 227 1300
226 send 34 3300 12 0
226 send 162 3100 6 0
226 irecv 230 2100 200 0
226 irecv 254 2300 200 0
226 wait 231 227 2100
226 wait 255 227 2300
226 send 2 3300 24 0
226 send 194 3100 12 0
226 irecv 227 1100 200 0
226 irecv 225 1300 200 0
226 send 227 1300 1 0
226 send 225 1100 1 0
226 wait 228 227 1100
226 wait 226 227 1300
226 irecv 230 2100 200 0
226 irecv 254 2300 200 0
226 send 230 2300 4 0
226 send 254 2100 4 0
226 wait 231 227 2100
226 wait 255 227 2300
226 irecv 2 3100 200 0
226 irecv 194 3300 200 0
226 send 2 3300 12 0
226 send 194 3100 12 0
226 wait 3 227 3100
226 wait 195 227 3300
226 irecv 227 1100 200 0
226 irecv 225 1300 200 0
226 send 227 1300 1 0
226 send 225 1100 1 0
226 wait 228 227 1100
226 wait 226 227 1300
226 irecv 230 2100 200 0
226 irecv 254 2300 200 0
226 send 230 2300 4 0
226 send 254 2100 4 0
226 wait 231 227 2100
226 wait 255 227 2300
226 irecv 2 3100 200 0
226 irecv 194 3300 200 0
226 send 2 3300 12 0
226 send 194 3100 12 0
226 wait 3 227 3100
226 wait 195 227 3300
226 irecv 227 1100 200 0
226 irecv 225 1300 200 0
226 send 227 1300 4 0
226 send 225 1100 4 0
226 wait 228 227 1100
226 wait 226 227 1300
226 irecv 230 2100 200 0
226 irecv 254 2300 200 0
226 send 230 2300 12 0
226 send 254 2100 12 0
226 wait 231 227 2100
226 wait 255 227 2300
226 irecv 2 3100 200 0
226 irecv 194 3300 200 0
226 send 2 3300 24 0
226 send 194 3100 24 0
226 wait 3 227 3100
226 wait 195 227 3300
226 irecv 227 1100 200 0
226 irecv 225 1300 200 0
226 send 227 1300 4 0
226 send 225 1100 4 0
226 wait 228 227 1100
226 wait 226 227 1300
226 irecv 230 2100 200 0
226 irecv 254 2300 200 0
226 send 230 2300 12 0
226 send 254 2100 12 0
226 wait 231 227 2100
226 wait 255 227 2300
226 irecv 2 3100 200 0
226 irecv 194 3300 200 0
226 send 2 3300 24 0
226 send 194 3100 24 0
226 wait 3 227 3100
226 wait 195 227 3300
226 irecv 227 1100 200 0
226 irecv 225 1300 200 0
226 send 227 1300 16 0
226 send 225 1100 16 0
226 wait 228 227 1100
226 wait 226 227 1300
226 irecv 230 2100 200 0
226 irecv 254 2300 200 0
226 send 230 2300 40 0
226 send 254 2100 40 0
226 wait 231 227 2100
226 wait 255 227 2300
226 irecv 2 3100 200 0
226 irecv 194 3300 200 0
226 send 2 3300 60 0
226 send 194 3100 60 0
226 wait 3 227 3100
226 wait 195 227 3300
226 irecv 227 1100 200 0
226 irecv 225 1300 200 0
226 send 227 1300 16 0
226 send 225 1100 16 0
226 wait 228 227 1100
226 wait 226 227 1300
226 irecv 230 2100 200 0
226 irecv 254 2300 200 0
226 send 230 2300 40 0
226 send 254 2100 40 0
226 wait 231 227 2100
226 wait 255 227 2300
226 irecv 2 3100 200 0
226 irecv 194 3300 200 0
226 send 2 3300 60 0
226 send 194 3100 60 0
226 wait 3 227 3100
226 wait 195 227 3300
226 irecv 227 1100 200 0
226 irecv 225 1300 200 0
226 send 227 1300 16 0
226 send 225 1100 16 0
226 wait 228 227 1100
226 wait 226 227 1300
226 irecv 230 2100 200 0
226 irecv 254 2300 200 0
226 send 230 2300 40 0
226 send 254 2100 40 0
226 wait 231 227 2100
226 wait 255 227 2300
226 irecv 2 3100 200 0
226 irecv 194 3300 200 0
226 send 2 3300 60 0
226 send 194 3100 60 0
226 wait 3 227 3100
226 wait 195 227 3300
226 irecv 227 1100 200 0
226 irecv 225 1300 200 0
226 send 227 1300 4 0
226 send 225 1100 4 0
226 wait 228 227 1100
226 wait 226 227 1300
226 irecv 230 2100 200 0
226 irecv 254 2300 200 0
226 send 230 2300 12 0
226 send 254 2100 12 0
226 wait 231 227 2100
226 wait 255 227 2300
226 irecv 2 3100 200 0
226 irecv 194 3300 200 0
226 send 2 3300 24 0
226 send 194 3100 24 0
226 wait 3 227 3100
226 wait 195 227 3300
226 irecv 227 1100 200 0
226 irecv 225 1300 200 0
226 send 227 1300 1 0
226 send 225 1100 1 0
226 wait 228 227 1100
226 wait 226 227 1300
226 irecv 230 2100 200 0
226 irecv 254 2300 200 0
226 send 230 2300 4 0
226 send 254 2100 4 0
226 wait 231 227 2100
226 wait 255 227 2300
226 irecv 2 3100 200 0
226 irecv 194 3300 200 0
226 send 2 3300 12 0
226 send 194 3100 12 0
226 wait 3 227 3100
226 wait 195 227 3300
226 irecv 227 1100 200 0
226 irecv 225 1300 200 0
226 wait 228 227 1100
226 wait 226 227 1300
226 send 34 3300 12 0
226 send 162 3100 6 0
226 irecv 230 2100 200 0
226 irecv 254 2300 200 0
226 wait 231 227 2100
226 wait 255 227 2300
226 send 2 3300 24 0
226 send 194 3100 12 0
226 irecv 227 1100 200 0
226 irecv 225 1300 200 0
226 send 227 1300 1 0
226 send 225 1100 1 0
226 wait 228 227 1100
226 wait 226 227 1300
226 irecv 230 2100 200 0
226 irecv 254 2300 200 0
226 send 230 2300 4 0
226 send 254 2100 4 0
226 wait 231 227 2100
226 wait 255 227 2300
226 irecv 2 3100 200 0
226 irecv 194 3300 200 0
226 send 2 3300 12 0
226 send 194 3100 12 0
226 wait 3 227 3100
226 wait 195 227 3300
226 irecv 227 1100 200 0
226 irecv 225 1300 200 0
226 send 227 1300 1 0
226 send 225 1100 1 0
226 wait 228 227 1100
226 wait 226 227 1300
226 irecv 230 2100 200 0
226 irecv 254 2300 200 0
226 send 230 2300 4 0
226 send 254 2100 4 0
226 wait 231 227 2100
226 wait 255 227 2300
226 irecv 2 3100 200 0
226 irecv 194 3300 200 0
226 send 2 3300 12 0
226 send 194 3100 12 0
226 wait 3 227 3100
226 wait 195 227 3300
226 irecv 227 1100 200 0
226 irecv 225 1300 200 0
226 send 227 1300 4 0
226 send 225 1100 4 0
226 wait 228 227 1100
226 wait 226 227 1300
226 irecv 230 2100 200 0
226 irecv 254 2300 200 0
226 send 230 2300 12 0
226 send 254 2100 12 0
226 wait 231 227 2100
226 wait 255 227 2300
226 irecv 2 3100 200 0
226 irecv 194 3300 200 0
226 send 2 3300 24 0
226 send 194 3100 24 0
226 wait 3 227 3100
226 wait 195 227 3300
226 irecv 227 1100 200 0
226 irecv 225 1300 200 0
226 send 227 1300 4 0
226 send 225 1100 4 0
226 wait 228 227 1100
226 wait 226 227 1300
226 irecv 230 2100 200 0
226 irecv 254 2300 200 0
226 send 230 2300 12 0
226 send 254 2100 12 0
226 wait 231 227 2100
226 wait 255 227 2300
226 irecv 2 3100 200 0
226 irecv 194 3300 200 0
226 send 2 3300 24 0
226 send 194 3100 24 0
226 wait 3 227 3100
226 wait 195 227 3300
226 irecv 227 1100 200 0
226 irecv 225 1300 200 0
226 send 227 1300 16 0
226 send 225 1100 16 0
226 wait 228 227 1100
226 wait 226 227 1300
226 irecv 230 2100 200 0
226 irecv 254 2300 200 0
226 send 230 2300 40 0
226 send 254 2100 40 0
226 wait 231 227 2100
226 wait 255 227 2300
226 irecv 2 3100 200 0
226 irecv 194 3300 200 0
226 send 2 3300 60 0
226 send 194 3100 60 0
226 wait 3 227 3100
226 wait 195 227 3300
226 irecv 227 1100 200 0
226 irecv 225 1300 200 0
226 send 227 1300 16 0
226 send 225 1100 16 0
226 wait 228 227 1100
226 wait 226 227 1300
226 irecv 230 2100 200 0
226 irecv 254 2300 200 0
226 send 230 2300 40 0
226 send 254 2100 40 0
226 wait 231 227 2100
226 wait 255 227 2300
226 irecv 2 3100 200 0
226 irecv 194 3300 200 0
226 send 2 3300 60 0
226 send 194 3100 60 0
226 wait 3 227 3100
226 wait 195 227 3300
226 irecv 227 1100 200 0
226 irecv 225 1300 200 0
226 send 227 1300 16 0
226 send 225 1100 16 0
226 wait 228 227 1100
226 wait 226 227 1300
226 irecv 230 2100 200 0
226 irecv 254 2300 200 0
226 send 230 2300 40 0
226 send 254 2100 40 0
226 wait 231 227 2100
226 wait 255 227 2300
226 irecv 2 3100 200 0
226 irecv 194 3300 200 0
226 send 2 3300 60 0
226 send 194 3100 60 0
226 wait 3 227 3100
226 wait 195 227 3300
226 irecv 227 1100 200 0
226 irecv 225 1300 200 0
226 send 227 1300 4 0
226 send 225 1100 4 0
226 wait 228 227 1100
226 wait 226 227 1300
226 irecv 230 2100 200 0
226 irecv 254 2300 200 0
226 send 230 2300 12 0
226 send 254 2100 12 0
226 wait 231 227 2100
226 wait 255 227 2300
226 irecv 2 3100 200 0
226 irecv 194 3300 200 0
226 send 2 3300 24 0
226 send 194 3100 24 0
226 wait 3 227 3100
226 wait 195 227 3300
226 irecv 227 1100 200 0
226 irecv 225 1300 200 0
226 send 227 1300 1 0
226 send 225 1100 1 0
226 wait 228 227 1100
226 wait 226 227 1300
226 irecv 230 2100 200 0
226 irecv 254 2300 200 0
226 send 230 2300 4 0
226 send 254 2100 4 0
226 wait 231 227 2100
226 wait 255 227 2300
226 irecv 2 3100 200 0
226 irecv 194 3300 200 0
226 send 2 3300 12 0
226 send 194 3100 12 0
226 wait 3 227 3100
226 wait 195 227 3300
226 irecv 227 1100 200 0
226 irecv 225 1300 200 0
226 wait 228 227 1100
226 wait 226 227 1300
226 send 34 3300 12 0
226 send 162 3100 6 0
226 irecv 230 2100 200 0
226 irecv 254 2300 200 0
226 wait 231 227 2100
226 wait 255 227 2300
226 send 2 3300 24 0
226 send 194 3100 12 0
226 irecv 227 1100 200 0
226 irecv 225 1300 200 0
226 send 227 1300 1 0
226 send 225 1100 1 0
226 wait 228 227 1100
226 wait 226 227 1300
226 irecv 230 2100 200 0
226 irecv 254 2300 200 0
226 send 230 2300 4 0
226 send 254 2100 4 0
226 wait 231 227 2100
226 wait 255 227 2300
226 irecv 2 3100 200 0
226 irecv 194 3300 200 0
226 send 2 3300 12 0
226 send 194 3100 12 0
226 wait 3 227 3100
226 wait 195 227 3300
226 irecv 227 1100 200 0
226 irecv 225 1300 200 0
226 send 227 1300 1 0
226 send 225 1100 1 0
226 wait 228 227 1100
226 wait 226 227 1300
226 irecv 230 2100 200 0
226 irecv 254 2300 200 0
226 send 230 2300 4 0
226 send 254 2100 4 0
226 wait 231 227 2100
226 wait 255 227 2300
226 irecv 2 3100 200 0
226 irecv 194 3300 200 0
226 send 2 3300 12 0
226 send 194 3100 12 0
226 wait 3 227 3100
226 wait 195 227 3300
226 irecv 227 1100 200 0
226 irecv 225 1300 200 0
226 send 227 1300 4 0
226 send 225 1100 4 0
226 wait 228 227 1100
226 wait 226 227 1300
226 irecv 230 2100 200 0
226 irecv 254 2300 200 0
226 send 230 2300 12 0
226 send 254 2100 12 0
226 wait 231 227 2100
226 wait 255 227 2300
226 irecv 2 3100 200 0
226 irecv 194 3300 200 0
226 send 2 3300 24 0
226 send 194 3100 24 0
226 wait 3 227 3100
226 wait 195 227 3300
226 irecv 227 1100 200 0
226 irecv 225 1300 200 0
226 send 227 1300 4 0
226 send 225 1100 4 0
226 wait 228 227 1100
226 wait 226 227 1300
226 irecv 230 2100 200 0
226 irecv 254 2300 200 0
226 send 230 2300 12 0
226 send 254 2100 12 0
226 wait 231 227 2100
226 wait 255 227 2300
226 irecv 2 3100 200 0
226 irecv 194 3300 200 0
226 send 2 3300 24 0
226 send 194 3100 24 0
226 wait 3 227 3100
226 wait 195 227 3300
226 irecv 227 1100 200 0
226 irecv 225 1300 200 0
226 send 227 1300 16 0
226 send 225 1100 16 0
226 wait 228 227 1100
226 wait 226 227 1300
226 irecv 230 2100 200 0
226 irecv 254 2300 200 0
226 send 230 2300 40 0
226 send 254 2100 40 0
226 wait 231 227 2100
226 wait 255 227 2300
226 irecv 2 3100 200 0
226 irecv 194 3300 200 0
226 send 2 3300 60 0
226 send 194 3100 60 0
226 wait 3 227 3100
226 wait 195 227 3300
226 irecv 227 1100 200 0
226 irecv 225 1300 200 0
226 send 227 1300 16 0
226 send 225 1100 16 0
226 wait 228 227 1100
226 wait 226 227 1300
226 irecv 230 2100 200 0
226 irecv 254 2300 200 0
226 send 230 2300 40 0
226 send 254 2100 40 0
226 wait 231 227 2100
226 wait 255 227 2300
226 irecv 2 3100 200 0
226 irecv 194 3300 200 0
226 send 2 3300 60 0
226 send 194 3100 60 0
226 wait 3 227 3100
226 wait 195 227 3300
226 irecv 227 1100 200 0
226 irecv 225 1300 200 0
226 send 227 1300 16 0
226 send 225 1100 16 0
226 wait 228 227 1100
226 wait 226 227 1300
226 irecv 230 2100 200 0
226 irecv 254 2300 200 0
226 send 230 2300 40 0
226 send 254 2100 40 0
226 wait 231 227 2100
226 wait 255 227 2300
226 irecv 2 3100 200 0
226 irecv 194 3300 200 0
226 send 2 3300 60 0
226 send 194 3100 60 0
226 wait 3 227 3100
226 wait 195 227 3300
226 allreduce 1 0 0 
226 allreduce 1 0 0 
226 reduce 1 0 0 0 
226 finalize
