149 init
149 barrier
149 bcast 1 0 1 
149 bcast 1 0 1 
149 bcast 1 0 1 
149 bcast 1 0 1 
149 bcast 1 0 1 
149 bcast 8 0 1 
149 bcast 1 0 16 
149 barrier
149 allreduce 1 0 0 
149 allreduce 4 0 1 
149 allreduce 1 0 0 
149 allreduce 4 0 1 
149 allreduce 1 0 0 
149 allreduce 4 0 1 
149 allreduce 1 0 0 
149 allreduce 4 0 1 
149 allreduce 1 0 0 
149 allreduce 4 0 1 
149 allreduce 1 0 0 
149 allreduce 4 0 1 
149 allreduce 1 0 0 
149 allreduce 4 0 1 
149 allreduce 1 0 0 
149 allreduce 4 0 1 
149 allreduce 1 0 0 
149 allreduce 4 0 1 
149 allreduce 1 0 0 
149 allreduce 4 0 1 
149 allreduce 1 0 0 
149 allreduce 4 0 1 
149 allreduce 1 0 0 
149 allreduce 4 0 1 
149 allreduce 1 0 0 
149 allreduce 4 0 1 
149 allreduce 1 0 0 
149 allreduce 4 0 1 
149 allreduce 1 0 0 
149 allreduce 4 0 1 
149 allreduce 1 0 0 
149 allreduce 4 0 1 
149 allreduce 1 0 0 
149 allreduce 4 0 1 
149 allreduce 1 0 0 
149 allreduce 4 0 1 
149 allreduce 1 0 0 
149 allreduce 4 0 1 
149 allreduce 1 0 0 
149 allreduce 4 0 1 
149 barrier
149 irecv 150 1100 200 0
149 irecv 148 1300 200 0
149 send 150 1300 16 0
149 send 148 1100 16 0
149 wait 151 150 1100
149 wait 149 150 1300
149 irecv 153 2100 200 0
149 irecv 145 2300 200 0
149 send 153 2300 40 0
149 send 145 2100 40 0
149 wait 154 150 2100
149 wait 146 150 2300
149 irecv 181 3100 200 0
149 irecv 117 3300 200 0
149 send 181 3300 60 0
149 send 117 3100 60 0
149 wait 182 150 3100
149 wait 118 150 3300
149 allreduce 1 0 0 
149 allreduce 1 0 0 
149 irecv 150 1100 200 0
149 irecv 148 1300 200 0
149 send 150 1300 16 0
149 send 148 1100 16 0
149 wait 151 150 1100
149 wait 149 150 1300
149 irecv 153 2100 200 0
149 irecv 145 2300 200 0
149 send 153 2300 40 0
149 send 145 2100 40 0
149 wait 154 150 2100
149 wait 146 150 2300
149 irecv 181 3100 200 0
149 irecv 117 3300 200 0
149 send 181 3300 60 0
149 send 117 3100 60 0
149 wait 182 150 3100
149 wait 118 150 3300
149 allreduce 1 0 0 
149 allreduce 1 0 0 
149 irecv 150 1100 200 0
149 irecv 148 1300 200 0
149 send 150 1300 4 0
149 send 148 1100 4 0
149 wait 151 150 1100
149 wait 149 150 1300
149 irecv 153 2100 200 0
149 irecv 145 2300 200 0
149 send 153 2300 12 0
149 send 145 2100 12 0
149 wait 154 150 2100
149 wait 146 150 2300
149 irecv 181 3100 200 0
149 irecv 117 3300 200 0
149 send 181 3300 24 0
149 send 117 3100 24 0
149 wait 182 150 3100
149 wait 118 150 3300
149 irecv 150 1100 200 0
149 irecv 148 1300 200 0
149 send 150 1300 1 0
149 send 148 1100 1 0
149 wait 151 150 1100
149 wait 149 150 1300
149 irecv 153 2100 200 0
149 irecv 145 2300 200 0
149 send 153 2300 4 0
149 send 145 2100 4 0
149 wait 154 150 2100
149 wait 146 150 2300
149 irecv 181 3100 200 0
149 irecv 117 3300 200 0
149 send 181 3300 12 0
149 send 117 3100 12 0
149 wait 182 150 3100
149 wait 118 150 3300
149 send 150 1300 12 0
149 send 148 1100 6 0
149 irecv 157 2100 200 0
149 irecv 141 2300 200 0
149 wait 158 150 2100
149 wait 142 150 2300
149 send 153 2300 24 0
149 send 145 2100 12 0
149 irecv 181 3100 200 0
149 irecv 117 3300 200 0
149 wait 182 150 3100
149 wait 118 150 3300
149 irecv 150 1100 200 0
149 irecv 148 1300 200 0
149 send 150 1300 1 0
149 send 148 1100 1 0
149 wait 151 150 1100
149 wait 149 150 1300
149 irecv 153 2100 200 0
149 irecv 145 2300 200 0
149 send 153 2300 4 0
149 send 145 2100 4 0
149 wait 154 150 2100
149 wait 146 150 2300
149 irecv 181 3100 200 0
149 irecv 117 3300 200 0
149 send 181 3300 12 0
149 send 117 3100 12 0
149 wait 182 150 3100
149 wait 118 150 3300
149 irecv 150 1100 200 0
149 irecv 148 1300 200 0
149 send 150 1300 1 0
149 send 148 1100 1 0
149 wait 151 150 1100
149 wait 149 150 1300
149 irecv 153 2100 200 0
149 irecv 145 2300 200 0
149 send 153 2300 4 0
149 send 145 2100 4 0
149 wait 154 150 2100
149 wait 146 150 2300
149 irecv 181 3100 200 0
149 irecv 117 3300 200 0
149 send 181 3300 12 0
149 send 117 3100 12 0
149 wait 182 150 3100
149 wait 118 150 3300
149 irecv 150 1100 200 0
149 irecv 148 1300 200 0
149 send 150 1300 4 0
149 send 148 1100 4 0
149 wait 151 150 1100
149 wait 149 150 1300
149 irecv 153 2100 200 0
149 irecv 145 2300 200 0
149 send 153 2300 12 0
149 send 145 2100 12 0
149 wait 154 150 2100
149 wait 146 150 2300
149 irecv 181 3100 200 0
149 irecv 117 3300 200 0
149 send 181 3300 24 0
149 send 117 3100 24 0
149 wait 182 150 3100
149 wait 118 150 3300
149 irecv 150 1100 200 0
149 irecv 148 1300 200 0
149 send 150 1300 4 0
149 send 148 1100 4 0
149 wait 151 150 1100
149 wait 149 150 1300
149 irecv 153 2100 200 0
149 irecv 145 2300 200 0
149 send 153 2300 12 0
149 send 145 2100 12 0
149 wait 154 150 2100
149 wait 146 150 2300
149 irecv 181 3100 200 0
149 irecv 117 3300 200 0
149 send 181 3300 24 0
149 send 117 3100 24 0
149 wait 182 150 3100
149 wait 118 150 3300
149 irecv 150 1100 200 0
149 irecv 148 1300 200 0
149 send 150 1300 16 0
149 send 148 1100 16 0
149 wait 151 150 1100
149 wait 149 150 1300
149 irecv 153 2100 200 0
149 irecv 145 2300 200 0
149 send 153 2300 40 0
149 send 145 2100 40 0
149 wait 154 150 2100
149 wait 146 150 2300
149 irecv 181 3100 200 0
149 irecv 117 3300 200 0
149 send 181 3300 60 0
149 send 117 3100 60 0
149 wait 182 150 3100
149 wait 118 150 3300
149 irecv 150 1100 200 0
149 irecv 148 1300 200 0
149 send 150 1300 16 0
149 send 148 1100 16 0
149 wait 151 150 1100
149 wait 149 150 1300
149 irecv 153 2100 200 0
149 irecv 145 2300 200 0
149 send 153 2300 40 0
149 send 145 2100 40 0
149 wait 154 150 2100
149 wait 146 150 2300
149 irecv 181 3100 200 0
149 irecv 117 3300 200 0
149 send 181 3300 60 0
149 send 117 3100 60 0
149 wait 182 150 3100
149 wait 118 150 3300
149 irecv 150 1100 200 0
149 irecv 148 1300 200 0
149 send 150 1300 16 0
149 send 148 1100 16 0
149 wait 151 150 1100
149 wait 149 150 1300
149 irecv 153 2100 200 0
149 irecv 145 2300 200 0
149 send 153 2300 40 0
149 send 145 2100 40 0
149 wait 154 150 2100
149 wait 146 150 2300
149 irecv 181 3100 200 0
149 irecv 117 3300 200 0
149 send 181 3300 60 0
149 send 117 3100 60 0
149 wait 182 150 3100
149 wait 118 150 3300
149 barrier
149 allreduce 1 0 0 
149 allreduce 4 0 1 
149 allreduce 1 0 0 
149 allreduce 4 0 1 
149 allreduce 1 0 0 
149 allreduce 4 0 1 
149 allreduce 1 0 0 
149 allreduce 4 0 1 
149 allreduce 1 0 0 
149 allreduce 4 0 1 
149 allreduce 1 0 0 
149 allreduce 4 0 1 
149 allreduce 1 0 0 
149 allreduce 4 0 1 
149 allreduce 1 0 0 
149 allreduce 4 0 1 
149 allreduce 1 0 0 
149 allreduce 4 0 1 
149 allreduce 1 0 0 
149 allreduce 4 0 1 
149 allreduce 1 0 0 
149 allreduce 4 0 1 
149 allreduce 1 0 0 
149 allreduce 4 0 1 
149 allreduce 1 0 0 
149 allreduce 4 0 1 
149 allreduce 1 0 0 
149 allreduce 4 0 1 
149 allreduce 1 0 0 
149 allreduce 4 0 1 
149 allreduce 1 0 0 
149 allreduce 4 0 1 
149 allreduce 1 0 0 
149 allreduce 4 0 1 
149 allreduce 1 0 0 
149 allreduce 4 0 1 
149 allreduce 1 0 0 
149 allreduce 4 0 1 
149 allreduce 1 0 0 
149 allreduce 4 0 1 
149 barrier
149 irecv 150 1100 200 0
149 irecv 148 1300 200 0
149 send 150 1300 16 0
149 send 148 1100 16 0
149 wait 151 150 1100
149 wait 149 150 1300
149 irecv 153 2100 200 0
149 irecv 145 2300 200 0
149 send 153 2300 40 0
149 send 145 2100 40 0
149 wait 154 150 2100
149 wait 146 150 2300
149 irecv 181 3100 200 0
149 irecv 117 3300 200 0
149 send 181 3300 60 0
149 send 117 3100 60 0
149 wait 182 150 3100
149 wait 118 150 3300
149 barrier
149 irecv 150 1100 200 0
149 irecv 148 1300 200 0
149 send 150 1300 16 0
149 send 148 1100 16 0
149 wait 151 150 1100
149 wait 149 150 1300
149 irecv 153 2100 200 0
149 irecv 145 2300 200 0
149 send 153 2300 40 0
149 send 145 2100 40 0
149 wait 154 150 2100
149 wait 146 150 2300
149 irecv 181 3100 200 0
149 irecv 117 3300 200 0
149 send 181 3300 60 0
149 send 117 3100 60 0
149 wait 182 150 3100
149 wait 118 150 3300
149 allreduce 1 0 0 
149 allreduce 1 0 0 
149 irecv 150 1100 200 0
149 irecv 148 1300 200 0
149 send 150 1300 4 0
149 send 148 1100 4 0
149 wait 151 150 1100
149 wait 149 150 1300
149 irecv 153 2100 200 0
149 irecv 145 2300 200 0
149 send 153 2300 12 0
149 send 145 2100 12 0
149 wait 154 150 2100
149 wait 146 150 2300
149 irecv 181 3100 200 0
149 irecv 117 3300 200 0
149 send 181 3300 24 0
149 send 117 3100 24 0
149 wait 182 150 3100
149 wait 118 150 3300
149 irecv 150 1100 200 0
149 irecv 148 1300 200 0
149 send 150 1300 1 0
149 send 148 1100 1 0
149 wait 151 150 1100
149 wait 149 150 1300
149 irecv 153 2100 200 0
149 irecv 145 2300 200 0
149 send 153 2300 4 0
149 send 145 2100 4 0
149 wait 154 150 2100
149 wait 146 150 2300
149 irecv 181 3100 200 0
149 irecv 117 3300 200 0
149 send 181 3300 12 0
149 send 117 3100 12 0
149 wait 182 150 3100
149 wait 118 150 3300
149 send 150 1300 12 0
149 send 148 1100 6 0
149 irecv 157 2100 200 0
149 irecv 141 2300 200 0
149 wait 158 150 2100
149 wait 142 150 2300
149 send 153 2300 24 0
149 send 145 2100 12 0
149 irecv 181 3100 200 0
149 irecv 117 3300 200 0
149 wait 182 150 3100
149 wait 118 150 3300
149 irecv 150 1100 200 0
149 irecv 148 1300 200 0
149 send 150 1300 1 0
149 send 148 1100 1 0
149 wait 151 150 1100
149 wait 149 150 1300
149 irecv 153 2100 200 0
149 irecv 145 2300 200 0
149 send 153 2300 4 0
149 send 145 2100 4 0
149 wait 154 150 2100
149 wait 146 150 2300
149 irecv 181 3100 200 0
149 irecv 117 3300 200 0
149 send 181 3300 12 0
149 send 117 3100 12 0
149 wait 182 150 3100
149 wait 118 150 3300
149 irecv 150 1100 200 0
149 irecv 148 1300 200 0
149 send 150 1300 1 0
149 send 148 1100 1 0
149 wait 151 150 1100
149 wait 149 150 1300
149 irecv 153 2100 200 0
149 irecv 145 2300 200 0
149 send 153 2300 4 0
149 send 145 2100 4 0
149 wait 154 150 2100
149 wait 146 150 2300
149 irecv 181 3100 200 0
149 irecv 117 3300 200 0
149 send 181 3300 12 0
149 send 117 3100 12 0
149 wait 182 150 3100
149 wait 118 150 3300
149 irecv 150 1100 200 0
149 irecv 148 1300 200 0
149 send 150 1300 4 0
149 send 148 1100 4 0
149 wait 151 150 1100
149 wait 149 150 1300
149 irecv 153 2100 200 0
149 irecv 145 2300 200 0
149 send 153 2300 12 0
149 send 145 2100 12 0
149 wait 154 150 2100
149 wait 146 150 2300
149 irecv 181 3100 200 0
149 irecv 117 3300 200 0
149 send 181 3300 24 0
149 send 117 3100 24 0
149 wait 182 150 3100
149 wait 118 150 3300
149 irecv 150 1100 200 0
149 irecv 148 1300 200 0
149 send 150 1300 4 0
149 send 148 1100 4 0
149 wait 151 150 1100
149 wait 149 150 1300
149 irecv 153 2100 200 0
149 irecv 145 2300 200 0
149 send 153 2300 12 0
149 send 145 2100 12 0
149 wait 154 150 2100
149 wait 146 150 2300
149 irecv 181 3100 200 0
149 irecv 117 3300 200 0
149 send 181 3300 24 0
149 send 117 3100 24 0
149 wait 182 150 3100
149 wait 118 150 3300
149 irecv 150 1100 200 0
149 irecv 148 1300 200 0
149 send 150 1300 16 0
149 send 148 1100 16 0
149 wait 151 150 1100
149 wait 149 150 1300
149 irecv 153 2100 200 0
149 irecv 145 2300 200 0
149 send 153 2300 40 0
149 send 145 2100 40 0
149 wait 154 150 2100
149 wait 146 150 2300
149 irecv 181 3100 200 0
149 irecv 117 3300 200 0
149 send 181 3300 60 0
149 send 117 3100 60 0
149 wait 182 150 3100
149 wait 118 150 3300
149 irecv 150 1100 200 0
149 irecv 148 1300 200 0
149 send 150 1300 16 0
149 send 148 1100 16 0
149 wait 151 150 1100
149 wait 149 150 1300
149 irecv 153 2100 200 0
149 irecv 145 2300 200 0
149 send 153 2300 40 0
149 send 145 2100 40 0
149 wait 154 150 2100
149 wait 146 150 2300
149 irecv 181 3100 200 0
149 irecv 117 3300 200 0
149 send 181 3300 60 0
149 send 117 3100 60 0
149 wait 182 150 3100
149 wait 118 150 3300
149 irecv 150 1100 200 0
149 irecv 148 1300 200 0
149 send 150 1300 16 0
149 send 148 1100 16 0
149 wait 151 150 1100
149 wait 149 150 1300
149 irecv 153 2100 200 0
149 irecv 145 2300 200 0
149 send 153 2300 40 0
149 send 145 2100 40 0
149 wait 154 150 2100
149 wait 146 150 2300
149 irecv 181 3100 200 0
149 irecv 117 3300 200 0
149 send 181 3300 60 0
149 send 117 3100 60 0
149 wait 182 150 3100
149 wait 118 150 3300
149 irecv 150 1100 200 0
149 irecv 148 1300 200 0
149 send 150 1300 4 0
149 send 148 1100 4 0
149 wait 151 150 1100
149 wait 149 150 1300
149 irecv 153 2100 200 0
149 irecv 145 2300 200 0
149 send 153 2300 12 0
149 send 145 2100 12 0
149 wait 154 150 2100
149 wait 146 150 2300
149 irecv 181 3100 200 0
149 irecv 117 3300 200 0
149 send 181 3300 24 0
149 send 117 3100 24 0
149 wait 182 150 3100
149 wait 118 150 3300
149 irecv 150 1100 200 0
149 irecv 148 1300 200 0
149 send 150 1300 1 0
149 send 148 1100 1 0
149 wait 151 150 1100
149 wait 149 150 1300
149 irecv 153 2100 200 0
149 irecv 145 2300 200 0
149 send 153 2300 4 0
149 send 145 2100 4 0
149 wait 154 150 2100
149 wait 146 150 2300
149 irecv 181 3100 200 0
149 irecv 117 3300 200 0
149 send 181 3300 12 0
149 send 117 3100 12 0
149 wait 182 150 3100
149 wait 118 150 3300
149 send 150 1300 12 0
149 send 148 1100 6 0
149 irecv 157 2100 200 0
149 irecv 141 2300 200 0
149 wait 158 150 2100
149 wait 142 150 2300
149 send 153 2300 24 0
149 send 145 2100 12 0
149 irecv 181 3100 200 0
149 irecv 117 3300 200 0
149 wait 182 150 3100
149 wait 118 150 3300
149 irecv 150 1100 200 0
149 irecv 148 1300 200 0
149 send 150 1300 1 0
149 send 148 1100 1 0
149 wait 151 150 1100
149 wait 149 150 1300
149 irecv 153 2100 200 0
149 irecv 145 2300 200 0
149 send 153 2300 4 0
149 send 145 2100 4 0
149 wait 154 150 2100
149 wait 146 150 2300
149 irecv 181 3100 200 0
149 irecv 117 3300 200 0
149 send 181 3300 12 0
149 send 117 3100 12 0
149 wait 182 150 3100
149 wait 118 150 3300
149 irecv 150 1100 200 0
149 irecv 148 1300 200 0
149 send 150 1300 1 0
149 send 148 1100 1 0
149 wait 151 150 1100
149 wait 149 150 1300
149 irecv 153 2100 200 0
149 irecv 145 2300 200 0
149 send 153 2300 4 0
149 send 145 2100 4 0
149 wait 154 150 2100
149 wait 146 150 2300
149 irecv 181 3100 200 0
149 irecv 117 3300 200 0
149 send 181 3300 12 0
149 send 117 3100 12 0
149 wait 182 150 3100
149 wait 118 150 3300
149 irecv 150 1100 200 0
149 irecv 148 1300 200 0
149 send 150 1300 4 0
149 send 148 1100 4 0
149 wait 151 150 1100
149 wait 149 150 1300
149 irecv 153 2100 200 0
149 irecv 145 2300 200 0
149 send 153 2300 12 0
149 send 145 2100 12 0
149 wait 154 150 2100
149 wait 146 150 2300
149 irecv 181 3100 200 0
149 irecv 117 3300 200 0
149 send 181 3300 24 0
149 send 117 3100 24 0
149 wait 182 150 3100
149 wait 118 150 3300
149 irecv 150 1100 200 0
149 irecv 148 1300 200 0
149 send 150 1300 4 0
149 send 148 1100 4 0
149 wait 151 150 1100
149 wait 149 150 1300
149 irecv 153 2100 200 0
149 irecv 145 2300 200 0
149 send 153 2300 12 0
149 send 145 2100 12 0
149 wait 154 150 2100
149 wait 146 150 2300
149 irecv 181 3100 200 0
149 irecv 117 3300 200 0
149 send 181 3300 24 0
149 send 117 3100 24 0
149 wait 182 150 3100
149 wait 118 150 3300
149 irecv 150 1100 200 0
149 irecv 148 1300 200 0
149 send 150 1300 16 0
149 send 148 1100 16 0
149 wait 151 150 1100
149 wait 149 150 1300
149 irecv 153 2100 200 0
149 irecv 145 2300 200 0
149 send 153 2300 40 0
149 send 145 2100 40 0
149 wait 154 150 2100
149 wait 146 150 2300
149 irecv 181 3100 200 0
149 irecv 117 3300 200 0
149 send 181 3300 60 0
149 send 117 3100 60 0
149 wait 182 150 3100
149 wait 118 150 3300
149 irecv 150 1100 200 0
149 irecv 148 1300 200 0
149 send 150 1300 16 0
149 send 148 1100 16 0
149 wait 151 150 1100
149 wait 149 150 1300
149 irecv 153 2100 200 0
149 irecv 145 2300 200 0
149 send 153 2300 40 0
149 send 145 2100 40 0
149 wait 154 150 2100
149 wait 146 150 2300
149 irecv 181 3100 200 0
149 irecv 117 3300 200 0
149 send 181 3300 60 0
149 send 117 3100 60 0
149 wait 182 150 3100
149 wait 118 150 3300
149 irecv 150 1100 200 0
149 irecv 148 1300 200 0
149 send 150 1300 16 0
149 send 148 1100 16 0
149 wait 151 150 1100
149 wait 149 150 1300
149 irecv 153 2100 200 0
149 irecv 145 2300 200 0
149 send 153 2300 40 0
149 send 145 2100 40 0
149 wait 154 150 2100
149 wait 146 150 2300
149 irecv 181 3100 200 0
149 irecv 117 3300 200 0
149 send 181 3300 60 0
149 send 117 3100 60 0
149 wait 182 150 3100
149 wait 118 150 3300
149 irecv 150 1100 200 0
149 irecv 148 1300 200 0
149 send 150 1300 4 0
149 send 148 1100 4 0
149 wait 151 150 1100
149 wait 149 150 1300
149 irecv 153 2100 200 0
149 irecv 145 2300 200 0
149 send 153 2300 12 0
149 send 145 2100 12 0
149 wait 154 150 2100
149 wait 146 150 2300
149 irecv 181 3100 200 0
149 irecv 117 3300 200 0
149 send 181 3300 24 0
149 send 117 3100 24 0
149 wait 182 150 3100
149 wait 118 150 3300
149 irecv 150 1100 200 0
149 irecv 148 1300 200 0
149 send 150 1300 1 0
149 send 148 1100 1 0
149 wait 151 150 1100
149 wait 149 150 1300
149 irecv 153 2100 200 0
149 irecv 145 2300 200 0
149 send 153 2300 4 0
149 send 145 2100 4 0
149 wait 154 150 2100
149 wait 146 150 2300
149 irecv 181 3100 200 0
149 irecv 117 3300 200 0
149 send 181 3300 12 0
149 send 117 3100 12 0
149 wait 182 150 3100
149 wait 118 150 3300
149 send 150 1300 12 0
149 send 148 1100 6 0
149 irecv 157 2100 200 0
149 irecv 141 2300 200 0
149 wait 158 150 2100
149 wait 142 150 2300
149 send 153 2300 24 0
149 send 145 2100 12 0
149 irecv 181 3100 200 0
149 irecv 117 3300 200 0
149 wait 182 150 3100
149 wait 118 150 3300
149 irecv 150 1100 200 0
149 irecv 148 1300 200 0
149 send 150 1300 1 0
149 send 148 1100 1 0
149 wait 151 150 1100
149 wait 149 150 1300
149 irecv 153 2100 200 0
149 irecv 145 2300 200 0
149 send 153 2300 4 0
149 send 145 2100 4 0
149 wait 154 150 2100
149 wait 146 150 2300
149 irecv 181 3100 200 0
149 irecv 117 3300 200 0
149 send 181 3300 12 0
149 send 117 3100 12 0
149 wait 182 150 3100
149 wait 118 150 3300
149 irecv 150 1100 200 0
149 irecv 148 1300 200 0
149 send 150 1300 1 0
149 send 148 1100 1 0
149 wait 151 150 1100
149 wait 149 150 1300
149 irecv 153 2100 200 0
149 irecv 145 2300 200 0
149 send 153 2300 4 0
149 send 145 2100 4 0
149 wait 154 150 2100
149 wait 146 150 2300
149 irecv 181 3100 200 0
149 irecv 117 3300 200 0
149 send 181 3300 12 0
149 send 117 3100 12 0
149 wait 182 150 3100
149 wait 118 150 3300
149 irecv 150 1100 200 0
149 irecv 148 1300 200 0
149 send 150 1300 4 0
149 send 148 1100 4 0
149 wait 151 150 1100
149 wait 149 150 1300
149 irecv 153 2100 200 0
149 irecv 145 2300 200 0
149 send 153 2300 12 0
149 send 145 2100 12 0
149 wait 154 150 2100
149 wait 146 150 2300
149 irecv 181 3100 200 0
149 irecv 117 3300 200 0
149 send 181 3300 24 0
149 send 117 3100 24 0
149 wait 182 150 3100
149 wait 118 150 3300
149 irecv 150 1100 200 0
149 irecv 148 1300 200 0
149 send 150 1300 4 0
149 send 148 1100 4 0
149 wait 151 150 1100
149 wait 149 150 1300
149 irecv 153 2100 200 0
149 irecv 145 2300 200 0
149 send 153 2300 12 0
149 send 145 2100 12 0
149 wait 154 150 2100
149 wait 146 150 2300
149 irecv 181 3100 200 0
149 irecv 117 3300 200 0
149 send 181 3300 24 0
149 send 117 3100 24 0
149 wait 182 150 3100
149 wait 118 150 3300
149 irecv 150 1100 200 0
149 irecv 148 1300 200 0
149 send 150 1300 16 0
149 send 148 1100 16 0
149 wait 151 150 1100
149 wait 149 150 1300
149 irecv 153 2100 200 0
149 irecv 145 2300 200 0
149 send 153 2300 40 0
149 send 145 2100 40 0
149 wait 154 150 2100
149 wait 146 150 2300
149 irecv 181 3100 200 0
149 irecv 117 3300 200 0
149 send 181 3300 60 0
149 send 117 3100 60 0
149 wait 182 150 3100
149 wait 118 150 3300
149 irecv 150 1100 200 0
149 irecv 148 1300 200 0
149 send 150 1300 16 0
149 send 148 1100 16 0
149 wait 151 150 1100
149 wait 149 150 1300
149 irecv 153 2100 200 0
149 irecv 145 2300 200 0
149 send 153 2300 40 0
149 send 145 2100 40 0
149 wait 154 150 2100
149 wait 146 150 2300
149 irecv 181 3100 200 0
149 irecv 117 3300 200 0
149 send 181 3300 60 0
149 send 117 3100 60 0
149 wait 182 150 3100
149 wait 118 150 3300
149 irecv 150 1100 200 0
149 irecv 148 1300 200 0
149 send 150 1300 16 0
149 send 148 1100 16 0
149 wait 151 150 1100
149 wait 149 150 1300
149 irecv 153 2100 200 0
149 irecv 145 2300 200 0
149 send 153 2300 40 0
149 send 145 2100 40 0
149 wait 154 150 2100
149 wait 146 150 2300
149 irecv 181 3100 200 0
149 irecv 117 3300 200 0
149 send 181 3300 60 0
149 send 117 3100 60 0
149 wait 182 150 3100
149 wait 118 150 3300
149 irecv 150 1100 200 0
149 irecv 148 1300 200 0
149 send 150 1300 4 0
149 send 148 1100 4 0
149 wait 151 150 1100
149 wait 149 150 1300
149 irecv 153 2100 200 0
149 irecv 145 2300 200 0
149 send 153 2300 12 0
149 send 145 2100 12 0
149 wait 154 150 2100
149 wait 146 150 2300
149 irecv 181 3100 200 0
149 irecv 117 3300 200 0
149 send 181 3300 24 0
149 send 117 3100 24 0
149 wait 182 150 3100
149 wait 118 150 3300
149 irecv 150 1100 200 0
149 irecv 148 1300 200 0
149 send 150 1300 1 0
149 send 148 1100 1 0
149 wait 151 150 1100
149 wait 149 150 1300
149 irecv 153 2100 200 0
149 irecv 145 2300 200 0
149 send 153 2300 4 0
149 send 145 2100 4 0
149 wait 154 150 2100
149 wait 146 150 2300
149 irecv 181 3100 200 0
149 irecv 117 3300 200 0
149 send 181 3300 12 0
149 send 117 3100 12 0
149 wait 182 150 3100
149 wait 118 150 3300
149 send 150 1300 12 0
149 send 148 1100 6 0
149 irecv 157 2100 200 0
149 irecv 141 2300 200 0
149 wait 158 150 2100
149 wait 142 150 2300
149 send 153 2300 24 0
149 send 145 2100 12 0
149 irecv 181 3100 200 0
149 irecv 117 3300 200 0
149 wait 182 150 3100
149 wait 118 150 3300
149 irecv 150 1100 200 0
149 irecv 148 1300 200 0
149 send 150 1300 1 0
149 send 148 1100 1 0
149 wait 151 150 1100
149 wait 149 150 1300
149 irecv 153 2100 200 0
149 irecv 145 2300 200 0
149 send 153 2300 4 0
149 send 145 2100 4 0
149 wait 154 150 2100
149 wait 146 150 2300
149 irecv 181 3100 200 0
149 irecv 117 3300 200 0
149 send 181 3300 12 0
149 send 117 3100 12 0
149 wait 182 150 3100
149 wait 118 150 3300
149 irecv 150 1100 200 0
149 irecv 148 1300 200 0
149 send 150 1300 1 0
149 send 148 1100 1 0
149 wait 151 150 1100
149 wait 149 150 1300
149 irecv 153 2100 200 0
149 irecv 145 2300 200 0
149 send 153 2300 4 0
149 send 145 2100 4 0
149 wait 154 150 2100
149 wait 146 150 2300
149 irecv 181 3100 200 0
149 irecv 117 3300 200 0
149 send 181 3300 12 0
149 send 117 3100 12 0
149 wait 182 150 3100
149 wait 118 150 3300
149 irecv 150 1100 200 0
149 irecv 148 1300 200 0
149 send 150 1300 4 0
149 send 148 1100 4 0
149 wait 151 150 1100
149 wait 149 150 1300
149 irecv 153 2100 200 0
149 irecv 145 2300 200 0
149 send 153 2300 12 0
149 send 145 2100 12 0
149 wait 154 150 2100
149 wait 146 150 2300
149 irecv 181 3100 200 0
149 irecv 117 3300 200 0
149 send 181 3300 24 0
149 send 117 3100 24 0
149 wait 182 150 3100
149 wait 118 150 3300
149 irecv 150 1100 200 0
149 irecv 148 1300 200 0
149 send 150 1300 4 0
149 send 148 1100 4 0
149 wait 151 150 1100
149 wait 149 150 1300
149 irecv 153 2100 200 0
149 irecv 145 2300 200 0
149 send 153 2300 12 0
149 send 145 2100 12 0
149 wait 154 150 2100
149 wait 146 150 2300
149 irecv 181 3100 200 0
149 irecv 117 3300 200 0
149 send 181 3300 24 0
149 send 117 3100 24 0
149 wait 182 150 3100
149 wait 118 150 3300
149 irecv 150 1100 200 0
149 irecv 148 1300 200 0
149 send 150 1300 16 0
149 send 148 1100 16 0
149 wait 151 150 1100
149 wait 149 150 1300
149 irecv 153 2100 200 0
149 irecv 145 2300 200 0
149 send 153 2300 40 0
149 send 145 2100 40 0
149 wait 154 150 2100
149 wait 146 150 2300
149 irecv 181 3100 200 0
149 irecv 117 3300 200 0
149 send 181 3300 60 0
149 send 117 3100 60 0
149 wait 182 150 3100
149 wait 118 150 3300
149 irecv 150 1100 200 0
149 irecv 148 1300 200 0
149 send 150 1300 16 0
149 send 148 1100 16 0
149 wait 151 150 1100
149 wait 149 150 1300
149 irecv 153 2100 200 0
149 irecv 145 2300 200 0
149 send 153 2300 40 0
149 send 145 2100 40 0
149 wait 154 150 2100
149 wait 146 150 2300
149 irecv 181 3100 200 0
149 irecv 117 3300 200 0
149 send 181 3300 60 0
149 send 117 3100 60 0
149 wait 182 150 3100
149 wait 118 150 3300
149 irecv 150 1100 200 0
149 irecv 148 1300 200 0
149 send 150 1300 16 0
149 send 148 1100 16 0
149 wait 151 150 1100
149 wait 149 150 1300
149 irecv 153 2100 200 0
149 irecv 145 2300 200 0
149 send 153 2300 40 0
149 send 145 2100 40 0
149 wait 154 150 2100
149 wait 146 150 2300
149 irecv 181 3100 200 0
149 irecv 117 3300 200 0
149 send 181 3300 60 0
149 send 117 3100 60 0
149 wait 182 150 3100
149 wait 118 150 3300
149 allreduce 1 0 0 
149 allreduce 1 0 0 
149 reduce 1 0 0 0 
149 finalize
