14 init
14 barrier
14 bcast 1 0 1 
14 bcast 1 0 1 
14 bcast 1 0 1 
14 bcast 1 0 1 
14 bcast 1 0 1 
14 bcast 8 0 1 
14 bcast 1 0 16 
14 barrier
14 allreduce 1 0 0 
14 allreduce 4 0 1 
14 allreduce 1 0 0 
14 allreduce 4 0 1 
14 allreduce 1 0 0 
14 allreduce 4 0 1 
14 allreduce 1 0 0 
14 allreduce 4 0 1 
14 allreduce 1 0 0 
14 allreduce 4 0 1 
14 allreduce 1 0 0 
14 allreduce 4 0 1 
14 allreduce 1 0 0 
14 allreduce 4 0 1 
14 allreduce 1 0 0 
14 allreduce 4 0 1 
14 allreduce 1 0 0 
14 allreduce 4 0 1 
14 allreduce 1 0 0 
14 allreduce 4 0 1 
14 allreduce 1 0 0 
14 allreduce 4 0 1 
14 allreduce 1 0 0 
14 allreduce 4 0 1 
14 allreduce 1 0 0 
14 allreduce 4 0 1 
14 allreduce 1 0 0 
14 allreduce 4 0 1 
14 allreduce 1 0 0 
14 allreduce 4 0 1 
14 allreduce 1 0 0 
14 allreduce 4 0 1 
14 allreduce 1 0 0 
14 allreduce 4 0 1 
14 allreduce 1 0 0 
14 allreduce 4 0 1 
14 allreduce 1 0 0 
14 allreduce 4 0 1 
14 allreduce 1 0 0 
14 allreduce 4 0 1 
14 barrier
14 irecv 15 1100 200 0
14 irecv 13 1300 200 0
14 send 15 1300 16 0
14 send 13 1100 16 0
14 wait 16 15 1100
14 wait 14 15 1300
14 irecv 18 2100 200 0
14 irecv 10 2300 200 0
14 send 18 2300 40 0
14 send 10 2100 40 0
14 wait 19 15 2100
14 wait 11 15 2300
14 irecv 46 3100 200 0
14 irecv 238 3300 200 0
14 send 46 3300 60 0
14 send 238 3100 60 0
14 wait 47 15 3100
14 wait 239 15 3300
14 allreduce 1 0 0 
14 allreduce 1 0 0 
14 irecv 15 1100 200 0
14 irecv 13 1300 200 0
14 send 15 1300 16 0
14 send 13 1100 16 0
14 wait 16 15 1100
14 wait 14 15 1300
14 irecv 18 2100 200 0
14 irecv 10 2300 200 0
14 send 18 2300 40 0
14 send 10 2100 40 0
14 wait 19 15 2100
14 wait 11 15 2300
14 irecv 46 3100 200 0
14 irecv 238 3300 200 0
14 send 46 3300 60 0
14 send 238 3100 60 0
14 wait 47 15 3100
14 wait 239 15 3300
14 allreduce 1 0 0 
14 allreduce 1 0 0 
14 irecv 15 1100 200 0
14 irecv 13 1300 200 0
14 send 15 1300 4 0
14 send 13 1100 4 0
14 wait 16 15 1100
14 wait 14 15 1300
14 irecv 18 2100 200 0
14 irecv 10 2300 200 0
14 send 18 2300 12 0
14 send 10 2100 12 0
14 wait 19 15 2100
14 wait 11 15 2300
14 irecv 46 3100 200 0
14 irecv 238 3300 200 0
14 send 46 3300 24 0
14 send 238 3100 24 0
14 wait 47 15 3100
14 wait 239 15 3300
14 irecv 15 1100 200 0
14 irecv 13 1300 200 0
14 send 15 1300 1 0
14 send 13 1100 1 0
14 wait 16 15 1100
14 wait 14 15 1300
14 irecv 18 2100 200 0
14 irecv 10 2300 200 0
14 send 18 2300 4 0
14 send 10 2100 4 0
14 wait 19 15 2100
14 wait 11 15 2300
14 irecv 46 3100 200 0
14 irecv 238 3300 200 0
14 send 46 3300 12 0
14 send 238 3100 12 0
14 wait 47 15 3100
14 wait 239 15 3300
14 irecv 15 1100 200 0
14 irecv 13 1300 200 0
14 wait 16 15 1100
14 wait 14 15 1300
14 send 22 2300 12 0
14 send 6 2100 6 0
14 send 18 2300 24 0
14 send 10 2100 12 0
14 irecv 46 3100 200 0
14 irecv 238 3300 200 0
14 wait 47 15 3100
14 wait 239 15 3300
14 irecv 15 1100 200 0
14 irecv 13 1300 200 0
14 send 15 1300 1 0
14 send 13 1100 1 0
14 wait 16 15 1100
14 wait 14 15 1300
14 irecv 18 2100 200 0
14 irecv 10 2300 200 0
14 send 18 2300 4 0
14 send 10 2100 4 0
14 wait 19 15 2100
14 wait 11 15 2300
14 irecv 46 3100 200 0
14 irecv 238 3300 200 0
14 send 46 3300 12 0
14 send 238 3100 12 0
14 wait 47 15 3100
14 wait 239 15 3300
14 irecv 15 1100 200 0
14 irecv 13 1300 200 0
14 send 15 1300 1 0
14 send 13 1100 1 0
14 wait 16 15 1100
14 wait 14 15 1300
14 irecv 18 2100 200 0
14 irecv 10 2300 200 0
14 send 18 2300 4 0
14 send 10 2100 4 0
14 wait 19 15 2100
14 wait 11 15 2300
14 irecv 46 3100 200 0
14 irecv 238 3300 200 0
14 send 46 3300 12 0
14 send 238 3100 12 0
14 wait 47 15 3100
14 wait 239 15 3300
14 irecv 15 1100 200 0
14 irecv 13 1300 200 0
14 send 15 1300 4 0
14 send 13 1100 4 0
14 wait 16 15 1100
14 wait 14 15 1300
14 irecv 18 2100 200 0
14 irecv 10 2300 200 0
14 send 18 2300 12 0
14 send 10 2100 12 0
14 wait 19 15 2100
14 wait 11 15 2300
14 irecv 46 3100 200 0
14 irecv 238 3300 200 0
14 send 46 3300 24 0
14 send 238 3100 24 0
14 wait 47 15 3100
14 wait 239 15 3300
14 irecv 15 1100 200 0
14 irecv 13 1300 200 0
14 send 15 1300 4 0
14 send 13 1100 4 0
14 wait 16 15 1100
14 wait 14 15 1300
14 irecv 18 2100 200 0
14 irecv 10 2300 200 0
14 send 18 2300 12 0
14 send 10 2100 12 0
14 wait 19 15 2100
14 wait 11 15 2300
14 irecv 46 3100 200 0
14 irecv 238 3300 200 0
14 send 46 3300 24 0
14 send 238 3100 24 0
14 wait 47 15 3100
14 wait 239 15 3300
14 irecv 15 1100 200 0
14 irecv 13 1300 200 0
14 send 15 1300 16 0
14 send 13 1100 16 0
14 wait 16 15 1100
14 wait 14 15 1300
14 irecv 18 2100 200 0
14 irecv 10 2300 200 0
14 send 18 2300 40 0
14 send 10 2100 40 0
14 wait 19 15 2100
14 wait 11 15 2300
14 irecv 46 3100 200 0
14 irecv 238 3300 200 0
14 send 46 3300 60 0
14 send 238 3100 60 0
14 wait 47 15 3100
14 wait 239 15 3300
14 irecv 15 1100 200 0
14 irecv 13 1300 200 0
14 send 15 1300 16 0
14 send 13 1100 16 0
14 wait 16 15 1100
14 wait 14 15 1300
14 irecv 18 2100 200 0
14 irecv 10 2300 200 0
14 send 18 2300 40 0
14 send 10 2100 40 0
14 wait 19 15 2100
14 wait 11 15 2300
14 irecv 46 3100 200 0
14 irecv 238 3300 200 0
14 send 46 3300 60 0
14 send 238 3100 60 0
14 wait 47 15 3100
14 wait 239 15 3300
14 irecv 15 1100 200 0
14 irecv 13 1300 200 0
14 send 15 1300 16 0
14 send 13 1100 16 0
14 wait 16 15 1100
14 wait 14 15 1300
14 irecv 18 2100 200 0
14 irecv 10 2300 200 0
14 send 18 2300 40 0
14 send 10 2100 40 0
14 wait 19 15 2100
14 wait 11 15 2300
14 irecv 46 3100 200 0
14 irecv 238 3300 200 0
14 send 46 3300 60 0
14 send 238 3100 60 0
14 wait 47 15 3100
14 wait 239 15 3300
14 barrier
14 allreduce 1 0 0 
14 allreduce 4 0 1 
14 allreduce 1 0 0 
14 allreduce 4 0 1 
14 allreduce 1 0 0 
14 allreduce 4 0 1 
14 allreduce 1 0 0 
14 allreduce 4 0 1 
14 allreduce 1 0 0 
14 allreduce 4 0 1 
14 allreduce 1 0 0 
14 allreduce 4 0 1 
14 allreduce 1 0 0 
14 allreduce 4 0 1 
14 allreduce 1 0 0 
14 allreduce 4 0 1 
14 allreduce 1 0 0 
14 allreduce 4 0 1 
14 allreduce 1 0 0 
14 allreduce 4 0 1 
14 allreduce 1 0 0 
14 allreduce 4 0 1 
14 allreduce 1 0 0 
14 allreduce 4 0 1 
14 allreduce 1 0 0 
14 allreduce 4 0 1 
14 allreduce 1 0 0 
14 allreduce 4 0 1 
14 allreduce 1 0 0 
14 allreduce 4 0 1 
14 allreduce 1 0 0 
14 allreduce 4 0 1 
14 allreduce 1 0 0 
14 allreduce 4 0 1 
14 allreduce 1 0 0 
14 allreduce 4 0 1 
14 allreduce 1 0 0 
14 allreduce 4 0 1 
14 allreduce 1 0 0 
14 allreduce 4 0 1 
14 barrier
14 irecv 15 1100 200 0
14 irecv 13 1300 200 0
14 send 15 1300 16 0
14 send 13 1100 16 0
14 wait 16 15 1100
14 wait 14 15 1300
14 irecv 18 2100 200 0
14 irecv 10 2300 200 0
14 send 18 2300 40 0
14 send 10 2100 40 0
14 wait 19 15 2100
14 wait 11 15 2300
14 irecv 46 3100 200 0
14 irecv 238 3300 200 0
14 send 46 3300 60 0
14 send 238 3100 60 0
14 wait 47 15 3100
14 wait 239 15 3300
14 barrier
14 irecv 15 1100 200 0
14 irecv 13 1300 200 0
14 send 15 1300 16 0
14 send 13 1100 16 0
14 wait 16 15 1100
14 wait 14 15 1300
14 irecv 18 2100 200 0
14 irecv 10 2300 200 0
14 send 18 2300 40 0
14 send 10 2100 40 0
14 wait 19 15 2100
14 wait 11 15 2300
14 irecv 46 3100 200 0
14 irecv 238 3300 200 0
14 send 46 3300 60 0
14 send 238 3100 60 0
14 wait 47 15 3100
14 wait 239 15 3300
14 allreduce 1 0 0 
14 allreduce 1 0 0 
14 irecv 15 1100 200 0
14 irecv 13 1300 200 0
14 send 15 1300 4 0
14 send 13 1100 4 0
14 wait 16 15 1100
14 wait 14 15 1300
14 irecv 18 2100 200 0
14 irecv 10 2300 200 0
14 send 18 2300 12 0
14 send 10 2100 12 0
14 wait 19 15 2100
14 wait 11 15 2300
14 irecv 46 3100 200 0
14 irecv 238 3300 200 0
14 send 46 3300 24 0
14 send 238 3100 24 0
14 wait 47 15 3100
14 wait 239 15 3300
14 irecv 15 1100 200 0
14 irecv 13 1300 200 0
14 send 15 1300 1 0
14 send 13 1100 1 0
14 wait 16 15 1100
14 wait 14 15 1300
14 irecv 18 2100 200 0
14 irecv 10 2300 200 0
14 send 18 2300 4 0
14 send 10 2100 4 0
14 wait 19 15 2100
14 wait 11 15 2300
14 irecv 46 3100 200 0
14 irecv 238 3300 200 0
14 send 46 3300 12 0
14 send 238 3100 12 0
14 wait 47 15 3100
14 wait 239 15 3300
14 irecv 15 1100 200 0
14 irecv 13 1300 200 0
14 wait 16 15 1100
14 wait 14 15 1300
14 send 22 2300 12 0
14 send 6 2100 6 0
14 send 18 2300 24 0
14 send 10 2100 12 0
14 irecv 46 3100 200 0
14 irecv 238 3300 200 0
14 wait 47 15 3100
14 wait 239 15 3300
14 irecv 15 1100 200 0
14 irecv 13 1300 200 0
14 send 15 1300 1 0
14 send 13 1100 1 0
14 wait 16 15 1100
14 wait 14 15 1300
14 irecv 18 2100 200 0
14 irecv 10 2300 200 0
14 send 18 2300 4 0
14 send 10 2100 4 0
14 wait 19 15 2100
14 wait 11 15 2300
14 irecv 46 3100 200 0
14 irecv 238 3300 200 0
14 send 46 3300 12 0
14 send 238 3100 12 0
14 wait 47 15 3100
14 wait 239 15 3300
14 irecv 15 1100 200 0
14 irecv 13 1300 200 0
14 send 15 1300 1 0
14 send 13 1100 1 0
14 wait 16 15 1100
14 wait 14 15 1300
14 irecv 18 2100 200 0
14 irecv 10 2300 200 0
14 send 18 2300 4 0
14 send 10 2100 4 0
14 wait 19 15 2100
14 wait 11 15 2300
14 irecv 46 3100 200 0
14 irecv 238 3300 200 0
14 send 46 3300 12 0
14 send 238 3100 12 0
14 wait 47 15 3100
14 wait 239 15 3300
14 irecv 15 1100 200 0
14 irecv 13 1300 200 0
14 send 15 1300 4 0
14 send 13 1100 4 0
14 wait 16 15 1100
14 wait 14 15 1300
14 irecv 18 2100 200 0
14 irecv 10 2300 200 0
14 send 18 2300 12 0
14 send 10 2100 12 0
14 wait 19 15 2100
14 wait 11 15 2300
14 irecv 46 3100 200 0
14 irecv 238 3300 200 0
14 send 46 3300 24 0
14 send 238 3100 24 0
14 wait 47 15 3100
14 wait 239 15 3300
14 irecv 15 1100 200 0
14 irecv 13 1300 200 0
14 send 15 1300 4 0
14 send 13 1100 4 0
14 wait 16 15 1100
14 wait 14 15 1300
14 irecv 18 2100 200 0
14 irecv 10 2300 200 0
14 send 18 2300 12 0
14 send 10 2100 12 0
14 wait 19 15 2100
14 wait 11 15 2300
14 irecv 46 3100 200 0
14 irecv 238 3300 200 0
14 send 46 3300 24 0
14 send 238 3100 24 0
14 wait 47 15 3100
14 wait 239 15 3300
14 irecv 15 1100 200 0
14 irecv 13 1300 200 0
14 send 15 1300 16 0
14 send 13 1100 16 0
14 wait 16 15 1100
14 wait 14 15 1300
14 irecv 18 2100 200 0
14 irecv 10 2300 200 0
14 send 18 2300 40 0
14 send 10 2100 40 0
14 wait 19 15 2100
14 wait 11 15 2300
14 irecv 46 3100 200 0
14 irecv 238 3300 200 0
14 send 46 3300 60 0
14 send 238 3100 60 0
14 wait 47 15 3100
14 wait 239 15 3300
14 irecv 15 1100 200 0
14 irecv 13 1300 200 0
14 send 15 1300 16 0
14 send 13 1100 16 0
14 wait 16 15 1100
14 wait 14 15 1300
14 irecv 18 2100 200 0
14 irecv 10 2300 200 0
14 send 18 2300 40 0
14 send 10 2100 40 0
14 wait 19 15 2100
14 wait 11 15 2300
14 irecv 46 3100 200 0
14 irecv 238 3300 200 0
14 send 46 3300 60 0
14 send 238 3100 60 0
14 wait 47 15 3100
14 wait 239 15 3300
14 irecv 15 1100 200 0
14 irecv 13 1300 200 0
14 send 15 1300 16 0
14 send 13 1100 16 0
14 wait 16 15 1100
14 wait 14 15 1300
14 irecv 18 2100 200 0
14 irecv 10 2300 200 0
14 send 18 2300 40 0
14 send 10 2100 40 0
14 wait 19 15 2100
14 wait 11 15 2300
14 irecv 46 3100 200 0
14 irecv 238 3300 200 0
14 send 46 3300 60 0
14 send 238 3100 60 0
14 wait 47 15 3100
14 wait 239 15 3300
14 irecv 15 1100 200 0
14 irecv 13 1300 200 0
14 send 15 1300 4 0
14 send 13 1100 4 0
14 wait 16 15 1100
14 wait 14 15 1300
14 irecv 18 2100 200 0
14 irecv 10 2300 200 0
14 send 18 2300 12 0
14 send 10 2100 12 0
14 wait 19 15 2100
14 wait 11 15 2300
14 irecv 46 3100 200 0
14 irecv 238 3300 200 0
14 send 46 3300 24 0
14 send 238 3100 24 0
14 wait 47 15 3100
14 wait 239 15 3300
14 irecv 15 1100 200 0
14 irecv 13 1300 200 0
14 send 15 1300 1 0
14 send 13 1100 1 0
14 wait 16 15 1100
14 wait 14 15 1300
14 irecv 18 2100 200 0
14 irecv 10 2300 200 0
14 send 18 2300 4 0
14 send 10 2100 4 0
14 wait 19 15 2100
14 wait 11 15 2300
14 irecv 46 3100 200 0
14 irecv 238 3300 200 0
14 send 46 3300 12 0
14 send 238 3100 12 0
14 wait 47 15 3100
14 wait 239 15 3300
14 irecv 15 1100 200 0
14 irecv 13 1300 200 0
14 wait 16 15 1100
14 wait 14 15 1300
14 send 22 2300 12 0
14 send 6 2100 6 0
14 send 18 2300 24 0
14 send 10 2100 12 0
14 irecv 46 3100 200 0
14 irecv 238 3300 200 0
14 wait 47 15 3100
14 wait 239 15 3300
14 irecv 15 1100 200 0
14 irecv 13 1300 200 0
14 send 15 1300 1 0
14 send 13 1100 1 0
14 wait 16 15 1100
14 wait 14 15 1300
14 irecv 18 2100 200 0
14 irecv 10 2300 200 0
14 send 18 2300 4 0
14 send 10 2100 4 0
14 wait 19 15 2100
14 wait 11 15 2300
14 irecv 46 3100 200 0
14 irecv 238 3300 200 0
14 send 46 3300 12 0
14 send 238 3100 12 0
14 wait 47 15 3100
14 wait 239 15 3300
14 irecv 15 1100 200 0
14 irecv 13 1300 200 0
14 send 15 1300 1 0
14 send 13 1100 1 0
14 wait 16 15 1100
14 wait 14 15 1300
14 irecv 18 2100 200 0
14 irecv 10 2300 200 0
14 send 18 2300 4 0
14 send 10 2100 4 0
14 wait 19 15 2100
14 wait 11 15 2300
14 irecv 46 3100 200 0
14 irecv 238 3300 200 0
14 send 46 3300 12 0
14 send 238 3100 12 0
14 wait 47 15 3100
14 wait 239 15 3300
14 irecv 15 1100 200 0
14 irecv 13 1300 200 0
14 send 15 1300 4 0
14 send 13 1100 4 0
14 wait 16 15 1100
14 wait 14 15 1300
14 irecv 18 2100 200 0
14 irecv 10 2300 200 0
14 send 18 2300 12 0
14 send 10 2100 12 0
14 wait 19 15 2100
14 wait 11 15 2300
14 irecv 46 3100 200 0
14 irecv 238 3300 200 0
14 send 46 3300 24 0
14 send 238 3100 24 0
14 wait 47 15 3100
14 wait 239 15 3300
14 irecv 15 1100 200 0
14 irecv 13 1300 200 0
14 send 15 1300 4 0
14 send 13 1100 4 0
14 wait 16 15 1100
14 wait 14 15 1300
14 irecv 18 2100 200 0
14 irecv 10 2300 200 0
14 send 18 2300 12 0
14 send 10 2100 12 0
14 wait 19 15 2100
14 wait 11 15 2300
14 irecv 46 3100 200 0
14 irecv 238 3300 200 0
14 send 46 3300 24 0
14 send 238 3100 24 0
14 wait 47 15 3100
14 wait 239 15 3300
14 irecv 15 1100 200 0
14 irecv 13 1300 200 0
14 send 15 1300 16 0
14 send 13 1100 16 0
14 wait 16 15 1100
14 wait 14 15 1300
14 irecv 18 2100 200 0
14 irecv 10 2300 200 0
14 send 18 2300 40 0
14 send 10 2100 40 0
14 wait 19 15 2100
14 wait 11 15 2300
14 irecv 46 3100 200 0
14 irecv 238 3300 200 0
14 send 46 3300 60 0
14 send 238 3100 60 0
14 wait 47 15 3100
14 wait 239 15 3300
14 irecv 15 1100 200 0
14 irecv 13 1300 200 0
14 send 15 1300 16 0
14 send 13 1100 16 0
14 wait 16 15 1100
14 wait 14 15 1300
14 irecv 18 2100 200 0
14 irecv 10 2300 200 0
14 send 18 2300 40 0
14 send 10 2100 40 0
14 wait 19 15 2100
14 wait 11 15 2300
14 irecv 46 3100 200 0
14 irecv 238 3300 200 0
14 send 46 3300 60 0
14 send 238 3100 60 0
14 wait 47 15 3100
14 wait 239 15 3300
14 irecv 15 1100 200 0
14 irecv 13 1300 200 0
14 send 15 1300 16 0
14 send 13 1100 16 0
14 wait 16 15 1100
14 wait 14 15 1300
14 irecv 18 2100 200 0
14 irecv 10 2300 200 0
14 send 18 2300 40 0
14 send 10 2100 40 0
14 wait 19 15 2100
14 wait 11 15 2300
14 irecv 46 3100 200 0
14 irecv 238 3300 200 0
14 send 46 3300 60 0
14 send 238 3100 60 0
14 wait 47 15 3100
14 wait 239 15 3300
14 irecv 15 1100 200 0
14 irecv 13 1300 200 0
14 send 15 1300 4 0
14 send 13 1100 4 0
14 wait 16 15 1100
14 wait 14 15 1300
14 irecv 18 2100 200 0
14 irecv 10 2300 200 0
14 send 18 2300 12 0
14 send 10 2100 12 0
14 wait 19 15 2100
14 wait 11 15 2300
14 irecv 46 3100 200 0
14 irecv 238 3300 200 0
14 send 46 3300 24 0
14 send 238 3100 24 0
14 wait 47 15 3100
14 wait 239 15 3300
14 irecv 15 1100 200 0
14 irecv 13 1300 200 0
14 send 15 1300 1 0
14 send 13 1100 1 0
14 wait 16 15 1100
14 wait 14 15 1300
14 irecv 18 2100 200 0
14 irecv 10 2300 200 0
14 send 18 2300 4 0
14 send 10 2100 4 0
14 wait 19 15 2100
14 wait 11 15 2300
14 irecv 46 3100 200 0
14 irecv 238 3300 200 0
14 send 46 3300 12 0
14 send 238 3100 12 0
14 wait 47 15 3100
14 wait 239 15 3300
14 irecv 15 1100 200 0
14 irecv 13 1300 200 0
14 wait 16 15 1100
14 wait 14 15 1300
14 send 22 2300 12 0
14 send 6 2100 6 0
14 send 18 2300 24 0
14 send 10 2100 12 0
14 irecv 46 3100 200 0
14 irecv 238 3300 200 0
14 wait 47 15 3100
14 wait 239 15 3300
14 irecv 15 1100 200 0
14 irecv 13 1300 200 0
14 send 15 1300 1 0
14 send 13 1100 1 0
14 wait 16 15 1100
14 wait 14 15 1300
14 irecv 18 2100 200 0
14 irecv 10 2300 200 0
14 send 18 2300 4 0
14 send 10 2100 4 0
14 wait 19 15 2100
14 wait 11 15 2300
14 irecv 46 3100 200 0
14 irecv 238 3300 200 0
14 send 46 3300 12 0
14 send 238 3100 12 0
14 wait 47 15 3100
14 wait 239 15 3300
14 irecv 15 1100 200 0
14 irecv 13 1300 200 0
14 send 15 1300 1 0
14 send 13 1100 1 0
14 wait 16 15 1100
14 wait 14 15 1300
14 irecv 18 2100 200 0
14 irecv 10 2300 200 0
14 send 18 2300 4 0
14 send 10 2100 4 0
14 wait 19 15 2100
14 wait 11 15 2300
14 irecv 46 3100 200 0
14 irecv 238 3300 200 0
14 send 46 3300 12 0
14 send 238 3100 12 0
14 wait 47 15 3100
14 wait 239 15 3300
14 irecv 15 1100 200 0
14 irecv 13 1300 200 0
14 send 15 1300 4 0
14 send 13 1100 4 0
14 wait 16 15 1100
14 wait 14 15 1300
14 irecv 18 2100 200 0
14 irecv 10 2300 200 0
14 send 18 2300 12 0
14 send 10 2100 12 0
14 wait 19 15 2100
14 wait 11 15 2300
14 irecv 46 3100 200 0
14 irecv 238 3300 200 0
14 send 46 3300 24 0
14 send 238 3100 24 0
14 wait 47 15 3100
14 wait 239 15 3300
14 irecv 15 1100 200 0
14 irecv 13 1300 200 0
14 send 15 1300 4 0
14 send 13 1100 4 0
14 wait 16 15 1100
14 wait 14 15 1300
14 irecv 18 2100 200 0
14 irecv 10 2300 200 0
14 send 18 2300 12 0
14 send 10 2100 12 0
14 wait 19 15 2100
14 wait 11 15 2300
14 irecv 46 3100 200 0
14 irecv 238 3300 200 0
14 send 46 3300 24 0
14 send 238 3100 24 0
14 wait 47 15 3100
14 wait 239 15 3300
14 irecv 15 1100 200 0
14 irecv 13 1300 200 0
14 send 15 1300 16 0
14 send 13 1100 16 0
14 wait 16 15 1100
14 wait 14 15 1300
14 irecv 18 2100 200 0
14 irecv 10 2300 200 0
14 send 18 2300 40 0
14 send 10 2100 40 0
14 wait 19 15 2100
14 wait 11 15 2300
14 irecv 46 3100 200 0
14 irecv 238 3300 200 0
14 send 46 3300 60 0
14 send 238 3100 60 0
14 wait 47 15 3100
14 wait 239 15 3300
14 irecv 15 1100 200 0
14 irecv 13 1300 200 0
14 send 15 1300 16 0
14 send 13 1100 16 0
14 wait 16 15 1100
14 wait 14 15 1300
14 irecv 18 2100 200 0
14 irecv 10 2300 200 0
14 send 18 2300 40 0
14 send 10 2100 40 0
14 wait 19 15 2100
14 wait 11 15 2300
14 irecv 46 3100 200 0
14 irecv 238 3300 200 0
14 send 46 3300 60 0
14 send 238 3100 60 0
14 wait 47 15 3100
14 wait 239 15 3300
14 irecv 15 1100 200 0
14 irecv 13 1300 200 0
14 send 15 1300 16 0
14 send 13 1100 16 0
14 wait 16 15 1100
14 wait 14 15 1300
14 irecv 18 2100 200 0
14 irecv 10 2300 200 0
14 send 18 2300 40 0
14 send 10 2100 40 0
14 wait 19 15 2100
14 wait 11 15 2300
14 irecv 46 3100 200 0
14 irecv 238 3300 200 0
14 send 46 3300 60 0
14 send 238 3100 60 0
14 wait 47 15 3100
14 wait 239 15 3300
14 irecv 15 1100 200 0
14 irecv 13 1300 200 0
14 send 15 1300 4 0
14 send 13 1100 4 0
14 wait 16 15 1100
14 wait 14 15 1300
14 irecv 18 2100 200 0
14 irecv 10 2300 200 0
14 send 18 2300 12 0
14 send 10 2100 12 0
14 wait 19 15 2100
14 wait 11 15 2300
14 irecv 46 3100 200 0
14 irecv 238 3300 200 0
14 send 46 3300 24 0
14 send 238 3100 24 0
14 wait 47 15 3100
14 wait 239 15 3300
14 irecv 15 1100 200 0
14 irecv 13 1300 200 0
14 send 15 1300 1 0
14 send 13 1100 1 0
14 wait 16 15 1100
14 wait 14 15 1300
14 irecv 18 2100 200 0
14 irecv 10 2300 200 0
14 send 18 2300 4 0
14 send 10 2100 4 0
14 wait 19 15 2100
14 wait 11 15 2300
14 irecv 46 3100 200 0
14 irecv 238 3300 200 0
14 send 46 3300 12 0
14 send 238 3100 12 0
14 wait 47 15 3100
14 wait 239 15 3300
14 irecv 15 1100 200 0
14 irecv 13 1300 200 0
14 wait 16 15 1100
14 wait 14 15 1300
14 send 22 2300 12 0
14 send 6 2100 6 0
14 send 18 2300 24 0
14 send 10 2100 12 0
14 irecv 46 3100 200 0
14 irecv 238 3300 200 0
14 wait 47 15 3100
14 wait 239 15 3300
14 irecv 15 1100 200 0
14 irecv 13 1300 200 0
14 send 15 1300 1 0
14 send 13 1100 1 0
14 wait 16 15 1100
14 wait 14 15 1300
14 irecv 18 2100 200 0
14 irecv 10 2300 200 0
14 send 18 2300 4 0
14 send 10 2100 4 0
14 wait 19 15 2100
14 wait 11 15 2300
14 irecv 46 3100 200 0
14 irecv 238 3300 200 0
14 send 46 3300 12 0
14 send 238 3100 12 0
14 wait 47 15 3100
14 wait 239 15 3300
14 irecv 15 1100 200 0
14 irecv 13 1300 200 0
14 send 15 1300 1 0
14 send 13 1100 1 0
14 wait 16 15 1100
14 wait 14 15 1300
14 irecv 18 2100 200 0
14 irecv 10 2300 200 0
14 send 18 2300 4 0
14 send 10 2100 4 0
14 wait 19 15 2100
14 wait 11 15 2300
14 irecv 46 3100 200 0
14 irecv 238 3300 200 0
14 send 46 3300 12 0
14 send 238 3100 12 0
14 wait 47 15 3100
14 wait 239 15 3300
14 irecv 15 1100 200 0
14 irecv 13 1300 200 0
14 send 15 1300 4 0
14 send 13 1100 4 0
14 wait 16 15 1100
14 wait 14 15 1300
14 irecv 18 2100 200 0
14 irecv 10 2300 200 0
14 send 18 2300 12 0
14 send 10 2100 12 0
14 wait 19 15 2100
14 wait 11 15 2300
14 irecv 46 3100 200 0
14 irecv 238 3300 200 0
14 send 46 3300 24 0
14 send 238 3100 24 0
14 wait 47 15 3100
14 wait 239 15 3300
14 irecv 15 1100 200 0
14 irecv 13 1300 200 0
14 send 15 1300 4 0
14 send 13 1100 4 0
14 wait 16 15 1100
14 wait 14 15 1300
14 irecv 18 2100 200 0
14 irecv 10 2300 200 0
14 send 18 2300 12 0
14 send 10 2100 12 0
14 wait 19 15 2100
14 wait 11 15 2300
14 irecv 46 3100 200 0
14 irecv 238 3300 200 0
14 send 46 3300 24 0
14 send 238 3100 24 0
14 wait 47 15 3100
14 wait 239 15 3300
14 irecv 15 1100 200 0
14 irecv 13 1300 200 0
14 send 15 1300 16 0
14 send 13 1100 16 0
14 wait 16 15 1100
14 wait 14 15 1300
14 irecv 18 2100 200 0
14 irecv 10 2300 200 0
14 send 18 2300 40 0
14 send 10 2100 40 0
14 wait 19 15 2100
14 wait 11 15 2300
14 irecv 46 3100 200 0
14 irecv 238 3300 200 0
14 send 46 3300 60 0
14 send 238 3100 60 0
14 wait 47 15 3100
14 wait 239 15 3300
14 irecv 15 1100 200 0
14 irecv 13 1300 200 0
14 send 15 1300 16 0
14 send 13 1100 16 0
14 wait 16 15 1100
14 wait 14 15 1300
14 irecv 18 2100 200 0
14 irecv 10 2300 200 0
14 send 18 2300 40 0
14 send 10 2100 40 0
14 wait 19 15 2100
14 wait 11 15 2300
14 irecv 46 3100 200 0
14 irecv 238 3300 200 0
14 send 46 3300 60 0
14 send 238 3100 60 0
14 wait 47 15 3100
14 wait 239 15 3300
14 irecv 15 1100 200 0
14 irecv 13 1300 200 0
14 send 15 1300 16 0
14 send 13 1100 16 0
14 wait 16 15 1100
14 wait 14 15 1300
14 irecv 18 2100 200 0
14 irecv 10 2300 200 0
14 send 18 2300 40 0
14 send 10 2100 40 0
14 wait 19 15 2100
14 wait 11 15 2300
14 irecv 46 3100 200 0
14 irecv 238 3300 200 0
14 send 46 3300 60 0
14 send 238 3100 60 0
14 wait 47 15 3100
14 wait 239 15 3300
14 allreduce 1 0 0 
14 allreduce 1 0 0 
14 reduce 1 0 0 0 
14 finalize
