24 init
24 bcast 1 0 1 
24 allreduce 517 0 1 
24 alltoall 1 1 1 1
24 alltoallv 4096 52 72 68 56 52 64 52 72 44 60 36 76 76 96 64 76 40 64 52 40 48 52 52 60 88 68 92 56 76 96 64 52 56 68 76 68 80 72 64 68 72 76 68 48 76 68 64 56 92 68 56 48 68 56 40 44 88 80 36 52 72 52 76 72 3932 72 96 72 40 72 56 60 64 60 56 92 28 76 68 92 52 80 52 88 64 72 64 64 60 88 32 60 60 48 60 72 56 52 56 40 48 72 92 60 56 48 40 48 64 64 48 64 84 60 44 48 72 72 48 68 60 56 48 84 60 64 40 48 48 1 1
24 allreduce 517 0 1 
24 alltoall 1 1 1 1
24 alltoallv 4096 52 72 68 56 52 64 52 72 44 60 36 76 76 96 64 76 40 64 52 40 48 52 52 60 88 68 92 56 76 96 64 52 56 68 76 68 80 72 64 68 72 76 68 48 76 68 64 56 92 68 56 48 68 56 40 44 88 80 36 52 72 52 76 72 3932 72 96 72 40 72 56 60 64 60 56 92 28 76 68 92 52 80 52 88 64 72 64 64 60 88 32 60 60 48 60 72 56 52 56 40 48 72 92 60 56 48 40 48 64 64 48 64 84 60 44 48 72 72 48 68 60 56 48 84 60 64 40 48 48 1 1
24 allreduce 517 0 1 
24 alltoall 1 1 1 1
24 alltoallv 4096 52 72 68 56 52 64 52 72 44 60 36 76 76 96 64 76 40 64 52 40 48 52 52 60 88 68 92 56 76 96 64 52 56 68 76 68 80 72 64 68 72 76 68 48 76 68 64 56 92 68 56 48 68 56 40 44 88 80 36 52 72 52 76 72 3932 72 96 72 40 72 56 60 64 60 56 92 28 76 68 92 52 80 52 88 64 72 64 64 60 88 32 60 60 48 60 72 56 52 56 40 48 72 92 60 56 48 40 48 64 64 48 64 84 60 44 48 72 72 48 68 60 56 48 84 60 64 40 48 48 1 1
24 allreduce 517 0 1 
24 alltoall 1 1 1 1
24 alltoallv 4096 52 72 68 56 52 64 52 72 44 60 36 76 76 96 64 76 40 64 52 40 48 52 52 60 88 68 92 56 76 96 64 52 56 68 76 68 80 72 64 68 72 76 68 48 76 68 64 56 92 68 56 48 68 56 40 44 88 80 36 52 72 52 76 72 3932 72 96 72 40 72 56 60 64 60 56 92 28 76 68 92 52 80 52 88 64 72 64 64 60 88 32 60 60 48 60 72 56 52 56 40 48 72 92 60 56 48 40 48 64 64 48 64 84 60 44 48 72 72 48 68 60 56 48 84 60 64 40 48 48 1 1
24 allreduce 517 0 1 
24 alltoall 1 1 1 1
24 alltoallv 4096 52 72 68 56 52 64 52 72 44 60 36 76 76 96 64 76 40 64 52 40 48 52 52 60 88 68 92 56 76 96 64 52 56 68 76 68 80 72 64 68 72 76 68 48 76 68 64 56 92 68 56 48 68 56 40 44 88 80 36 52 72 52 76 72 3932 72 96 72 40 72 56 60 64 60 56 92 28 76 68 92 52 80 52 88 64 72 64 64 60 88 32 60 60 48 60 72 56 52 56 40 48 72 92 60 56 48 40 48 64 64 48 64 84 60 44 48 72 72 48 68 60 56 48 84 60 64 40 48 48 1 1
24 allreduce 517 0 1 
24 alltoall 1 1 1 1
24 alltoallv 4096 52 72 68 56 52 64 52 72 44 60 36 76 76 96 64 76 40 64 52 40 48 52 52 60 88 68 92 56 76 96 64 52 56 68 76 68 80 72 64 68 72 76 68 48 76 68 64 56 92 68 56 48 68 56 40 44 88 80 36 52 72 52 76 72 3932 72 96 72 40 72 56 60 64 60 56 92 28 76 68 92 52 80 52 88 64 72 64 64 60 88 32 60 60 48 60 72 56 52 56 40 48 72 92 60 56 48 40 48 64 64 48 64 84 60 44 48 72 72 48 68 60 56 48 84 60 64 40 48 48 1 1
24 allreduce 517 0 1 
24 alltoall 1 1 1 1
24 alltoallv 4096 52 72 68 56 52 64 52 72 44 60 36 76 76 96 64 76 40 64 52 40 48 52 52 60 88 68 92 56 76 96 64 52 56 68 76 68 80 72 64 68 72 76 68 48 76 68 64 56 92 68 56 48 68 56 40 44 88 80 36 52 72 52 76 72 3932 72 96 72 40 72 56 60 64 60 56 92 28 76 68 92 52 80 52 88 64 72 64 64 60 88 32 60 60 48 60 72 56 52 56 40 48 72 92 60 56 48 40 48 64 64 48 64 84 60 44 48 72 72 48 68 60 56 48 84 60 64 40 48 48 1 1
24 allreduce 517 0 1 
24 alltoall 1 1 1 1
24 alltoallv 4096 52 72 68 56 52 64 52 72 44 60 36 76 76 96 64 76 40 64 52 40 48 52 52 60 88 68 92 56 76 96 64 52 56 68 76 68 80 72 64 68 72 76 68 48 76 68 64 56 92 68 56 48 68 56 40 44 88 80 36 52 72 52 76 72 3932 72 96 72 40 72 56 60 64 60 56 92 28 76 68 92 52 80 52 88 64 72 64 64 60 88 32 60 60 48 60 72 56 52 56 40 48 72 92 60 56 48 40 48 64 64 48 64 84 60 44 48 72 72 48 68 60 56 48 84 60 64 40 48 48 1 1
24 allreduce 517 0 1 
24 alltoall 1 1 1 1
24 alltoallv 4096 52 72 68 56 52 64 52 72 44 60 36 76 76 96 64 76 40 64 52 40 48 52 52 60 88 68 92 56 76 96 64 52 56 68 76 68 80 72 64 68 72 76 68 48 76 68 64 56 92 68 56 48 68 56 40 44 88 80 36 52 72 52 76 72 3932 72 96 72 40 72 56 60 64 60 56 92 28 76 68 92 52 80 52 88 64 72 64 64 60 88 32 60 60 48 60 72 56 52 56 40 48 72 92 60 56 48 40 48 64 64 48 64 84 60 44 48 72 72 48 68 60 56 48 84 60 64 40 48 48 1 1
24 allreduce 517 0 1 
24 alltoall 1 1 1 1
24 alltoallv 4096 52 72 68 56 52 64 52 72 44 60 36 76 76 96 64 76 40 64 52 40 48 52 52 60 88 68 92 56 76 96 64 52 56 68 76 68 80 72 64 68 72 76 68 48 76 68 64 56 92 68 56 48 68 56 40 44 88 80 36 52 72 52 76 72 3932 72 96 72 40 72 56 60 64 60 56 92 28 76 68 92 52 80 52 88 64 72 64 64 60 88 32 60 60 48 60 72 56 52 56 40 48 72 92 60 56 48 40 48 64 64 48 64 84 60 44 48 72 72 48 68 60 56 48 84 60 64 40 48 48 1 1
24 allreduce 517 0 1 
24 alltoall 1 1 1 1
24 alltoallv 4096 52 72 68 56 52 64 52 72 44 60 36 76 76 96 64 76 40 64 52 40 48 52 52 60 88 68 92 56 76 96 64 52 56 68 76 68 80 72 64 68 72 76 68 48 76 68 64 56 92 68 56 48 68 56 40 44 88 80 36 52 72 52 76 72 3932 72 96 72 40 72 56 60 64 60 56 92 28 76 68 92 52 80 52 88 64 72 64 64 60 88 32 60 60 48 60 72 56 52 56 40 48 72 92 60 56 48 40 48 64 64 48 64 84 60 44 48 72 72 48 68 60 56 48 84 60 64 40 48 48 1 1
24 reduce 1 0 0 0 
24 irecv 23 1000 1 1
24 send 25 1000 1 1
24 wait 24 25 1000
24 reduce 1 0 0 1 
24 finalize
