8 init
8 bcast 1 0 1 
8 allreduce 517 0 1 
8 alltoall 1 1 1 1
8 alltoallv 4096 84 76 48 88 64 44 72 84 60 52 76 44 48 72 60 72 24 64 48 52 76 52 64 84 60 60 48 64 64 44 36 40 80 76 84 60 64 72 72 84 72 48 64 52 112 60 64 52 60 64 48 64 68 44 60 56 72 84 76 68 72 76 72 72 3848 76 60 60 104 16 48 64 24 60 76 44 64 96 64 56 72 64 60 64 44 84 68 52 72 44 56 64 80 36 52 32 52 44 68 60 68 68 48 72 68 60 56 72 56 60 48 36 80 48 60 44 68 44 52 80 68 60 56 64 72 56 56 60 88 1 1
8 allreduce 517 0 1 
8 alltoall 1 1 1 1
8 alltoallv 4096 84 76 48 88 64 44 72 84 60 52 76 44 48 72 60 72 24 64 48 52 76 52 64 84 60 60 48 64 64 44 36 40 80 76 84 60 64 72 72 84 72 48 64 52 112 60 64 52 60 64 48 64 68 44 60 56 72 84 76 68 72 76 72 72 3848 76 60 60 104 16 48 64 24 60 76 44 64 96 64 56 72 64 60 64 44 84 68 52 72 44 56 64 80 36 52 32 52 44 68 60 68 68 48 72 68 60 56 72 56 60 48 36 80 48 60 44 68 44 52 80 68 60 56 64 72 56 56 60 88 1 1
8 allreduce 517 0 1 
8 alltoall 1 1 1 1
8 alltoallv 4096 84 76 48 88 64 44 72 84 60 52 76 44 48 72 60 72 24 64 48 52 76 52 64 84 60 60 48 64 64 44 36 40 80 76 84 60 64 72 72 84 72 48 64 52 112 60 64 52 60 64 48 64 68 44 60 56 72 84 76 68 72 76 72 72 3848 76 60 60 104 16 48 64 24 60 76 44 64 96 64 56 72 64 60 64 44 84 68 52 72 44 56 64 80 36 52 32 52 44 68 60 68 68 48 72 68 60 56 72 56 60 48 36 80 48 60 44 68 44 52 80 68 60 56 64 72 56 56 60 88 1 1
8 allreduce 517 0 1 
8 alltoall 1 1 1 1
8 alltoallv 4096 84 76 48 88 64 44 72 84 60 52 76 44 48 72 60 72 24 64 48 52 76 52 64 84 60 60 48 64 64 44 36 40 80 76 84 60 64 72 72 84 72 48 64 52 112 60 64 52 60 64 48 64 68 44 60 56 72 84 76 68 72 76 72 72 3848 76 60 60 104 16 48 64 24 60 76 44 64 96 64 56 72 64 60 64 44 84 68 52 72 44 56 64 80 36 52 32 52 44 68 60 68 68 48 72 68 60 56 72 56 60 48 36 80 48 60 44 68 44 52 80 68 60 56 64 72 56 56 60 88 1 1
8 allreduce 517 0 1 
8 alltoall 1 1 1 1
8 alltoallv 4096 84 76 48 88 64 44 72 84 60 52 76 44 48 72 60 72 24 64 48 52 76 52 64 84 60 60 48 64 64 44 36 40 80 76 84 60 64 72 72 84 72 48 64 52 112 60 64 52 60 64 48 64 68 44 60 56 72 84 76 68 72 76 72 72 3848 76 60 60 104 16 48 64 24 60 76 44 64 96 64 56 72 64 60 64 44 84 68 52 72 44 56 64 80 36 52 32 52 44 68 60 68 68 48 72 68 60 56 72 56 60 48 36 80 48 60 44 68 44 52 80 68 60 56 64 72 56 56 60 88 1 1
8 allreduce 517 0 1 
8 alltoall 1 1 1 1
8 alltoallv 4096 84 76 48 88 64 44 72 84 60 52 76 44 48 72 60 72 24 64 48 52 76 52 64 84 60 60 48 64 64 44 36 40 80 76 84 60 64 72 72 84 72 48 64 52 112 60 64 52 60 64 48 64 68 44 60 56 72 84 76 68 72 76 72 72 3848 76 60 60 104 16 48 64 24 60 76 44 64 96 64 56 72 64 60 64 44 84 68 52 72 44 56 64 80 36 52 32 52 44 68 60 68 68 48 72 68 60 56 72 56 60 48 36 80 48 60 44 68 44 52 80 68 60 56 64 72 56 56 60 88 1 1
8 allreduce 517 0 1 
8 alltoall 1 1 1 1
8 alltoallv 4096 84 76 48 88 64 44 72 84 60 52 76 44 48 72 60 72 24 64 48 52 76 52 64 84 60 60 48 64 64 44 36 40 80 76 84 60 64 72 72 84 72 48 64 52 112 60 64 52 60 64 48 64 68 44 60 56 72 84 76 68 72 76 72 72 3848 76 60 60 104 16 48 64 24 60 76 44 64 96 64 56 72 64 60 64 44 84 68 52 72 44 56 64 80 36 52 32 52 44 68 60 68 68 48 72 68 60 56 72 56 60 48 36 80 48 60 44 68 44 52 80 68 60 56 64 72 56 56 60 88 1 1
8 allreduce 517 0 1 
8 alltoall 1 1 1 1
8 alltoallv 4096 84 76 48 88 64 44 72 84 60 52 76 44 48 72 60 72 24 64 48 52 76 52 64 84 60 60 48 64 64 44 36 40 80 76 84 60 64 72 72 84 72 48 64 52 112 60 64 52 60 64 48 64 68 44 60 56 72 84 76 68 72 76 72 72 3848 76 60 60 104 16 48 64 24 60 76 44 64 96 64 56 72 64 60 64 44 84 68 52 72 44 56 64 80 36 52 32 52 44 68 60 68 68 48 72 68 60 56 72 56 60 48 36 80 48 60 44 68 44 52 80 68 60 56 64 72 56 56 60 88 1 1
8 allreduce 517 0 1 
8 alltoall 1 1 1 1
8 alltoallv 4096 84 76 48 88 64 44 72 84 60 52 76 44 48 72 60 72 24 64 48 52 76 52 64 84 60 60 48 64 64 44 36 40 80 76 84 60 64 72 72 84 72 48 64 52 112 60 64 52 60 64 48 64 68 44 60 56 72 84 76 68 72 76 72 72 3848 76 60 60 104 16 48 64 24 60 76 44 64 96 64 56 72 64 60 64 44 84 68 52 72 44 56 64 80 36 52 32 52 44 68 60 68 68 48 72 68 60 56 72 56 60 48 36 80 48 60 44 68 44 52 80 68 60 56 64 72 56 56 60 88 1 1
8 allreduce 517 0 1 
8 alltoall 1 1 1 1
8 alltoallv 4096 84 76 48 88 64 44 72 84 60 52 76 44 48 72 60 72 24 64 48 52 76 52 64 84 60 60 48 64 64 44 36 40 80 76 84 60 64 72 72 84 72 48 64 52 112 60 64 52 60 64 48 64 68 44 60 56 72 84 76 68 72 76 72 72 3848 76 60 60 104 16 48 64 24 60 76 44 64 96 64 56 72 64 60 64 44 84 68 52 72 44 56 64 80 36 52 32 52 44 68 60 68 68 48 72 68 60 56 72 56 60 48 36 80 48 60 44 68 44 52 80 68 60 56 64 72 56 56 60 88 1 1
8 allreduce 517 0 1 
8 alltoall 1 1 1 1
8 alltoallv 4096 84 76 48 88 64 44 72 84 60 52 76 44 48 72 60 72 24 64 48 52 76 52 64 84 60 60 48 64 64 44 36 40 80 76 84 60 64 72 72 84 72 48 64 52 112 60 64 52 60 64 48 64 68 44 60 56 72 84 76 68 72 76 72 72 3848 76 60 60 104 16 48 64 24 60 76 44 64 96 64 56 72 64 60 64 44 84 68 52 72 44 56 64 80 36 52 32 52 44 68 60 68 68 48 72 68 60 56 72 56 60 48 36 80 48 60 44 68 44 52 80 68 60 56 64 72 56 56 60 88 1 1
8 reduce 1 0 0 0 
8 irecv 7 1000 1 1
8 send 9 1000 1 1
8 wait 8 9 1000
8 reduce 1 0 0 1 
8 finalize
