52 init
52 bcast 1 0 1 
52 allreduce 517 0 1 
52 alltoall 1 1 1 1
52 alltoallv 4096 44 100 80 28 36 92 44 84 44 68 72 44 32 100 56 56 60 56 48 92 64 68 68 104 72 72 56 88 52 56 56 48 56 64 52 84 84 60 48 60 80 32 56 52 80 76 68 76 60 84 96 76 56 56 56 68 52 52 40 76 56 64 64 72 4520 72 76 80 68 76 64 48 60 68 88 68 60 64 80 76 48 64 44 76 64 92 52 64 68 68 116 84 72 44 64 112 88 140 68 96 68 88 80 56 44 76 56 40 80 84 76 48 56 60 52 96 60 56 80 76 72 48 52 96 104 96 48 48 52 1 1
52 allreduce 517 0 1 
52 alltoall 1 1 1 1
52 alltoallv 4096 44 100 80 28 36 92 44 84 44 68 72 44 32 100 56 56 60 56 48 92 64 68 68 104 72 72 56 88 52 56 56 48 56 64 52 84 84 60 48 60 80 32 56 52 80 76 68 76 60 84 96 76 56 56 56 68 52 52 40 76 56 64 64 72 4520 72 76 80 68 76 64 48 60 68 88 68 60 64 80 76 48 64 44 76 64 92 52 64 68 68 116 84 72 44 64 112 88 140 68 96 68 88 80 56 44 76 56 40 80 84 76 48 56 60 52 96 60 56 80 76 72 48 52 96 104 96 48 48 52 1 1
52 allreduce 517 0 1 
52 alltoall 1 1 1 1
52 alltoallv 4096 44 100 80 28 36 92 44 84 44 68 72 44 32 100 56 56 60 56 48 92 64 68 68 104 72 72 56 88 52 56 56 48 56 64 52 84 84 60 48 60 80 32 56 52 80 76 68 76 60 84 96 76 56 56 56 68 52 52 40 76 56 64 64 72 4520 72 76 80 68 76 64 48 60 68 88 68 60 64 80 76 48 64 44 76 64 92 52 64 68 68 116 84 72 44 64 112 88 140 68 96 68 88 80 56 44 76 56 40 80 84 76 48 56 60 52 96 60 56 80 76 72 48 52 96 104 96 48 48 52 1 1
52 allreduce 517 0 1 
52 alltoall 1 1 1 1
52 alltoallv 4096 44 100 80 28 36 92 44 84 44 68 72 44 32 100 56 56 60 56 48 92 64 68 68 104 72 72 56 88 52 56 56 48 56 64 52 84 84 60 48 60 80 32 56 52 80 76 68 76 60 84 96 76 56 56 56 68 52 52 40 76 56 64 64 72 4520 72 76 80 68 76 64 48 60 68 88 68 60 64 80 76 48 64 44 76 64 92 52 64 68 68 116 84 72 44 64 112 88 140 68 96 68 88 80 56 44 76 56 40 80 84 76 48 56 60 52 96 60 56 80 76 72 48 52 96 104 96 48 48 52 1 1
52 allreduce 517 0 1 
52 alltoall 1 1 1 1
52 alltoallv 4096 44 100 80 28 36 92 44 84 44 68 72 44 32 100 56 56 60 56 48 92 64 68 68 104 72 72 56 88 52 56 56 48 56 64 52 84 84 60 48 60 80 32 56 52 80 76 68 76 60 84 96 76 56 56 56 68 52 52 40 76 56 64 64 72 4520 72 76 80 68 76 64 48 60 68 88 68 60 64 80 76 48 64 44 76 64 92 52 64 68 68 116 84 72 44 64 112 88 140 68 96 68 88 80 56 44 76 56 40 80 84 76 48 56 60 52 96 60 56 80 76 72 48 52 96 104 96 48 48 52 1 1
52 allreduce 517 0 1 
52 alltoall 1 1 1 1
52 alltoallv 4096 44 100 80 28 36 92 44 84 44 68 72 44 32 100 56 56 60 56 48 92 64 68 68 104 72 72 56 88 52 56 56 48 56 64 52 84 84 60 48 60 80 32 56 52 80 76 68 76 60 84 96 76 56 56 56 68 52 52 40 76 56 64 64 72 4520 72 76 80 68 76 64 48 60 68 88 68 60 64 80 76 48 64 44 76 64 92 52 64 68 68 116 84 72 44 64 112 88 140 68 96 68 88 80 56 44 76 56 40 80 84 76 48 56 60 52 96 60 56 80 76 72 48 52 96 104 96 48 48 52 1 1
52 allreduce 517 0 1 
52 alltoall 1 1 1 1
52 alltoallv 4096 44 100 80 28 36 92 44 84 44 68 72 44 32 100 56 56 60 56 48 92 64 68 68 104 72 72 56 88 52 56 56 48 56 64 52 84 84 60 48 60 80 32 56 52 80 76 68 76 60 84 96 76 56 56 56 68 52 52 40 76 56 64 64 72 4520 72 76 80 68 76 64 48 60 68 88 68 60 64 80 76 48 64 44 76 64 92 52 64 68 68 116 84 72 44 64 112 88 140 68 96 68 88 80 56 44 76 56 40 80 84 76 48 56 60 52 96 60 56 80 76 72 48 52 96 104 96 48 48 52 1 1
52 allreduce 517 0 1 
52 alltoall 1 1 1 1
52 alltoallv 4096 44 100 80 28 36 92 44 84 44 68 72 44 32 100 56 56 60 56 48 92 64 68 68 104 72 72 56 88 52 56 56 48 56 64 52 84 84 60 48 60 80 32 56 52 80 76 68 76 60 84 96 76 56 56 56 68 52 52 40 76 56 64 64 72 4520 72 76 80 68 76 64 48 60 68 88 68 60 64 80 76 48 64 44 76 64 92 52 64 68 68 116 84 72 44 64 112 88 140 68 96 68 88 80 56 44 76 56 40 80 84 76 48 56 60 52 96 60 56 80 76 72 48 52 96 104 96 48 48 52 1 1
52 allreduce 517 0 1 
52 alltoall 1 1 1 1
52 alltoallv 4096 44 100 80 28 36 92 44 84 44 68 72 44 32 100 56 56 60 56 48 92 64 68 68 104 72 72 56 88 52 56 56 48 56 64 52 84 84 60 48 60 80 32 56 52 80 76 68 76 60 84 96 76 56 56 56 68 52 52 40 76 56 64 64 72 4520 72 76 80 68 76 64 48 60 68 88 68 60 64 80 76 48 64 44 76 64 92 52 64 68 68 116 84 72 44 64 112 88 140 68 96 68 88 80 56 44 76 56 40 80 84 76 48 56 60 52 96 60 56 80 76 72 48 52 96 104 96 48 48 52 1 1
52 allreduce 517 0 1 
52 alltoall 1 1 1 1
52 alltoallv 4096 44 100 80 28 36 92 44 84 44 68 72 44 32 100 56 56 60 56 48 92 64 68 68 104 72 72 56 88 52 56 56 48 56 64 52 84 84 60 48 60 80 32 56 52 80 76 68 76 60 84 96 76 56 56 56 68 52 52 40 76 56 64 64 72 4520 72 76 80 68 76 64 48 60 68 88 68 60 64 80 76 48 64 44 76 64 92 52 64 68 68 116 84 72 44 64 112 88 140 68 96 68 88 80 56 44 76 56 40 80 84 76 48 56 60 52 96 60 56 80 76 72 48 52 96 104 96 48 48 52 1 1
52 allreduce 517 0 1 
52 alltoall 1 1 1 1
52 alltoallv 4096 44 100 80 28 36 92 44 84 44 68 72 44 32 100 56 56 60 56 48 92 64 68 68 104 72 72 56 88 52 56 56 48 56 64 52 84 84 60 48 60 80 32 56 52 80 76 68 76 60 84 96 76 56 56 56 68 52 52 40 76 56 64 64 72 4520 72 76 80 68 76 64 48 60 68 88 68 60 64 80 76 48 64 44 76 64 92 52 64 68 68 116 84 72 44 64 112 88 140 68 96 68 88 80 56 44 76 56 40 80 84 76 48 56 60 52 96 60 56 80 76 72 48 52 96 104 96 48 48 52 1 1
52 reduce 1 0 0 0 
52 irecv 51 1000 1 1
52 send 53 1000 1 1
52 wait 52 53 1000
52 reduce 1 0 0 1 
52 finalize
