3 init
3 bcast 1 0 1 
3 allreduce 517 0 1 
3 alltoall 1 1 1 1
3 alltoallv 4096 52 68 80 52 48 40 84 72 104 36 48 64 52 88 68 60 32 48 64 96 44 80 48 100 40 56 52 56 68 56 72 60 52 96 92 84 44 72 68 92 56 56 52 40 92 68 32 64 76 56 80 52 68 56 76 64 44 80 96 32 52 88 72 56 4120 72 52 76 52 44 76 112 108 88 48 48 52 72 48 68 76 68 76 56 84 60 72 60 56 56 56 80 72 72 68 72 68 56 116 52 56 36 56 52 56 72 72 56 64 88 48 56 64 52 44 64 60 28 52 80 48 56 68 52 72 68 76 72 60 1 1
3 allreduce 517 0 1 
3 alltoall 1 1 1 1
3 alltoallv 4096 52 68 80 52 48 40 84 72 104 36 48 64 52 88 68 60 32 48 64 96 44 80 48 100 40 56 52 56 68 56 72 60 52 96 92 84 44 72 68 92 56 56 52 40 92 68 32 64 76 56 80 52 68 56 76 64 44 80 96 32 52 88 72 56 4120 72 52 76 52 44 76 112 108 88 48 48 52 72 48 68 76 68 76 56 84 60 72 60 56 56 56 80 72 72 68 72 68 56 116 52 56 36 56 52 56 72 72 56 64 88 48 56 64 52 44 64 60 28 52 80 48 56 68 52 72 68 76 72 60 1 1
3 allreduce 517 0 1 
3 alltoall 1 1 1 1
3 alltoallv 4096 52 68 80 52 48 40 84 72 104 36 48 64 52 88 68 60 32 48 64 96 44 80 48 100 40 56 52 56 68 56 72 60 52 96 92 84 44 72 68 92 56 56 52 40 92 68 32 64 76 56 80 52 68 56 76 64 44 80 96 32 52 88 72 56 4120 72 52 76 52 44 76 112 108 88 48 48 52 72 48 68 76 68 76 56 84 60 72 60 56 56 56 80 72 72 68 72 68 56 116 52 56 36 56 52 56 72 72 56 64 88 48 56 64 52 44 64 60 28 52 80 48 56 68 52 72 68 76 72 60 1 1
3 allreduce 517 0 1 
3 alltoall 1 1 1 1
3 alltoallv 4096 52 68 80 52 48 40 84 72 104 36 48 64 52 88 68 60 32 48 64 96 44 80 48 100 40 56 52 56 68 56 72 60 52 96 92 84 44 72 68 92 56 56 52 40 92 68 32 64 76 56 80 52 68 56 76 64 44 80 96 32 52 88 72 56 4120 72 52 76 52 44 76 112 108 88 48 48 52 72 48 68 76 68 76 56 84 60 72 60 56 56 56 80 72 72 68 72 68 56 116 52 56 36 56 52 56 72 72 56 64 88 48 56 64 52 44 64 60 28 52 80 48 56 68 52 72 68 76 72 60 1 1
3 allreduce 517 0 1 
3 alltoall 1 1 1 1
3 alltoallv 4096 52 68 80 52 48 40 84 72 104 36 48 64 52 88 68 60 32 48 64 96 44 80 48 100 40 56 52 56 68 56 72 60 52 96 92 84 44 72 68 92 56 56 52 40 92 68 32 64 76 56 80 52 68 56 76 64 44 80 96 32 52 88 72 56 4120 72 52 76 52 44 76 112 108 88 48 48 52 72 48 68 76 68 76 56 84 60 72 60 56 56 56 80 72 72 68 72 68 56 116 52 56 36 56 52 56 72 72 56 64 88 48 56 64 52 44 64 60 28 52 80 48 56 68 52 72 68 76 72 60 1 1
3 allreduce 517 0 1 
3 alltoall 1 1 1 1
3 alltoallv 4096 52 68 80 52 48 40 84 72 104 36 48 64 52 88 68 60 32 48 64 96 44 80 48 100 40 56 52 56 68 56 72 60 52 96 92 84 44 72 68 92 56 56 52 40 92 68 32 64 76 56 80 52 68 56 76 64 44 80 96 32 52 88 72 56 4120 72 52 76 52 44 76 112 108 88 48 48 52 72 48 68 76 68 76 56 84 60 72 60 56 56 56 80 72 72 68 72 68 56 116 52 56 36 56 52 56 72 72 56 64 88 48 56 64 52 44 64 60 28 52 80 48 56 68 52 72 68 76 72 60 1 1
3 allreduce 517 0 1 
3 alltoall 1 1 1 1
3 alltoallv 4096 52 68 80 52 48 40 84 72 104 36 48 64 52 88 68 60 32 48 64 96 44 80 48 100 40 56 52 56 68 56 72 60 52 96 92 84 44 72 68 92 56 56 52 40 92 68 32 64 76 56 80 52 68 56 76 64 44 80 96 32 52 88 72 56 4120 72 52 76 52 44 76 112 108 88 48 48 52 72 48 68 76 68 76 56 84 60 72 60 56 56 56 80 72 72 68 72 68 56 116 52 56 36 56 52 56 72 72 56 64 88 48 56 64 52 44 64 60 28 52 80 48 56 68 52 72 68 76 72 60 1 1
3 allreduce 517 0 1 
3 alltoall 1 1 1 1
3 alltoallv 4096 52 68 80 52 48 40 84 72 104 36 48 64 52 88 68 60 32 48 64 96 44 80 48 100 40 56 52 56 68 56 72 60 52 96 92 84 44 72 68 92 56 56 52 40 92 68 32 64 76 56 80 52 68 56 76 64 44 80 96 32 52 88 72 56 4120 72 52 76 52 44 76 112 108 88 48 48 52 72 48 68 76 68 76 56 84 60 72 60 56 56 56 80 72 72 68 72 68 56 116 52 56 36 56 52 56 72 72 56 64 88 48 56 64 52 44 64 60 28 52 80 48 56 68 52 72 68 76 72 60 1 1
3 allreduce 517 0 1 
3 alltoall 1 1 1 1
3 alltoallv 4096 52 68 80 52 48 40 84 72 104 36 48 64 52 88 68 60 32 48 64 96 44 80 48 100 40 56 52 56 68 56 72 60 52 96 92 84 44 72 68 92 56 56 52 40 92 68 32 64 76 56 80 52 68 56 76 64 44 80 96 32 52 88 72 56 4120 72 52 76 52 44 76 112 108 88 48 48 52 72 48 68 76 68 76 56 84 60 72 60 56 56 56 80 72 72 68 72 68 56 116 52 56 36 56 52 56 72 72 56 64 88 48 56 64 52 44 64 60 28 52 80 48 56 68 52 72 68 76 72 60 1 1
3 allreduce 517 0 1 
3 alltoall 1 1 1 1
3 alltoallv 4096 52 68 80 52 48 40 84 72 104 36 48 64 52 88 68 60 32 48 64 96 44 80 48 100 40 56 52 56 68 56 72 60 52 96 92 84 44 72 68 92 56 56 52 40 92 68 32 64 76 56 80 52 68 56 76 64 44 80 96 32 52 88 72 56 4120 72 52 76 52 44 76 112 108 88 48 48 52 72 48 68 76 68 76 56 84 60 72 60 56 56 56 80 72 72 68 72 68 56 116 52 56 36 56 52 56 72 72 56 64 88 48 56 64 52 44 64 60 28 52 80 48 56 68 52 72 68 76 72 60 1 1
3 allreduce 517 0 1 
3 alltoall 1 1 1 1
3 alltoallv 4096 52 68 80 52 48 40 84 72 104 36 48 64 52 88 68 60 32 48 64 96 44 80 48 100 40 56 52 56 68 56 72 60 52 96 92 84 44 72 68 92 56 56 52 40 92 68 32 64 76 56 80 52 68 56 76 64 44 80 96 32 52 88 72 56 4120 72 52 76 52 44 76 112 108 88 48 48 52 72 48 68 76 68 76 56 84 60 72 60 56 56 56 80 72 72 68 72 68 56 116 52 56 36 56 52 56 72 72 56 64 88 48 56 64 52 44 64 60 28 52 80 48 56 68 52 72 68 76 72 60 1 1
3 reduce 1 0 0 0 
3 irecv 2 1000 1 1
3 send 4 1000 1 1
3 wait 3 4 1000
3 reduce 1 0 0 1 
3 finalize
