45 init
45 bcast 1 0 1 
45 allreduce 517 0 1 
45 alltoall 1 1 1 1
45 alltoallv 4096 80 108 80 48 72 80 28 44 48 64 80 84 68 60 52 72 40 100 56 72 40 44 40 96 48 60 60 60 52 24 60 60 56 48 52 56 64 80 92 88 68 56 96 100 76 64 56 72 68 52 56 68 76 68 48 72 60 92 64 72 56 36 64 40 4488 92 84 64 68 80 48 48 60 60 64 112 56 52 76 68 68 60 72 68 64 84 92 60 68 68 80 80 92 68 52 52 52 64 72 56 116 80 52 72 64 96 88 60 84 52 64 64 76 68 80 48 68 76 84 80 72 76 64 88 80 48 72 64 48 1 1
45 allreduce 517 0 1 
45 alltoall 1 1 1 1
45 alltoallv 4096 80 108 80 48 72 80 28 44 48 64 80 84 68 60 52 72 40 100 56 72 40 44 40 96 48 60 60 60 52 24 60 60 56 48 52 56 64 80 92 88 68 56 96 100 76 64 56 72 68 52 56 68 76 68 48 72 60 92 64 72 56 36 64 40 4488 92 84 64 68 80 48 48 60 60 64 112 56 52 76 68 68 60 72 68 64 84 92 60 68 68 80 80 92 68 52 52 52 64 72 56 116 80 52 72 64 96 88 60 84 52 64 64 76 68 80 48 68 76 84 80 72 76 64 88 80 48 72 64 48 1 1
45 allreduce 517 0 1 
45 alltoall 1 1 1 1
45 alltoallv 4096 80 108 80 48 72 80 28 44 48 64 80 84 68 60 52 72 40 100 56 72 40 44 40 96 48 60 60 60 52 24 60 60 56 48 52 56 64 80 92 88 68 56 96 100 76 64 56 72 68 52 56 68 76 68 48 72 60 92 64 72 56 36 64 40 4488 92 84 64 68 80 48 48 60 60 64 112 56 52 76 68 68 60 72 68 64 84 92 60 68 68 80 80 92 68 52 52 52 64 72 56 116 80 52 72 64 96 88 60 84 52 64 64 76 68 80 48 68 76 84 80 72 76 64 88 80 48 72 64 48 1 1
45 allreduce 517 0 1 
45 alltoall 1 1 1 1
45 alltoallv 4096 80 108 80 48 72 80 28 44 48 64 80 84 68 60 52 72 40 100 56 72 40 44 40 96 48 60 60 60 52 24 60 60 56 48 52 56 64 80 92 88 68 56 96 100 76 64 56 72 68 52 56 68 76 68 48 72 60 92 64 72 56 36 64 40 4488 92 84 64 68 80 48 48 60 60 64 112 56 52 76 68 68 60 72 68 64 84 92 60 68 68 80 80 92 68 52 52 52 64 72 56 116 80 52 72 64 96 88 60 84 52 64 64 76 68 80 48 68 76 84 80 72 76 64 88 80 48 72 64 48 1 1
45 allreduce 517 0 1 
45 alltoall 1 1 1 1
45 alltoallv 4096 80 108 80 48 72 80 28 44 48 64 80 84 68 60 52 72 40 100 56 72 40 44 40 96 48 60 60 60 52 24 60 60 56 48 52 56 64 80 92 88 68 56 96 100 76 64 56 72 68 52 56 68 76 68 48 72 60 92 64 72 56 36 64 40 4488 92 84 64 68 80 48 48 60 60 64 112 56 52 76 68 68 60 72 68 64 84 92 60 68 68 80 80 92 68 52 52 52 64 72 56 116 80 52 72 64 96 88 60 84 52 64 64 76 68 80 48 68 76 84 80 72 76 64 88 80 48 72 64 48 1 1
45 allreduce 517 0 1 
45 alltoall 1 1 1 1
45 alltoallv 4096 80 108 80 48 72 80 28 44 48 64 80 84 68 60 52 72 40 100 56 72 40 44 40 96 48 60 60 60 52 24 60 60 56 48 52 56 64 80 92 88 68 56 96 100 76 64 56 72 68 52 56 68 76 68 48 72 60 92 64 72 56 36 64 40 4488 92 84 64 68 80 48 48 60 60 64 112 56 52 76 68 68 60 72 68 64 84 92 60 68 68 80 80 92 68 52 52 52 64 72 56 116 80 52 72 64 96 88 60 84 52 64 64 76 68 80 48 68 76 84 80 72 76 64 88 80 48 72 64 48 1 1
45 allreduce 517 0 1 
45 alltoall 1 1 1 1
45 alltoallv 4096 80 108 80 48 72 80 28 44 48 64 80 84 68 60 52 72 40 100 56 72 40 44 40 96 48 60 60 60 52 24 60 60 56 48 52 56 64 80 92 88 68 56 96 100 76 64 56 72 68 52 56 68 76 68 48 72 60 92 64 72 56 36 64 40 4488 92 84 64 68 80 48 48 60 60 64 112 56 52 76 68 68 60 72 68 64 84 92 60 68 68 80 80 92 68 52 52 52 64 72 56 116 80 52 72 64 96 88 60 84 52 64 64 76 68 80 48 68 76 84 80 72 76 64 88 80 48 72 64 48 1 1
45 allreduce 517 0 1 
45 alltoall 1 1 1 1
45 alltoallv 4096 80 108 80 48 72 80 28 44 48 64 80 84 68 60 52 72 40 100 56 72 40 44 40 96 48 60 60 60 52 24 60 60 56 48 52 56 64 80 92 88 68 56 96 100 76 64 56 72 68 52 56 68 76 68 48 72 60 92 64 72 56 36 64 40 4488 92 84 64 68 80 48 48 60 60 64 112 56 52 76 68 68 60 72 68 64 84 92 60 68 68 80 80 92 68 52 52 52 64 72 56 116 80 52 72 64 96 88 60 84 52 64 64 76 68 80 48 68 76 84 80 72 76 64 88 80 48 72 64 48 1 1
45 allreduce 517 0 1 
45 alltoall 1 1 1 1
45 alltoallv 4096 80 108 80 48 72 80 28 44 48 64 80 84 68 60 52 72 40 100 56 72 40 44 40 96 48 60 60 60 52 24 60 60 56 48 52 56 64 80 92 88 68 56 96 100 76 64 56 72 68 52 56 68 76 68 48 72 60 92 64 72 56 36 64 40 4488 92 84 64 68 80 48 48 60 60 64 112 56 52 76 68 68 60 72 68 64 84 92 60 68 68 80 80 92 68 52 52 52 64 72 56 116 80 52 72 64 96 88 60 84 52 64 64 76 68 80 48 68 76 84 80 72 76 64 88 80 48 72 64 48 1 1
45 allreduce 517 0 1 
45 alltoall 1 1 1 1
45 alltoallv 4096 80 108 80 48 72 80 28 44 48 64 80 84 68 60 52 72 40 100 56 72 40 44 40 96 48 60 60 60 52 24 60 60 56 48 52 56 64 80 92 88 68 56 96 100 76 64 56 72 68 52 56 68 76 68 48 72 60 92 64 72 56 36 64 40 4484 88 84 64 68 80 48 48 60 60 64 112 56 52 76 68 68 60 72 68 64 84 92 60 68 68 80 80 92 68 52 52 52 64 72 56 116 80 52 72 64 96 88 60 84 52 64 64 76 68 80 48 68 76 84 80 72 76 64 88 80 48 72 64 48 1 1
45 allreduce 517 0 1 
45 alltoall 1 1 1 1
45 alltoallv 4096 80 108 80 48 72 80 28 44 48 64 80 84 68 60 52 72 40 100 56 72 40 44 40 96 48 60 60 60 52 24 60 60 56 48 52 56 64 80 92 88 68 56 96 100 76 64 56 72 68 52 56 68 76 68 48 72 60 92 64 72 56 36 64 40 4484 88 84 64 68 80 48 48 60 60 64 112 56 52 76 68 68 60 72 68 64 84 92 60 68 68 80 80 92 68 52 52 52 64 72 56 116 80 52 72 64 96 88 60 84 52 64 64 76 68 80 48 68 76 84 80 72 76 64 88 80 48 72 64 48 1 1
45 reduce 1 0 0 0 
45 irecv 44 1000 1 1
45 send 46 1000 1 1
45 wait 45 46 1000
45 reduce 1 0 0 1 
45 finalize
