54 init
54 bcast 1 0 1 
54 allreduce 517 0 1 
54 alltoall 1 1 1 1
54 alltoallv 4096 68 60 56 80 76 84 56 64 80 80 64 44 76 80 52 68 40 92 68 52 68 44 44 72 68 32 72 40 48 48 84 68 72 72 88 52 68 56 56 72 36 40 60 56 88 80 36 72 60 64 92 68 76 48 68 80 44 76 52 64 56 96 56 64 4212 56 60 76 76 84 84 56 72 60 68 72 72 72 72 72 56 72 48 84 60 56 36 60 56 40 60 68 76 64 76 60 68 80 48 40 60 64 68 88 72 48 68 64 84 64 48 92 60 64 76 68 68 56 96 68 68 76 72 68 44 44 64 68 72 1 1
54 allreduce 517 0 1 
54 alltoall 1 1 1 1
54 alltoallv 4096 68 60 56 80 76 84 56 64 80 80 64 44 76 80 52 68 40 92 68 52 68 44 44 72 68 32 72 40 48 48 84 68 72 72 88 52 68 56 56 72 36 40 60 56 88 80 36 72 60 64 92 68 76 48 68 80 44 76 52 64 56 96 56 64 4212 56 60 76 76 84 84 56 72 60 68 72 72 72 72 72 56 72 48 84 60 56 36 60 56 40 60 68 76 64 76 60 68 80 48 40 60 64 68 88 72 48 68 64 84 64 48 92 60 64 76 68 68 56 96 68 68 76 72 68 44 44 64 68 72 1 1
54 allreduce 517 0 1 
54 alltoall 1 1 1 1
54 alltoallv 4096 68 60 56 80 76 84 56 64 80 80 64 44 76 80 52 68 40 92 68 52 68 44 44 72 68 32 72 40 48 48 84 68 72 72 88 52 68 56 56 72 36 40 60 56 88 80 36 72 60 64 92 68 76 48 68 80 44 76 52 64 56 96 56 64 4212 56 60 76 76 84 84 56 72 60 68 72 72 72 72 72 56 72 48 84 60 56 36 60 56 40 60 68 76 64 76 60 68 80 48 40 60 64 68 88 72 48 68 64 84 64 48 92 60 64 76 68 68 56 96 68 68 76 72 68 44 44 64 68 72 1 1
54 allreduce 517 0 1 
54 alltoall 1 1 1 1
54 alltoallv 4096 68 60 56 80 76 84 56 64 80 80 64 44 76 80 52 68 40 92 68 52 68 44 44 72 68 32 72 40 48 48 84 68 72 72 88 52 68 56 56 72 36 40 60 56 88 80 36 72 60 64 92 68 76 48 68 80 44 76 52 64 56 96 56 64 4208 52 60 76 76 84 84 56 72 60 68 72 72 72 72 72 56 72 48 84 60 56 36 60 56 40 60 68 76 64 76 60 68 80 48 40 60 64 68 88 72 48 68 64 84 64 48 92 60 64 76 68 68 56 96 68 68 76 72 68 44 44 64 68 72 1 1
54 allreduce 517 0 1 
54 alltoall 1 1 1 1
54 alltoallv 4096 68 60 56 80 76 84 56 64 80 80 64 44 76 80 52 68 40 92 68 52 68 44 44 72 68 32 72 40 48 48 84 68 72 72 88 52 68 56 56 72 36 40 60 56 88 80 36 72 60 64 92 68 76 48 68 80 44 76 52 64 56 96 56 64 4208 52 60 76 76 84 84 56 72 60 68 72 72 72 72 72 56 72 48 84 60 56 36 60 56 40 60 68 76 64 76 60 68 80 48 40 60 64 68 88 72 48 68 64 84 64 48 92 60 64 76 68 68 56 96 68 68 76 72 68 44 44 64 68 72 1 1
54 allreduce 517 0 1 
54 alltoall 1 1 1 1
54 alltoallv 4096 68 60 56 80 76 84 56 64 80 80 64 44 76 80 52 68 40 92 68 52 68 44 44 72 68 32 72 40 48 48 84 68 72 72 88 52 68 56 56 72 36 40 60 56 88 80 36 72 60 64 92 68 76 48 68 80 44 76 52 64 56 96 56 64 4208 52 60 76 76 84 84 56 72 60 68 72 72 72 72 72 56 72 48 84 60 56 36 60 56 40 60 68 76 64 76 60 68 80 48 40 60 64 68 88 72 48 68 64 84 64 48 92 60 64 76 68 68 56 96 68 68 76 72 68 44 44 64 68 72 1 1
54 allreduce 517 0 1 
54 alltoall 1 1 1 1
54 alltoallv 4096 68 60 56 80 76 84 56 64 80 80 64 44 76 80 52 68 40 92 68 52 68 44 44 72 68 32 72 40 48 48 84 68 72 72 88 52 68 56 56 72 36 40 60 56 88 80 36 72 60 64 92 68 76 48 68 80 44 76 52 64 56 96 56 64 4208 52 60 76 76 84 84 56 72 60 68 72 72 72 72 72 56 72 48 84 60 56 36 60 56 40 60 68 76 64 76 60 68 80 48 40 60 64 68 88 72 48 68 64 84 64 48 92 60 64 76 68 68 56 96 68 68 76 72 68 44 44 64 68 72 1 1
54 allreduce 517 0 1 
54 alltoall 1 1 1 1
54 alltoallv 4096 68 60 56 80 76 84 56 64 80 80 64 44 76 80 52 68 40 92 68 52 68 44 44 72 68 32 72 40 48 48 84 68 72 72 88 52 68 56 56 72 36 40 60 56 88 80 36 72 60 64 92 68 76 48 68 80 44 76 52 64 56 96 56 64 4208 52 60 76 76 84 84 56 72 60 68 72 72 72 72 72 56 72 48 84 60 56 36 60 56 40 60 68 76 64 76 60 68 80 48 40 60 64 68 88 72 48 68 64 84 64 48 92 60 64 76 68 68 56 96 68 68 76 72 68 44 44 64 68 72 1 1
54 allreduce 517 0 1 
54 alltoall 1 1 1 1
54 alltoallv 4096 68 60 56 80 76 84 56 64 80 80 64 44 76 80 52 68 40 92 68 52 68 44 44 72 68 32 72 40 48 48 84 68 72 72 88 52 68 56 56 72 36 40 60 56 88 80 36 72 60 64 92 68 76 48 68 80 44 76 52 64 56 96 56 64 4208 52 60 76 76 84 84 56 72 60 68 72 72 72 72 72 56 72 48 84 60 56 36 60 56 40 60 68 76 64 76 60 68 80 48 40 60 64 68 88 72 48 68 64 84 64 48 92 60 64 76 68 68 56 96 68 68 76 72 68 44 44 64 68 72 1 1
54 allreduce 517 0 1 
54 alltoall 1 1 1 1
54 alltoallv 4096 68 60 56 80 76 84 56 64 80 80 64 44 76 80 52 68 40 92 68 52 68 44 44 72 68 32 72 40 48 48 84 68 72 72 88 52 68 56 56 72 36 40 60 56 88 80 36 72 60 64 92 68 76 48 68 80 44 76 52 64 56 96 56 64 4208 52 60 76 76 84 84 56 72 60 68 72 72 72 72 72 56 72 48 84 60 56 36 60 56 40 60 68 76 64 76 60 68 80 48 40 60 64 68 88 72 48 68 64 84 64 48 92 60 64 76 68 68 56 96 68 68 76 72 68 44 44 64 68 72 1 1
54 allreduce 517 0 1 
54 alltoall 1 1 1 1
54 alltoallv 4096 68 60 56 80 76 84 56 64 80 80 64 44 76 80 52 68 40 92 68 52 68 44 44 72 68 32 72 40 48 48 84 68 72 72 88 52 68 56 56 72 36 40 60 56 88 80 36 72 60 64 92 68 76 48 68 80 44 76 52 64 56 96 56 64 4208 52 60 76 76 84 84 56 72 60 68 72 72 72 72 72 56 72 48 84 60 56 36 60 56 40 60 68 76 64 76 60 68 80 48 40 60 64 68 88 72 48 68 64 84 64 48 92 60 64 76 68 68 56 96 68 68 76 72 68 44 44 64 68 72 1 1
54 reduce 1 0 0 0 
54 irecv 53 1000 1 1
54 send 55 1000 1 1
54 wait 54 55 1000
54 reduce 1 0 0 1 
54 finalize
