5 init
5 bcast 1 0 1 
5 allreduce 517 0 1 
5 alltoall 1 1 1 1
5 alltoallv 4096 68 48 52 76 84 56 60 72 48 76 68 96 60 120 44 52 56 48 56 64 64 56 24 68 56 40 60 80 60 36 80 60 68 44 56 36 52 60 60 132 52 68 56 60 60 48 36 100 52 52 88 96 64 40 84 100 64 64 92 88 56 60 68 52 3976 56 100 44 40 56 56 52 32 44 84 84 64 84 64 44 48 44 48 56 56 56 44 80 56 64 60 64 100 84 56 76 36 80 56 44 80 76 60 56 60 56 88 60 64 52 80 48 40 56 32 56 72 92 76 84 64 60 76 44 76 68 48 64 76 1 1
5 allreduce 517 0 1 
5 alltoall 1 1 1 1
5 alltoallv 4096 68 48 52 76 84 56 60 72 48 76 68 96 60 120 44 52 56 48 56 64 64 56 24 68 56 40 60 80 60 36 80 60 68 44 56 36 52 60 60 132 52 68 56 60 60 48 36 100 52 52 88 96 64 40 84 100 64 64 92 88 56 60 68 52 3976 56 100 44 40 56 56 52 32 44 84 84 64 84 64 44 48 44 48 56 56 56 44 80 56 64 60 64 100 84 56 76 36 80 56 44 80 76 60 56 60 56 88 60 64 52 80 48 40 56 32 56 72 92 76 84 64 60 76 44 76 68 48 64 76 1 1
5 allreduce 517 0 1 
5 alltoall 1 1 1 1
5 alltoallv 4096 68 48 52 76 84 56 60 72 48 76 68 96 60 120 44 52 56 48 56 64 64 56 24 68 56 40 60 80 60 36 80 60 68 44 56 36 52 60 60 132 52 68 56 60 60 48 36 100 52 52 88 96 64 40 84 100 64 64 92 88 56 60 68 52 3976 56 100 44 40 56 56 52 32 44 84 84 64 84 64 44 48 44 48 56 56 56 44 80 56 64 60 64 100 84 56 76 36 80 56 44 80 76 60 56 60 56 88 60 64 52 80 48 40 56 32 56 72 92 76 84 64 60 76 44 76 68 48 64 76 1 1
5 allreduce 517 0 1 
5 alltoall 1 1 1 1
5 alltoallv 4096 68 48 52 76 84 56 60 72 48 76 68 96 60 120 44 52 56 48 56 64 64 56 24 68 56 40 60 80 60 36 80 60 68 44 56 36 52 60 60 132 52 68 56 60 60 48 36 100 52 52 88 96 64 40 84 100 64 64 92 88 56 60 68 52 3976 56 100 44 40 56 56 52 32 44 84 84 64 84 64 44 48 44 48 56 56 56 44 80 56 64 60 64 100 84 56 76 36 80 56 44 80 76 60 56 60 56 88 60 64 52 80 48 40 56 32 56 72 92 76 84 64 60 76 44 76 68 48 64 76 1 1
5 allreduce 517 0 1 
5 alltoall 1 1 1 1
5 alltoallv 4096 68 48 52 76 84 56 60 72 48 76 68 96 60 120 44 52 56 48 56 64 64 56 24 68 56 40 60 80 60 36 80 60 68 44 56 36 52 60 60 132 52 68 56 60 60 48 36 100 52 52 88 96 64 40 84 100 64 64 92 88 56 60 68 52 3976 56 100 44 40 56 56 52 32 44 84 84 64 84 64 44 48 44 48 56 56 56 44 80 56 64 60 64 100 84 56 76 36 80 56 44 80 76 60 56 60 56 88 60 64 52 80 48 40 56 32 56 72 92 76 84 64 60 76 44 76 68 48 64 76 1 1
5 allreduce 517 0 1 
5 alltoall 1 1 1 1
5 alltoallv 4096 68 48 52 76 84 56 60 72 48 76 68 96 60 120 44 52 56 48 56 64 64 56 24 68 56 40 60 80 60 36 80 60 68 44 56 36 52 60 60 132 52 68 56 60 60 48 36 100 52 52 88 96 64 40 84 100 64 64 92 88 56 60 68 52 3976 56 100 44 40 56 56 52 32 44 84 84 64 84 64 44 48 44 48 56 56 56 44 80 56 64 60 64 100 84 56 76 36 80 56 44 80 76 60 56 60 56 88 60 64 52 80 48 40 56 32 56 72 92 76 84 64 60 76 44 76 68 48 64 76 1 1
5 allreduce 517 0 1 
5 alltoall 1 1 1 1
5 alltoallv 4096 68 48 52 76 84 56 60 72 48 76 68 96 60 120 44 52 56 48 56 64 64 56 24 68 56 40 60 80 60 36 80 60 68 44 56 36 52 60 60 132 52 68 56 60 60 48 36 100 52 52 88 96 64 40 84 100 64 64 92 88 56 60 68 52 3976 56 100 44 40 56 56 52 32 44 84 84 64 84 64 44 48 44 48 56 56 56 44 80 56 64 60 64 100 84 56 76 36 80 56 44 80 76 60 56 60 56 88 60 64 52 80 48 40 56 32 56 72 92 76 84 64 60 76 44 76 68 48 64 76 1 1
5 allreduce 517 0 1 
5 alltoall 1 1 1 1
5 alltoallv 4096 68 48 52 76 84 56 60 72 48 76 68 96 60 120 44 52 56 48 56 64 64 56 24 68 56 40 60 80 60 36 80 60 68 44 56 36 52 60 60 132 52 68 56 60 60 48 36 100 52 52 88 96 64 40 84 100 64 64 92 88 56 60 68 52 3976 56 100 44 40 56 56 52 32 44 84 84 64 84 64 44 48 44 48 56 56 56 44 80 56 64 60 64 100 84 56 76 36 80 56 44 80 76 60 56 60 56 88 60 64 52 80 48 40 56 32 56 72 92 76 84 64 60 76 44 76 68 48 64 76 1 1
5 allreduce 517 0 1 
5 alltoall 1 1 1 1
5 alltoallv 4096 68 48 52 76 84 56 60 72 48 76 68 96 60 120 44 52 56 48 56 64 64 56 24 68 56 40 60 80 60 36 80 60 68 44 56 36 52 60 60 132 52 68 56 60 60 48 36 100 52 52 88 96 64 40 84 100 64 64 92 88 56 60 68 52 3976 56 100 44 40 56 56 52 32 44 84 84 64 84 64 44 48 44 48 56 56 56 44 80 56 64 60 64 100 84 56 76 36 80 56 44 80 76 60 56 60 56 88 60 64 52 80 48 40 56 32 56 72 92 76 84 64 60 76 44 76 68 48 64 76 1 1
5 allreduce 517 0 1 
5 alltoall 1 1 1 1
5 alltoallv 4096 68 48 52 76 84 56 60 72 48 76 68 96 60 120 44 52 56 48 56 64 64 56 24 68 56 40 60 80 60 36 80 60 68 44 56 36 52 60 60 132 52 68 56 60 60 48 36 100 52 52 88 96 64 40 84 100 64 64 92 88 56 60 68 52 3976 56 100 44 40 56 56 52 32 44 84 84 64 84 64 44 48 44 48 56 56 56 44 80 56 64 60 64 100 84 56 76 36 80 56 44 80 76 60 56 60 56 88 60 64 52 80 48 40 56 32 56 72 92 76 84 64 60 76 44 76 68 48 64 76 1 1
5 allreduce 517 0 1 
5 alltoall 1 1 1 1
5 alltoallv 4096 68 48 52 76 84 56 60 72 48 76 68 96 60 120 44 52 56 48 56 64 64 56 24 68 56 40 60 80 60 36 80 60 68 44 56 36 52 60 60 132 52 68 56 60 60 48 36 100 52 52 88 96 64 40 84 100 64 64 92 88 56 60 68 52 3976 56 100 44 40 56 56 52 32 44 84 84 64 84 64 44 48 44 48 56 56 56 44 80 56 64 60 64 100 84 56 76 36 80 56 44 80 76 60 56 60 56 88 60 64 52 80 48 40 56 32 56 72 92 76 84 64 60 76 44 76 68 48 64 76 1 1
5 reduce 1 0 0 0 
5 irecv 4 1000 1 1
5 send 6 1000 1 1
5 wait 5 6 1000
5 reduce 1 0 0 1 
5 finalize
