27 init
27 bcast 1 0 1 
27 allreduce 517 0 1 
27 alltoall 1 1 1 1
27 alltoallv 4096 100 68 68 72 48 100 64 56 80 100 64 56 84 68 72 68 44 60 48 64 52 108 52 68 60 88 52 48 68 40 36 88 52 48 60 56 64 48 40 88 48 60 68 52 68 92 36 48 84 36 104 72 72 60 76 76 68 60 20 40 36 80 80 60 4032 68 44 64 56 68 80 56 68 64 80 52 68 64 76 80 48 56 68 48 48 44 76 64 52 56 64 76 48 68 40 76 56 76 96 68 60 104 80 60 28 88 56 60 80 80 60 64 64 56 72 52 72 88 44 40 60 44 48 44 44 64 64 68 72 1 1
27 allreduce 517 0 1 
27 alltoall 1 1 1 1
27 alltoallv 4096 100 68 68 72 48 100 64 56 80 100 64 56 84 68 72 68 44 60 48 64 52 108 52 68 60 88 52 48 68 40 36 88 52 48 60 56 64 48 40 88 48 60 68 52 68 92 36 48 84 36 104 72 72 60 76 76 68 60 20 40 36 80 80 60 4032 68 44 64 56 68 80 56 68 64 80 52 68 64 76 80 48 56 68 48 48 44 76 64 52 56 64 76 48 68 40 76 56 76 96 68 60 104 80 60 28 88 56 60 80 80 60 64 64 56 72 52 72 88 44 40 60 44 48 44 44 64 64 68 72 1 1
27 allreduce 517 0 1 
27 alltoall 1 1 1 1
27 alltoallv 4096 100 68 68 72 48 100 64 56 80 100 64 56 84 68 72 68 44 60 48 64 52 108 52 68 60 88 52 48 68 40 36 88 52 48 60 56 64 48 40 88 48 60 68 52 68 92 36 48 84 36 104 72 72 60 76 76 68 60 20 40 36 80 80 60 4032 68 44 64 56 68 80 56 68 64 80 52 68 64 76 80 48 56 68 48 48 44 76 64 52 56 64 76 48 68 40 76 56 76 96 68 60 104 80 60 28 88 56 60 80 80 60 64 64 56 72 52 72 88 44 40 60 44 48 44 44 64 64 68 72 1 1
27 allreduce 517 0 1 
27 alltoall 1 1 1 1
27 alltoallv 4096 100 68 68 72 48 100 64 56 80 100 64 56 84 68 72 68 44 60 48 64 52 108 52 68 60 88 52 48 68 40 36 88 52 48 60 56 64 48 40 88 48 60 68 52 68 92 36 48 84 36 104 72 72 60 76 76 68 60 20 40 36 80 80 60 4032 68 44 64 56 68 80 56 68 64 80 52 68 64 76 80 48 56 68 48 48 44 76 64 52 56 64 76 48 68 40 76 56 76 96 68 60 104 80 60 28 88 56 60 80 80 60 64 64 56 72 52 72 88 44 40 60 44 48 44 44 64 64 68 72 1 1
27 allreduce 517 0 1 
27 alltoall 1 1 1 1
27 alltoallv 4096 100 68 68 72 48 100 64 56 80 100 64 56 84 68 72 68 44 60 48 64 52 108 52 68 60 88 52 48 68 40 36 88 52 48 60 56 64 48 40 88 48 60 68 52 68 92 36 48 84 36 104 72 72 60 76 76 68 60 20 40 36 80 80 60 4032 68 44 64 56 68 80 56 68 64 80 52 68 64 76 80 48 56 68 48 48 44 76 64 52 56 64 76 48 68 40 76 56 76 96 68 60 104 80 60 28 88 56 60 80 80 60 64 64 56 72 52 72 88 44 40 60 44 48 44 44 64 64 68 72 1 1
27 allreduce 517 0 1 
27 alltoall 1 1 1 1
27 alltoallv 4096 100 68 68 72 48 100 64 56 80 100 64 56 84 68 72 68 44 60 48 64 52 108 52 68 60 88 52 48 68 40 36 88 52 48 60 56 64 48 40 88 48 60 68 52 68 92 36 48 84 36 104 72 72 60 76 76 68 60 20 40 36 80 80 60 4032 68 44 64 56 68 80 56 68 64 80 52 68 64 76 80 48 56 68 48 48 44 76 64 52 56 64 76 48 68 40 76 56 76 96 68 60 104 80 60 28 88 56 60 80 80 60 64 64 56 72 52 72 88 44 40 60 44 48 44 44 64 64 68 72 1 1
27 allreduce 517 0 1 
27 alltoall 1 1 1 1
27 alltoallv 4096 100 68 68 72 48 100 64 56 80 100 64 56 84 68 72 68 44 60 48 64 52 108 52 68 60 88 52 48 68 40 36 88 52 48 60 56 64 48 40 88 48 60 68 52 68 92 36 48 84 36 104 72 72 60 76 76 68 60 20 40 36 80 80 60 4032 68 44 64 56 68 80 56 68 64 80 52 68 64 76 80 48 56 68 48 48 44 76 64 52 56 64 76 48 68 40 76 56 76 96 68 60 104 80 60 28 88 56 60 80 80 60 64 64 56 72 52 72 88 44 40 60 44 48 44 44 64 64 68 72 1 1
27 allreduce 517 0 1 
27 alltoall 1 1 1 1
27 alltoallv 4096 100 68 68 72 48 100 64 56 80 100 64 56 84 68 72 68 44 60 48 64 52 108 52 68 60 88 52 48 68 40 36 88 52 48 60 56 64 48 40 88 48 60 68 52 68 92 36 48 84 36 104 72 72 60 76 76 68 60 20 40 36 80 80 60 4032 68 44 64 56 68 80 56 68 64 80 52 68 64 76 80 48 56 68 48 48 44 76 64 52 56 64 76 48 68 40 76 56 76 96 68 60 104 80 60 28 88 56 60 80 80 60 64 64 56 72 52 72 88 44 40 60 44 48 44 44 64 64 68 72 1 1
27 allreduce 517 0 1 
27 alltoall 1 1 1 1
27 alltoallv 4096 100 68 68 72 48 100 64 56 80 100 64 56 84 68 72 68 44 60 48 64 52 108 52 68 60 88 52 48 68 40 36 88 52 48 60 56 64 48 40 88 48 60 68 52 68 92 36 48 84 36 104 72 72 60 76 76 68 60 20 40 36 80 80 60 4032 68 44 64 56 68 80 56 68 64 80 52 68 64 76 80 48 56 68 48 48 44 76 64 52 56 64 76 48 68 40 76 56 76 96 68 60 104 80 60 28 88 56 60 80 80 60 64 64 56 72 52 72 88 44 40 60 44 48 44 44 64 64 68 72 1 1
27 allreduce 517 0 1 
27 alltoall 1 1 1 1
27 alltoallv 4096 100 68 68 72 48 100 64 56 80 100 64 56 84 68 72 68 44 60 48 64 52 108 52 68 60 88 52 48 68 40 36 88 52 48 60 56 64 48 40 88 48 60 68 52 68 92 36 48 84 36 104 72 72 60 76 76 68 60 20 40 36 80 80 60 4032 68 44 64 56 68 80 56 68 64 80 52 68 64 76 80 48 56 68 48 48 44 76 64 52 56 64 76 48 68 40 76 56 76 96 68 60 104 80 60 28 88 56 60 80 80 60 64 64 56 72 52 72 88 44 40 60 44 48 44 44 64 64 68 72 1 1
27 allreduce 517 0 1 
27 alltoall 1 1 1 1
27 alltoallv 4096 100 68 68 72 48 100 64 56 80 100 64 56 84 68 72 68 44 60 48 64 52 108 52 68 60 88 52 48 68 40 36 88 52 48 60 56 64 48 40 88 48 60 68 52 68 92 36 48 84 36 104 72 72 60 76 76 68 60 20 40 36 80 80 60 4032 68 44 64 56 68 80 56 68 64 80 52 68 64 76 80 48 56 68 48 48 44 76 64 52 56 64 76 48 68 40 76 56 76 96 68 60 104 80 60 28 88 56 60 80 80 60 64 64 56 72 52 72 88 44 40 60 44 48 44 44 64 64 68 72 1 1
27 reduce 1 0 0 0 
27 irecv 26 1000 1 1
27 send 28 1000 1 1
27 wait 27 28 1000
27 reduce 1 0 0 1 
27 finalize
