33 init
33 bcast 1 0 1 
33 allreduce 517 0 1 
33 alltoall 1 1 1 1
33 alltoallv 4096 64 40 56 116 56 56 36 48 68 84 76 56 56 116 76 76 76 64 56 72 60 44 56 52 56 56 60 96 92 92 48 68 44 56 72 100 52 68 60 84 52 60 44 64 60 72 44 84 76 52 48 72 68 56 48 64 52 52 80 48 72 60 56 48 4056 48 68 56 96 84 44 84 64 76 56 64 64 56 72 56 56 44 76 44 64 76 52 72 52 68 52 112 48 56 76 60 44 72 56 44 52 36 60 64 40 80 76 64 68 60 48 44 88 68 88 68 68 64 64 72 72 60 64 76 60 60 56 52 72 1 1
33 allreduce 517 0 1 
33 alltoall 1 1 1 1
33 alltoallv 4096 64 40 56 116 56 56 36 48 68 84 76 56 56 116 76 76 76 64 56 72 60 44 56 52 56 56 60 96 92 92 48 68 44 56 72 100 52 68 60 84 52 60 44 64 60 72 44 84 76 52 48 72 68 56 48 64 52 52 80 48 72 60 56 48 4056 48 68 56 96 84 44 84 64 76 56 64 64 56 72 56 56 44 76 44 64 76 52 72 52 68 52 112 48 56 76 60 44 72 56 44 52 36 60 64 40 80 76 64 68 60 48 44 88 68 88 68 68 64 64 72 72 60 64 76 60 60 56 52 72 1 1
33 allreduce 517 0 1 
33 alltoall 1 1 1 1
33 alltoallv 4096 64 40 56 116 56 56 36 48 68 84 76 56 56 116 76 76 76 64 56 72 60 44 56 52 56 56 60 96 92 92 48 68 44 56 72 100 52 68 60 84 52 60 44 64 60 72 44 84 76 52 48 72 68 56 48 64 52 52 80 48 72 60 56 48 4056 48 68 56 96 84 44 84 64 76 56 64 64 56 72 56 56 44 76 44 64 76 52 72 52 68 52 112 48 56 76 60 44 72 56 44 52 36 60 64 40 80 76 64 68 60 48 44 88 68 88 68 68 64 64 72 72 60 64 76 60 60 56 52 72 1 1
33 allreduce 517 0 1 
33 alltoall 1 1 1 1
33 alltoallv 4096 64 40 56 116 56 56 36 48 68 84 76 56 56 116 76 76 76 64 56 72 60 44 56 52 56 56 60 96 92 92 48 68 44 56 72 100 52 68 60 84 52 60 44 64 60 72 44 84 76 52 48 72 68 56 48 64 52 52 80 48 72 60 56 48 4056 48 68 56 96 84 44 84 64 76 56 64 64 56 72 56 56 44 76 44 64 76 52 72 52 68 52 112 48 56 76 60 44 72 56 44 52 36 60 64 40 80 76 64 68 60 48 44 88 68 88 68 68 64 64 72 72 60 64 76 60 60 56 52 72 1 1
33 allreduce 517 0 1 
33 alltoall 1 1 1 1
33 alltoallv 4096 64 40 56 116 56 56 36 48 68 84 76 56 56 116 76 76 76 64 56 72 60 44 56 52 56 56 60 96 92 92 48 68 44 56 72 100 52 68 60 84 52 60 44 64 60 72 44 84 76 52 48 72 68 56 48 64 52 52 80 48 72 60 56 48 4056 48 68 56 96 84 44 84 64 76 56 64 64 56 72 56 56 44 76 44 64 76 52 72 52 68 52 112 48 56 76 60 44 72 56 44 52 36 60 64 40 80 76 64 68 60 48 44 88 68 88 68 68 64 64 72 72 60 64 76 60 60 56 52 72 1 1
33 allreduce 517 0 1 
33 alltoall 1 1 1 1
33 alltoallv 4096 64 40 56 116 56 56 36 48 68 84 76 56 56 116 76 76 76 64 56 72 60 44 56 52 56 56 60 96 92 92 48 68 44 56 72 100 52 68 60 84 52 60 44 64 60 72 44 84 76 52 48 72 68 56 48 64 52 52 80 48 72 60 56 48 4056 48 68 56 96 84 44 84 64 76 56 64 64 56 72 56 56 44 76 44 64 76 52 72 52 68 52 112 48 56 76 60 44 72 56 44 52 36 60 64 40 80 76 64 68 60 48 44 88 68 88 68 68 64 64 72 72 60 64 76 60 60 56 52 72 1 1
33 allreduce 517 0 1 
33 alltoall 1 1 1 1
33 alltoallv 4096 64 40 56 116 56 56 36 48 68 84 76 56 56 116 76 76 76 64 56 72 60 44 56 52 56 56 60 96 92 92 48 68 44 56 72 100 52 68 60 84 52 60 44 64 60 72 44 84 76 52 48 72 68 56 48 64 52 52 80 48 72 60 56 48 4056 48 68 56 96 84 44 84 64 76 56 64 64 56 72 56 56 44 76 44 64 76 52 72 52 68 52 112 48 56 76 60 44 72 56 44 52 36 60 64 40 80 76 64 68 60 48 44 88 68 88 68 68 64 64 72 72 60 64 76 60 60 56 52 72 1 1
33 allreduce 517 0 1 
33 alltoall 1 1 1 1
33 alltoallv 4096 64 40 56 116 56 56 36 48 68 84 76 56 56 116 76 76 76 64 56 72 60 44 56 52 56 56 60 96 92 92 48 68 44 56 72 100 52 68 60 84 52 60 44 64 60 72 44 84 76 52 48 72 68 56 48 64 52 52 80 48 72 60 56 48 4056 48 68 56 96 84 44 84 64 76 56 64 64 56 72 56 56 44 76 44 64 76 52 72 52 68 52 112 48 56 76 60 44 72 56 44 52 36 60 64 40 80 76 64 68 60 48 44 88 68 88 68 68 64 64 72 72 60 64 76 60 60 56 52 72 1 1
33 allreduce 517 0 1 
33 alltoall 1 1 1 1
33 alltoallv 4096 64 40 56 116 56 56 36 48 68 84 76 56 56 116 76 76 76 64 56 72 60 44 56 52 56 56 60 96 92 92 48 68 44 56 72 100 52 68 60 84 52 60 44 64 60 72 44 84 76 52 48 72 68 56 48 64 52 52 80 48 72 60 56 48 4056 48 68 56 96 84 44 84 64 76 56 64 64 56 72 56 56 44 76 44 64 76 52 72 52 68 52 112 48 56 76 60 44 72 56 44 52 36 60 64 40 80 76 64 68 60 48 44 88 68 88 68 68 64 64 72 72 60 64 76 60 60 56 52 72 1 1
33 allreduce 517 0 1 
33 alltoall 1 1 1 1
33 alltoallv 4096 64 40 56 116 56 56 36 48 68 84 76 56 56 116 76 76 76 64 56 72 60 44 56 52 56 56 60 96 92 92 48 68 44 56 72 100 52 68 60 84 52 60 44 64 60 72 44 84 76 52 48 72 68 56 48 64 52 52 80 48 72 60 56 48 4056 48 68 56 96 84 44 84 64 76 56 64 64 56 72 56 56 44 76 44 64 76 52 72 52 68 52 112 48 56 76 60 44 72 56 44 52 36 60 64 40 80 76 64 68 60 48 44 88 68 88 68 68 64 64 72 72 60 64 76 60 60 56 52 72 1 1
33 allreduce 517 0 1 
33 alltoall 1 1 1 1
33 alltoallv 4096 64 40 56 116 56 56 36 48 68 84 76 56 56 116 76 76 76 64 56 72 60 44 56 52 56 56 60 96 92 92 48 68 44 56 72 100 52 68 60 84 52 60 44 64 60 72 44 84 76 52 48 72 68 56 48 64 52 52 80 48 72 60 56 48 4056 48 68 56 96 84 44 84 64 76 56 64 64 56 72 56 56 44 76 44 64 76 52 72 52 68 52 112 48 56 76 60 44 72 56 44 52 36 60 64 40 80 76 64 68 60 48 44 88 68 88 68 68 64 64 72 72 60 64 76 60 60 56 52 72 1 1
33 reduce 1 0 0 0 
33 irecv 32 1000 1 1
33 send 34 1000 1 1
33 wait 33 34 1000
33 reduce 1 0 0 1 
33 finalize
