51 init
51 bcast 1 0 1 
51 allreduce 517 0 1 
51 alltoall 1 1 1 1
51 alltoallv 4096 44 80 52 60 68 72 72 28 68 52 76 76 36 84 64 60 32 100 60 76 44 28 100 64 72 40 88 72 60 100 88 68 56 68 64 48 56 92 64 84 64 40 68 44 56 68 48 64 68 68 44 56 60 68 68 60 84 60 72 48 56 68 76 72 3928 40 64 68 52 84 96 60 72 64 56 40 44 56 52 80 76 48 48 84 52 60 72 76 32 48 56 52 72 64 16 48 56 72 72 64 48 64 80 36 44 64 64 88 52 52 68 68 52 60 64 52 56 76 80 68 60 60 88 44 52 64 88 48 92 1 1
51 allreduce 517 0 1 
51 alltoall 1 1 1 1
51 alltoallv 4096 44 80 52 60 68 72 72 28 68 52 76 76 36 84 64 60 32 100 60 76 44 28 100 64 72 40 88 72 60 100 88 68 56 68 64 48 56 92 64 84 64 40 68 44 56 68 48 64 68 68 44 56 60 68 68 60 84 60 72 48 56 68 76 72 3928 40 64 68 52 84 96 60 72 64 56 40 44 56 52 80 76 48 48 84 52 60 72 76 32 48 56 52 72 64 16 48 56 72 72 64 48 64 80 36 44 64 64 88 52 52 68 68 52 60 64 52 56 76 80 68 60 60 88 44 52 64 88 48 92 1 1
51 allreduce 517 0 1 
51 alltoall 1 1 1 1
51 alltoallv 4096 44 80 52 60 68 72 72 28 68 52 76 76 36 84 64 60 32 100 60 76 44 28 100 64 72 40 88 72 60 100 88 68 56 68 64 48 56 92 64 84 64 40 68 44 56 68 48 64 68 68 44 56 60 68 68 60 84 60 72 48 56 68 76 72 3928 40 64 68 52 84 96 60 72 64 56 40 44 56 52 80 76 48 48 84 52 60 72 76 32 48 56 52 72 64 16 48 56 72 72 64 48 64 80 36 44 64 64 88 52 52 68 68 52 60 64 52 56 76 80 68 60 60 88 44 52 64 88 48 92 1 1
51 allreduce 517 0 1 
51 alltoall 1 1 1 1
51 alltoallv 4096 44 80 52 60 68 72 72 28 68 52 76 76 36 84 64 60 32 100 60 76 44 28 100 64 72 40 88 72 60 100 88 68 56 68 64 48 56 92 64 84 64 40 68 44 56 68 48 64 68 68 44 56 60 68 68 60 84 60 72 48 56 68 76 72 3928 40 64 68 52 84 96 60 72 64 56 40 44 56 52 80 76 48 48 84 52 60 72 76 32 48 56 52 72 64 16 48 56 72 72 64 48 64 80 36 44 64 64 88 52 52 68 68 52 60 64 52 56 76 80 68 60 60 88 44 52 64 88 48 92 1 1
51 allreduce 517 0 1 
51 alltoall 1 1 1 1
51 alltoallv 4096 44 80 52 60 68 72 72 28 68 52 76 76 36 84 64 60 32 100 60 76 44 28 100 64 72 40 88 72 60 100 88 68 56 68 64 48 56 92 64 84 64 40 68 44 56 68 48 64 68 68 44 56 60 68 68 60 84 60 72 48 56 68 76 72 3928 40 64 68 52 84 96 60 72 64 56 40 44 56 52 80 76 48 48 84 52 60 72 76 32 48 56 52 72 64 16 48 56 72 72 64 48 64 80 36 44 64 64 88 52 52 68 68 52 60 64 52 56 76 80 68 60 60 88 44 52 64 88 48 92 1 1
51 allreduce 517 0 1 
51 alltoall 1 1 1 1
51 alltoallv 4096 44 80 52 60 68 72 72 28 68 52 76 76 36 84 64 60 32 100 60 76 44 28 100 64 72 40 88 72 60 100 88 68 56 68 64 48 56 92 64 84 64 40 68 44 56 68 48 64 68 68 44 56 60 68 68 60 84 60 72 48 56 68 76 72 3928 40 64 68 52 84 96 60 72 64 56 40 44 56 52 80 76 48 48 84 52 60 72 76 32 48 56 52 72 64 16 48 56 72 72 64 48 64 80 36 44 64 64 88 52 52 68 68 52 60 64 52 56 76 80 68 60 60 88 44 52 64 88 48 92 1 1
51 allreduce 517 0 1 
51 alltoall 1 1 1 1
51 alltoallv 4096 44 80 52 60 68 72 72 28 68 52 76 76 36 84 64 60 32 100 60 76 44 28 100 64 72 40 88 72 60 100 88 68 56 68 64 48 56 92 64 84 64 40 68 44 56 68 48 64 68 68 44 56 60 68 68 60 84 60 72 48 56 68 76 72 3928 40 64 68 52 84 96 60 72 64 56 40 44 56 52 80 76 48 48 84 52 60 72 76 32 48 56 52 72 64 16 48 56 72 72 64 48 64 80 36 44 64 64 88 52 52 68 68 52 60 64 52 56 76 80 68 60 60 88 44 52 64 88 48 92 1 1
51 allreduce 517 0 1 
51 alltoall 1 1 1 1
51 alltoallv 4096 44 80 52 60 68 72 72 28 68 52 76 76 36 84 64 60 32 100 60 76 44 28 100 64 72 40 88 72 60 100 88 68 56 68 64 48 56 92 64 84 64 40 68 44 56 68 48 64 68 68 44 56 60 68 68 60 84 60 72 48 56 68 76 72 3928 40 64 68 52 84 96 60 72 64 56 40 44 56 52 80 76 48 48 84 52 60 72 76 32 48 56 52 72 64 16 48 56 72 72 64 48 64 80 36 44 64 64 88 52 52 68 68 52 60 64 52 56 76 80 68 60 60 88 44 52 64 88 48 92 1 1
51 allreduce 517 0 1 
51 alltoall 1 1 1 1
51 alltoallv 4096 44 80 52 60 68 72 72 28 68 52 76 76 36 84 64 60 32 100 60 76 44 28 100 64 72 40 88 72 60 100 88 68 56 68 64 48 56 92 64 84 64 40 68 44 56 68 48 64 68 68 44 56 60 68 68 60 84 60 72 48 56 68 76 72 3928 40 64 68 52 84 96 60 72 64 56 40 44 56 52 80 76 48 48 84 52 60 72 76 32 48 56 52 72 64 16 48 56 72 72 64 48 64 80 36 44 64 64 88 52 52 68 68 52 60 64 52 56 76 80 68 60 60 88 44 52 64 88 48 92 1 1
51 allreduce 517 0 1 
51 alltoall 1 1 1 1
51 alltoallv 4096 44 80 52 60 68 72 72 28 68 52 76 76 36 84 64 60 32 100 60 76 44 28 100 64 72 40 88 72 60 100 88 68 56 68 64 48 56 92 64 84 64 40 68 44 56 68 48 64 68 68 44 56 60 68 68 60 84 60 72 48 56 68 76 72 3928 40 64 68 52 84 96 60 72 64 56 40 44 56 52 80 76 48 48 84 52 60 72 76 32 48 56 52 72 64 16 48 56 72 72 64 48 64 80 36 44 64 64 88 52 52 68 68 52 60 64 52 56 76 80 68 60 60 88 44 52 64 88 48 92 1 1
51 allreduce 517 0 1 
51 alltoall 1 1 1 1
51 alltoallv 4096 44 80 52 60 68 72 72 28 68 52 76 76 36 84 64 60 32 100 60 76 44 28 100 64 72 40 88 72 60 100 88 68 56 68 64 48 56 92 64 84 64 40 68 44 56 68 48 64 68 68 44 56 60 68 68 60 84 60 72 48 56 68 76 72 3928 40 64 68 52 84 96 60 72 64 56 40 44 56 52 80 76 48 48 84 52 60 72 76 32 48 56 52 72 64 16 48 56 72 72 64 48 64 80 36 44 64 64 88 52 52 68 68 52 60 64 52 56 76 80 68 60 60 88 44 52 64 88 48 92 1 1
51 reduce 1 0 0 0 
51 irecv 50 1000 1 1
51 send 52 1000 1 1
51 wait 51 52 1000
51 reduce 1 0 0 1 
51 finalize
