2 init
2 bcast 1 0 1 
2 allreduce 517 0 1 
2 alltoall 1 1 1 1
2 alltoallv 65536 16592 16308 16656 15980 65480 16432 16064 16656 16328 1 1
2 allreduce 517 0 1 
2 alltoall 1 1 1 1
2 alltoallv 65536 16592 16308 16656 15980 65480 16432 16064 16656 16328 1 1
2 allreduce 517 0 1 
2 alltoall 1 1 1 1
2 alltoallv 65536 16592 16308 16656 15980 65476 16428 16064 16656 16328 1 1
2 allreduce 517 0 1 
2 alltoall 1 1 1 1
2 alltoallv 65536 16592 16308 16656 15980 65476 16428 16064 16656 16328 1 1
2 allreduce 517 0 1 
2 alltoall 1 1 1 1
2 alltoallv 65536 16592 16308 16656 15980 65472 16424 16064 16656 16328 1 1
2 allreduce 517 0 1 
2 alltoall 1 1 1 1
2 alltoallv 65536 16592 16308 16656 15980 65468 16420 16064 16656 16328 1 1
2 allreduce 517 0 1 
2 alltoall 1 1 1 1
2 alltoallv 65536 16592 16308 16656 15980 65468 16420 16064 16656 16328 1 1
2 allreduce 517 0 1 
2 alltoall 1 1 1 1
2 alltoallv 65536 16592 16308 16656 15980 65468 16420 16064 16656 16328 1 1
2 allreduce 517 0 1 
2 alltoall 1 1 1 1
2 alltoallv 65536 16592 16308 16656 15980 65464 16416 16064 16656 16328 1 1
2 allreduce 517 0 1 
2 alltoall 1 1 1 1
2 alltoallv 65536 16592 16308 16656 15980 65460 16412 16064 16656 16328 1 1
2 allreduce 517 0 1 
2 alltoall 1 1 1 1
2 alltoallv 65536 16592 16308 16656 15980 65460 16412 16064 16656 16328 1 1
2 reduce 1 0 0 0 
2 irecv 1 1000 1 1
2 send 3 1000 1 1
2 wait 2 3 1000
2 reduce 1 0 0 1 
2 finalize
