1 init
1 bcast 1 0 1 
1 compute 312.5
1 allreduce 517 0 1 
1 alltoall 1 1 1 1
1 alltoallv 65536 16972 16188 16064 16312 64844 16156 16188 16308 16192 1 1
1 allreduce 517 0 1 
1 alltoall 1 1 1 1
1 alltoallv 65536 16972 16188 16064 16312 64844 16156 16188 16308 16192 1 1
1 allreduce 517 0 1 
1 alltoall 1 1 1 1
1 alltoallv 65536 16972 16188 16064 16312 64844 16156 16188 16308 16192 1 1
1 allreduce 517 0 1 
1 alltoall 1 1 1 1
1 alltoallv 65536 16972 16188 16064 16312 64844 16156 16188 16308 16192 1 1
1 allreduce 517 0 1 
1 alltoall 1 1 1 1
1 alltoallv 65536 16972 16188 16064 16312 64840 16152 16188 16308 16192 1 1
1 allreduce 517 0 1 
1 alltoall 1 1 1 1
1 alltoallv 65536 16972 16188 16064 16312 64840 16152 16188 16308 16192 1 1
1 allreduce 517 0 1 
1 alltoall 1 1 1 1
1 alltoallv 65536 16972 16188 16064 16312 64836 16148 16188 16308 16192 1 1
1 allreduce 517 0 1 
1 alltoall 1 1 1 1
1 alltoallv 65536 16972 16188 16064 16312 64828 16140 16188 16308 16192 1 1
1 allreduce 517 0 1 
1 alltoall 1 1 1 1
1 alltoallv 65536 16972 16188 16064 16312 64824 16136 16188 16308 16192 1 1
1 allreduce 517 0 1 
1 alltoall 1 1 1 1
1 alltoallv 65536 16972 16188 16064 16312 64824 16136 16188 16308 16192 1 1
1 allreduce 517 0 1 
1 alltoall 1 1 1 1
1 alltoallv 65536 16972 16188 16064 16312 64816 16128 16188 16308 16192 1 1
1 reduce 1 0 0 0 
1 irecv 0 1000 1 1
1 send 2 1000 1 1
1 wait 1 2 1000
1 reduce 1 0 0 1 
1 finalize
