55 init
55 barrier
55 bcast 1 0 1 
55 bcast 1 0 1 
55 bcast 1 0 1 
55 bcast 1 0 1 
55 bcast 1 0 1 
55 bcast 8 0 1 
55 bcast 1 0 16 
55 barrier
55 allreduce 1 0 0 
55 allreduce 4 0 1 
55 allreduce 1 0 0 
55 allreduce 4 0 1 
55 allreduce 1 0 0 
55 allreduce 4 0 1 
55 allreduce 1 0 0 
55 allreduce 4 0 1 
55 allreduce 1 0 0 
55 allreduce 4 0 1 
55 allreduce 1 0 0 
55 allreduce 4 0 1 
55 allreduce 1 0 0 
55 allreduce 4 0 1 
55 allreduce 1 0 0 
55 allreduce 4 0 1 
55 allreduce 1 0 0 
55 allreduce 4 0 1 
55 allreduce 1 0 0 
55 allreduce 4 0 1 
55 allreduce 1 0 0 
55 allreduce 4 0 1 
55 allreduce 1 0 0 
55 allreduce 4 0 1 
55 allreduce 1 0 0 
55 allreduce 4 0 1 
55 allreduce 1 0 0 
55 allreduce 4 0 1 
55 allreduce 1 0 0 
55 allreduce 4 0 1 
55 allreduce 1 0 0 
55 allreduce 4 0 1 
55 allreduce 1 0 0 
55 allreduce 4 0 1 
55 allreduce 1 0 0 
55 allreduce 4 0 1 
55 allreduce 1 0 0 
55 allreduce 4 0 1 
55 allreduce 1 0 0 
55 allreduce 4 0 1 
55 barrier
55 irecv 52 1100 200 0
55 irecv 54 1300 200 0
55 send 52 1300 64 0
55 send 54 1100 64 0
55 wait 53 56 1100
55 wait 55 56 1300
55 irecv 59 2100 200 0
55 irecv 51 2300 200 0
55 send 59 2300 80 0
55 send 51 2100 80 0
55 wait 60 56 2100
55 wait 52 56 2300
55 irecv 7 3100 200 0
55 irecv 39 3300 200 0
55 send 7 3300 100 0
55 send 39 3100 100 0
55 wait 8 56 3100
55 wait 40 56 3300
55 allreduce 1 0 0 
55 allreduce 1 0 0 
55 irecv 52 1100 200 0
55 irecv 54 1300 200 0
55 send 52 1300 64 0
55 send 54 1100 64 0
55 wait 53 56 1100
55 wait 55 56 1300
55 irecv 59 2100 200 0
55 irecv 51 2300 200 0
55 send 59 2300 80 0
55 send 51 2100 80 0
55 wait 60 56 2100
55 wait 52 56 2300
55 irecv 7 3100 200 0
55 irecv 39 3300 200 0
55 send 7 3300 100 0
55 send 39 3100 100 0
55 wait 8 56 3100
55 wait 40 56 3300
55 allreduce 1 0 0 
55 allreduce 1 0 0 
55 irecv 52 1100 200 0
55 irecv 54 1300 200 0
55 send 52 1300 16 0
55 send 54 1100 16 0
55 wait 53 56 1100
55 wait 55 56 1300
55 irecv 59 2100 200 0
55 irecv 51 2300 200 0
55 send 59 2300 24 0
55 send 51 2100 24 0
55 wait 60 56 2100
55 wait 52 56 2300
55 irecv 7 3100 200 0
55 irecv 39 3300 200 0
55 send 7 3300 36 0
55 send 39 3100 36 0
55 wait 8 56 3100
55 wait 40 56 3300
55 irecv 52 1100 200 0
55 irecv 54 1300 200 0
55 send 52 1300 4 0
55 send 54 1100 4 0
55 wait 53 56 1100
55 wait 55 56 1300
55 irecv 59 2100 200 0
55 irecv 51 2300 200 0
55 send 59 2300 8 0
55 send 51 2100 8 0
55 wait 60 56 2100
55 wait 52 56 2300
55 irecv 7 3100 200 0
55 irecv 39 3300 200 0
55 send 7 3300 16 0
55 send 39 3100 16 0
55 wait 8 56 3100
55 wait 40 56 3300
55 irecv 52 1100 200 0
55 irecv 54 1300 200 0
55 send 52 1300 1 0
55 send 54 1100 1 0
55 wait 53 56 1100
55 wait 55 56 1300
55 irecv 59 2100 200 0
55 irecv 51 2300 200 0
55 send 59 2300 3 0
55 send 51 2100 3 0
55 wait 60 56 2100
55 wait 52 56 2300
55 irecv 7 3100 200 0
55 irecv 39 3300 200 0
55 send 7 3300 9 0
55 send 39 3100 9 0
55 wait 8 56 3100
55 wait 40 56 3300
55 irecv 53 1100 200 0
55 irecv 53 1300 200 0
55 send 53 1300 1 0
55 send 53 1100 1 0
55 wait 54 56 1100
55 wait 54 56 1300
55 irecv 63 2100 200 0
55 irecv 63 2300 200 0
55 send 63 2300 3 0
55 send 63 2100 3 0
55 wait 64 56 2100
55 wait 64 56 2300
55 irecv 23 3100 200 0
55 irecv 23 3300 200 0
55 send 23 3300 9 0
55 send 23 3100 9 0
55 wait 24 56 3100
55 wait 24 56 3300
55 irecv 53 1100 200 0
55 irecv 53 1300 200 0
55 send 53 1300 1 0
55 send 53 1100 1 0
55 wait 54 56 1100
55 wait 54 56 1300
55 irecv 63 2100 200 0
55 irecv 63 2300 200 0
55 send 63 2300 3 0
55 send 63 2100 3 0
55 wait 64 56 2100
55 wait 64 56 2300
55 irecv 23 3100 200 0
55 irecv 23 3300 200 0
55 send 23 3300 9 0
55 send 23 3100 9 0
55 wait 24 56 3100
55 wait 24 56 3300
55 send 52 1300 18 0
55 send 54 1100 9 0
55 send 59 2300 18 0
55 send 51 2100 9 0
55 send 7 3300 18 0
55 send 39 3100 9 0
55 irecv 52 1100 200 0
55 irecv 54 1300 200 0
55 send 52 1300 1 0
55 send 54 1100 1 0
55 wait 53 56 1100
55 wait 55 56 1300
55 irecv 59 2100 200 0
55 irecv 51 2300 200 0
55 send 59 2300 3 0
55 send 51 2100 3 0
55 wait 60 56 2100
55 wait 52 56 2300
55 irecv 7 3100 200 0
55 irecv 39 3300 200 0
55 send 7 3300 9 0
55 send 39 3100 9 0
55 wait 8 56 3100
55 wait 40 56 3300
55 irecv 52 1100 200 0
55 irecv 54 1300 200 0
55 send 52 1300 1 0
55 send 54 1100 1 0
55 wait 53 56 1100
55 wait 55 56 1300
55 irecv 59 2100 200 0
55 irecv 51 2300 200 0
55 send 59 2300 3 0
55 send 51 2100 3 0
55 wait 60 56 2100
55 wait 52 56 2300
55 irecv 7 3100 200 0
55 irecv 39 3300 200 0
55 send 7 3300 9 0
55 send 39 3100 9 0
55 wait 8 56 3100
55 wait 40 56 3300
55 irecv 52 1100 200 0
55 irecv 54 1300 200 0
55 send 52 1300 4 0
55 send 54 1100 4 0
55 wait 53 56 1100
55 wait 55 56 1300
55 irecv 59 2100 200 0
55 irecv 51 2300 200 0
55 send 59 2300 8 0
55 send 51 2100 8 0
55 wait 60 56 2100
55 wait 52 56 2300
55 irecv 7 3100 200 0
55 irecv 39 3300 200 0
55 send 7 3300 16 0
55 send 39 3100 16 0
55 wait 8 56 3100
55 wait 40 56 3300
55 irecv 52 1100 200 0
55 irecv 54 1300 200 0
55 send 52 1300 4 0
55 send 54 1100 4 0
55 wait 53 56 1100
55 wait 55 56 1300
55 irecv 59 2100 200 0
55 irecv 51 2300 200 0
55 send 59 2300 8 0
55 send 51 2100 8 0
55 wait 60 56 2100
55 wait 52 56 2300
55 irecv 7 3100 200 0
55 irecv 39 3300 200 0
55 send 7 3300 16 0
55 send 39 3100 16 0
55 wait 8 56 3100
55 wait 40 56 3300
55 irecv 52 1100 200 0
55 irecv 54 1300 200 0
55 send 52 1300 16 0
55 send 54 1100 16 0
55 wait 53 56 1100
55 wait 55 56 1300
55 irecv 59 2100 200 0
55 irecv 51 2300 200 0
55 send 59 2300 24 0
55 send 51 2100 24 0
55 wait 60 56 2100
55 wait 52 56 2300
55 irecv 7 3100 200 0
55 irecv 39 3300 200 0
55 send 7 3300 36 0
55 send 39 3100 36 0
55 wait 8 56 3100
55 wait 40 56 3300
55 irecv 52 1100 200 0
55 irecv 54 1300 200 0
55 send 52 1300 16 0
55 send 54 1100 16 0
55 wait 53 56 1100
55 wait 55 56 1300
55 irecv 59 2100 200 0
55 irecv 51 2300 200 0
55 send 59 2300 24 0
55 send 51 2100 24 0
55 wait 60 56 2100
55 wait 52 56 2300
55 irecv 7 3100 200 0
55 irecv 39 3300 200 0
55 send 7 3300 36 0
55 send 39 3100 36 0
55 wait 8 56 3100
55 wait 40 56 3300
55 irecv 52 1100 200 0
55 irecv 54 1300 200 0
55 send 52 1300 64 0
55 send 54 1100 64 0
55 wait 53 56 1100
55 wait 55 56 1300
55 irecv 59 2100 200 0
55 irecv 51 2300 200 0
55 send 59 2300 80 0
55 send 51 2100 80 0
55 wait 60 56 2100
55 wait 52 56 2300
55 irecv 7 3100 200 0
55 irecv 39 3300 200 0
55 send 7 3300 100 0
55 send 39 3100 100 0
55 wait 8 56 3100
55 wait 40 56 3300
55 irecv 52 1100 200 0
55 irecv 54 1300 200 0
55 send 52 1300 64 0
55 send 54 1100 64 0
55 wait 53 56 1100
55 wait 55 56 1300
55 irecv 59 2100 200 0
55 irecv 51 2300 200 0
55 send 59 2300 80 0
55 send 51 2100 80 0
55 wait 60 56 2100
55 wait 52 56 2300
55 irecv 7 3100 200 0
55 irecv 39 3300 200 0
55 send 7 3300 100 0
55 send 39 3100 100 0
55 wait 8 56 3100
55 wait 40 56 3300
55 irecv 52 1100 200 0
55 irecv 54 1300 200 0
55 send 52 1300 64 0
55 send 54 1100 64 0
55 wait 53 56 1100
55 wait 55 56 1300
55 irecv 59 2100 200 0
55 irecv 51 2300 200 0
55 send 59 2300 80 0
55 send 51 2100 80 0
55 wait 60 56 2100
55 wait 52 56 2300
55 irecv 7 3100 200 0
55 irecv 39 3300 200 0
55 send 7 3300 100 0
55 send 39 3100 100 0
55 wait 8 56 3100
55 wait 40 56 3300
55 barrier
55 allreduce 1 0 0 
55 allreduce 4 0 1 
55 allreduce 1 0 0 
55 allreduce 4 0 1 
55 allreduce 1 0 0 
55 allreduce 4 0 1 
55 allreduce 1 0 0 
55 allreduce 4 0 1 
55 allreduce 1 0 0 
55 allreduce 4 0 1 
55 allreduce 1 0 0 
55 allreduce 4 0 1 
55 allreduce 1 0 0 
55 allreduce 4 0 1 
55 allreduce 1 0 0 
55 allreduce 4 0 1 
55 allreduce 1 0 0 
55 allreduce 4 0 1 
55 allreduce 1 0 0 
55 allreduce 4 0 1 
55 allreduce 1 0 0 
55 allreduce 4 0 1 
55 allreduce 1 0 0 
55 allreduce 4 0 1 
55 allreduce 1 0 0 
55 allreduce 4 0 1 
55 allreduce 1 0 0 
55 allreduce 4 0 1 
55 allreduce 1 0 0 
55 allreduce 4 0 1 
55 allreduce 1 0 0 
55 allreduce 4 0 1 
55 allreduce 1 0 0 
55 allreduce 4 0 1 
55 allreduce 1 0 0 
55 allreduce 4 0 1 
55 allreduce 1 0 0 
55 allreduce 4 0 1 
55 allreduce 1 0 0 
55 allreduce 4 0 1 
55 barrier
55 irecv 52 1100 200 0
55 irecv 54 1300 200 0
55 send 52 1300 64 0
55 send 54 1100 64 0
55 wait 53 56 1100
55 wait 55 56 1300
55 irecv 59 2100 200 0
55 irecv 51 2300 200 0
55 send 59 2300 80 0
55 send 51 2100 80 0
55 wait 60 56 2100
55 wait 52 56 2300
55 irecv 7 3100 200 0
55 irecv 39 3300 200 0
55 send 7 3300 100 0
55 send 39 3100 100 0
55 wait 8 56 3100
55 wait 40 56 3300
55 barrier
55 irecv 52 1100 200 0
55 irecv 54 1300 200 0
55 send 52 1300 64 0
55 send 54 1100 64 0
55 wait 53 56 1100
55 wait 55 56 1300
55 irecv 59 2100 200 0
55 irecv 51 2300 200 0
55 send 59 2300 80 0
55 send 51 2100 80 0
55 wait 60 56 2100
55 wait 52 56 2300
55 irecv 7 3100 200 0
55 irecv 39 3300 200 0
55 send 7 3300 100 0
55 send 39 3100 100 0
55 wait 8 56 3100
55 wait 40 56 3300
55 allreduce 1 0 0 
55 allreduce 1 0 0 
55 irecv 52 1100 200 0
55 irecv 54 1300 200 0
55 send 52 1300 16 0
55 send 54 1100 16 0
55 wait 53 56 1100
55 wait 55 56 1300
55 irecv 59 2100 200 0
55 irecv 51 2300 200 0
55 send 59 2300 24 0
55 send 51 2100 24 0
55 wait 60 56 2100
55 wait 52 56 2300
55 irecv 7 3100 200 0
55 irecv 39 3300 200 0
55 send 7 3300 36 0
55 send 39 3100 36 0
55 wait 8 56 3100
55 wait 40 56 3300
55 irecv 52 1100 200 0
55 irecv 54 1300 200 0
55 send 52 1300 4 0
55 send 54 1100 4 0
55 wait 53 56 1100
55 wait 55 56 1300
55 irecv 59 2100 200 0
55 irecv 51 2300 200 0
55 send 59 2300 8 0
55 send 51 2100 8 0
55 wait 60 56 2100
55 wait 52 56 2300
55 irecv 7 3100 200 0
55 irecv 39 3300 200 0
55 send 7 3300 16 0
55 send 39 3100 16 0
55 wait 8 56 3100
55 wait 40 56 3300
55 irecv 52 1100 200 0
55 irecv 54 1300 200 0
55 send 52 1300 1 0
55 send 54 1100 1 0
55 wait 53 56 1100
55 wait 55 56 1300
55 irecv 59 2100 200 0
55 irecv 51 2300 200 0
55 send 59 2300 3 0
55 send 51 2100 3 0
55 wait 60 56 2100
55 wait 52 56 2300
55 irecv 7 3100 200 0
55 irecv 39 3300 200 0
55 send 7 3300 9 0
55 send 39 3100 9 0
55 wait 8 56 3100
55 wait 40 56 3300
55 irecv 53 1100 200 0
55 irecv 53 1300 200 0
55 send 53 1300 1 0
55 send 53 1100 1 0
55 wait 54 56 1100
55 wait 54 56 1300
55 irecv 63 2100 200 0
55 irecv 63 2300 200 0
55 send 63 2300 3 0
55 send 63 2100 3 0
55 wait 64 56 2100
55 wait 64 56 2300
55 irecv 23 3100 200 0
55 irecv 23 3300 200 0
55 send 23 3300 9 0
55 send 23 3100 9 0
55 wait 24 56 3100
55 wait 24 56 3300
55 irecv 53 1100 200 0
55 irecv 53 1300 200 0
55 send 53 1300 1 0
55 send 53 1100 1 0
55 wait 54 56 1100
55 wait 54 56 1300
55 irecv 63 2100 200 0
55 irecv 63 2300 200 0
55 send 63 2300 3 0
55 send 63 2100 3 0
55 wait 64 56 2100
55 wait 64 56 2300
55 irecv 23 3100 200 0
55 irecv 23 3300 200 0
55 send 23 3300 9 0
55 send 23 3100 9 0
55 wait 24 56 3100
55 wait 24 56 3300
55 send 52 1300 18 0
55 send 54 1100 9 0
55 send 59 2300 18 0
55 send 51 2100 9 0
55 send 7 3300 18 0
55 send 39 3100 9 0
55 irecv 52 1100 200 0
55 irecv 54 1300 200 0
55 send 52 1300 1 0
55 send 54 1100 1 0
55 wait 53 56 1100
55 wait 55 56 1300
55 irecv 59 2100 200 0
55 irecv 51 2300 200 0
55 send 59 2300 3 0
55 send 51 2100 3 0
55 wait 60 56 2100
55 wait 52 56 2300
55 irecv 7 3100 200 0
55 irecv 39 3300 200 0
55 send 7 3300 9 0
55 send 39 3100 9 0
55 wait 8 56 3100
55 wait 40 56 3300
55 irecv 52 1100 200 0
55 irecv 54 1300 200 0
55 send 52 1300 1 0
55 send 54 1100 1 0
55 wait 53 56 1100
55 wait 55 56 1300
55 irecv 59 2100 200 0
55 irecv 51 2300 200 0
55 send 59 2300 3 0
55 send 51 2100 3 0
55 wait 60 56 2100
55 wait 52 56 2300
55 irecv 7 3100 200 0
55 irecv 39 3300 200 0
55 send 7 3300 9 0
55 send 39 3100 9 0
55 wait 8 56 3100
55 wait 40 56 3300
55 irecv 52 1100 200 0
55 irecv 54 1300 200 0
55 send 52 1300 4 0
55 send 54 1100 4 0
55 wait 53 56 1100
55 wait 55 56 1300
55 irecv 59 2100 200 0
55 irecv 51 2300 200 0
55 send 59 2300 8 0
55 send 51 2100 8 0
55 wait 60 56 2100
55 wait 52 56 2300
55 irecv 7 3100 200 0
55 irecv 39 3300 200 0
55 send 7 3300 16 0
55 send 39 3100 16 0
55 wait 8 56 3100
55 wait 40 56 3300
55 irecv 52 1100 200 0
55 irecv 54 1300 200 0
55 send 52 1300 4 0
55 send 54 1100 4 0
55 wait 53 56 1100
55 wait 55 56 1300
55 irecv 59 2100 200 0
55 irecv 51 2300 200 0
55 send 59 2300 8 0
55 send 51 2100 8 0
55 wait 60 56 2100
55 wait 52 56 2300
55 irecv 7 3100 200 0
55 irecv 39 3300 200 0
55 send 7 3300 16 0
55 send 39 3100 16 0
55 wait 8 56 3100
55 wait 40 56 3300
55 irecv 52 1100 200 0
55 irecv 54 1300 200 0
55 send 52 1300 16 0
55 send 54 1100 16 0
55 wait 53 56 1100
55 wait 55 56 1300
55 irecv 59 2100 200 0
55 irecv 51 2300 200 0
55 send 59 2300 24 0
55 send 51 2100 24 0
55 wait 60 56 2100
55 wait 52 56 2300
55 irecv 7 3100 200 0
55 irecv 39 3300 200 0
55 send 7 3300 36 0
55 send 39 3100 36 0
55 wait 8 56 3100
55 wait 40 56 3300
55 irecv 52 1100 200 0
55 irecv 54 1300 200 0
55 send 52 1300 16 0
55 send 54 1100 16 0
55 wait 53 56 1100
55 wait 55 56 1300
55 irecv 59 2100 200 0
55 irecv 51 2300 200 0
55 send 59 2300 24 0
55 send 51 2100 24 0
55 wait 60 56 2100
55 wait 52 56 2300
55 irecv 7 3100 200 0
55 irecv 39 3300 200 0
55 send 7 3300 36 0
55 send 39 3100 36 0
55 wait 8 56 3100
55 wait 40 56 3300
55 irecv 52 1100 200 0
55 irecv 54 1300 200 0
55 send 52 1300 64 0
55 send 54 1100 64 0
55 wait 53 56 1100
55 wait 55 56 1300
55 irecv 59 2100 200 0
55 irecv 51 2300 200 0
55 send 59 2300 80 0
55 send 51 2100 80 0
55 wait 60 56 2100
55 wait 52 56 2300
55 irecv 7 3100 200 0
55 irecv 39 3300 200 0
55 send 7 3300 100 0
55 send 39 3100 100 0
55 wait 8 56 3100
55 wait 40 56 3300
55 irecv 52 1100 200 0
55 irecv 54 1300 200 0
55 send 52 1300 64 0
55 send 54 1100 64 0
55 wait 53 56 1100
55 wait 55 56 1300
55 irecv 59 2100 200 0
55 irecv 51 2300 200 0
55 send 59 2300 80 0
55 send 51 2100 80 0
55 wait 60 56 2100
55 wait 52 56 2300
55 irecv 7 3100 200 0
55 irecv 39 3300 200 0
55 send 7 3300 100 0
55 send 39 3100 100 0
55 wait 8 56 3100
55 wait 40 56 3300
55 irecv 52 1100 200 0
55 irecv 54 1300 200 0
55 send 52 1300 64 0
55 send 54 1100 64 0
55 wait 53 56 1100
55 wait 55 56 1300
55 irecv 59 2100 200 0
55 irecv 51 2300 200 0
55 send 59 2300 80 0
55 send 51 2100 80 0
55 wait 60 56 2100
55 wait 52 56 2300
55 irecv 7 3100 200 0
55 irecv 39 3300 200 0
55 send 7 3300 100 0
55 send 39 3100 100 0
55 wait 8 56 3100
55 wait 40 56 3300
55 irecv 52 1100 200 0
55 irecv 54 1300 200 0
55 send 52 1300 16 0
55 send 54 1100 16 0
55 wait 53 56 1100
55 wait 55 56 1300
55 irecv 59 2100 200 0
55 irecv 51 2300 200 0
55 send 59 2300 24 0
55 send 51 2100 24 0
55 wait 60 56 2100
55 wait 52 56 2300
55 irecv 7 3100 200 0
55 irecv 39 3300 200 0
55 send 7 3300 36 0
55 send 39 3100 36 0
55 wait 8 56 3100
55 wait 40 56 3300
55 irecv 52 1100 200 0
55 irecv 54 1300 200 0
55 send 52 1300 4 0
55 send 54 1100 4 0
55 wait 53 56 1100
55 wait 55 56 1300
55 irecv 59 2100 200 0
55 irecv 51 2300 200 0
55 send 59 2300 8 0
55 send 51 2100 8 0
55 wait 60 56 2100
55 wait 52 56 2300
55 irecv 7 3100 200 0
55 irecv 39 3300 200 0
55 send 7 3300 16 0
55 send 39 3100 16 0
55 wait 8 56 3100
55 wait 40 56 3300
55 irecv 52 1100 200 0
55 irecv 54 1300 200 0
55 send 52 1300 1 0
55 send 54 1100 1 0
55 wait 53 56 1100
55 wait 55 56 1300
55 irecv 59 2100 200 0
55 irecv 51 2300 200 0
55 send 59 2300 3 0
55 send 51 2100 3 0
55 wait 60 56 2100
55 wait 52 56 2300
55 irecv 7 3100 200 0
55 irecv 39 3300 200 0
55 send 7 3300 9 0
55 send 39 3100 9 0
55 wait 8 56 3100
55 wait 40 56 3300
55 irecv 53 1100 200 0
55 irecv 53 1300 200 0
55 send 53 1300 1 0
55 send 53 1100 1 0
55 wait 54 56 1100
55 wait 54 56 1300
55 irecv 63 2100 200 0
55 irecv 63 2300 200 0
55 send 63 2300 3 0
55 send 63 2100 3 0
55 wait 64 56 2100
55 wait 64 56 2300
55 irecv 23 3100 200 0
55 irecv 23 3300 200 0
55 send 23 3300 9 0
55 send 23 3100 9 0
55 wait 24 56 3100
55 wait 24 56 3300
55 irecv 53 1100 200 0
55 irecv 53 1300 200 0
55 send 53 1300 1 0
55 send 53 1100 1 0
55 wait 54 56 1100
55 wait 54 56 1300
55 irecv 63 2100 200 0
55 irecv 63 2300 200 0
55 send 63 2300 3 0
55 send 63 2100 3 0
55 wait 64 56 2100
55 wait 64 56 2300
55 irecv 23 3100 200 0
55 irecv 23 3300 200 0
55 send 23 3300 9 0
55 send 23 3100 9 0
55 wait 24 56 3100
55 wait 24 56 3300
55 send 52 1300 18 0
55 send 54 1100 9 0
55 send 59 2300 18 0
55 send 51 2100 9 0
55 send 7 3300 18 0
55 send 39 3100 9 0
55 irecv 52 1100 200 0
55 irecv 54 1300 200 0
55 send 52 1300 1 0
55 send 54 1100 1 0
55 wait 53 56 1100
55 wait 55 56 1300
55 irecv 59 2100 200 0
55 irecv 51 2300 200 0
55 send 59 2300 3 0
55 send 51 2100 3 0
55 wait 60 56 2100
55 wait 52 56 2300
55 irecv 7 3100 200 0
55 irecv 39 3300 200 0
55 send 7 3300 9 0
55 send 39 3100 9 0
55 wait 8 56 3100
55 wait 40 56 3300
55 irecv 52 1100 200 0
55 irecv 54 1300 200 0
55 send 52 1300 1 0
55 send 54 1100 1 0
55 wait 53 56 1100
55 wait 55 56 1300
55 irecv 59 2100 200 0
55 irecv 51 2300 200 0
55 send 59 2300 3 0
55 send 51 2100 3 0
55 wait 60 56 2100
55 wait 52 56 2300
55 irecv 7 3100 200 0
55 irecv 39 3300 200 0
55 send 7 3300 9 0
55 send 39 3100 9 0
55 wait 8 56 3100
55 wait 40 56 3300
55 irecv 52 1100 200 0
55 irecv 54 1300 200 0
55 send 52 1300 4 0
55 send 54 1100 4 0
55 wait 53 56 1100
55 wait 55 56 1300
55 irecv 59 2100 200 0
55 irecv 51 2300 200 0
55 send 59 2300 8 0
55 send 51 2100 8 0
55 wait 60 56 2100
55 wait 52 56 2300
55 irecv 7 3100 200 0
55 irecv 39 3300 200 0
55 send 7 3300 16 0
55 send 39 3100 16 0
55 wait 8 56 3100
55 wait 40 56 3300
55 irecv 52 1100 200 0
55 irecv 54 1300 200 0
55 send 52 1300 4 0
55 send 54 1100 4 0
55 wait 53 56 1100
55 wait 55 56 1300
55 irecv 59 2100 200 0
55 irecv 51 2300 200 0
55 send 59 2300 8 0
55 send 51 2100 8 0
55 wait 60 56 2100
55 wait 52 56 2300
55 irecv 7 3100 200 0
55 irecv 39 3300 200 0
55 send 7 3300 16 0
55 send 39 3100 16 0
55 wait 8 56 3100
55 wait 40 56 3300
55 irecv 52 1100 200 0
55 irecv 54 1300 200 0
55 send 52 1300 16 0
55 send 54 1100 16 0
55 wait 53 56 1100
55 wait 55 56 1300
55 irecv 59 2100 200 0
55 irecv 51 2300 200 0
55 send 59 2300 24 0
55 send 51 2100 24 0
55 wait 60 56 2100
55 wait 52 56 2300
55 irecv 7 3100 200 0
55 irecv 39 3300 200 0
55 send 7 3300 36 0
55 send 39 3100 36 0
55 wait 8 56 3100
55 wait 40 56 3300
55 irecv 52 1100 200 0
55 irecv 54 1300 200 0
55 send 52 1300 16 0
55 send 54 1100 16 0
55 wait 53 56 1100
55 wait 55 56 1300
55 irecv 59 2100 200 0
55 irecv 51 2300 200 0
55 send 59 2300 24 0
55 send 51 2100 24 0
55 wait 60 56 2100
55 wait 52 56 2300
55 irecv 7 3100 200 0
55 irecv 39 3300 200 0
55 send 7 3300 36 0
55 send 39 3100 36 0
55 wait 8 56 3100
55 wait 40 56 3300
55 irecv 52 1100 200 0
55 irecv 54 1300 200 0
55 send 52 1300 64 0
55 send 54 1100 64 0
55 wait 53 56 1100
55 wait 55 56 1300
55 irecv 59 2100 200 0
55 irecv 51 2300 200 0
55 send 59 2300 80 0
55 send 51 2100 80 0
55 wait 60 56 2100
55 wait 52 56 2300
55 irecv 7 3100 200 0
55 irecv 39 3300 200 0
55 send 7 3300 100 0
55 send 39 3100 100 0
55 wait 8 56 3100
55 wait 40 56 3300
55 irecv 52 1100 200 0
55 irecv 54 1300 200 0
55 send 52 1300 64 0
55 send 54 1100 64 0
55 wait 53 56 1100
55 wait 55 56 1300
55 irecv 59 2100 200 0
55 irecv 51 2300 200 0
55 send 59 2300 80 0
55 send 51 2100 80 0
55 wait 60 56 2100
55 wait 52 56 2300
55 irecv 7 3100 200 0
55 irecv 39 3300 200 0
55 send 7 3300 100 0
55 send 39 3100 100 0
55 wait 8 56 3100
55 wait 40 56 3300
55 irecv 52 1100 200 0
55 irecv 54 1300 200 0
55 send 52 1300 64 0
55 send 54 1100 64 0
55 wait 53 56 1100
55 wait 55 56 1300
55 irecv 59 2100 200 0
55 irecv 51 2300 200 0
55 send 59 2300 80 0
55 send 51 2100 80 0
55 wait 60 56 2100
55 wait 52 56 2300
55 irecv 7 3100 200 0
55 irecv 39 3300 200 0
55 send 7 3300 100 0
55 send 39 3100 100 0
55 wait 8 56 3100
55 wait 40 56 3300
55 irecv 52 1100 200 0
55 irecv 54 1300 200 0
55 send 52 1300 16 0
55 send 54 1100 16 0
55 wait 53 56 1100
55 wait 55 56 1300
55 irecv 59 2100 200 0
55 irecv 51 2300 200 0
55 send 59 2300 24 0
55 send 51 2100 24 0
55 wait 60 56 2100
55 wait 52 56 2300
55 irecv 7 3100 200 0
55 irecv 39 3300 200 0
55 send 7 3300 36 0
55 send 39 3100 36 0
55 wait 8 56 3100
55 wait 40 56 3300
55 irecv 52 1100 200 0
55 irecv 54 1300 200 0
55 send 52 1300 4 0
55 send 54 1100 4 0
55 wait 53 56 1100
55 wait 55 56 1300
55 irecv 59 2100 200 0
55 irecv 51 2300 200 0
55 send 59 2300 8 0
55 send 51 2100 8 0
55 wait 60 56 2100
55 wait 52 56 2300
55 irecv 7 3100 200 0
55 irecv 39 3300 200 0
55 send 7 3300 16 0
55 send 39 3100 16 0
55 wait 8 56 3100
55 wait 40 56 3300
55 irecv 52 1100 200 0
55 irecv 54 1300 200 0
55 send 52 1300 1 0
55 send 54 1100 1 0
55 wait 53 56 1100
55 wait 55 56 1300
55 irecv 59 2100 200 0
55 irecv 51 2300 200 0
55 send 59 2300 3 0
55 send 51 2100 3 0
55 wait 60 56 2100
55 wait 52 56 2300
55 irecv 7 3100 200 0
55 irecv 39 3300 200 0
55 send 7 3300 9 0
55 send 39 3100 9 0
55 wait 8 56 3100
55 wait 40 56 3300
55 irecv 53 1100 200 0
55 irecv 53 1300 200 0
55 send 53 1300 1 0
55 send 53 1100 1 0
55 wait 54 56 1100
55 wait 54 56 1300
55 irecv 63 2100 200 0
55 irecv 63 2300 200 0
55 send 63 2300 3 0
55 send 63 2100 3 0
55 wait 64 56 2100
55 wait 64 56 2300
55 irecv 23 3100 200 0
55 irecv 23 3300 200 0
55 send 23 3300 9 0
55 send 23 3100 9 0
55 wait 24 56 3100
55 wait 24 56 3300
55 irecv 53 1100 200 0
55 irecv 53 1300 200 0
55 send 53 1300 1 0
55 send 53 1100 1 0
55 wait 54 56 1100
55 wait 54 56 1300
55 irecv 63 2100 200 0
55 irecv 63 2300 200 0
55 send 63 2300 3 0
55 send 63 2100 3 0
55 wait 64 56 2100
55 wait 64 56 2300
55 irecv 23 3100 200 0
55 irecv 23 3300 200 0
55 send 23 3300 9 0
55 send 23 3100 9 0
55 wait 24 56 3100
55 wait 24 56 3300
55 send 52 1300 18 0
55 send 54 1100 9 0
55 send 59 2300 18 0
55 send 51 2100 9 0
55 send 7 3300 18 0
55 send 39 3100 9 0
55 irecv 52 1100 200 0
55 irecv 54 1300 200 0
55 send 52 1300 1 0
55 send 54 1100 1 0
55 wait 53 56 1100
55 wait 55 56 1300
55 irecv 59 2100 200 0
55 irecv 51 2300 200 0
55 send 59 2300 3 0
55 send 51 2100 3 0
55 wait 60 56 2100
55 wait 52 56 2300
55 irecv 7 3100 200 0
55 irecv 39 3300 200 0
55 send 7 3300 9 0
55 send 39 3100 9 0
55 wait 8 56 3100
55 wait 40 56 3300
55 irecv 52 1100 200 0
55 irecv 54 1300 200 0
55 send 52 1300 1 0
55 send 54 1100 1 0
55 wait 53 56 1100
55 wait 55 56 1300
55 irecv 59 2100 200 0
55 irecv 51 2300 200 0
55 send 59 2300 3 0
55 send 51 2100 3 0
55 wait 60 56 2100
55 wait 52 56 2300
55 irecv 7 3100 200 0
55 irecv 39 3300 200 0
55 send 7 3300 9 0
55 send 39 3100 9 0
55 wait 8 56 3100
55 wait 40 56 3300
55 irecv 52 1100 200 0
55 irecv 54 1300 200 0
55 send 52 1300 4 0
55 send 54 1100 4 0
55 wait 53 56 1100
55 wait 55 56 1300
55 irecv 59 2100 200 0
55 irecv 51 2300 200 0
55 send 59 2300 8 0
55 send 51 2100 8 0
55 wait 60 56 2100
55 wait 52 56 2300
55 irecv 7 3100 200 0
55 irecv 39 3300 200 0
55 send 7 3300 16 0
55 send 39 3100 16 0
55 wait 8 56 3100
55 wait 40 56 3300
55 irecv 52 1100 200 0
55 irecv 54 1300 200 0
55 send 52 1300 4 0
55 send 54 1100 4 0
55 wait 53 56 1100
55 wait 55 56 1300
55 irecv 59 2100 200 0
55 irecv 51 2300 200 0
55 send 59 2300 8 0
55 send 51 2100 8 0
55 wait 60 56 2100
55 wait 52 56 2300
55 irecv 7 3100 200 0
55 irecv 39 3300 200 0
55 send 7 3300 16 0
55 send 39 3100 16 0
55 wait 8 56 3100
55 wait 40 56 3300
55 irecv 52 1100 200 0
55 irecv 54 1300 200 0
55 send 52 1300 16 0
55 send 54 1100 16 0
55 wait 53 56 1100
55 wait 55 56 1300
55 irecv 59 2100 200 0
55 irecv 51 2300 200 0
55 send 59 2300 24 0
55 send 51 2100 24 0
55 wait 60 56 2100
55 wait 52 56 2300
55 irecv 7 3100 200 0
55 irecv 39 3300 200 0
55 send 7 3300 36 0
55 send 39 3100 36 0
55 wait 8 56 3100
55 wait 40 56 3300
55 irecv 52 1100 200 0
55 irecv 54 1300 200 0
55 send 52 1300 16 0
55 send 54 1100 16 0
55 wait 53 56 1100
55 wait 55 56 1300
55 irecv 59 2100 200 0
55 irecv 51 2300 200 0
55 send 59 2300 24 0
55 send 51 2100 24 0
55 wait 60 56 2100
55 wait 52 56 2300
55 irecv 7 3100 200 0
55 irecv 39 3300 200 0
55 send 7 3300 36 0
55 send 39 3100 36 0
55 wait 8 56 3100
55 wait 40 56 3300
55 irecv 52 1100 200 0
55 irecv 54 1300 200 0
55 send 52 1300 64 0
55 send 54 1100 64 0
55 wait 53 56 1100
55 wait 55 56 1300
55 irecv 59 2100 200 0
55 irecv 51 2300 200 0
55 send 59 2300 80 0
55 send 51 2100 80 0
55 wait 60 56 2100
55 wait 52 56 2300
55 irecv 7 3100 200 0
55 irecv 39 3300 200 0
55 send 7 3300 100 0
55 send 39 3100 100 0
55 wait 8 56 3100
55 wait 40 56 3300
55 irecv 52 1100 200 0
55 irecv 54 1300 200 0
55 send 52 1300 64 0
55 send 54 1100 64 0
55 wait 53 56 1100
55 wait 55 56 1300
55 irecv 59 2100 200 0
55 irecv 51 2300 200 0
55 send 59 2300 80 0
55 send 51 2100 80 0
55 wait 60 56 2100
55 wait 52 56 2300
55 irecv 7 3100 200 0
55 irecv 39 3300 200 0
55 send 7 3300 100 0
55 send 39 3100 100 0
55 wait 8 56 3100
55 wait 40 56 3300
55 irecv 52 1100 200 0
55 irecv 54 1300 200 0
55 send 52 1300 64 0
55 send 54 1100 64 0
55 wait 53 56 1100
55 wait 55 56 1300
55 irecv 59 2100 200 0
55 irecv 51 2300 200 0
55 send 59 2300 80 0
55 send 51 2100 80 0
55 wait 60 56 2100
55 wait 52 56 2300
55 irecv 7 3100 200 0
55 irecv 39 3300 200 0
55 send 7 3300 100 0
55 send 39 3100 100 0
55 wait 8 56 3100
55 wait 40 56 3300
55 irecv 52 1100 200 0
55 irecv 54 1300 200 0
55 send 52 1300 16 0
55 send 54 1100 16 0
55 wait 53 56 1100
55 wait 55 56 1300
55 irecv 59 2100 200 0
55 irecv 51 2300 200 0
55 send 59 2300 24 0
55 send 51 2100 24 0
55 wait 60 56 2100
55 wait 52 56 2300
55 irecv 7 3100 200 0
55 irecv 39 3300 200 0
55 send 7 3300 36 0
55 send 39 3100 36 0
55 wait 8 56 3100
55 wait 40 56 3300
55 irecv 52 1100 200 0
55 irecv 54 1300 200 0
55 send 52 1300 4 0
55 send 54 1100 4 0
55 wait 53 56 1100
55 wait 55 56 1300
55 irecv 59 2100 200 0
55 irecv 51 2300 200 0
55 send 59 2300 8 0
55 send 51 2100 8 0
55 wait 60 56 2100
55 wait 52 56 2300
55 irecv 7 3100 200 0
55 irecv 39 3300 200 0
55 send 7 3300 16 0
55 send 39 3100 16 0
55 wait 8 56 3100
55 wait 40 56 3300
55 irecv 52 1100 200 0
55 irecv 54 1300 200 0
55 send 52 1300 1 0
55 send 54 1100 1 0
55 wait 53 56 1100
55 wait 55 56 1300
55 irecv 59 2100 200 0
55 irecv 51 2300 200 0
55 send 59 2300 3 0
55 send 51 2100 3 0
55 wait 60 56 2100
55 wait 52 56 2300
55 irecv 7 3100 200 0
55 irecv 39 3300 200 0
55 send 7 3300 9 0
55 send 39 3100 9 0
55 wait 8 56 3100
55 wait 40 56 3300
55 irecv 53 1100 200 0
55 irecv 53 1300 200 0
55 send 53 1300 1 0
55 send 53 1100 1 0
55 wait 54 56 1100
55 wait 54 56 1300
55 irecv 63 2100 200 0
55 irecv 63 2300 200 0
55 send 63 2300 3 0
55 send 63 2100 3 0
55 wait 64 56 2100
55 wait 64 56 2300
55 irecv 23 3100 200 0
55 irecv 23 3300 200 0
55 send 23 3300 9 0
55 send 23 3100 9 0
55 wait 24 56 3100
55 wait 24 56 3300
55 irecv 53 1100 200 0
55 irecv 53 1300 200 0
55 send 53 1300 1 0
55 send 53 1100 1 0
55 wait 54 56 1100
55 wait 54 56 1300
55 irecv 63 2100 200 0
55 irecv 63 2300 200 0
55 send 63 2300 3 0
55 send 63 2100 3 0
55 wait 64 56 2100
55 wait 64 56 2300
55 irecv 23 3100 200 0
55 irecv 23 3300 200 0
55 send 23 3300 9 0
55 send 23 3100 9 0
55 wait 24 56 3100
55 wait 24 56 3300
55 send 52 1300 18 0
55 send 54 1100 9 0
55 send 59 2300 18 0
55 send 51 2100 9 0
55 send 7 3300 18 0
55 send 39 3100 9 0
55 irecv 52 1100 200 0
55 irecv 54 1300 200 0
55 send 52 1300 1 0
55 send 54 1100 1 0
55 wait 53 56 1100
55 wait 55 56 1300
55 irecv 59 2100 200 0
55 irecv 51 2300 200 0
55 send 59 2300 3 0
55 send 51 2100 3 0
55 wait 60 56 2100
55 wait 52 56 2300
55 irecv 7 3100 200 0
55 irecv 39 3300 200 0
55 send 7 3300 9 0
55 send 39 3100 9 0
55 wait 8 56 3100
55 wait 40 56 3300
55 irecv 52 1100 200 0
55 irecv 54 1300 200 0
55 send 52 1300 1 0
55 send 54 1100 1 0
55 wait 53 56 1100
55 wait 55 56 1300
55 irecv 59 2100 200 0
55 irecv 51 2300 200 0
55 send 59 2300 3 0
55 send 51 2100 3 0
55 wait 60 56 2100
55 wait 52 56 2300
55 irecv 7 3100 200 0
55 irecv 39 3300 200 0
55 send 7 3300 9 0
55 send 39 3100 9 0
55 wait 8 56 3100
55 wait 40 56 3300
55 irecv 52 1100 200 0
55 irecv 54 1300 200 0
55 send 52 1300 4 0
55 send 54 1100 4 0
55 wait 53 56 1100
55 wait 55 56 1300
55 irecv 59 2100 200 0
55 irecv 51 2300 200 0
55 send 59 2300 8 0
55 send 51 2100 8 0
55 wait 60 56 2100
55 wait 52 56 2300
55 irecv 7 3100 200 0
55 irecv 39 3300 200 0
55 send 7 3300 16 0
55 send 39 3100 16 0
55 wait 8 56 3100
55 wait 40 56 3300
55 irecv 52 1100 200 0
55 irecv 54 1300 200 0
55 send 52 1300 4 0
55 send 54 1100 4 0
55 wait 53 56 1100
55 wait 55 56 1300
55 irecv 59 2100 200 0
55 irecv 51 2300 200 0
55 send 59 2300 8 0
55 send 51 2100 8 0
55 wait 60 56 2100
55 wait 52 56 2300
55 irecv 7 3100 200 0
55 irecv 39 3300 200 0
55 send 7 3300 16 0
55 send 39 3100 16 0
55 wait 8 56 3100
55 wait 40 56 3300
55 irecv 52 1100 200 0
55 irecv 54 1300 200 0
55 send 52 1300 16 0
55 send 54 1100 16 0
55 wait 53 56 1100
55 wait 55 56 1300
55 irecv 59 2100 200 0
55 irecv 51 2300 200 0
55 send 59 2300 24 0
55 send 51 2100 24 0
55 wait 60 56 2100
55 wait 52 56 2300
55 irecv 7 3100 200 0
55 irecv 39 3300 200 0
55 send 7 3300 36 0
55 send 39 3100 36 0
55 wait 8 56 3100
55 wait 40 56 3300
55 irecv 52 1100 200 0
55 irecv 54 1300 200 0
55 send 52 1300 16 0
55 send 54 1100 16 0
55 wait 53 56 1100
55 wait 55 56 1300
55 irecv 59 2100 200 0
55 irecv 51 2300 200 0
55 send 59 2300 24 0
55 send 51 2100 24 0
55 wait 60 56 2100
55 wait 52 56 2300
55 irecv 7 3100 200 0
55 irecv 39 3300 200 0
55 send 7 3300 36 0
55 send 39 3100 36 0
55 wait 8 56 3100
55 wait 40 56 3300
55 irecv 52 1100 200 0
55 irecv 54 1300 200 0
55 send 52 1300 64 0
55 send 54 1100 64 0
55 wait 53 56 1100
55 wait 55 56 1300
55 irecv 59 2100 200 0
55 irecv 51 2300 200 0
55 send 59 2300 80 0
55 send 51 2100 80 0
55 wait 60 56 2100
55 wait 52 56 2300
55 irecv 7 3100 200 0
55 irecv 39 3300 200 0
55 send 7 3300 100 0
55 send 39 3100 100 0
55 wait 8 56 3100
55 wait 40 56 3300
55 irecv 52 1100 200 0
55 irecv 54 1300 200 0
55 send 52 1300 64 0
55 send 54 1100 64 0
55 wait 53 56 1100
55 wait 55 56 1300
55 irecv 59 2100 200 0
55 irecv 51 2300 200 0
55 send 59 2300 80 0
55 send 51 2100 80 0
55 wait 60 56 2100
55 wait 52 56 2300
55 irecv 7 3100 200 0
55 irecv 39 3300 200 0
55 send 7 3300 100 0
55 send 39 3100 100 0
55 wait 8 56 3100
55 wait 40 56 3300
55 irecv 52 1100 200 0
55 irecv 54 1300 200 0
55 send 52 1300 64 0
55 send 54 1100 64 0
55 wait 53 56 1100
55 wait 55 56 1300
55 irecv 59 2100 200 0
55 irecv 51 2300 200 0
55 send 59 2300 80 0
55 send 51 2100 80 0
55 wait 60 56 2100
55 wait 52 56 2300
55 irecv 7 3100 200 0
55 irecv 39 3300 200 0
55 send 7 3300 100 0
55 send 39 3100 100 0
55 wait 8 56 3100
55 wait 40 56 3300
55 allreduce 1 0 0 
55 allreduce 1 0 0 
55 reduce 1 0 0 0 
55 finalize
