18 init
18 barrier
18 bcast 1 0 1 
18 bcast 1 0 1 
18 bcast 1 0 1 
18 bcast 1 0 1 
18 bcast 1 0 1 
18 bcast 8 0 1 
18 bcast 1 0 16 
18 barrier
18 allreduce 1 0 0 
18 allreduce 4 0 1 
18 allreduce 1 0 0 
18 allreduce 4 0 1 
18 allreduce 1 0 0 
18 allreduce 4 0 1 
18 allreduce 1 0 0 
18 allreduce 4 0 1 
18 allreduce 1 0 0 
18 allreduce 4 0 1 
18 allreduce 1 0 0 
18 allreduce 4 0 1 
18 allreduce 1 0 0 
18 allreduce 4 0 1 
18 allreduce 1 0 0 
18 allreduce 4 0 1 
18 allreduce 1 0 0 
18 allreduce 4 0 1 
18 allreduce 1 0 0 
18 allreduce 4 0 1 
18 allreduce 1 0 0 
18 allreduce 4 0 1 
18 allreduce 1 0 0 
18 allreduce 4 0 1 
18 allreduce 1 0 0 
18 allreduce 4 0 1 
18 allreduce 1 0 0 
18 allreduce 4 0 1 
18 allreduce 1 0 0 
18 allreduce 4 0 1 
18 allreduce 1 0 0 
18 allreduce 4 0 1 
18 allreduce 1 0 0 
18 allreduce 4 0 1 
18 allreduce 1 0 0 
18 allreduce 4 0 1 
18 allreduce 1 0 0 
18 allreduce 4 0 1 
18 allreduce 1 0 0 
18 allreduce 4 0 1 
18 barrier
18 irecv 19 1100 200 0
18 irecv 17 1300 200 0
18 send 19 1300 64 0
18 send 17 1100 64 0
18 wait 20 19 1100
18 wait 18 19 1300
18 irecv 22 2100 200 0
18 irecv 30 2300 200 0
18 send 22 2300 80 0
18 send 30 2100 80 0
18 wait 23 19 2100
18 wait 31 19 2300
18 irecv 34 3100 200 0
18 irecv 2 3300 200 0
18 send 34 3300 100 0
18 send 2 3100 100 0
18 wait 35 19 3100
18 wait 3 19 3300
18 allreduce 1 0 0 
18 allreduce 1 0 0 
18 irecv 19 1100 200 0
18 irecv 17 1300 200 0
18 send 19 1300 64 0
18 send 17 1100 64 0
18 wait 20 19 1100
18 wait 18 19 1300
18 irecv 22 2100 200 0
18 irecv 30 2300 200 0
18 send 22 2300 80 0
18 send 30 2100 80 0
18 wait 23 19 2100
18 wait 31 19 2300
18 irecv 34 3100 200 0
18 irecv 2 3300 200 0
18 send 34 3300 100 0
18 send 2 3100 100 0
18 wait 35 19 3100
18 wait 3 19 3300
18 allreduce 1 0 0 
18 allreduce 1 0 0 
18 irecv 19 1100 200 0
18 irecv 17 1300 200 0
18 send 19 1300 16 0
18 send 17 1100 16 0
18 wait 20 19 1100
18 wait 18 19 1300
18 irecv 22 2100 200 0
18 irecv 30 2300 200 0
18 send 22 2300 24 0
18 send 30 2100 24 0
18 wait 23 19 2100
18 wait 31 19 2300
18 irecv 34 3100 200 0
18 irecv 2 3300 200 0
18 send 34 3300 36 0
18 send 2 3100 36 0
18 wait 35 19 3100
18 wait 3 19 3300
18 irecv 19 1100 200 0
18 irecv 17 1300 200 0
18 send 19 1300 4 0
18 send 17 1100 4 0
18 wait 20 19 1100
18 wait 18 19 1300
18 irecv 22 2100 200 0
18 irecv 30 2300 200 0
18 send 22 2300 8 0
18 send 30 2100 8 0
18 wait 23 19 2100
18 wait 31 19 2300
18 irecv 34 3100 200 0
18 irecv 2 3300 200 0
18 send 34 3300 16 0
18 send 2 3100 16 0
18 wait 35 19 3100
18 wait 3 19 3300
18 irecv 19 1100 200 0
18 irecv 17 1300 200 0
18 send 19 1300 1 0
18 send 17 1100 1 0
18 wait 20 19 1100
18 wait 18 19 1300
18 irecv 22 2100 200 0
18 irecv 30 2300 200 0
18 send 22 2300 3 0
18 send 30 2100 3 0
18 wait 23 19 2100
18 wait 31 19 2300
18 irecv 34 3100 200 0
18 irecv 2 3300 200 0
18 send 34 3300 9 0
18 send 2 3100 9 0
18 wait 35 19 3100
18 wait 3 19 3300
18 irecv 19 1100 200 0
18 irecv 17 1300 200 0
18 wait 20 19 1100
18 wait 18 19 1300
18 irecv 22 2100 200 0
18 irecv 30 2300 200 0
18 wait 23 19 2100
18 wait 31 19 2300
18 send 34 3300 18 0
18 send 2 3100 9 0
18 irecv 19 1100 200 0
18 irecv 17 1300 200 0
18 send 19 1300 1 0
18 send 17 1100 1 0
18 wait 20 19 1100
18 wait 18 19 1300
18 irecv 22 2100 200 0
18 irecv 30 2300 200 0
18 send 22 2300 3 0
18 send 30 2100 3 0
18 wait 23 19 2100
18 wait 31 19 2300
18 irecv 34 3100 200 0
18 irecv 2 3300 200 0
18 send 34 3300 9 0
18 send 2 3100 9 0
18 wait 35 19 3100
18 wait 3 19 3300
18 irecv 19 1100 200 0
18 irecv 17 1300 200 0
18 send 19 1300 1 0
18 send 17 1100 1 0
18 wait 20 19 1100
18 wait 18 19 1300
18 irecv 22 2100 200 0
18 irecv 30 2300 200 0
18 send 22 2300 3 0
18 send 30 2100 3 0
18 wait 23 19 2100
18 wait 31 19 2300
18 irecv 34 3100 200 0
18 irecv 2 3300 200 0
18 send 34 3300 9 0
18 send 2 3100 9 0
18 wait 35 19 3100
18 wait 3 19 3300
18 irecv 19 1100 200 0
18 irecv 17 1300 200 0
18 send 19 1300 4 0
18 send 17 1100 4 0
18 wait 20 19 1100
18 wait 18 19 1300
18 irecv 22 2100 200 0
18 irecv 30 2300 200 0
18 send 22 2300 8 0
18 send 30 2100 8 0
18 wait 23 19 2100
18 wait 31 19 2300
18 irecv 34 3100 200 0
18 irecv 2 3300 200 0
18 send 34 3300 16 0
18 send 2 3100 16 0
18 wait 35 19 3100
18 wait 3 19 3300
18 irecv 19 1100 200 0
18 irecv 17 1300 200 0
18 send 19 1300 4 0
18 send 17 1100 4 0
18 wait 20 19 1100
18 wait 18 19 1300
18 irecv 22 2100 200 0
18 irecv 30 2300 200 0
18 send 22 2300 8 0
18 send 30 2100 8 0
18 wait 23 19 2100
18 wait 31 19 2300
18 irecv 34 3100 200 0
18 irecv 2 3300 200 0
18 send 34 3300 16 0
18 send 2 3100 16 0
18 wait 35 19 3100
18 wait 3 19 3300
18 irecv 19 1100 200 0
18 irecv 17 1300 200 0
18 send 19 1300 16 0
18 send 17 1100 16 0
18 wait 20 19 1100
18 wait 18 19 1300
18 irecv 22 2100 200 0
18 irecv 30 2300 200 0
18 send 22 2300 24 0
18 send 30 2100 24 0
18 wait 23 19 2100
18 wait 31 19 2300
18 irecv 34 3100 200 0
18 irecv 2 3300 200 0
18 send 34 3300 36 0
18 send 2 3100 36 0
18 wait 35 19 3100
18 wait 3 19 3300
18 irecv 19 1100 200 0
18 irecv 17 1300 200 0
18 send 19 1300 16 0
18 send 17 1100 16 0
18 wait 20 19 1100
18 wait 18 19 1300
18 irecv 22 2100 200 0
18 irecv 30 2300 200 0
18 send 22 2300 24 0
18 send 30 2100 24 0
18 wait 23 19 2100
18 wait 31 19 2300
18 irecv 34 3100 200 0
18 irecv 2 3300 200 0
18 send 34 3300 36 0
18 send 2 3100 36 0
18 wait 35 19 3100
18 wait 3 19 3300
18 irecv 19 1100 200 0
18 irecv 17 1300 200 0
18 send 19 1300 64 0
18 send 17 1100 64 0
18 wait 20 19 1100
18 wait 18 19 1300
18 irecv 22 2100 200 0
18 irecv 30 2300 200 0
18 send 22 2300 80 0
18 send 30 2100 80 0
18 wait 23 19 2100
18 wait 31 19 2300
18 irecv 34 3100 200 0
18 irecv 2 3300 200 0
18 send 34 3300 100 0
18 send 2 3100 100 0
18 wait 35 19 3100
18 wait 3 19 3300
18 irecv 19 1100 200 0
18 irecv 17 1300 200 0
18 send 19 1300 64 0
18 send 17 1100 64 0
18 wait 20 19 1100
18 wait 18 19 1300
18 irecv 22 2100 200 0
18 irecv 30 2300 200 0
18 send 22 2300 80 0
18 send 30 2100 80 0
18 wait 23 19 2100
18 wait 31 19 2300
18 irecv 34 3100 200 0
18 irecv 2 3300 200 0
18 send 34 3300 100 0
18 send 2 3100 100 0
18 wait 35 19 3100
18 wait 3 19 3300
18 irecv 19 1100 200 0
18 irecv 17 1300 200 0
18 send 19 1300 64 0
18 send 17 1100 64 0
18 wait 20 19 1100
18 wait 18 19 1300
18 irecv 22 2100 200 0
18 irecv 30 2300 200 0
18 send 22 2300 80 0
18 send 30 2100 80 0
18 wait 23 19 2100
18 wait 31 19 2300
18 irecv 34 3100 200 0
18 irecv 2 3300 200 0
18 send 34 3300 100 0
18 send 2 3100 100 0
18 wait 35 19 3100
18 wait 3 19 3300
18 barrier
18 allreduce 1 0 0 
18 allreduce 4 0 1 
18 allreduce 1 0 0 
18 allreduce 4 0 1 
18 allreduce 1 0 0 
18 allreduce 4 0 1 
18 allreduce 1 0 0 
18 allreduce 4 0 1 
18 allreduce 1 0 0 
18 allreduce 4 0 1 
18 allreduce 1 0 0 
18 allreduce 4 0 1 
18 allreduce 1 0 0 
18 allreduce 4 0 1 
18 allreduce 1 0 0 
18 allreduce 4 0 1 
18 allreduce 1 0 0 
18 allreduce 4 0 1 
18 allreduce 1 0 0 
18 allreduce 4 0 1 
18 allreduce 1 0 0 
18 allreduce 4 0 1 
18 allreduce 1 0 0 
18 allreduce 4 0 1 
18 allreduce 1 0 0 
18 allreduce 4 0 1 
18 allreduce 1 0 0 
18 allreduce 4 0 1 
18 allreduce 1 0 0 
18 allreduce 4 0 1 
18 allreduce 1 0 0 
18 allreduce 4 0 1 
18 allreduce 1 0 0 
18 allreduce 4 0 1 
18 allreduce 1 0 0 
18 allreduce 4 0 1 
18 allreduce 1 0 0 
18 allreduce 4 0 1 
18 allreduce 1 0 0 
18 allreduce 4 0 1 
18 barrier
18 irecv 19 1100 200 0
18 irecv 17 1300 200 0
18 send 19 1300 64 0
18 send 17 1100 64 0
18 wait 20 19 1100
18 wait 18 19 1300
18 irecv 22 2100 200 0
18 irecv 30 2300 200 0
18 send 22 2300 80 0
18 send 30 2100 80 0
18 wait 23 19 2100
18 wait 31 19 2300
18 irecv 34 3100 200 0
18 irecv 2 3300 200 0
18 send 34 3300 100 0
18 send 2 3100 100 0
18 wait 35 19 3100
18 wait 3 19 3300
18 barrier
18 irecv 19 1100 200 0
18 irecv 17 1300 200 0
18 send 19 1300 64 0
18 send 17 1100 64 0
18 wait 20 19 1100
18 wait 18 19 1300
18 irecv 22 2100 200 0
18 irecv 30 2300 200 0
18 send 22 2300 80 0
18 send 30 2100 80 0
18 wait 23 19 2100
18 wait 31 19 2300
18 irecv 34 3100 200 0
18 irecv 2 3300 200 0
18 send 34 3300 100 0
18 send 2 3100 100 0
18 wait 35 19 3100
18 wait 3 19 3300
18 allreduce 1 0 0 
18 allreduce 1 0 0 
18 irecv 19 1100 200 0
18 irecv 17 1300 200 0
18 send 19 1300 16 0
18 send 17 1100 16 0
18 wait 20 19 1100
18 wait 18 19 1300
18 irecv 22 2100 200 0
18 irecv 30 2300 200 0
18 send 22 2300 24 0
18 send 30 2100 24 0
18 wait 23 19 2100
18 wait 31 19 2300
18 irecv 34 3100 200 0
18 irecv 2 3300 200 0
18 send 34 3300 36 0
18 send 2 3100 36 0
18 wait 35 19 3100
18 wait 3 19 3300
18 irecv 19 1100 200 0
18 irecv 17 1300 200 0
18 send 19 1300 4 0
18 send 17 1100 4 0
18 wait 20 19 1100
18 wait 18 19 1300
18 irecv 22 2100 200 0
18 irecv 30 2300 200 0
18 send 22 2300 8 0
18 send 30 2100 8 0
18 wait 23 19 2100
18 wait 31 19 2300
18 irecv 34 3100 200 0
18 irecv 2 3300 200 0
18 send 34 3300 16 0
18 send 2 3100 16 0
18 wait 35 19 3100
18 wait 3 19 3300
18 irecv 19 1100 200 0
18 irecv 17 1300 200 0
18 send 19 1300 1 0
18 send 17 1100 1 0
18 wait 20 19 1100
18 wait 18 19 1300
18 irecv 22 2100 200 0
18 irecv 30 2300 200 0
18 send 22 2300 3 0
18 send 30 2100 3 0
18 wait 23 19 2100
18 wait 31 19 2300
18 irecv 34 3100 200 0
18 irecv 2 3300 200 0
18 send 34 3300 9 0
18 send 2 3100 9 0
18 wait 35 19 3100
18 wait 3 19 3300
18 irecv 19 1100 200 0
18 irecv 17 1300 200 0
18 wait 20 19 1100
18 wait 18 19 1300
18 irecv 22 2100 200 0
18 irecv 30 2300 200 0
18 wait 23 19 2100
18 wait 31 19 2300
18 send 34 3300 18 0
18 send 2 3100 9 0
18 irecv 19 1100 200 0
18 irecv 17 1300 200 0
18 send 19 1300 1 0
18 send 17 1100 1 0
18 wait 20 19 1100
18 wait 18 19 1300
18 irecv 22 2100 200 0
18 irecv 30 2300 200 0
18 send 22 2300 3 0
18 send 30 2100 3 0
18 wait 23 19 2100
18 wait 31 19 2300
18 irecv 34 3100 200 0
18 irecv 2 3300 200 0
18 send 34 3300 9 0
18 send 2 3100 9 0
18 wait 35 19 3100
18 wait 3 19 3300
18 irecv 19 1100 200 0
18 irecv 17 1300 200 0
18 send 19 1300 1 0
18 send 17 1100 1 0
18 wait 20 19 1100
18 wait 18 19 1300
18 irecv 22 2100 200 0
18 irecv 30 2300 200 0
18 send 22 2300 3 0
18 send 30 2100 3 0
18 wait 23 19 2100
18 wait 31 19 2300
18 irecv 34 3100 200 0
18 irecv 2 3300 200 0
18 send 34 3300 9 0
18 send 2 3100 9 0
18 wait 35 19 3100
18 wait 3 19 3300
18 irecv 19 1100 200 0
18 irecv 17 1300 200 0
18 send 19 1300 4 0
18 send 17 1100 4 0
18 wait 20 19 1100
18 wait 18 19 1300
18 irecv 22 2100 200 0
18 irecv 30 2300 200 0
18 send 22 2300 8 0
18 send 30 2100 8 0
18 wait 23 19 2100
18 wait 31 19 2300
18 irecv 34 3100 200 0
18 irecv 2 3300 200 0
18 send 34 3300 16 0
18 send 2 3100 16 0
18 wait 35 19 3100
18 wait 3 19 3300
18 irecv 19 1100 200 0
18 irecv 17 1300 200 0
18 send 19 1300 4 0
18 send 17 1100 4 0
18 wait 20 19 1100
18 wait 18 19 1300
18 irecv 22 2100 200 0
18 irecv 30 2300 200 0
18 send 22 2300 8 0
18 send 30 2100 8 0
18 wait 23 19 2100
18 wait 31 19 2300
18 irecv 34 3100 200 0
18 irecv 2 3300 200 0
18 send 34 3300 16 0
18 send 2 3100 16 0
18 wait 35 19 3100
18 wait 3 19 3300
18 irecv 19 1100 200 0
18 irecv 17 1300 200 0
18 send 19 1300 16 0
18 send 17 1100 16 0
18 wait 20 19 1100
18 wait 18 19 1300
18 irecv 22 2100 200 0
18 irecv 30 2300 200 0
18 send 22 2300 24 0
18 send 30 2100 24 0
18 wait 23 19 2100
18 wait 31 19 2300
18 irecv 34 3100 200 0
18 irecv 2 3300 200 0
18 send 34 3300 36 0
18 send 2 3100 36 0
18 wait 35 19 3100
18 wait 3 19 3300
18 irecv 19 1100 200 0
18 irecv 17 1300 200 0
18 send 19 1300 16 0
18 send 17 1100 16 0
18 wait 20 19 1100
18 wait 18 19 1300
18 irecv 22 2100 200 0
18 irecv 30 2300 200 0
18 send 22 2300 24 0
18 send 30 2100 24 0
18 wait 23 19 2100
18 wait 31 19 2300
18 irecv 34 3100 200 0
18 irecv 2 3300 200 0
18 send 34 3300 36 0
18 send 2 3100 36 0
18 wait 35 19 3100
18 wait 3 19 3300
18 irecv 19 1100 200 0
18 irecv 17 1300 200 0
18 send 19 1300 64 0
18 send 17 1100 64 0
18 wait 20 19 1100
18 wait 18 19 1300
18 irecv 22 2100 200 0
18 irecv 30 2300 200 0
18 send 22 2300 80 0
18 send 30 2100 80 0
18 wait 23 19 2100
18 wait 31 19 2300
18 irecv 34 3100 200 0
18 irecv 2 3300 200 0
18 send 34 3300 100 0
18 send 2 3100 100 0
18 wait 35 19 3100
18 wait 3 19 3300
18 irecv 19 1100 200 0
18 irecv 17 1300 200 0
18 send 19 1300 64 0
18 send 17 1100 64 0
18 wait 20 19 1100
18 wait 18 19 1300
18 irecv 22 2100 200 0
18 irecv 30 2300 200 0
18 send 22 2300 80 0
18 send 30 2100 80 0
18 wait 23 19 2100
18 wait 31 19 2300
18 irecv 34 3100 200 0
18 irecv 2 3300 200 0
18 send 34 3300 100 0
18 send 2 3100 100 0
18 wait 35 19 3100
18 wait 3 19 3300
18 irecv 19 1100 200 0
18 irecv 17 1300 200 0
18 send 19 1300 64 0
18 send 17 1100 64 0
18 wait 20 19 1100
18 wait 18 19 1300
18 irecv 22 2100 200 0
18 irecv 30 2300 200 0
18 send 22 2300 80 0
18 send 30 2100 80 0
18 wait 23 19 2100
18 wait 31 19 2300
18 irecv 34 3100 200 0
18 irecv 2 3300 200 0
18 send 34 3300 100 0
18 send 2 3100 100 0
18 wait 35 19 3100
18 wait 3 19 3300
18 irecv 19 1100 200 0
18 irecv 17 1300 200 0
18 send 19 1300 16 0
18 send 17 1100 16 0
18 wait 20 19 1100
18 wait 18 19 1300
18 irecv 22 2100 200 0
18 irecv 30 2300 200 0
18 send 22 2300 24 0
18 send 30 2100 24 0
18 wait 23 19 2100
18 wait 31 19 2300
18 irecv 34 3100 200 0
18 irecv 2 3300 200 0
18 send 34 3300 36 0
18 send 2 3100 36 0
18 wait 35 19 3100
18 wait 3 19 3300
18 irecv 19 1100 200 0
18 irecv 17 1300 200 0
18 send 19 1300 4 0
18 send 17 1100 4 0
18 wait 20 19 1100
18 wait 18 19 1300
18 irecv 22 2100 200 0
18 irecv 30 2300 200 0
18 send 22 2300 8 0
18 send 30 2100 8 0
18 wait 23 19 2100
18 wait 31 19 2300
18 irecv 34 3100 200 0
18 irecv 2 3300 200 0
18 send 34 3300 16 0
18 send 2 3100 16 0
18 wait 35 19 3100
18 wait 3 19 3300
18 irecv 19 1100 200 0
18 irecv 17 1300 200 0
18 send 19 1300 1 0
18 send 17 1100 1 0
18 wait 20 19 1100
18 wait 18 19 1300
18 irecv 22 2100 200 0
18 irecv 30 2300 200 0
18 send 22 2300 3 0
18 send 30 2100 3 0
18 wait 23 19 2100
18 wait 31 19 2300
18 irecv 34 3100 200 0
18 irecv 2 3300 200 0
18 send 34 3300 9 0
18 send 2 3100 9 0
18 wait 35 19 3100
18 wait 3 19 3300
18 irecv 19 1100 200 0
18 irecv 17 1300 200 0
18 wait 20 19 1100
18 wait 18 19 1300
18 irecv 22 2100 200 0
18 irecv 30 2300 200 0
18 wait 23 19 2100
18 wait 31 19 2300
18 send 34 3300 18 0
18 send 2 3100 9 0
18 irecv 19 1100 200 0
18 irecv 17 1300 200 0
18 send 19 1300 1 0
18 send 17 1100 1 0
18 wait 20 19 1100
18 wait 18 19 1300
18 irecv 22 2100 200 0
18 irecv 30 2300 200 0
18 send 22 2300 3 0
18 send 30 2100 3 0
18 wait 23 19 2100
18 wait 31 19 2300
18 irecv 34 3100 200 0
18 irecv 2 3300 200 0
18 send 34 3300 9 0
18 send 2 3100 9 0
18 wait 35 19 3100
18 wait 3 19 3300
18 irecv 19 1100 200 0
18 irecv 17 1300 200 0
18 send 19 1300 1 0
18 send 17 1100 1 0
18 wait 20 19 1100
18 wait 18 19 1300
18 irecv 22 2100 200 0
18 irecv 30 2300 200 0
18 send 22 2300 3 0
18 send 30 2100 3 0
18 wait 23 19 2100
18 wait 31 19 2300
18 irecv 34 3100 200 0
18 irecv 2 3300 200 0
18 send 34 3300 9 0
18 send 2 3100 9 0
18 wait 35 19 3100
18 wait 3 19 3300
18 irecv 19 1100 200 0
18 irecv 17 1300 200 0
18 send 19 1300 4 0
18 send 17 1100 4 0
18 wait 20 19 1100
18 wait 18 19 1300
18 irecv 22 2100 200 0
18 irecv 30 2300 200 0
18 send 22 2300 8 0
18 send 30 2100 8 0
18 wait 23 19 2100
18 wait 31 19 2300
18 irecv 34 3100 200 0
18 irecv 2 3300 200 0
18 send 34 3300 16 0
18 send 2 3100 16 0
18 wait 35 19 3100
18 wait 3 19 3300
18 irecv 19 1100 200 0
18 irecv 17 1300 200 0
18 send 19 1300 4 0
18 send 17 1100 4 0
18 wait 20 19 1100
18 wait 18 19 1300
18 irecv 22 2100 200 0
18 irecv 30 2300 200 0
18 send 22 2300 8 0
18 send 30 2100 8 0
18 wait 23 19 2100
18 wait 31 19 2300
18 irecv 34 3100 200 0
18 irecv 2 3300 200 0
18 send 34 3300 16 0
18 send 2 3100 16 0
18 wait 35 19 3100
18 wait 3 19 3300
18 irecv 19 1100 200 0
18 irecv 17 1300 200 0
18 send 19 1300 16 0
18 send 17 1100 16 0
18 wait 20 19 1100
18 wait 18 19 1300
18 irecv 22 2100 200 0
18 irecv 30 2300 200 0
18 send 22 2300 24 0
18 send 30 2100 24 0
18 wait 23 19 2100
18 wait 31 19 2300
18 irecv 34 3100 200 0
18 irecv 2 3300 200 0
18 send 34 3300 36 0
18 send 2 3100 36 0
18 wait 35 19 3100
18 wait 3 19 3300
18 irecv 19 1100 200 0
18 irecv 17 1300 200 0
18 send 19 1300 16 0
18 send 17 1100 16 0
18 wait 20 19 1100
18 wait 18 19 1300
18 irecv 22 2100 200 0
18 irecv 30 2300 200 0
18 send 22 2300 24 0
18 send 30 2100 24 0
18 wait 23 19 2100
18 wait 31 19 2300
18 irecv 34 3100 200 0
18 irecv 2 3300 200 0
18 send 34 3300 36 0
18 send 2 3100 36 0
18 wait 35 19 3100
18 wait 3 19 3300
18 irecv 19 1100 200 0
18 irecv 17 1300 200 0
18 send 19 1300 64 0
18 send 17 1100 64 0
18 wait 20 19 1100
18 wait 18 19 1300
18 irecv 22 2100 200 0
18 irecv 30 2300 200 0
18 send 22 2300 80 0
18 send 30 2100 80 0
18 wait 23 19 2100
18 wait 31 19 2300
18 irecv 34 3100 200 0
18 irecv 2 3300 200 0
18 send 34 3300 100 0
18 send 2 3100 100 0
18 wait 35 19 3100
18 wait 3 19 3300
18 irecv 19 1100 200 0
18 irecv 17 1300 200 0
18 send 19 1300 64 0
18 send 17 1100 64 0
18 wait 20 19 1100
18 wait 18 19 1300
18 irecv 22 2100 200 0
18 irecv 30 2300 200 0
18 send 22 2300 80 0
18 send 30 2100 80 0
18 wait 23 19 2100
18 wait 31 19 2300
18 irecv 34 3100 200 0
18 irecv 2 3300 200 0
18 send 34 3300 100 0
18 send 2 3100 100 0
18 wait 35 19 3100
18 wait 3 19 3300
18 irecv 19 1100 200 0
18 irecv 17 1300 200 0
18 send 19 1300 64 0
18 send 17 1100 64 0
18 wait 20 19 1100
18 wait 18 19 1300
18 irecv 22 2100 200 0
18 irecv 30 2300 200 0
18 send 22 2300 80 0
18 send 30 2100 80 0
18 wait 23 19 2100
18 wait 31 19 2300
18 irecv 34 3100 200 0
18 irecv 2 3300 200 0
18 send 34 3300 100 0
18 send 2 3100 100 0
18 wait 35 19 3100
18 wait 3 19 3300
18 irecv 19 1100 200 0
18 irecv 17 1300 200 0
18 send 19 1300 16 0
18 send 17 1100 16 0
18 wait 20 19 1100
18 wait 18 19 1300
18 irecv 22 2100 200 0
18 irecv 30 2300 200 0
18 send 22 2300 24 0
18 send 30 2100 24 0
18 wait 23 19 2100
18 wait 31 19 2300
18 irecv 34 3100 200 0
18 irecv 2 3300 200 0
18 send 34 3300 36 0
18 send 2 3100 36 0
18 wait 35 19 3100
18 wait 3 19 3300
18 irecv 19 1100 200 0
18 irecv 17 1300 200 0
18 send 19 1300 4 0
18 send 17 1100 4 0
18 wait 20 19 1100
18 wait 18 19 1300
18 irecv 22 2100 200 0
18 irecv 30 2300 200 0
18 send 22 2300 8 0
18 send 30 2100 8 0
18 wait 23 19 2100
18 wait 31 19 2300
18 irecv 34 3100 200 0
18 irecv 2 3300 200 0
18 send 34 3300 16 0
18 send 2 3100 16 0
18 wait 35 19 3100
18 wait 3 19 3300
18 irecv 19 1100 200 0
18 irecv 17 1300 200 0
18 send 19 1300 1 0
18 send 17 1100 1 0
18 wait 20 19 1100
18 wait 18 19 1300
18 irecv 22 2100 200 0
18 irecv 30 2300 200 0
18 send 22 2300 3 0
18 send 30 2100 3 0
18 wait 23 19 2100
18 wait 31 19 2300
18 irecv 34 3100 200 0
18 irecv 2 3300 200 0
18 send 34 3300 9 0
18 send 2 3100 9 0
18 wait 35 19 3100
18 wait 3 19 3300
18 irecv 19 1100 200 0
18 irecv 17 1300 200 0
18 wait 20 19 1100
18 wait 18 19 1300
18 irecv 22 2100 200 0
18 irecv 30 2300 200 0
18 wait 23 19 2100
18 wait 31 19 2300
18 send 34 3300 18 0
18 send 2 3100 9 0
18 irecv 19 1100 200 0
18 irecv 17 1300 200 0
18 send 19 1300 1 0
18 send 17 1100 1 0
18 wait 20 19 1100
18 wait 18 19 1300
18 irecv 22 2100 200 0
18 irecv 30 2300 200 0
18 send 22 2300 3 0
18 send 30 2100 3 0
18 wait 23 19 2100
18 wait 31 19 2300
18 irecv 34 3100 200 0
18 irecv 2 3300 200 0
18 send 34 3300 9 0
18 send 2 3100 9 0
18 wait 35 19 3100
18 wait 3 19 3300
18 irecv 19 1100 200 0
18 irecv 17 1300 200 0
18 send 19 1300 1 0
18 send 17 1100 1 0
18 wait 20 19 1100
18 wait 18 19 1300
18 irecv 22 2100 200 0
18 irecv 30 2300 200 0
18 send 22 2300 3 0
18 send 30 2100 3 0
18 wait 23 19 2100
18 wait 31 19 2300
18 irecv 34 3100 200 0
18 irecv 2 3300 200 0
18 send 34 3300 9 0
18 send 2 3100 9 0
18 wait 35 19 3100
18 wait 3 19 3300
18 irecv 19 1100 200 0
18 irecv 17 1300 200 0
18 send 19 1300 4 0
18 send 17 1100 4 0
18 wait 20 19 1100
18 wait 18 19 1300
18 irecv 22 2100 200 0
18 irecv 30 2300 200 0
18 send 22 2300 8 0
18 send 30 2100 8 0
18 wait 23 19 2100
18 compute 312.5
18 wait 31 19 2300
18 irecv 34 3100 200 0
18 irecv 2 3300 200 0
18 send 34 3300 16 0
18 send 2 3100 16 0
18 wait 35 19 3100
18 wait 3 19 3300
18 irecv 19 1100 200 0
18 irecv 17 1300 200 0
18 send 19 1300 4 0
18 send 17 1100 4 0
18 wait 20 19 1100
18 wait 18 19 1300
18 irecv 22 2100 200 0
18 irecv 30 2300 200 0
18 send 22 2300 8 0
18 send 30 2100 8 0
18 wait 23 19 2100
18 wait 31 19 2300
18 irecv 34 3100 200 0
18 irecv 2 3300 200 0
18 send 34 3300 16 0
18 send 2 3100 16 0
18 wait 35 19 3100
18 wait 3 19 3300
18 irecv 19 1100 200 0
18 irecv 17 1300 200 0
18 send 19 1300 16 0
18 send 17 1100 16 0
18 wait 20 19 1100
18 wait 18 19 1300
18 irecv 22 2100 200 0
18 irecv 30 2300 200 0
18 send 22 2300 24 0
18 send 30 2100 24 0
18 wait 23 19 2100
18 wait 31 19 2300
18 irecv 34 3100 200 0
18 irecv 2 3300 200 0
18 send 34 3300 36 0
18 send 2 3100 36 0
18 wait 35 19 3100
18 wait 3 19 3300
18 irecv 19 1100 200 0
18 irecv 17 1300 200 0
18 send 19 1300 16 0
18 send 17 1100 16 0
18 wait 20 19 1100
18 wait 18 19 1300
18 irecv 22 2100 200 0
18 irecv 30 2300 200 0
18 send 22 2300 24 0
18 send 30 2100 24 0
18 wait 23 19 2100
18 wait 31 19 2300
18 irecv 34 3100 200 0
18 irecv 2 3300 200 0
18 send 34 3300 36 0
18 send 2 3100 36 0
18 wait 35 19 3100
18 wait 3 19 3300
18 irecv 19 1100 200 0
18 irecv 17 1300 200 0
18 send 19 1300 64 0
18 send 17 1100 64 0
18 wait 20 19 1100
18 wait 18 19 1300
18 irecv 22 2100 200 0
18 irecv 30 2300 200 0
18 send 22 2300 80 0
18 send 30 2100 80 0
18 wait 23 19 2100
18 wait 31 19 2300
18 irecv 34 3100 200 0
18 irecv 2 3300 200 0
18 send 34 3300 100 0
18 send 2 3100 100 0
18 wait 35 19 3100
18 wait 3 19 3300
18 irecv 19 1100 200 0
18 irecv 17 1300 200 0
18 send 19 1300 64 0
18 send 17 1100 64 0
18 wait 20 19 1100
18 wait 18 19 1300
18 irecv 22 2100 200 0
18 irecv 30 2300 200 0
18 send 22 2300 80 0
18 send 30 2100 80 0
18 wait 23 19 2100
18 wait 31 19 2300
18 irecv 34 3100 200 0
18 irecv 2 3300 200 0
18 send 34 3300 100 0
18 send 2 3100 100 0
18 wait 35 19 3100
18 wait 3 19 3300
18 irecv 19 1100 200 0
18 irecv 17 1300 200 0
18 send 19 1300 64 0
18 send 17 1100 64 0
18 wait 20 19 1100
18 wait 18 19 1300
18 irecv 22 2100 200 0
18 irecv 30 2300 200 0
18 send 22 2300 80 0
18 send 30 2100 80 0
18 wait 23 19 2100
18 wait 31 19 2300
18 irecv 34 3100 200 0
18 irecv 2 3300 200 0
18 send 34 3300 100 0
18 send 2 3100 100 0
18 wait 35 19 3100
18 wait 3 19 3300
18 irecv 19 1100 200 0
18 irecv 17 1300 200 0
18 send 19 1300 16 0
18 send 17 1100 16 0
18 wait 20 19 1100
18 wait 18 19 1300
18 irecv 22 2100 200 0
18 irecv 30 2300 200 0
18 send 22 2300 24 0
18 send 30 2100 24 0
18 wait 23 19 2100
18 wait 31 19 2300
18 irecv 34 3100 200 0
18 irecv 2 3300 200 0
18 send 34 3300 36 0
18 send 2 3100 36 0
18 wait 35 19 3100
18 wait 3 19 3300
18 irecv 19 1100 200 0
18 irecv 17 1300 200 0
18 send 19 1300 4 0
18 send 17 1100 4 0
18 wait 20 19 1100
18 wait 18 19 1300
18 irecv 22 2100 200 0
18 irecv 30 2300 200 0
18 send 22 2300 8 0
18 send 30 2100 8 0
18 wait 23 19 2100
18 wait 31 19 2300
18 irecv 34 3100 200 0
18 irecv 2 3300 200 0
18 send 34 3300 16 0
18 send 2 3100 16 0
18 wait 35 19 3100
18 wait 3 19 3300
18 irecv 19 1100 200 0
18 irecv 17 1300 200 0
18 send 19 1300 1 0
18 send 17 1100 1 0
18 wait 20 19 1100
18 wait 18 19 1300
18 irecv 22 2100 200 0
18 irecv 30 2300 200 0
18 send 22 2300 3 0
18 send 30 2100 3 0
18 wait 23 19 2100
18 wait 31 19 2300
18 irecv 34 3100 200 0
18 irecv 2 3300 200 0
18 send 34 3300 9 0
18 send 2 3100 9 0
18 wait 35 19 3100
18 wait 3 19 3300
18 irecv 19 1100 200 0
18 irecv 17 1300 200 0
18 wait 20 19 1100
18 wait 18 19 1300
18 irecv 22 2100 200 0
18 irecv 30 2300 200 0
18 wait 23 19 2100
18 wait 31 19 2300
18 send 34 3300 18 0
18 send 2 3100 9 0
18 irecv 19 1100 200 0
18 irecv 17 1300 200 0
18 send 19 1300 1 0
18 send 17 1100 1 0
18 wait 20 19 1100
18 wait 18 19 1300
18 irecv 22 2100 200 0
18 irecv 30 2300 200 0
18 send 22 2300 3 0
18 send 30 2100 3 0
18 wait 23 19 2100
18 wait 31 19 2300
18 irecv 34 3100 200 0
18 irecv 2 3300 200 0
18 send 34 3300 9 0
18 send 2 3100 9 0
18 wait 35 19 3100
18 wait 3 19 3300
18 irecv 19 1100 200 0
18 irecv 17 1300 200 0
18 send 19 1300 1 0
18 send 17 1100 1 0
18 wait 20 19 1100
18 wait 18 19 1300
18 irecv 22 2100 200 0
18 irecv 30 2300 200 0
18 send 22 2300 3 0
18 send 30 2100 3 0
18 wait 23 19 2100
18 wait 31 19 2300
18 irecv 34 3100 200 0
18 irecv 2 3300 200 0
18 send 34 3300 9 0
18 send 2 3100 9 0
18 wait 35 19 3100
18 wait 3 19 3300
18 irecv 19 1100 200 0
18 irecv 17 1300 200 0
18 send 19 1300 4 0
18 send 17 1100 4 0
18 wait 20 19 1100
18 wait 18 19 1300
18 irecv 22 2100 200 0
18 irecv 30 2300 200 0
18 send 22 2300 8 0
18 send 30 2100 8 0
18 wait 23 19 2100
18 wait 31 19 2300
18 irecv 34 3100 200 0
18 irecv 2 3300 200 0
18 send 34 3300 16 0
18 send 2 3100 16 0
18 wait 35 19 3100
18 wait 3 19 3300
18 irecv 19 1100 200 0
18 irecv 17 1300 200 0
18 send 19 1300 4 0
18 send 17 1100 4 0
18 wait 20 19 1100
18 wait 18 19 1300
18 irecv 22 2100 200 0
18 irecv 30 2300 200 0
18 send 22 2300 8 0
18 send 30 2100 8 0
18 wait 23 19 2100
18 wait 31 19 2300
18 irecv 34 3100 200 0
18 irecv 2 3300 200 0
18 send 34 3300 16 0
18 send 2 3100 16 0
18 wait 35 19 3100
18 wait 3 19 3300
18 irecv 19 1100 200 0
18 irecv 17 1300 200 0
18 send 19 1300 16 0
18 send 17 1100 16 0
18 wait 20 19 1100
18 wait 18 19 1300
18 irecv 22 2100 200 0
18 irecv 30 2300 200 0
18 send 22 2300 24 0
18 send 30 2100 24 0
18 wait 23 19 2100
18 wait 31 19 2300
18 irecv 34 3100 200 0
18 irecv 2 3300 200 0
18 send 34 3300 36 0
18 send 2 3100 36 0
18 wait 35 19 3100
18 wait 3 19 3300
18 irecv 19 1100 200 0
18 irecv 17 1300 200 0
18 send 19 1300 16 0
18 send 17 1100 16 0
18 wait 20 19 1100
18 wait 18 19 1300
18 irecv 22 2100 200 0
18 irecv 30 2300 200 0
18 send 22 2300 24 0
18 send 30 2100 24 0
18 wait 23 19 2100
18 wait 31 19 2300
18 irecv 34 3100 200 0
18 irecv 2 3300 200 0
18 send 34 3300 36 0
18 send 2 3100 36 0
18 wait 35 19 3100
18 wait 3 19 3300
18 irecv 19 1100 200 0
18 irecv 17 1300 200 0
18 send 19 1300 64 0
18 send 17 1100 64 0
18 wait 20 19 1100
18 wait 18 19 1300
18 irecv 22 2100 200 0
18 irecv 30 2300 200 0
18 send 22 2300 80 0
18 send 30 2100 80 0
18 wait 23 19 2100
18 wait 31 19 2300
18 irecv 34 3100 200 0
18 irecv 2 3300 200 0
18 send 34 3300 100 0
18 send 2 3100 100 0
18 wait 35 19 3100
18 wait 3 19 3300
18 irecv 19 1100 200 0
18 irecv 17 1300 200 0
18 send 19 1300 64 0
18 send 17 1100 64 0
18 wait 20 19 1100
18 wait 18 19 1300
18 irecv 22 2100 200 0
18 irecv 30 2300 200 0
18 send 22 2300 80 0
18 send 30 2100 80 0
18 wait 23 19 2100
18 wait 31 19 2300
18 irecv 34 3100 200 0
18 irecv 2 3300 200 0
18 send 34 3300 100 0
18 send 2 3100 100 0
18 wait 35 19 3100
18 wait 3 19 3300
18 irecv 19 1100 200 0
18 irecv 17 1300 200 0
18 send 19 1300 64 0
18 send 17 1100 64 0
18 wait 20 19 1100
18 wait 18 19 1300
18 irecv 22 2100 200 0
18 irecv 30 2300 200 0
18 send 22 2300 80 0
18 send 30 2100 80 0
18 wait 23 19 2100
18 wait 31 19 2300
18 irecv 34 3100 200 0
18 irecv 2 3300 200 0
18 send 34 3300 100 0
18 send 2 3100 100 0
18 wait 35 19 3100
18 wait 3 19 3300
18 allreduce 1 0 0 
18 allreduce 1 0 0 
18 reduce 1 0 0 0 
18 finalize
