50 init
50 barrier
50 bcast 1 0 1 
50 bcast 1 0 1 
50 bcast 1 0 1 
50 bcast 1 0 1 
50 bcast 1 0 1 
50 bcast 8 0 1 
50 bcast 1 0 16 
50 barrier
50 allreduce 1 0 0 
50 allreduce 4 0 1 
50 allreduce 1 0 0 
50 allreduce 4 0 1 
50 allreduce 1 0 0 
50 allreduce 4 0 1 
50 allreduce 1 0 0 
50 allreduce 4 0 1 
50 allreduce 1 0 0 
50 allreduce 4 0 1 
50 allreduce 1 0 0 
50 allreduce 4 0 1 
50 allreduce 1 0 0 
50 allreduce 4 0 1 
50 allreduce 1 0 0 
50 allreduce 4 0 1 
50 allreduce 1 0 0 
50 allreduce 4 0 1 
50 allreduce 1 0 0 
50 allreduce 4 0 1 
50 allreduce 1 0 0 
50 allreduce 4 0 1 
50 allreduce 1 0 0 
50 allreduce 4 0 1 
50 allreduce 1 0 0 
50 allreduce 4 0 1 
50 allreduce 1 0 0 
50 allreduce 4 0 1 
50 allreduce 1 0 0 
50 allreduce 4 0 1 
50 allreduce 1 0 0 
50 allreduce 4 0 1 
50 allreduce 1 0 0 
50 allreduce 4 0 1 
50 allreduce 1 0 0 
50 allreduce 4 0 1 
50 allreduce 1 0 0 
50 allreduce 4 0 1 
50 allreduce 1 0 0 
50 allreduce 4 0 1 
50 barrier
50 irecv 51 1100 200 0
50 irecv 49 1300 200 0
50 send 51 1300 64 0
50 send 49 1100 64 0
50 wait 52 51 1100
50 wait 50 51 1300
50 irecv 54 2100 200 0
50 irecv 62 2300 200 0
50 send 54 2300 80 0
50 send 62 2100 80 0
50 wait 55 51 2100
50 wait 63 51 2300
50 irecv 2 3100 200 0
50 irecv 34 3300 200 0
50 send 2 3300 100 0
50 send 34 3100 100 0
50 wait 3 51 3100
50 wait 35 51 3300
50 allreduce 1 0 0 
50 allreduce 1 0 0 
50 irecv 51 1100 200 0
50 irecv 49 1300 200 0
50 send 51 1300 64 0
50 send 49 1100 64 0
50 wait 52 51 1100
50 wait 50 51 1300
50 irecv 54 2100 200 0
50 irecv 62 2300 200 0
50 send 54 2300 80 0
50 send 62 2100 80 0
50 wait 55 51 2100
50 wait 63 51 2300
50 irecv 2 3100 200 0
50 irecv 34 3300 200 0
50 send 2 3300 100 0
50 send 34 3100 100 0
50 wait 3 51 3100
50 wait 35 51 3300
50 allreduce 1 0 0 
50 allreduce 1 0 0 
50 irecv 51 1100 200 0
50 irecv 49 1300 200 0
50 send 51 1300 16 0
50 send 49 1100 16 0
50 wait 52 51 1100
50 wait 50 51 1300
50 irecv 54 2100 200 0
50 irecv 62 2300 200 0
50 send 54 2300 24 0
50 send 62 2100 24 0
50 wait 55 51 2100
50 wait 63 51 2300
50 irecv 2 3100 200 0
50 irecv 34 3300 200 0
50 send 2 3300 36 0
50 send 34 3100 36 0
50 wait 3 51 3100
50 wait 35 51 3300
50 irecv 51 1100 200 0
50 irecv 49 1300 200 0
50 send 51 1300 4 0
50 send 49 1100 4 0
50 wait 52 51 1100
50 wait 50 51 1300
50 irecv 54 2100 200 0
50 irecv 62 2300 200 0
50 send 54 2300 8 0
50 send 62 2100 8 0
50 wait 55 51 2100
50 wait 63 51 2300
50 irecv 2 3100 200 0
50 irecv 34 3300 200 0
50 send 2 3300 16 0
50 send 34 3100 16 0
50 wait 3 51 3100
50 wait 35 51 3300
50 irecv 51 1100 200 0
50 irecv 49 1300 200 0
50 send 51 1300 1 0
50 send 49 1100 1 0
50 wait 52 51 1100
50 wait 50 51 1300
50 irecv 54 2100 200 0
50 irecv 62 2300 200 0
50 send 54 2300 3 0
50 send 62 2100 3 0
50 wait 55 51 2100
50 wait 63 51 2300
50 irecv 2 3100 200 0
50 irecv 34 3300 200 0
50 send 2 3300 9 0
50 send 34 3100 9 0
50 wait 3 51 3100
50 wait 35 51 3300
50 irecv 51 1100 200 0
50 irecv 49 1300 200 0
50 wait 52 51 1100
50 wait 50 51 1300
50 irecv 54 2100 200 0
50 irecv 62 2300 200 0
50 wait 55 51 2100
50 wait 63 51 2300
50 send 2 3300 18 0
50 send 34 3100 9 0
50 irecv 51 1100 200 0
50 irecv 49 1300 200 0
50 send 51 1300 1 0
50 send 49 1100 1 0
50 wait 52 51 1100
50 wait 50 51 1300
50 irecv 54 2100 200 0
50 irecv 62 2300 200 0
50 send 54 2300 3 0
50 send 62 2100 3 0
50 wait 55 51 2100
50 wait 63 51 2300
50 irecv 2 3100 200 0
50 irecv 34 3300 200 0
50 send 2 3300 9 0
50 send 34 3100 9 0
50 wait 3 51 3100
50 wait 35 51 3300
50 irecv 51 1100 200 0
50 irecv 49 1300 200 0
50 send 51 1300 1 0
50 send 49 1100 1 0
50 wait 52 51 1100
50 wait 50 51 1300
50 irecv 54 2100 200 0
50 irecv 62 2300 200 0
50 send 54 2300 3 0
50 send 62 2100 3 0
50 wait 55 51 2100
50 wait 63 51 2300
50 irecv 2 3100 200 0
50 irecv 34 3300 200 0
50 send 2 3300 9 0
50 send 34 3100 9 0
50 wait 3 51 3100
50 wait 35 51 3300
50 irecv 51 1100 200 0
50 irecv 49 1300 200 0
50 send 51 1300 4 0
50 send 49 1100 4 0
50 wait 52 51 1100
50 wait 50 51 1300
50 irecv 54 2100 200 0
50 irecv 62 2300 200 0
50 send 54 2300 8 0
50 send 62 2100 8 0
50 wait 55 51 2100
50 wait 63 51 2300
50 irecv 2 3100 200 0
50 irecv 34 3300 200 0
50 send 2 3300 16 0
50 send 34 3100 16 0
50 wait 3 51 3100
50 wait 35 51 3300
50 irecv 51 1100 200 0
50 irecv 49 1300 200 0
50 send 51 1300 4 0
50 send 49 1100 4 0
50 wait 52 51 1100
50 wait 50 51 1300
50 irecv 54 2100 200 0
50 irecv 62 2300 200 0
50 send 54 2300 8 0
50 send 62 2100 8 0
50 wait 55 51 2100
50 wait 63 51 2300
50 irecv 2 3100 200 0
50 irecv 34 3300 200 0
50 send 2 3300 16 0
50 send 34 3100 16 0
50 wait 3 51 3100
50 wait 35 51 3300
50 irecv 51 1100 200 0
50 irecv 49 1300 200 0
50 send 51 1300 16 0
50 send 49 1100 16 0
50 wait 52 51 1100
50 wait 50 51 1300
50 irecv 54 2100 200 0
50 irecv 62 2300 200 0
50 send 54 2300 24 0
50 send 62 2100 24 0
50 wait 55 51 2100
50 wait 63 51 2300
50 irecv 2 3100 200 0
50 irecv 34 3300 200 0
50 send 2 3300 36 0
50 send 34 3100 36 0
50 wait 3 51 3100
50 wait 35 51 3300
50 irecv 51 1100 200 0
50 irecv 49 1300 200 0
50 send 51 1300 16 0
50 send 49 1100 16 0
50 wait 52 51 1100
50 wait 50 51 1300
50 irecv 54 2100 200 0
50 irecv 62 2300 200 0
50 send 54 2300 24 0
50 send 62 2100 24 0
50 wait 55 51 2100
50 wait 63 51 2300
50 irecv 2 3100 200 0
50 irecv 34 3300 200 0
50 send 2 3300 36 0
50 send 34 3100 36 0
50 wait 3 51 3100
50 wait 35 51 3300
50 irecv 51 1100 200 0
50 irecv 49 1300 200 0
50 send 51 1300 64 0
50 send 49 1100 64 0
50 wait 52 51 1100
50 wait 50 51 1300
50 irecv 54 2100 200 0
50 irecv 62 2300 200 0
50 send 54 2300 80 0
50 send 62 2100 80 0
50 wait 55 51 2100
50 wait 63 51 2300
50 irecv 2 3100 200 0
50 irecv 34 3300 200 0
50 send 2 3300 100 0
50 send 34 3100 100 0
50 wait 3 51 3100
50 wait 35 51 3300
50 irecv 51 1100 200 0
50 irecv 49 1300 200 0
50 send 51 1300 64 0
50 send 49 1100 64 0
50 wait 52 51 1100
50 wait 50 51 1300
50 irecv 54 2100 200 0
50 irecv 62 2300 200 0
50 send 54 2300 80 0
50 send 62 2100 80 0
50 wait 55 51 2100
50 wait 63 51 2300
50 irecv 2 3100 200 0
50 irecv 34 3300 200 0
50 send 2 3300 100 0
50 send 34 3100 100 0
50 wait 3 51 3100
50 wait 35 51 3300
50 irecv 51 1100 200 0
50 irecv 49 1300 200 0
50 send 51 1300 64 0
50 send 49 1100 64 0
50 wait 52 51 1100
50 wait 50 51 1300
50 irecv 54 2100 200 0
50 irecv 62 2300 200 0
50 send 54 2300 80 0
50 send 62 2100 80 0
50 wait 55 51 2100
50 wait 63 51 2300
50 irecv 2 3100 200 0
50 irecv 34 3300 200 0
50 send 2 3300 100 0
50 send 34 3100 100 0
50 wait 3 51 3100
50 wait 35 51 3300
50 barrier
50 allreduce 1 0 0 
50 allreduce 4 0 1 
50 allreduce 1 0 0 
50 allreduce 4 0 1 
50 allreduce 1 0 0 
50 allreduce 4 0 1 
50 allreduce 1 0 0 
50 allreduce 4 0 1 
50 allreduce 1 0 0 
50 allreduce 4 0 1 
50 allreduce 1 0 0 
50 allreduce 4 0 1 
50 allreduce 1 0 0 
50 allreduce 4 0 1 
50 allreduce 1 0 0 
50 allreduce 4 0 1 
50 allreduce 1 0 0 
50 allreduce 4 0 1 
50 allreduce 1 0 0 
50 allreduce 4 0 1 
50 allreduce 1 0 0 
50 allreduce 4 0 1 
50 allreduce 1 0 0 
50 allreduce 4 0 1 
50 allreduce 1 0 0 
50 allreduce 4 0 1 
50 allreduce 1 0 0 
50 allreduce 4 0 1 
50 allreduce 1 0 0 
50 allreduce 4 0 1 
50 allreduce 1 0 0 
50 allreduce 4 0 1 
50 allreduce 1 0 0 
50 allreduce 4 0 1 
50 allreduce 1 0 0 
50 allreduce 4 0 1 
50 allreduce 1 0 0 
50 allreduce 4 0 1 
50 allreduce 1 0 0 
50 allreduce 4 0 1 
50 barrier
50 irecv 51 1100 200 0
50 irecv 49 1300 200 0
50 send 51 1300 64 0
50 send 49 1100 64 0
50 wait 52 51 1100
50 wait 50 51 1300
50 irecv 54 2100 200 0
50 irecv 62 2300 200 0
50 send 54 2300 80 0
50 send 62 2100 80 0
50 wait 55 51 2100
50 wait 63 51 2300
50 irecv 2 3100 200 0
50 irecv 34 3300 200 0
50 send 2 3300 100 0
50 send 34 3100 100 0
50 wait 3 51 3100
50 wait 35 51 3300
50 barrier
50 irecv 51 1100 200 0
50 irecv 49 1300 200 0
50 send 51 1300 64 0
50 send 49 1100 64 0
50 wait 52 51 1100
50 wait 50 51 1300
50 irecv 54 2100 200 0
50 irecv 62 2300 200 0
50 send 54 2300 80 0
50 send 62 2100 80 0
50 wait 55 51 2100
50 wait 63 51 2300
50 irecv 2 3100 200 0
50 irecv 34 3300 200 0
50 send 2 3300 100 0
50 send 34 3100 100 0
50 wait 3 51 3100
50 wait 35 51 3300
50 allreduce 1 0 0 
50 allreduce 1 0 0 
50 irecv 51 1100 200 0
50 irecv 49 1300 200 0
50 send 51 1300 16 0
50 send 49 1100 16 0
50 wait 52 51 1100
50 wait 50 51 1300
50 irecv 54 2100 200 0
50 irecv 62 2300 200 0
50 send 54 2300 24 0
50 send 62 2100 24 0
50 wait 55 51 2100
50 wait 63 51 2300
50 irecv 2 3100 200 0
50 irecv 34 3300 200 0
50 send 2 3300 36 0
50 send 34 3100 36 0
50 wait 3 51 3100
50 wait 35 51 3300
50 irecv 51 1100 200 0
50 irecv 49 1300 200 0
50 send 51 1300 4 0
50 send 49 1100 4 0
50 wait 52 51 1100
50 wait 50 51 1300
50 irecv 54 2100 200 0
50 irecv 62 2300 200 0
50 send 54 2300 8 0
50 send 62 2100 8 0
50 wait 55 51 2100
50 wait 63 51 2300
50 irecv 2 3100 200 0
50 irecv 34 3300 200 0
50 send 2 3300 16 0
50 send 34 3100 16 0
50 wait 3 51 3100
50 wait 35 51 3300
50 irecv 51 1100 200 0
50 irecv 49 1300 200 0
50 send 51 1300 1 0
50 send 49 1100 1 0
50 wait 52 51 1100
50 wait 50 51 1300
50 irecv 54 2100 200 0
50 irecv 62 2300 200 0
50 send 54 2300 3 0
50 send 62 2100 3 0
50 wait 55 51 2100
50 wait 63 51 2300
50 irecv 2 3100 200 0
50 irecv 34 3300 200 0
50 send 2 3300 9 0
50 send 34 3100 9 0
50 wait 3 51 3100
50 wait 35 51 3300
50 irecv 51 1100 200 0
50 irecv 49 1300 200 0
50 wait 52 51 1100
50 wait 50 51 1300
50 irecv 54 2100 200 0
50 irecv 62 2300 200 0
50 wait 55 51 2100
50 wait 63 51 2300
50 send 2 3300 18 0
50 send 34 3100 9 0
50 irecv 51 1100 200 0
50 irecv 49 1300 200 0
50 send 51 1300 1 0
50 send 49 1100 1 0
50 wait 52 51 1100
50 wait 50 51 1300
50 irecv 54 2100 200 0
50 irecv 62 2300 200 0
50 send 54 2300 3 0
50 send 62 2100 3 0
50 wait 55 51 2100
50 wait 63 51 2300
50 irecv 2 3100 200 0
50 irecv 34 3300 200 0
50 send 2 3300 9 0
50 send 34 3100 9 0
50 wait 3 51 3100
50 wait 35 51 3300
50 irecv 51 1100 200 0
50 irecv 49 1300 200 0
50 send 51 1300 1 0
50 send 49 1100 1 0
50 wait 52 51 1100
50 wait 50 51 1300
50 irecv 54 2100 200 0
50 irecv 62 2300 200 0
50 send 54 2300 3 0
50 send 62 2100 3 0
50 wait 55 51 2100
50 wait 63 51 2300
50 irecv 2 3100 200 0
50 irecv 34 3300 200 0
50 send 2 3300 9 0
50 send 34 3100 9 0
50 wait 3 51 3100
50 wait 35 51 3300
50 irecv 51 1100 200 0
50 irecv 49 1300 200 0
50 send 51 1300 4 0
50 send 49 1100 4 0
50 wait 52 51 1100
50 wait 50 51 1300
50 irecv 54 2100 200 0
50 irecv 62 2300 200 0
50 send 54 2300 8 0
50 send 62 2100 8 0
50 wait 55 51 2100
50 wait 63 51 2300
50 irecv 2 3100 200 0
50 irecv 34 3300 200 0
50 send 2 3300 16 0
50 send 34 3100 16 0
50 wait 3 51 3100
50 wait 35 51 3300
50 irecv 51 1100 200 0
50 irecv 49 1300 200 0
50 send 51 1300 4 0
50 send 49 1100 4 0
50 wait 52 51 1100
50 wait 50 51 1300
50 irecv 54 2100 200 0
50 irecv 62 2300 200 0
50 send 54 2300 8 0
50 send 62 2100 8 0
50 wait 55 51 2100
50 wait 63 51 2300
50 irecv 2 3100 200 0
50 irecv 34 3300 200 0
50 send 2 3300 16 0
50 send 34 3100 16 0
50 wait 3 51 3100
50 wait 35 51 3300
50 irecv 51 1100 200 0
50 irecv 49 1300 200 0
50 send 51 1300 16 0
50 send 49 1100 16 0
50 wait 52 51 1100
50 wait 50 51 1300
50 irecv 54 2100 200 0
50 irecv 62 2300 200 0
50 send 54 2300 24 0
50 send 62 2100 24 0
50 wait 55 51 2100
50 wait 63 51 2300
50 irecv 2 3100 200 0
50 irecv 34 3300 200 0
50 send 2 3300 36 0
50 send 34 3100 36 0
50 wait 3 51 3100
50 wait 35 51 3300
50 irecv 51 1100 200 0
50 irecv 49 1300 200 0
50 send 51 1300 16 0
50 send 49 1100 16 0
50 wait 52 51 1100
50 wait 50 51 1300
50 irecv 54 2100 200 0
50 irecv 62 2300 200 0
50 send 54 2300 24 0
50 send 62 2100 24 0
50 wait 55 51 2100
50 wait 63 51 2300
50 irecv 2 3100 200 0
50 irecv 34 3300 200 0
50 send 2 3300 36 0
50 send 34 3100 36 0
50 wait 3 51 3100
50 wait 35 51 3300
50 irecv 51 1100 200 0
50 irecv 49 1300 200 0
50 send 51 1300 64 0
50 send 49 1100 64 0
50 wait 52 51 1100
50 wait 50 51 1300
50 irecv 54 2100 200 0
50 irecv 62 2300 200 0
50 send 54 2300 80 0
50 send 62 2100 80 0
50 wait 55 51 2100
50 wait 63 51 2300
50 irecv 2 3100 200 0
50 irecv 34 3300 200 0
50 send 2 3300 100 0
50 send 34 3100 100 0
50 wait 3 51 3100
50 wait 35 51 3300
50 irecv 51 1100 200 0
50 irecv 49 1300 200 0
50 send 51 1300 64 0
50 send 49 1100 64 0
50 wait 52 51 1100
50 wait 50 51 1300
50 irecv 54 2100 200 0
50 irecv 62 2300 200 0
50 send 54 2300 80 0
50 send 62 2100 80 0
50 wait 55 51 2100
50 wait 63 51 2300
50 irecv 2 3100 200 0
50 irecv 34 3300 200 0
50 send 2 3300 100 0
50 send 34 3100 100 0
50 wait 3 51 3100
50 wait 35 51 3300
50 irecv 51 1100 200 0
50 irecv 49 1300 200 0
50 send 51 1300 64 0
50 send 49 1100 64 0
50 wait 52 51 1100
50 wait 50 51 1300
50 irecv 54 2100 200 0
50 irecv 62 2300 200 0
50 send 54 2300 80 0
50 send 62 2100 80 0
50 wait 55 51 2100
50 wait 63 51 2300
50 irecv 2 3100 200 0
50 irecv 34 3300 200 0
50 send 2 3300 100 0
50 send 34 3100 100 0
50 wait 3 51 3100
50 wait 35 51 3300
50 irecv 51 1100 200 0
50 irecv 49 1300 200 0
50 send 51 1300 16 0
50 send 49 1100 16 0
50 wait 52 51 1100
50 wait 50 51 1300
50 irecv 54 2100 200 0
50 irecv 62 2300 200 0
50 send 54 2300 24 0
50 send 62 2100 24 0
50 wait 55 51 2100
50 wait 63 51 2300
50 irecv 2 3100 200 0
50 irecv 34 3300 200 0
50 send 2 3300 36 0
50 send 34 3100 36 0
50 wait 3 51 3100
50 wait 35 51 3300
50 irecv 51 1100 200 0
50 irecv 49 1300 200 0
50 send 51 1300 4 0
50 send 49 1100 4 0
50 wait 52 51 1100
50 wait 50 51 1300
50 irecv 54 2100 200 0
50 irecv 62 2300 200 0
50 send 54 2300 8 0
50 send 62 2100 8 0
50 wait 55 51 2100
50 wait 63 51 2300
50 irecv 2 3100 200 0
50 irecv 34 3300 200 0
50 send 2 3300 16 0
50 send 34 3100 16 0
50 wait 3 51 3100
50 wait 35 51 3300
50 irecv 51 1100 200 0
50 irecv 49 1300 200 0
50 send 51 1300 1 0
50 send 49 1100 1 0
50 wait 52 51 1100
50 wait 50 51 1300
50 irecv 54 2100 200 0
50 irecv 62 2300 200 0
50 send 54 2300 3 0
50 send 62 2100 3 0
50 wait 55 51 2100
50 wait 63 51 2300
50 irecv 2 3100 200 0
50 irecv 34 3300 200 0
50 send 2 3300 9 0
50 send 34 3100 9 0
50 wait 3 51 3100
50 wait 35 51 3300
50 irecv 51 1100 200 0
50 irecv 49 1300 200 0
50 wait 52 51 1100
50 wait 50 51 1300
50 irecv 54 2100 200 0
50 irecv 62 2300 200 0
50 wait 55 51 2100
50 wait 63 51 2300
50 send 2 3300 18 0
50 send 34 3100 9 0
50 irecv 51 1100 200 0
50 irecv 49 1300 200 0
50 send 51 1300 1 0
50 send 49 1100 1 0
50 wait 52 51 1100
50 wait 50 51 1300
50 irecv 54 2100 200 0
50 irecv 62 2300 200 0
50 send 54 2300 3 0
50 send 62 2100 3 0
50 wait 55 51 2100
50 wait 63 51 2300
50 irecv 2 3100 200 0
50 irecv 34 3300 200 0
50 send 2 3300 9 0
50 send 34 3100 9 0
50 wait 3 51 3100
50 wait 35 51 3300
50 irecv 51 1100 200 0
50 irecv 49 1300 200 0
50 send 51 1300 1 0
50 send 49 1100 1 0
50 wait 52 51 1100
50 wait 50 51 1300
50 irecv 54 2100 200 0
50 irecv 62 2300 200 0
50 send 54 2300 3 0
50 send 62 2100 3 0
50 wait 55 51 2100
50 wait 63 51 2300
50 irecv 2 3100 200 0
50 irecv 34 3300 200 0
50 send 2 3300 9 0
50 send 34 3100 9 0
50 wait 3 51 3100
50 wait 35 51 3300
50 irecv 51 1100 200 0
50 irecv 49 1300 200 0
50 send 51 1300 4 0
50 send 49 1100 4 0
50 wait 52 51 1100
50 wait 50 51 1300
50 irecv 54 2100 200 0
50 irecv 62 2300 200 0
50 send 54 2300 8 0
50 send 62 2100 8 0
50 wait 55 51 2100
50 wait 63 51 2300
50 irecv 2 3100 200 0
50 irecv 34 3300 200 0
50 send 2 3300 16 0
50 send 34 3100 16 0
50 wait 3 51 3100
50 wait 35 51 3300
50 irecv 51 1100 200 0
50 irecv 49 1300 200 0
50 send 51 1300 4 0
50 send 49 1100 4 0
50 wait 52 51 1100
50 wait 50 51 1300
50 irecv 54 2100 200 0
50 irecv 62 2300 200 0
50 send 54 2300 8 0
50 send 62 2100 8 0
50 wait 55 51 2100
50 wait 63 51 2300
50 irecv 2 3100 200 0
50 irecv 34 3300 200 0
50 send 2 3300 16 0
50 send 34 3100 16 0
50 wait 3 51 3100
50 wait 35 51 3300
50 irecv 51 1100 200 0
50 irecv 49 1300 200 0
50 send 51 1300 16 0
50 send 49 1100 16 0
50 wait 52 51 1100
50 wait 50 51 1300
50 irecv 54 2100 200 0
50 irecv 62 2300 200 0
50 send 54 2300 24 0
50 send 62 2100 24 0
50 wait 55 51 2100
50 wait 63 51 2300
50 irecv 2 3100 200 0
50 irecv 34 3300 200 0
50 send 2 3300 36 0
50 send 34 3100 36 0
50 wait 3 51 3100
50 wait 35 51 3300
50 irecv 51 1100 200 0
50 irecv 49 1300 200 0
50 send 51 1300 16 0
50 send 49 1100 16 0
50 wait 52 51 1100
50 wait 50 51 1300
50 irecv 54 2100 200 0
50 irecv 62 2300 200 0
50 send 54 2300 24 0
50 send 62 2100 24 0
50 wait 55 51 2100
50 wait 63 51 2300
50 irecv 2 3100 200 0
50 irecv 34 3300 200 0
50 send 2 3300 36 0
50 send 34 3100 36 0
50 wait 3 51 3100
50 wait 35 51 3300
50 irecv 51 1100 200 0
50 irecv 49 1300 200 0
50 send 51 1300 64 0
50 send 49 1100 64 0
50 wait 52 51 1100
50 wait 50 51 1300
50 irecv 54 2100 200 0
50 irecv 62 2300 200 0
50 send 54 2300 80 0
50 send 62 2100 80 0
50 wait 55 51 2100
50 wait 63 51 2300
50 irecv 2 3100 200 0
50 irecv 34 3300 200 0
50 send 2 3300 100 0
50 send 34 3100 100 0
50 wait 3 51 3100
50 wait 35 51 3300
50 irecv 51 1100 200 0
50 irecv 49 1300 200 0
50 send 51 1300 64 0
50 send 49 1100 64 0
50 wait 52 51 1100
50 wait 50 51 1300
50 irecv 54 2100 200 0
50 irecv 62 2300 200 0
50 send 54 2300 80 0
50 send 62 2100 80 0
50 wait 55 51 2100
50 wait 63 51 2300
50 irecv 2 3100 200 0
50 irecv 34 3300 200 0
50 send 2 3300 100 0
50 send 34 3100 100 0
50 wait 3 51 3100
50 wait 35 51 3300
50 irecv 51 1100 200 0
50 irecv 49 1300 200 0
50 send 51 1300 64 0
50 send 49 1100 64 0
50 wait 52 51 1100
50 wait 50 51 1300
50 irecv 54 2100 200 0
50 irecv 62 2300 200 0
50 send 54 2300 80 0
50 send 62 2100 80 0
50 wait 55 51 2100
50 wait 63 51 2300
50 irecv 2 3100 200 0
50 irecv 34 3300 200 0
50 send 2 3300 100 0
50 send 34 3100 100 0
50 wait 3 51 3100
50 wait 35 51 3300
50 irecv 51 1100 200 0
50 irecv 49 1300 200 0
50 send 51 1300 16 0
50 send 49 1100 16 0
50 wait 52 51 1100
50 wait 50 51 1300
50 irecv 54 2100 200 0
50 irecv 62 2300 200 0
50 send 54 2300 24 0
50 send 62 2100 24 0
50 wait 55 51 2100
50 wait 63 51 2300
50 irecv 2 3100 200 0
50 irecv 34 3300 200 0
50 send 2 3300 36 0
50 send 34 3100 36 0
50 wait 3 51 3100
50 wait 35 51 3300
50 irecv 51 1100 200 0
50 irecv 49 1300 200 0
50 send 51 1300 4 0
50 send 49 1100 4 0
50 wait 52 51 1100
50 wait 50 51 1300
50 irecv 54 2100 200 0
50 irecv 62 2300 200 0
50 send 54 2300 8 0
50 send 62 2100 8 0
50 wait 55 51 2100
50 wait 63 51 2300
50 irecv 2 3100 200 0
50 irecv 34 3300 200 0
50 send 2 3300 16 0
50 send 34 3100 16 0
50 wait 3 51 3100
50 wait 35 51 3300
50 irecv 51 1100 200 0
50 irecv 49 1300 200 0
50 send 51 1300 1 0
50 send 49 1100 1 0
50 wait 52 51 1100
50 wait 50 51 1300
50 irecv 54 2100 200 0
50 irecv 62 2300 200 0
50 send 54 2300 3 0
50 send 62 2100 3 0
50 wait 55 51 2100
50 wait 63 51 2300
50 irecv 2 3100 200 0
50 irecv 34 3300 200 0
50 send 2 3300 9 0
50 send 34 3100 9 0
50 wait 3 51 3100
50 wait 35 51 3300
50 irecv 51 1100 200 0
50 irecv 49 1300 200 0
50 wait 52 51 1100
50 wait 50 51 1300
50 irecv 54 2100 200 0
50 irecv 62 2300 200 0
50 wait 55 51 2100
50 wait 63 51 2300
50 send 2 3300 18 0
50 send 34 3100 9 0
50 irecv 51 1100 200 0
50 irecv 49 1300 200 0
50 send 51 1300 1 0
50 send 49 1100 1 0
50 wait 52 51 1100
50 wait 50 51 1300
50 irecv 54 2100 200 0
50 irecv 62 2300 200 0
50 send 54 2300 3 0
50 send 62 2100 3 0
50 wait 55 51 2100
50 wait 63 51 2300
50 irecv 2 3100 200 0
50 irecv 34 3300 200 0
50 send 2 3300 9 0
50 send 34 3100 9 0
50 wait 3 51 3100
50 wait 35 51 3300
50 irecv 51 1100 200 0
50 irecv 49 1300 200 0
50 send 51 1300 1 0
50 send 49 1100 1 0
50 wait 52 51 1100
50 wait 50 51 1300
50 irecv 54 2100 200 0
50 irecv 62 2300 200 0
50 send 54 2300 3 0
50 send 62 2100 3 0
50 wait 55 51 2100
50 wait 63 51 2300
50 irecv 2 3100 200 0
50 irecv 34 3300 200 0
50 send 2 3300 9 0
50 send 34 3100 9 0
50 wait 3 51 3100
50 wait 35 51 3300
50 irecv 51 1100 200 0
50 irecv 49 1300 200 0
50 send 51 1300 4 0
50 send 49 1100 4 0
50 wait 52 51 1100
50 wait 50 51 1300
50 irecv 54 2100 200 0
50 irecv 62 2300 200 0
50 send 54 2300 8 0
50 send 62 2100 8 0
50 wait 55 51 2100
50 wait 63 51 2300
50 irecv 2 3100 200 0
50 irecv 34 3300 200 0
50 send 2 3300 16 0
50 send 34 3100 16 0
50 wait 3 51 3100
50 wait 35 51 3300
50 irecv 51 1100 200 0
50 irecv 49 1300 200 0
50 send 51 1300 4 0
50 send 49 1100 4 0
50 wait 52 51 1100
50 wait 50 51 1300
50 irecv 54 2100 200 0
50 irecv 62 2300 200 0
50 send 54 2300 8 0
50 send 62 2100 8 0
50 wait 55 51 2100
50 wait 63 51 2300
50 irecv 2 3100 200 0
50 irecv 34 3300 200 0
50 send 2 3300 16 0
50 send 34 3100 16 0
50 wait 3 51 3100
50 wait 35 51 3300
50 irecv 51 1100 200 0
50 irecv 49 1300 200 0
50 send 51 1300 16 0
50 send 49 1100 16 0
50 wait 52 51 1100
50 wait 50 51 1300
50 irecv 54 2100 200 0
50 irecv 62 2300 200 0
50 send 54 2300 24 0
50 send 62 2100 24 0
50 wait 55 51 2100
50 wait 63 51 2300
50 irecv 2 3100 200 0
50 irecv 34 3300 200 0
50 send 2 3300 36 0
50 send 34 3100 36 0
50 wait 3 51 3100
50 wait 35 51 3300
50 irecv 51 1100 200 0
50 irecv 49 1300 200 0
50 send 51 1300 16 0
50 send 49 1100 16 0
50 wait 52 51 1100
50 wait 50 51 1300
50 irecv 54 2100 200 0
50 irecv 62 2300 200 0
50 send 54 2300 24 0
50 send 62 2100 24 0
50 wait 55 51 2100
50 wait 63 51 2300
50 irecv 2 3100 200 0
50 irecv 34 3300 200 0
50 send 2 3300 36 0
50 send 34 3100 36 0
50 wait 3 51 3100
50 wait 35 51 3300
50 irecv 51 1100 200 0
50 irecv 49 1300 200 0
50 send 51 1300 64 0
50 send 49 1100 64 0
50 wait 52 51 1100
50 wait 50 51 1300
50 irecv 54 2100 200 0
50 irecv 62 2300 200 0
50 send 54 2300 80 0
50 send 62 2100 80 0
50 wait 55 51 2100
50 wait 63 51 2300
50 irecv 2 3100 200 0
50 irecv 34 3300 200 0
50 send 2 3300 100 0
50 send 34 3100 100 0
50 wait 3 51 3100
50 wait 35 51 3300
50 irecv 51 1100 200 0
50 irecv 49 1300 200 0
50 send 51 1300 64 0
50 send 49 1100 64 0
50 wait 52 51 1100
50 wait 50 51 1300
50 irecv 54 2100 200 0
50 irecv 62 2300 200 0
50 send 54 2300 80 0
50 send 62 2100 80 0
50 wait 55 51 2100
50 wait 63 51 2300
50 irecv 2 3100 200 0
50 irecv 34 3300 200 0
50 send 2 3300 100 0
50 send 34 3100 100 0
50 wait 3 51 3100
50 wait 35 51 3300
50 irecv 51 1100 200 0
50 irecv 49 1300 200 0
50 send 51 1300 64 0
50 send 49 1100 64 0
50 wait 52 51 1100
50 wait 50 51 1300
50 irecv 54 2100 200 0
50 irecv 62 2300 200 0
50 send 54 2300 80 0
50 send 62 2100 80 0
50 wait 55 51 2100
50 wait 63 51 2300
50 irecv 2 3100 200 0
50 irecv 34 3300 200 0
50 send 2 3300 100 0
50 send 34 3100 100 0
50 wait 3 51 3100
50 wait 35 51 3300
50 irecv 51 1100 200 0
50 irecv 49 1300 200 0
50 send 51 1300 16 0
50 send 49 1100 16 0
50 wait 52 51 1100
50 wait 50 51 1300
50 irecv 54 2100 200 0
50 irecv 62 2300 200 0
50 send 54 2300 24 0
50 send 62 2100 24 0
50 wait 55 51 2100
50 wait 63 51 2300
50 irecv 2 3100 200 0
50 irecv 34 3300 200 0
50 send 2 3300 36 0
50 send 34 3100 36 0
50 wait 3 51 3100
50 wait 35 51 3300
50 irecv 51 1100 200 0
50 irecv 49 1300 200 0
50 send 51 1300 4 0
50 send 49 1100 4 0
50 wait 52 51 1100
50 wait 50 51 1300
50 irecv 54 2100 200 0
50 irecv 62 2300 200 0
50 send 54 2300 8 0
50 send 62 2100 8 0
50 wait 55 51 2100
50 wait 63 51 2300
50 irecv 2 3100 200 0
50 irecv 34 3300 200 0
50 send 2 3300 16 0
50 send 34 3100 16 0
50 wait 3 51 3100
50 wait 35 51 3300
50 irecv 51 1100 200 0
50 irecv 49 1300 200 0
50 send 51 1300 1 0
50 send 49 1100 1 0
50 wait 52 51 1100
50 wait 50 51 1300
50 irecv 54 2100 200 0
50 irecv 62 2300 200 0
50 send 54 2300 3 0
50 send 62 2100 3 0
50 wait 55 51 2100
50 wait 63 51 2300
50 irecv 2 3100 200 0
50 irecv 34 3300 200 0
50 send 2 3300 9 0
50 send 34 3100 9 0
50 wait 3 51 3100
50 wait 35 51 3300
50 irecv 51 1100 200 0
50 irecv 49 1300 200 0
50 wait 52 51 1100
50 wait 50 51 1300
50 irecv 54 2100 200 0
50 irecv 62 2300 200 0
50 wait 55 51 2100
50 wait 63 51 2300
50 send 2 3300 18 0
50 send 34 3100 9 0
50 irecv 51 1100 200 0
50 irecv 49 1300 200 0
50 send 51 1300 1 0
50 send 49 1100 1 0
50 wait 52 51 1100
50 wait 50 51 1300
50 irecv 54 2100 200 0
50 irecv 62 2300 200 0
50 send 54 2300 3 0
50 send 62 2100 3 0
50 wait 55 51 2100
50 wait 63 51 2300
50 irecv 2 3100 200 0
50 irecv 34 3300 200 0
50 send 2 3300 9 0
50 send 34 3100 9 0
50 wait 3 51 3100
50 wait 35 51 3300
50 irecv 51 1100 200 0
50 irecv 49 1300 200 0
50 send 51 1300 1 0
50 send 49 1100 1 0
50 wait 52 51 1100
50 wait 50 51 1300
50 irecv 54 2100 200 0
50 irecv 62 2300 200 0
50 send 54 2300 3 0
50 send 62 2100 3 0
50 wait 55 51 2100
50 wait 63 51 2300
50 irecv 2 3100 200 0
50 irecv 34 3300 200 0
50 send 2 3300 9 0
50 send 34 3100 9 0
50 wait 3 51 3100
50 wait 35 51 3300
50 irecv 51 1100 200 0
50 irecv 49 1300 200 0
50 send 51 1300 4 0
50 send 49 1100 4 0
50 wait 52 51 1100
50 wait 50 51 1300
50 irecv 54 2100 200 0
50 irecv 62 2300 200 0
50 send 54 2300 8 0
50 send 62 2100 8 0
50 wait 55 51 2100
50 wait 63 51 2300
50 irecv 2 3100 200 0
50 irecv 34 3300 200 0
50 send 2 3300 16 0
50 send 34 3100 16 0
50 wait 3 51 3100
50 wait 35 51 3300
50 irecv 51 1100 200 0
50 irecv 49 1300 200 0
50 send 51 1300 4 0
50 send 49 1100 4 0
50 wait 52 51 1100
50 wait 50 51 1300
50 irecv 54 2100 200 0
50 irecv 62 2300 200 0
50 send 54 2300 8 0
50 send 62 2100 8 0
50 wait 55 51 2100
50 wait 63 51 2300
50 irecv 2 3100 200 0
50 irecv 34 3300 200 0
50 send 2 3300 16 0
50 send 34 3100 16 0
50 wait 3 51 3100
50 wait 35 51 3300
50 irecv 51 1100 200 0
50 irecv 49 1300 200 0
50 send 51 1300 16 0
50 send 49 1100 16 0
50 wait 52 51 1100
50 wait 50 51 1300
50 irecv 54 2100 200 0
50 irecv 62 2300 200 0
50 send 54 2300 24 0
50 send 62 2100 24 0
50 wait 55 51 2100
50 wait 63 51 2300
50 irecv 2 3100 200 0
50 irecv 34 3300 200 0
50 send 2 3300 36 0
50 send 34 3100 36 0
50 wait 3 51 3100
50 wait 35 51 3300
50 irecv 51 1100 200 0
50 irecv 49 1300 200 0
50 send 51 1300 16 0
50 send 49 1100 16 0
50 wait 52 51 1100
50 wait 50 51 1300
50 irecv 54 2100 200 0
50 irecv 62 2300 200 0
50 send 54 2300 24 0
50 send 62 2100 24 0
50 wait 55 51 2100
50 wait 63 51 2300
50 irecv 2 3100 200 0
50 irecv 34 3300 200 0
50 send 2 3300 36 0
50 send 34 3100 36 0
50 wait 3 51 3100
50 wait 35 51 3300
50 irecv 51 1100 200 0
50 irecv 49 1300 200 0
50 send 51 1300 64 0
50 send 49 1100 64 0
50 wait 52 51 1100
50 wait 50 51 1300
50 irecv 54 2100 200 0
50 irecv 62 2300 200 0
50 send 54 2300 80 0
50 send 62 2100 80 0
50 wait 55 51 2100
50 wait 63 51 2300
50 irecv 2 3100 200 0
50 irecv 34 3300 200 0
50 send 2 3300 100 0
50 send 34 3100 100 0
50 wait 3 51 3100
50 wait 35 51 3300
50 irecv 51 1100 200 0
50 irecv 49 1300 200 0
50 send 51 1300 64 0
50 send 49 1100 64 0
50 wait 52 51 1100
50 wait 50 51 1300
50 irecv 54 2100 200 0
50 irecv 62 2300 200 0
50 send 54 2300 80 0
50 send 62 2100 80 0
50 wait 55 51 2100
50 wait 63 51 2300
50 irecv 2 3100 200 0
50 irecv 34 3300 200 0
50 send 2 3300 100 0
50 send 34 3100 100 0
50 wait 3 51 3100
50 wait 35 51 3300
50 irecv 51 1100 200 0
50 irecv 49 1300 200 0
50 send 51 1300 64 0
50 send 49 1100 64 0
50 wait 52 51 1100
50 wait 50 51 1300
50 irecv 54 2100 200 0
50 irecv 62 2300 200 0
50 send 54 2300 80 0
50 send 62 2100 80 0
50 wait 55 51 2100
50 wait 63 51 2300
50 irecv 2 3100 200 0
50 irecv 34 3300 200 0
50 send 2 3300 100 0
50 send 34 3100 100 0
50 wait 3 51 3100
50 wait 35 51 3300
50 allreduce 1 0 0 
50 allreduce 1 0 0 
50 reduce 1 0 0 0 
50 finalize
