44 init
44 barrier
44 bcast 1 0 1 
44 bcast 1 0 1 
44 bcast 1 0 1 
44 bcast 1 0 1 
44 bcast 1 0 1 
44 bcast 8 0 1 
44 bcast 1 0 16 
44 barrier
44 allreduce 1 0 0 
44 allreduce 4 0 1 
44 allreduce 1 0 0 
44 allreduce 4 0 1 
44 allreduce 1 0 0 
44 allreduce 4 0 1 
44 allreduce 1 0 0 
44 allreduce 4 0 1 
44 allreduce 1 0 0 
44 allreduce 4 0 1 
44 allreduce 1 0 0 
44 allreduce 4 0 1 
44 allreduce 1 0 0 
44 allreduce 4 0 1 
44 allreduce 1 0 0 
44 allreduce 4 0 1 
44 allreduce 1 0 0 
44 allreduce 4 0 1 
44 allreduce 1 0 0 
44 allreduce 4 0 1 
44 allreduce 1 0 0 
44 allreduce 4 0 1 
44 allreduce 1 0 0 
44 allreduce 4 0 1 
44 allreduce 1 0 0 
44 allreduce 4 0 1 
44 allreduce 1 0 0 
44 allreduce 4 0 1 
44 allreduce 1 0 0 
44 allreduce 4 0 1 
44 allreduce 1 0 0 
44 allreduce 4 0 1 
44 allreduce 1 0 0 
44 allreduce 4 0 1 
44 allreduce 1 0 0 
44 allreduce 4 0 1 
44 allreduce 1 0 0 
44 allreduce 4 0 1 
44 allreduce 1 0 0 
44 allreduce 4 0 1 
44 barrier
44 irecv 45 1100 200 0
44 irecv 47 1300 200 0
44 send 45 1300 64 0
44 send 47 1100 64 0
44 wait 46 45 1100
44 wait 48 45 1300
44 irecv 32 2100 200 0
44 irecv 40 2300 200 0
44 send 32 2300 80 0
44 send 40 2100 80 0
44 wait 33 45 2100
44 wait 41 45 2300
44 irecv 60 3100 200 0
44 irecv 28 3300 200 0
44 send 60 3300 100 0
44 send 28 3100 100 0
44 wait 61 45 3100
44 wait 29 45 3300
44 allreduce 1 0 0 
44 allreduce 1 0 0 
44 irecv 45 1100 200 0
44 irecv 47 1300 200 0
44 send 45 1300 64 0
44 send 47 1100 64 0
44 wait 46 45 1100
44 wait 48 45 1300
44 irecv 32 2100 200 0
44 irecv 40 2300 200 0
44 send 32 2300 80 0
44 send 40 2100 80 0
44 wait 33 45 2100
44 wait 41 45 2300
44 irecv 60 3100 200 0
44 irecv 28 3300 200 0
44 send 60 3300 100 0
44 send 28 3100 100 0
44 wait 61 45 3100
44 wait 29 45 3300
44 allreduce 1 0 0 
44 allreduce 1 0 0 
44 irecv 45 1100 200 0
44 irecv 47 1300 200 0
44 send 45 1300 16 0
44 send 47 1100 16 0
44 wait 46 45 1100
44 wait 48 45 1300
44 irecv 32 2100 200 0
44 irecv 40 2300 200 0
44 send 32 2300 24 0
44 send 40 2100 24 0
44 wait 33 45 2100
44 wait 41 45 2300
44 irecv 60 3100 200 0
44 irecv 28 3300 200 0
44 send 60 3300 36 0
44 send 28 3100 36 0
44 wait 61 45 3100
44 wait 29 45 3300
44 irecv 45 1100 200 0
44 irecv 47 1300 200 0
44 send 45 1300 4 0
44 send 47 1100 4 0
44 wait 46 45 1100
44 wait 48 45 1300
44 irecv 32 2100 200 0
44 irecv 40 2300 200 0
44 send 32 2300 8 0
44 send 40 2100 8 0
44 wait 33 45 2100
44 wait 41 45 2300
44 irecv 60 3100 200 0
44 irecv 28 3300 200 0
44 send 60 3300 16 0
44 send 28 3100 16 0
44 wait 61 45 3100
44 wait 29 45 3300
44 irecv 45 1100 200 0
44 irecv 47 1300 200 0
44 send 45 1300 1 0
44 send 47 1100 1 0
44 wait 46 45 1100
44 wait 48 45 1300
44 irecv 32 2100 200 0
44 irecv 40 2300 200 0
44 send 32 2300 3 0
44 send 40 2100 3 0
44 wait 33 45 2100
44 wait 41 45 2300
44 irecv 60 3100 200 0
44 irecv 28 3300 200 0
44 send 60 3300 9 0
44 send 28 3100 9 0
44 wait 61 45 3100
44 wait 29 45 3300
44 irecv 45 1100 200 0
44 irecv 47 1300 200 0
44 wait 46 45 1100
44 wait 48 45 1300
44 send 32 2300 18 0
44 send 40 2100 9 0
44 irecv 60 3100 200 0
44 irecv 28 3300 200 0
44 wait 61 45 3100
44 wait 29 45 3300
44 irecv 45 1100 200 0
44 irecv 47 1300 200 0
44 send 45 1300 1 0
44 send 47 1100 1 0
44 wait 46 45 1100
44 wait 48 45 1300
44 irecv 32 2100 200 0
44 irecv 40 2300 200 0
44 send 32 2300 3 0
44 send 40 2100 3 0
44 wait 33 45 2100
44 wait 41 45 2300
44 irecv 60 3100 200 0
44 irecv 28 3300 200 0
44 send 60 3300 9 0
44 send 28 3100 9 0
44 wait 61 45 3100
44 wait 29 45 3300
44 irecv 45 1100 200 0
44 irecv 47 1300 200 0
44 send 45 1300 1 0
44 send 47 1100 1 0
44 wait 46 45 1100
44 wait 48 45 1300
44 irecv 32 2100 200 0
44 irecv 40 2300 200 0
44 send 32 2300 3 0
44 send 40 2100 3 0
44 wait 33 45 2100
44 wait 41 45 2300
44 irecv 60 3100 200 0
44 irecv 28 3300 200 0
44 send 60 3300 9 0
44 send 28 3100 9 0
44 wait 61 45 3100
44 wait 29 45 3300
44 irecv 45 1100 200 0
44 irecv 47 1300 200 0
44 send 45 1300 4 0
44 send 47 1100 4 0
44 wait 46 45 1100
44 wait 48 45 1300
44 irecv 32 2100 200 0
44 irecv 40 2300 200 0
44 send 32 2300 8 0
44 send 40 2100 8 0
44 wait 33 45 2100
44 wait 41 45 2300
44 irecv 60 3100 200 0
44 irecv 28 3300 200 0
44 send 60 3300 16 0
44 send 28 3100 16 0
44 wait 61 45 3100
44 wait 29 45 3300
44 irecv 45 1100 200 0
44 irecv 47 1300 200 0
44 send 45 1300 4 0
44 send 47 1100 4 0
44 wait 46 45 1100
44 wait 48 45 1300
44 irecv 32 2100 200 0
44 irecv 40 2300 200 0
44 send 32 2300 8 0
44 send 40 2100 8 0
44 wait 33 45 2100
44 wait 41 45 2300
44 irecv 60 3100 200 0
44 irecv 28 3300 200 0
44 send 60 3300 16 0
44 send 28 3100 16 0
44 wait 61 45 3100
44 wait 29 45 3300
44 irecv 45 1100 200 0
44 irecv 47 1300 200 0
44 send 45 1300 16 0
44 send 47 1100 16 0
44 wait 46 45 1100
44 wait 48 45 1300
44 irecv 32 2100 200 0
44 irecv 40 2300 200 0
44 send 32 2300 24 0
44 send 40 2100 24 0
44 wait 33 45 2100
44 wait 41 45 2300
44 irecv 60 3100 200 0
44 irecv 28 3300 200 0
44 send 60 3300 36 0
44 send 28 3100 36 0
44 wait 61 45 3100
44 wait 29 45 3300
44 irecv 45 1100 200 0
44 irecv 47 1300 200 0
44 send 45 1300 16 0
44 send 47 1100 16 0
44 wait 46 45 1100
44 wait 48 45 1300
44 irecv 32 2100 200 0
44 irecv 40 2300 200 0
44 send 32 2300 24 0
44 send 40 2100 24 0
44 wait 33 45 2100
44 wait 41 45 2300
44 irecv 60 3100 200 0
44 irecv 28 3300 200 0
44 send 60 3300 36 0
44 send 28 3100 36 0
44 wait 61 45 3100
44 wait 29 45 3300
44 irecv 45 1100 200 0
44 irecv 47 1300 200 0
44 send 45 1300 64 0
44 send 47 1100 64 0
44 wait 46 45 1100
44 wait 48 45 1300
44 irecv 32 2100 200 0
44 irecv 40 2300 200 0
44 send 32 2300 80 0
44 send 40 2100 80 0
44 wait 33 45 2100
44 wait 41 45 2300
44 irecv 60 3100 200 0
44 irecv 28 3300 200 0
44 send 60 3300 100 0
44 send 28 3100 100 0
44 wait 61 45 3100
44 wait 29 45 3300
44 irecv 45 1100 200 0
44 irecv 47 1300 200 0
44 send 45 1300 64 0
44 send 47 1100 64 0
44 wait 46 45 1100
44 wait 48 45 1300
44 irecv 32 2100 200 0
44 irecv 40 2300 200 0
44 send 32 2300 80 0
44 send 40 2100 80 0
44 wait 33 45 2100
44 wait 41 45 2300
44 irecv 60 3100 200 0
44 irecv 28 3300 200 0
44 send 60 3300 100 0
44 send 28 3100 100 0
44 wait 61 45 3100
44 wait 29 45 3300
44 irecv 45 1100 200 0
44 irecv 47 1300 200 0
44 send 45 1300 64 0
44 send 47 1100 64 0
44 wait 46 45 1100
44 wait 48 45 1300
44 irecv 32 2100 200 0
44 irecv 40 2300 200 0
44 send 32 2300 80 0
44 send 40 2100 80 0
44 wait 33 45 2100
44 wait 41 45 2300
44 irecv 60 3100 200 0
44 irecv 28 3300 200 0
44 send 60 3300 100 0
44 send 28 3100 100 0
44 wait 61 45 3100
44 wait 29 45 3300
44 barrier
44 allreduce 1 0 0 
44 allreduce 4 0 1 
44 allreduce 1 0 0 
44 allreduce 4 0 1 
44 allreduce 1 0 0 
44 allreduce 4 0 1 
44 allreduce 1 0 0 
44 allreduce 4 0 1 
44 allreduce 1 0 0 
44 allreduce 4 0 1 
44 allreduce 1 0 0 
44 allreduce 4 0 1 
44 allreduce 1 0 0 
44 allreduce 4 0 1 
44 allreduce 1 0 0 
44 allreduce 4 0 1 
44 allreduce 1 0 0 
44 allreduce 4 0 1 
44 allreduce 1 0 0 
44 allreduce 4 0 1 
44 allreduce 1 0 0 
44 allreduce 4 0 1 
44 allreduce 1 0 0 
44 allreduce 4 0 1 
44 allreduce 1 0 0 
44 allreduce 4 0 1 
44 allreduce 1 0 0 
44 allreduce 4 0 1 
44 allreduce 1 0 0 
44 allreduce 4 0 1 
44 allreduce 1 0 0 
44 allreduce 4 0 1 
44 allreduce 1 0 0 
44 allreduce 4 0 1 
44 allreduce 1 0 0 
44 allreduce 4 0 1 
44 allreduce 1 0 0 
44 allreduce 4 0 1 
44 allreduce 1 0 0 
44 allreduce 4 0 1 
44 barrier
44 irecv 45 1100 200 0
44 irecv 47 1300 200 0
44 send 45 1300 64 0
44 send 47 1100 64 0
44 wait 46 45 1100
44 wait 48 45 1300
44 irecv 32 2100 200 0
44 irecv 40 2300 200 0
44 send 32 2300 80 0
44 send 40 2100 80 0
44 wait 33 45 2100
44 wait 41 45 2300
44 irecv 60 3100 200 0
44 irecv 28 3300 200 0
44 send 60 3300 100 0
44 send 28 3100 100 0
44 wait 61 45 3100
44 wait 29 45 3300
44 barrier
44 irecv 45 1100 200 0
44 irecv 47 1300 200 0
44 send 45 1300 64 0
44 send 47 1100 64 0
44 wait 46 45 1100
44 wait 48 45 1300
44 irecv 32 2100 200 0
44 irecv 40 2300 200 0
44 send 32 2300 80 0
44 send 40 2100 80 0
44 wait 33 45 2100
44 wait 41 45 2300
44 irecv 60 3100 200 0
44 irecv 28 3300 200 0
44 send 60 3300 100 0
44 send 28 3100 100 0
44 wait 61 45 3100
44 wait 29 45 3300
44 allreduce 1 0 0 
44 allreduce 1 0 0 
44 irecv 45 1100 200 0
44 irecv 47 1300 200 0
44 send 45 1300 16 0
44 send 47 1100 16 0
44 wait 46 45 1100
44 wait 48 45 1300
44 irecv 32 2100 200 0
44 irecv 40 2300 200 0
44 send 32 2300 24 0
44 send 40 2100 24 0
44 wait 33 45 2100
44 wait 41 45 2300
44 irecv 60 3100 200 0
44 irecv 28 3300 200 0
44 send 60 3300 36 0
44 send 28 3100 36 0
44 wait 61 45 3100
44 wait 29 45 3300
44 irecv 45 1100 200 0
44 irecv 47 1300 200 0
44 send 45 1300 4 0
44 send 47 1100 4 0
44 wait 46 45 1100
44 wait 48 45 1300
44 irecv 32 2100 200 0
44 irecv 40 2300 200 0
44 send 32 2300 8 0
44 send 40 2100 8 0
44 wait 33 45 2100
44 wait 41 45 2300
44 irecv 60 3100 200 0
44 irecv 28 3300 200 0
44 send 60 3300 16 0
44 send 28 3100 16 0
44 wait 61 45 3100
44 wait 29 45 3300
44 irecv 45 1100 200 0
44 irecv 47 1300 200 0
44 send 45 1300 1 0
44 send 47 1100 1 0
44 wait 46 45 1100
44 wait 48 45 1300
44 irecv 32 2100 200 0
44 irecv 40 2300 200 0
44 send 32 2300 3 0
44 send 40 2100 3 0
44 wait 33 45 2100
44 wait 41 45 2300
44 irecv 60 3100 200 0
44 irecv 28 3300 200 0
44 send 60 3300 9 0
44 send 28 3100 9 0
44 wait 61 45 3100
44 wait 29 45 3300
44 irecv 45 1100 200 0
44 irecv 47 1300 200 0
44 wait 46 45 1100
44 wait 48 45 1300
44 send 32 2300 18 0
44 send 40 2100 9 0
44 irecv 60 3100 200 0
44 irecv 28 3300 200 0
44 wait 61 45 3100
44 wait 29 45 3300
44 irecv 45 1100 200 0
44 irecv 47 1300 200 0
44 send 45 1300 1 0
44 send 47 1100 1 0
44 wait 46 45 1100
44 wait 48 45 1300
44 irecv 32 2100 200 0
44 irecv 40 2300 200 0
44 send 32 2300 3 0
44 send 40 2100 3 0
44 wait 33 45 2100
44 wait 41 45 2300
44 irecv 60 3100 200 0
44 irecv 28 3300 200 0
44 send 60 3300 9 0
44 send 28 3100 9 0
44 wait 61 45 3100
44 wait 29 45 3300
44 irecv 45 1100 200 0
44 irecv 47 1300 200 0
44 send 45 1300 1 0
44 send 47 1100 1 0
44 wait 46 45 1100
44 wait 48 45 1300
44 irecv 32 2100 200 0
44 irecv 40 2300 200 0
44 send 32 2300 3 0
44 send 40 2100 3 0
44 wait 33 45 2100
44 wait 41 45 2300
44 irecv 60 3100 200 0
44 irecv 28 3300 200 0
44 send 60 3300 9 0
44 send 28 3100 9 0
44 wait 61 45 3100
44 wait 29 45 3300
44 irecv 45 1100 200 0
44 irecv 47 1300 200 0
44 send 45 1300 4 0
44 send 47 1100 4 0
44 wait 46 45 1100
44 wait 48 45 1300
44 irecv 32 2100 200 0
44 irecv 40 2300 200 0
44 send 32 2300 8 0
44 send 40 2100 8 0
44 wait 33 45 2100
44 wait 41 45 2300
44 irecv 60 3100 200 0
44 irecv 28 3300 200 0
44 send 60 3300 16 0
44 send 28 3100 16 0
44 wait 61 45 3100
44 wait 29 45 3300
44 irecv 45 1100 200 0
44 irecv 47 1300 200 0
44 send 45 1300 4 0
44 send 47 1100 4 0
44 wait 46 45 1100
44 wait 48 45 1300
44 irecv 32 2100 200 0
44 irecv 40 2300 200 0
44 send 32 2300 8 0
44 send 40 2100 8 0
44 wait 33 45 2100
44 wait 41 45 2300
44 irecv 60 3100 200 0
44 irecv 28 3300 200 0
44 send 60 3300 16 0
44 send 28 3100 16 0
44 wait 61 45 3100
44 wait 29 45 3300
44 irecv 45 1100 200 0
44 irecv 47 1300 200 0
44 send 45 1300 16 0
44 send 47 1100 16 0
44 wait 46 45 1100
44 wait 48 45 1300
44 irecv 32 2100 200 0
44 irecv 40 2300 200 0
44 send 32 2300 24 0
44 send 40 2100 24 0
44 wait 33 45 2100
44 wait 41 45 2300
44 irecv 60 3100 200 0
44 irecv 28 3300 200 0
44 send 60 3300 36 0
44 send 28 3100 36 0
44 wait 61 45 3100
44 wait 29 45 3300
44 irecv 45 1100 200 0
44 irecv 47 1300 200 0
44 send 45 1300 16 0
44 send 47 1100 16 0
44 wait 46 45 1100
44 wait 48 45 1300
44 irecv 32 2100 200 0
44 irecv 40 2300 200 0
44 send 32 2300 24 0
44 send 40 2100 24 0
44 wait 33 45 2100
44 wait 41 45 2300
44 irecv 60 3100 200 0
44 irecv 28 3300 200 0
44 send 60 3300 36 0
44 send 28 3100 36 0
44 wait 61 45 3100
44 wait 29 45 3300
44 irecv 45 1100 200 0
44 irecv 47 1300 200 0
44 send 45 1300 64 0
44 send 47 1100 64 0
44 wait 46 45 1100
44 wait 48 45 1300
44 irecv 32 2100 200 0
44 irecv 40 2300 200 0
44 send 32 2300 80 0
44 send 40 2100 80 0
44 wait 33 45 2100
44 wait 41 45 2300
44 irecv 60 3100 200 0
44 irecv 28 3300 200 0
44 send 60 3300 100 0
44 send 28 3100 100 0
44 wait 61 45 3100
44 wait 29 45 3300
44 irecv 45 1100 200 0
44 irecv 47 1300 200 0
44 send 45 1300 64 0
44 send 47 1100 64 0
44 wait 46 45 1100
44 wait 48 45 1300
44 irecv 32 2100 200 0
44 irecv 40 2300 200 0
44 send 32 2300 80 0
44 send 40 2100 80 0
44 wait 33 45 2100
44 wait 41 45 2300
44 irecv 60 3100 200 0
44 irecv 28 3300 200 0
44 send 60 3300 100 0
44 send 28 3100 100 0
44 wait 61 45 3100
44 wait 29 45 3300
44 irecv 45 1100 200 0
44 irecv 47 1300 200 0
44 send 45 1300 64 0
44 send 47 1100 64 0
44 wait 46 45 1100
44 wait 48 45 1300
44 irecv 32 2100 200 0
44 irecv 40 2300 200 0
44 send 32 2300 80 0
44 send 40 2100 80 0
44 wait 33 45 2100
44 wait 41 45 2300
44 irecv 60 3100 200 0
44 irecv 28 3300 200 0
44 send 60 3300 100 0
44 send 28 3100 100 0
44 wait 61 45 3100
44 wait 29 45 3300
44 irecv 45 1100 200 0
44 irecv 47 1300 200 0
44 send 45 1300 16 0
44 send 47 1100 16 0
44 wait 46 45 1100
44 wait 48 45 1300
44 irecv 32 2100 200 0
44 irecv 40 2300 200 0
44 send 32 2300 24 0
44 send 40 2100 24 0
44 wait 33 45 2100
44 wait 41 45 2300
44 irecv 60 3100 200 0
44 irecv 28 3300 200 0
44 send 60 3300 36 0
44 send 28 3100 36 0
44 wait 61 45 3100
44 wait 29 45 3300
44 irecv 45 1100 200 0
44 irecv 47 1300 200 0
44 send 45 1300 4 0
44 send 47 1100 4 0
44 wait 46 45 1100
44 wait 48 45 1300
44 irecv 32 2100 200 0
44 irecv 40 2300 200 0
44 send 32 2300 8 0
44 send 40 2100 8 0
44 wait 33 45 2100
44 wait 41 45 2300
44 irecv 60 3100 200 0
44 irecv 28 3300 200 0
44 send 60 3300 16 0
44 send 28 3100 16 0
44 wait 61 45 3100
44 wait 29 45 3300
44 irecv 45 1100 200 0
44 irecv 47 1300 200 0
44 send 45 1300 1 0
44 send 47 1100 1 0
44 wait 46 45 1100
44 wait 48 45 1300
44 irecv 32 2100 200 0
44 irecv 40 2300 200 0
44 send 32 2300 3 0
44 send 40 2100 3 0
44 wait 33 45 2100
44 wait 41 45 2300
44 irecv 60 3100 200 0
44 irecv 28 3300 200 0
44 send 60 3300 9 0
44 send 28 3100 9 0
44 wait 61 45 3100
44 wait 29 45 3300
44 irecv 45 1100 200 0
44 irecv 47 1300 200 0
44 wait 46 45 1100
44 wait 48 45 1300
44 send 32 2300 18 0
44 send 40 2100 9 0
44 irecv 60 3100 200 0
44 irecv 28 3300 200 0
44 wait 61 45 3100
44 wait 29 45 3300
44 irecv 45 1100 200 0
44 irecv 47 1300 200 0
44 send 45 1300 1 0
44 send 47 1100 1 0
44 wait 46 45 1100
44 wait 48 45 1300
44 irecv 32 2100 200 0
44 irecv 40 2300 200 0
44 send 32 2300 3 0
44 send 40 2100 3 0
44 wait 33 45 2100
44 wait 41 45 2300
44 irecv 60 3100 200 0
44 irecv 28 3300 200 0
44 send 60 3300 9 0
44 send 28 3100 9 0
44 wait 61 45 3100
44 wait 29 45 3300
44 irecv 45 1100 200 0
44 irecv 47 1300 200 0
44 send 45 1300 1 0
44 send 47 1100 1 0
44 wait 46 45 1100
44 wait 48 45 1300
44 irecv 32 2100 200 0
44 irecv 40 2300 200 0
44 send 32 2300 3 0
44 send 40 2100 3 0
44 wait 33 45 2100
44 wait 41 45 2300
44 irecv 60 3100 200 0
44 irecv 28 3300 200 0
44 send 60 3300 9 0
44 send 28 3100 9 0
44 wait 61 45 3100
44 wait 29 45 3300
44 irecv 45 1100 200 0
44 irecv 47 1300 200 0
44 send 45 1300 4 0
44 send 47 1100 4 0
44 wait 46 45 1100
44 wait 48 45 1300
44 irecv 32 2100 200 0
44 irecv 40 2300 200 0
44 send 32 2300 8 0
44 send 40 2100 8 0
44 wait 33 45 2100
44 wait 41 45 2300
44 irecv 60 3100 200 0
44 irecv 28 3300 200 0
44 send 60 3300 16 0
44 send 28 3100 16 0
44 wait 61 45 3100
44 wait 29 45 3300
44 irecv 45 1100 200 0
44 irecv 47 1300 200 0
44 send 45 1300 4 0
44 send 47 1100 4 0
44 wait 46 45 1100
44 wait 48 45 1300
44 irecv 32 2100 200 0
44 irecv 40 2300 200 0
44 send 32 2300 8 0
44 send 40 2100 8 0
44 wait 33 45 2100
44 wait 41 45 2300
44 irecv 60 3100 200 0
44 irecv 28 3300 200 0
44 send 60 3300 16 0
44 send 28 3100 16 0
44 wait 61 45 3100
44 wait 29 45 3300
44 irecv 45 1100 200 0
44 irecv 47 1300 200 0
44 send 45 1300 16 0
44 send 47 1100 16 0
44 wait 46 45 1100
44 wait 48 45 1300
44 irecv 32 2100 200 0
44 irecv 40 2300 200 0
44 send 32 2300 24 0
44 send 40 2100 24 0
44 wait 33 45 2100
44 wait 41 45 2300
44 irecv 60 3100 200 0
44 irecv 28 3300 200 0
44 send 60 3300 36 0
44 send 28 3100 36 0
44 wait 61 45 3100
44 wait 29 45 3300
44 irecv 45 1100 200 0
44 irecv 47 1300 200 0
44 send 45 1300 16 0
44 send 47 1100 16 0
44 wait 46 45 1100
44 wait 48 45 1300
44 irecv 32 2100 200 0
44 irecv 40 2300 200 0
44 send 32 2300 24 0
44 send 40 2100 24 0
44 wait 33 45 2100
44 wait 41 45 2300
44 irecv 60 3100 200 0
44 irecv 28 3300 200 0
44 send 60 3300 36 0
44 send 28 3100 36 0
44 wait 61 45 3100
44 wait 29 45 3300
44 irecv 45 1100 200 0
44 irecv 47 1300 200 0
44 send 45 1300 64 0
44 send 47 1100 64 0
44 wait 46 45 1100
44 wait 48 45 1300
44 irecv 32 2100 200 0
44 irecv 40 2300 200 0
44 send 32 2300 80 0
44 send 40 2100 80 0
44 wait 33 45 2100
44 wait 41 45 2300
44 irecv 60 3100 200 0
44 irecv 28 3300 200 0
44 send 60 3300 100 0
44 send 28 3100 100 0
44 wait 61 45 3100
44 wait 29 45 3300
44 irecv 45 1100 200 0
44 irecv 47 1300 200 0
44 send 45 1300 64 0
44 send 47 1100 64 0
44 wait 46 45 1100
44 wait 48 45 1300
44 irecv 32 2100 200 0
44 irecv 40 2300 200 0
44 send 32 2300 80 0
44 send 40 2100 80 0
44 wait 33 45 2100
44 wait 41 45 2300
44 irecv 60 3100 200 0
44 irecv 28 3300 200 0
44 send 60 3300 100 0
44 send 28 3100 100 0
44 wait 61 45 3100
44 wait 29 45 3300
44 irecv 45 1100 200 0
44 irecv 47 1300 200 0
44 send 45 1300 64 0
44 send 47 1100 64 0
44 wait 46 45 1100
44 wait 48 45 1300
44 irecv 32 2100 200 0
44 irecv 40 2300 200 0
44 send 32 2300 80 0
44 send 40 2100 80 0
44 wait 33 45 2100
44 wait 41 45 2300
44 irecv 60 3100 200 0
44 irecv 28 3300 200 0
44 send 60 3300 100 0
44 send 28 3100 100 0
44 wait 61 45 3100
44 wait 29 45 3300
44 irecv 45 1100 200 0
44 irecv 47 1300 200 0
44 send 45 1300 16 0
44 send 47 1100 16 0
44 wait 46 45 1100
44 wait 48 45 1300
44 irecv 32 2100 200 0
44 irecv 40 2300 200 0
44 send 32 2300 24 0
44 send 40 2100 24 0
44 wait 33 45 2100
44 wait 41 45 2300
44 irecv 60 3100 200 0
44 irecv 28 3300 200 0
44 send 60 3300 36 0
44 send 28 3100 36 0
44 wait 61 45 3100
44 wait 29 45 3300
44 irecv 45 1100 200 0
44 irecv 47 1300 200 0
44 send 45 1300 4 0
44 send 47 1100 4 0
44 wait 46 45 1100
44 wait 48 45 1300
44 irecv 32 2100 200 0
44 irecv 40 2300 200 0
44 send 32 2300 8 0
44 send 40 2100 8 0
44 wait 33 45 2100
44 wait 41 45 2300
44 irecv 60 3100 200 0
44 irecv 28 3300 200 0
44 send 60 3300 16 0
44 send 28 3100 16 0
44 wait 61 45 3100
44 wait 29 45 3300
44 irecv 45 1100 200 0
44 irecv 47 1300 200 0
44 send 45 1300 1 0
44 send 47 1100 1 0
44 wait 46 45 1100
44 wait 48 45 1300
44 irecv 32 2100 200 0
44 irecv 40 2300 200 0
44 send 32 2300 3 0
44 send 40 2100 3 0
44 wait 33 45 2100
44 wait 41 45 2300
44 irecv 60 3100 200 0
44 irecv 28 3300 200 0
44 send 60 3300 9 0
44 send 28 3100 9 0
44 wait 61 45 3100
44 wait 29 45 3300
44 irecv 45 1100 200 0
44 irecv 47 1300 200 0
44 wait 46 45 1100
44 wait 48 45 1300
44 send 32 2300 18 0
44 send 40 2100 9 0
44 irecv 60 3100 200 0
44 irecv 28 3300 200 0
44 wait 61 45 3100
44 wait 29 45 3300
44 irecv 45 1100 200 0
44 irecv 47 1300 200 0
44 send 45 1300 1 0
44 send 47 1100 1 0
44 wait 46 45 1100
44 wait 48 45 1300
44 irecv 32 2100 200 0
44 irecv 40 2300 200 0
44 send 32 2300 3 0
44 send 40 2100 3 0
44 wait 33 45 2100
44 wait 41 45 2300
44 irecv 60 3100 200 0
44 irecv 28 3300 200 0
44 send 60 3300 9 0
44 send 28 3100 9 0
44 wait 61 45 3100
44 wait 29 45 3300
44 irecv 45 1100 200 0
44 irecv 47 1300 200 0
44 send 45 1300 1 0
44 send 47 1100 1 0
44 wait 46 45 1100
44 wait 48 45 1300
44 irecv 32 2100 200 0
44 irecv 40 2300 200 0
44 send 32 2300 3 0
44 send 40 2100 3 0
44 wait 33 45 2100
44 wait 41 45 2300
44 irecv 60 3100 200 0
44 irecv 28 3300 200 0
44 send 60 3300 9 0
44 send 28 3100 9 0
44 wait 61 45 3100
44 wait 29 45 3300
44 irecv 45 1100 200 0
44 irecv 47 1300 200 0
44 send 45 1300 4 0
44 send 47 1100 4 0
44 wait 46 45 1100
44 wait 48 45 1300
44 irecv 32 2100 200 0
44 irecv 40 2300 200 0
44 send 32 2300 8 0
44 send 40 2100 8 0
44 wait 33 45 2100
44 wait 41 45 2300
44 irecv 60 3100 200 0
44 irecv 28 3300 200 0
44 send 60 3300 16 0
44 send 28 3100 16 0
44 wait 61 45 3100
44 wait 29 45 3300
44 irecv 45 1100 200 0
44 irecv 47 1300 200 0
44 send 45 1300 4 0
44 send 47 1100 4 0
44 wait 46 45 1100
44 wait 48 45 1300
44 irecv 32 2100 200 0
44 irecv 40 2300 200 0
44 send 32 2300 8 0
44 send 40 2100 8 0
44 wait 33 45 2100
44 wait 41 45 2300
44 irecv 60 3100 200 0
44 irecv 28 3300 200 0
44 send 60 3300 16 0
44 send 28 3100 16 0
44 wait 61 45 3100
44 wait 29 45 3300
44 irecv 45 1100 200 0
44 irecv 47 1300 200 0
44 send 45 1300 16 0
44 send 47 1100 16 0
44 wait 46 45 1100
44 wait 48 45 1300
44 irecv 32 2100 200 0
44 irecv 40 2300 200 0
44 send 32 2300 24 0
44 send 40 2100 24 0
44 wait 33 45 2100
44 wait 41 45 2300
44 irecv 60 3100 200 0
44 irecv 28 3300 200 0
44 send 60 3300 36 0
44 send 28 3100 36 0
44 wait 61 45 3100
44 wait 29 45 3300
44 irecv 45 1100 200 0
44 irecv 47 1300 200 0
44 send 45 1300 16 0
44 send 47 1100 16 0
44 wait 46 45 1100
44 wait 48 45 1300
44 irecv 32 2100 200 0
44 irecv 40 2300 200 0
44 send 32 2300 24 0
44 send 40 2100 24 0
44 wait 33 45 2100
44 wait 41 45 2300
44 irecv 60 3100 200 0
44 irecv 28 3300 200 0
44 send 60 3300 36 0
44 send 28 3100 36 0
44 wait 61 45 3100
44 wait 29 45 3300
44 irecv 45 1100 200 0
44 irecv 47 1300 200 0
44 send 45 1300 64 0
44 send 47 1100 64 0
44 wait 46 45 1100
44 wait 48 45 1300
44 irecv 32 2100 200 0
44 irecv 40 2300 200 0
44 send 32 2300 80 0
44 send 40 2100 80 0
44 wait 33 45 2100
44 wait 41 45 2300
44 irecv 60 3100 200 0
44 irecv 28 3300 200 0
44 send 60 3300 100 0
44 send 28 3100 100 0
44 wait 61 45 3100
44 wait 29 45 3300
44 irecv 45 1100 200 0
44 irecv 47 1300 200 0
44 send 45 1300 64 0
44 send 47 1100 64 0
44 wait 46 45 1100
44 wait 48 45 1300
44 irecv 32 2100 200 0
44 irecv 40 2300 200 0
44 send 32 2300 80 0
44 send 40 2100 80 0
44 wait 33 45 2100
44 wait 41 45 2300
44 irecv 60 3100 200 0
44 irecv 28 3300 200 0
44 send 60 3300 100 0
44 send 28 3100 100 0
44 wait 61 45 3100
44 wait 29 45 3300
44 irecv 45 1100 200 0
44 irecv 47 1300 200 0
44 send 45 1300 64 0
44 send 47 1100 64 0
44 wait 46 45 1100
44 wait 48 45 1300
44 irecv 32 2100 200 0
44 irecv 40 2300 200 0
44 send 32 2300 80 0
44 send 40 2100 80 0
44 wait 33 45 2100
44 wait 41 45 2300
44 irecv 60 3100 200 0
44 irecv 28 3300 200 0
44 send 60 3300 100 0
44 send 28 3100 100 0
44 wait 61 45 3100
44 wait 29 45 3300
44 irecv 45 1100 200 0
44 irecv 47 1300 200 0
44 send 45 1300 16 0
44 send 47 1100 16 0
44 wait 46 45 1100
44 wait 48 45 1300
44 irecv 32 2100 200 0
44 irecv 40 2300 200 0
44 send 32 2300 24 0
44 send 40 2100 24 0
44 wait 33 45 2100
44 wait 41 45 2300
44 irecv 60 3100 200 0
44 irecv 28 3300 200 0
44 send 60 3300 36 0
44 send 28 3100 36 0
44 wait 61 45 3100
44 wait 29 45 3300
44 irecv 45 1100 200 0
44 irecv 47 1300 200 0
44 send 45 1300 4 0
44 send 47 1100 4 0
44 wait 46 45 1100
44 wait 48 45 1300
44 irecv 32 2100 200 0
44 irecv 40 2300 200 0
44 send 32 2300 8 0
44 send 40 2100 8 0
44 wait 33 45 2100
44 wait 41 45 2300
44 irecv 60 3100 200 0
44 irecv 28 3300 200 0
44 send 60 3300 16 0
44 send 28 3100 16 0
44 wait 61 45 3100
44 wait 29 45 3300
44 irecv 45 1100 200 0
44 irecv 47 1300 200 0
44 send 45 1300 1 0
44 send 47 1100 1 0
44 wait 46 45 1100
44 wait 48 45 1300
44 irecv 32 2100 200 0
44 irecv 40 2300 200 0
44 send 32 2300 3 0
44 send 40 2100 3 0
44 wait 33 45 2100
44 wait 41 45 2300
44 irecv 60 3100 200 0
44 irecv 28 3300 200 0
44 send 60 3300 9 0
44 send 28 3100 9 0
44 wait 61 45 3100
44 wait 29 45 3300
44 irecv 45 1100 200 0
44 irecv 47 1300 200 0
44 wait 46 45 1100
44 wait 48 45 1300
44 send 32 2300 18 0
44 send 40 2100 9 0
44 irecv 60 3100 200 0
44 irecv 28 3300 200 0
44 wait 61 45 3100
44 wait 29 45 3300
44 irecv 45 1100 200 0
44 irecv 47 1300 200 0
44 send 45 1300 1 0
44 send 47 1100 1 0
44 wait 46 45 1100
44 wait 48 45 1300
44 irecv 32 2100 200 0
44 irecv 40 2300 200 0
44 send 32 2300 3 0
44 send 40 2100 3 0
44 wait 33 45 2100
44 wait 41 45 2300
44 irecv 60 3100 200 0
44 irecv 28 3300 200 0
44 send 60 3300 9 0
44 send 28 3100 9 0
44 wait 61 45 3100
44 wait 29 45 3300
44 irecv 45 1100 200 0
44 irecv 47 1300 200 0
44 send 45 1300 1 0
44 send 47 1100 1 0
44 wait 46 45 1100
44 wait 48 45 1300
44 irecv 32 2100 200 0
44 irecv 40 2300 200 0
44 send 32 2300 3 0
44 send 40 2100 3 0
44 wait 33 45 2100
44 wait 41 45 2300
44 irecv 60 3100 200 0
44 irecv 28 3300 200 0
44 send 60 3300 9 0
44 send 28 3100 9 0
44 wait 61 45 3100
44 wait 29 45 3300
44 irecv 45 1100 200 0
44 irecv 47 1300 200 0
44 send 45 1300 4 0
44 send 47 1100 4 0
44 wait 46 45 1100
44 wait 48 45 1300
44 irecv 32 2100 200 0
44 irecv 40 2300 200 0
44 send 32 2300 8 0
44 send 40 2100 8 0
44 wait 33 45 2100
44 wait 41 45 2300
44 irecv 60 3100 200 0
44 irecv 28 3300 200 0
44 send 60 3300 16 0
44 send 28 3100 16 0
44 wait 61 45 3100
44 wait 29 45 3300
44 irecv 45 1100 200 0
44 irecv 47 1300 200 0
44 send 45 1300 4 0
44 send 47 1100 4 0
44 wait 46 45 1100
44 wait 48 45 1300
44 irecv 32 2100 200 0
44 irecv 40 2300 200 0
44 send 32 2300 8 0
44 send 40 2100 8 0
44 wait 33 45 2100
44 wait 41 45 2300
44 irecv 60 3100 200 0
44 irecv 28 3300 200 0
44 send 60 3300 16 0
44 send 28 3100 16 0
44 wait 61 45 3100
44 wait 29 45 3300
44 irecv 45 1100 200 0
44 irecv 47 1300 200 0
44 send 45 1300 16 0
44 send 47 1100 16 0
44 wait 46 45 1100
44 wait 48 45 1300
44 irecv 32 2100 200 0
44 irecv 40 2300 200 0
44 send 32 2300 24 0
44 send 40 2100 24 0
44 wait 33 45 2100
44 wait 41 45 2300
44 irecv 60 3100 200 0
44 irecv 28 3300 200 0
44 send 60 3300 36 0
44 send 28 3100 36 0
44 wait 61 45 3100
44 wait 29 45 3300
44 irecv 45 1100 200 0
44 irecv 47 1300 200 0
44 send 45 1300 16 0
44 send 47 1100 16 0
44 wait 46 45 1100
44 wait 48 45 1300
44 irecv 32 2100 200 0
44 irecv 40 2300 200 0
44 send 32 2300 24 0
44 send 40 2100 24 0
44 wait 33 45 2100
44 wait 41 45 2300
44 irecv 60 3100 200 0
44 irecv 28 3300 200 0
44 send 60 3300 36 0
44 send 28 3100 36 0
44 wait 61 45 3100
44 wait 29 45 3300
44 irecv 45 1100 200 0
44 irecv 47 1300 200 0
44 send 45 1300 64 0
44 send 47 1100 64 0
44 wait 46 45 1100
44 wait 48 45 1300
44 irecv 32 2100 200 0
44 irecv 40 2300 200 0
44 send 32 2300 80 0
44 send 40 2100 80 0
44 wait 33 45 2100
44 wait 41 45 2300
44 irecv 60 3100 200 0
44 irecv 28 3300 200 0
44 send 60 3300 100 0
44 send 28 3100 100 0
44 wait 61 45 3100
44 wait 29 45 3300
44 irecv 45 1100 200 0
44 irecv 47 1300 200 0
44 send 45 1300 64 0
44 send 47 1100 64 0
44 wait 46 45 1100
44 wait 48 45 1300
44 irecv 32 2100 200 0
44 irecv 40 2300 200 0
44 send 32 2300 80 0
44 send 40 2100 80 0
44 wait 33 45 2100
44 wait 41 45 2300
44 irecv 60 3100 200 0
44 irecv 28 3300 200 0
44 send 60 3300 100 0
44 send 28 3100 100 0
44 wait 61 45 3100
44 wait 29 45 3300
44 irecv 45 1100 200 0
44 irecv 47 1300 200 0
44 send 45 1300 64 0
44 send 47 1100 64 0
44 wait 46 45 1100
44 wait 48 45 1300
44 irecv 32 2100 200 0
44 irecv 40 2300 200 0
44 send 32 2300 80 0
44 send 40 2100 80 0
44 wait 33 45 2100
44 wait 41 45 2300
44 irecv 60 3100 200 0
44 irecv 28 3300 200 0
44 send 60 3300 100 0
44 send 28 3100 100 0
44 wait 61 45 3100
44 wait 29 45 3300
44 allreduce 1 0 0 
44 allreduce 1 0 0 
44 reduce 1 0 0 0 
44 finalize
