10 init
10 barrier
10 bcast 1 0 1 
10 bcast 1 0 1 
10 bcast 1 0 1 
10 bcast 1 0 1 
10 bcast 1 0 1 
10 bcast 8 0 1 
10 bcast 1 0 16 
10 barrier
10 allreduce 1 0 0 
10 allreduce 4 0 1 
10 allreduce 1 0 0 
10 allreduce 4 0 1 
10 allreduce 1 0 0 
10 allreduce 4 0 1 
10 allreduce 1 0 0 
10 allreduce 4 0 1 
10 allreduce 1 0 0 
10 allreduce 4 0 1 
10 allreduce 1 0 0 
10 allreduce 4 0 1 
10 allreduce 1 0 0 
10 allreduce 4 0 1 
10 allreduce 1 0 0 
10 allreduce 4 0 1 
10 allreduce 1 0 0 
10 allreduce 4 0 1 
10 allreduce 1 0 0 
10 allreduce 4 0 1 
10 allreduce 1 0 0 
10 allreduce 4 0 1 
10 allreduce 1 0 0 
10 allreduce 4 0 1 
10 allreduce 1 0 0 
10 allreduce 4 0 1 
10 allreduce 1 0 0 
10 allreduce 4 0 1 
10 allreduce 1 0 0 
10 allreduce 4 0 1 
10 allreduce 1 0 0 
10 allreduce 4 0 1 
10 allreduce 1 0 0 
10 allreduce 4 0 1 
10 allreduce 1 0 0 
10 allreduce 4 0 1 
10 allreduce 1 0 0 
10 allreduce 4 0 1 
10 allreduce 1 0 0 
10 allreduce 4 0 1 
10 barrier
10 irecv 11 1100 200 0
10 irecv 9 1300 200 0
10 send 11 1300 64 0
10 send 9 1100 64 0
10 wait 12 11 1100
10 wait 10 11 1300
10 irecv 14 2100 200 0
10 irecv 6 2300 200 0
10 send 14 2300 80 0
10 send 6 2100 80 0
10 wait 15 11 2100
10 wait 7 11 2300
10 irecv 26 3100 200 0
10 irecv 58 3300 200 0
10 send 26 3300 100 0
10 send 58 3100 100 0
10 wait 27 11 3100
10 wait 59 11 3300
10 allreduce 1 0 0 
10 allreduce 1 0 0 
10 irecv 11 1100 200 0
10 irecv 9 1300 200 0
10 send 11 1300 64 0
10 send 9 1100 64 0
10 wait 12 11 1100
10 wait 10 11 1300
10 irecv 14 2100 200 0
10 irecv 6 2300 200 0
10 send 14 2300 80 0
10 send 6 2100 80 0
10 wait 15 11 2100
10 wait 7 11 2300
10 irecv 26 3100 200 0
10 irecv 58 3300 200 0
10 send 26 3300 100 0
10 send 58 3100 100 0
10 wait 27 11 3100
10 wait 59 11 3300
10 allreduce 1 0 0 
10 allreduce 1 0 0 
10 irecv 11 1100 200 0
10 irecv 9 1300 200 0
10 send 11 1300 16 0
10 send 9 1100 16 0
10 wait 12 11 1100
10 wait 10 11 1300
10 irecv 14 2100 200 0
10 irecv 6 2300 200 0
10 send 14 2300 24 0
10 send 6 2100 24 0
10 wait 15 11 2100
10 wait 7 11 2300
10 irecv 26 3100 200 0
10 irecv 58 3300 200 0
10 send 26 3300 36 0
10 send 58 3100 36 0
10 wait 27 11 3100
10 wait 59 11 3300
10 irecv 11 1100 200 0
10 irecv 9 1300 200 0
10 send 11 1300 4 0
10 send 9 1100 4 0
10 wait 12 11 1100
10 wait 10 11 1300
10 irecv 14 2100 200 0
10 irecv 6 2300 200 0
10 send 14 2300 8 0
10 send 6 2100 8 0
10 wait 15 11 2100
10 wait 7 11 2300
10 irecv 26 3100 200 0
10 irecv 58 3300 200 0
10 send 26 3300 16 0
10 send 58 3100 16 0
10 wait 27 11 3100
10 wait 59 11 3300
10 irecv 11 1100 200 0
10 irecv 9 1300 200 0
10 send 11 1300 1 0
10 send 9 1100 1 0
10 wait 12 11 1100
10 wait 10 11 1300
10 irecv 14 2100 200 0
10 irecv 6 2300 200 0
10 send 14 2300 3 0
10 send 6 2100 3 0
10 wait 15 11 2100
10 wait 7 11 2300
10 irecv 26 3100 200 0
10 irecv 58 3300 200 0
10 send 26 3300 9 0
10 send 58 3100 9 0
10 wait 27 11 3100
10 wait 59 11 3300
10 irecv 11 1100 200 0
10 irecv 9 1300 200 0
10 wait 12 11 1100
10 wait 10 11 1300
10 irecv 14 2100 200 0
10 irecv 6 2300 200 0
10 wait 15 11 2100
10 wait 7 11 2300
10 irecv 26 3100 200 0
10 irecv 58 3300 200 0
10 wait 27 11 3100
10 wait 59 11 3300
10 irecv 11 1100 200 0
10 irecv 9 1300 200 0
10 send 11 1300 1 0
10 send 9 1100 1 0
10 wait 12 11 1100
10 wait 10 11 1300
10 irecv 14 2100 200 0
10 irecv 6 2300 200 0
10 send 14 2300 3 0
10 send 6 2100 3 0
10 wait 15 11 2100
10 wait 7 11 2300
10 irecv 26 3100 200 0
10 irecv 58 3300 200 0
10 send 26 3300 9 0
10 send 58 3100 9 0
10 wait 27 11 3100
10 wait 59 11 3300
10 irecv 11 1100 200 0
10 irecv 9 1300 200 0
10 send 11 1300 1 0
10 send 9 1100 1 0
10 wait 12 11 1100
10 wait 10 11 1300
10 irecv 14 2100 200 0
10 irecv 6 2300 200 0
10 send 14 2300 3 0
10 send 6 2100 3 0
10 wait 15 11 2100
10 wait 7 11 2300
10 irecv 26 3100 200 0
10 irecv 58 3300 200 0
10 send 26 3300 9 0
10 send 58 3100 9 0
10 wait 27 11 3100
10 wait 59 11 3300
10 irecv 11 1100 200 0
10 irecv 9 1300 200 0
10 send 11 1300 4 0
10 send 9 1100 4 0
10 wait 12 11 1100
10 wait 10 11 1300
10 irecv 14 2100 200 0
10 irecv 6 2300 200 0
10 send 14 2300 8 0
10 send 6 2100 8 0
10 wait 15 11 2100
10 wait 7 11 2300
10 irecv 26 3100 200 0
10 irecv 58 3300 200 0
10 send 26 3300 16 0
10 send 58 3100 16 0
10 wait 27 11 3100
10 wait 59 11 3300
10 irecv 11 1100 200 0
10 irecv 9 1300 200 0
10 send 11 1300 4 0
10 send 9 1100 4 0
10 wait 12 11 1100
10 wait 10 11 1300
10 irecv 14 2100 200 0
10 irecv 6 2300 200 0
10 send 14 2300 8 0
10 send 6 2100 8 0
10 wait 15 11 2100
10 wait 7 11 2300
10 irecv 26 3100 200 0
10 irecv 58 3300 200 0
10 send 26 3300 16 0
10 send 58 3100 16 0
10 wait 27 11 3100
10 wait 59 11 3300
10 irecv 11 1100 200 0
10 irecv 9 1300 200 0
10 send 11 1300 16 0
10 send 9 1100 16 0
10 wait 12 11 1100
10 wait 10 11 1300
10 irecv 14 2100 200 0
10 irecv 6 2300 200 0
10 send 14 2300 24 0
10 send 6 2100 24 0
10 wait 15 11 2100
10 wait 7 11 2300
10 irecv 26 3100 200 0
10 irecv 58 3300 200 0
10 send 26 3300 36 0
10 send 58 3100 36 0
10 wait 27 11 3100
10 wait 59 11 3300
10 irecv 11 1100 200 0
10 irecv 9 1300 200 0
10 send 11 1300 16 0
10 send 9 1100 16 0
10 wait 12 11 1100
10 wait 10 11 1300
10 irecv 14 2100 200 0
10 irecv 6 2300 200 0
10 send 14 2300 24 0
10 send 6 2100 24 0
10 wait 15 11 2100
10 wait 7 11 2300
10 irecv 26 3100 200 0
10 irecv 58 3300 200 0
10 send 26 3300 36 0
10 send 58 3100 36 0
10 wait 27 11 3100
10 wait 59 11 3300
10 irecv 11 1100 200 0
10 irecv 9 1300 200 0
10 send 11 1300 64 0
10 send 9 1100 64 0
10 wait 12 11 1100
10 wait 10 11 1300
10 irecv 14 2100 200 0
10 irecv 6 2300 200 0
10 send 14 2300 80 0
10 send 6 2100 80 0
10 wait 15 11 2100
10 wait 7 11 2300
10 irecv 26 3100 200 0
10 irecv 58 3300 200 0
10 send 26 3300 100 0
10 send 58 3100 100 0
10 wait 27 11 3100
10 wait 59 11 3300
10 irecv 11 1100 200 0
10 irecv 9 1300 200 0
10 send 11 1300 64 0
10 send 9 1100 64 0
10 wait 12 11 1100
10 wait 10 11 1300
10 irecv 14 2100 200 0
10 irecv 6 2300 200 0
10 send 14 2300 80 0
10 send 6 2100 80 0
10 wait 15 11 2100
10 wait 7 11 2300
10 irecv 26 3100 200 0
10 irecv 58 3300 200 0
10 send 26 3300 100 0
10 send 58 3100 100 0
10 wait 27 11 3100
10 wait 59 11 3300
10 irecv 11 1100 200 0
10 irecv 9 1300 200 0
10 send 11 1300 64 0
10 send 9 1100 64 0
10 wait 12 11 1100
10 wait 10 11 1300
10 irecv 14 2100 200 0
10 irecv 6 2300 200 0
10 send 14 2300 80 0
10 send 6 2100 80 0
10 wait 15 11 2100
10 wait 7 11 2300
10 irecv 26 3100 200 0
10 irecv 58 3300 200 0
10 send 26 3300 100 0
10 send 58 3100 100 0
10 wait 27 11 3100
10 wait 59 11 3300
10 barrier
10 allreduce 1 0 0 
10 allreduce 4 0 1 
10 allreduce 1 0 0 
10 allreduce 4 0 1 
10 allreduce 1 0 0 
10 allreduce 4 0 1 
10 allreduce 1 0 0 
10 allreduce 4 0 1 
10 allreduce 1 0 0 
10 allreduce 4 0 1 
10 allreduce 1 0 0 
10 allreduce 4 0 1 
10 allreduce 1 0 0 
10 allreduce 4 0 1 
10 allreduce 1 0 0 
10 allreduce 4 0 1 
10 allreduce 1 0 0 
10 allreduce 4 0 1 
10 allreduce 1 0 0 
10 allreduce 4 0 1 
10 allreduce 1 0 0 
10 allreduce 4 0 1 
10 allreduce 1 0 0 
10 allreduce 4 0 1 
10 allreduce 1 0 0 
10 allreduce 4 0 1 
10 allreduce 1 0 0 
10 allreduce 4 0 1 
10 allreduce 1 0 0 
10 allreduce 4 0 1 
10 allreduce 1 0 0 
10 allreduce 4 0 1 
10 allreduce 1 0 0 
10 allreduce 4 0 1 
10 allreduce 1 0 0 
10 allreduce 4 0 1 
10 allreduce 1 0 0 
10 allreduce 4 0 1 
10 allreduce 1 0 0 
10 allreduce 4 0 1 
10 barrier
10 irecv 11 1100 200 0
10 irecv 9 1300 200 0
10 send 11 1300 64 0
10 send 9 1100 64 0
10 wait 12 11 1100
10 wait 10 11 1300
10 irecv 14 2100 200 0
10 irecv 6 2300 200 0
10 send 14 2300 80 0
10 send 6 2100 80 0
10 wait 15 11 2100
10 wait 7 11 2300
10 irecv 26 3100 200 0
10 irecv 58 3300 200 0
10 send 26 3300 100 0
10 send 58 3100 100 0
10 wait 27 11 3100
10 wait 59 11 3300
10 barrier
10 irecv 11 1100 200 0
10 irecv 9 1300 200 0
10 send 11 1300 64 0
10 send 9 1100 64 0
10 wait 12 11 1100
10 wait 10 11 1300
10 irecv 14 2100 200 0
10 irecv 6 2300 200 0
10 send 14 2300 80 0
10 send 6 2100 80 0
10 wait 15 11 2100
10 wait 7 11 2300
10 irecv 26 3100 200 0
10 irecv 58 3300 200 0
10 send 26 3300 100 0
10 send 58 3100 100 0
10 wait 27 11 3100
10 wait 59 11 3300
10 allreduce 1 0 0 
10 allreduce 1 0 0 
10 irecv 11 1100 200 0
10 irecv 9 1300 200 0
10 send 11 1300 16 0
10 send 9 1100 16 0
10 wait 12 11 1100
10 wait 10 11 1300
10 irecv 14 2100 200 0
10 irecv 6 2300 200 0
10 send 14 2300 24 0
10 send 6 2100 24 0
10 wait 15 11 2100
10 wait 7 11 2300
10 irecv 26 3100 200 0
10 irecv 58 3300 200 0
10 send 26 3300 36 0
10 send 58 3100 36 0
10 wait 27 11 3100
10 wait 59 11 3300
10 irecv 11 1100 200 0
10 irecv 9 1300 200 0
10 send 11 1300 4 0
10 send 9 1100 4 0
10 wait 12 11 1100
10 wait 10 11 1300
10 irecv 14 2100 200 0
10 irecv 6 2300 200 0
10 send 14 2300 8 0
10 send 6 2100 8 0
10 wait 15 11 2100
10 wait 7 11 2300
10 irecv 26 3100 200 0
10 irecv 58 3300 200 0
10 send 26 3300 16 0
10 send 58 3100 16 0
10 wait 27 11 3100
10 wait 59 11 3300
10 irecv 11 1100 200 0
10 irecv 9 1300 200 0
10 send 11 1300 1 0
10 send 9 1100 1 0
10 wait 12 11 1100
10 wait 10 11 1300
10 irecv 14 2100 200 0
10 irecv 6 2300 200 0
10 send 14 2300 3 0
10 send 6 2100 3 0
10 wait 15 11 2100
10 wait 7 11 2300
10 irecv 26 3100 200 0
10 irecv 58 3300 200 0
10 send 26 3300 9 0
10 send 58 3100 9 0
10 wait 27 11 3100
10 wait 59 11 3300
10 irecv 11 1100 200 0
10 irecv 9 1300 200 0
10 wait 12 11 1100
10 wait 10 11 1300
10 irecv 14 2100 200 0
10 irecv 6 2300 200 0
10 wait 15 11 2100
10 wait 7 11 2300
10 irecv 26 3100 200 0
10 irecv 58 3300 200 0
10 wait 27 11 3100
10 wait 59 11 3300
10 irecv 11 1100 200 0
10 irecv 9 1300 200 0
10 send 11 1300 1 0
10 send 9 1100 1 0
10 wait 12 11 1100
10 wait 10 11 1300
10 irecv 14 2100 200 0
10 irecv 6 2300 200 0
10 send 14 2300 3 0
10 send 6 2100 3 0
10 wait 15 11 2100
10 wait 7 11 2300
10 irecv 26 3100 200 0
10 irecv 58 3300 200 0
10 send 26 3300 9 0
10 send 58 3100 9 0
10 wait 27 11 3100
10 wait 59 11 3300
10 irecv 11 1100 200 0
10 irecv 9 1300 200 0
10 send 11 1300 1 0
10 send 9 1100 1 0
10 wait 12 11 1100
10 wait 10 11 1300
10 irecv 14 2100 200 0
10 irecv 6 2300 200 0
10 send 14 2300 3 0
10 send 6 2100 3 0
10 wait 15 11 2100
10 wait 7 11 2300
10 irecv 26 3100 200 0
10 irecv 58 3300 200 0
10 send 26 3300 9 0
10 send 58 3100 9 0
10 wait 27 11 3100
10 wait 59 11 3300
10 irecv 11 1100 200 0
10 irecv 9 1300 200 0
10 send 11 1300 4 0
10 send 9 1100 4 0
10 wait 12 11 1100
10 wait 10 11 1300
10 irecv 14 2100 200 0
10 irecv 6 2300 200 0
10 send 14 2300 8 0
10 send 6 2100 8 0
10 wait 15 11 2100
10 wait 7 11 2300
10 irecv 26 3100 200 0
10 irecv 58 3300 200 0
10 send 26 3300 16 0
10 send 58 3100 16 0
10 wait 27 11 3100
10 wait 59 11 3300
10 irecv 11 1100 200 0
10 irecv 9 1300 200 0
10 send 11 1300 4 0
10 send 9 1100 4 0
10 wait 12 11 1100
10 wait 10 11 1300
10 irecv 14 2100 200 0
10 irecv 6 2300 200 0
10 send 14 2300 8 0
10 send 6 2100 8 0
10 wait 15 11 2100
10 wait 7 11 2300
10 irecv 26 3100 200 0
10 irecv 58 3300 200 0
10 send 26 3300 16 0
10 send 58 3100 16 0
10 wait 27 11 3100
10 wait 59 11 3300
10 irecv 11 1100 200 0
10 irecv 9 1300 200 0
10 send 11 1300 16 0
10 send 9 1100 16 0
10 wait 12 11 1100
10 wait 10 11 1300
10 irecv 14 2100 200 0
10 irecv 6 2300 200 0
10 send 14 2300 24 0
10 send 6 2100 24 0
10 wait 15 11 2100
10 wait 7 11 2300
10 irecv 26 3100 200 0
10 irecv 58 3300 200 0
10 send 26 3300 36 0
10 send 58 3100 36 0
10 wait 27 11 3100
10 wait 59 11 3300
10 irecv 11 1100 200 0
10 irecv 9 1300 200 0
10 send 11 1300 16 0
10 send 9 1100 16 0
10 wait 12 11 1100
10 wait 10 11 1300
10 irecv 14 2100 200 0
10 irecv 6 2300 200 0
10 send 14 2300 24 0
10 send 6 2100 24 0
10 wait 15 11 2100
10 wait 7 11 2300
10 irecv 26 3100 200 0
10 irecv 58 3300 200 0
10 send 26 3300 36 0
10 send 58 3100 36 0
10 wait 27 11 3100
10 wait 59 11 3300
10 irecv 11 1100 200 0
10 irecv 9 1300 200 0
10 send 11 1300 64 0
10 send 9 1100 64 0
10 wait 12 11 1100
10 wait 10 11 1300
10 irecv 14 2100 200 0
10 irecv 6 2300 200 0
10 send 14 2300 80 0
10 send 6 2100 80 0
10 wait 15 11 2100
10 wait 7 11 2300
10 irecv 26 3100 200 0
10 irecv 58 3300 200 0
10 send 26 3300 100 0
10 send 58 3100 100 0
10 wait 27 11 3100
10 wait 59 11 3300
10 irecv 11 1100 200 0
10 irecv 9 1300 200 0
10 send 11 1300 64 0
10 send 9 1100 64 0
10 wait 12 11 1100
10 wait 10 11 1300
10 irecv 14 2100 200 0
10 irecv 6 2300 200 0
10 send 14 2300 80 0
10 send 6 2100 80 0
10 wait 15 11 2100
10 wait 7 11 2300
10 irecv 26 3100 200 0
10 irecv 58 3300 200 0
10 send 26 3300 100 0
10 send 58 3100 100 0
10 wait 27 11 3100
10 wait 59 11 3300
10 irecv 11 1100 200 0
10 irecv 9 1300 200 0
10 send 11 1300 64 0
10 send 9 1100 64 0
10 wait 12 11 1100
10 wait 10 11 1300
10 irecv 14 2100 200 0
10 irecv 6 2300 200 0
10 send 14 2300 80 0
10 send 6 2100 80 0
10 wait 15 11 2100
10 wait 7 11 2300
10 irecv 26 3100 200 0
10 irecv 58 3300 200 0
10 send 26 3300 100 0
10 send 58 3100 100 0
10 wait 27 11 3100
10 wait 59 11 3300
10 irecv 11 1100 200 0
10 irecv 9 1300 200 0
10 send 11 1300 16 0
10 send 9 1100 16 0
10 wait 12 11 1100
10 wait 10 11 1300
10 irecv 14 2100 200 0
10 irecv 6 2300 200 0
10 send 14 2300 24 0
10 send 6 2100 24 0
10 wait 15 11 2100
10 wait 7 11 2300
10 irecv 26 3100 200 0
10 irecv 58 3300 200 0
10 send 26 3300 36 0
10 send 58 3100 36 0
10 wait 27 11 3100
10 wait 59 11 3300
10 irecv 11 1100 200 0
10 irecv 9 1300 200 0
10 send 11 1300 4 0
10 send 9 1100 4 0
10 wait 12 11 1100
10 wait 10 11 1300
10 irecv 14 2100 200 0
10 irecv 6 2300 200 0
10 send 14 2300 8 0
10 send 6 2100 8 0
10 wait 15 11 2100
10 wait 7 11 2300
10 irecv 26 3100 200 0
10 irecv 58 3300 200 0
10 send 26 3300 16 0
10 send 58 3100 16 0
10 wait 27 11 3100
10 wait 59 11 3300
10 irecv 11 1100 200 0
10 irecv 9 1300 200 0
10 send 11 1300 1 0
10 send 9 1100 1 0
10 wait 12 11 1100
10 wait 10 11 1300
10 irecv 14 2100 200 0
10 irecv 6 2300 200 0
10 send 14 2300 3 0
10 send 6 2100 3 0
10 wait 15 11 2100
10 wait 7 11 2300
10 irecv 26 3100 200 0
10 irecv 58 3300 200 0
10 send 26 3300 9 0
10 send 58 3100 9 0
10 wait 27 11 3100
10 wait 59 11 3300
10 irecv 11 1100 200 0
10 irecv 9 1300 200 0
10 wait 12 11 1100
10 wait 10 11 1300
10 irecv 14 2100 200 0
10 irecv 6 2300 200 0
10 wait 15 11 2100
10 wait 7 11 2300
10 irecv 26 3100 200 0
10 irecv 58 3300 200 0
10 wait 27 11 3100
10 wait 59 11 3300
10 irecv 11 1100 200 0
10 irecv 9 1300 200 0
10 send 11 1300 1 0
10 send 9 1100 1 0
10 wait 12 11 1100
10 wait 10 11 1300
10 irecv 14 2100 200 0
10 irecv 6 2300 200 0
10 send 14 2300 3 0
10 send 6 2100 3 0
10 wait 15 11 2100
10 wait 7 11 2300
10 irecv 26 3100 200 0
10 irecv 58 3300 200 0
10 send 26 3300 9 0
10 send 58 3100 9 0
10 wait 27 11 3100
10 wait 59 11 3300
10 irecv 11 1100 200 0
10 irecv 9 1300 200 0
10 send 11 1300 1 0
10 send 9 1100 1 0
10 wait 12 11 1100
10 wait 10 11 1300
10 irecv 14 2100 200 0
10 irecv 6 2300 200 0
10 send 14 2300 3 0
10 send 6 2100 3 0
10 wait 15 11 2100
10 wait 7 11 2300
10 irecv 26 3100 200 0
10 irecv 58 3300 200 0
10 send 26 3300 9 0
10 send 58 3100 9 0
10 wait 27 11 3100
10 wait 59 11 3300
10 irecv 11 1100 200 0
10 irecv 9 1300 200 0
10 send 11 1300 4 0
10 send 9 1100 4 0
10 wait 12 11 1100
10 wait 10 11 1300
10 irecv 14 2100 200 0
10 irecv 6 2300 200 0
10 send 14 2300 8 0
10 send 6 2100 8 0
10 wait 15 11 2100
10 wait 7 11 2300
10 irecv 26 3100 200 0
10 irecv 58 3300 200 0
10 send 26 3300 16 0
10 send 58 3100 16 0
10 wait 27 11 3100
10 wait 59 11 3300
10 irecv 11 1100 200 0
10 irecv 9 1300 200 0
10 send 11 1300 4 0
10 send 9 1100 4 0
10 wait 12 11 1100
10 wait 10 11 1300
10 irecv 14 2100 200 0
10 irecv 6 2300 200 0
10 send 14 2300 8 0
10 send 6 2100 8 0
10 wait 15 11 2100
10 wait 7 11 2300
10 irecv 26 3100 200 0
10 irecv 58 3300 200 0
10 send 26 3300 16 0
10 send 58 3100 16 0
10 wait 27 11 3100
10 wait 59 11 3300
10 irecv 11 1100 200 0
10 irecv 9 1300 200 0
10 send 11 1300 16 0
10 send 9 1100 16 0
10 wait 12 11 1100
10 wait 10 11 1300
10 irecv 14 2100 200 0
10 irecv 6 2300 200 0
10 send 14 2300 24 0
10 send 6 2100 24 0
10 wait 15 11 2100
10 wait 7 11 2300
10 irecv 26 3100 200 0
10 irecv 58 3300 200 0
10 send 26 3300 36 0
10 send 58 3100 36 0
10 wait 27 11 3100
10 wait 59 11 3300
10 irecv 11 1100 200 0
10 irecv 9 1300 200 0
10 send 11 1300 16 0
10 send 9 1100 16 0
10 wait 12 11 1100
10 wait 10 11 1300
10 irecv 14 2100 200 0
10 irecv 6 2300 200 0
10 send 14 2300 24 0
10 send 6 2100 24 0
10 wait 15 11 2100
10 wait 7 11 2300
10 irecv 26 3100 200 0
10 irecv 58 3300 200 0
10 send 26 3300 36 0
10 send 58 3100 36 0
10 wait 27 11 3100
10 wait 59 11 3300
10 irecv 11 1100 200 0
10 irecv 9 1300 200 0
10 send 11 1300 64 0
10 send 9 1100 64 0
10 wait 12 11 1100
10 wait 10 11 1300
10 irecv 14 2100 200 0
10 irecv 6 2300 200 0
10 send 14 2300 80 0
10 send 6 2100 80 0
10 wait 15 11 2100
10 wait 7 11 2300
10 irecv 26 3100 200 0
10 irecv 58 3300 200 0
10 send 26 3300 100 0
10 send 58 3100 100 0
10 wait 27 11 3100
10 wait 59 11 3300
10 irecv 11 1100 200 0
10 irecv 9 1300 200 0
10 send 11 1300 64 0
10 send 9 1100 64 0
10 wait 12 11 1100
10 wait 10 11 1300
10 irecv 14 2100 200 0
10 irecv 6 2300 200 0
10 send 14 2300 80 0
10 send 6 2100 80 0
10 wait 15 11 2100
10 wait 7 11 2300
10 irecv 26 3100 200 0
10 irecv 58 3300 200 0
10 send 26 3300 100 0
10 send 58 3100 100 0
10 wait 27 11 3100
10 wait 59 11 3300
10 irecv 11 1100 200 0
10 irecv 9 1300 200 0
10 send 11 1300 64 0
10 send 9 1100 64 0
10 wait 12 11 1100
10 wait 10 11 1300
10 irecv 14 2100 200 0
10 irecv 6 2300 200 0
10 send 14 2300 80 0
10 send 6 2100 80 0
10 wait 15 11 2100
10 wait 7 11 2300
10 irecv 26 3100 200 0
10 irecv 58 3300 200 0
10 send 26 3300 100 0
10 send 58 3100 100 0
10 wait 27 11 3100
10 wait 59 11 3300
10 irecv 11 1100 200 0
10 irecv 9 1300 200 0
10 send 11 1300 16 0
10 send 9 1100 16 0
10 wait 12 11 1100
10 wait 10 11 1300
10 irecv 14 2100 200 0
10 irecv 6 2300 200 0
10 send 14 2300 24 0
10 send 6 2100 24 0
10 wait 15 11 2100
10 wait 7 11 2300
10 irecv 26 3100 200 0
10 irecv 58 3300 200 0
10 send 26 3300 36 0
10 send 58 3100 36 0
10 wait 27 11 3100
10 wait 59 11 3300
10 irecv 11 1100 200 0
10 irecv 9 1300 200 0
10 send 11 1300 4 0
10 send 9 1100 4 0
10 wait 12 11 1100
10 wait 10 11 1300
10 irecv 14 2100 200 0
10 irecv 6 2300 200 0
10 send 14 2300 8 0
10 send 6 2100 8 0
10 wait 15 11 2100
10 wait 7 11 2300
10 irecv 26 3100 200 0
10 irecv 58 3300 200 0
10 send 26 3300 16 0
10 send 58 3100 16 0
10 wait 27 11 3100
10 wait 59 11 3300
10 irecv 11 1100 200 0
10 irecv 9 1300 200 0
10 send 11 1300 1 0
10 send 9 1100 1 0
10 wait 12 11 1100
10 wait 10 11 1300
10 irecv 14 2100 200 0
10 irecv 6 2300 200 0
10 send 14 2300 3 0
10 send 6 2100 3 0
10 wait 15 11 2100
10 wait 7 11 2300
10 irecv 26 3100 200 0
10 irecv 58 3300 200 0
10 send 26 3300 9 0
10 send 58 3100 9 0
10 wait 27 11 3100
10 wait 59 11 3300
10 irecv 11 1100 200 0
10 irecv 9 1300 200 0
10 wait 12 11 1100
10 wait 10 11 1300
10 irecv 14 2100 200 0
10 irecv 6 2300 200 0
10 wait 15 11 2100
10 wait 7 11 2300
10 irecv 26 3100 200 0
10 irecv 58 3300 200 0
10 wait 27 11 3100
10 wait 59 11 3300
10 irecv 11 1100 200 0
10 irecv 9 1300 200 0
10 send 11 1300 1 0
10 send 9 1100 1 0
10 wait 12 11 1100
10 wait 10 11 1300
10 irecv 14 2100 200 0
10 irecv 6 2300 200 0
10 send 14 2300 3 0
10 send 6 2100 3 0
10 wait 15 11 2100
10 wait 7 11 2300
10 irecv 26 3100 200 0
10 irecv 58 3300 200 0
10 send 26 3300 9 0
10 send 58 3100 9 0
10 wait 27 11 3100
10 wait 59 11 3300
10 irecv 11 1100 200 0
10 irecv 9 1300 200 0
10 send 11 1300 1 0
10 send 9 1100 1 0
10 wait 12 11 1100
10 wait 10 11 1300
10 irecv 14 2100 200 0
10 irecv 6 2300 200 0
10 send 14 2300 3 0
10 send 6 2100 3 0
10 wait 15 11 2100
10 wait 7 11 2300
10 irecv 26 3100 200 0
10 irecv 58 3300 200 0
10 send 26 3300 9 0
10 send 58 3100 9 0
10 wait 27 11 3100
10 wait 59 11 3300
10 irecv 11 1100 200 0
10 irecv 9 1300 200 0
10 send 11 1300 4 0
10 send 9 1100 4 0
10 wait 12 11 1100
10 wait 10 11 1300
10 irecv 14 2100 200 0
10 irecv 6 2300 200 0
10 send 14 2300 8 0
10 send 6 2100 8 0
10 wait 15 11 2100
10 wait 7 11 2300
10 irecv 26 3100 200 0
10 irecv 58 3300 200 0
10 send 26 3300 16 0
10 send 58 3100 16 0
10 wait 27 11 3100
10 wait 59 11 3300
10 irecv 11 1100 200 0
10 irecv 9 1300 200 0
10 send 11 1300 4 0
10 send 9 1100 4 0
10 wait 12 11 1100
10 wait 10 11 1300
10 irecv 14 2100 200 0
10 irecv 6 2300 200 0
10 send 14 2300 8 0
10 send 6 2100 8 0
10 wait 15 11 2100
10 wait 7 11 2300
10 irecv 26 3100 200 0
10 irecv 58 3300 200 0
10 send 26 3300 16 0
10 send 58 3100 16 0
10 wait 27 11 3100
10 wait 59 11 3300
10 irecv 11 1100 200 0
10 irecv 9 1300 200 0
10 send 11 1300 16 0
10 send 9 1100 16 0
10 wait 12 11 1100
10 wait 10 11 1300
10 irecv 14 2100 200 0
10 irecv 6 2300 200 0
10 send 14 2300 24 0
10 send 6 2100 24 0
10 wait 15 11 2100
10 wait 7 11 2300
10 irecv 26 3100 200 0
10 irecv 58 3300 200 0
10 send 26 3300 36 0
10 send 58 3100 36 0
10 wait 27 11 3100
10 wait 59 11 3300
10 irecv 11 1100 200 0
10 irecv 9 1300 200 0
10 send 11 1300 16 0
10 send 9 1100 16 0
10 wait 12 11 1100
10 wait 10 11 1300
10 irecv 14 2100 200 0
10 irecv 6 2300 200 0
10 send 14 2300 24 0
10 send 6 2100 24 0
10 wait 15 11 2100
10 wait 7 11 2300
10 irecv 26 3100 200 0
10 irecv 58 3300 200 0
10 send 26 3300 36 0
10 send 58 3100 36 0
10 wait 27 11 3100
10 wait 59 11 3300
10 irecv 11 1100 200 0
10 irecv 9 1300 200 0
10 send 11 1300 64 0
10 send 9 1100 64 0
10 wait 12 11 1100
10 wait 10 11 1300
10 irecv 14 2100 200 0
10 irecv 6 2300 200 0
10 send 14 2300 80 0
10 send 6 2100 80 0
10 wait 15 11 2100
10 wait 7 11 2300
10 irecv 26 3100 200 0
10 irecv 58 3300 200 0
10 send 26 3300 100 0
10 send 58 3100 100 0
10 wait 27 11 3100
10 wait 59 11 3300
10 irecv 11 1100 200 0
10 irecv 9 1300 200 0
10 send 11 1300 64 0
10 send 9 1100 64 0
10 wait 12 11 1100
10 wait 10 11 1300
10 irecv 14 2100 200 0
10 irecv 6 2300 200 0
10 send 14 2300 80 0
10 send 6 2100 80 0
10 wait 15 11 2100
10 wait 7 11 2300
10 irecv 26 3100 200 0
10 irecv 58 3300 200 0
10 send 26 3300 100 0
10 send 58 3100 100 0
10 wait 27 11 3100
10 wait 59 11 3300
10 irecv 11 1100 200 0
10 irecv 9 1300 200 0
10 send 11 1300 64 0
10 send 9 1100 64 0
10 wait 12 11 1100
10 wait 10 11 1300
10 irecv 14 2100 200 0
10 irecv 6 2300 200 0
10 send 14 2300 80 0
10 send 6 2100 80 0
10 wait 15 11 2100
10 wait 7 11 2300
10 irecv 26 3100 200 0
10 irecv 58 3300 200 0
10 send 26 3300 100 0
10 send 58 3100 100 0
10 wait 27 11 3100
10 wait 59 11 3300
10 irecv 11 1100 200 0
10 irecv 9 1300 200 0
10 send 11 1300 16 0
10 send 9 1100 16 0
10 wait 12 11 1100
10 wait 10 11 1300
10 irecv 14 2100 200 0
10 irecv 6 2300 200 0
10 send 14 2300 24 0
10 send 6 2100 24 0
10 wait 15 11 2100
10 wait 7 11 2300
10 irecv 26 3100 200 0
10 irecv 58 3300 200 0
10 send 26 3300 36 0
10 send 58 3100 36 0
10 wait 27 11 3100
10 wait 59 11 3300
10 irecv 11 1100 200 0
10 irecv 9 1300 200 0
10 send 11 1300 4 0
10 send 9 1100 4 0
10 wait 12 11 1100
10 wait 10 11 1300
10 irecv 14 2100 200 0
10 irecv 6 2300 200 0
10 send 14 2300 8 0
10 send 6 2100 8 0
10 wait 15 11 2100
10 wait 7 11 2300
10 irecv 26 3100 200 0
10 irecv 58 3300 200 0
10 send 26 3300 16 0
10 send 58 3100 16 0
10 wait 27 11 3100
10 wait 59 11 3300
10 irecv 11 1100 200 0
10 irecv 9 1300 200 0
10 send 11 1300 1 0
10 send 9 1100 1 0
10 wait 12 11 1100
10 wait 10 11 1300
10 irecv 14 2100 200 0
10 irecv 6 2300 200 0
10 send 14 2300 3 0
10 send 6 2100 3 0
10 wait 15 11 2100
10 wait 7 11 2300
10 irecv 26 3100 200 0
10 irecv 58 3300 200 0
10 send 26 3300 9 0
10 send 58 3100 9 0
10 wait 27 11 3100
10 wait 59 11 3300
10 irecv 11 1100 200 0
10 irecv 9 1300 200 0
10 wait 12 11 1100
10 wait 10 11 1300
10 irecv 14 2100 200 0
10 irecv 6 2300 200 0
10 wait 15 11 2100
10 wait 7 11 2300
10 irecv 26 3100 200 0
10 irecv 58 3300 200 0
10 wait 27 11 3100
10 wait 59 11 3300
10 irecv 11 1100 200 0
10 irecv 9 1300 200 0
10 send 11 1300 1 0
10 send 9 1100 1 0
10 wait 12 11 1100
10 wait 10 11 1300
10 irecv 14 2100 200 0
10 irecv 6 2300 200 0
10 send 14 2300 3 0
10 send 6 2100 3 0
10 wait 15 11 2100
10 wait 7 11 2300
10 irecv 26 3100 200 0
10 irecv 58 3300 200 0
10 send 26 3300 9 0
10 send 58 3100 9 0
10 wait 27 11 3100
10 wait 59 11 3300
10 irecv 11 1100 200 0
10 irecv 9 1300 200 0
10 send 11 1300 1 0
10 send 9 1100 1 0
10 wait 12 11 1100
10 wait 10 11 1300
10 irecv 14 2100 200 0
10 irecv 6 2300 200 0
10 send 14 2300 3 0
10 send 6 2100 3 0
10 wait 15 11 2100
10 wait 7 11 2300
10 irecv 26 3100 200 0
10 irecv 58 3300 200 0
10 send 26 3300 9 0
10 send 58 3100 9 0
10 wait 27 11 3100
10 wait 59 11 3300
10 irecv 11 1100 200 0
10 irecv 9 1300 200 0
10 send 11 1300 4 0
10 send 9 1100 4 0
10 wait 12 11 1100
10 wait 10 11 1300
10 irecv 14 2100 200 0
10 irecv 6 2300 200 0
10 send 14 2300 8 0
10 send 6 2100 8 0
10 wait 15 11 2100
10 wait 7 11 2300
10 irecv 26 3100 200 0
10 irecv 58 3300 200 0
10 send 26 3300 16 0
10 send 58 3100 16 0
10 wait 27 11 3100
10 wait 59 11 3300
10 irecv 11 1100 200 0
10 irecv 9 1300 200 0
10 send 11 1300 4 0
10 send 9 1100 4 0
10 wait 12 11 1100
10 wait 10 11 1300
10 irecv 14 2100 200 0
10 irecv 6 2300 200 0
10 send 14 2300 8 0
10 send 6 2100 8 0
10 wait 15 11 2100
10 wait 7 11 2300
10 irecv 26 3100 200 0
10 irecv 58 3300 200 0
10 send 26 3300 16 0
10 send 58 3100 16 0
10 wait 27 11 3100
10 wait 59 11 3300
10 irecv 11 1100 200 0
10 irecv 9 1300 200 0
10 send 11 1300 16 0
10 send 9 1100 16 0
10 wait 12 11 1100
10 wait 10 11 1300
10 irecv 14 2100 200 0
10 irecv 6 2300 200 0
10 send 14 2300 24 0
10 send 6 2100 24 0
10 wait 15 11 2100
10 wait 7 11 2300
10 irecv 26 3100 200 0
10 irecv 58 3300 200 0
10 send 26 3300 36 0
10 send 58 3100 36 0
10 wait 27 11 3100
10 wait 59 11 3300
10 irecv 11 1100 200 0
10 irecv 9 1300 200 0
10 send 11 1300 16 0
10 send 9 1100 16 0
10 wait 12 11 1100
10 wait 10 11 1300
10 irecv 14 2100 200 0
10 irecv 6 2300 200 0
10 send 14 2300 24 0
10 send 6 2100 24 0
10 wait 15 11 2100
10 wait 7 11 2300
10 irecv 26 3100 200 0
10 irecv 58 3300 200 0
10 send 26 3300 36 0
10 send 58 3100 36 0
10 wait 27 11 3100
10 wait 59 11 3300
10 irecv 11 1100 200 0
10 irecv 9 1300 200 0
10 send 11 1300 64 0
10 send 9 1100 64 0
10 wait 12 11 1100
10 wait 10 11 1300
10 irecv 14 2100 200 0
10 irecv 6 2300 200 0
10 send 14 2300 80 0
10 send 6 2100 80 0
10 wait 15 11 2100
10 wait 7 11 2300
10 irecv 26 3100 200 0
10 irecv 58 3300 200 0
10 send 26 3300 100 0
10 send 58 3100 100 0
10 wait 27 11 3100
10 wait 59 11 3300
10 irecv 11 1100 200 0
10 irecv 9 1300 200 0
10 send 11 1300 64 0
10 send 9 1100 64 0
10 wait 12 11 1100
10 wait 10 11 1300
10 irecv 14 2100 200 0
10 irecv 6 2300 200 0
10 send 14 2300 80 0
10 send 6 2100 80 0
10 wait 15 11 2100
10 wait 7 11 2300
10 irecv 26 3100 200 0
10 irecv 58 3300 200 0
10 send 26 3300 100 0
10 send 58 3100 100 0
10 wait 27 11 3100
10 wait 59 11 3300
10 irecv 11 1100 200 0
10 irecv 9 1300 200 0
10 send 11 1300 64 0
10 send 9 1100 64 0
10 wait 12 11 1100
10 wait 10 11 1300
10 irecv 14 2100 200 0
10 irecv 6 2300 200 0
10 send 14 2300 80 0
10 send 6 2100 80 0
10 wait 15 11 2100
10 wait 7 11 2300
10 irecv 26 3100 200 0
10 irecv 58 3300 200 0
10 send 26 3300 100 0
10 send 58 3100 100 0
10 wait 27 11 3100
10 wait 59 11 3300
10 allreduce 1 0 0 
10 allreduce 1 0 0 
10 reduce 1 0 0 0 
10 finalize
