3 init
3 barrier
3 bcast 1 0 1 
3 bcast 1 0 1 
3 bcast 1 0 1 
3 bcast 1 0 1 
3 bcast 1 0 1 
3 bcast 8 0 1 
3 bcast 1 0 16 
3 barrier
3 allreduce 1 0 0 
3 allreduce 4 0 1 
3 allreduce 1 0 0 
3 allreduce 4 0 1 
3 allreduce 1 0 0 
3 allreduce 4 0 1 
3 allreduce 1 0 0 
3 allreduce 4 0 1 
3 allreduce 1 0 0 
3 allreduce 4 0 1 
3 allreduce 1 0 0 
3 allreduce 4 0 1 
3 allreduce 1 0 0 
3 allreduce 4 0 1 
3 allreduce 1 0 0 
3 allreduce 4 0 1 
3 allreduce 1 0 0 
3 allreduce 4 0 1 
3 allreduce 1 0 0 
3 allreduce 4 0 1 
3 allreduce 1 0 0 
3 allreduce 4 0 1 
3 allreduce 1 0 0 
3 allreduce 4 0 1 
3 allreduce 1 0 0 
3 allreduce 4 0 1 
3 allreduce 1 0 0 
3 allreduce 4 0 1 
3 allreduce 1 0 0 
3 allreduce 4 0 1 
3 allreduce 1 0 0 
3 allreduce 4 0 1 
3 allreduce 1 0 0 
3 allreduce 4 0 1 
3 allreduce 1 0 0 
3 allreduce 4 0 1 
3 allreduce 1 0 0 
3 allreduce 4 0 1 
3 allreduce 1 0 0 
3 allreduce 4 0 1 
3 barrier
3 irecv 0 1100 200 0
3 irecv 2 1300 200 0
3 send 0 1300 64 0
3 send 2 1100 64 0
3 wait 1 4 1100
3 wait 3 4 1300
3 irecv 7 2100 200 0
3 irecv 15 2300 200 0
3 send 7 2300 80 0
3 send 15 2100 80 0
3 wait 8 4 2100
3 wait 16 4 2300
3 irecv 19 3100 200 0
3 irecv 51 3300 200 0
3 send 19 3300 100 0
3 send 51 3100 100 0
3 wait 20 4 3100
3 wait 52 4 3300
3 allreduce 1 0 0 
3 allreduce 1 0 0 
3 irecv 0 1100 200 0
3 irecv 2 1300 200 0
3 send 0 1300 64 0
3 send 2 1100 64 0
3 wait 1 4 1100
3 wait 3 4 1300
3 irecv 7 2100 200 0
3 irecv 15 2300 200 0
3 send 7 2300 80 0
3 send 15 2100 80 0
3 wait 8 4 2100
3 wait 16 4 2300
3 irecv 19 3100 200 0
3 irecv 51 3300 200 0
3 send 19 3300 100 0
3 send 51 3100 100 0
3 wait 20 4 3100
3 wait 52 4 3300
3 allreduce 1 0 0 
3 allreduce 1 0 0 
3 irecv 0 1100 200 0
3 irecv 2 1300 200 0
3 send 0 1300 16 0
3 send 2 1100 16 0
3 wait 1 4 1100
3 wait 3 4 1300
3 irecv 7 2100 200 0
3 irecv 15 2300 200 0
3 send 7 2300 24 0
3 send 15 2100 24 0
3 wait 8 4 2100
3 wait 16 4 2300
3 irecv 19 3100 200 0
3 irecv 51 3300 200 0
3 send 19 3300 36 0
3 send 51 3100 36 0
3 wait 20 4 3100
3 wait 52 4 3300
3 irecv 0 1100 200 0
3 irecv 2 1300 200 0
3 send 0 1300 4 0
3 send 2 1100 4 0
3 wait 1 4 1100
3 wait 3 4 1300
3 irecv 7 2100 200 0
3 irecv 15 2300 200 0
3 send 7 2300 8 0
3 send 15 2100 8 0
3 wait 8 4 2100
3 wait 16 4 2300
3 irecv 19 3100 200 0
3 irecv 51 3300 200 0
3 send 19 3300 16 0
3 send 51 3100 16 0
3 wait 20 4 3100
3 wait 52 4 3300
3 irecv 0 1100 200 0
3 irecv 2 1300 200 0
3 send 0 1300 1 0
3 send 2 1100 1 0
3 wait 1 4 1100
3 wait 3 4 1300
3 irecv 7 2100 200 0
3 irecv 15 2300 200 0
3 send 7 2300 3 0
3 send 15 2100 3 0
3 wait 8 4 2100
3 wait 16 4 2300
3 irecv 19 3100 200 0
3 irecv 51 3300 200 0
3 send 19 3300 9 0
3 send 51 3100 9 0
3 wait 20 4 3100
3 wait 52 4 3300
3 send 0 1300 18 0
3 send 2 1100 9 0
3 irecv 7 2100 200 0
3 irecv 15 2300 200 0
3 wait 8 4 2100
3 wait 16 4 2300
3 irecv 19 3100 200 0
3 irecv 51 3300 200 0
3 wait 20 4 3100
3 wait 52 4 3300
3 irecv 0 1100 200 0
3 irecv 2 1300 200 0
3 send 0 1300 1 0
3 send 2 1100 1 0
3 wait 1 4 1100
3 wait 3 4 1300
3 irecv 7 2100 200 0
3 irecv 15 2300 200 0
3 send 7 2300 3 0
3 send 15 2100 3 0
3 wait 8 4 2100
3 wait 16 4 2300
3 irecv 19 3100 200 0
3 irecv 51 3300 200 0
3 send 19 3300 9 0
3 send 51 3100 9 0
3 wait 20 4 3100
3 wait 52 4 3300
3 irecv 0 1100 200 0
3 irecv 2 1300 200 0
3 send 0 1300 1 0
3 send 2 1100 1 0
3 wait 1 4 1100
3 wait 3 4 1300
3 irecv 7 2100 200 0
3 irecv 15 2300 200 0
3 send 7 2300 3 0
3 send 15 2100 3 0
3 wait 8 4 2100
3 wait 16 4 2300
3 irecv 19 3100 200 0
3 irecv 51 3300 200 0
3 send 19 3300 9 0
3 send 51 3100 9 0
3 wait 20 4 3100
3 wait 52 4 3300
3 irecv 0 1100 200 0
3 irecv 2 1300 200 0
3 send 0 1300 4 0
3 send 2 1100 4 0
3 wait 1 4 1100
3 wait 3 4 1300
3 irecv 7 2100 200 0
3 irecv 15 2300 200 0
3 send 7 2300 8 0
3 send 15 2100 8 0
3 wait 8 4 2100
3 wait 16 4 2300
3 irecv 19 3100 200 0
3 irecv 51 3300 200 0
3 send 19 3300 16 0
3 send 51 3100 16 0
3 wait 20 4 3100
3 wait 52 4 3300
3 irecv 0 1100 200 0
3 irecv 2 1300 200 0
3 send 0 1300 4 0
3 send 2 1100 4 0
3 wait 1 4 1100
3 wait 3 4 1300
3 irecv 7 2100 200 0
3 irecv 15 2300 200 0
3 send 7 2300 8 0
3 send 15 2100 8 0
3 wait 8 4 2100
3 wait 16 4 2300
3 irecv 19 3100 200 0
3 irecv 51 3300 200 0
3 send 19 3300 16 0
3 send 51 3100 16 0
3 wait 20 4 3100
3 wait 52 4 3300
3 irecv 0 1100 200 0
3 irecv 2 1300 200 0
3 send 0 1300 16 0
3 send 2 1100 16 0
3 wait 1 4 1100
3 wait 3 4 1300
3 irecv 7 2100 200 0
3 irecv 15 2300 200 0
3 send 7 2300 24 0
3 send 15 2100 24 0
3 wait 8 4 2100
3 wait 16 4 2300
3 irecv 19 3100 200 0
3 irecv 51 3300 200 0
3 send 19 3300 36 0
3 send 51 3100 36 0
3 wait 20 4 3100
3 wait 52 4 3300
3 irecv 0 1100 200 0
3 irecv 2 1300 200 0
3 send 0 1300 16 0
3 send 2 1100 16 0
3 wait 1 4 1100
3 wait 3 4 1300
3 irecv 7 2100 200 0
3 irecv 15 2300 200 0
3 send 7 2300 24 0
3 send 15 2100 24 0
3 wait 8 4 2100
3 wait 16 4 2300
3 irecv 19 3100 200 0
3 irecv 51 3300 200 0
3 send 19 3300 36 0
3 send 51 3100 36 0
3 wait 20 4 3100
3 wait 52 4 3300
3 irecv 0 1100 200 0
3 irecv 2 1300 200 0
3 send 0 1300 64 0
3 send 2 1100 64 0
3 wait 1 4 1100
3 wait 3 4 1300
3 irecv 7 2100 200 0
3 irecv 15 2300 200 0
3 send 7 2300 80 0
3 send 15 2100 80 0
3 wait 8 4 2100
3 wait 16 4 2300
3 irecv 19 3100 200 0
3 irecv 51 3300 200 0
3 send 19 3300 100 0
3 send 51 3100 100 0
3 wait 20 4 3100
3 wait 52 4 3300
3 irecv 0 1100 200 0
3 irecv 2 1300 200 0
3 send 0 1300 64 0
3 send 2 1100 64 0
3 wait 1 4 1100
3 wait 3 4 1300
3 irecv 7 2100 200 0
3 irecv 15 2300 200 0
3 send 7 2300 80 0
3 send 15 2100 80 0
3 wait 8 4 2100
3 wait 16 4 2300
3 irecv 19 3100 200 0
3 irecv 51 3300 200 0
3 send 19 3300 100 0
3 send 51 3100 100 0
3 wait 20 4 3100
3 wait 52 4 3300
3 irecv 0 1100 200 0
3 irecv 2 1300 200 0
3 send 0 1300 64 0
3 send 2 1100 64 0
3 wait 1 4 1100
3 wait 3 4 1300
3 irecv 7 2100 200 0
3 irecv 15 2300 200 0
3 send 7 2300 80 0
3 send 15 2100 80 0
3 wait 8 4 2100
3 wait 16 4 2300
3 irecv 19 3100 200 0
3 irecv 51 3300 200 0
3 send 19 3300 100 0
3 send 51 3100 100 0
3 wait 20 4 3100
3 wait 52 4 3300
3 barrier
3 allreduce 1 0 0 
3 allreduce 4 0 1 
3 allreduce 1 0 0 
3 allreduce 4 0 1 
3 allreduce 1 0 0 
3 allreduce 4 0 1 
3 allreduce 1 0 0 
3 allreduce 4 0 1 
3 allreduce 1 0 0 
3 allreduce 4 0 1 
3 allreduce 1 0 0 
3 allreduce 4 0 1 
3 allreduce 1 0 0 
3 allreduce 4 0 1 
3 allreduce 1 0 0 
3 allreduce 4 0 1 
3 allreduce 1 0 0 
3 allreduce 4 0 1 
3 allreduce 1 0 0 
3 allreduce 4 0 1 
3 allreduce 1 0 0 
3 allreduce 4 0 1 
3 allreduce 1 0 0 
3 allreduce 4 0 1 
3 allreduce 1 0 0 
3 allreduce 4 0 1 
3 allreduce 1 0 0 
3 allreduce 4 0 1 
3 allreduce 1 0 0 
3 allreduce 4 0 1 
3 allreduce 1 0 0 
3 allreduce 4 0 1 
3 allreduce 1 0 0 
3 allreduce 4 0 1 
3 allreduce 1 0 0 
3 allreduce 4 0 1 
3 allreduce 1 0 0 
3 allreduce 4 0 1 
3 allreduce 1 0 0 
3 allreduce 4 0 1 
3 barrier
3 irecv 0 1100 200 0
3 irecv 2 1300 200 0
3 send 0 1300 64 0
3 send 2 1100 64 0
3 wait 1 4 1100
3 wait 3 4 1300
3 irecv 7 2100 200 0
3 irecv 15 2300 200 0
3 send 7 2300 80 0
3 send 15 2100 80 0
3 wait 8 4 2100
3 wait 16 4 2300
3 irecv 19 3100 200 0
3 irecv 51 3300 200 0
3 send 19 3300 100 0
3 send 51 3100 100 0
3 wait 20 4 3100
3 wait 52 4 3300
3 barrier
3 irecv 0 1100 200 0
3 irecv 2 1300 200 0
3 send 0 1300 64 0
3 send 2 1100 64 0
3 wait 1 4 1100
3 wait 3 4 1300
3 irecv 7 2100 200 0
3 irecv 15 2300 200 0
3 send 7 2300 80 0
3 send 15 2100 80 0
3 wait 8 4 2100
3 wait 16 4 2300
3 irecv 19 3100 200 0
3 irecv 51 3300 200 0
3 send 19 3300 100 0
3 send 51 3100 100 0
3 wait 20 4 3100
3 wait 52 4 3300
3 allreduce 1 0 0 
3 allreduce 1 0 0 
3 irecv 0 1100 200 0
3 irecv 2 1300 200 0
3 send 0 1300 16 0
3 send 2 1100 16 0
3 wait 1 4 1100
3 wait 3 4 1300
3 irecv 7 2100 200 0
3 irecv 15 2300 200 0
3 send 7 2300 24 0
3 send 15 2100 24 0
3 wait 8 4 2100
3 wait 16 4 2300
3 irecv 19 3100 200 0
3 irecv 51 3300 200 0
3 send 19 3300 36 0
3 send 51 3100 36 0
3 wait 20 4 3100
3 wait 52 4 3300
3 irecv 0 1100 200 0
3 irecv 2 1300 200 0
3 send 0 1300 4 0
3 send 2 1100 4 0
3 wait 1 4 1100
3 wait 3 4 1300
3 irecv 7 2100 200 0
3 irecv 15 2300 200 0
3 send 7 2300 8 0
3 send 15 2100 8 0
3 wait 8 4 2100
3 wait 16 4 2300
3 irecv 19 3100 200 0
3 irecv 51 3300 200 0
3 send 19 3300 16 0
3 send 51 3100 16 0
3 wait 20 4 3100
3 wait 52 4 3300
3 irecv 0 1100 200 0
3 irecv 2 1300 200 0
3 send 0 1300 1 0
3 send 2 1100 1 0
3 wait 1 4 1100
3 wait 3 4 1300
3 irecv 7 2100 200 0
3 irecv 15 2300 200 0
3 send 7 2300 3 0
3 send 15 2100 3 0
3 wait 8 4 2100
3 wait 16 4 2300
3 irecv 19 3100 200 0
3 irecv 51 3300 200 0
3 send 19 3300 9 0
3 send 51 3100 9 0
3 wait 20 4 3100
3 wait 52 4 3300
3 send 0 1300 18 0
3 send 2 1100 9 0
3 irecv 7 2100 200 0
3 irecv 15 2300 200 0
3 wait 8 4 2100
3 wait 16 4 2300
3 irecv 19 3100 200 0
3 irecv 51 3300 200 0
3 wait 20 4 3100
3 wait 52 4 3300
3 irecv 0 1100 200 0
3 irecv 2 1300 200 0
3 send 0 1300 1 0
3 send 2 1100 1 0
3 wait 1 4 1100
3 wait 3 4 1300
3 irecv 7 2100 200 0
3 irecv 15 2300 200 0
3 send 7 2300 3 0
3 send 15 2100 3 0
3 wait 8 4 2100
3 wait 16 4 2300
3 irecv 19 3100 200 0
3 irecv 51 3300 200 0
3 send 19 3300 9 0
3 send 51 3100 9 0
3 wait 20 4 3100
3 wait 52 4 3300
3 irecv 0 1100 200 0
3 irecv 2 1300 200 0
3 send 0 1300 1 0
3 send 2 1100 1 0
3 wait 1 4 1100
3 wait 3 4 1300
3 irecv 7 2100 200 0
3 irecv 15 2300 200 0
3 send 7 2300 3 0
3 send 15 2100 3 0
3 wait 8 4 2100
3 wait 16 4 2300
3 irecv 19 3100 200 0
3 irecv 51 3300 200 0
3 send 19 3300 9 0
3 send 51 3100 9 0
3 wait 20 4 3100
3 wait 52 4 3300
3 irecv 0 1100 200 0
3 irecv 2 1300 200 0
3 send 0 1300 4 0
3 send 2 1100 4 0
3 wait 1 4 1100
3 wait 3 4 1300
3 irecv 7 2100 200 0
3 irecv 15 2300 200 0
3 send 7 2300 8 0
3 send 15 2100 8 0
3 wait 8 4 2100
3 wait 16 4 2300
3 irecv 19 3100 200 0
3 irecv 51 3300 200 0
3 send 19 3300 16 0
3 send 51 3100 16 0
3 wait 20 4 3100
3 wait 52 4 3300
3 irecv 0 1100 200 0
3 irecv 2 1300 200 0
3 send 0 1300 4 0
3 send 2 1100 4 0
3 wait 1 4 1100
3 wait 3 4 1300
3 irecv 7 2100 200 0
3 irecv 15 2300 200 0
3 send 7 2300 8 0
3 send 15 2100 8 0
3 wait 8 4 2100
3 wait 16 4 2300
3 irecv 19 3100 200 0
3 irecv 51 3300 200 0
3 send 19 3300 16 0
3 send 51 3100 16 0
3 wait 20 4 3100
3 wait 52 4 3300
3 irecv 0 1100 200 0
3 irecv 2 1300 200 0
3 send 0 1300 16 0
3 send 2 1100 16 0
3 wait 1 4 1100
3 wait 3 4 1300
3 irecv 7 2100 200 0
3 irecv 15 2300 200 0
3 send 7 2300 24 0
3 send 15 2100 24 0
3 wait 8 4 2100
3 wait 16 4 2300
3 irecv 19 3100 200 0
3 irecv 51 3300 200 0
3 send 19 3300 36 0
3 send 51 3100 36 0
3 wait 20 4 3100
3 wait 52 4 3300
3 irecv 0 1100 200 0
3 irecv 2 1300 200 0
3 send 0 1300 16 0
3 send 2 1100 16 0
3 wait 1 4 1100
3 wait 3 4 1300
3 irecv 7 2100 200 0
3 irecv 15 2300 200 0
3 send 7 2300 24 0
3 send 15 2100 24 0
3 wait 8 4 2100
3 wait 16 4 2300
3 irecv 19 3100 200 0
3 irecv 51 3300 200 0
3 send 19 3300 36 0
3 send 51 3100 36 0
3 wait 20 4 3100
3 wait 52 4 3300
3 irecv 0 1100 200 0
3 irecv 2 1300 200 0
3 send 0 1300 64 0
3 send 2 1100 64 0
3 wait 1 4 1100
3 wait 3 4 1300
3 irecv 7 2100 200 0
3 irecv 15 2300 200 0
3 send 7 2300 80 0
3 send 15 2100 80 0
3 wait 8 4 2100
3 wait 16 4 2300
3 irecv 19 3100 200 0
3 irecv 51 3300 200 0
3 send 19 3300 100 0
3 send 51 3100 100 0
3 wait 20 4 3100
3 wait 52 4 3300
3 irecv 0 1100 200 0
3 irecv 2 1300 200 0
3 send 0 1300 64 0
3 send 2 1100 64 0
3 wait 1 4 1100
3 wait 3 4 1300
3 irecv 7 2100 200 0
3 irecv 15 2300 200 0
3 send 7 2300 80 0
3 send 15 2100 80 0
3 wait 8 4 2100
3 wait 16 4 2300
3 irecv 19 3100 200 0
3 irecv 51 3300 200 0
3 send 19 3300 100 0
3 send 51 3100 100 0
3 wait 20 4 3100
3 wait 52 4 3300
3 irecv 0 1100 200 0
3 irecv 2 1300 200 0
3 send 0 1300 64 0
3 send 2 1100 64 0
3 wait 1 4 1100
3 wait 3 4 1300
3 irecv 7 2100 200 0
3 irecv 15 2300 200 0
3 send 7 2300 80 0
3 send 15 2100 80 0
3 wait 8 4 2100
3 wait 16 4 2300
3 irecv 19 3100 200 0
3 irecv 51 3300 200 0
3 send 19 3300 100 0
3 send 51 3100 100 0
3 wait 20 4 3100
3 wait 52 4 3300
3 irecv 0 1100 200 0
3 irecv 2 1300 200 0
3 send 0 1300 16 0
3 send 2 1100 16 0
3 wait 1 4 1100
3 wait 3 4 1300
3 irecv 7 2100 200 0
3 irecv 15 2300 200 0
3 send 7 2300 24 0
3 send 15 2100 24 0
3 wait 8 4 2100
3 wait 16 4 2300
3 irecv 19 3100 200 0
3 irecv 51 3300 200 0
3 send 19 3300 36 0
3 send 51 3100 36 0
3 wait 20 4 3100
3 wait 52 4 3300
3 irecv 0 1100 200 0
3 irecv 2 1300 200 0
3 send 0 1300 4 0
3 send 2 1100 4 0
3 wait 1 4 1100
3 wait 3 4 1300
3 irecv 7 2100 200 0
3 irecv 15 2300 200 0
3 send 7 2300 8 0
3 send 15 2100 8 0
3 wait 8 4 2100
3 wait 16 4 2300
3 irecv 19 3100 200 0
3 irecv 51 3300 200 0
3 send 19 3300 16 0
3 send 51 3100 16 0
3 wait 20 4 3100
3 wait 52 4 3300
3 irecv 0 1100 200 0
3 irecv 2 1300 200 0
3 send 0 1300 1 0
3 send 2 1100 1 0
3 wait 1 4 1100
3 wait 3 4 1300
3 irecv 7 2100 200 0
3 irecv 15 2300 200 0
3 send 7 2300 3 0
3 send 15 2100 3 0
3 wait 8 4 2100
3 wait 16 4 2300
3 irecv 19 3100 200 0
3 irecv 51 3300 200 0
3 send 19 3300 9 0
3 send 51 3100 9 0
3 wait 20 4 3100
3 wait 52 4 3300
3 send 0 1300 18 0
3 send 2 1100 9 0
3 irecv 7 2100 200 0
3 irecv 15 2300 200 0
3 wait 8 4 2100
3 wait 16 4 2300
3 irecv 19 3100 200 0
3 irecv 51 3300 200 0
3 wait 20 4 3100
3 wait 52 4 3300
3 irecv 0 1100 200 0
3 irecv 2 1300 200 0
3 send 0 1300 1 0
3 send 2 1100 1 0
3 wait 1 4 1100
3 wait 3 4 1300
3 irecv 7 2100 200 0
3 irecv 15 2300 200 0
3 send 7 2300 3 0
3 send 15 2100 3 0
3 wait 8 4 2100
3 wait 16 4 2300
3 irecv 19 3100 200 0
3 irecv 51 3300 200 0
3 send 19 3300 9 0
3 send 51 3100 9 0
3 wait 20 4 3100
3 wait 52 4 3300
3 irecv 0 1100 200 0
3 irecv 2 1300 200 0
3 send 0 1300 1 0
3 send 2 1100 1 0
3 wait 1 4 1100
3 wait 3 4 1300
3 irecv 7 2100 200 0
3 irecv 15 2300 200 0
3 send 7 2300 3 0
3 send 15 2100 3 0
3 wait 8 4 2100
3 wait 16 4 2300
3 irecv 19 3100 200 0
3 irecv 51 3300 200 0
3 send 19 3300 9 0
3 send 51 3100 9 0
3 wait 20 4 3100
3 wait 52 4 3300
3 irecv 0 1100 200 0
3 irecv 2 1300 200 0
3 send 0 1300 4 0
3 send 2 1100 4 0
3 wait 1 4 1100
3 wait 3 4 1300
3 irecv 7 2100 200 0
3 irecv 15 2300 200 0
3 send 7 2300 8 0
3 send 15 2100 8 0
3 wait 8 4 2100
3 wait 16 4 2300
3 irecv 19 3100 200 0
3 irecv 51 3300 200 0
3 send 19 3300 16 0
3 send 51 3100 16 0
3 wait 20 4 3100
3 wait 52 4 3300
3 irecv 0 1100 200 0
3 irecv 2 1300 200 0
3 send 0 1300 4 0
3 send 2 1100 4 0
3 wait 1 4 1100
3 wait 3 4 1300
3 irecv 7 2100 200 0
3 irecv 15 2300 200 0
3 send 7 2300 8 0
3 send 15 2100 8 0
3 wait 8 4 2100
3 wait 16 4 2300
3 irecv 19 3100 200 0
3 irecv 51 3300 200 0
3 send 19 3300 16 0
3 send 51 3100 16 0
3 wait 20 4 3100
3 wait 52 4 3300
3 irecv 0 1100 200 0
3 irecv 2 1300 200 0
3 send 0 1300 16 0
3 send 2 1100 16 0
3 wait 1 4 1100
3 wait 3 4 1300
3 irecv 7 2100 200 0
3 irecv 15 2300 200 0
3 send 7 2300 24 0
3 send 15 2100 24 0
3 wait 8 4 2100
3 wait 16 4 2300
3 irecv 19 3100 200 0
3 irecv 51 3300 200 0
3 send 19 3300 36 0
3 send 51 3100 36 0
3 wait 20 4 3100
3 wait 52 4 3300
3 irecv 0 1100 200 0
3 irecv 2 1300 200 0
3 send 0 1300 16 0
3 send 2 1100 16 0
3 wait 1 4 1100
3 wait 3 4 1300
3 irecv 7 2100 200 0
3 irecv 15 2300 200 0
3 send 7 2300 24 0
3 send 15 2100 24 0
3 wait 8 4 2100
3 wait 16 4 2300
3 irecv 19 3100 200 0
3 irecv 51 3300 200 0
3 send 19 3300 36 0
3 send 51 3100 36 0
3 wait 20 4 3100
3 wait 52 4 3300
3 irecv 0 1100 200 0
3 irecv 2 1300 200 0
3 send 0 1300 64 0
3 send 2 1100 64 0
3 wait 1 4 1100
3 wait 3 4 1300
3 irecv 7 2100 200 0
3 irecv 15 2300 200 0
3 send 7 2300 80 0
3 send 15 2100 80 0
3 wait 8 4 2100
3 wait 16 4 2300
3 irecv 19 3100 200 0
3 irecv 51 3300 200 0
3 send 19 3300 100 0
3 send 51 3100 100 0
3 wait 20 4 3100
3 wait 52 4 3300
3 irecv 0 1100 200 0
3 irecv 2 1300 200 0
3 send 0 1300 64 0
3 send 2 1100 64 0
3 wait 1 4 1100
3 wait 3 4 1300
3 irecv 7 2100 200 0
3 irecv 15 2300 200 0
3 send 7 2300 80 0
3 send 15 2100 80 0
3 wait 8 4 2100
3 wait 16 4 2300
3 irecv 19 3100 200 0
3 irecv 51 3300 200 0
3 send 19 3300 100 0
3 send 51 3100 100 0
3 wait 20 4 3100
3 wait 52 4 3300
3 irecv 0 1100 200 0
3 irecv 2 1300 200 0
3 send 0 1300 64 0
3 send 2 1100 64 0
3 wait 1 4 1100
3 wait 3 4 1300
3 irecv 7 2100 200 0
3 irecv 15 2300 200 0
3 send 7 2300 80 0
3 send 15 2100 80 0
3 wait 8 4 2100
3 wait 16 4 2300
3 irecv 19 3100 200 0
3 irecv 51 3300 200 0
3 send 19 3300 100 0
3 send 51 3100 100 0
3 wait 20 4 3100
3 wait 52 4 3300
3 irecv 0 1100 200 0
3 irecv 2 1300 200 0
3 send 0 1300 16 0
3 send 2 1100 16 0
3 wait 1 4 1100
3 wait 3 4 1300
3 irecv 7 2100 200 0
3 irecv 15 2300 200 0
3 send 7 2300 24 0
3 send 15 2100 24 0
3 wait 8 4 2100
3 wait 16 4 2300
3 irecv 19 3100 200 0
3 irecv 51 3300 200 0
3 send 19 3300 36 0
3 send 51 3100 36 0
3 wait 20 4 3100
3 wait 52 4 3300
3 irecv 0 1100 200 0
3 irecv 2 1300 200 0
3 send 0 1300 4 0
3 send 2 1100 4 0
3 wait 1 4 1100
3 wait 3 4 1300
3 irecv 7 2100 200 0
3 irecv 15 2300 200 0
3 send 7 2300 8 0
3 send 15 2100 8 0
3 wait 8 4 2100
3 wait 16 4 2300
3 irecv 19 3100 200 0
3 irecv 51 3300 200 0
3 send 19 3300 16 0
3 send 51 3100 16 0
3 wait 20 4 3100
3 wait 52 4 3300
3 irecv 0 1100 200 0
3 irecv 2 1300 200 0
3 send 0 1300 1 0
3 send 2 1100 1 0
3 wait 1 4 1100
3 wait 3 4 1300
3 irecv 7 2100 200 0
3 irecv 15 2300 200 0
3 send 7 2300 3 0
3 send 15 2100 3 0
3 wait 8 4 2100
3 wait 16 4 2300
3 irecv 19 3100 200 0
3 irecv 51 3300 200 0
3 send 19 3300 9 0
3 send 51 3100 9 0
3 wait 20 4 3100
3 wait 52 4 3300
3 send 0 1300 18 0
3 send 2 1100 9 0
3 irecv 7 2100 200 0
3 irecv 15 2300 200 0
3 wait 8 4 2100
3 wait 16 4 2300
3 irecv 19 3100 200 0
3 irecv 51 3300 200 0
3 wait 20 4 3100
3 wait 52 4 3300
3 irecv 0 1100 200 0
3 irecv 2 1300 200 0
3 send 0 1300 1 0
3 send 2 1100 1 0
3 wait 1 4 1100
3 wait 3 4 1300
3 irecv 7 2100 200 0
3 irecv 15 2300 200 0
3 send 7 2300 3 0
3 send 15 2100 3 0
3 wait 8 4 2100
3 wait 16 4 2300
3 irecv 19 3100 200 0
3 irecv 51 3300 200 0
3 send 19 3300 9 0
3 send 51 3100 9 0
3 wait 20 4 3100
3 wait 52 4 3300
3 irecv 0 1100 200 0
3 irecv 2 1300 200 0
3 send 0 1300 1 0
3 send 2 1100 1 0
3 wait 1 4 1100
3 wait 3 4 1300
3 irecv 7 2100 200 0
3 irecv 15 2300 200 0
3 send 7 2300 3 0
3 send 15 2100 3 0
3 wait 8 4 2100
3 wait 16 4 2300
3 irecv 19 3100 200 0
3 irecv 51 3300 200 0
3 send 19 3300 9 0
3 send 51 3100 9 0
3 wait 20 4 3100
3 wait 52 4 3300
3 irecv 0 1100 200 0
3 irecv 2 1300 200 0
3 send 0 1300 4 0
3 send 2 1100 4 0
3 wait 1 4 1100
3 wait 3 4 1300
3 irecv 7 2100 200 0
3 irecv 15 2300 200 0
3 send 7 2300 8 0
3 send 15 2100 8 0
3 wait 8 4 2100
3 wait 16 4 2300
3 irecv 19 3100 200 0
3 irecv 51 3300 200 0
3 send 19 3300 16 0
3 send 51 3100 16 0
3 wait 20 4 3100
3 wait 52 4 3300
3 irecv 0 1100 200 0
3 irecv 2 1300 200 0
3 send 0 1300 4 0
3 send 2 1100 4 0
3 wait 1 4 1100
3 wait 3 4 1300
3 irecv 7 2100 200 0
3 irecv 15 2300 200 0
3 send 7 2300 8 0
3 send 15 2100 8 0
3 wait 8 4 2100
3 wait 16 4 2300
3 irecv 19 3100 200 0
3 irecv 51 3300 200 0
3 send 19 3300 16 0
3 send 51 3100 16 0
3 wait 20 4 3100
3 wait 52 4 3300
3 irecv 0 1100 200 0
3 irecv 2 1300 200 0
3 send 0 1300 16 0
3 send 2 1100 16 0
3 wait 1 4 1100
3 wait 3 4 1300
3 irecv 7 2100 200 0
3 irecv 15 2300 200 0
3 send 7 2300 24 0
3 send 15 2100 24 0
3 wait 8 4 2100
3 wait 16 4 2300
3 irecv 19 3100 200 0
3 irecv 51 3300 200 0
3 send 19 3300 36 0
3 send 51 3100 36 0
3 wait 20 4 3100
3 wait 52 4 3300
3 irecv 0 1100 200 0
3 irecv 2 1300 200 0
3 send 0 1300 16 0
3 send 2 1100 16 0
3 wait 1 4 1100
3 wait 3 4 1300
3 irecv 7 2100 200 0
3 irecv 15 2300 200 0
3 send 7 2300 24 0
3 send 15 2100 24 0
3 wait 8 4 2100
3 wait 16 4 2300
3 irecv 19 3100 200 0
3 irecv 51 3300 200 0
3 send 19 3300 36 0
3 send 51 3100 36 0
3 wait 20 4 3100
3 wait 52 4 3300
3 irecv 0 1100 200 0
3 irecv 2 1300 200 0
3 send 0 1300 64 0
3 send 2 1100 64 0
3 wait 1 4 1100
3 wait 3 4 1300
3 irecv 7 2100 200 0
3 irecv 15 2300 200 0
3 send 7 2300 80 0
3 send 15 2100 80 0
3 wait 8 4 2100
3 wait 16 4 2300
3 irecv 19 3100 200 0
3 irecv 51 3300 200 0
3 send 19 3300 100 0
3 send 51 3100 100 0
3 wait 20 4 3100
3 wait 52 4 3300
3 irecv 0 1100 200 0
3 irecv 2 1300 200 0
3 send 0 1300 64 0
3 send 2 1100 64 0
3 wait 1 4 1100
3 wait 3 4 1300
3 irecv 7 2100 200 0
3 irecv 15 2300 200 0
3 send 7 2300 80 0
3 send 15 2100 80 0
3 wait 8 4 2100
3 wait 16 4 2300
3 irecv 19 3100 200 0
3 irecv 51 3300 200 0
3 send 19 3300 100 0
3 send 51 3100 100 0
3 wait 20 4 3100
3 wait 52 4 3300
3 irecv 0 1100 200 0
3 irecv 2 1300 200 0
3 send 0 1300 64 0
3 send 2 1100 64 0
3 wait 1 4 1100
3 wait 3 4 1300
3 irecv 7 2100 200 0
3 irecv 15 2300 200 0
3 send 7 2300 80 0
3 send 15 2100 80 0
3 wait 8 4 2100
3 wait 16 4 2300
3 irecv 19 3100 200 0
3 irecv 51 3300 200 0
3 send 19 3300 100 0
3 send 51 3100 100 0
3 wait 20 4 3100
3 wait 52 4 3300
3 irecv 0 1100 200 0
3 irecv 2 1300 200 0
3 send 0 1300 16 0
3 send 2 1100 16 0
3 wait 1 4 1100
3 wait 3 4 1300
3 irecv 7 2100 200 0
3 irecv 15 2300 200 0
3 send 7 2300 24 0
3 send 15 2100 24 0
3 wait 8 4 2100
3 wait 16 4 2300
3 irecv 19 3100 200 0
3 irecv 51 3300 200 0
3 send 19 3300 36 0
3 send 51 3100 36 0
3 wait 20 4 3100
3 wait 52 4 3300
3 irecv 0 1100 200 0
3 irecv 2 1300 200 0
3 send 0 1300 4 0
3 send 2 1100 4 0
3 wait 1 4 1100
3 wait 3 4 1300
3 irecv 7 2100 200 0
3 irecv 15 2300 200 0
3 send 7 2300 8 0
3 send 15 2100 8 0
3 wait 8 4 2100
3 wait 16 4 2300
3 irecv 19 3100 200 0
3 irecv 51 3300 200 0
3 send 19 3300 16 0
3 send 51 3100 16 0
3 wait 20 4 3100
3 wait 52 4 3300
3 irecv 0 1100 200 0
3 irecv 2 1300 200 0
3 send 0 1300 1 0
3 send 2 1100 1 0
3 wait 1 4 1100
3 wait 3 4 1300
3 irecv 7 2100 200 0
3 irecv 15 2300 200 0
3 send 7 2300 3 0
3 send 15 2100 3 0
3 wait 8 4 2100
3 wait 16 4 2300
3 irecv 19 3100 200 0
3 irecv 51 3300 200 0
3 send 19 3300 9 0
3 send 51 3100 9 0
3 wait 20 4 3100
3 wait 52 4 3300
3 send 0 1300 18 0
3 send 2 1100 9 0
3 irecv 7 2100 200 0
3 irecv 15 2300 200 0
3 wait 8 4 2100
3 wait 16 4 2300
3 irecv 19 3100 200 0
3 irecv 51 3300 200 0
3 wait 20 4 3100
3 wait 52 4 3300
3 irecv 0 1100 200 0
3 irecv 2 1300 200 0
3 send 0 1300 1 0
3 send 2 1100 1 0
3 wait 1 4 1100
3 wait 3 4 1300
3 irecv 7 2100 200 0
3 irecv 15 2300 200 0
3 send 7 2300 3 0
3 send 15 2100 3 0
3 wait 8 4 2100
3 wait 16 4 2300
3 irecv 19 3100 200 0
3 irecv 51 3300 200 0
3 send 19 3300 9 0
3 send 51 3100 9 0
3 wait 20 4 3100
3 wait 52 4 3300
3 irecv 0 1100 200 0
3 irecv 2 1300 200 0
3 send 0 1300 1 0
3 send 2 1100 1 0
3 wait 1 4 1100
3 wait 3 4 1300
3 irecv 7 2100 200 0
3 irecv 15 2300 200 0
3 send 7 2300 3 0
3 send 15 2100 3 0
3 wait 8 4 2100
3 wait 16 4 2300
3 irecv 19 3100 200 0
3 irecv 51 3300 200 0
3 send 19 3300 9 0
3 send 51 3100 9 0
3 wait 20 4 3100
3 wait 52 4 3300
3 irecv 0 1100 200 0
3 irecv 2 1300 200 0
3 send 0 1300 4 0
3 send 2 1100 4 0
3 wait 1 4 1100
3 wait 3 4 1300
3 irecv 7 2100 200 0
3 irecv 15 2300 200 0
3 send 7 2300 8 0
3 send 15 2100 8 0
3 wait 8 4 2100
3 wait 16 4 2300
3 irecv 19 3100 200 0
3 irecv 51 3300 200 0
3 send 19 3300 16 0
3 send 51 3100 16 0
3 wait 20 4 3100
3 wait 52 4 3300
3 irecv 0 1100 200 0
3 irecv 2 1300 200 0
3 send 0 1300 4 0
3 send 2 1100 4 0
3 wait 1 4 1100
3 wait 3 4 1300
3 irecv 7 2100 200 0
3 irecv 15 2300 200 0
3 send 7 2300 8 0
3 send 15 2100 8 0
3 wait 8 4 2100
3 wait 16 4 2300
3 irecv 19 3100 200 0
3 irecv 51 3300 200 0
3 send 19 3300 16 0
3 send 51 3100 16 0
3 wait 20 4 3100
3 wait 52 4 3300
3 irecv 0 1100 200 0
3 irecv 2 1300 200 0
3 send 0 1300 16 0
3 send 2 1100 16 0
3 wait 1 4 1100
3 wait 3 4 1300
3 irecv 7 2100 200 0
3 irecv 15 2300 200 0
3 send 7 2300 24 0
3 send 15 2100 24 0
3 wait 8 4 2100
3 wait 16 4 2300
3 irecv 19 3100 200 0
3 irecv 51 3300 200 0
3 send 19 3300 36 0
3 send 51 3100 36 0
3 wait 20 4 3100
3 wait 52 4 3300
3 irecv 0 1100 200 0
3 irecv 2 1300 200 0
3 send 0 1300 16 0
3 send 2 1100 16 0
3 wait 1 4 1100
3 wait 3 4 1300
3 irecv 7 2100 200 0
3 irecv 15 2300 200 0
3 send 7 2300 24 0
3 send 15 2100 24 0
3 wait 8 4 2100
3 wait 16 4 2300
3 irecv 19 3100 200 0
3 irecv 51 3300 200 0
3 send 19 3300 36 0
3 send 51 3100 36 0
3 wait 20 4 3100
3 wait 52 4 3300
3 irecv 0 1100 200 0
3 irecv 2 1300 200 0
3 send 0 1300 64 0
3 send 2 1100 64 0
3 wait 1 4 1100
3 wait 3 4 1300
3 irecv 7 2100 200 0
3 irecv 15 2300 200 0
3 send 7 2300 80 0
3 send 15 2100 80 0
3 wait 8 4 2100
3 wait 16 4 2300
3 irecv 19 3100 200 0
3 irecv 51 3300 200 0
3 send 19 3300 100 0
3 send 51 3100 100 0
3 wait 20 4 3100
3 wait 52 4 3300
3 irecv 0 1100 200 0
3 irecv 2 1300 200 0
3 send 0 1300 64 0
3 send 2 1100 64 0
3 wait 1 4 1100
3 wait 3 4 1300
3 irecv 7 2100 200 0
3 irecv 15 2300 200 0
3 send 7 2300 80 0
3 send 15 2100 80 0
3 wait 8 4 2100
3 wait 16 4 2300
3 irecv 19 3100 200 0
3 irecv 51 3300 200 0
3 send 19 3300 100 0
3 send 51 3100 100 0
3 wait 20 4 3100
3 wait 52 4 3300
3 irecv 0 1100 200 0
3 irecv 2 1300 200 0
3 send 0 1300 64 0
3 send 2 1100 64 0
3 wait 1 4 1100
3 wait 3 4 1300
3 irecv 7 2100 200 0
3 irecv 15 2300 200 0
3 send 7 2300 80 0
3 send 15 2100 80 0
3 wait 8 4 2100
3 wait 16 4 2300
3 irecv 19 3100 200 0
3 irecv 51 3300 200 0
3 send 19 3300 100 0
3 send 51 3100 100 0
3 wait 20 4 3100
3 wait 52 4 3300
3 allreduce 1 0 0 
3 allreduce 1 0 0 
3 reduce 1 0 0 0 
3 finalize
