62 init
62 barrier
62 bcast 1 0 1 
62 bcast 1 0 1 
62 bcast 1 0 1 
62 bcast 1 0 1 
62 bcast 1 0 1 
62 bcast 8 0 1 
62 bcast 1 0 16 
62 barrier
62 allreduce 1 0 0 
62 allreduce 4 0 1 
62 allreduce 1 0 0 
62 allreduce 4 0 1 
62 allreduce 1 0 0 
62 allreduce 4 0 1 
62 allreduce 1 0 0 
62 allreduce 4 0 1 
62 allreduce 1 0 0 
62 allreduce 4 0 1 
62 allreduce 1 0 0 
62 allreduce 4 0 1 
62 allreduce 1 0 0 
62 allreduce 4 0 1 
62 allreduce 1 0 0 
62 allreduce 4 0 1 
62 allreduce 1 0 0 
62 allreduce 4 0 1 
62 allreduce 1 0 0 
62 allreduce 4 0 1 
62 allreduce 1 0 0 
62 allreduce 4 0 1 
62 allreduce 1 0 0 
62 allreduce 4 0 1 
62 allreduce 1 0 0 
62 allreduce 4 0 1 
62 allreduce 1 0 0 
62 allreduce 4 0 1 
62 allreduce 1 0 0 
62 allreduce 4 0 1 
62 allreduce 1 0 0 
62 allreduce 4 0 1 
62 allreduce 1 0 0 
62 allreduce 4 0 1 
62 allreduce 1 0 0 
62 allreduce 4 0 1 
62 allreduce 1 0 0 
62 allreduce 4 0 1 
62 allreduce 1 0 0 
62 allreduce 4 0 1 
62 barrier
62 irecv 63 1100 200 0
62 irecv 61 1300 200 0
62 send 63 1300 64 0
62 send 61 1100 64 0
62 wait 64 63 1100
62 wait 62 63 1300
62 irecv 50 2100 200 0
62 irecv 58 2300 200 0
62 send 50 2300 80 0
62 send 58 2100 80 0
62 wait 51 63 2100
62 wait 59 63 2300
62 irecv 14 3100 200 0
62 irecv 46 3300 200 0
62 send 14 3300 100 0
62 send 46 3100 100 0
62 wait 15 63 3100
62 wait 47 63 3300
62 allreduce 1 0 0 
62 allreduce 1 0 0 
62 irecv 63 1100 200 0
62 irecv 61 1300 200 0
62 send 63 1300 64 0
62 send 61 1100 64 0
62 wait 64 63 1100
62 wait 62 63 1300
62 irecv 50 2100 200 0
62 irecv 58 2300 200 0
62 send 50 2300 80 0
62 send 58 2100 80 0
62 wait 51 63 2100
62 wait 59 63 2300
62 irecv 14 3100 200 0
62 irecv 46 3300 200 0
62 send 14 3300 100 0
62 send 46 3100 100 0
62 wait 15 63 3100
62 wait 47 63 3300
62 allreduce 1 0 0 
62 allreduce 1 0 0 
62 irecv 63 1100 200 0
62 irecv 61 1300 200 0
62 send 63 1300 16 0
62 send 61 1100 16 0
62 wait 64 63 1100
62 wait 62 63 1300
62 irecv 50 2100 200 0
62 irecv 58 2300 200 0
62 send 50 2300 24 0
62 send 58 2100 24 0
62 wait 51 63 2100
62 wait 59 63 2300
62 irecv 14 3100 200 0
62 irecv 46 3300 200 0
62 send 14 3300 36 0
62 send 46 3100 36 0
62 wait 15 63 3100
62 wait 47 63 3300
62 irecv 63 1100 200 0
62 irecv 61 1300 200 0
62 send 63 1300 4 0
62 send 61 1100 4 0
62 wait 64 63 1100
62 wait 62 63 1300
62 irecv 50 2100 200 0
62 irecv 58 2300 200 0
62 send 50 2300 8 0
62 send 58 2100 8 0
62 wait 51 63 2100
62 wait 59 63 2300
62 irecv 14 3100 200 0
62 irecv 46 3300 200 0
62 send 14 3300 16 0
62 send 46 3100 16 0
62 wait 15 63 3100
62 wait 47 63 3300
62 irecv 63 1100 200 0
62 irecv 61 1300 200 0
62 send 63 1300 1 0
62 send 61 1100 1 0
62 wait 64 63 1100
62 wait 62 63 1300
62 irecv 50 2100 200 0
62 irecv 58 2300 200 0
62 send 50 2300 3 0
62 send 58 2100 3 0
62 wait 51 63 2100
62 wait 59 63 2300
62 irecv 14 3100 200 0
62 irecv 46 3300 200 0
62 send 14 3300 9 0
62 send 46 3100 9 0
62 wait 15 63 3100
62 wait 47 63 3300
62 irecv 63 1100 200 0
62 irecv 61 1300 200 0
62 wait 64 63 1100
62 wait 62 63 1300
62 send 50 2300 18 0
62 send 58 2100 9 0
62 send 14 3300 18 0
62 send 46 3100 9 0
62 irecv 63 1100 200 0
62 irecv 61 1300 200 0
62 send 63 1300 1 0
62 send 61 1100 1 0
62 wait 64 63 1100
62 wait 62 63 1300
62 irecv 50 2100 200 0
62 irecv 58 2300 200 0
62 send 50 2300 3 0
62 send 58 2100 3 0
62 wait 51 63 2100
62 wait 59 63 2300
62 irecv 14 3100 200 0
62 irecv 46 3300 200 0
62 send 14 3300 9 0
62 send 46 3100 9 0
62 wait 15 63 3100
62 wait 47 63 3300
62 irecv 63 1100 200 0
62 irecv 61 1300 200 0
62 send 63 1300 1 0
62 send 61 1100 1 0
62 wait 64 63 1100
62 wait 62 63 1300
62 irecv 50 2100 200 0
62 irecv 58 2300 200 0
62 send 50 2300 3 0
62 send 58 2100 3 0
62 wait 51 63 2100
62 wait 59 63 2300
62 irecv 14 3100 200 0
62 irecv 46 3300 200 0
62 send 14 3300 9 0
62 send 46 3100 9 0
62 wait 15 63 3100
62 wait 47 63 3300
62 irecv 63 1100 200 0
62 irecv 61 1300 200 0
62 send 63 1300 4 0
62 send 61 1100 4 0
62 wait 64 63 1100
62 wait 62 63 1300
62 irecv 50 2100 200 0
62 irecv 58 2300 200 0
62 send 50 2300 8 0
62 send 58 2100 8 0
62 wait 51 63 2100
62 wait 59 63 2300
62 irecv 14 3100 200 0
62 irecv 46 3300 200 0
62 send 14 3300 16 0
62 send 46 3100 16 0
62 wait 15 63 3100
62 wait 47 63 3300
62 irecv 63 1100 200 0
62 irecv 61 1300 200 0
62 send 63 1300 4 0
62 send 61 1100 4 0
62 wait 64 63 1100
62 wait 62 63 1300
62 irecv 50 2100 200 0
62 irecv 58 2300 200 0
62 send 50 2300 8 0
62 send 58 2100 8 0
62 wait 51 63 2100
62 wait 59 63 2300
62 irecv 14 3100 200 0
62 irecv 46 3300 200 0
62 send 14 3300 16 0
62 send 46 3100 16 0
62 wait 15 63 3100
62 wait 47 63 3300
62 irecv 63 1100 200 0
62 irecv 61 1300 200 0
62 send 63 1300 16 0
62 send 61 1100 16 0
62 wait 64 63 1100
62 wait 62 63 1300
62 irecv 50 2100 200 0
62 irecv 58 2300 200 0
62 send 50 2300 24 0
62 send 58 2100 24 0
62 wait 51 63 2100
62 wait 59 63 2300
62 irecv 14 3100 200 0
62 irecv 46 3300 200 0
62 send 14 3300 36 0
62 send 46 3100 36 0
62 wait 15 63 3100
62 wait 47 63 3300
62 irecv 63 1100 200 0
62 irecv 61 1300 200 0
62 send 63 1300 16 0
62 send 61 1100 16 0
62 wait 64 63 1100
62 wait 62 63 1300
62 irecv 50 2100 200 0
62 irecv 58 2300 200 0
62 send 50 2300 24 0
62 send 58 2100 24 0
62 wait 51 63 2100
62 wait 59 63 2300
62 irecv 14 3100 200 0
62 irecv 46 3300 200 0
62 send 14 3300 36 0
62 send 46 3100 36 0
62 wait 15 63 3100
62 wait 47 63 3300
62 irecv 63 1100 200 0
62 irecv 61 1300 200 0
62 send 63 1300 64 0
62 send 61 1100 64 0
62 wait 64 63 1100
62 wait 62 63 1300
62 irecv 50 2100 200 0
62 irecv 58 2300 200 0
62 send 50 2300 80 0
62 send 58 2100 80 0
62 wait 51 63 2100
62 wait 59 63 2300
62 irecv 14 3100 200 0
62 irecv 46 3300 200 0
62 send 14 3300 100 0
62 send 46 3100 100 0
62 wait 15 63 3100
62 wait 47 63 3300
62 irecv 63 1100 200 0
62 irecv 61 1300 200 0
62 send 63 1300 64 0
62 send 61 1100 64 0
62 wait 64 63 1100
62 wait 62 63 1300
62 irecv 50 2100 200 0
62 irecv 58 2300 200 0
62 send 50 2300 80 0
62 send 58 2100 80 0
62 wait 51 63 2100
62 wait 59 63 2300
62 irecv 14 3100 200 0
62 irecv 46 3300 200 0
62 send 14 3300 100 0
62 send 46 3100 100 0
62 wait 15 63 3100
62 wait 47 63 3300
62 irecv 63 1100 200 0
62 irecv 61 1300 200 0
62 send 63 1300 64 0
62 send 61 1100 64 0
62 wait 64 63 1100
62 wait 62 63 1300
62 irecv 50 2100 200 0
62 irecv 58 2300 200 0
62 send 50 2300 80 0
62 send 58 2100 80 0
62 wait 51 63 2100
62 wait 59 63 2300
62 irecv 14 3100 200 0
62 irecv 46 3300 200 0
62 send 14 3300 100 0
62 send 46 3100 100 0
62 wait 15 63 3100
62 wait 47 63 3300
62 barrier
62 allreduce 1 0 0 
62 allreduce 4 0 1 
62 allreduce 1 0 0 
62 allreduce 4 0 1 
62 allreduce 1 0 0 
62 allreduce 4 0 1 
62 allreduce 1 0 0 
62 allreduce 4 0 1 
62 allreduce 1 0 0 
62 allreduce 4 0 1 
62 allreduce 1 0 0 
62 allreduce 4 0 1 
62 allreduce 1 0 0 
62 allreduce 4 0 1 
62 allreduce 1 0 0 
62 allreduce 4 0 1 
62 allreduce 1 0 0 
62 allreduce 4 0 1 
62 allreduce 1 0 0 
62 allreduce 4 0 1 
62 allreduce 1 0 0 
62 allreduce 4 0 1 
62 allreduce 1 0 0 
62 allreduce 4 0 1 
62 allreduce 1 0 0 
62 allreduce 4 0 1 
62 allreduce 1 0 0 
62 allreduce 4 0 1 
62 allreduce 1 0 0 
62 allreduce 4 0 1 
62 allreduce 1 0 0 
62 allreduce 4 0 1 
62 allreduce 1 0 0 
62 allreduce 4 0 1 
62 allreduce 1 0 0 
62 allreduce 4 0 1 
62 allreduce 1 0 0 
62 allreduce 4 0 1 
62 allreduce 1 0 0 
62 allreduce 4 0 1 
62 barrier
62 irecv 63 1100 200 0
62 irecv 61 1300 200 0
62 send 63 1300 64 0
62 send 61 1100 64 0
62 wait 64 63 1100
62 wait 62 63 1300
62 irecv 50 2100 200 0
62 irecv 58 2300 200 0
62 send 50 2300 80 0
62 send 58 2100 80 0
62 wait 51 63 2100
62 wait 59 63 2300
62 irecv 14 3100 200 0
62 irecv 46 3300 200 0
62 send 14 3300 100 0
62 send 46 3100 100 0
62 wait 15 63 3100
62 wait 47 63 3300
62 barrier
62 irecv 63 1100 200 0
62 irecv 61 1300 200 0
62 send 63 1300 64 0
62 send 61 1100 64 0
62 wait 64 63 1100
62 wait 62 63 1300
62 irecv 50 2100 200 0
62 irecv 58 2300 200 0
62 send 50 2300 80 0
62 send 58 2100 80 0
62 wait 51 63 2100
62 wait 59 63 2300
62 irecv 14 3100 200 0
62 irecv 46 3300 200 0
62 send 14 3300 100 0
62 send 46 3100 100 0
62 wait 15 63 3100
62 wait 47 63 3300
62 allreduce 1 0 0 
62 allreduce 1 0 0 
62 irecv 63 1100 200 0
62 irecv 61 1300 200 0
62 send 63 1300 16 0
62 send 61 1100 16 0
62 wait 64 63 1100
62 wait 62 63 1300
62 irecv 50 2100 200 0
62 irecv 58 2300 200 0
62 send 50 2300 24 0
62 send 58 2100 24 0
62 wait 51 63 2100
62 wait 59 63 2300
62 irecv 14 3100 200 0
62 irecv 46 3300 200 0
62 send 14 3300 36 0
62 send 46 3100 36 0
62 wait 15 63 3100
62 wait 47 63 3300
62 irecv 63 1100 200 0
62 irecv 61 1300 200 0
62 send 63 1300 4 0
62 send 61 1100 4 0
62 wait 64 63 1100
62 wait 62 63 1300
62 irecv 50 2100 200 0
62 irecv 58 2300 200 0
62 send 50 2300 8 0
62 send 58 2100 8 0
62 wait 51 63 2100
62 wait 59 63 2300
62 irecv 14 3100 200 0
62 irecv 46 3300 200 0
62 send 14 3300 16 0
62 send 46 3100 16 0
62 wait 15 63 3100
62 wait 47 63 3300
62 irecv 63 1100 200 0
62 irecv 61 1300 200 0
62 send 63 1300 1 0
62 send 61 1100 1 0
62 wait 64 63 1100
62 wait 62 63 1300
62 irecv 50 2100 200 0
62 irecv 58 2300 200 0
62 send 50 2300 3 0
62 send 58 2100 3 0
62 wait 51 63 2100
62 wait 59 63 2300
62 irecv 14 3100 200 0
62 irecv 46 3300 200 0
62 send 14 3300 9 0
62 send 46 3100 9 0
62 wait 15 63 3100
62 wait 47 63 3300
62 irecv 63 1100 200 0
62 irecv 61 1300 200 0
62 wait 64 63 1100
62 wait 62 63 1300
62 send 50 2300 18 0
62 send 58 2100 9 0
62 send 14 3300 18 0
62 send 46 3100 9 0
62 irecv 63 1100 200 0
62 irecv 61 1300 200 0
62 send 63 1300 1 0
62 send 61 1100 1 0
62 wait 64 63 1100
62 wait 62 63 1300
62 irecv 50 2100 200 0
62 irecv 58 2300 200 0
62 send 50 2300 3 0
62 send 58 2100 3 0
62 wait 51 63 2100
62 wait 59 63 2300
62 irecv 14 3100 200 0
62 irecv 46 3300 200 0
62 send 14 3300 9 0
62 send 46 3100 9 0
62 wait 15 63 3100
62 wait 47 63 3300
62 irecv 63 1100 200 0
62 irecv 61 1300 200 0
62 send 63 1300 1 0
62 send 61 1100 1 0
62 wait 64 63 1100
62 wait 62 63 1300
62 irecv 50 2100 200 0
62 irecv 58 2300 200 0
62 send 50 2300 3 0
62 send 58 2100 3 0
62 wait 51 63 2100
62 wait 59 63 2300
62 irecv 14 3100 200 0
62 irecv 46 3300 200 0
62 send 14 3300 9 0
62 send 46 3100 9 0
62 wait 15 63 3100
62 wait 47 63 3300
62 irecv 63 1100 200 0
62 irecv 61 1300 200 0
62 send 63 1300 4 0
62 send 61 1100 4 0
62 wait 64 63 1100
62 wait 62 63 1300
62 irecv 50 2100 200 0
62 irecv 58 2300 200 0
62 send 50 2300 8 0
62 send 58 2100 8 0
62 wait 51 63 2100
62 wait 59 63 2300
62 irecv 14 3100 200 0
62 irecv 46 3300 200 0
62 send 14 3300 16 0
62 send 46 3100 16 0
62 wait 15 63 3100
62 wait 47 63 3300
62 irecv 63 1100 200 0
62 irecv 61 1300 200 0
62 send 63 1300 4 0
62 send 61 1100 4 0
62 wait 64 63 1100
62 wait 62 63 1300
62 irecv 50 2100 200 0
62 irecv 58 2300 200 0
62 send 50 2300 8 0
62 send 58 2100 8 0
62 wait 51 63 2100
62 wait 59 63 2300
62 irecv 14 3100 200 0
62 irecv 46 3300 200 0
62 send 14 3300 16 0
62 send 46 3100 16 0
62 wait 15 63 3100
62 wait 47 63 3300
62 irecv 63 1100 200 0
62 irecv 61 1300 200 0
62 send 63 1300 16 0
62 send 61 1100 16 0
62 wait 64 63 1100
62 wait 62 63 1300
62 irecv 50 2100 200 0
62 irecv 58 2300 200 0
62 send 50 2300 24 0
62 send 58 2100 24 0
62 wait 51 63 2100
62 wait 59 63 2300
62 irecv 14 3100 200 0
62 irecv 46 3300 200 0
62 send 14 3300 36 0
62 send 46 3100 36 0
62 wait 15 63 3100
62 wait 47 63 3300
62 irecv 63 1100 200 0
62 irecv 61 1300 200 0
62 send 63 1300 16 0
62 send 61 1100 16 0
62 wait 64 63 1100
62 wait 62 63 1300
62 irecv 50 2100 200 0
62 irecv 58 2300 200 0
62 send 50 2300 24 0
62 send 58 2100 24 0
62 wait 51 63 2100
62 wait 59 63 2300
62 irecv 14 3100 200 0
62 irecv 46 3300 200 0
62 send 14 3300 36 0
62 send 46 3100 36 0
62 wait 15 63 3100
62 wait 47 63 3300
62 irecv 63 1100 200 0
62 irecv 61 1300 200 0
62 send 63 1300 64 0
62 send 61 1100 64 0
62 wait 64 63 1100
62 wait 62 63 1300
62 irecv 50 2100 200 0
62 irecv 58 2300 200 0
62 send 50 2300 80 0
62 send 58 2100 80 0
62 wait 51 63 2100
62 wait 59 63 2300
62 irecv 14 3100 200 0
62 irecv 46 3300 200 0
62 send 14 3300 100 0
62 send 46 3100 100 0
62 wait 15 63 3100
62 wait 47 63 3300
62 irecv 63 1100 200 0
62 irecv 61 1300 200 0
62 send 63 1300 64 0
62 send 61 1100 64 0
62 wait 64 63 1100
62 wait 62 63 1300
62 irecv 50 2100 200 0
62 irecv 58 2300 200 0
62 send 50 2300 80 0
62 send 58 2100 80 0
62 wait 51 63 2100
62 wait 59 63 2300
62 irecv 14 3100 200 0
62 irecv 46 3300 200 0
62 send 14 3300 100 0
62 send 46 3100 100 0
62 wait 15 63 3100
62 wait 47 63 3300
62 irecv 63 1100 200 0
62 irecv 61 1300 200 0
62 send 63 1300 64 0
62 send 61 1100 64 0
62 wait 64 63 1100
62 wait 62 63 1300
62 irecv 50 2100 200 0
62 irecv 58 2300 200 0
62 send 50 2300 80 0
62 send 58 2100 80 0
62 wait 51 63 2100
62 wait 59 63 2300
62 irecv 14 3100 200 0
62 irecv 46 3300 200 0
62 send 14 3300 100 0
62 send 46 3100 100 0
62 wait 15 63 3100
62 wait 47 63 3300
62 irecv 63 1100 200 0
62 irecv 61 1300 200 0
62 send 63 1300 16 0
62 send 61 1100 16 0
62 wait 64 63 1100
62 wait 62 63 1300
62 irecv 50 2100 200 0
62 irecv 58 2300 200 0
62 send 50 2300 24 0
62 send 58 2100 24 0
62 wait 51 63 2100
62 wait 59 63 2300
62 irecv 14 3100 200 0
62 irecv 46 3300 200 0
62 send 14 3300 36 0
62 send 46 3100 36 0
62 wait 15 63 3100
62 wait 47 63 3300
62 irecv 63 1100 200 0
62 irecv 61 1300 200 0
62 send 63 1300 4 0
62 send 61 1100 4 0
62 wait 64 63 1100
62 wait 62 63 1300
62 irecv 50 2100 200 0
62 irecv 58 2300 200 0
62 send 50 2300 8 0
62 send 58 2100 8 0
62 wait 51 63 2100
62 wait 59 63 2300
62 irecv 14 3100 200 0
62 irecv 46 3300 200 0
62 send 14 3300 16 0
62 send 46 3100 16 0
62 wait 15 63 3100
62 wait 47 63 3300
62 irecv 63 1100 200 0
62 irecv 61 1300 200 0
62 send 63 1300 1 0
62 send 61 1100 1 0
62 wait 64 63 1100
62 wait 62 63 1300
62 irecv 50 2100 200 0
62 irecv 58 2300 200 0
62 send 50 2300 3 0
62 send 58 2100 3 0
62 wait 51 63 2100
62 wait 59 63 2300
62 irecv 14 3100 200 0
62 irecv 46 3300 200 0
62 send 14 3300 9 0
62 send 46 3100 9 0
62 wait 15 63 3100
62 wait 47 63 3300
62 irecv 63 1100 200 0
62 irecv 61 1300 200 0
62 wait 64 63 1100
62 wait 62 63 1300
62 send 50 2300 18 0
62 send 58 2100 9 0
62 send 14 3300 18 0
62 send 46 3100 9 0
62 irecv 63 1100 200 0
62 irecv 61 1300 200 0
62 send 63 1300 1 0
62 send 61 1100 1 0
62 wait 64 63 1100
62 wait 62 63 1300
62 irecv 50 2100 200 0
62 irecv 58 2300 200 0
62 send 50 2300 3 0
62 send 58 2100 3 0
62 wait 51 63 2100
62 wait 59 63 2300
62 irecv 14 3100 200 0
62 irecv 46 3300 200 0
62 send 14 3300 9 0
62 send 46 3100 9 0
62 wait 15 63 3100
62 wait 47 63 3300
62 irecv 63 1100 200 0
62 irecv 61 1300 200 0
62 send 63 1300 1 0
62 send 61 1100 1 0
62 wait 64 63 1100
62 wait 62 63 1300
62 irecv 50 2100 200 0
62 irecv 58 2300 200 0
62 send 50 2300 3 0
62 send 58 2100 3 0
62 wait 51 63 2100
62 wait 59 63 2300
62 irecv 14 3100 200 0
62 irecv 46 3300 200 0
62 send 14 3300 9 0
62 send 46 3100 9 0
62 wait 15 63 3100
62 wait 47 63 3300
62 irecv 63 1100 200 0
62 irecv 61 1300 200 0
62 send 63 1300 4 0
62 send 61 1100 4 0
62 wait 64 63 1100
62 wait 62 63 1300
62 irecv 50 2100 200 0
62 irecv 58 2300 200 0
62 send 50 2300 8 0
62 send 58 2100 8 0
62 wait 51 63 2100
62 wait 59 63 2300
62 irecv 14 3100 200 0
62 irecv 46 3300 200 0
62 send 14 3300 16 0
62 send 46 3100 16 0
62 wait 15 63 3100
62 wait 47 63 3300
62 irecv 63 1100 200 0
62 irecv 61 1300 200 0
62 send 63 1300 4 0
62 send 61 1100 4 0
62 wait 64 63 1100
62 wait 62 63 1300
62 irecv 50 2100 200 0
62 irecv 58 2300 200 0
62 send 50 2300 8 0
62 send 58 2100 8 0
62 wait 51 63 2100
62 wait 59 63 2300
62 irecv 14 3100 200 0
62 irecv 46 3300 200 0
62 send 14 3300 16 0
62 send 46 3100 16 0
62 wait 15 63 3100
62 wait 47 63 3300
62 irecv 63 1100 200 0
62 irecv 61 1300 200 0
62 send 63 1300 16 0
62 send 61 1100 16 0
62 wait 64 63 1100
62 wait 62 63 1300
62 irecv 50 2100 200 0
62 irecv 58 2300 200 0
62 send 50 2300 24 0
62 send 58 2100 24 0
62 wait 51 63 2100
62 wait 59 63 2300
62 irecv 14 3100 200 0
62 irecv 46 3300 200 0
62 send 14 3300 36 0
62 send 46 3100 36 0
62 wait 15 63 3100
62 wait 47 63 3300
62 irecv 63 1100 200 0
62 irecv 61 1300 200 0
62 send 63 1300 16 0
62 send 61 1100 16 0
62 wait 64 63 1100
62 wait 62 63 1300
62 irecv 50 2100 200 0
62 irecv 58 2300 200 0
62 send 50 2300 24 0
62 send 58 2100 24 0
62 wait 51 63 2100
62 wait 59 63 2300
62 irecv 14 3100 200 0
62 irecv 46 3300 200 0
62 send 14 3300 36 0
62 send 46 3100 36 0
62 wait 15 63 3100
62 wait 47 63 3300
62 irecv 63 1100 200 0
62 irecv 61 1300 200 0
62 send 63 1300 64 0
62 send 61 1100 64 0
62 wait 64 63 1100
62 wait 62 63 1300
62 irecv 50 2100 200 0
62 irecv 58 2300 200 0
62 send 50 2300 80 0
62 send 58 2100 80 0
62 wait 51 63 2100
62 wait 59 63 2300
62 irecv 14 3100 200 0
62 irecv 46 3300 200 0
62 send 14 3300 100 0
62 send 46 3100 100 0
62 wait 15 63 3100
62 wait 47 63 3300
62 irecv 63 1100 200 0
62 irecv 61 1300 200 0
62 send 63 1300 64 0
62 send 61 1100 64 0
62 wait 64 63 1100
62 wait 62 63 1300
62 irecv 50 2100 200 0
62 irecv 58 2300 200 0
62 send 50 2300 80 0
62 send 58 2100 80 0
62 wait 51 63 2100
62 wait 59 63 2300
62 irecv 14 3100 200 0
62 irecv 46 3300 200 0
62 send 14 3300 100 0
62 send 46 3100 100 0
62 wait 15 63 3100
62 wait 47 63 3300
62 irecv 63 1100 200 0
62 irecv 61 1300 200 0
62 send 63 1300 64 0
62 send 61 1100 64 0
62 wait 64 63 1100
62 wait 62 63 1300
62 irecv 50 2100 200 0
62 irecv 58 2300 200 0
62 send 50 2300 80 0
62 send 58 2100 80 0
62 wait 51 63 2100
62 wait 59 63 2300
62 irecv 14 3100 200 0
62 irecv 46 3300 200 0
62 send 14 3300 100 0
62 send 46 3100 100 0
62 wait 15 63 3100
62 wait 47 63 3300
62 irecv 63 1100 200 0
62 irecv 61 1300 200 0
62 send 63 1300 16 0
62 send 61 1100 16 0
62 wait 64 63 1100
62 wait 62 63 1300
62 irecv 50 2100 200 0
62 irecv 58 2300 200 0
62 send 50 2300 24 0
62 send 58 2100 24 0
62 wait 51 63 2100
62 wait 59 63 2300
62 irecv 14 3100 200 0
62 irecv 46 3300 200 0
62 send 14 3300 36 0
62 send 46 3100 36 0
62 wait 15 63 3100
62 wait 47 63 3300
62 irecv 63 1100 200 0
62 irecv 61 1300 200 0
62 send 63 1300 4 0
62 send 61 1100 4 0
62 wait 64 63 1100
62 wait 62 63 1300
62 irecv 50 2100 200 0
62 irecv 58 2300 200 0
62 send 50 2300 8 0
62 send 58 2100 8 0
62 wait 51 63 2100
62 wait 59 63 2300
62 irecv 14 3100 200 0
62 irecv 46 3300 200 0
62 send 14 3300 16 0
62 send 46 3100 16 0
62 wait 15 63 3100
62 wait 47 63 3300
62 irecv 63 1100 200 0
62 irecv 61 1300 200 0
62 send 63 1300 1 0
62 send 61 1100 1 0
62 wait 64 63 1100
62 wait 62 63 1300
62 irecv 50 2100 200 0
62 irecv 58 2300 200 0
62 send 50 2300 3 0
62 send 58 2100 3 0
62 wait 51 63 2100
62 wait 59 63 2300
62 irecv 14 3100 200 0
62 irecv 46 3300 200 0
62 send 14 3300 9 0
62 send 46 3100 9 0
62 wait 15 63 3100
62 wait 47 63 3300
62 irecv 63 1100 200 0
62 irecv 61 1300 200 0
62 wait 64 63 1100
62 wait 62 63 1300
62 send 50 2300 18 0
62 send 58 2100 9 0
62 send 14 3300 18 0
62 send 46 3100 9 0
62 irecv 63 1100 200 0
62 irecv 61 1300 200 0
62 send 63 1300 1 0
62 send 61 1100 1 0
62 wait 64 63 1100
62 wait 62 63 1300
62 irecv 50 2100 200 0
62 irecv 58 2300 200 0
62 send 50 2300 3 0
62 send 58 2100 3 0
62 wait 51 63 2100
62 wait 59 63 2300
62 irecv 14 3100 200 0
62 irecv 46 3300 200 0
62 send 14 3300 9 0
62 send 46 3100 9 0
62 wait 15 63 3100
62 wait 47 63 3300
62 irecv 63 1100 200 0
62 irecv 61 1300 200 0
62 send 63 1300 1 0
62 send 61 1100 1 0
62 wait 64 63 1100
62 wait 62 63 1300
62 irecv 50 2100 200 0
62 irecv 58 2300 200 0
62 send 50 2300 3 0
62 send 58 2100 3 0
62 wait 51 63 2100
62 wait 59 63 2300
62 irecv 14 3100 200 0
62 irecv 46 3300 200 0
62 send 14 3300 9 0
62 send 46 3100 9 0
62 wait 15 63 3100
62 wait 47 63 3300
62 irecv 63 1100 200 0
62 irecv 61 1300 200 0
62 send 63 1300 4 0
62 send 61 1100 4 0
62 wait 64 63 1100
62 wait 62 63 1300
62 irecv 50 2100 200 0
62 irecv 58 2300 200 0
62 send 50 2300 8 0
62 send 58 2100 8 0
62 wait 51 63 2100
62 wait 59 63 2300
62 irecv 14 3100 200 0
62 irecv 46 3300 200 0
62 send 14 3300 16 0
62 send 46 3100 16 0
62 wait 15 63 3100
62 wait 47 63 3300
62 irecv 63 1100 200 0
62 irecv 61 1300 200 0
62 send 63 1300 4 0
62 send 61 1100 4 0
62 wait 64 63 1100
62 wait 62 63 1300
62 irecv 50 2100 200 0
62 irecv 58 2300 200 0
62 send 50 2300 8 0
62 send 58 2100 8 0
62 wait 51 63 2100
62 wait 59 63 2300
62 irecv 14 3100 200 0
62 irecv 46 3300 200 0
62 send 14 3300 16 0
62 send 46 3100 16 0
62 wait 15 63 3100
62 wait 47 63 3300
62 irecv 63 1100 200 0
62 irecv 61 1300 200 0
62 send 63 1300 16 0
62 send 61 1100 16 0
62 wait 64 63 1100
62 wait 62 63 1300
62 irecv 50 2100 200 0
62 irecv 58 2300 200 0
62 send 50 2300 24 0
62 send 58 2100 24 0
62 wait 51 63 2100
62 wait 59 63 2300
62 irecv 14 3100 200 0
62 irecv 46 3300 200 0
62 send 14 3300 36 0
62 send 46 3100 36 0
62 wait 15 63 3100
62 wait 47 63 3300
62 irecv 63 1100 200 0
62 irecv 61 1300 200 0
62 send 63 1300 16 0
62 send 61 1100 16 0
62 wait 64 63 1100
62 wait 62 63 1300
62 irecv 50 2100 200 0
62 irecv 58 2300 200 0
62 send 50 2300 24 0
62 send 58 2100 24 0
62 wait 51 63 2100
62 wait 59 63 2300
62 irecv 14 3100 200 0
62 irecv 46 3300 200 0
62 send 14 3300 36 0
62 send 46 3100 36 0
62 wait 15 63 3100
62 wait 47 63 3300
62 irecv 63 1100 200 0
62 irecv 61 1300 200 0
62 send 63 1300 64 0
62 send 61 1100 64 0
62 wait 64 63 1100
62 wait 62 63 1300
62 irecv 50 2100 200 0
62 irecv 58 2300 200 0
62 send 50 2300 80 0
62 send 58 2100 80 0
62 wait 51 63 2100
62 wait 59 63 2300
62 irecv 14 3100 200 0
62 irecv 46 3300 200 0
62 send 14 3300 100 0
62 send 46 3100 100 0
62 wait 15 63 3100
62 wait 47 63 3300
62 irecv 63 1100 200 0
62 irecv 61 1300 200 0
62 send 63 1300 64 0
62 send 61 1100 64 0
62 wait 64 63 1100
62 wait 62 63 1300
62 irecv 50 2100 200 0
62 irecv 58 2300 200 0
62 send 50 2300 80 0
62 send 58 2100 80 0
62 wait 51 63 2100
62 wait 59 63 2300
62 irecv 14 3100 200 0
62 irecv 46 3300 200 0
62 send 14 3300 100 0
62 send 46 3100 100 0
62 wait 15 63 3100
62 wait 47 63 3300
62 irecv 63 1100 200 0
62 irecv 61 1300 200 0
62 send 63 1300 64 0
62 send 61 1100 64 0
62 wait 64 63 1100
62 wait 62 63 1300
62 irecv 50 2100 200 0
62 irecv 58 2300 200 0
62 send 50 2300 80 0
62 send 58 2100 80 0
62 wait 51 63 2100
62 wait 59 63 2300
62 irecv 14 3100 200 0
62 irecv 46 3300 200 0
62 send 14 3300 100 0
62 send 46 3100 100 0
62 wait 15 63 3100
62 wait 47 63 3300
62 irecv 63 1100 200 0
62 irecv 61 1300 200 0
62 send 63 1300 16 0
62 send 61 1100 16 0
62 wait 64 63 1100
62 wait 62 63 1300
62 irecv 50 2100 200 0
62 irecv 58 2300 200 0
62 send 50 2300 24 0
62 send 58 2100 24 0
62 wait 51 63 2100
62 wait 59 63 2300
62 irecv 14 3100 200 0
62 irecv 46 3300 200 0
62 send 14 3300 36 0
62 send 46 3100 36 0
62 wait 15 63 3100
62 wait 47 63 3300
62 irecv 63 1100 200 0
62 irecv 61 1300 200 0
62 send 63 1300 4 0
62 send 61 1100 4 0
62 wait 64 63 1100
62 wait 62 63 1300
62 irecv 50 2100 200 0
62 irecv 58 2300 200 0
62 send 50 2300 8 0
62 send 58 2100 8 0
62 wait 51 63 2100
62 wait 59 63 2300
62 irecv 14 3100 200 0
62 irecv 46 3300 200 0
62 send 14 3300 16 0
62 send 46 3100 16 0
62 wait 15 63 3100
62 wait 47 63 3300
62 irecv 63 1100 200 0
62 irecv 61 1300 200 0
62 send 63 1300 1 0
62 send 61 1100 1 0
62 wait 64 63 1100
62 wait 62 63 1300
62 irecv 50 2100 200 0
62 irecv 58 2300 200 0
62 send 50 2300 3 0
62 send 58 2100 3 0
62 wait 51 63 2100
62 wait 59 63 2300
62 irecv 14 3100 200 0
62 irecv 46 3300 200 0
62 send 14 3300 9 0
62 send 46 3100 9 0
62 wait 15 63 3100
62 wait 47 63 3300
62 irecv 63 1100 200 0
62 irecv 61 1300 200 0
62 wait 64 63 1100
62 wait 62 63 1300
62 send 50 2300 18 0
62 send 58 2100 9 0
62 send 14 3300 18 0
62 send 46 3100 9 0
62 irecv 63 1100 200 0
62 irecv 61 1300 200 0
62 send 63 1300 1 0
62 send 61 1100 1 0
62 wait 64 63 1100
62 wait 62 63 1300
62 irecv 50 2100 200 0
62 irecv 58 2300 200 0
62 send 50 2300 3 0
62 send 58 2100 3 0
62 wait 51 63 2100
62 wait 59 63 2300
62 irecv 14 3100 200 0
62 irecv 46 3300 200 0
62 send 14 3300 9 0
62 send 46 3100 9 0
62 wait 15 63 3100
62 wait 47 63 3300
62 irecv 63 1100 200 0
62 irecv 61 1300 200 0
62 send 63 1300 1 0
62 send 61 1100 1 0
62 wait 64 63 1100
62 wait 62 63 1300
62 irecv 50 2100 200 0
62 irecv 58 2300 200 0
62 send 50 2300 3 0
62 send 58 2100 3 0
62 wait 51 63 2100
62 wait 59 63 2300
62 irecv 14 3100 200 0
62 irecv 46 3300 200 0
62 send 14 3300 9 0
62 send 46 3100 9 0
62 wait 15 63 3100
62 wait 47 63 3300
62 irecv 63 1100 200 0
62 irecv 61 1300 200 0
62 send 63 1300 4 0
62 send 61 1100 4 0
62 wait 64 63 1100
62 wait 62 63 1300
62 irecv 50 2100 200 0
62 irecv 58 2300 200 0
62 send 50 2300 8 0
62 send 58 2100 8 0
62 wait 51 63 2100
62 wait 59 63 2300
62 irecv 14 3100 200 0
62 irecv 46 3300 200 0
62 send 14 3300 16 0
62 send 46 3100 16 0
62 wait 15 63 3100
62 wait 47 63 3300
62 irecv 63 1100 200 0
62 irecv 61 1300 200 0
62 send 63 1300 4 0
62 send 61 1100 4 0
62 wait 64 63 1100
62 wait 62 63 1300
62 irecv 50 2100 200 0
62 irecv 58 2300 200 0
62 send 50 2300 8 0
62 send 58 2100 8 0
62 wait 51 63 2100
62 wait 59 63 2300
62 irecv 14 3100 200 0
62 irecv 46 3300 200 0
62 send 14 3300 16 0
62 send 46 3100 16 0
62 wait 15 63 3100
62 wait 47 63 3300
62 irecv 63 1100 200 0
62 irecv 61 1300 200 0
62 send 63 1300 16 0
62 send 61 1100 16 0
62 wait 64 63 1100
62 wait 62 63 1300
62 irecv 50 2100 200 0
62 irecv 58 2300 200 0
62 send 50 2300 24 0
62 send 58 2100 24 0
62 wait 51 63 2100
62 wait 59 63 2300
62 irecv 14 3100 200 0
62 irecv 46 3300 200 0
62 send 14 3300 36 0
62 send 46 3100 36 0
62 wait 15 63 3100
62 wait 47 63 3300
62 irecv 63 1100 200 0
62 irecv 61 1300 200 0
62 send 63 1300 16 0
62 send 61 1100 16 0
62 wait 64 63 1100
62 wait 62 63 1300
62 irecv 50 2100 200 0
62 irecv 58 2300 200 0
62 send 50 2300 24 0
62 send 58 2100 24 0
62 wait 51 63 2100
62 wait 59 63 2300
62 irecv 14 3100 200 0
62 irecv 46 3300 200 0
62 send 14 3300 36 0
62 send 46 3100 36 0
62 wait 15 63 3100
62 wait 47 63 3300
62 irecv 63 1100 200 0
62 irecv 61 1300 200 0
62 send 63 1300 64 0
62 send 61 1100 64 0
62 wait 64 63 1100
62 wait 62 63 1300
62 irecv 50 2100 200 0
62 irecv 58 2300 200 0
62 send 50 2300 80 0
62 send 58 2100 80 0
62 wait 51 63 2100
62 wait 59 63 2300
62 irecv 14 3100 200 0
62 irecv 46 3300 200 0
62 send 14 3300 100 0
62 send 46 3100 100 0
62 wait 15 63 3100
62 wait 47 63 3300
62 irecv 63 1100 200 0
62 irecv 61 1300 200 0
62 send 63 1300 64 0
62 send 61 1100 64 0
62 wait 64 63 1100
62 wait 62 63 1300
62 irecv 50 2100 200 0
62 irecv 58 2300 200 0
62 send 50 2300 80 0
62 send 58 2100 80 0
62 wait 51 63 2100
62 wait 59 63 2300
62 irecv 14 3100 200 0
62 irecv 46 3300 200 0
62 send 14 3300 100 0
62 send 46 3100 100 0
62 wait 15 63 3100
62 wait 47 63 3300
62 irecv 63 1100 200 0
62 irecv 61 1300 200 0
62 send 63 1300 64 0
62 send 61 1100 64 0
62 wait 64 63 1100
62 wait 62 63 1300
62 irecv 50 2100 200 0
62 irecv 58 2300 200 0
62 send 50 2300 80 0
62 send 58 2100 80 0
62 wait 51 63 2100
62 wait 59 63 2300
62 irecv 14 3100 200 0
62 irecv 46 3300 200 0
62 send 14 3300 100 0
62 send 46 3100 100 0
62 wait 15 63 3100
62 wait 47 63 3300
62 allreduce 1 0 0 
62 allreduce 1 0 0 
62 reduce 1 0 0 0 
62 finalize
