47 init
47 barrier
47 bcast 1 0 1 
47 bcast 1 0 1 
47 bcast 1 0 1 
47 bcast 1 0 1 
47 bcast 1 0 1 
47 bcast 8 0 1 
47 bcast 1 0 16 
47 barrier
47 allreduce 1 0 0 
47 allreduce 4 0 1 
47 allreduce 1 0 0 
47 allreduce 4 0 1 
47 allreduce 1 0 0 
47 allreduce 4 0 1 
47 allreduce 1 0 0 
47 allreduce 4 0 1 
47 allreduce 1 0 0 
47 allreduce 4 0 1 
47 allreduce 1 0 0 
47 allreduce 4 0 1 
47 allreduce 1 0 0 
47 allreduce 4 0 1 
47 allreduce 1 0 0 
47 allreduce 4 0 1 
47 allreduce 1 0 0 
47 allreduce 4 0 1 
47 allreduce 1 0 0 
47 allreduce 4 0 1 
47 allreduce 1 0 0 
47 allreduce 4 0 1 
47 allreduce 1 0 0 
47 allreduce 4 0 1 
47 allreduce 1 0 0 
47 allreduce 4 0 1 
47 allreduce 1 0 0 
47 allreduce 4 0 1 
47 allreduce 1 0 0 
47 allreduce 4 0 1 
47 allreduce 1 0 0 
47 allreduce 4 0 1 
47 allreduce 1 0 0 
47 allreduce 4 0 1 
47 allreduce 1 0 0 
47 allreduce 4 0 1 
47 allreduce 1 0 0 
47 allreduce 4 0 1 
47 allreduce 1 0 0 
47 allreduce 4 0 1 
47 barrier
47 irecv 44 1100 200 0
47 irecv 46 1300 200 0
47 send 44 1300 64 0
47 send 46 1100 64 0
47 wait 45 48 1100
47 wait 47 48 1300
47 irecv 35 2100 200 0
47 irecv 43 2300 200 0
47 send 35 2300 80 0
47 send 43 2100 80 0
47 wait 36 48 2100
47 wait 44 48 2300
47 irecv 63 3100 200 0
47 irecv 31 3300 200 0
47 send 63 3300 100 0
47 send 31 3100 100 0
47 wait 64 48 3100
47 wait 32 48 3300
47 allreduce 1 0 0 
47 allreduce 1 0 0 
47 irecv 44 1100 200 0
47 irecv 46 1300 200 0
47 send 44 1300 64 0
47 send 46 1100 64 0
47 wait 45 48 1100
47 wait 47 48 1300
47 irecv 35 2100 200 0
47 irecv 43 2300 200 0
47 send 35 2300 80 0
47 send 43 2100 80 0
47 wait 36 48 2100
47 wait 44 48 2300
47 irecv 63 3100 200 0
47 irecv 31 3300 200 0
47 send 63 3300 100 0
47 send 31 3100 100 0
47 wait 64 48 3100
47 wait 32 48 3300
47 allreduce 1 0 0 
47 allreduce 1 0 0 
47 irecv 44 1100 200 0
47 irecv 46 1300 200 0
47 send 44 1300 16 0
47 send 46 1100 16 0
47 wait 45 48 1100
47 wait 47 48 1300
47 irecv 35 2100 200 0
47 irecv 43 2300 200 0
47 send 35 2300 24 0
47 send 43 2100 24 0
47 wait 36 48 2100
47 wait 44 48 2300
47 irecv 63 3100 200 0
47 irecv 31 3300 200 0
47 send 63 3300 36 0
47 send 31 3100 36 0
47 wait 64 48 3100
47 wait 32 48 3300
47 irecv 44 1100 200 0
47 irecv 46 1300 200 0
47 send 44 1300 4 0
47 send 46 1100 4 0
47 wait 45 48 1100
47 wait 47 48 1300
47 irecv 35 2100 200 0
47 irecv 43 2300 200 0
47 send 35 2300 8 0
47 send 43 2100 8 0
47 wait 36 48 2100
47 wait 44 48 2300
47 irecv 63 3100 200 0
47 irecv 31 3300 200 0
47 send 63 3300 16 0
47 send 31 3100 16 0
47 wait 64 48 3100
47 wait 32 48 3300
47 irecv 44 1100 200 0
47 irecv 46 1300 200 0
47 send 44 1300 1 0
47 send 46 1100 1 0
47 wait 45 48 1100
47 wait 47 48 1300
47 irecv 35 2100 200 0
47 irecv 43 2300 200 0
47 send 35 2300 3 0
47 send 43 2100 3 0
47 wait 36 48 2100
47 wait 44 48 2300
47 irecv 63 3100 200 0
47 irecv 31 3300 200 0
47 send 63 3300 9 0
47 send 31 3100 9 0
47 wait 64 48 3100
47 wait 32 48 3300
47 send 44 1300 18 0
47 send 46 1100 9 0
47 send 35 2300 18 0
47 send 43 2100 9 0
47 irecv 63 3100 200 0
47 irecv 31 3300 200 0
47 wait 64 48 3100
47 wait 32 48 3300
47 irecv 44 1100 200 0
47 irecv 46 1300 200 0
47 send 44 1300 1 0
47 send 46 1100 1 0
47 wait 45 48 1100
47 wait 47 48 1300
47 irecv 35 2100 200 0
47 irecv 43 2300 200 0
47 send 35 2300 3 0
47 send 43 2100 3 0
47 wait 36 48 2100
47 wait 44 48 2300
47 irecv 63 3100 200 0
47 irecv 31 3300 200 0
47 send 63 3300 9 0
47 send 31 3100 9 0
47 wait 64 48 3100
47 wait 32 48 3300
47 irecv 44 1100 200 0
47 irecv 46 1300 200 0
47 send 44 1300 1 0
47 send 46 1100 1 0
47 wait 45 48 1100
47 wait 47 48 1300
47 irecv 35 2100 200 0
47 irecv 43 2300 200 0
47 send 35 2300 3 0
47 send 43 2100 3 0
47 wait 36 48 2100
47 wait 44 48 2300
47 irecv 63 3100 200 0
47 irecv 31 3300 200 0
47 send 63 3300 9 0
47 send 31 3100 9 0
47 wait 64 48 3100
47 wait 32 48 3300
47 irecv 44 1100 200 0
47 irecv 46 1300 200 0
47 send 44 1300 4 0
47 send 46 1100 4 0
47 wait 45 48 1100
47 wait 47 48 1300
47 irecv 35 2100 200 0
47 irecv 43 2300 200 0
47 send 35 2300 8 0
47 send 43 2100 8 0
47 wait 36 48 2100
47 wait 44 48 2300
47 irecv 63 3100 200 0
47 irecv 31 3300 200 0
47 send 63 3300 16 0
47 send 31 3100 16 0
47 wait 64 48 3100
47 wait 32 48 3300
47 irecv 44 1100 200 0
47 irecv 46 1300 200 0
47 send 44 1300 4 0
47 send 46 1100 4 0
47 wait 45 48 1100
47 wait 47 48 1300
47 irecv 35 2100 200 0
47 irecv 43 2300 200 0
47 send 35 2300 8 0
47 send 43 2100 8 0
47 wait 36 48 2100
47 wait 44 48 2300
47 irecv 63 3100 200 0
47 irecv 31 3300 200 0
47 send 63 3300 16 0
47 send 31 3100 16 0
47 wait 64 48 3100
47 wait 32 48 3300
47 irecv 44 1100 200 0
47 irecv 46 1300 200 0
47 send 44 1300 16 0
47 send 46 1100 16 0
47 wait 45 48 1100
47 wait 47 48 1300
47 irecv 35 2100 200 0
47 irecv 43 2300 200 0
47 send 35 2300 24 0
47 send 43 2100 24 0
47 wait 36 48 2100
47 wait 44 48 2300
47 irecv 63 3100 200 0
47 irecv 31 3300 200 0
47 send 63 3300 36 0
47 send 31 3100 36 0
47 wait 64 48 3100
47 wait 32 48 3300
47 irecv 44 1100 200 0
47 irecv 46 1300 200 0
47 send 44 1300 16 0
47 send 46 1100 16 0
47 wait 45 48 1100
47 wait 47 48 1300
47 irecv 35 2100 200 0
47 irecv 43 2300 200 0
47 send 35 2300 24 0
47 send 43 2100 24 0
47 wait 36 48 2100
47 wait 44 48 2300
47 irecv 63 3100 200 0
47 irecv 31 3300 200 0
47 send 63 3300 36 0
47 send 31 3100 36 0
47 wait 64 48 3100
47 wait 32 48 3300
47 irecv 44 1100 200 0
47 irecv 46 1300 200 0
47 send 44 1300 64 0
47 send 46 1100 64 0
47 wait 45 48 1100
47 wait 47 48 1300
47 irecv 35 2100 200 0
47 irecv 43 2300 200 0
47 send 35 2300 80 0
47 send 43 2100 80 0
47 wait 36 48 2100
47 wait 44 48 2300
47 irecv 63 3100 200 0
47 irecv 31 3300 200 0
47 send 63 3300 100 0
47 send 31 3100 100 0
47 wait 64 48 3100
47 wait 32 48 3300
47 irecv 44 1100 200 0
47 irecv 46 1300 200 0
47 send 44 1300 64 0
47 send 46 1100 64 0
47 wait 45 48 1100
47 wait 47 48 1300
47 irecv 35 2100 200 0
47 irecv 43 2300 200 0
47 send 35 2300 80 0
47 send 43 2100 80 0
47 wait 36 48 2100
47 wait 44 48 2300
47 irecv 63 3100 200 0
47 irecv 31 3300 200 0
47 send 63 3300 100 0
47 send 31 3100 100 0
47 wait 64 48 3100
47 wait 32 48 3300
47 irecv 44 1100 200 0
47 irecv 46 1300 200 0
47 send 44 1300 64 0
47 send 46 1100 64 0
47 wait 45 48 1100
47 wait 47 48 1300
47 irecv 35 2100 200 0
47 irecv 43 2300 200 0
47 send 35 2300 80 0
47 send 43 2100 80 0
47 wait 36 48 2100
47 wait 44 48 2300
47 irecv 63 3100 200 0
47 irecv 31 3300 200 0
47 send 63 3300 100 0
47 send 31 3100 100 0
47 wait 64 48 3100
47 wait 32 48 3300
47 barrier
47 allreduce 1 0 0 
47 allreduce 4 0 1 
47 allreduce 1 0 0 
47 allreduce 4 0 1 
47 allreduce 1 0 0 
47 allreduce 4 0 1 
47 allreduce 1 0 0 
47 allreduce 4 0 1 
47 allreduce 1 0 0 
47 allreduce 4 0 1 
47 allreduce 1 0 0 
47 allreduce 4 0 1 
47 allreduce 1 0 0 
47 allreduce 4 0 1 
47 allreduce 1 0 0 
47 allreduce 4 0 1 
47 allreduce 1 0 0 
47 allreduce 4 0 1 
47 allreduce 1 0 0 
47 allreduce 4 0 1 
47 allreduce 1 0 0 
47 allreduce 4 0 1 
47 allreduce 1 0 0 
47 allreduce 4 0 1 
47 allreduce 1 0 0 
47 allreduce 4 0 1 
47 allreduce 1 0 0 
47 allreduce 4 0 1 
47 allreduce 1 0 0 
47 allreduce 4 0 1 
47 allreduce 1 0 0 
47 allreduce 4 0 1 
47 allreduce 1 0 0 
47 allreduce 4 0 1 
47 allreduce 1 0 0 
47 allreduce 4 0 1 
47 allreduce 1 0 0 
47 allreduce 4 0 1 
47 allreduce 1 0 0 
47 allreduce 4 0 1 
47 barrier
47 irecv 44 1100 200 0
47 irecv 46 1300 200 0
47 send 44 1300 64 0
47 send 46 1100 64 0
47 wait 45 48 1100
47 wait 47 48 1300
47 irecv 35 2100 200 0
47 irecv 43 2300 200 0
47 send 35 2300 80 0
47 send 43 2100 80 0
47 wait 36 48 2100
47 wait 44 48 2300
47 irecv 63 3100 200 0
47 irecv 31 3300 200 0
47 send 63 3300 100 0
47 send 31 3100 100 0
47 wait 64 48 3100
47 wait 32 48 3300
47 barrier
47 irecv 44 1100 200 0
47 irecv 46 1300 200 0
47 send 44 1300 64 0
47 send 46 1100 64 0
47 wait 45 48 1100
47 wait 47 48 1300
47 irecv 35 2100 200 0
47 irecv 43 2300 200 0
47 send 35 2300 80 0
47 send 43 2100 80 0
47 wait 36 48 2100
47 wait 44 48 2300
47 irecv 63 3100 200 0
47 irecv 31 3300 200 0
47 send 63 3300 100 0
47 send 31 3100 100 0
47 wait 64 48 3100
47 wait 32 48 3300
47 allreduce 1 0 0 
47 allreduce 1 0 0 
47 irecv 44 1100 200 0
47 irecv 46 1300 200 0
47 send 44 1300 16 0
47 send 46 1100 16 0
47 wait 45 48 1100
47 wait 47 48 1300
47 irecv 35 2100 200 0
47 irecv 43 2300 200 0
47 send 35 2300 24 0
47 send 43 2100 24 0
47 wait 36 48 2100
47 wait 44 48 2300
47 irecv 63 3100 200 0
47 irecv 31 3300 200 0
47 send 63 3300 36 0
47 send 31 3100 36 0
47 wait 64 48 3100
47 wait 32 48 3300
47 irecv 44 1100 200 0
47 irecv 46 1300 200 0
47 send 44 1300 4 0
47 send 46 1100 4 0
47 wait 45 48 1100
47 wait 47 48 1300
47 irecv 35 2100 200 0
47 irecv 43 2300 200 0
47 send 35 2300 8 0
47 send 43 2100 8 0
47 wait 36 48 2100
47 wait 44 48 2300
47 irecv 63 3100 200 0
47 irecv 31 3300 200 0
47 send 63 3300 16 0
47 send 31 3100 16 0
47 wait 64 48 3100
47 wait 32 48 3300
47 irecv 44 1100 200 0
47 irecv 46 1300 200 0
47 send 44 1300 1 0
47 send 46 1100 1 0
47 wait 45 48 1100
47 wait 47 48 1300
47 irecv 35 2100 200 0
47 irecv 43 2300 200 0
47 send 35 2300 3 0
47 send 43 2100 3 0
47 wait 36 48 2100
47 wait 44 48 2300
47 irecv 63 3100 200 0
47 irecv 31 3300 200 0
47 send 63 3300 9 0
47 send 31 3100 9 0
47 wait 64 48 3100
47 wait 32 48 3300
47 send 44 1300 18 0
47 send 46 1100 9 0
47 send 35 2300 18 0
47 send 43 2100 9 0
47 irecv 63 3100 200 0
47 irecv 31 3300 200 0
47 wait 64 48 3100
47 wait 32 48 3300
47 irecv 44 1100 200 0
47 irecv 46 1300 200 0
47 send 44 1300 1 0
47 send 46 1100 1 0
47 wait 45 48 1100
47 wait 47 48 1300
47 irecv 35 2100 200 0
47 irecv 43 2300 200 0
47 send 35 2300 3 0
47 send 43 2100 3 0
47 wait 36 48 2100
47 wait 44 48 2300
47 irecv 63 3100 200 0
47 irecv 31 3300 200 0
47 send 63 3300 9 0
47 send 31 3100 9 0
47 wait 64 48 3100
47 wait 32 48 3300
47 irecv 44 1100 200 0
47 irecv 46 1300 200 0
47 send 44 1300 1 0
47 send 46 1100 1 0
47 wait 45 48 1100
47 wait 47 48 1300
47 irecv 35 2100 200 0
47 irecv 43 2300 200 0
47 send 35 2300 3 0
47 send 43 2100 3 0
47 wait 36 48 2100
47 wait 44 48 2300
47 irecv 63 3100 200 0
47 irecv 31 3300 200 0
47 send 63 3300 9 0
47 send 31 3100 9 0
47 wait 64 48 3100
47 wait 32 48 3300
47 irecv 44 1100 200 0
47 irecv 46 1300 200 0
47 send 44 1300 4 0
47 send 46 1100 4 0
47 wait 45 48 1100
47 wait 47 48 1300
47 irecv 35 2100 200 0
47 irecv 43 2300 200 0
47 send 35 2300 8 0
47 send 43 2100 8 0
47 wait 36 48 2100
47 wait 44 48 2300
47 irecv 63 3100 200 0
47 irecv 31 3300 200 0
47 send 63 3300 16 0
47 send 31 3100 16 0
47 wait 64 48 3100
47 wait 32 48 3300
47 irecv 44 1100 200 0
47 irecv 46 1300 200 0
47 send 44 1300 4 0
47 send 46 1100 4 0
47 wait 45 48 1100
47 wait 47 48 1300
47 irecv 35 2100 200 0
47 irecv 43 2300 200 0
47 send 35 2300 8 0
47 send 43 2100 8 0
47 wait 36 48 2100
47 wait 44 48 2300
47 irecv 63 3100 200 0
47 irecv 31 3300 200 0
47 send 63 3300 16 0
47 send 31 3100 16 0
47 wait 64 48 3100
47 wait 32 48 3300
47 irecv 44 1100 200 0
47 irecv 46 1300 200 0
47 send 44 1300 16 0
47 send 46 1100 16 0
47 wait 45 48 1100
47 wait 47 48 1300
47 irecv 35 2100 200 0
47 irecv 43 2300 200 0
47 send 35 2300 24 0
47 send 43 2100 24 0
47 wait 36 48 2100
47 wait 44 48 2300
47 irecv 63 3100 200 0
47 irecv 31 3300 200 0
47 send 63 3300 36 0
47 send 31 3100 36 0
47 wait 64 48 3100
47 wait 32 48 3300
47 irecv 44 1100 200 0
47 irecv 46 1300 200 0
47 send 44 1300 16 0
47 send 46 1100 16 0
47 wait 45 48 1100
47 wait 47 48 1300
47 irecv 35 2100 200 0
47 irecv 43 2300 200 0
47 send 35 2300 24 0
47 send 43 2100 24 0
47 wait 36 48 2100
47 wait 44 48 2300
47 irecv 63 3100 200 0
47 irecv 31 3300 200 0
47 send 63 3300 36 0
47 send 31 3100 36 0
47 wait 64 48 3100
47 wait 32 48 3300
47 irecv 44 1100 200 0
47 irecv 46 1300 200 0
47 send 44 1300 64 0
47 send 46 1100 64 0
47 wait 45 48 1100
47 wait 47 48 1300
47 irecv 35 2100 200 0
47 irecv 43 2300 200 0
47 send 35 2300 80 0
47 send 43 2100 80 0
47 wait 36 48 2100
47 wait 44 48 2300
47 irecv 63 3100 200 0
47 irecv 31 3300 200 0
47 send 63 3300 100 0
47 send 31 3100 100 0
47 wait 64 48 3100
47 wait 32 48 3300
47 irecv 44 1100 200 0
47 irecv 46 1300 200 0
47 send 44 1300 64 0
47 send 46 1100 64 0
47 wait 45 48 1100
47 wait 47 48 1300
47 irecv 35 2100 200 0
47 irecv 43 2300 200 0
47 send 35 2300 80 0
47 send 43 2100 80 0
47 wait 36 48 2100
47 wait 44 48 2300
47 irecv 63 3100 200 0
47 irecv 31 3300 200 0
47 send 63 3300 100 0
47 send 31 3100 100 0
47 wait 64 48 3100
47 wait 32 48 3300
47 irecv 44 1100 200 0
47 irecv 46 1300 200 0
47 send 44 1300 64 0
47 send 46 1100 64 0
47 wait 45 48 1100
47 wait 47 48 1300
47 irecv 35 2100 200 0
47 irecv 43 2300 200 0
47 send 35 2300 80 0
47 send 43 2100 80 0
47 wait 36 48 2100
47 wait 44 48 2300
47 irecv 63 3100 200 0
47 irecv 31 3300 200 0
47 send 63 3300 100 0
47 send 31 3100 100 0
47 wait 64 48 3100
47 wait 32 48 3300
47 irecv 44 1100 200 0
47 irecv 46 1300 200 0
47 send 44 1300 16 0
47 send 46 1100 16 0
47 wait 45 48 1100
47 wait 47 48 1300
47 irecv 35 2100 200 0
47 irecv 43 2300 200 0
47 send 35 2300 24 0
47 send 43 2100 24 0
47 wait 36 48 2100
47 wait 44 48 2300
47 irecv 63 3100 200 0
47 irecv 31 3300 200 0
47 send 63 3300 36 0
47 send 31 3100 36 0
47 wait 64 48 3100
47 wait 32 48 3300
47 irecv 44 1100 200 0
47 irecv 46 1300 200 0
47 send 44 1300 4 0
47 send 46 1100 4 0
47 wait 45 48 1100
47 wait 47 48 1300
47 irecv 35 2100 200 0
47 irecv 43 2300 200 0
47 send 35 2300 8 0
47 send 43 2100 8 0
47 wait 36 48 2100
47 wait 44 48 2300
47 irecv 63 3100 200 0
47 irecv 31 3300 200 0
47 send 63 3300 16 0
47 send 31 3100 16 0
47 wait 64 48 3100
47 wait 32 48 3300
47 irecv 44 1100 200 0
47 irecv 46 1300 200 0
47 send 44 1300 1 0
47 send 46 1100 1 0
47 wait 45 48 1100
47 wait 47 48 1300
47 irecv 35 2100 200 0
47 irecv 43 2300 200 0
47 send 35 2300 3 0
47 send 43 2100 3 0
47 wait 36 48 2100
47 wait 44 48 2300
47 irecv 63 3100 200 0
47 irecv 31 3300 200 0
47 send 63 3300 9 0
47 send 31 3100 9 0
47 wait 64 48 3100
47 wait 32 48 3300
47 send 44 1300 18 0
47 send 46 1100 9 0
47 send 35 2300 18 0
47 send 43 2100 9 0
47 irecv 63 3100 200 0
47 irecv 31 3300 200 0
47 wait 64 48 3100
47 wait 32 48 3300
47 irecv 44 1100 200 0
47 irecv 46 1300 200 0
47 send 44 1300 1 0
47 send 46 1100 1 0
47 wait 45 48 1100
47 wait 47 48 1300
47 irecv 35 2100 200 0
47 irecv 43 2300 200 0
47 send 35 2300 3 0
47 send 43 2100 3 0
47 wait 36 48 2100
47 wait 44 48 2300
47 irecv 63 3100 200 0
47 irecv 31 3300 200 0
47 send 63 3300 9 0
47 send 31 3100 9 0
47 wait 64 48 3100
47 wait 32 48 3300
47 irecv 44 1100 200 0
47 irecv 46 1300 200 0
47 send 44 1300 1 0
47 send 46 1100 1 0
47 wait 45 48 1100
47 wait 47 48 1300
47 irecv 35 2100 200 0
47 irecv 43 2300 200 0
47 send 35 2300 3 0
47 send 43 2100 3 0
47 wait 36 48 2100
47 wait 44 48 2300
47 irecv 63 3100 200 0
47 irecv 31 3300 200 0
47 send 63 3300 9 0
47 send 31 3100 9 0
47 wait 64 48 3100
47 wait 32 48 3300
47 irecv 44 1100 200 0
47 irecv 46 1300 200 0
47 send 44 1300 4 0
47 send 46 1100 4 0
47 wait 45 48 1100
47 wait 47 48 1300
47 irecv 35 2100 200 0
47 irecv 43 2300 200 0
47 send 35 2300 8 0
47 send 43 2100 8 0
47 wait 36 48 2100
47 wait 44 48 2300
47 irecv 63 3100 200 0
47 irecv 31 3300 200 0
47 send 63 3300 16 0
47 send 31 3100 16 0
47 wait 64 48 3100
47 wait 32 48 3300
47 irecv 44 1100 200 0
47 irecv 46 1300 200 0
47 send 44 1300 4 0
47 send 46 1100 4 0
47 wait 45 48 1100
47 wait 47 48 1300
47 irecv 35 2100 200 0
47 irecv 43 2300 200 0
47 send 35 2300 8 0
47 send 43 2100 8 0
47 wait 36 48 2100
47 wait 44 48 2300
47 irecv 63 3100 200 0
47 irecv 31 3300 200 0
47 send 63 3300 16 0
47 send 31 3100 16 0
47 wait 64 48 3100
47 wait 32 48 3300
47 irecv 44 1100 200 0
47 irecv 46 1300 200 0
47 send 44 1300 16 0
47 send 46 1100 16 0
47 wait 45 48 1100
47 wait 47 48 1300
47 irecv 35 2100 200 0
47 irecv 43 2300 200 0
47 send 35 2300 24 0
47 send 43 2100 24 0
47 wait 36 48 2100
47 wait 44 48 2300
47 irecv 63 3100 200 0
47 irecv 31 3300 200 0
47 send 63 3300 36 0
47 send 31 3100 36 0
47 wait 64 48 3100
47 wait 32 48 3300
47 irecv 44 1100 200 0
47 irecv 46 1300 200 0
47 send 44 1300 16 0
47 send 46 1100 16 0
47 wait 45 48 1100
47 wait 47 48 1300
47 irecv 35 2100 200 0
47 irecv 43 2300 200 0
47 send 35 2300 24 0
47 send 43 2100 24 0
47 wait 36 48 2100
47 wait 44 48 2300
47 irecv 63 3100 200 0
47 irecv 31 3300 200 0
47 send 63 3300 36 0
47 send 31 3100 36 0
47 wait 64 48 3100
47 wait 32 48 3300
47 irecv 44 1100 200 0
47 irecv 46 1300 200 0
47 send 44 1300 64 0
47 send 46 1100 64 0
47 wait 45 48 1100
47 wait 47 48 1300
47 irecv 35 2100 200 0
47 irecv 43 2300 200 0
47 send 35 2300 80 0
47 send 43 2100 80 0
47 wait 36 48 2100
47 wait 44 48 2300
47 irecv 63 3100 200 0
47 irecv 31 3300 200 0
47 send 63 3300 100 0
47 send 31 3100 100 0
47 wait 64 48 3100
47 wait 32 48 3300
47 irecv 44 1100 200 0
47 irecv 46 1300 200 0
47 send 44 1300 64 0
47 send 46 1100 64 0
47 wait 45 48 1100
47 wait 47 48 1300
47 irecv 35 2100 200 0
47 irecv 43 2300 200 0
47 send 35 2300 80 0
47 send 43 2100 80 0
47 wait 36 48 2100
47 wait 44 48 2300
47 irecv 63 3100 200 0
47 irecv 31 3300 200 0
47 send 63 3300 100 0
47 send 31 3100 100 0
47 wait 64 48 3100
47 wait 32 48 3300
47 irecv 44 1100 200 0
47 irecv 46 1300 200 0
47 send 44 1300 64 0
47 send 46 1100 64 0
47 wait 45 48 1100
47 wait 47 48 1300
47 irecv 35 2100 200 0
47 irecv 43 2300 200 0
47 send 35 2300 80 0
47 send 43 2100 80 0
47 wait 36 48 2100
47 wait 44 48 2300
47 irecv 63 3100 200 0
47 irecv 31 3300 200 0
47 send 63 3300 100 0
47 send 31 3100 100 0
47 wait 64 48 3100
47 wait 32 48 3300
47 irecv 44 1100 200 0
47 irecv 46 1300 200 0
47 send 44 1300 16 0
47 send 46 1100 16 0
47 wait 45 48 1100
47 wait 47 48 1300
47 irecv 35 2100 200 0
47 irecv 43 2300 200 0
47 send 35 2300 24 0
47 send 43 2100 24 0
47 wait 36 48 2100
47 wait 44 48 2300
47 irecv 63 3100 200 0
47 irecv 31 3300 200 0
47 send 63 3300 36 0
47 send 31 3100 36 0
47 wait 64 48 3100
47 wait 32 48 3300
47 irecv 44 1100 200 0
47 irecv 46 1300 200 0
47 send 44 1300 4 0
47 send 46 1100 4 0
47 wait 45 48 1100
47 wait 47 48 1300
47 irecv 35 2100 200 0
47 irecv 43 2300 200 0
47 send 35 2300 8 0
47 send 43 2100 8 0
47 wait 36 48 2100
47 wait 44 48 2300
47 irecv 63 3100 200 0
47 irecv 31 3300 200 0
47 send 63 3300 16 0
47 send 31 3100 16 0
47 wait 64 48 3100
47 wait 32 48 3300
47 irecv 44 1100 200 0
47 irecv 46 1300 200 0
47 send 44 1300 1 0
47 send 46 1100 1 0
47 wait 45 48 1100
47 wait 47 48 1300
47 irecv 35 2100 200 0
47 irecv 43 2300 200 0
47 send 35 2300 3 0
47 send 43 2100 3 0
47 wait 36 48 2100
47 wait 44 48 2300
47 irecv 63 3100 200 0
47 irecv 31 3300 200 0
47 send 63 3300 9 0
47 send 31 3100 9 0
47 wait 64 48 3100
47 wait 32 48 3300
47 send 44 1300 18 0
47 send 46 1100 9 0
47 send 35 2300 18 0
47 send 43 2100 9 0
47 irecv 63 3100 200 0
47 irecv 31 3300 200 0
47 wait 64 48 3100
47 wait 32 48 3300
47 irecv 44 1100 200 0
47 irecv 46 1300 200 0
47 send 44 1300 1 0
47 send 46 1100 1 0
47 wait 45 48 1100
47 wait 47 48 1300
47 irecv 35 2100 200 0
47 irecv 43 2300 200 0
47 send 35 2300 3 0
47 send 43 2100 3 0
47 wait 36 48 2100
47 wait 44 48 2300
47 irecv 63 3100 200 0
47 irecv 31 3300 200 0
47 send 63 3300 9 0
47 send 31 3100 9 0
47 wait 64 48 3100
47 wait 32 48 3300
47 irecv 44 1100 200 0
47 irecv 46 1300 200 0
47 send 44 1300 1 0
47 send 46 1100 1 0
47 wait 45 48 1100
47 wait 47 48 1300
47 irecv 35 2100 200 0
47 irecv 43 2300 200 0
47 send 35 2300 3 0
47 send 43 2100 3 0
47 wait 36 48 2100
47 wait 44 48 2300
47 irecv 63 3100 200 0
47 irecv 31 3300 200 0
47 send 63 3300 9 0
47 send 31 3100 9 0
47 wait 64 48 3100
47 wait 32 48 3300
47 irecv 44 1100 200 0
47 irecv 46 1300 200 0
47 send 44 1300 4 0
47 send 46 1100 4 0
47 wait 45 48 1100
47 wait 47 48 1300
47 irecv 35 2100 200 0
47 irecv 43 2300 200 0
47 send 35 2300 8 0
47 send 43 2100 8 0
47 wait 36 48 2100
47 wait 44 48 2300
47 irecv 63 3100 200 0
47 irecv 31 3300 200 0
47 send 63 3300 16 0
47 send 31 3100 16 0
47 wait 64 48 3100
47 wait 32 48 3300
47 irecv 44 1100 200 0
47 irecv 46 1300 200 0
47 send 44 1300 4 0
47 send 46 1100 4 0
47 wait 45 48 1100
47 wait 47 48 1300
47 irecv 35 2100 200 0
47 irecv 43 2300 200 0
47 send 35 2300 8 0
47 send 43 2100 8 0
47 wait 36 48 2100
47 wait 44 48 2300
47 irecv 63 3100 200 0
47 irecv 31 3300 200 0
47 send 63 3300 16 0
47 send 31 3100 16 0
47 wait 64 48 3100
47 wait 32 48 3300
47 irecv 44 1100 200 0
47 irecv 46 1300 200 0
47 send 44 1300 16 0
47 send 46 1100 16 0
47 wait 45 48 1100
47 wait 47 48 1300
47 irecv 35 2100 200 0
47 irecv 43 2300 200 0
47 send 35 2300 24 0
47 send 43 2100 24 0
47 wait 36 48 2100
47 wait 44 48 2300
47 irecv 63 3100 200 0
47 irecv 31 3300 200 0
47 send 63 3300 36 0
47 send 31 3100 36 0
47 wait 64 48 3100
47 wait 32 48 3300
47 irecv 44 1100 200 0
47 irecv 46 1300 200 0
47 send 44 1300 16 0
47 send 46 1100 16 0
47 wait 45 48 1100
47 wait 47 48 1300
47 irecv 35 2100 200 0
47 irecv 43 2300 200 0
47 send 35 2300 24 0
47 send 43 2100 24 0
47 wait 36 48 2100
47 wait 44 48 2300
47 irecv 63 3100 200 0
47 irecv 31 3300 200 0
47 send 63 3300 36 0
47 send 31 3100 36 0
47 wait 64 48 3100
47 wait 32 48 3300
47 irecv 44 1100 200 0
47 irecv 46 1300 200 0
47 send 44 1300 64 0
47 send 46 1100 64 0
47 wait 45 48 1100
47 wait 47 48 1300
47 irecv 35 2100 200 0
47 irecv 43 2300 200 0
47 send 35 2300 80 0
47 send 43 2100 80 0
47 wait 36 48 2100
47 wait 44 48 2300
47 irecv 63 3100 200 0
47 irecv 31 3300 200 0
47 send 63 3300 100 0
47 send 31 3100 100 0
47 wait 64 48 3100
47 wait 32 48 3300
47 irecv 44 1100 200 0
47 irecv 46 1300 200 0
47 send 44 1300 64 0
47 send 46 1100 64 0
47 wait 45 48 1100
47 wait 47 48 1300
47 irecv 35 2100 200 0
47 irecv 43 2300 200 0
47 send 35 2300 80 0
47 send 43 2100 80 0
47 wait 36 48 2100
47 wait 44 48 2300
47 irecv 63 3100 200 0
47 irecv 31 3300 200 0
47 send 63 3300 100 0
47 send 31 3100 100 0
47 wait 64 48 3100
47 wait 32 48 3300
47 irecv 44 1100 200 0
47 irecv 46 1300 200 0
47 send 44 1300 64 0
47 send 46 1100 64 0
47 wait 45 48 1100
47 wait 47 48 1300
47 irecv 35 2100 200 0
47 irecv 43 2300 200 0
47 send 35 2300 80 0
47 send 43 2100 80 0
47 wait 36 48 2100
47 wait 44 48 2300
47 irecv 63 3100 200 0
47 irecv 31 3300 200 0
47 send 63 3300 100 0
47 send 31 3100 100 0
47 wait 64 48 3100
47 wait 32 48 3300
47 irecv 44 1100 200 0
47 irecv 46 1300 200 0
47 send 44 1300 16 0
47 send 46 1100 16 0
47 wait 45 48 1100
47 wait 47 48 1300
47 irecv 35 2100 200 0
47 irecv 43 2300 200 0
47 send 35 2300 24 0
47 send 43 2100 24 0
47 wait 36 48 2100
47 wait 44 48 2300
47 irecv 63 3100 200 0
47 irecv 31 3300 200 0
47 send 63 3300 36 0
47 send 31 3100 36 0
47 wait 64 48 3100
47 wait 32 48 3300
47 irecv 44 1100 200 0
47 irecv 46 1300 200 0
47 send 44 1300 4 0
47 send 46 1100 4 0
47 wait 45 48 1100
47 wait 47 48 1300
47 irecv 35 2100 200 0
47 irecv 43 2300 200 0
47 send 35 2300 8 0
47 send 43 2100 8 0
47 wait 36 48 2100
47 wait 44 48 2300
47 irecv 63 3100 200 0
47 irecv 31 3300 200 0
47 send 63 3300 16 0
47 send 31 3100 16 0
47 wait 64 48 3100
47 wait 32 48 3300
47 irecv 44 1100 200 0
47 irecv 46 1300 200 0
47 send 44 1300 1 0
47 send 46 1100 1 0
47 wait 45 48 1100
47 wait 47 48 1300
47 irecv 35 2100 200 0
47 irecv 43 2300 200 0
47 send 35 2300 3 0
47 send 43 2100 3 0
47 wait 36 48 2100
47 wait 44 48 2300
47 irecv 63 3100 200 0
47 irecv 31 3300 200 0
47 send 63 3300 9 0
47 send 31 3100 9 0
47 wait 64 48 3100
47 wait 32 48 3300
47 send 44 1300 18 0
47 send 46 1100 9 0
47 send 35 2300 18 0
47 send 43 2100 9 0
47 irecv 63 3100 200 0
47 irecv 31 3300 200 0
47 wait 64 48 3100
47 wait 32 48 3300
47 irecv 44 1100 200 0
47 irecv 46 1300 200 0
47 send 44 1300 1 0
47 send 46 1100 1 0
47 wait 45 48 1100
47 wait 47 48 1300
47 irecv 35 2100 200 0
47 irecv 43 2300 200 0
47 send 35 2300 3 0
47 send 43 2100 3 0
47 wait 36 48 2100
47 wait 44 48 2300
47 irecv 63 3100 200 0
47 irecv 31 3300 200 0
47 send 63 3300 9 0
47 send 31 3100 9 0
47 wait 64 48 3100
47 wait 32 48 3300
47 irecv 44 1100 200 0
47 irecv 46 1300 200 0
47 send 44 1300 1 0
47 send 46 1100 1 0
47 wait 45 48 1100
47 wait 47 48 1300
47 irecv 35 2100 200 0
47 irecv 43 2300 200 0
47 send 35 2300 3 0
47 send 43 2100 3 0
47 wait 36 48 2100
47 wait 44 48 2300
47 irecv 63 3100 200 0
47 irecv 31 3300 200 0
47 send 63 3300 9 0
47 send 31 3100 9 0
47 wait 64 48 3100
47 wait 32 48 3300
47 irecv 44 1100 200 0
47 irecv 46 1300 200 0
47 send 44 1300 4 0
47 send 46 1100 4 0
47 wait 45 48 1100
47 wait 47 48 1300
47 irecv 35 2100 200 0
47 irecv 43 2300 200 0
47 send 35 2300 8 0
47 send 43 2100 8 0
47 wait 36 48 2100
47 wait 44 48 2300
47 irecv 63 3100 200 0
47 irecv 31 3300 200 0
47 send 63 3300 16 0
47 send 31 3100 16 0
47 wait 64 48 3100
47 wait 32 48 3300
47 irecv 44 1100 200 0
47 irecv 46 1300 200 0
47 send 44 1300 4 0
47 send 46 1100 4 0
47 wait 45 48 1100
47 wait 47 48 1300
47 irecv 35 2100 200 0
47 irecv 43 2300 200 0
47 send 35 2300 8 0
47 send 43 2100 8 0
47 wait 36 48 2100
47 wait 44 48 2300
47 irecv 63 3100 200 0
47 irecv 31 3300 200 0
47 send 63 3300 16 0
47 send 31 3100 16 0
47 wait 64 48 3100
47 wait 32 48 3300
47 irecv 44 1100 200 0
47 irecv 46 1300 200 0
47 send 44 1300 16 0
47 send 46 1100 16 0
47 wait 45 48 1100
47 wait 47 48 1300
47 irecv 35 2100 200 0
47 irecv 43 2300 200 0
47 send 35 2300 24 0
47 send 43 2100 24 0
47 wait 36 48 2100
47 wait 44 48 2300
47 irecv 63 3100 200 0
47 irecv 31 3300 200 0
47 send 63 3300 36 0
47 send 31 3100 36 0
47 wait 64 48 3100
47 wait 32 48 3300
47 irecv 44 1100 200 0
47 irecv 46 1300 200 0
47 send 44 1300 16 0
47 send 46 1100 16 0
47 wait 45 48 1100
47 wait 47 48 1300
47 irecv 35 2100 200 0
47 irecv 43 2300 200 0
47 send 35 2300 24 0
47 send 43 2100 24 0
47 wait 36 48 2100
47 wait 44 48 2300
47 irecv 63 3100 200 0
47 irecv 31 3300 200 0
47 send 63 3300 36 0
47 send 31 3100 36 0
47 wait 64 48 3100
47 wait 32 48 3300
47 irecv 44 1100 200 0
47 irecv 46 1300 200 0
47 send 44 1300 64 0
47 send 46 1100 64 0
47 wait 45 48 1100
47 wait 47 48 1300
47 irecv 35 2100 200 0
47 irecv 43 2300 200 0
47 send 35 2300 80 0
47 send 43 2100 80 0
47 wait 36 48 2100
47 wait 44 48 2300
47 irecv 63 3100 200 0
47 irecv 31 3300 200 0
47 send 63 3300 100 0
47 send 31 3100 100 0
47 wait 64 48 3100
47 wait 32 48 3300
47 irecv 44 1100 200 0
47 irecv 46 1300 200 0
47 send 44 1300 64 0
47 send 46 1100 64 0
47 wait 45 48 1100
47 wait 47 48 1300
47 irecv 35 2100 200 0
47 irecv 43 2300 200 0
47 send 35 2300 80 0
47 send 43 2100 80 0
47 wait 36 48 2100
47 wait 44 48 2300
47 irecv 63 3100 200 0
47 irecv 31 3300 200 0
47 send 63 3300 100 0
47 send 31 3100 100 0
47 wait 64 48 3100
47 wait 32 48 3300
47 irecv 44 1100 200 0
47 irecv 46 1300 200 0
47 send 44 1300 64 0
47 send 46 1100 64 0
47 wait 45 48 1100
47 wait 47 48 1300
47 irecv 35 2100 200 0
47 irecv 43 2300 200 0
47 send 35 2300 80 0
47 send 43 2100 80 0
47 wait 36 48 2100
47 wait 44 48 2300
47 irecv 63 3100 200 0
47 irecv 31 3300 200 0
47 send 63 3300 100 0
47 send 31 3100 100 0
47 wait 64 48 3100
47 wait 32 48 3300
47 allreduce 1 0 0 
47 allreduce 1 0 0 
47 reduce 1 0 0 0 
47 finalize
