53 init
53 barrier
53 bcast 1 0 1 
53 bcast 1 0 1 
53 bcast 1 0 1 
53 bcast 1 0 1 
53 bcast 1 0 1 
53 bcast 8 0 1 
53 bcast 1 0 16 
53 barrier
53 allreduce 1 0 0 
53 allreduce 4 0 1 
53 allreduce 1 0 0 
53 allreduce 4 0 1 
53 allreduce 1 0 0 
53 allreduce 4 0 1 
53 allreduce 1 0 0 
53 allreduce 4 0 1 
53 allreduce 1 0 0 
53 allreduce 4 0 1 
53 allreduce 1 0 0 
53 allreduce 4 0 1 
53 allreduce 1 0 0 
53 allreduce 4 0 1 
53 allreduce 1 0 0 
53 allreduce 4 0 1 
53 allreduce 1 0 0 
53 allreduce 4 0 1 
53 allreduce 1 0 0 
53 allreduce 4 0 1 
53 allreduce 1 0 0 
53 allreduce 4 0 1 
53 allreduce 1 0 0 
53 allreduce 4 0 1 
53 allreduce 1 0 0 
53 allreduce 4 0 1 
53 allreduce 1 0 0 
53 allreduce 4 0 1 
53 allreduce 1 0 0 
53 allreduce 4 0 1 
53 allreduce 1 0 0 
53 allreduce 4 0 1 
53 allreduce 1 0 0 
53 allreduce 4 0 1 
53 allreduce 1 0 0 
53 allreduce 4 0 1 
53 allreduce 1 0 0 
53 allreduce 4 0 1 
53 allreduce 1 0 0 
53 allreduce 4 0 1 
53 barrier
53 irecv 54 1100 200 0
53 irecv 52 1300 200 0
53 send 54 1300 64 0
53 send 52 1100 64 0
53 wait 55 54 1100
53 wait 53 54 1300
53 irecv 57 2100 200 0
53 irecv 49 2300 200 0
53 send 57 2300 80 0
53 send 49 2100 80 0
53 wait 58 54 2100
53 wait 50 54 2300
53 irecv 5 3100 200 0
53 irecv 37 3300 200 0
53 send 5 3300 100 0
53 send 37 3100 100 0
53 wait 6 54 3100
53 wait 38 54 3300
53 allreduce 1 0 0 
53 allreduce 1 0 0 
53 irecv 54 1100 200 0
53 irecv 52 1300 200 0
53 send 54 1300 64 0
53 send 52 1100 64 0
53 wait 55 54 1100
53 wait 53 54 1300
53 irecv 57 2100 200 0
53 irecv 49 2300 200 0
53 send 57 2300 80 0
53 send 49 2100 80 0
53 wait 58 54 2100
53 wait 50 54 2300
53 irecv 5 3100 200 0
53 irecv 37 3300 200 0
53 send 5 3300 100 0
53 send 37 3100 100 0
53 wait 6 54 3100
53 wait 38 54 3300
53 allreduce 1 0 0 
53 allreduce 1 0 0 
53 irecv 54 1100 200 0
53 irecv 52 1300 200 0
53 send 54 1300 16 0
53 send 52 1100 16 0
53 wait 55 54 1100
53 wait 53 54 1300
53 irecv 57 2100 200 0
53 irecv 49 2300 200 0
53 send 57 2300 24 0
53 send 49 2100 24 0
53 wait 58 54 2100
53 wait 50 54 2300
53 irecv 5 3100 200 0
53 irecv 37 3300 200 0
53 send 5 3300 36 0
53 send 37 3100 36 0
53 wait 6 54 3100
53 wait 38 54 3300
53 irecv 54 1100 200 0
53 irecv 52 1300 200 0
53 send 54 1300 4 0
53 send 52 1100 4 0
53 wait 55 54 1100
53 wait 53 54 1300
53 irecv 57 2100 200 0
53 irecv 49 2300 200 0
53 send 57 2300 8 0
53 send 49 2100 8 0
53 wait 58 54 2100
53 wait 50 54 2300
53 irecv 5 3100 200 0
53 irecv 37 3300 200 0
53 send 5 3300 16 0
53 send 37 3100 16 0
53 wait 6 54 3100
53 wait 38 54 3300
53 irecv 54 1100 200 0
53 irecv 52 1300 200 0
53 send 54 1300 1 0
53 send 52 1100 1 0
53 wait 55 54 1100
53 wait 53 54 1300
53 irecv 57 2100 200 0
53 irecv 49 2300 200 0
53 send 57 2300 3 0
53 send 49 2100 3 0
53 wait 58 54 2100
53 wait 50 54 2300
53 irecv 5 3100 200 0
53 irecv 37 3300 200 0
53 send 5 3300 9 0
53 send 37 3100 9 0
53 wait 6 54 3100
53 wait 38 54 3300
53 irecv 55 1100 200 0
53 irecv 55 1300 200 0
53 send 55 1300 1 0
53 send 55 1100 1 0
53 wait 56 54 1100
53 wait 56 54 1300
53 irecv 61 2100 200 0
53 irecv 61 2300 200 0
53 send 61 2300 3 0
53 send 61 2100 3 0
53 wait 62 54 2100
53 wait 62 54 2300
53 irecv 21 3100 200 0
53 irecv 21 3300 200 0
53 send 21 3300 9 0
53 send 21 3100 9 0
53 wait 22 54 3100
53 wait 22 54 3300
53 irecv 55 1100 200 0
53 irecv 55 1300 200 0
53 send 55 1300 1 0
53 send 55 1100 1 0
53 wait 56 54 1100
53 wait 56 54 1300
53 irecv 61 2100 200 0
53 irecv 61 2300 200 0
53 send 61 2300 3 0
53 send 61 2100 3 0
53 wait 62 54 2100
53 wait 62 54 2300
53 irecv 21 3100 200 0
53 irecv 21 3300 200 0
53 send 21 3300 9 0
53 send 21 3100 9 0
53 wait 22 54 3100
53 wait 22 54 3300
53 send 54 1300 18 0
53 send 52 1100 9 0
53 send 57 2300 18 0
53 send 49 2100 9 0
53 send 5 3300 18 0
53 send 37 3100 9 0
53 irecv 54 1100 200 0
53 irecv 52 1300 200 0
53 send 54 1300 1 0
53 send 52 1100 1 0
53 wait 55 54 1100
53 wait 53 54 1300
53 irecv 57 2100 200 0
53 irecv 49 2300 200 0
53 send 57 2300 3 0
53 send 49 2100 3 0
53 wait 58 54 2100
53 wait 50 54 2300
53 irecv 5 3100 200 0
53 irecv 37 3300 200 0
53 send 5 3300 9 0
53 send 37 3100 9 0
53 wait 6 54 3100
53 wait 38 54 3300
53 irecv 54 1100 200 0
53 irecv 52 1300 200 0
53 send 54 1300 1 0
53 send 52 1100 1 0
53 wait 55 54 1100
53 wait 53 54 1300
53 irecv 57 2100 200 0
53 irecv 49 2300 200 0
53 send 57 2300 3 0
53 send 49 2100 3 0
53 wait 58 54 2100
53 wait 50 54 2300
53 irecv 5 3100 200 0
53 irecv 37 3300 200 0
53 send 5 3300 9 0
53 send 37 3100 9 0
53 wait 6 54 3100
53 wait 38 54 3300
53 irecv 54 1100 200 0
53 irecv 52 1300 200 0
53 send 54 1300 4 0
53 send 52 1100 4 0
53 wait 55 54 1100
53 wait 53 54 1300
53 irecv 57 2100 200 0
53 irecv 49 2300 200 0
53 send 57 2300 8 0
53 send 49 2100 8 0
53 wait 58 54 2100
53 wait 50 54 2300
53 irecv 5 3100 200 0
53 irecv 37 3300 200 0
53 send 5 3300 16 0
53 send 37 3100 16 0
53 wait 6 54 3100
53 wait 38 54 3300
53 irecv 54 1100 200 0
53 irecv 52 1300 200 0
53 send 54 1300 4 0
53 send 52 1100 4 0
53 wait 55 54 1100
53 wait 53 54 1300
53 irecv 57 2100 200 0
53 irecv 49 2300 200 0
53 send 57 2300 8 0
53 send 49 2100 8 0
53 wait 58 54 2100
53 wait 50 54 2300
53 irecv 5 3100 200 0
53 irecv 37 3300 200 0
53 send 5 3300 16 0
53 send 37 3100 16 0
53 wait 6 54 3100
53 wait 38 54 3300
53 irecv 54 1100 200 0
53 irecv 52 1300 200 0
53 send 54 1300 16 0
53 send 52 1100 16 0
53 wait 55 54 1100
53 wait 53 54 1300
53 irecv 57 2100 200 0
53 irecv 49 2300 200 0
53 send 57 2300 24 0
53 send 49 2100 24 0
53 wait 58 54 2100
53 wait 50 54 2300
53 irecv 5 3100 200 0
53 irecv 37 3300 200 0
53 send 5 3300 36 0
53 send 37 3100 36 0
53 wait 6 54 3100
53 wait 38 54 3300
53 irecv 54 1100 200 0
53 irecv 52 1300 200 0
53 send 54 1300 16 0
53 send 52 1100 16 0
53 wait 55 54 1100
53 wait 53 54 1300
53 irecv 57 2100 200 0
53 irecv 49 2300 200 0
53 send 57 2300 24 0
53 send 49 2100 24 0
53 wait 58 54 2100
53 wait 50 54 2300
53 irecv 5 3100 200 0
53 irecv 37 3300 200 0
53 send 5 3300 36 0
53 send 37 3100 36 0
53 wait 6 54 3100
53 wait 38 54 3300
53 irecv 54 1100 200 0
53 irecv 52 1300 200 0
53 send 54 1300 64 0
53 send 52 1100 64 0
53 wait 55 54 1100
53 wait 53 54 1300
53 irecv 57 2100 200 0
53 irecv 49 2300 200 0
53 send 57 2300 80 0
53 send 49 2100 80 0
53 wait 58 54 2100
53 wait 50 54 2300
53 irecv 5 3100 200 0
53 irecv 37 3300 200 0
53 send 5 3300 100 0
53 send 37 3100 100 0
53 wait 6 54 3100
53 wait 38 54 3300
53 irecv 54 1100 200 0
53 irecv 52 1300 200 0
53 send 54 1300 64 0
53 send 52 1100 64 0
53 wait 55 54 1100
53 wait 53 54 1300
53 irecv 57 2100 200 0
53 irecv 49 2300 200 0
53 send 57 2300 80 0
53 send 49 2100 80 0
53 wait 58 54 2100
53 wait 50 54 2300
53 irecv 5 3100 200 0
53 irecv 37 3300 200 0
53 send 5 3300 100 0
53 send 37 3100 100 0
53 wait 6 54 3100
53 wait 38 54 3300
53 irecv 54 1100 200 0
53 irecv 52 1300 200 0
53 send 54 1300 64 0
53 send 52 1100 64 0
53 wait 55 54 1100
53 wait 53 54 1300
53 irecv 57 2100 200 0
53 irecv 49 2300 200 0
53 send 57 2300 80 0
53 send 49 2100 80 0
53 wait 58 54 2100
53 wait 50 54 2300
53 irecv 5 3100 200 0
53 irecv 37 3300 200 0
53 send 5 3300 100 0
53 send 37 3100 100 0
53 wait 6 54 3100
53 wait 38 54 3300
53 barrier
53 allreduce 1 0 0 
53 allreduce 4 0 1 
53 allreduce 1 0 0 
53 allreduce 4 0 1 
53 allreduce 1 0 0 
53 allreduce 4 0 1 
53 allreduce 1 0 0 
53 allreduce 4 0 1 
53 allreduce 1 0 0 
53 allreduce 4 0 1 
53 allreduce 1 0 0 
53 allreduce 4 0 1 
53 allreduce 1 0 0 
53 allreduce 4 0 1 
53 allreduce 1 0 0 
53 allreduce 4 0 1 
53 allreduce 1 0 0 
53 allreduce 4 0 1 
53 allreduce 1 0 0 
53 allreduce 4 0 1 
53 allreduce 1 0 0 
53 allreduce 4 0 1 
53 allreduce 1 0 0 
53 allreduce 4 0 1 
53 allreduce 1 0 0 
53 allreduce 4 0 1 
53 allreduce 1 0 0 
53 allreduce 4 0 1 
53 allreduce 1 0 0 
53 allreduce 4 0 1 
53 allreduce 1 0 0 
53 allreduce 4 0 1 
53 allreduce 1 0 0 
53 allreduce 4 0 1 
53 allreduce 1 0 0 
53 allreduce 4 0 1 
53 allreduce 1 0 0 
53 allreduce 4 0 1 
53 allreduce 1 0 0 
53 allreduce 4 0 1 
53 barrier
53 irecv 54 1100 200 0
53 irecv 52 1300 200 0
53 send 54 1300 64 0
53 send 52 1100 64 0
53 wait 55 54 1100
53 wait 53 54 1300
53 irecv 57 2100 200 0
53 irecv 49 2300 200 0
53 send 57 2300 80 0
53 send 49 2100 80 0
53 wait 58 54 2100
53 wait 50 54 2300
53 irecv 5 3100 200 0
53 irecv 37 3300 200 0
53 send 5 3300 100 0
53 send 37 3100 100 0
53 wait 6 54 3100
53 wait 38 54 3300
53 barrier
53 irecv 54 1100 200 0
53 irecv 52 1300 200 0
53 send 54 1300 64 0
53 send 52 1100 64 0
53 wait 55 54 1100
53 wait 53 54 1300
53 irecv 57 2100 200 0
53 irecv 49 2300 200 0
53 send 57 2300 80 0
53 send 49 2100 80 0
53 wait 58 54 2100
53 wait 50 54 2300
53 irecv 5 3100 200 0
53 irecv 37 3300 200 0
53 send 5 3300 100 0
53 send 37 3100 100 0
53 wait 6 54 3100
53 wait 38 54 3300
53 allreduce 1 0 0 
53 allreduce 1 0 0 
53 irecv 54 1100 200 0
53 irecv 52 1300 200 0
53 send 54 1300 16 0
53 send 52 1100 16 0
53 wait 55 54 1100
53 wait 53 54 1300
53 irecv 57 2100 200 0
53 irecv 49 2300 200 0
53 send 57 2300 24 0
53 send 49 2100 24 0
53 wait 58 54 2100
53 wait 50 54 2300
53 irecv 5 3100 200 0
53 irecv 37 3300 200 0
53 send 5 3300 36 0
53 send 37 3100 36 0
53 wait 6 54 3100
53 wait 38 54 3300
53 irecv 54 1100 200 0
53 irecv 52 1300 200 0
53 send 54 1300 4 0
53 send 52 1100 4 0
53 wait 55 54 1100
53 wait 53 54 1300
53 irecv 57 2100 200 0
53 irecv 49 2300 200 0
53 send 57 2300 8 0
53 send 49 2100 8 0
53 wait 58 54 2100
53 wait 50 54 2300
53 irecv 5 3100 200 0
53 irecv 37 3300 200 0
53 send 5 3300 16 0
53 send 37 3100 16 0
53 wait 6 54 3100
53 wait 38 54 3300
53 irecv 54 1100 200 0
53 irecv 52 1300 200 0
53 send 54 1300 1 0
53 send 52 1100 1 0
53 wait 55 54 1100
53 wait 53 54 1300
53 irecv 57 2100 200 0
53 irecv 49 2300 200 0
53 send 57 2300 3 0
53 send 49 2100 3 0
53 wait 58 54 2100
53 wait 50 54 2300
53 irecv 5 3100 200 0
53 irecv 37 3300 200 0
53 send 5 3300 9 0
53 send 37 3100 9 0
53 wait 6 54 3100
53 wait 38 54 3300
53 irecv 55 1100 200 0
53 irecv 55 1300 200 0
53 send 55 1300 1 0
53 send 55 1100 1 0
53 wait 56 54 1100
53 wait 56 54 1300
53 irecv 61 2100 200 0
53 irecv 61 2300 200 0
53 send 61 2300 3 0
53 send 61 2100 3 0
53 wait 62 54 2100
53 wait 62 54 2300
53 irecv 21 3100 200 0
53 irecv 21 3300 200 0
53 send 21 3300 9 0
53 send 21 3100 9 0
53 wait 22 54 3100
53 wait 22 54 3300
53 irecv 55 1100 200 0
53 irecv 55 1300 200 0
53 send 55 1300 1 0
53 send 55 1100 1 0
53 wait 56 54 1100
53 wait 56 54 1300
53 irecv 61 2100 200 0
53 irecv 61 2300 200 0
53 send 61 2300 3 0
53 send 61 2100 3 0
53 wait 62 54 2100
53 wait 62 54 2300
53 irecv 21 3100 200 0
53 irecv 21 3300 200 0
53 send 21 3300 9 0
53 send 21 3100 9 0
53 wait 22 54 3100
53 wait 22 54 3300
53 send 54 1300 18 0
53 send 52 1100 9 0
53 send 57 2300 18 0
53 send 49 2100 9 0
53 send 5 3300 18 0
53 send 37 3100 9 0
53 irecv 54 1100 200 0
53 irecv 52 1300 200 0
53 send 54 1300 1 0
53 send 52 1100 1 0
53 wait 55 54 1100
53 wait 53 54 1300
53 irecv 57 2100 200 0
53 irecv 49 2300 200 0
53 send 57 2300 3 0
53 send 49 2100 3 0
53 wait 58 54 2100
53 wait 50 54 2300
53 irecv 5 3100 200 0
53 irecv 37 3300 200 0
53 send 5 3300 9 0
53 send 37 3100 9 0
53 wait 6 54 3100
53 wait 38 54 3300
53 irecv 54 1100 200 0
53 irecv 52 1300 200 0
53 send 54 1300 1 0
53 send 52 1100 1 0
53 wait 55 54 1100
53 wait 53 54 1300
53 irecv 57 2100 200 0
53 irecv 49 2300 200 0
53 send 57 2300 3 0
53 send 49 2100 3 0
53 wait 58 54 2100
53 wait 50 54 2300
53 irecv 5 3100 200 0
53 irecv 37 3300 200 0
53 send 5 3300 9 0
53 send 37 3100 9 0
53 wait 6 54 3100
53 wait 38 54 3300
53 irecv 54 1100 200 0
53 irecv 52 1300 200 0
53 send 54 1300 4 0
53 send 52 1100 4 0
53 wait 55 54 1100
53 wait 53 54 1300
53 irecv 57 2100 200 0
53 irecv 49 2300 200 0
53 send 57 2300 8 0
53 send 49 2100 8 0
53 wait 58 54 2100
53 wait 50 54 2300
53 irecv 5 3100 200 0
53 irecv 37 3300 200 0
53 send 5 3300 16 0
53 send 37 3100 16 0
53 wait 6 54 3100
53 wait 38 54 3300
53 irecv 54 1100 200 0
53 irecv 52 1300 200 0
53 send 54 1300 4 0
53 send 52 1100 4 0
53 wait 55 54 1100
53 wait 53 54 1300
53 irecv 57 2100 200 0
53 irecv 49 2300 200 0
53 send 57 2300 8 0
53 send 49 2100 8 0
53 wait 58 54 2100
53 wait 50 54 2300
53 irecv 5 3100 200 0
53 irecv 37 3300 200 0
53 send 5 3300 16 0
53 send 37 3100 16 0
53 wait 6 54 3100
53 wait 38 54 3300
53 irecv 54 1100 200 0
53 irecv 52 1300 200 0
53 send 54 1300 16 0
53 send 52 1100 16 0
53 wait 55 54 1100
53 wait 53 54 1300
53 irecv 57 2100 200 0
53 irecv 49 2300 200 0
53 send 57 2300 24 0
53 send 49 2100 24 0
53 wait 58 54 2100
53 wait 50 54 2300
53 irecv 5 3100 200 0
53 irecv 37 3300 200 0
53 send 5 3300 36 0
53 send 37 3100 36 0
53 wait 6 54 3100
53 wait 38 54 3300
53 irecv 54 1100 200 0
53 irecv 52 1300 200 0
53 send 54 1300 16 0
53 send 52 1100 16 0
53 wait 55 54 1100
53 wait 53 54 1300
53 irecv 57 2100 200 0
53 irecv 49 2300 200 0
53 send 57 2300 24 0
53 send 49 2100 24 0
53 wait 58 54 2100
53 wait 50 54 2300
53 irecv 5 3100 200 0
53 irecv 37 3300 200 0
53 send 5 3300 36 0
53 send 37 3100 36 0
53 wait 6 54 3100
53 wait 38 54 3300
53 irecv 54 1100 200 0
53 irecv 52 1300 200 0
53 send 54 1300 64 0
53 send 52 1100 64 0
53 wait 55 54 1100
53 wait 53 54 1300
53 irecv 57 2100 200 0
53 irecv 49 2300 200 0
53 send 57 2300 80 0
53 send 49 2100 80 0
53 wait 58 54 2100
53 wait 50 54 2300
53 irecv 5 3100 200 0
53 irecv 37 3300 200 0
53 send 5 3300 100 0
53 send 37 3100 100 0
53 wait 6 54 3100
53 wait 38 54 3300
53 irecv 54 1100 200 0
53 irecv 52 1300 200 0
53 send 54 1300 64 0
53 send 52 1100 64 0
53 wait 55 54 1100
53 wait 53 54 1300
53 irecv 57 2100 200 0
53 irecv 49 2300 200 0
53 send 57 2300 80 0
53 send 49 2100 80 0
53 wait 58 54 2100
53 wait 50 54 2300
53 irecv 5 3100 200 0
53 irecv 37 3300 200 0
53 send 5 3300 100 0
53 send 37 3100 100 0
53 wait 6 54 3100
53 wait 38 54 3300
53 irecv 54 1100 200 0
53 irecv 52 1300 200 0
53 send 54 1300 64 0
53 send 52 1100 64 0
53 wait 55 54 1100
53 wait 53 54 1300
53 irecv 57 2100 200 0
53 irecv 49 2300 200 0
53 send 57 2300 80 0
53 send 49 2100 80 0
53 wait 58 54 2100
53 wait 50 54 2300
53 irecv 5 3100 200 0
53 irecv 37 3300 200 0
53 send 5 3300 100 0
53 send 37 3100 100 0
53 wait 6 54 3100
53 wait 38 54 3300
53 irecv 54 1100 200 0
53 irecv 52 1300 200 0
53 send 54 1300 16 0
53 send 52 1100 16 0
53 wait 55 54 1100
53 wait 53 54 1300
53 irecv 57 2100 200 0
53 irecv 49 2300 200 0
53 send 57 2300 24 0
53 send 49 2100 24 0
53 wait 58 54 2100
53 wait 50 54 2300
53 irecv 5 3100 200 0
53 irecv 37 3300 200 0
53 send 5 3300 36 0
53 send 37 3100 36 0
53 wait 6 54 3100
53 wait 38 54 3300
53 irecv 54 1100 200 0
53 irecv 52 1300 200 0
53 send 54 1300 4 0
53 send 52 1100 4 0
53 wait 55 54 1100
53 wait 53 54 1300
53 irecv 57 2100 200 0
53 irecv 49 2300 200 0
53 send 57 2300 8 0
53 send 49 2100 8 0
53 wait 58 54 2100
53 wait 50 54 2300
53 irecv 5 3100 200 0
53 irecv 37 3300 200 0
53 send 5 3300 16 0
53 send 37 3100 16 0
53 wait 6 54 3100
53 wait 38 54 3300
53 irecv 54 1100 200 0
53 irecv 52 1300 200 0
53 send 54 1300 1 0
53 send 52 1100 1 0
53 wait 55 54 1100
53 wait 53 54 1300
53 irecv 57 2100 200 0
53 irecv 49 2300 200 0
53 send 57 2300 3 0
53 send 49 2100 3 0
53 wait 58 54 2100
53 wait 50 54 2300
53 irecv 5 3100 200 0
53 irecv 37 3300 200 0
53 send 5 3300 9 0
53 send 37 3100 9 0
53 wait 6 54 3100
53 wait 38 54 3300
53 irecv 55 1100 200 0
53 irecv 55 1300 200 0
53 send 55 1300 1 0
53 send 55 1100 1 0
53 wait 56 54 1100
53 wait 56 54 1300
53 irecv 61 2100 200 0
53 irecv 61 2300 200 0
53 send 61 2300 3 0
53 send 61 2100 3 0
53 wait 62 54 2100
53 wait 62 54 2300
53 irecv 21 3100 200 0
53 irecv 21 3300 200 0
53 send 21 3300 9 0
53 send 21 3100 9 0
53 wait 22 54 3100
53 wait 22 54 3300
53 irecv 55 1100 200 0
53 irecv 55 1300 200 0
53 send 55 1300 1 0
53 send 55 1100 1 0
53 wait 56 54 1100
53 wait 56 54 1300
53 irecv 61 2100 200 0
53 irecv 61 2300 200 0
53 send 61 2300 3 0
53 send 61 2100 3 0
53 wait 62 54 2100
53 wait 62 54 2300
53 irecv 21 3100 200 0
53 irecv 21 3300 200 0
53 send 21 3300 9 0
53 send 21 3100 9 0
53 wait 22 54 3100
53 wait 22 54 3300
53 send 54 1300 18 0
53 send 52 1100 9 0
53 send 57 2300 18 0
53 send 49 2100 9 0
53 send 5 3300 18 0
53 send 37 3100 9 0
53 irecv 54 1100 200 0
53 irecv 52 1300 200 0
53 send 54 1300 1 0
53 send 52 1100 1 0
53 wait 55 54 1100
53 wait 53 54 1300
53 irecv 57 2100 200 0
53 irecv 49 2300 200 0
53 send 57 2300 3 0
53 send 49 2100 3 0
53 wait 58 54 2100
53 wait 50 54 2300
53 irecv 5 3100 200 0
53 irecv 37 3300 200 0
53 send 5 3300 9 0
53 send 37 3100 9 0
53 wait 6 54 3100
53 wait 38 54 3300
53 irecv 54 1100 200 0
53 irecv 52 1300 200 0
53 send 54 1300 1 0
53 send 52 1100 1 0
53 wait 55 54 1100
53 wait 53 54 1300
53 irecv 57 2100 200 0
53 irecv 49 2300 200 0
53 send 57 2300 3 0
53 send 49 2100 3 0
53 wait 58 54 2100
53 wait 50 54 2300
53 irecv 5 3100 200 0
53 irecv 37 3300 200 0
53 send 5 3300 9 0
53 send 37 3100 9 0
53 wait 6 54 3100
53 wait 38 54 3300
53 irecv 54 1100 200 0
53 irecv 52 1300 200 0
53 send 54 1300 4 0
53 send 52 1100 4 0
53 wait 55 54 1100
53 wait 53 54 1300
53 irecv 57 2100 200 0
53 irecv 49 2300 200 0
53 send 57 2300 8 0
53 send 49 2100 8 0
53 wait 58 54 2100
53 wait 50 54 2300
53 irecv 5 3100 200 0
53 irecv 37 3300 200 0
53 send 5 3300 16 0
53 send 37 3100 16 0
53 wait 6 54 3100
53 wait 38 54 3300
53 irecv 54 1100 200 0
53 irecv 52 1300 200 0
53 send 54 1300 4 0
53 send 52 1100 4 0
53 wait 55 54 1100
53 wait 53 54 1300
53 irecv 57 2100 200 0
53 irecv 49 2300 200 0
53 send 57 2300 8 0
53 send 49 2100 8 0
53 wait 58 54 2100
53 wait 50 54 2300
53 irecv 5 3100 200 0
53 irecv 37 3300 200 0
53 send 5 3300 16 0
53 send 37 3100 16 0
53 wait 6 54 3100
53 wait 38 54 3300
53 irecv 54 1100 200 0
53 irecv 52 1300 200 0
53 send 54 1300 16 0
53 send 52 1100 16 0
53 wait 55 54 1100
53 wait 53 54 1300
53 irecv 57 2100 200 0
53 irecv 49 2300 200 0
53 send 57 2300 24 0
53 send 49 2100 24 0
53 wait 58 54 2100
53 wait 50 54 2300
53 irecv 5 3100 200 0
53 irecv 37 3300 200 0
53 send 5 3300 36 0
53 send 37 3100 36 0
53 wait 6 54 3100
53 wait 38 54 3300
53 irecv 54 1100 200 0
53 irecv 52 1300 200 0
53 send 54 1300 16 0
53 send 52 1100 16 0
53 wait 55 54 1100
53 wait 53 54 1300
53 irecv 57 2100 200 0
53 irecv 49 2300 200 0
53 send 57 2300 24 0
53 send 49 2100 24 0
53 wait 58 54 2100
53 wait 50 54 2300
53 irecv 5 3100 200 0
53 irecv 37 3300 200 0
53 send 5 3300 36 0
53 send 37 3100 36 0
53 wait 6 54 3100
53 wait 38 54 3300
53 irecv 54 1100 200 0
53 irecv 52 1300 200 0
53 send 54 1300 64 0
53 send 52 1100 64 0
53 wait 55 54 1100
53 wait 53 54 1300
53 irecv 57 2100 200 0
53 irecv 49 2300 200 0
53 send 57 2300 80 0
53 send 49 2100 80 0
53 wait 58 54 2100
53 wait 50 54 2300
53 irecv 5 3100 200 0
53 irecv 37 3300 200 0
53 send 5 3300 100 0
53 send 37 3100 100 0
53 wait 6 54 3100
53 wait 38 54 3300
53 irecv 54 1100 200 0
53 irecv 52 1300 200 0
53 send 54 1300 64 0
53 send 52 1100 64 0
53 wait 55 54 1100
53 wait 53 54 1300
53 irecv 57 2100 200 0
53 irecv 49 2300 200 0
53 send 57 2300 80 0
53 send 49 2100 80 0
53 wait 58 54 2100
53 wait 50 54 2300
53 irecv 5 3100 200 0
53 irecv 37 3300 200 0
53 send 5 3300 100 0
53 send 37 3100 100 0
53 wait 6 54 3100
53 wait 38 54 3300
53 irecv 54 1100 200 0
53 irecv 52 1300 200 0
53 send 54 1300 64 0
53 send 52 1100 64 0
53 wait 55 54 1100
53 wait 53 54 1300
53 irecv 57 2100 200 0
53 irecv 49 2300 200 0
53 send 57 2300 80 0
53 send 49 2100 80 0
53 wait 58 54 2100
53 wait 50 54 2300
53 irecv 5 3100 200 0
53 irecv 37 3300 200 0
53 send 5 3300 100 0
53 send 37 3100 100 0
53 wait 6 54 3100
53 wait 38 54 3300
53 irecv 54 1100 200 0
53 irecv 52 1300 200 0
53 send 54 1300 16 0
53 send 52 1100 16 0
53 wait 55 54 1100
53 wait 53 54 1300
53 irecv 57 2100 200 0
53 irecv 49 2300 200 0
53 send 57 2300 24 0
53 send 49 2100 24 0
53 wait 58 54 2100
53 wait 50 54 2300
53 irecv 5 3100 200 0
53 irecv 37 3300 200 0
53 send 5 3300 36 0
53 send 37 3100 36 0
53 wait 6 54 3100
53 wait 38 54 3300
53 irecv 54 1100 200 0
53 irecv 52 1300 200 0
53 send 54 1300 4 0
53 send 52 1100 4 0
53 wait 55 54 1100
53 wait 53 54 1300
53 irecv 57 2100 200 0
53 irecv 49 2300 200 0
53 send 57 2300 8 0
53 send 49 2100 8 0
53 wait 58 54 2100
53 wait 50 54 2300
53 irecv 5 3100 200 0
53 irecv 37 3300 200 0
53 send 5 3300 16 0
53 send 37 3100 16 0
53 wait 6 54 3100
53 wait 38 54 3300
53 irecv 54 1100 200 0
53 irecv 52 1300 200 0
53 send 54 1300 1 0
53 send 52 1100 1 0
53 wait 55 54 1100
53 wait 53 54 1300
53 irecv 57 2100 200 0
53 irecv 49 2300 200 0
53 send 57 2300 3 0
53 send 49 2100 3 0
53 wait 58 54 2100
53 wait 50 54 2300
53 irecv 5 3100 200 0
53 irecv 37 3300 200 0
53 send 5 3300 9 0
53 send 37 3100 9 0
53 wait 6 54 3100
53 wait 38 54 3300
53 irecv 55 1100 200 0
53 irecv 55 1300 200 0
53 send 55 1300 1 0
53 send 55 1100 1 0
53 wait 56 54 1100
53 wait 56 54 1300
53 irecv 61 2100 200 0
53 irecv 61 2300 200 0
53 send 61 2300 3 0
53 send 61 2100 3 0
53 wait 62 54 2100
53 wait 62 54 2300
53 irecv 21 3100 200 0
53 irecv 21 3300 200 0
53 send 21 3300 9 0
53 send 21 3100 9 0
53 wait 22 54 3100
53 wait 22 54 3300
53 irecv 55 1100 200 0
53 irecv 55 1300 200 0
53 send 55 1300 1 0
53 send 55 1100 1 0
53 wait 56 54 1100
53 wait 56 54 1300
53 irecv 61 2100 200 0
53 irecv 61 2300 200 0
53 send 61 2300 3 0
53 send 61 2100 3 0
53 wait 62 54 2100
53 wait 62 54 2300
53 irecv 21 3100 200 0
53 irecv 21 3300 200 0
53 send 21 3300 9 0
53 send 21 3100 9 0
53 wait 22 54 3100
53 wait 22 54 3300
53 send 54 1300 18 0
53 send 52 1100 9 0
53 send 57 2300 18 0
53 send 49 2100 9 0
53 send 5 3300 18 0
53 send 37 3100 9 0
53 irecv 54 1100 200 0
53 irecv 52 1300 200 0
53 send 54 1300 1 0
53 send 52 1100 1 0
53 wait 55 54 1100
53 wait 53 54 1300
53 irecv 57 2100 200 0
53 irecv 49 2300 200 0
53 send 57 2300 3 0
53 send 49 2100 3 0
53 wait 58 54 2100
53 wait 50 54 2300
53 irecv 5 3100 200 0
53 irecv 37 3300 200 0
53 send 5 3300 9 0
53 send 37 3100 9 0
53 wait 6 54 3100
53 wait 38 54 3300
53 irecv 54 1100 200 0
53 irecv 52 1300 200 0
53 send 54 1300 1 0
53 send 52 1100 1 0
53 wait 55 54 1100
53 wait 53 54 1300
53 irecv 57 2100 200 0
53 irecv 49 2300 200 0
53 send 57 2300 3 0
53 send 49 2100 3 0
53 wait 58 54 2100
53 wait 50 54 2300
53 irecv 5 3100 200 0
53 irecv 37 3300 200 0
53 send 5 3300 9 0
53 send 37 3100 9 0
53 wait 6 54 3100
53 wait 38 54 3300
53 irecv 54 1100 200 0
53 irecv 52 1300 200 0
53 send 54 1300 4 0
53 send 52 1100 4 0
53 wait 55 54 1100
53 wait 53 54 1300
53 irecv 57 2100 200 0
53 irecv 49 2300 200 0
53 send 57 2300 8 0
53 send 49 2100 8 0
53 wait 58 54 2100
53 wait 50 54 2300
53 irecv 5 3100 200 0
53 irecv 37 3300 200 0
53 send 5 3300 16 0
53 send 37 3100 16 0
53 wait 6 54 3100
53 wait 38 54 3300
53 irecv 54 1100 200 0
53 irecv 52 1300 200 0
53 send 54 1300 4 0
53 send 52 1100 4 0
53 wait 55 54 1100
53 wait 53 54 1300
53 irecv 57 2100 200 0
53 irecv 49 2300 200 0
53 send 57 2300 8 0
53 send 49 2100 8 0
53 wait 58 54 2100
53 wait 50 54 2300
53 irecv 5 3100 200 0
53 irecv 37 3300 200 0
53 send 5 3300 16 0
53 send 37 3100 16 0
53 wait 6 54 3100
53 wait 38 54 3300
53 irecv 54 1100 200 0
53 irecv 52 1300 200 0
53 send 54 1300 16 0
53 send 52 1100 16 0
53 wait 55 54 1100
53 wait 53 54 1300
53 irecv 57 2100 200 0
53 irecv 49 2300 200 0
53 send 57 2300 24 0
53 send 49 2100 24 0
53 wait 58 54 2100
53 wait 50 54 2300
53 irecv 5 3100 200 0
53 irecv 37 3300 200 0
53 send 5 3300 36 0
53 send 37 3100 36 0
53 wait 6 54 3100
53 wait 38 54 3300
53 irecv 54 1100 200 0
53 irecv 52 1300 200 0
53 send 54 1300 16 0
53 send 52 1100 16 0
53 wait 55 54 1100
53 wait 53 54 1300
53 irecv 57 2100 200 0
53 irecv 49 2300 200 0
53 send 57 2300 24 0
53 send 49 2100 24 0
53 wait 58 54 2100
53 wait 50 54 2300
53 irecv 5 3100 200 0
53 irecv 37 3300 200 0
53 send 5 3300 36 0
53 send 37 3100 36 0
53 wait 6 54 3100
53 wait 38 54 3300
53 irecv 54 1100 200 0
53 irecv 52 1300 200 0
53 send 54 1300 64 0
53 send 52 1100 64 0
53 wait 55 54 1100
53 wait 53 54 1300
53 irecv 57 2100 200 0
53 irecv 49 2300 200 0
53 send 57 2300 80 0
53 send 49 2100 80 0
53 wait 58 54 2100
53 wait 50 54 2300
53 irecv 5 3100 200 0
53 irecv 37 3300 200 0
53 send 5 3300 100 0
53 send 37 3100 100 0
53 wait 6 54 3100
53 wait 38 54 3300
53 irecv 54 1100 200 0
53 irecv 52 1300 200 0
53 send 54 1300 64 0
53 send 52 1100 64 0
53 wait 55 54 1100
53 wait 53 54 1300
53 irecv 57 2100 200 0
53 irecv 49 2300 200 0
53 send 57 2300 80 0
53 send 49 2100 80 0
53 wait 58 54 2100
53 wait 50 54 2300
53 irecv 5 3100 200 0
53 irecv 37 3300 200 0
53 send 5 3300 100 0
53 send 37 3100 100 0
53 wait 6 54 3100
53 wait 38 54 3300
53 irecv 54 1100 200 0
53 irecv 52 1300 200 0
53 send 54 1300 64 0
53 send 52 1100 64 0
53 wait 55 54 1100
53 wait 53 54 1300
53 irecv 57 2100 200 0
53 irecv 49 2300 200 0
53 send 57 2300 80 0
53 send 49 2100 80 0
53 wait 58 54 2100
53 wait 50 54 2300
53 irecv 5 3100 200 0
53 irecv 37 3300 200 0
53 send 5 3300 100 0
53 send 37 3100 100 0
53 wait 6 54 3100
53 wait 38 54 3300
53 irecv 54 1100 200 0
53 irecv 52 1300 200 0
53 send 54 1300 16 0
53 send 52 1100 16 0
53 wait 55 54 1100
53 wait 53 54 1300
53 irecv 57 2100 200 0
53 irecv 49 2300 200 0
53 send 57 2300 24 0
53 send 49 2100 24 0
53 wait 58 54 2100
53 wait 50 54 2300
53 irecv 5 3100 200 0
53 irecv 37 3300 200 0
53 send 5 3300 36 0
53 send 37 3100 36 0
53 wait 6 54 3100
53 wait 38 54 3300
53 irecv 54 1100 200 0
53 irecv 52 1300 200 0
53 send 54 1300 4 0
53 send 52 1100 4 0
53 wait 55 54 1100
53 wait 53 54 1300
53 irecv 57 2100 200 0
53 irecv 49 2300 200 0
53 send 57 2300 8 0
53 send 49 2100 8 0
53 wait 58 54 2100
53 wait 50 54 2300
53 irecv 5 3100 200 0
53 irecv 37 3300 200 0
53 send 5 3300 16 0
53 send 37 3100 16 0
53 wait 6 54 3100
53 wait 38 54 3300
53 irecv 54 1100 200 0
53 irecv 52 1300 200 0
53 send 54 1300 1 0
53 send 52 1100 1 0
53 wait 55 54 1100
53 wait 53 54 1300
53 irecv 57 2100 200 0
53 irecv 49 2300 200 0
53 send 57 2300 3 0
53 send 49 2100 3 0
53 wait 58 54 2100
53 wait 50 54 2300
53 irecv 5 3100 200 0
53 irecv 37 3300 200 0
53 send 5 3300 9 0
53 send 37 3100 9 0
53 wait 6 54 3100
53 wait 38 54 3300
53 irecv 55 1100 200 0
53 irecv 55 1300 200 0
53 send 55 1300 1 0
53 send 55 1100 1 0
53 wait 56 54 1100
53 wait 56 54 1300
53 irecv 61 2100 200 0
53 irecv 61 2300 200 0
53 send 61 2300 3 0
53 send 61 2100 3 0
53 wait 62 54 2100
53 wait 62 54 2300
53 irecv 21 3100 200 0
53 irecv 21 3300 200 0
53 send 21 3300 9 0
53 send 21 3100 9 0
53 wait 22 54 3100
53 wait 22 54 3300
53 irecv 55 1100 200 0
53 irecv 55 1300 200 0
53 send 55 1300 1 0
53 send 55 1100 1 0
53 wait 56 54 1100
53 wait 56 54 1300
53 irecv 61 2100 200 0
53 irecv 61 2300 200 0
53 send 61 2300 3 0
53 send 61 2100 3 0
53 wait 62 54 2100
53 wait 62 54 2300
53 irecv 21 3100 200 0
53 irecv 21 3300 200 0
53 send 21 3300 9 0
53 send 21 3100 9 0
53 wait 22 54 3100
53 wait 22 54 3300
53 send 54 1300 18 0
53 send 52 1100 9 0
53 send 57 2300 18 0
53 send 49 2100 9 0
53 send 5 3300 18 0
53 send 37 3100 9 0
53 irecv 54 1100 200 0
53 irecv 52 1300 200 0
53 send 54 1300 1 0
53 send 52 1100 1 0
53 wait 55 54 1100
53 wait 53 54 1300
53 irecv 57 2100 200 0
53 irecv 49 2300 200 0
53 send 57 2300 3 0
53 send 49 2100 3 0
53 wait 58 54 2100
53 wait 50 54 2300
53 irecv 5 3100 200 0
53 irecv 37 3300 200 0
53 send 5 3300 9 0
53 send 37 3100 9 0
53 wait 6 54 3100
53 wait 38 54 3300
53 irecv 54 1100 200 0
53 irecv 52 1300 200 0
53 send 54 1300 1 0
53 send 52 1100 1 0
53 wait 55 54 1100
53 wait 53 54 1300
53 irecv 57 2100 200 0
53 irecv 49 2300 200 0
53 send 57 2300 3 0
53 send 49 2100 3 0
53 wait 58 54 2100
53 wait 50 54 2300
53 irecv 5 3100 200 0
53 irecv 37 3300 200 0
53 send 5 3300 9 0
53 send 37 3100 9 0
53 wait 6 54 3100
53 wait 38 54 3300
53 irecv 54 1100 200 0
53 irecv 52 1300 200 0
53 send 54 1300 4 0
53 send 52 1100 4 0
53 wait 55 54 1100
53 wait 53 54 1300
53 irecv 57 2100 200 0
53 irecv 49 2300 200 0
53 send 57 2300 8 0
53 send 49 2100 8 0
53 wait 58 54 2100
53 wait 50 54 2300
53 irecv 5 3100 200 0
53 irecv 37 3300 200 0
53 send 5 3300 16 0
53 send 37 3100 16 0
53 wait 6 54 3100
53 wait 38 54 3300
53 irecv 54 1100 200 0
53 irecv 52 1300 200 0
53 send 54 1300 4 0
53 send 52 1100 4 0
53 wait 55 54 1100
53 wait 53 54 1300
53 irecv 57 2100 200 0
53 irecv 49 2300 200 0
53 send 57 2300 8 0
53 send 49 2100 8 0
53 wait 58 54 2100
53 wait 50 54 2300
53 irecv 5 3100 200 0
53 irecv 37 3300 200 0
53 send 5 3300 16 0
53 send 37 3100 16 0
53 wait 6 54 3100
53 wait 38 54 3300
53 irecv 54 1100 200 0
53 irecv 52 1300 200 0
53 send 54 1300 16 0
53 send 52 1100 16 0
53 wait 55 54 1100
53 wait 53 54 1300
53 irecv 57 2100 200 0
53 irecv 49 2300 200 0
53 send 57 2300 24 0
53 send 49 2100 24 0
53 wait 58 54 2100
53 wait 50 54 2300
53 irecv 5 3100 200 0
53 irecv 37 3300 200 0
53 send 5 3300 36 0
53 send 37 3100 36 0
53 wait 6 54 3100
53 wait 38 54 3300
53 irecv 54 1100 200 0
53 irecv 52 1300 200 0
53 send 54 1300 16 0
53 send 52 1100 16 0
53 wait 55 54 1100
53 wait 53 54 1300
53 irecv 57 2100 200 0
53 irecv 49 2300 200 0
53 send 57 2300 24 0
53 send 49 2100 24 0
53 wait 58 54 2100
53 wait 50 54 2300
53 irecv 5 3100 200 0
53 irecv 37 3300 200 0
53 send 5 3300 36 0
53 send 37 3100 36 0
53 wait 6 54 3100
53 wait 38 54 3300
53 irecv 54 1100 200 0
53 irecv 52 1300 200 0
53 send 54 1300 64 0
53 send 52 1100 64 0
53 wait 55 54 1100
53 wait 53 54 1300
53 irecv 57 2100 200 0
53 irecv 49 2300 200 0
53 send 57 2300 80 0
53 send 49 2100 80 0
53 wait 58 54 2100
53 wait 50 54 2300
53 irecv 5 3100 200 0
53 irecv 37 3300 200 0
53 send 5 3300 100 0
53 send 37 3100 100 0
53 wait 6 54 3100
53 wait 38 54 3300
53 irecv 54 1100 200 0
53 irecv 52 1300 200 0
53 send 54 1300 64 0
53 send 52 1100 64 0
53 wait 55 54 1100
53 wait 53 54 1300
53 irecv 57 2100 200 0
53 irecv 49 2300 200 0
53 send 57 2300 80 0
53 send 49 2100 80 0
53 wait 58 54 2100
53 wait 50 54 2300
53 irecv 5 3100 200 0
53 irecv 37 3300 200 0
53 send 5 3300 100 0
53 send 37 3100 100 0
53 wait 6 54 3100
53 wait 38 54 3300
53 irecv 54 1100 200 0
53 irecv 52 1300 200 0
53 send 54 1300 64 0
53 send 52 1100 64 0
53 wait 55 54 1100
53 wait 53 54 1300
53 irecv 57 2100 200 0
53 irecv 49 2300 200 0
53 send 57 2300 80 0
53 send 49 2100 80 0
53 wait 58 54 2100
53 wait 50 54 2300
53 irecv 5 3100 200 0
53 irecv 37 3300 200 0
53 send 5 3300 100 0
53 send 37 3100 100 0
53 wait 6 54 3100
53 wait 38 54 3300
53 allreduce 1 0 0 
53 allreduce 1 0 0 
53 reduce 1 0 0 0 
53 finalize
