24 init
24 barrier
24 bcast 1 0 1 
24 bcast 1 0 1 
24 bcast 1 0 1 
24 bcast 1 0 1 
24 bcast 1 0 1 
24 bcast 8 0 1 
24 bcast 1 0 16 
24 barrier
24 allreduce 1 0 0 
24 allreduce 4 0 1 
24 allreduce 1 0 0 
24 allreduce 4 0 1 
24 allreduce 1 0 0 
24 allreduce 4 0 1 
24 allreduce 1 0 0 
24 allreduce 4 0 1 
24 allreduce 1 0 0 
24 allreduce 4 0 1 
24 allreduce 1 0 0 
24 allreduce 4 0 1 
24 allreduce 1 0 0 
24 allreduce 4 0 1 
24 allreduce 1 0 0 
24 allreduce 4 0 1 
24 allreduce 1 0 0 
24 allreduce 4 0 1 
24 allreduce 1 0 0 
24 allreduce 4 0 1 
24 allreduce 1 0 0 
24 allreduce 4 0 1 
24 allreduce 1 0 0 
24 allreduce 4 0 1 
24 allreduce 1 0 0 
24 allreduce 4 0 1 
24 allreduce 1 0 0 
24 allreduce 4 0 1 
24 allreduce 1 0 0 
24 allreduce 4 0 1 
24 allreduce 1 0 0 
24 allreduce 4 0 1 
24 allreduce 1 0 0 
24 allreduce 4 0 1 
24 allreduce 1 0 0 
24 allreduce 4 0 1 
24 allreduce 1 0 0 
24 allreduce 4 0 1 
24 allreduce 1 0 0 
24 allreduce 4 0 1 
24 barrier
24 irecv 25 1100 200 0
24 irecv 27 1300 200 0
24 send 25 1300 64 0
24 send 27 1100 64 0
24 wait 26 25 1100
24 wait 28 25 1300
24 irecv 28 2100 200 0
24 irecv 20 2300 200 0
24 send 28 2300 80 0
24 send 20 2100 80 0
24 wait 29 25 2100
24 wait 21 25 2300
24 irecv 40 3100 200 0
24 irecv 8 3300 200 0
24 send 40 3300 100 0
24 send 8 3100 100 0
24 wait 41 25 3100
24 wait 9 25 3300
24 allreduce 1 0 0 
24 allreduce 1 0 0 
24 irecv 25 1100 200 0
24 irecv 27 1300 200 0
24 send 25 1300 64 0
24 send 27 1100 64 0
24 wait 26 25 1100
24 wait 28 25 1300
24 irecv 28 2100 200 0
24 irecv 20 2300 200 0
24 send 28 2300 80 0
24 send 20 2100 80 0
24 wait 29 25 2100
24 wait 21 25 2300
24 irecv 40 3100 200 0
24 irecv 8 3300 200 0
24 send 40 3300 100 0
24 send 8 3100 100 0
24 wait 41 25 3100
24 wait 9 25 3300
24 allreduce 1 0 0 
24 allreduce 1 0 0 
24 irecv 25 1100 200 0
24 irecv 27 1300 200 0
24 send 25 1300 16 0
24 send 27 1100 16 0
24 wait 26 25 1100
24 wait 28 25 1300
24 irecv 28 2100 200 0
24 irecv 20 2300 200 0
24 send 28 2300 24 0
24 send 20 2100 24 0
24 wait 29 25 2100
24 wait 21 25 2300
24 irecv 40 3100 200 0
24 irecv 8 3300 200 0
24 send 40 3300 36 0
24 send 8 3100 36 0
24 wait 41 25 3100
24 wait 9 25 3300
24 irecv 25 1100 200 0
24 irecv 27 1300 200 0
24 send 25 1300 4 0
24 send 27 1100 4 0
24 wait 26 25 1100
24 wait 28 25 1300
24 irecv 28 2100 200 0
24 irecv 20 2300 200 0
24 send 28 2300 8 0
24 send 20 2100 8 0
24 wait 29 25 2100
24 wait 21 25 2300
24 irecv 40 3100 200 0
24 irecv 8 3300 200 0
24 send 40 3300 16 0
24 send 8 3100 16 0
24 wait 41 25 3100
24 wait 9 25 3300
24 irecv 25 1100 200 0
24 irecv 27 1300 200 0
24 send 25 1300 1 0
24 send 27 1100 1 0
24 wait 26 25 1100
24 wait 28 25 1300
24 irecv 28 2100 200 0
24 irecv 20 2300 200 0
24 send 28 2300 3 0
24 send 20 2100 3 0
24 wait 29 25 2100
24 wait 21 25 2300
24 irecv 40 3100 200 0
24 irecv 8 3300 200 0
24 send 40 3300 9 0
24 send 8 3100 9 0
24 wait 41 25 3100
24 wait 9 25 3300
24 irecv 25 1100 200 0
24 irecv 27 1300 200 0
24 wait 26 25 1100
24 wait 28 25 1300
24 irecv 28 2100 200 0
24 irecv 20 2300 200 0
24 wait 29 25 2100
24 wait 21 25 2300
24 send 40 3300 18 0
24 send 8 3100 9 0
24 irecv 25 1100 200 0
24 irecv 27 1300 200 0
24 send 25 1300 1 0
24 send 27 1100 1 0
24 wait 26 25 1100
24 wait 28 25 1300
24 irecv 28 2100 200 0
24 irecv 20 2300 200 0
24 send 28 2300 3 0
24 send 20 2100 3 0
24 wait 29 25 2100
24 wait 21 25 2300
24 irecv 40 3100 200 0
24 irecv 8 3300 200 0
24 send 40 3300 9 0
24 send 8 3100 9 0
24 wait 41 25 3100
24 wait 9 25 3300
24 irecv 25 1100 200 0
24 irecv 27 1300 200 0
24 send 25 1300 1 0
24 send 27 1100 1 0
24 wait 26 25 1100
24 wait 28 25 1300
24 irecv 28 2100 200 0
24 irecv 20 2300 200 0
24 send 28 2300 3 0
24 send 20 2100 3 0
24 wait 29 25 2100
24 wait 21 25 2300
24 irecv 40 3100 200 0
24 irecv 8 3300 200 0
24 send 40 3300 9 0
24 send 8 3100 9 0
24 wait 41 25 3100
24 wait 9 25 3300
24 irecv 25 1100 200 0
24 irecv 27 1300 200 0
24 send 25 1300 4 0
24 send 27 1100 4 0
24 wait 26 25 1100
24 wait 28 25 1300
24 irecv 28 2100 200 0
24 irecv 20 2300 200 0
24 send 28 2300 8 0
24 send 20 2100 8 0
24 wait 29 25 2100
24 wait 21 25 2300
24 irecv 40 3100 200 0
24 irecv 8 3300 200 0
24 send 40 3300 16 0
24 send 8 3100 16 0
24 wait 41 25 3100
24 wait 9 25 3300
24 irecv 25 1100 200 0
24 irecv 27 1300 200 0
24 send 25 1300 4 0
24 send 27 1100 4 0
24 wait 26 25 1100
24 wait 28 25 1300
24 irecv 28 2100 200 0
24 irecv 20 2300 200 0
24 send 28 2300 8 0
24 send 20 2100 8 0
24 wait 29 25 2100
24 wait 21 25 2300
24 irecv 40 3100 200 0
24 irecv 8 3300 200 0
24 send 40 3300 16 0
24 send 8 3100 16 0
24 wait 41 25 3100
24 wait 9 25 3300
24 irecv 25 1100 200 0
24 irecv 27 1300 200 0
24 send 25 1300 16 0
24 send 27 1100 16 0
24 wait 26 25 1100
24 wait 28 25 1300
24 irecv 28 2100 200 0
24 irecv 20 2300 200 0
24 send 28 2300 24 0
24 send 20 2100 24 0
24 wait 29 25 2100
24 wait 21 25 2300
24 irecv 40 3100 200 0
24 irecv 8 3300 200 0
24 send 40 3300 36 0
24 send 8 3100 36 0
24 wait 41 25 3100
24 wait 9 25 3300
24 irecv 25 1100 200 0
24 irecv 27 1300 200 0
24 send 25 1300 16 0
24 send 27 1100 16 0
24 wait 26 25 1100
24 wait 28 25 1300
24 irecv 28 2100 200 0
24 irecv 20 2300 200 0
24 send 28 2300 24 0
24 send 20 2100 24 0
24 wait 29 25 2100
24 wait 21 25 2300
24 irecv 40 3100 200 0
24 irecv 8 3300 200 0
24 send 40 3300 36 0
24 send 8 3100 36 0
24 wait 41 25 3100
24 wait 9 25 3300
24 irecv 25 1100 200 0
24 irecv 27 1300 200 0
24 send 25 1300 64 0
24 send 27 1100 64 0
24 wait 26 25 1100
24 wait 28 25 1300
24 irecv 28 2100 200 0
24 irecv 20 2300 200 0
24 send 28 2300 80 0
24 send 20 2100 80 0
24 wait 29 25 2100
24 wait 21 25 2300
24 irecv 40 3100 200 0
24 irecv 8 3300 200 0
24 send 40 3300 100 0
24 send 8 3100 100 0
24 wait 41 25 3100
24 wait 9 25 3300
24 irecv 25 1100 200 0
24 irecv 27 1300 200 0
24 send 25 1300 64 0
24 send 27 1100 64 0
24 wait 26 25 1100
24 wait 28 25 1300
24 irecv 28 2100 200 0
24 irecv 20 2300 200 0
24 send 28 2300 80 0
24 send 20 2100 80 0
24 wait 29 25 2100
24 wait 21 25 2300
24 irecv 40 3100 200 0
24 irecv 8 3300 200 0
24 send 40 3300 100 0
24 send 8 3100 100 0
24 wait 41 25 3100
24 wait 9 25 3300
24 irecv 25 1100 200 0
24 irecv 27 1300 200 0
24 send 25 1300 64 0
24 send 27 1100 64 0
24 wait 26 25 1100
24 wait 28 25 1300
24 irecv 28 2100 200 0
24 irecv 20 2300 200 0
24 send 28 2300 80 0
24 send 20 2100 80 0
24 wait 29 25 2100
24 wait 21 25 2300
24 irecv 40 3100 200 0
24 irecv 8 3300 200 0
24 send 40 3300 100 0
24 send 8 3100 100 0
24 wait 41 25 3100
24 wait 9 25 3300
24 barrier
24 allreduce 1 0 0 
24 allreduce 4 0 1 
24 allreduce 1 0 0 
24 allreduce 4 0 1 
24 allreduce 1 0 0 
24 allreduce 4 0 1 
24 allreduce 1 0 0 
24 allreduce 4 0 1 
24 allreduce 1 0 0 
24 allreduce 4 0 1 
24 allreduce 1 0 0 
24 allreduce 4 0 1 
24 allreduce 1 0 0 
24 allreduce 4 0 1 
24 allreduce 1 0 0 
24 allreduce 4 0 1 
24 allreduce 1 0 0 
24 allreduce 4 0 1 
24 allreduce 1 0 0 
24 allreduce 4 0 1 
24 allreduce 1 0 0 
24 allreduce 4 0 1 
24 allreduce 1 0 0 
24 allreduce 4 0 1 
24 allreduce 1 0 0 
24 allreduce 4 0 1 
24 allreduce 1 0 0 
24 allreduce 4 0 1 
24 allreduce 1 0 0 
24 allreduce 4 0 1 
24 allreduce 1 0 0 
24 allreduce 4 0 1 
24 allreduce 1 0 0 
24 allreduce 4 0 1 
24 allreduce 1 0 0 
24 allreduce 4 0 1 
24 allreduce 1 0 0 
24 allreduce 4 0 1 
24 allreduce 1 0 0 
24 allreduce 4 0 1 
24 barrier
24 irecv 25 1100 200 0
24 irecv 27 1300 200 0
24 send 25 1300 64 0
24 send 27 1100 64 0
24 wait 26 25 1100
24 wait 28 25 1300
24 irecv 28 2100 200 0
24 irecv 20 2300 200 0
24 send 28 2300 80 0
24 send 20 2100 80 0
24 wait 29 25 2100
24 wait 21 25 2300
24 irecv 40 3100 200 0
24 irecv 8 3300 200 0
24 send 40 3300 100 0
24 send 8 3100 100 0
24 wait 41 25 3100
24 wait 9 25 3300
24 barrier
24 irecv 25 1100 200 0
24 irecv 27 1300 200 0
24 send 25 1300 64 0
24 send 27 1100 64 0
24 wait 26 25 1100
24 wait 28 25 1300
24 irecv 28 2100 200 0
24 irecv 20 2300 200 0
24 send 28 2300 80 0
24 send 20 2100 80 0
24 wait 29 25 2100
24 wait 21 25 2300
24 irecv 40 3100 200 0
24 irecv 8 3300 200 0
24 send 40 3300 100 0
24 send 8 3100 100 0
24 wait 41 25 3100
24 wait 9 25 3300
24 allreduce 1 0 0 
24 allreduce 1 0 0 
24 irecv 25 1100 200 0
24 irecv 27 1300 200 0
24 send 25 1300 16 0
24 send 27 1100 16 0
24 wait 26 25 1100
24 wait 28 25 1300
24 irecv 28 2100 200 0
24 irecv 20 2300 200 0
24 send 28 2300 24 0
24 send 20 2100 24 0
24 wait 29 25 2100
24 wait 21 25 2300
24 irecv 40 3100 200 0
24 irecv 8 3300 200 0
24 send 40 3300 36 0
24 send 8 3100 36 0
24 wait 41 25 3100
24 wait 9 25 3300
24 irecv 25 1100 200 0
24 irecv 27 1300 200 0
24 send 25 1300 4 0
24 send 27 1100 4 0
24 wait 26 25 1100
24 wait 28 25 1300
24 irecv 28 2100 200 0
24 irecv 20 2300 200 0
24 send 28 2300 8 0
24 send 20 2100 8 0
24 wait 29 25 2100
24 wait 21 25 2300
24 irecv 40 3100 200 0
24 irecv 8 3300 200 0
24 send 40 3300 16 0
24 send 8 3100 16 0
24 wait 41 25 3100
24 wait 9 25 3300
24 irecv 25 1100 200 0
24 irecv 27 1300 200 0
24 send 25 1300 1 0
24 send 27 1100 1 0
24 wait 26 25 1100
24 wait 28 25 1300
24 irecv 28 2100 200 0
24 irecv 20 2300 200 0
24 send 28 2300 3 0
24 send 20 2100 3 0
24 wait 29 25 2100
24 wait 21 25 2300
24 irecv 40 3100 200 0
24 irecv 8 3300 200 0
24 send 40 3300 9 0
24 send 8 3100 9 0
24 wait 41 25 3100
24 wait 9 25 3300
24 irecv 25 1100 200 0
24 irecv 27 1300 200 0
24 wait 26 25 1100
24 wait 28 25 1300
24 irecv 28 2100 200 0
24 irecv 20 2300 200 0
24 wait 29 25 2100
24 wait 21 25 2300
24 send 40 3300 18 0
24 send 8 3100 9 0
24 irecv 25 1100 200 0
24 irecv 27 1300 200 0
24 send 25 1300 1 0
24 send 27 1100 1 0
24 wait 26 25 1100
24 wait 28 25 1300
24 irecv 28 2100 200 0
24 irecv 20 2300 200 0
24 send 28 2300 3 0
24 send 20 2100 3 0
24 wait 29 25 2100
24 wait 21 25 2300
24 irecv 40 3100 200 0
24 irecv 8 3300 200 0
24 send 40 3300 9 0
24 send 8 3100 9 0
24 wait 41 25 3100
24 wait 9 25 3300
24 irecv 25 1100 200 0
24 irecv 27 1300 200 0
24 send 25 1300 1 0
24 send 27 1100 1 0
24 wait 26 25 1100
24 wait 28 25 1300
24 irecv 28 2100 200 0
24 irecv 20 2300 200 0
24 send 28 2300 3 0
24 send 20 2100 3 0
24 wait 29 25 2100
24 wait 21 25 2300
24 irecv 40 3100 200 0
24 irecv 8 3300 200 0
24 send 40 3300 9 0
24 send 8 3100 9 0
24 wait 41 25 3100
24 wait 9 25 3300
24 irecv 25 1100 200 0
24 irecv 27 1300 200 0
24 send 25 1300 4 0
24 send 27 1100 4 0
24 wait 26 25 1100
24 wait 28 25 1300
24 irecv 28 2100 200 0
24 irecv 20 2300 200 0
24 send 28 2300 8 0
24 send 20 2100 8 0
24 wait 29 25 2100
24 wait 21 25 2300
24 irecv 40 3100 200 0
24 irecv 8 3300 200 0
24 send 40 3300 16 0
24 send 8 3100 16 0
24 wait 41 25 3100
24 wait 9 25 3300
24 irecv 25 1100 200 0
24 irecv 27 1300 200 0
24 send 25 1300 4 0
24 send 27 1100 4 0
24 wait 26 25 1100
24 wait 28 25 1300
24 irecv 28 2100 200 0
24 irecv 20 2300 200 0
24 send 28 2300 8 0
24 send 20 2100 8 0
24 wait 29 25 2100
24 wait 21 25 2300
24 irecv 40 3100 200 0
24 irecv 8 3300 200 0
24 send 40 3300 16 0
24 send 8 3100 16 0
24 wait 41 25 3100
24 wait 9 25 3300
24 irecv 25 1100 200 0
24 irecv 27 1300 200 0
24 send 25 1300 16 0
24 send 27 1100 16 0
24 wait 26 25 1100
24 wait 28 25 1300
24 irecv 28 2100 200 0
24 irecv 20 2300 200 0
24 send 28 2300 24 0
24 send 20 2100 24 0
24 wait 29 25 2100
24 wait 21 25 2300
24 irecv 40 3100 200 0
24 irecv 8 3300 200 0
24 send 40 3300 36 0
24 send 8 3100 36 0
24 wait 41 25 3100
24 wait 9 25 3300
24 irecv 25 1100 200 0
24 irecv 27 1300 200 0
24 send 25 1300 16 0
24 send 27 1100 16 0
24 wait 26 25 1100
24 wait 28 25 1300
24 irecv 28 2100 200 0
24 irecv 20 2300 200 0
24 send 28 2300 24 0
24 send 20 2100 24 0
24 wait 29 25 2100
24 wait 21 25 2300
24 irecv 40 3100 200 0
24 irecv 8 3300 200 0
24 send 40 3300 36 0
24 send 8 3100 36 0
24 wait 41 25 3100
24 wait 9 25 3300
24 irecv 25 1100 200 0
24 irecv 27 1300 200 0
24 send 25 1300 64 0
24 send 27 1100 64 0
24 wait 26 25 1100
24 wait 28 25 1300
24 irecv 28 2100 200 0
24 irecv 20 2300 200 0
24 send 28 2300 80 0
24 send 20 2100 80 0
24 wait 29 25 2100
24 wait 21 25 2300
24 irecv 40 3100 200 0
24 irecv 8 3300 200 0
24 send 40 3300 100 0
24 send 8 3100 100 0
24 wait 41 25 3100
24 wait 9 25 3300
24 irecv 25 1100 200 0
24 irecv 27 1300 200 0
24 send 25 1300 64 0
24 send 27 1100 64 0
24 wait 26 25 1100
24 wait 28 25 1300
24 irecv 28 2100 200 0
24 irecv 20 2300 200 0
24 send 28 2300 80 0
24 send 20 2100 80 0
24 wait 29 25 2100
24 wait 21 25 2300
24 irecv 40 3100 200 0
24 irecv 8 3300 200 0
24 send 40 3300 100 0
24 send 8 3100 100 0
24 wait 41 25 3100
24 wait 9 25 3300
24 irecv 25 1100 200 0
24 irecv 27 1300 200 0
24 send 25 1300 64 0
24 send 27 1100 64 0
24 wait 26 25 1100
24 wait 28 25 1300
24 irecv 28 2100 200 0
24 irecv 20 2300 200 0
24 send 28 2300 80 0
24 send 20 2100 80 0
24 wait 29 25 2100
24 wait 21 25 2300
24 irecv 40 3100 200 0
24 irecv 8 3300 200 0
24 send 40 3300 100 0
24 send 8 3100 100 0
24 wait 41 25 3100
24 wait 9 25 3300
24 irecv 25 1100 200 0
24 irecv 27 1300 200 0
24 send 25 1300 16 0
24 send 27 1100 16 0
24 wait 26 25 1100
24 wait 28 25 1300
24 irecv 28 2100 200 0
24 irecv 20 2300 200 0
24 send 28 2300 24 0
24 send 20 2100 24 0
24 wait 29 25 2100
24 wait 21 25 2300
24 irecv 40 3100 200 0
24 irecv 8 3300 200 0
24 send 40 3300 36 0
24 send 8 3100 36 0
24 wait 41 25 3100
24 wait 9 25 3300
24 irecv 25 1100 200 0
24 irecv 27 1300 200 0
24 send 25 1300 4 0
24 send 27 1100 4 0
24 wait 26 25 1100
24 wait 28 25 1300
24 irecv 28 2100 200 0
24 irecv 20 2300 200 0
24 send 28 2300 8 0
24 send 20 2100 8 0
24 wait 29 25 2100
24 wait 21 25 2300
24 irecv 40 3100 200 0
24 irecv 8 3300 200 0
24 send 40 3300 16 0
24 send 8 3100 16 0
24 wait 41 25 3100
24 wait 9 25 3300
24 irecv 25 1100 200 0
24 irecv 27 1300 200 0
24 send 25 1300 1 0
24 send 27 1100 1 0
24 wait 26 25 1100
24 wait 28 25 1300
24 irecv 28 2100 200 0
24 irecv 20 2300 200 0
24 send 28 2300 3 0
24 send 20 2100 3 0
24 wait 29 25 2100
24 wait 21 25 2300
24 irecv 40 3100 200 0
24 irecv 8 3300 200 0
24 send 40 3300 9 0
24 send 8 3100 9 0
24 wait 41 25 3100
24 wait 9 25 3300
24 irecv 25 1100 200 0
24 irecv 27 1300 200 0
24 wait 26 25 1100
24 wait 28 25 1300
24 irecv 28 2100 200 0
24 irecv 20 2300 200 0
24 wait 29 25 2100
24 wait 21 25 2300
24 send 40 3300 18 0
24 send 8 3100 9 0
24 irecv 25 1100 200 0
24 irecv 27 1300 200 0
24 send 25 1300 1 0
24 send 27 1100 1 0
24 wait 26 25 1100
24 wait 28 25 1300
24 irecv 28 2100 200 0
24 irecv 20 2300 200 0
24 send 28 2300 3 0
24 send 20 2100 3 0
24 wait 29 25 2100
24 wait 21 25 2300
24 irecv 40 3100 200 0
24 irecv 8 3300 200 0
24 send 40 3300 9 0
24 send 8 3100 9 0
24 wait 41 25 3100
24 wait 9 25 3300
24 irecv 25 1100 200 0
24 irecv 27 1300 200 0
24 send 25 1300 1 0
24 send 27 1100 1 0
24 wait 26 25 1100
24 wait 28 25 1300
24 irecv 28 2100 200 0
24 irecv 20 2300 200 0
24 send 28 2300 3 0
24 send 20 2100 3 0
24 wait 29 25 2100
24 wait 21 25 2300
24 irecv 40 3100 200 0
24 irecv 8 3300 200 0
24 send 40 3300 9 0
24 send 8 3100 9 0
24 wait 41 25 3100
24 wait 9 25 3300
24 irecv 25 1100 200 0
24 irecv 27 1300 200 0
24 send 25 1300 4 0
24 send 27 1100 4 0
24 wait 26 25 1100
24 wait 28 25 1300
24 irecv 28 2100 200 0
24 irecv 20 2300 200 0
24 send 28 2300 8 0
24 send 20 2100 8 0
24 wait 29 25 2100
24 wait 21 25 2300
24 irecv 40 3100 200 0
24 irecv 8 3300 200 0
24 send 40 3300 16 0
24 send 8 3100 16 0
24 wait 41 25 3100
24 wait 9 25 3300
24 irecv 25 1100 200 0
24 irecv 27 1300 200 0
24 send 25 1300 4 0
24 send 27 1100 4 0
24 wait 26 25 1100
24 wait 28 25 1300
24 irecv 28 2100 200 0
24 irecv 20 2300 200 0
24 send 28 2300 8 0
24 send 20 2100 8 0
24 wait 29 25 2100
24 wait 21 25 2300
24 irecv 40 3100 200 0
24 irecv 8 3300 200 0
24 send 40 3300 16 0
24 send 8 3100 16 0
24 wait 41 25 3100
24 wait 9 25 3300
24 irecv 25 1100 200 0
24 irecv 27 1300 200 0
24 send 25 1300 16 0
24 send 27 1100 16 0
24 wait 26 25 1100
24 wait 28 25 1300
24 irecv 28 2100 200 0
24 irecv 20 2300 200 0
24 send 28 2300 24 0
24 send 20 2100 24 0
24 wait 29 25 2100
24 wait 21 25 2300
24 irecv 40 3100 200 0
24 irecv 8 3300 200 0
24 send 40 3300 36 0
24 send 8 3100 36 0
24 wait 41 25 3100
24 wait 9 25 3300
24 irecv 25 1100 200 0
24 irecv 27 1300 200 0
24 send 25 1300 16 0
24 send 27 1100 16 0
24 wait 26 25 1100
24 wait 28 25 1300
24 irecv 28 2100 200 0
24 irecv 20 2300 200 0
24 send 28 2300 24 0
24 send 20 2100 24 0
24 wait 29 25 2100
24 wait 21 25 2300
24 irecv 40 3100 200 0
24 irecv 8 3300 200 0
24 send 40 3300 36 0
24 send 8 3100 36 0
24 wait 41 25 3100
24 wait 9 25 3300
24 irecv 25 1100 200 0
24 irecv 27 1300 200 0
24 send 25 1300 64 0
24 send 27 1100 64 0
24 wait 26 25 1100
24 wait 28 25 1300
24 irecv 28 2100 200 0
24 irecv 20 2300 200 0
24 send 28 2300 80 0
24 send 20 2100 80 0
24 wait 29 25 2100
24 wait 21 25 2300
24 irecv 40 3100 200 0
24 irecv 8 3300 200 0
24 send 40 3300 100 0
24 send 8 3100 100 0
24 wait 41 25 3100
24 wait 9 25 3300
24 irecv 25 1100 200 0
24 irecv 27 1300 200 0
24 send 25 1300 64 0
24 send 27 1100 64 0
24 wait 26 25 1100
24 wait 28 25 1300
24 irecv 28 2100 200 0
24 irecv 20 2300 200 0
24 send 28 2300 80 0
24 send 20 2100 80 0
24 wait 29 25 2100
24 wait 21 25 2300
24 irecv 40 3100 200 0
24 irecv 8 3300 200 0
24 send 40 3300 100 0
24 send 8 3100 100 0
24 wait 41 25 3100
24 wait 9 25 3300
24 irecv 25 1100 200 0
24 irecv 27 1300 200 0
24 send 25 1300 64 0
24 send 27 1100 64 0
24 wait 26 25 1100
24 wait 28 25 1300
24 irecv 28 2100 200 0
24 irecv 20 2300 200 0
24 send 28 2300 80 0
24 send 20 2100 80 0
24 wait 29 25 2100
24 wait 21 25 2300
24 irecv 40 3100 200 0
24 irecv 8 3300 200 0
24 send 40 3300 100 0
24 send 8 3100 100 0
24 wait 41 25 3100
24 wait 9 25 3300
24 irecv 25 1100 200 0
24 irecv 27 1300 200 0
24 send 25 1300 16 0
24 send 27 1100 16 0
24 wait 26 25 1100
24 wait 28 25 1300
24 irecv 28 2100 200 0
24 irecv 20 2300 200 0
24 send 28 2300 24 0
24 send 20 2100 24 0
24 wait 29 25 2100
24 wait 21 25 2300
24 irecv 40 3100 200 0
24 irecv 8 3300 200 0
24 send 40 3300 36 0
24 send 8 3100 36 0
24 wait 41 25 3100
24 wait 9 25 3300
24 irecv 25 1100 200 0
24 irecv 27 1300 200 0
24 send 25 1300 4 0
24 send 27 1100 4 0
24 wait 26 25 1100
24 wait 28 25 1300
24 irecv 28 2100 200 0
24 irecv 20 2300 200 0
24 send 28 2300 8 0
24 send 20 2100 8 0
24 wait 29 25 2100
24 wait 21 25 2300
24 irecv 40 3100 200 0
24 irecv 8 3300 200 0
24 send 40 3300 16 0
24 send 8 3100 16 0
24 wait 41 25 3100
24 wait 9 25 3300
24 irecv 25 1100 200 0
24 irecv 27 1300 200 0
24 send 25 1300 1 0
24 send 27 1100 1 0
24 wait 26 25 1100
24 wait 28 25 1300
24 irecv 28 2100 200 0
24 irecv 20 2300 200 0
24 send 28 2300 3 0
24 send 20 2100 3 0
24 wait 29 25 2100
24 wait 21 25 2300
24 irecv 40 3100 200 0
24 irecv 8 3300 200 0
24 send 40 3300 9 0
24 send 8 3100 9 0
24 wait 41 25 3100
24 wait 9 25 3300
24 irecv 25 1100 200 0
24 irecv 27 1300 200 0
24 wait 26 25 1100
24 wait 28 25 1300
24 irecv 28 2100 200 0
24 irecv 20 2300 200 0
24 wait 29 25 2100
24 wait 21 25 2300
24 send 40 3300 18 0
24 send 8 3100 9 0
24 irecv 25 1100 200 0
24 irecv 27 1300 200 0
24 send 25 1300 1 0
24 send 27 1100 1 0
24 wait 26 25 1100
24 wait 28 25 1300
24 irecv 28 2100 200 0
24 irecv 20 2300 200 0
24 send 28 2300 3 0
24 send 20 2100 3 0
24 wait 29 25 2100
24 wait 21 25 2300
24 irecv 40 3100 200 0
24 irecv 8 3300 200 0
24 send 40 3300 9 0
24 send 8 3100 9 0
24 wait 41 25 3100
24 wait 9 25 3300
24 irecv 25 1100 200 0
24 irecv 27 1300 200 0
24 send 25 1300 1 0
24 send 27 1100 1 0
24 wait 26 25 1100
24 wait 28 25 1300
24 irecv 28 2100 200 0
24 irecv 20 2300 200 0
24 send 28 2300 3 0
24 send 20 2100 3 0
24 wait 29 25 2100
24 wait 21 25 2300
24 irecv 40 3100 200 0
24 irecv 8 3300 200 0
24 send 40 3300 9 0
24 send 8 3100 9 0
24 wait 41 25 3100
24 wait 9 25 3300
24 irecv 25 1100 200 0
24 irecv 27 1300 200 0
24 send 25 1300 4 0
24 send 27 1100 4 0
24 wait 26 25 1100
24 wait 28 25 1300
24 irecv 28 2100 200 0
24 irecv 20 2300 200 0
24 send 28 2300 8 0
24 send 20 2100 8 0
24 wait 29 25 2100
24 wait 21 25 2300
24 irecv 40 3100 200 0
24 irecv 8 3300 200 0
24 send 40 3300 16 0
24 send 8 3100 16 0
24 wait 41 25 3100
24 wait 9 25 3300
24 irecv 25 1100 200 0
24 irecv 27 1300 200 0
24 send 25 1300 4 0
24 send 27 1100 4 0
24 wait 26 25 1100
24 wait 28 25 1300
24 irecv 28 2100 200 0
24 irecv 20 2300 200 0
24 send 28 2300 8 0
24 send 20 2100 8 0
24 wait 29 25 2100
24 wait 21 25 2300
24 irecv 40 3100 200 0
24 irecv 8 3300 200 0
24 send 40 3300 16 0
24 send 8 3100 16 0
24 wait 41 25 3100
24 wait 9 25 3300
24 irecv 25 1100 200 0
24 irecv 27 1300 200 0
24 send 25 1300 16 0
24 send 27 1100 16 0
24 wait 26 25 1100
24 wait 28 25 1300
24 irecv 28 2100 200 0
24 irecv 20 2300 200 0
24 send 28 2300 24 0
24 send 20 2100 24 0
24 wait 29 25 2100
24 wait 21 25 2300
24 irecv 40 3100 200 0
24 irecv 8 3300 200 0
24 send 40 3300 36 0
24 send 8 3100 36 0
24 wait 41 25 3100
24 wait 9 25 3300
24 irecv 25 1100 200 0
24 irecv 27 1300 200 0
24 send 25 1300 16 0
24 send 27 1100 16 0
24 wait 26 25 1100
24 wait 28 25 1300
24 irecv 28 2100 200 0
24 irecv 20 2300 200 0
24 send 28 2300 24 0
24 send 20 2100 24 0
24 wait 29 25 2100
24 wait 21 25 2300
24 irecv 40 3100 200 0
24 irecv 8 3300 200 0
24 send 40 3300 36 0
24 send 8 3100 36 0
24 wait 41 25 3100
24 wait 9 25 3300
24 irecv 25 1100 200 0
24 irecv 27 1300 200 0
24 send 25 1300 64 0
24 send 27 1100 64 0
24 wait 26 25 1100
24 wait 28 25 1300
24 irecv 28 2100 200 0
24 irecv 20 2300 200 0
24 send 28 2300 80 0
24 send 20 2100 80 0
24 wait 29 25 2100
24 wait 21 25 2300
24 irecv 40 3100 200 0
24 irecv 8 3300 200 0
24 send 40 3300 100 0
24 send 8 3100 100 0
24 wait 41 25 3100
24 wait 9 25 3300
24 irecv 25 1100 200 0
24 irecv 27 1300 200 0
24 send 25 1300 64 0
24 send 27 1100 64 0
24 wait 26 25 1100
24 wait 28 25 1300
24 irecv 28 2100 200 0
24 irecv 20 2300 200 0
24 send 28 2300 80 0
24 send 20 2100 80 0
24 wait 29 25 2100
24 wait 21 25 2300
24 irecv 40 3100 200 0
24 irecv 8 3300 200 0
24 send 40 3300 100 0
24 send 8 3100 100 0
24 wait 41 25 3100
24 wait 9 25 3300
24 irecv 25 1100 200 0
24 irecv 27 1300 200 0
24 send 25 1300 64 0
24 send 27 1100 64 0
24 wait 26 25 1100
24 wait 28 25 1300
24 irecv 28 2100 200 0
24 irecv 20 2300 200 0
24 send 28 2300 80 0
24 send 20 2100 80 0
24 wait 29 25 2100
24 wait 21 25 2300
24 irecv 40 3100 200 0
24 irecv 8 3300 200 0
24 send 40 3300 100 0
24 send 8 3100 100 0
24 wait 41 25 3100
24 wait 9 25 3300
24 irecv 25 1100 200 0
24 irecv 27 1300 200 0
24 send 25 1300 16 0
24 send 27 1100 16 0
24 wait 26 25 1100
24 wait 28 25 1300
24 irecv 28 2100 200 0
24 irecv 20 2300 200 0
24 send 28 2300 24 0
24 send 20 2100 24 0
24 wait 29 25 2100
24 wait 21 25 2300
24 irecv 40 3100 200 0
24 irecv 8 3300 200 0
24 send 40 3300 36 0
24 send 8 3100 36 0
24 wait 41 25 3100
24 wait 9 25 3300
24 irecv 25 1100 200 0
24 irecv 27 1300 200 0
24 send 25 1300 4 0
24 send 27 1100 4 0
24 wait 26 25 1100
24 wait 28 25 1300
24 irecv 28 2100 200 0
24 irecv 20 2300 200 0
24 send 28 2300 8 0
24 send 20 2100 8 0
24 wait 29 25 2100
24 wait 21 25 2300
24 irecv 40 3100 200 0
24 irecv 8 3300 200 0
24 send 40 3300 16 0
24 send 8 3100 16 0
24 wait 41 25 3100
24 wait 9 25 3300
24 irecv 25 1100 200 0
24 irecv 27 1300 200 0
24 send 25 1300 1 0
24 send 27 1100 1 0
24 wait 26 25 1100
24 wait 28 25 1300
24 irecv 28 2100 200 0
24 irecv 20 2300 200 0
24 send 28 2300 3 0
24 send 20 2100 3 0
24 wait 29 25 2100
24 wait 21 25 2300
24 irecv 40 3100 200 0
24 irecv 8 3300 200 0
24 send 40 3300 9 0
24 send 8 3100 9 0
24 wait 41 25 3100
24 wait 9 25 3300
24 irecv 25 1100 200 0
24 irecv 27 1300 200 0
24 wait 26 25 1100
24 wait 28 25 1300
24 irecv 28 2100 200 0
24 irecv 20 2300 200 0
24 wait 29 25 2100
24 wait 21 25 2300
24 send 40 3300 18 0
24 send 8 3100 9 0
24 irecv 25 1100 200 0
24 irecv 27 1300 200 0
24 send 25 1300 1 0
24 send 27 1100 1 0
24 wait 26 25 1100
24 wait 28 25 1300
24 irecv 28 2100 200 0
24 irecv 20 2300 200 0
24 send 28 2300 3 0
24 send 20 2100 3 0
24 wait 29 25 2100
24 wait 21 25 2300
24 irecv 40 3100 200 0
24 irecv 8 3300 200 0
24 send 40 3300 9 0
24 send 8 3100 9 0
24 wait 41 25 3100
24 wait 9 25 3300
24 irecv 25 1100 200 0
24 irecv 27 1300 200 0
24 send 25 1300 1 0
24 send 27 1100 1 0
24 wait 26 25 1100
24 wait 28 25 1300
24 irecv 28 2100 200 0
24 irecv 20 2300 200 0
24 send 28 2300 3 0
24 send 20 2100 3 0
24 wait 29 25 2100
24 wait 21 25 2300
24 irecv 40 3100 200 0
24 irecv 8 3300 200 0
24 send 40 3300 9 0
24 send 8 3100 9 0
24 wait 41 25 3100
24 wait 9 25 3300
24 irecv 25 1100 200 0
24 irecv 27 1300 200 0
24 send 25 1300 4 0
24 send 27 1100 4 0
24 wait 26 25 1100
24 wait 28 25 1300
24 irecv 28 2100 200 0
24 irecv 20 2300 200 0
24 send 28 2300 8 0
24 send 20 2100 8 0
24 wait 29 25 2100
24 wait 21 25 2300
24 irecv 40 3100 200 0
24 irecv 8 3300 200 0
24 send 40 3300 16 0
24 send 8 3100 16 0
24 wait 41 25 3100
24 wait 9 25 3300
24 irecv 25 1100 200 0
24 irecv 27 1300 200 0
24 send 25 1300 4 0
24 send 27 1100 4 0
24 wait 26 25 1100
24 wait 28 25 1300
24 irecv 28 2100 200 0
24 irecv 20 2300 200 0
24 send 28 2300 8 0
24 send 20 2100 8 0
24 wait 29 25 2100
24 wait 21 25 2300
24 irecv 40 3100 200 0
24 irecv 8 3300 200 0
24 send 40 3300 16 0
24 send 8 3100 16 0
24 wait 41 25 3100
24 wait 9 25 3300
24 irecv 25 1100 200 0
24 irecv 27 1300 200 0
24 send 25 1300 16 0
24 send 27 1100 16 0
24 wait 26 25 1100
24 wait 28 25 1300
24 irecv 28 2100 200 0
24 irecv 20 2300 200 0
24 send 28 2300 24 0
24 send 20 2100 24 0
24 wait 29 25 2100
24 wait 21 25 2300
24 irecv 40 3100 200 0
24 irecv 8 3300 200 0
24 send 40 3300 36 0
24 send 8 3100 36 0
24 wait 41 25 3100
24 wait 9 25 3300
24 irecv 25 1100 200 0
24 irecv 27 1300 200 0
24 send 25 1300 16 0
24 send 27 1100 16 0
24 wait 26 25 1100
24 wait 28 25 1300
24 irecv 28 2100 200 0
24 irecv 20 2300 200 0
24 send 28 2300 24 0
24 send 20 2100 24 0
24 wait 29 25 2100
24 wait 21 25 2300
24 irecv 40 3100 200 0
24 irecv 8 3300 200 0
24 send 40 3300 36 0
24 send 8 3100 36 0
24 wait 41 25 3100
24 wait 9 25 3300
24 irecv 25 1100 200 0
24 irecv 27 1300 200 0
24 send 25 1300 64 0
24 send 27 1100 64 0
24 wait 26 25 1100
24 wait 28 25 1300
24 irecv 28 2100 200 0
24 irecv 20 2300 200 0
24 send 28 2300 80 0
24 send 20 2100 80 0
24 wait 29 25 2100
24 wait 21 25 2300
24 irecv 40 3100 200 0
24 irecv 8 3300 200 0
24 send 40 3300 100 0
24 send 8 3100 100 0
24 wait 41 25 3100
24 wait 9 25 3300
24 irecv 25 1100 200 0
24 irecv 27 1300 200 0
24 send 25 1300 64 0
24 send 27 1100 64 0
24 wait 26 25 1100
24 wait 28 25 1300
24 irecv 28 2100 200 0
24 irecv 20 2300 200 0
24 send 28 2300 80 0
24 send 20 2100 80 0
24 wait 29 25 2100
24 wait 21 25 2300
24 irecv 40 3100 200 0
24 irecv 8 3300 200 0
24 send 40 3300 100 0
24 send 8 3100 100 0
24 wait 41 25 3100
24 wait 9 25 3300
24 irecv 25 1100 200 0
24 irecv 27 1300 200 0
24 send 25 1300 64 0
24 send 27 1100 64 0
24 wait 26 25 1100
24 wait 28 25 1300
24 irecv 28 2100 200 0
24 irecv 20 2300 200 0
24 send 28 2300 80 0
24 send 20 2100 80 0
24 wait 29 25 2100
24 wait 21 25 2300
24 irecv 40 3100 200 0
24 irecv 8 3300 200 0
24 send 40 3300 100 0
24 send 8 3100 100 0
24 wait 41 25 3100
24 wait 9 25 3300
24 allreduce 1 0 0 
24 allreduce 1 0 0 
24 reduce 1 0 0 0 
24 finalize
