4 init
4 bcast 1 0 1 
4 allreduce 517 0 1 
4 alltoall 1 1 1 1
4 alltoallv 16384 1048 1044 996 1112 1016 972 1016 916 968 1172 948 1064 1028 1016 1064 1004 16364 1008 1060 900 956 1016 1080 940 992 1052 1012 1068 1052 1012 1072 1108 1036 1 1
4 allreduce 517 0 1 
4 alltoall 1 1 1 1
4 alltoallv 16384 1048 1044 996 1112 1016 972 1016 916 968 1172 948 1064 1028 1016 1064 1004 16364 1008 1060 900 956 1016 1080 940 992 1052 1012 1068 1052 1012 1072 1108 1036 1 1
4 allreduce 517 0 1 
4 alltoall 1 1 1 1
4 alltoallv 16384 1048 1044 996 1112 1016 972 1016 916 968 1172 948 1064 1028 1016 1064 1004 16364 1008 1060 900 956 1016 1080 940 992 1052 1012 1068 1052 1012 1072 1108 1036 1 1
4 allreduce 517 0 1 
4 alltoall 1 1 1 1
4 alltoallv 16384 1048 1044 996 1112 1016 972 1016 916 968 1172 948 1064 1028 1016 1064 1004 16364 1008 1060 900 956 1016 1080 940 992 1052 1012 1068 1052 1012 1072 1108 1036 1 1
4 allreduce 517 0 1 
4 alltoall 1 1 1 1
4 alltoallv 16384 1048 1044 996 1112 1016 972 1016 916 968 1172 948 1064 1028 1016 1064 1004 16364 1008 1060 900 956 1016 1080 940 992 1052 1012 1068 1052 1012 1072 1108 1036 1 1
4 allreduce 517 0 1 
4 alltoall 1 1 1 1
4 alltoallv 16384 1048 1044 996 1112 1016 972 1016 916 968 1172 948 1064 1028 1016 1064 1004 16364 1008 1060 900 956 1016 1080 940 992 1052 1012 1068 1052 1012 1072 1108 1036 1 1
4 allreduce 517 0 1 
4 alltoall 1 1 1 1
4 alltoallv 16384 1048 1044 996 1112 1016 972 1016 916 968 1172 948 1064 1028 1016 1064 1004 16364 1008 1060 900 956 1016 1080 940 992 1052 1012 1068 1052 1012 1072 1108 1036 1 1
4 allreduce 517 0 1 
4 alltoall 1 1 1 1
4 alltoallv 16384 1048 1044 996 1112 1016 972 1016 916 968 1172 948 1064 1028 1016 1064 1004 16356 1000 1060 900 956 1016 1080 940 992 1052 1012 1068 1052 1012 1072 1108 1036 1 1
4 allreduce 517 0 1 
4 alltoall 1 1 1 1
4 alltoallv 16384 1048 1044 996 1112 1016 972 1016 916 968 1172 948 1064 1028 1016 1064 1004 16356 1000 1060 900 956 1016 1080 940 992 1052 1012 1068 1052 1012 1072 1108 1036 1 1
4 allreduce 517 0 1 
4 alltoall 1 1 1 1
4 alltoallv 16384 1048 1044 996 1112 1016 972 1016 916 968 1172 948 1064 1028 1016 1064 1004 16356 1000 1060 900 956 1016 1080 940 992 1052 1012 1068 1052 1012 1072 1108 1036 1 1
4 allreduce 517 0 1 
4 alltoall 1 1 1 1
4 alltoallv 16384 1048 1044 996 1112 1016 972 1016 916 968 1172 948 1064 1028 1016 1064 1004 16356 1000 1060 900 956 1016 1080 940 992 1052 1012 1068 1052 1012 1072 1108 1036 1 1
4 reduce 1 0 0 0 
4 irecv 3 1000 1 1
4 send 5 1000 1 1
4 wait 4 5 1000
4 reduce 1 0 0 1 
4 finalize
