9 init
9 bcast 1 0 1 
9 allreduce 517 0 1 
9 alltoall 1 1 1 1
9 alltoallv 16384 936 1064 964 1112 1012 980 1048 1116 1008 1092 980 1044 964 1020 1068 976 17452 1048 1144 1180 1004 1172 1040 1060 1036 1004 1092 1160 1236 1160 1108 1016 992 1 1
9 allreduce 517 0 1 
9 alltoall 1 1 1 1
9 alltoallv 16384 936 1064 964 1112 1012 980 1048 1116 1008 1092 980 1044 964 1020 1068 976 17452 1048 1144 1180 1004 1172 1040 1060 1036 1004 1092 1160 1236 1160 1108 1016 992 1 1
9 allreduce 517 0 1 
9 alltoall 1 1 1 1
9 alltoallv 16384 936 1064 964 1112 1012 980 1048 1116 1008 1092 980 1044 964 1020 1068 976 17452 1048 1144 1180 1004 1172 1040 1060 1036 1004 1092 1160 1236 1160 1108 1016 992 1 1
9 allreduce 517 0 1 
9 alltoall 1 1 1 1
9 alltoallv 16384 936 1064 964 1112 1012 980 1048 1116 1008 1092 980 1044 964 1020 1068 976 17452 1048 1144 1180 1004 1172 1040 1060 1036 1004 1092 1160 1236 1160 1108 1016 992 1 1
9 allreduce 517 0 1 
9 alltoall 1 1 1 1
9 alltoallv 16384 936 1064 964 1112 1012 980 1048 1116 1008 1092 980 1044 964 1020 1068 976 17452 1048 1144 1180 1004 1172 1040 1060 1036 1004 1092 1160 1236 1160 1108 1016 992 1 1
9 allreduce 517 0 1 
9 alltoall 1 1 1 1
9 alltoallv 16384 936 1064 964 1112 1012 980 1048 1116 1008 1092 980 1044 964 1020 1068 976 17452 1048 1144 1180 1004 1172 1040 1060 1036 1004 1092 1160 1236 1160 1108 1016 992 1 1
9 allreduce 517 0 1 
9 alltoall 1 1 1 1
9 alltoallv 16384 936 1064 964 1112 1012 980 1048 1116 1008 1092 980 1044 964 1020 1068 976 17452 1048 1144 1180 1004 1172 1040 1060 1036 1004 1092 1160 1236 1160 1108 1016 992 1 1
9 allreduce 517 0 1 
9 alltoall 1 1 1 1
9 alltoallv 16384 936 1064 964 1112 1012 980 1048 1116 1008 1092 980 1044 964 1020 1068 976 17452 1048 1144 1180 1004 1172 1040 1060 1036 1004 1092 1160 1236 1160 1108 1016 992 1 1
9 allreduce 517 0 1 
9 alltoall 1 1 1 1
9 alltoallv 16384 936 1064 964 1112 1012 980 1048 1116 1008 1092 980 1044 964 1020 1068 976 17448 1044 1144 1180 1004 1172 1040 1060 1036 1004 1092 1160 1236 1160 1108 1016 992 1 1
9 allreduce 517 0 1 
9 alltoall 1 1 1 1
9 alltoallv 16384 936 1064 964 1112 1012 980 1048 1116 1008 1092 980 1044 964 1020 1068 976 17448 1044 1144 1180 1004 1172 1040 1060 1036 1004 1092 1160 1236 1160 1108 1016 992 1 1
9 allreduce 517 0 1 
9 alltoall 1 1 1 1
9 alltoallv 16384 936 1064 964 1112 1012 980 1048 1116 1008 1092 980 1044 964 1020 1068 976 17448 1044 1144 1180 1004 1172 1040 1060 1036 1004 1092 1160 1236 1160 1108 1016 992 1 1
9 reduce 1 0 0 0 
9 irecv 8 1000 1 1
9 send 10 1000 1 1
9 wait 9 10 1000
9 reduce 1 0 0 1 
9 finalize
