8 init
8 bcast 1 0 1 
8 allreduce 517 0 1 
8 alltoall 1 1 1 1
8 alltoallv 16384 1016 1032 1008 1132 1052 924 944 1064 1008 1004 1020 1096 1036 1088 988 972 16152 1168 960 1040 960 968 960 1008 896 1008 1008 972 900 1092 1104 1036 1072 1 1
8 allreduce 517 0 1 
8 alltoall 1 1 1 1
8 alltoallv 16384 1016 1032 1008 1132 1052 924 944 1064 1008 1004 1020 1096 1036 1088 988 972 16152 1168 960 1040 960 968 960 1008 896 1008 1008 972 900 1092 1104 1036 1072 1 1
8 allreduce 517 0 1 
8 alltoall 1 1 1 1
8 alltoallv 16384 1016 1032 1008 1132 1052 924 944 1064 1008 1004 1020 1096 1036 1088 988 972 16148 1164 960 1040 960 968 960 1008 896 1008 1008 972 900 1092 1104 1036 1072 1 1
8 allreduce 517 0 1 
8 alltoall 1 1 1 1
8 alltoallv 16384 1016 1032 1008 1132 1052 924 944 1064 1008 1004 1020 1096 1036 1088 988 972 16148 1164 960 1040 960 968 960 1008 896 1008 1008 972 900 1092 1104 1036 1072 1 1
8 allreduce 517 0 1 
8 alltoall 1 1 1 1
8 alltoallv 16384 1016 1032 1008 1132 1052 924 944 1064 1008 1004 1020 1096 1036 1088 988 972 16148 1164 960 1040 960 968 960 1008 896 1008 1008 972 900 1092 1104 1036 1072 1 1
8 allreduce 517 0 1 
8 alltoall 1 1 1 1
8 alltoallv 16384 1016 1032 1008 1132 1052 924 944 1064 1008 1004 1020 1096 1036 1088 988 972 16148 1164 960 1040 960 968 960 1008 896 1008 1008 972 900 1092 1104 1036 1072 1 1
8 allreduce 517 0 1 
8 alltoall 1 1 1 1
8 alltoallv 16384 1016 1032 1008 1132 1052 924 944 1064 1008 1004 1020 1096 1036 1088 988 972 16148 1164 960 1040 960 968 960 1008 896 1008 1008 972 900 1092 1104 1036 1072 1 1
8 allreduce 517 0 1 
8 alltoall 1 1 1 1
8 alltoallv 16384 1016 1032 1008 1132 1052 924 944 1064 1008 1004 1020 1096 1036 1088 988 972 16148 1164 960 1040 960 968 960 1008 896 1008 1008 972 900 1092 1104 1036 1072 1 1
8 allreduce 517 0 1 
8 alltoall 1 1 1 1
8 alltoallv 16384 1016 1032 1008 1132 1052 924 944 1064 1008 1004 1020 1096 1036 1088 988 972 16148 1164 960 1040 960 968 960 1008 896 1008 1008 972 900 1092 1104 1036 1072 1 1
8 allreduce 517 0 1 
8 alltoall 1 1 1 1
8 alltoallv 16384 1016 1032 1008 1132 1052 924 944 1064 1008 1004 1020 1096 1036 1088 988 972 16148 1164 960 1040 960 968 960 1008 896 1008 1008 972 900 1092 1104 1036 1072 1 1
8 allreduce 517 0 1 
8 alltoall 1 1 1 1
8 alltoallv 16384 1016 1032 1008 1132 1052 924 944 1064 1008 1004 1020 1096 1036 1088 988 972 16148 1164 960 1040 960 968 960 1008 896 1008 1008 972 900 1092 1104 1036 1072 1 1
8 reduce 1 0 0 0 
8 irecv 7 1000 1 1
8 send 9 1000 1 1
8 wait 8 9 1000
8 reduce 1 0 0 1 
8 finalize
