1 init
1 bcast 1 0 1 
1 allreduce 517 0 1 
1 alltoall 1 1 1 1
1 alltoallv 16384 1044 1068 936 1080 1060 1000 1076 984 960 1144 892 1040 1032 1056 1044 968 16476 968 1068 1092 1008 1044 1036 1056 1140 1032 1064 972 984 944 1016 1096 956 1 1
1 allreduce 517 0 1 
1 alltoall 1 1 1 1
1 alltoallv 16384 1044 1068 936 1080 1060 1000 1076 984 960 1144 892 1040 1032 1056 1044 968 16476 968 1068 1092 1008 1044 1036 1056 1140 1032 1064 972 984 944 1016 1096 956 1 1
1 allreduce 517 0 1 
1 alltoall 1 1 1 1
1 alltoallv 16384 1044 1068 936 1080 1060 1000 1076 984 960 1144 892 1040 1032 1056 1044 968 16476 968 1068 1092 1008 1044 1036 1056 1140 1032 1064 972 984 944 1016 1096 956 1 1
1 allreduce 517 0 1 
1 alltoall 1 1 1 1
1 alltoallv 16384 1044 1068 936 1080 1060 1000 1076 984 960 1144 892 1040 1032 1056 1044 968 16472 964 1068 1092 1008 1044 1036 1056 1140 1032 1064 972 984 944 1016 1096 956 1 1
1 allreduce 517 0 1 
1 alltoall 1 1 1 1
1 alltoallv 16384 1044 1068 936 1080 1060 1000 1076 984 960 1144 892 1040 1032 1056 1044 968 16472 964 1068 1092 1008 1044 1036 1056 1140 1032 1064 972 984 944 1016 1096 956 1 1
1 allreduce 517 0 1 
1 alltoall 1 1 1 1
1 alltoallv 16384 1044 1068 936 1080 1060 1000 1076 984 960 1144 892 1040 1032 1056 1044 968 16472 964 1068 1092 1008 1044 1036 1056 1140 1032 1064 972 984 944 1016 1096 956 1 1
1 allreduce 517 0 1 
1 alltoall 1 1 1 1
1 alltoallv 16384 1044 1068 936 1080 1060 1000 1076 984 960 1144 892 1040 1032 1056 1044 968 16472 964 1068 1092 1008 1044 1036 1056 1140 1032 1064 972 984 944 1016 1096 956 1 1
1 allreduce 517 0 1 
1 alltoall 1 1 1 1
1 alltoallv 16384 1044 1068 936 1080 1060 1000 1076 984 960 1144 892 1040 1032 1056 1044 968 16472 964 1068 1092 1008 1044 1036 1056 1140 1032 1064 972 984 944 1016 1096 956 1 1
1 allreduce 517 0 1 
1 alltoall 1 1 1 1
1 alltoallv 16384 1044 1068 936 1080 1060 1000 1076 984 960 1144 892 1040 1032 1056 1044 968 16472 964 1068 1092 1008 1044 1036 1056 1140 1032 1064 972 984 944 1016 1096 956 1 1
1 allreduce 517 0 1 
1 alltoall 1 1 1 1
1 alltoallv 16384 1044 1068 936 1080 1060 1000 1076 984 960 1144 892 1040 1032 1056 1044 968 16472 964 1068 1092 1008 1044 1036 1056 1140 1032 1064 972 984 944 1016 1096 956 1 1
1 allreduce 517 0 1 
1 alltoall 1 1 1 1
1 alltoallv 16384 1044 1068 936 1080 1060 1000 1076 984 960 1144 892 1040 1032 1056 1044 968 16472 964 1068 1092 1008 1044 1036 1056 1140 1032 1064 972 984 944 1016 1096 956 1 1
1 reduce 1 0 0 0 
1 irecv 0 1000 1 1
1 send 2 1000 1 1
1 wait 1 2 1000
1 reduce 1 0 0 1 
1 finalize
