27 init
27 barrier
27 bcast 1 0 1 
27 bcast 1 0 1 
27 bcast 1 0 1 
27 bcast 1 0 1 
27 bcast 1 0 1 
27 bcast 8 0 1 
27 bcast 1 0 16 
27 barrier
27 allreduce 1 0 0 
27 allreduce 4 0 1 
27 allreduce 1 0 0 
27 allreduce 4 0 1 
27 allreduce 1 0 0 
27 allreduce 4 0 1 
27 allreduce 1 0 0 
27 allreduce 4 0 1 
27 allreduce 1 0 0 
27 allreduce 4 0 1 
27 allreduce 1 0 0 
27 allreduce 4 0 1 
27 allreduce 1 0 0 
27 allreduce 4 0 1 
27 allreduce 1 0 0 
27 allreduce 4 0 1 
27 allreduce 1 0 0 
27 allreduce 4 0 1 
27 allreduce 1 0 0 
27 allreduce 4 0 1 
27 allreduce 1 0 0 
27 allreduce 4 0 1 
27 allreduce 1 0 0 
27 allreduce 4 0 1 
27 allreduce 1 0 0 
27 allreduce 4 0 1 
27 allreduce 1 0 0 
27 allreduce 4 0 1 
27 allreduce 1 0 0 
27 allreduce 4 0 1 
27 allreduce 1 0 0 
27 allreduce 4 0 1 
27 allreduce 1 0 0 
27 allreduce 4 0 1 
27 allreduce 1 0 0 
27 allreduce 4 0 1 
27 allreduce 1 0 0 
27 allreduce 4 0 1 
27 allreduce 1 0 0 
27 allreduce 4 0 1 
27 barrier
27 irecv 24 1100 200 0
27 irecv 26 1300 200 0
27 send 24 1300 64 0
27 send 26 1100 64 0
27 wait 25 28 1100
27 wait 27 28 1300
27 irecv 31 2100 200 0
27 irecv 23 2300 200 0
27 send 31 2300 80 0
27 send 23 2100 80 0
27 wait 32 28 2100
27 wait 24 28 2300
27 irecv 43 3100 200 0
27 irecv 11 3300 200 0
27 send 43 3300 100 0
27 send 11 3100 100 0
27 wait 44 28 3100
27 wait 12 28 3300
27 allreduce 1 0 0 
27 allreduce 1 0 0 
27 irecv 24 1100 200 0
27 irecv 26 1300 200 0
27 send 24 1300 64 0
27 send 26 1100 64 0
27 wait 25 28 1100
27 wait 27 28 1300
27 irecv 31 2100 200 0
27 irecv 23 2300 200 0
27 send 31 2300 80 0
27 send 23 2100 80 0
27 wait 32 28 2100
27 wait 24 28 2300
27 irecv 43 3100 200 0
27 irecv 11 3300 200 0
27 send 43 3300 100 0
27 send 11 3100 100 0
27 wait 44 28 3100
27 wait 12 28 3300
27 allreduce 1 0 0 
27 allreduce 1 0 0 
27 irecv 24 1100 200 0
27 irecv 26 1300 200 0
27 send 24 1300 16 0
27 send 26 1100 16 0
27 wait 25 28 1100
27 wait 27 28 1300
27 irecv 31 2100 200 0
27 irecv 23 2300 200 0
27 send 31 2300 24 0
27 send 23 2100 24 0
27 wait 32 28 2100
27 wait 24 28 2300
27 irecv 43 3100 200 0
27 irecv 11 3300 200 0
27 send 43 3300 36 0
27 send 11 3100 36 0
27 wait 44 28 3100
27 wait 12 28 3300
27 irecv 24 1100 200 0
27 irecv 26 1300 200 0
27 send 24 1300 4 0
27 send 26 1100 4 0
27 wait 25 28 1100
27 wait 27 28 1300
27 irecv 31 2100 200 0
27 irecv 23 2300 200 0
27 send 31 2300 8 0
27 send 23 2100 8 0
27 wait 32 28 2100
27 wait 24 28 2300
27 irecv 43 3100 200 0
27 irecv 11 3300 200 0
27 send 43 3300 16 0
27 send 11 3100 16 0
27 wait 44 28 3100
27 wait 12 28 3300
27 irecv 24 1100 200 0
27 irecv 26 1300 200 0
27 send 24 1300 1 0
27 send 26 1100 1 0
27 wait 25 28 1100
27 wait 27 28 1300
27 irecv 31 2100 200 0
27 irecv 23 2300 200 0
27 send 31 2300 3 0
27 send 23 2100 3 0
27 wait 32 28 2100
27 wait 24 28 2300
27 irecv 43 3100 200 0
27 irecv 11 3300 200 0
27 send 43 3300 9 0
27 send 11 3100 9 0
27 wait 44 28 3100
27 wait 12 28 3300
27 send 24 1300 18 0
27 send 26 1100 9 0
27 irecv 31 2100 200 0
27 irecv 23 2300 200 0
27 wait 32 28 2100
27 wait 24 28 2300
27 send 43 3300 18 0
27 send 11 3100 9 0
27 irecv 24 1100 200 0
27 irecv 26 1300 200 0
27 send 24 1300 1 0
27 send 26 1100 1 0
27 wait 25 28 1100
27 wait 27 28 1300
27 irecv 31 2100 200 0
27 irecv 23 2300 200 0
27 send 31 2300 3 0
27 send 23 2100 3 0
27 wait 32 28 2100
27 wait 24 28 2300
27 irecv 43 3100 200 0
27 irecv 11 3300 200 0
27 send 43 3300 9 0
27 send 11 3100 9 0
27 wait 44 28 3100
27 wait 12 28 3300
27 irecv 24 1100 200 0
27 irecv 26 1300 200 0
27 send 24 1300 1 0
27 send 26 1100 1 0
27 wait 25 28 1100
27 wait 27 28 1300
27 irecv 31 2100 200 0
27 irecv 23 2300 200 0
27 send 31 2300 3 0
27 send 23 2100 3 0
27 wait 32 28 2100
27 wait 24 28 2300
27 irecv 43 3100 200 0
27 irecv 11 3300 200 0
27 send 43 3300 9 0
27 send 11 3100 9 0
27 wait 44 28 3100
27 wait 12 28 3300
27 irecv 24 1100 200 0
27 irecv 26 1300 200 0
27 send 24 1300 4 0
27 send 26 1100 4 0
27 wait 25 28 1100
27 wait 27 28 1300
27 irecv 31 2100 200 0
27 irecv 23 2300 200 0
27 send 31 2300 8 0
27 send 23 2100 8 0
27 wait 32 28 2100
27 wait 24 28 2300
27 irecv 43 3100 200 0
27 irecv 11 3300 200 0
27 send 43 3300 16 0
27 send 11 3100 16 0
27 wait 44 28 3100
27 wait 12 28 3300
27 irecv 24 1100 200 0
27 irecv 26 1300 200 0
27 send 24 1300 4 0
27 send 26 1100 4 0
27 wait 25 28 1100
27 wait 27 28 1300
27 irecv 31 2100 200 0
27 irecv 23 2300 200 0
27 send 31 2300 8 0
27 send 23 2100 8 0
27 wait 32 28 2100
27 wait 24 28 2300
27 irecv 43 3100 200 0
27 irecv 11 3300 200 0
27 send 43 3300 16 0
27 send 11 3100 16 0
27 wait 44 28 3100
27 wait 12 28 3300
27 irecv 24 1100 200 0
27 irecv 26 1300 200 0
27 send 24 1300 16 0
27 send 26 1100 16 0
27 wait 25 28 1100
27 wait 27 28 1300
27 irecv 31 2100 200 0
27 irecv 23 2300 200 0
27 send 31 2300 24 0
27 send 23 2100 24 0
27 wait 32 28 2100
27 wait 24 28 2300
27 irecv 43 3100 200 0
27 irecv 11 3300 200 0
27 send 43 3300 36 0
27 send 11 3100 36 0
27 wait 44 28 3100
27 wait 12 28 3300
27 irecv 24 1100 200 0
27 irecv 26 1300 200 0
27 send 24 1300 16 0
27 send 26 1100 16 0
27 wait 25 28 1100
27 wait 27 28 1300
27 irecv 31 2100 200 0
27 irecv 23 2300 200 0
27 send 31 2300 24 0
27 send 23 2100 24 0
27 wait 32 28 2100
27 wait 24 28 2300
27 irecv 43 3100 200 0
27 irecv 11 3300 200 0
27 send 43 3300 36 0
27 send 11 3100 36 0
27 wait 44 28 3100
27 wait 12 28 3300
27 irecv 24 1100 200 0
27 irecv 26 1300 200 0
27 send 24 1300 64 0
27 send 26 1100 64 0
27 wait 25 28 1100
27 wait 27 28 1300
27 irecv 31 2100 200 0
27 irecv 23 2300 200 0
27 send 31 2300 80 0
27 send 23 2100 80 0
27 wait 32 28 2100
27 wait 24 28 2300
27 irecv 43 3100 200 0
27 irecv 11 3300 200 0
27 send 43 3300 100 0
27 send 11 3100 100 0
27 wait 44 28 3100
27 wait 12 28 3300
27 irecv 24 1100 200 0
27 irecv 26 1300 200 0
27 send 24 1300 64 0
27 send 26 1100 64 0
27 wait 25 28 1100
27 wait 27 28 1300
27 irecv 31 2100 200 0
27 irecv 23 2300 200 0
27 send 31 2300 80 0
27 send 23 2100 80 0
27 wait 32 28 2100
27 wait 24 28 2300
27 irecv 43 3100 200 0
27 irecv 11 3300 200 0
27 send 43 3300 100 0
27 send 11 3100 100 0
27 wait 44 28 3100
27 wait 12 28 3300
27 irecv 24 1100 200 0
27 irecv 26 1300 200 0
27 send 24 1300 64 0
27 send 26 1100 64 0
27 wait 25 28 1100
27 wait 27 28 1300
27 irecv 31 2100 200 0
27 irecv 23 2300 200 0
27 send 31 2300 80 0
27 send 23 2100 80 0
27 wait 32 28 2100
27 wait 24 28 2300
27 irecv 43 3100 200 0
27 irecv 11 3300 200 0
27 send 43 3300 100 0
27 send 11 3100 100 0
27 wait 44 28 3100
27 wait 12 28 3300
27 barrier
27 allreduce 1 0 0 
27 allreduce 4 0 1 
27 allreduce 1 0 0 
27 allreduce 4 0 1 
27 allreduce 1 0 0 
27 allreduce 4 0 1 
27 allreduce 1 0 0 
27 allreduce 4 0 1 
27 allreduce 1 0 0 
27 allreduce 4 0 1 
27 allreduce 1 0 0 
27 allreduce 4 0 1 
27 allreduce 1 0 0 
27 allreduce 4 0 1 
27 allreduce 1 0 0 
27 allreduce 4 0 1 
27 allreduce 1 0 0 
27 allreduce 4 0 1 
27 allreduce 1 0 0 
27 allreduce 4 0 1 
27 allreduce 1 0 0 
27 allreduce 4 0 1 
27 allreduce 1 0 0 
27 allreduce 4 0 1 
27 allreduce 1 0 0 
27 allreduce 4 0 1 
27 allreduce 1 0 0 
27 allreduce 4 0 1 
27 allreduce 1 0 0 
27 allreduce 4 0 1 
27 allreduce 1 0 0 
27 allreduce 4 0 1 
27 allreduce 1 0 0 
27 allreduce 4 0 1 
27 allreduce 1 0 0 
27 allreduce 4 0 1 
27 allreduce 1 0 0 
27 allreduce 4 0 1 
27 allreduce 1 0 0 
27 allreduce 4 0 1 
27 barrier
27 irecv 24 1100 200 0
27 irecv 26 1300 200 0
27 send 24 1300 64 0
27 send 26 1100 64 0
27 wait 25 28 1100
27 wait 27 28 1300
27 irecv 31 2100 200 0
27 irecv 23 2300 200 0
27 send 31 2300 80 0
27 send 23 2100 80 0
27 wait 32 28 2100
27 wait 24 28 2300
27 irecv 43 3100 200 0
27 irecv 11 3300 200 0
27 send 43 3300 100 0
27 send 11 3100 100 0
27 wait 44 28 3100
27 wait 12 28 3300
27 barrier
27 irecv 24 1100 200 0
27 irecv 26 1300 200 0
27 send 24 1300 64 0
27 send 26 1100 64 0
27 wait 25 28 1100
27 wait 27 28 1300
27 irecv 31 2100 200 0
27 irecv 23 2300 200 0
27 send 31 2300 80 0
27 send 23 2100 80 0
27 wait 32 28 2100
27 wait 24 28 2300
27 irecv 43 3100 200 0
27 irecv 11 3300 200 0
27 send 43 3300 100 0
27 send 11 3100 100 0
27 wait 44 28 3100
27 wait 12 28 3300
27 allreduce 1 0 0 
27 allreduce 1 0 0 
27 irecv 24 1100 200 0
27 irecv 26 1300 200 0
27 send 24 1300 16 0
27 send 26 1100 16 0
27 wait 25 28 1100
27 wait 27 28 1300
27 irecv 31 2100 200 0
27 irecv 23 2300 200 0
27 send 31 2300 24 0
27 send 23 2100 24 0
27 wait 32 28 2100
27 wait 24 28 2300
27 irecv 43 3100 200 0
27 irecv 11 3300 200 0
27 send 43 3300 36 0
27 send 11 3100 36 0
27 wait 44 28 3100
27 wait 12 28 3300
27 irecv 24 1100 200 0
27 irecv 26 1300 200 0
27 send 24 1300 4 0
27 send 26 1100 4 0
27 wait 25 28 1100
27 wait 27 28 1300
27 irecv 31 2100 200 0
27 irecv 23 2300 200 0
27 send 31 2300 8 0
27 send 23 2100 8 0
27 wait 32 28 2100
27 wait 24 28 2300
27 irecv 43 3100 200 0
27 irecv 11 3300 200 0
27 send 43 3300 16 0
27 send 11 3100 16 0
27 wait 44 28 3100
27 wait 12 28 3300
27 irecv 24 1100 200 0
27 irecv 26 1300 200 0
27 send 24 1300 1 0
27 send 26 1100 1 0
27 wait 25 28 1100
27 wait 27 28 1300
27 irecv 31 2100 200 0
27 irecv 23 2300 200 0
27 send 31 2300 3 0
27 send 23 2100 3 0
27 wait 32 28 2100
27 wait 24 28 2300
27 irecv 43 3100 200 0
27 irecv 11 3300 200 0
27 send 43 3300 9 0
27 send 11 3100 9 0
27 wait 44 28 3100
27 wait 12 28 3300
27 send 24 1300 18 0
27 send 26 1100 9 0
27 irecv 31 2100 200 0
27 irecv 23 2300 200 0
27 wait 32 28 2100
27 wait 24 28 2300
27 send 43 3300 18 0
27 send 11 3100 9 0
27 irecv 24 1100 200 0
27 irecv 26 1300 200 0
27 send 24 1300 1 0
27 send 26 1100 1 0
27 wait 25 28 1100
27 wait 27 28 1300
27 irecv 31 2100 200 0
27 irecv 23 2300 200 0
27 send 31 2300 3 0
27 send 23 2100 3 0
27 wait 32 28 2100
27 wait 24 28 2300
27 irecv 43 3100 200 0
27 irecv 11 3300 200 0
27 send 43 3300 9 0
27 send 11 3100 9 0
27 wait 44 28 3100
27 wait 12 28 3300
27 irecv 24 1100 200 0
27 irecv 26 1300 200 0
27 send 24 1300 1 0
27 send 26 1100 1 0
27 wait 25 28 1100
27 wait 27 28 1300
27 irecv 31 2100 200 0
27 irecv 23 2300 200 0
27 send 31 2300 3 0
27 send 23 2100 3 0
27 wait 32 28 2100
27 wait 24 28 2300
27 irecv 43 3100 200 0
27 irecv 11 3300 200 0
27 send 43 3300 9 0
27 send 11 3100 9 0
27 wait 44 28 3100
27 wait 12 28 3300
27 irecv 24 1100 200 0
27 irecv 26 1300 200 0
27 send 24 1300 4 0
27 send 26 1100 4 0
27 wait 25 28 1100
27 wait 27 28 1300
27 irecv 31 2100 200 0
27 irecv 23 2300 200 0
27 send 31 2300 8 0
27 send 23 2100 8 0
27 wait 32 28 2100
27 wait 24 28 2300
27 irecv 43 3100 200 0
27 irecv 11 3300 200 0
27 send 43 3300 16 0
27 send 11 3100 16 0
27 wait 44 28 3100
27 wait 12 28 3300
27 irecv 24 1100 200 0
27 irecv 26 1300 200 0
27 send 24 1300 4 0
27 send 26 1100 4 0
27 wait 25 28 1100
27 wait 27 28 1300
27 irecv 31 2100 200 0
27 irecv 23 2300 200 0
27 send 31 2300 8 0
27 send 23 2100 8 0
27 wait 32 28 2100
27 wait 24 28 2300
27 irecv 43 3100 200 0
27 irecv 11 3300 200 0
27 send 43 3300 16 0
27 send 11 3100 16 0
27 wait 44 28 3100
27 wait 12 28 3300
27 irecv 24 1100 200 0
27 irecv 26 1300 200 0
27 send 24 1300 16 0
27 send 26 1100 16 0
27 wait 25 28 1100
27 wait 27 28 1300
27 irecv 31 2100 200 0
27 irecv 23 2300 200 0
27 send 31 2300 24 0
27 send 23 2100 24 0
27 wait 32 28 2100
27 wait 24 28 2300
27 irecv 43 3100 200 0
27 irecv 11 3300 200 0
27 send 43 3300 36 0
27 send 11 3100 36 0
27 wait 44 28 3100
27 wait 12 28 3300
27 irecv 24 1100 200 0
27 irecv 26 1300 200 0
27 send 24 1300 16 0
27 send 26 1100 16 0
27 wait 25 28 1100
27 wait 27 28 1300
27 irecv 31 2100 200 0
27 irecv 23 2300 200 0
27 send 31 2300 24 0
27 send 23 2100 24 0
27 wait 32 28 2100
27 wait 24 28 2300
27 irecv 43 3100 200 0
27 irecv 11 3300 200 0
27 send 43 3300 36 0
27 send 11 3100 36 0
27 wait 44 28 3100
27 wait 12 28 3300
27 irecv 24 1100 200 0
27 irecv 26 1300 200 0
27 send 24 1300 64 0
27 send 26 1100 64 0
27 wait 25 28 1100
27 wait 27 28 1300
27 irecv 31 2100 200 0
27 irecv 23 2300 200 0
27 send 31 2300 80 0
27 send 23 2100 80 0
27 wait 32 28 2100
27 wait 24 28 2300
27 irecv 43 3100 200 0
27 irecv 11 3300 200 0
27 send 43 3300 100 0
27 send 11 3100 100 0
27 wait 44 28 3100
27 wait 12 28 3300
27 irecv 24 1100 200 0
27 irecv 26 1300 200 0
27 send 24 1300 64 0
27 send 26 1100 64 0
27 wait 25 28 1100
27 wait 27 28 1300
27 irecv 31 2100 200 0
27 irecv 23 2300 200 0
27 send 31 2300 80 0
27 send 23 2100 80 0
27 wait 32 28 2100
27 wait 24 28 2300
27 irecv 43 3100 200 0
27 irecv 11 3300 200 0
27 send 43 3300 100 0
27 send 11 3100 100 0
27 wait 44 28 3100
27 wait 12 28 3300
27 irecv 24 1100 200 0
27 irecv 26 1300 200 0
27 send 24 1300 64 0
27 send 26 1100 64 0
27 wait 25 28 1100
27 wait 27 28 1300
27 irecv 31 2100 200 0
27 irecv 23 2300 200 0
27 send 31 2300 80 0
27 send 23 2100 80 0
27 wait 32 28 2100
27 wait 24 28 2300
27 irecv 43 3100 200 0
27 irecv 11 3300 200 0
27 send 43 3300 100 0
27 send 11 3100 100 0
27 wait 44 28 3100
27 wait 12 28 3300
27 irecv 24 1100 200 0
27 irecv 26 1300 200 0
27 send 24 1300 16 0
27 send 26 1100 16 0
27 wait 25 28 1100
27 wait 27 28 1300
27 irecv 31 2100 200 0
27 irecv 23 2300 200 0
27 send 31 2300 24 0
27 send 23 2100 24 0
27 wait 32 28 2100
27 wait 24 28 2300
27 irecv 43 3100 200 0
27 irecv 11 3300 200 0
27 send 43 3300 36 0
27 send 11 3100 36 0
27 wait 44 28 3100
27 wait 12 28 3300
27 irecv 24 1100 200 0
27 irecv 26 1300 200 0
27 send 24 1300 4 0
27 send 26 1100 4 0
27 wait 25 28 1100
27 wait 27 28 1300
27 irecv 31 2100 200 0
27 irecv 23 2300 200 0
27 send 31 2300 8 0
27 send 23 2100 8 0
27 wait 32 28 2100
27 wait 24 28 2300
27 irecv 43 3100 200 0
27 irecv 11 3300 200 0
27 send 43 3300 16 0
27 send 11 3100 16 0
27 wait 44 28 3100
27 wait 12 28 3300
27 irecv 24 1100 200 0
27 irecv 26 1300 200 0
27 send 24 1300 1 0
27 send 26 1100 1 0
27 wait 25 28 1100
27 wait 27 28 1300
27 irecv 31 2100 200 0
27 irecv 23 2300 200 0
27 send 31 2300 3 0
27 send 23 2100 3 0
27 wait 32 28 2100
27 wait 24 28 2300
27 irecv 43 3100 200 0
27 irecv 11 3300 200 0
27 send 43 3300 9 0
27 send 11 3100 9 0
27 wait 44 28 3100
27 wait 12 28 3300
27 send 24 1300 18 0
27 send 26 1100 9 0
27 irecv 31 2100 200 0
27 irecv 23 2300 200 0
27 wait 32 28 2100
27 wait 24 28 2300
27 send 43 3300 18 0
27 send 11 3100 9 0
27 irecv 24 1100 200 0
27 irecv 26 1300 200 0
27 send 24 1300 1 0
27 send 26 1100 1 0
27 wait 25 28 1100
27 wait 27 28 1300
27 irecv 31 2100 200 0
27 irecv 23 2300 200 0
27 send 31 2300 3 0
27 send 23 2100 3 0
27 wait 32 28 2100
27 wait 24 28 2300
27 irecv 43 3100 200 0
27 irecv 11 3300 200 0
27 send 43 3300 9 0
27 send 11 3100 9 0
27 wait 44 28 3100
27 wait 12 28 3300
27 irecv 24 1100 200 0
27 irecv 26 1300 200 0
27 send 24 1300 1 0
27 send 26 1100 1 0
27 wait 25 28 1100
27 wait 27 28 1300
27 irecv 31 2100 200 0
27 irecv 23 2300 200 0
27 send 31 2300 3 0
27 send 23 2100 3 0
27 wait 32 28 2100
27 wait 24 28 2300
27 irecv 43 3100 200 0
27 irecv 11 3300 200 0
27 send 43 3300 9 0
27 send 11 3100 9 0
27 wait 44 28 3100
27 wait 12 28 3300
27 irecv 24 1100 200 0
27 irecv 26 1300 200 0
27 send 24 1300 4 0
27 send 26 1100 4 0
27 wait 25 28 1100
27 wait 27 28 1300
27 irecv 31 2100 200 0
27 irecv 23 2300 200 0
27 send 31 2300 8 0
27 send 23 2100 8 0
27 wait 32 28 2100
27 wait 24 28 2300
27 irecv 43 3100 200 0
27 irecv 11 3300 200 0
27 send 43 3300 16 0
27 send 11 3100 16 0
27 wait 44 28 3100
27 wait 12 28 3300
27 irecv 24 1100 200 0
27 irecv 26 1300 200 0
27 send 24 1300 4 0
27 send 26 1100 4 0
27 wait 25 28 1100
27 wait 27 28 1300
27 irecv 31 2100 200 0
27 irecv 23 2300 200 0
27 send 31 2300 8 0
27 send 23 2100 8 0
27 wait 32 28 2100
27 wait 24 28 2300
27 irecv 43 3100 200 0
27 irecv 11 3300 200 0
27 send 43 3300 16 0
27 send 11 3100 16 0
27 wait 44 28 3100
27 wait 12 28 3300
27 irecv 24 1100 200 0
27 irecv 26 1300 200 0
27 send 24 1300 16 0
27 send 26 1100 16 0
27 wait 25 28 1100
27 wait 27 28 1300
27 irecv 31 2100 200 0
27 irecv 23 2300 200 0
27 send 31 2300 24 0
27 send 23 2100 24 0
27 wait 32 28 2100
27 wait 24 28 2300
27 irecv 43 3100 200 0
27 irecv 11 3300 200 0
27 send 43 3300 36 0
27 send 11 3100 36 0
27 wait 44 28 3100
27 wait 12 28 3300
27 irecv 24 1100 200 0
27 irecv 26 1300 200 0
27 send 24 1300 16 0
27 send 26 1100 16 0
27 wait 25 28 1100
27 wait 27 28 1300
27 irecv 31 2100 200 0
27 irecv 23 2300 200 0
27 send 31 2300 24 0
27 send 23 2100 24 0
27 wait 32 28 2100
27 wait 24 28 2300
27 irecv 43 3100 200 0
27 irecv 11 3300 200 0
27 send 43 3300 36 0
27 send 11 3100 36 0
27 wait 44 28 3100
27 wait 12 28 3300
27 irecv 24 1100 200 0
27 irecv 26 1300 200 0
27 send 24 1300 64 0
27 send 26 1100 64 0
27 wait 25 28 1100
27 wait 27 28 1300
27 irecv 31 2100 200 0
27 irecv 23 2300 200 0
27 send 31 2300 80 0
27 send 23 2100 80 0
27 wait 32 28 2100
27 wait 24 28 2300
27 irecv 43 3100 200 0
27 irecv 11 3300 200 0
27 send 43 3300 100 0
27 send 11 3100 100 0
27 wait 44 28 3100
27 wait 12 28 3300
27 irecv 24 1100 200 0
27 irecv 26 1300 200 0
27 send 24 1300 64 0
27 send 26 1100 64 0
27 wait 25 28 1100
27 wait 27 28 1300
27 irecv 31 2100 200 0
27 irecv 23 2300 200 0
27 send 31 2300 80 0
27 send 23 2100 80 0
27 wait 32 28 2100
27 wait 24 28 2300
27 irecv 43 3100 200 0
27 irecv 11 3300 200 0
27 send 43 3300 100 0
27 send 11 3100 100 0
27 wait 44 28 3100
27 wait 12 28 3300
27 irecv 24 1100 200 0
27 irecv 26 1300 200 0
27 send 24 1300 64 0
27 send 26 1100 64 0
27 wait 25 28 1100
27 wait 27 28 1300
27 irecv 31 2100 200 0
27 irecv 23 2300 200 0
27 send 31 2300 80 0
27 send 23 2100 80 0
27 wait 32 28 2100
27 wait 24 28 2300
27 irecv 43 3100 200 0
27 irecv 11 3300 200 0
27 send 43 3300 100 0
27 send 11 3100 100 0
27 wait 44 28 3100
27 wait 12 28 3300
27 irecv 24 1100 200 0
27 irecv 26 1300 200 0
27 send 24 1300 16 0
27 send 26 1100 16 0
27 wait 25 28 1100
27 wait 27 28 1300
27 irecv 31 2100 200 0
27 irecv 23 2300 200 0
27 send 31 2300 24 0
27 send 23 2100 24 0
27 wait 32 28 2100
27 wait 24 28 2300
27 irecv 43 3100 200 0
27 irecv 11 3300 200 0
27 send 43 3300 36 0
27 send 11 3100 36 0
27 wait 44 28 3100
27 wait 12 28 3300
27 irecv 24 1100 200 0
27 irecv 26 1300 200 0
27 send 24 1300 4 0
27 send 26 1100 4 0
27 wait 25 28 1100
27 wait 27 28 1300
27 irecv 31 2100 200 0
27 irecv 23 2300 200 0
27 send 31 2300 8 0
27 send 23 2100 8 0
27 wait 32 28 2100
27 wait 24 28 2300
27 irecv 43 3100 200 0
27 irecv 11 3300 200 0
27 send 43 3300 16 0
27 send 11 3100 16 0
27 wait 44 28 3100
27 wait 12 28 3300
27 irecv 24 1100 200 0
27 irecv 26 1300 200 0
27 send 24 1300 1 0
27 send 26 1100 1 0
27 wait 25 28 1100
27 wait 27 28 1300
27 irecv 31 2100 200 0
27 irecv 23 2300 200 0
27 send 31 2300 3 0
27 send 23 2100 3 0
27 wait 32 28 2100
27 wait 24 28 2300
27 irecv 43 3100 200 0
27 irecv 11 3300 200 0
27 send 43 3300 9 0
27 send 11 3100 9 0
27 wait 44 28 3100
27 wait 12 28 3300
27 send 24 1300 18 0
27 send 26 1100 9 0
27 irecv 31 2100 200 0
27 irecv 23 2300 200 0
27 wait 32 28 2100
27 wait 24 28 2300
27 send 43 3300 18 0
27 send 11 3100 9 0
27 irecv 24 1100 200 0
27 irecv 26 1300 200 0
27 send 24 1300 1 0
27 send 26 1100 1 0
27 wait 25 28 1100
27 wait 27 28 1300
27 irecv 31 2100 200 0
27 irecv 23 2300 200 0
27 send 31 2300 3 0
27 send 23 2100 3 0
27 wait 32 28 2100
27 wait 24 28 2300
27 irecv 43 3100 200 0
27 irecv 11 3300 200 0
27 send 43 3300 9 0
27 send 11 3100 9 0
27 wait 44 28 3100
27 wait 12 28 3300
27 irecv 24 1100 200 0
27 irecv 26 1300 200 0
27 send 24 1300 1 0
27 send 26 1100 1 0
27 wait 25 28 1100
27 wait 27 28 1300
27 irecv 31 2100 200 0
27 irecv 23 2300 200 0
27 send 31 2300 3 0
27 send 23 2100 3 0
27 wait 32 28 2100
27 wait 24 28 2300
27 irecv 43 3100 200 0
27 irecv 11 3300 200 0
27 send 43 3300 9 0
27 send 11 3100 9 0
27 wait 44 28 3100
27 wait 12 28 3300
27 irecv 24 1100 200 0
27 irecv 26 1300 200 0
27 send 24 1300 4 0
27 send 26 1100 4 0
27 wait 25 28 1100
27 wait 27 28 1300
27 irecv 31 2100 200 0
27 irecv 23 2300 200 0
27 send 31 2300 8 0
27 send 23 2100 8 0
27 wait 32 28 2100
27 wait 24 28 2300
27 irecv 43 3100 200 0
27 irecv 11 3300 200 0
27 send 43 3300 16 0
27 send 11 3100 16 0
27 wait 44 28 3100
27 wait 12 28 3300
27 irecv 24 1100 200 0
27 irecv 26 1300 200 0
27 send 24 1300 4 0
27 send 26 1100 4 0
27 wait 25 28 1100
27 wait 27 28 1300
27 irecv 31 2100 200 0
27 irecv 23 2300 200 0
27 send 31 2300 8 0
27 send 23 2100 8 0
27 wait 32 28 2100
27 wait 24 28 2300
27 irecv 43 3100 200 0
27 irecv 11 3300 200 0
27 send 43 3300 16 0
27 send 11 3100 16 0
27 wait 44 28 3100
27 wait 12 28 3300
27 irecv 24 1100 200 0
27 irecv 26 1300 200 0
27 send 24 1300 16 0
27 send 26 1100 16 0
27 wait 25 28 1100
27 wait 27 28 1300
27 irecv 31 2100 200 0
27 irecv 23 2300 200 0
27 send 31 2300 24 0
27 send 23 2100 24 0
27 wait 32 28 2100
27 wait 24 28 2300
27 irecv 43 3100 200 0
27 irecv 11 3300 200 0
27 send 43 3300 36 0
27 send 11 3100 36 0
27 wait 44 28 3100
27 wait 12 28 3300
27 irecv 24 1100 200 0
27 irecv 26 1300 200 0
27 send 24 1300 16 0
27 send 26 1100 16 0
27 wait 25 28 1100
27 wait 27 28 1300
27 irecv 31 2100 200 0
27 irecv 23 2300 200 0
27 send 31 2300 24 0
27 send 23 2100 24 0
27 wait 32 28 2100
27 wait 24 28 2300
27 irecv 43 3100 200 0
27 irecv 11 3300 200 0
27 send 43 3300 36 0
27 send 11 3100 36 0
27 wait 44 28 3100
27 wait 12 28 3300
27 irecv 24 1100 200 0
27 irecv 26 1300 200 0
27 send 24 1300 64 0
27 send 26 1100 64 0
27 wait 25 28 1100
27 wait 27 28 1300
27 irecv 31 2100 200 0
27 irecv 23 2300 200 0
27 send 31 2300 80 0
27 send 23 2100 80 0
27 wait 32 28 2100
27 wait 24 28 2300
27 irecv 43 3100 200 0
27 irecv 11 3300 200 0
27 send 43 3300 100 0
27 send 11 3100 100 0
27 wait 44 28 3100
27 wait 12 28 3300
27 irecv 24 1100 200 0
27 irecv 26 1300 200 0
27 send 24 1300 64 0
27 send 26 1100 64 0
27 wait 25 28 1100
27 wait 27 28 1300
27 irecv 31 2100 200 0
27 irecv 23 2300 200 0
27 send 31 2300 80 0
27 send 23 2100 80 0
27 wait 32 28 2100
27 wait 24 28 2300
27 irecv 43 3100 200 0
27 irecv 11 3300 200 0
27 send 43 3300 100 0
27 send 11 3100 100 0
27 wait 44 28 3100
27 wait 12 28 3300
27 irecv 24 1100 200 0
27 irecv 26 1300 200 0
27 send 24 1300 64 0
27 send 26 1100 64 0
27 wait 25 28 1100
27 wait 27 28 1300
27 irecv 31 2100 200 0
27 irecv 23 2300 200 0
27 send 31 2300 80 0
27 send 23 2100 80 0
27 wait 32 28 2100
27 wait 24 28 2300
27 irecv 43 3100 200 0
27 irecv 11 3300 200 0
27 send 43 3300 100 0
27 send 11 3100 100 0
27 wait 44 28 3100
27 wait 12 28 3300
27 irecv 24 1100 200 0
27 irecv 26 1300 200 0
27 send 24 1300 16 0
27 send 26 1100 16 0
27 wait 25 28 1100
27 wait 27 28 1300
27 irecv 31 2100 200 0
27 irecv 23 2300 200 0
27 send 31 2300 24 0
27 send 23 2100 24 0
27 wait 32 28 2100
27 wait 24 28 2300
27 irecv 43 3100 200 0
27 irecv 11 3300 200 0
27 send 43 3300 36 0
27 send 11 3100 36 0
27 wait 44 28 3100
27 wait 12 28 3300
27 irecv 24 1100 200 0
27 irecv 26 1300 200 0
27 send 24 1300 4 0
27 send 26 1100 4 0
27 wait 25 28 1100
27 wait 27 28 1300
27 irecv 31 2100 200 0
27 irecv 23 2300 200 0
27 send 31 2300 8 0
27 send 23 2100 8 0
27 wait 32 28 2100
27 wait 24 28 2300
27 irecv 43 3100 200 0
27 irecv 11 3300 200 0
27 send 43 3300 16 0
27 send 11 3100 16 0
27 wait 44 28 3100
27 wait 12 28 3300
27 irecv 24 1100 200 0
27 irecv 26 1300 200 0
27 send 24 1300 1 0
27 send 26 1100 1 0
27 wait 25 28 1100
27 wait 27 28 1300
27 irecv 31 2100 200 0
27 irecv 23 2300 200 0
27 send 31 2300 3 0
27 send 23 2100 3 0
27 wait 32 28 2100
27 wait 24 28 2300
27 irecv 43 3100 200 0
27 irecv 11 3300 200 0
27 send 43 3300 9 0
27 send 11 3100 9 0
27 wait 44 28 3100
27 wait 12 28 3300
27 send 24 1300 18 0
27 send 26 1100 9 0
27 irecv 31 2100 200 0
27 irecv 23 2300 200 0
27 wait 32 28 2100
27 wait 24 28 2300
27 send 43 3300 18 0
27 send 11 3100 9 0
27 irecv 24 1100 200 0
27 irecv 26 1300 200 0
27 send 24 1300 1 0
27 send 26 1100 1 0
27 wait 25 28 1100
27 wait 27 28 1300
27 irecv 31 2100 200 0
27 irecv 23 2300 200 0
27 send 31 2300 3 0
27 send 23 2100 3 0
27 wait 32 28 2100
27 wait 24 28 2300
27 irecv 43 3100 200 0
27 irecv 11 3300 200 0
27 send 43 3300 9 0
27 send 11 3100 9 0
27 wait 44 28 3100
27 wait 12 28 3300
27 irecv 24 1100 200 0
27 irecv 26 1300 200 0
27 send 24 1300 1 0
27 send 26 1100 1 0
27 wait 25 28 1100
27 wait 27 28 1300
27 irecv 31 2100 200 0
27 irecv 23 2300 200 0
27 send 31 2300 3 0
27 send 23 2100 3 0
27 wait 32 28 2100
27 wait 24 28 2300
27 irecv 43 3100 200 0
27 irecv 11 3300 200 0
27 send 43 3300 9 0
27 send 11 3100 9 0
27 wait 44 28 3100
27 wait 12 28 3300
27 irecv 24 1100 200 0
27 irecv 26 1300 200 0
27 send 24 1300 4 0
27 send 26 1100 4 0
27 wait 25 28 1100
27 wait 27 28 1300
27 irecv 31 2100 200 0
27 irecv 23 2300 200 0
27 send 31 2300 8 0
27 send 23 2100 8 0
27 wait 32 28 2100
27 wait 24 28 2300
27 irecv 43 3100 200 0
27 irecv 11 3300 200 0
27 send 43 3300 16 0
27 send 11 3100 16 0
27 wait 44 28 3100
27 wait 12 28 3300
27 irecv 24 1100 200 0
27 irecv 26 1300 200 0
27 send 24 1300 4 0
27 send 26 1100 4 0
27 wait 25 28 1100
27 wait 27 28 1300
27 irecv 31 2100 200 0
27 irecv 23 2300 200 0
27 send 31 2300 8 0
27 send 23 2100 8 0
27 wait 32 28 2100
27 wait 24 28 2300
27 irecv 43 3100 200 0
27 irecv 11 3300 200 0
27 send 43 3300 16 0
27 send 11 3100 16 0
27 wait 44 28 3100
27 wait 12 28 3300
27 irecv 24 1100 200 0
27 irecv 26 1300 200 0
27 send 24 1300 16 0
27 send 26 1100 16 0
27 wait 25 28 1100
27 wait 27 28 1300
27 irecv 31 2100 200 0
27 irecv 23 2300 200 0
27 send 31 2300 24 0
27 send 23 2100 24 0
27 wait 32 28 2100
27 wait 24 28 2300
27 irecv 43 3100 200 0
27 irecv 11 3300 200 0
27 send 43 3300 36 0
27 send 11 3100 36 0
27 wait 44 28 3100
27 wait 12 28 3300
27 irecv 24 1100 200 0
27 irecv 26 1300 200 0
27 send 24 1300 16 0
27 send 26 1100 16 0
27 wait 25 28 1100
27 wait 27 28 1300
27 irecv 31 2100 200 0
27 irecv 23 2300 200 0
27 send 31 2300 24 0
27 send 23 2100 24 0
27 wait 32 28 2100
27 wait 24 28 2300
27 irecv 43 3100 200 0
27 irecv 11 3300 200 0
27 send 43 3300 36 0
27 send 11 3100 36 0
27 wait 44 28 3100
27 wait 12 28 3300
27 irecv 24 1100 200 0
27 irecv 26 1300 200 0
27 send 24 1300 64 0
27 send 26 1100 64 0
27 wait 25 28 1100
27 wait 27 28 1300
27 irecv 31 2100 200 0
27 irecv 23 2300 200 0
27 send 31 2300 80 0
27 send 23 2100 80 0
27 wait 32 28 2100
27 wait 24 28 2300
27 irecv 43 3100 200 0
27 irecv 11 3300 200 0
27 send 43 3300 100 0
27 send 11 3100 100 0
27 wait 44 28 3100
27 wait 12 28 3300
27 irecv 24 1100 200 0
27 irecv 26 1300 200 0
27 send 24 1300 64 0
27 send 26 1100 64 0
27 wait 25 28 1100
27 wait 27 28 1300
27 irecv 31 2100 200 0
27 irecv 23 2300 200 0
27 send 31 2300 80 0
27 send 23 2100 80 0
27 wait 32 28 2100
27 wait 24 28 2300
27 irecv 43 3100 200 0
27 irecv 11 3300 200 0
27 send 43 3300 100 0
27 send 11 3100 100 0
27 wait 44 28 3100
27 wait 12 28 3300
27 irecv 24 1100 200 0
27 irecv 26 1300 200 0
27 send 24 1300 64 0
27 send 26 1100 64 0
27 wait 25 28 1100
27 wait 27 28 1300
27 irecv 31 2100 200 0
27 irecv 23 2300 200 0
27 send 31 2300 80 0
27 send 23 2100 80 0
27 wait 32 28 2100
27 wait 24 28 2300
27 irecv 43 3100 200 0
27 irecv 11 3300 200 0
27 send 43 3300 100 0
27 send 11 3100 100 0
27 wait 44 28 3100
27 wait 12 28 3300
27 allreduce 1 0 0 
27 allreduce 1 0 0 
27 reduce 1 0 0 0 
27 finalize
