38 init
38 barrier
38 bcast 1 0 1 
38 bcast 1 0 1 
38 bcast 1 0 1 
38 bcast 1 0 1 
38 bcast 1 0 1 
38 bcast 8 0 1 
38 bcast 1 0 16 
38 barrier
38 allreduce 1 0 0 
38 allreduce 4 0 1 
38 allreduce 1 0 0 
38 allreduce 4 0 1 
38 allreduce 1 0 0 
38 allreduce 4 0 1 
38 allreduce 1 0 0 
38 allreduce 4 0 1 
38 allreduce 1 0 0 
38 allreduce 4 0 1 
38 allreduce 1 0 0 
38 allreduce 4 0 1 
38 allreduce 1 0 0 
38 allreduce 4 0 1 
38 allreduce 1 0 0 
38 allreduce 4 0 1 
38 allreduce 1 0 0 
38 allreduce 4 0 1 
38 allreduce 1 0 0 
38 allreduce 4 0 1 
38 allreduce 1 0 0 
38 allreduce 4 0 1 
38 allreduce 1 0 0 
38 allreduce 4 0 1 
38 allreduce 1 0 0 
38 allreduce 4 0 1 
38 allreduce 1 0 0 
38 allreduce 4 0 1 
38 allreduce 1 0 0 
38 allreduce 4 0 1 
38 allreduce 1 0 0 
38 allreduce 4 0 1 
38 allreduce 1 0 0 
38 allreduce 4 0 1 
38 allreduce 1 0 0 
38 allreduce 4 0 1 
38 allreduce 1 0 0 
38 allreduce 4 0 1 
38 allreduce 1 0 0 
38 allreduce 4 0 1 
38 barrier
38 irecv 39 1100 200 0
38 irecv 37 1300 200 0
38 send 39 1300 64 0
38 send 37 1100 64 0
38 wait 40 39 1100
38 wait 38 39 1300
38 irecv 42 2100 200 0
38 irecv 34 2300 200 0
38 send 42 2300 80 0
38 send 34 2100 80 0
38 wait 43 39 2100
38 wait 35 39 2300
38 irecv 54 3100 200 0
38 irecv 22 3300 200 0
38 send 54 3300 100 0
38 send 22 3100 100 0
38 wait 55 39 3100
38 wait 23 39 3300
38 allreduce 1 0 0 
38 allreduce 1 0 0 
38 irecv 39 1100 200 0
38 irecv 37 1300 200 0
38 send 39 1300 64 0
38 send 37 1100 64 0
38 wait 40 39 1100
38 wait 38 39 1300
38 irecv 42 2100 200 0
38 irecv 34 2300 200 0
38 send 42 2300 80 0
38 send 34 2100 80 0
38 wait 43 39 2100
38 wait 35 39 2300
38 irecv 54 3100 200 0
38 irecv 22 3300 200 0
38 send 54 3300 100 0
38 send 22 3100 100 0
38 wait 55 39 3100
38 wait 23 39 3300
38 allreduce 1 0 0 
38 allreduce 1 0 0 
38 irecv 39 1100 200 0
38 irecv 37 1300 200 0
38 send 39 1300 16 0
38 send 37 1100 16 0
38 wait 40 39 1100
38 wait 38 39 1300
38 irecv 42 2100 200 0
38 irecv 34 2300 200 0
38 send 42 2300 24 0
38 send 34 2100 24 0
38 wait 43 39 2100
38 wait 35 39 2300
38 irecv 54 3100 200 0
38 irecv 22 3300 200 0
38 send 54 3300 36 0
38 send 22 3100 36 0
38 wait 55 39 3100
38 wait 23 39 3300
38 irecv 39 1100 200 0
38 irecv 37 1300 200 0
38 send 39 1300 4 0
38 send 37 1100 4 0
38 wait 40 39 1100
38 wait 38 39 1300
38 irecv 42 2100 200 0
38 irecv 34 2300 200 0
38 send 42 2300 8 0
38 send 34 2100 8 0
38 wait 43 39 2100
38 wait 35 39 2300
38 irecv 54 3100 200 0
38 irecv 22 3300 200 0
38 send 54 3300 16 0
38 send 22 3100 16 0
38 wait 55 39 3100
38 wait 23 39 3300
38 irecv 39 1100 200 0
38 irecv 37 1300 200 0
38 send 39 1300 1 0
38 send 37 1100 1 0
38 wait 40 39 1100
38 wait 38 39 1300
38 irecv 42 2100 200 0
38 irecv 34 2300 200 0
38 send 42 2300 3 0
38 send 34 2100 3 0
38 wait 43 39 2100
38 wait 35 39 2300
38 irecv 54 3100 200 0
38 irecv 22 3300 200 0
38 send 54 3300 9 0
38 send 22 3100 9 0
38 wait 55 39 3100
38 wait 23 39 3300
38 irecv 39 1100 200 0
38 irecv 37 1300 200 0
38 wait 40 39 1100
38 wait 38 39 1300
38 send 42 2300 18 0
38 send 34 2100 9 0
38 irecv 54 3100 200 0
38 irecv 22 3300 200 0
38 wait 55 39 3100
38 wait 23 39 3300
38 irecv 39 1100 200 0
38 irecv 37 1300 200 0
38 send 39 1300 1 0
38 send 37 1100 1 0
38 wait 40 39 1100
38 wait 38 39 1300
38 irecv 42 2100 200 0
38 irecv 34 2300 200 0
38 send 42 2300 3 0
38 send 34 2100 3 0
38 wait 43 39 2100
38 wait 35 39 2300
38 irecv 54 3100 200 0
38 irecv 22 3300 200 0
38 send 54 3300 9 0
38 send 22 3100 9 0
38 wait 55 39 3100
38 wait 23 39 3300
38 irecv 39 1100 200 0
38 irecv 37 1300 200 0
38 send 39 1300 1 0
38 send 37 1100 1 0
38 wait 40 39 1100
38 wait 38 39 1300
38 irecv 42 2100 200 0
38 irecv 34 2300 200 0
38 send 42 2300 3 0
38 send 34 2100 3 0
38 wait 43 39 2100
38 wait 35 39 2300
38 irecv 54 3100 200 0
38 irecv 22 3300 200 0
38 send 54 3300 9 0
38 send 22 3100 9 0
38 wait 55 39 3100
38 wait 23 39 3300
38 irecv 39 1100 200 0
38 irecv 37 1300 200 0
38 send 39 1300 4 0
38 send 37 1100 4 0
38 wait 40 39 1100
38 wait 38 39 1300
38 irecv 42 2100 200 0
38 irecv 34 2300 200 0
38 send 42 2300 8 0
38 send 34 2100 8 0
38 wait 43 39 2100
38 wait 35 39 2300
38 irecv 54 3100 200 0
38 irecv 22 3300 200 0
38 send 54 3300 16 0
38 send 22 3100 16 0
38 wait 55 39 3100
38 wait 23 39 3300
38 irecv 39 1100 200 0
38 irecv 37 1300 200 0
38 send 39 1300 4 0
38 send 37 1100 4 0
38 wait 40 39 1100
38 wait 38 39 1300
38 irecv 42 2100 200 0
38 irecv 34 2300 200 0
38 send 42 2300 8 0
38 send 34 2100 8 0
38 wait 43 39 2100
38 wait 35 39 2300
38 irecv 54 3100 200 0
38 irecv 22 3300 200 0
38 send 54 3300 16 0
38 send 22 3100 16 0
38 wait 55 39 3100
38 wait 23 39 3300
38 irecv 39 1100 200 0
38 irecv 37 1300 200 0
38 send 39 1300 16 0
38 send 37 1100 16 0
38 wait 40 39 1100
38 wait 38 39 1300
38 irecv 42 2100 200 0
38 irecv 34 2300 200 0
38 send 42 2300 24 0
38 send 34 2100 24 0
38 wait 43 39 2100
38 wait 35 39 2300
38 irecv 54 3100 200 0
38 irecv 22 3300 200 0
38 send 54 3300 36 0
38 send 22 3100 36 0
38 wait 55 39 3100
38 wait 23 39 3300
38 irecv 39 1100 200 0
38 irecv 37 1300 200 0
38 send 39 1300 16 0
38 send 37 1100 16 0
38 wait 40 39 1100
38 wait 38 39 1300
38 irecv 42 2100 200 0
38 irecv 34 2300 200 0
38 send 42 2300 24 0
38 send 34 2100 24 0
38 wait 43 39 2100
38 wait 35 39 2300
38 irecv 54 3100 200 0
38 irecv 22 3300 200 0
38 send 54 3300 36 0
38 send 22 3100 36 0
38 wait 55 39 3100
38 wait 23 39 3300
38 irecv 39 1100 200 0
38 irecv 37 1300 200 0
38 send 39 1300 64 0
38 send 37 1100 64 0
38 wait 40 39 1100
38 wait 38 39 1300
38 irecv 42 2100 200 0
38 irecv 34 2300 200 0
38 send 42 2300 80 0
38 send 34 2100 80 0
38 wait 43 39 2100
38 wait 35 39 2300
38 irecv 54 3100 200 0
38 irecv 22 3300 200 0
38 send 54 3300 100 0
38 send 22 3100 100 0
38 wait 55 39 3100
38 wait 23 39 3300
38 irecv 39 1100 200 0
38 irecv 37 1300 200 0
38 send 39 1300 64 0
38 send 37 1100 64 0
38 wait 40 39 1100
38 wait 38 39 1300
38 irecv 42 2100 200 0
38 irecv 34 2300 200 0
38 send 42 2300 80 0
38 send 34 2100 80 0
38 wait 43 39 2100
38 wait 35 39 2300
38 irecv 54 3100 200 0
38 irecv 22 3300 200 0
38 send 54 3300 100 0
38 send 22 3100 100 0
38 wait 55 39 3100
38 wait 23 39 3300
38 irecv 39 1100 200 0
38 irecv 37 1300 200 0
38 send 39 1300 64 0
38 send 37 1100 64 0
38 wait 40 39 1100
38 wait 38 39 1300
38 irecv 42 2100 200 0
38 irecv 34 2300 200 0
38 send 42 2300 80 0
38 send 34 2100 80 0
38 wait 43 39 2100
38 wait 35 39 2300
38 irecv 54 3100 200 0
38 irecv 22 3300 200 0
38 send 54 3300 100 0
38 send 22 3100 100 0
38 wait 55 39 3100
38 wait 23 39 3300
38 barrier
38 allreduce 1 0 0 
38 allreduce 4 0 1 
38 allreduce 1 0 0 
38 allreduce 4 0 1 
38 allreduce 1 0 0 
38 allreduce 4 0 1 
38 allreduce 1 0 0 
38 allreduce 4 0 1 
38 allreduce 1 0 0 
38 allreduce 4 0 1 
38 allreduce 1 0 0 
38 allreduce 4 0 1 
38 allreduce 1 0 0 
38 allreduce 4 0 1 
38 allreduce 1 0 0 
38 allreduce 4 0 1 
38 allreduce 1 0 0 
38 allreduce 4 0 1 
38 allreduce 1 0 0 
38 allreduce 4 0 1 
38 allreduce 1 0 0 
38 allreduce 4 0 1 
38 allreduce 1 0 0 
38 allreduce 4 0 1 
38 allreduce 1 0 0 
38 allreduce 4 0 1 
38 allreduce 1 0 0 
38 allreduce 4 0 1 
38 allreduce 1 0 0 
38 allreduce 4 0 1 
38 allreduce 1 0 0 
38 allreduce 4 0 1 
38 allreduce 1 0 0 
38 allreduce 4 0 1 
38 allreduce 1 0 0 
38 allreduce 4 0 1 
38 allreduce 1 0 0 
38 allreduce 4 0 1 
38 allreduce 1 0 0 
38 allreduce 4 0 1 
38 barrier
38 irecv 39 1100 200 0
38 irecv 37 1300 200 0
38 send 39 1300 64 0
38 send 37 1100 64 0
38 wait 40 39 1100
38 wait 38 39 1300
38 irecv 42 2100 200 0
38 irecv 34 2300 200 0
38 send 42 2300 80 0
38 send 34 2100 80 0
38 wait 43 39 2100
38 wait 35 39 2300
38 irecv 54 3100 200 0
38 irecv 22 3300 200 0
38 send 54 3300 100 0
38 send 22 3100 100 0
38 wait 55 39 3100
38 wait 23 39 3300
38 barrier
38 irecv 39 1100 200 0
38 irecv 37 1300 200 0
38 send 39 1300 64 0
38 send 37 1100 64 0
38 wait 40 39 1100
38 wait 38 39 1300
38 irecv 42 2100 200 0
38 irecv 34 2300 200 0
38 send 42 2300 80 0
38 send 34 2100 80 0
38 wait 43 39 2100
38 wait 35 39 2300
38 irecv 54 3100 200 0
38 irecv 22 3300 200 0
38 send 54 3300 100 0
38 send 22 3100 100 0
38 wait 55 39 3100
38 wait 23 39 3300
38 allreduce 1 0 0 
38 allreduce 1 0 0 
38 irecv 39 1100 200 0
38 irecv 37 1300 200 0
38 send 39 1300 16 0
38 send 37 1100 16 0
38 wait 40 39 1100
38 wait 38 39 1300
38 irecv 42 2100 200 0
38 irecv 34 2300 200 0
38 send 42 2300 24 0
38 send 34 2100 24 0
38 wait 43 39 2100
38 wait 35 39 2300
38 irecv 54 3100 200 0
38 irecv 22 3300 200 0
38 send 54 3300 36 0
38 send 22 3100 36 0
38 wait 55 39 3100
38 wait 23 39 3300
38 irecv 39 1100 200 0
38 irecv 37 1300 200 0
38 send 39 1300 4 0
38 send 37 1100 4 0
38 wait 40 39 1100
38 wait 38 39 1300
38 irecv 42 2100 200 0
38 irecv 34 2300 200 0
38 send 42 2300 8 0
38 send 34 2100 8 0
38 wait 43 39 2100
38 wait 35 39 2300
38 irecv 54 3100 200 0
38 irecv 22 3300 200 0
38 send 54 3300 16 0
38 send 22 3100 16 0
38 wait 55 39 3100
38 wait 23 39 3300
38 irecv 39 1100 200 0
38 irecv 37 1300 200 0
38 send 39 1300 1 0
38 send 37 1100 1 0
38 wait 40 39 1100
38 wait 38 39 1300
38 irecv 42 2100 200 0
38 irecv 34 2300 200 0
38 send 42 2300 3 0
38 send 34 2100 3 0
38 wait 43 39 2100
38 wait 35 39 2300
38 irecv 54 3100 200 0
38 irecv 22 3300 200 0
38 send 54 3300 9 0
38 send 22 3100 9 0
38 wait 55 39 3100
38 wait 23 39 3300
38 irecv 39 1100 200 0
38 irecv 37 1300 200 0
38 wait 40 39 1100
38 wait 38 39 1300
38 send 42 2300 18 0
38 send 34 2100 9 0
38 irecv 54 3100 200 0
38 irecv 22 3300 200 0
38 wait 55 39 3100
38 wait 23 39 3300
38 irecv 39 1100 200 0
38 irecv 37 1300 200 0
38 send 39 1300 1 0
38 send 37 1100 1 0
38 wait 40 39 1100
38 wait 38 39 1300
38 irecv 42 2100 200 0
38 irecv 34 2300 200 0
38 send 42 2300 3 0
38 send 34 2100 3 0
38 wait 43 39 2100
38 wait 35 39 2300
38 irecv 54 3100 200 0
38 irecv 22 3300 200 0
38 send 54 3300 9 0
38 send 22 3100 9 0
38 wait 55 39 3100
38 wait 23 39 3300
38 irecv 39 1100 200 0
38 irecv 37 1300 200 0
38 send 39 1300 1 0
38 send 37 1100 1 0
38 wait 40 39 1100
38 wait 38 39 1300
38 irecv 42 2100 200 0
38 irecv 34 2300 200 0
38 send 42 2300 3 0
38 send 34 2100 3 0
38 wait 43 39 2100
38 wait 35 39 2300
38 irecv 54 3100 200 0
38 irecv 22 3300 200 0
38 send 54 3300 9 0
38 send 22 3100 9 0
38 wait 55 39 3100
38 wait 23 39 3300
38 irecv 39 1100 200 0
38 irecv 37 1300 200 0
38 send 39 1300 4 0
38 send 37 1100 4 0
38 wait 40 39 1100
38 wait 38 39 1300
38 irecv 42 2100 200 0
38 irecv 34 2300 200 0
38 send 42 2300 8 0
38 send 34 2100 8 0
38 wait 43 39 2100
38 wait 35 39 2300
38 irecv 54 3100 200 0
38 irecv 22 3300 200 0
38 send 54 3300 16 0
38 send 22 3100 16 0
38 wait 55 39 3100
38 wait 23 39 3300
38 irecv 39 1100 200 0
38 irecv 37 1300 200 0
38 send 39 1300 4 0
38 send 37 1100 4 0
38 wait 40 39 1100
38 wait 38 39 1300
38 irecv 42 2100 200 0
38 irecv 34 2300 200 0
38 send 42 2300 8 0
38 send 34 2100 8 0
38 wait 43 39 2100
38 wait 35 39 2300
38 irecv 54 3100 200 0
38 irecv 22 3300 200 0
38 send 54 3300 16 0
38 send 22 3100 16 0
38 wait 55 39 3100
38 wait 23 39 3300
38 irecv 39 1100 200 0
38 irecv 37 1300 200 0
38 send 39 1300 16 0
38 send 37 1100 16 0
38 wait 40 39 1100
38 wait 38 39 1300
38 irecv 42 2100 200 0
38 irecv 34 2300 200 0
38 send 42 2300 24 0
38 send 34 2100 24 0
38 wait 43 39 2100
38 wait 35 39 2300
38 irecv 54 3100 200 0
38 irecv 22 3300 200 0
38 send 54 3300 36 0
38 send 22 3100 36 0
38 wait 55 39 3100
38 wait 23 39 3300
38 irecv 39 1100 200 0
38 irecv 37 1300 200 0
38 send 39 1300 16 0
38 send 37 1100 16 0
38 wait 40 39 1100
38 wait 38 39 1300
38 irecv 42 2100 200 0
38 irecv 34 2300 200 0
38 send 42 2300 24 0
38 send 34 2100 24 0
38 wait 43 39 2100
38 wait 35 39 2300
38 irecv 54 3100 200 0
38 irecv 22 3300 200 0
38 send 54 3300 36 0
38 send 22 3100 36 0
38 wait 55 39 3100
38 wait 23 39 3300
38 irecv 39 1100 200 0
38 irecv 37 1300 200 0
38 send 39 1300 64 0
38 send 37 1100 64 0
38 wait 40 39 1100
38 wait 38 39 1300
38 irecv 42 2100 200 0
38 irecv 34 2300 200 0
38 send 42 2300 80 0
38 send 34 2100 80 0
38 wait 43 39 2100
38 wait 35 39 2300
38 irecv 54 3100 200 0
38 irecv 22 3300 200 0
38 send 54 3300 100 0
38 send 22 3100 100 0
38 wait 55 39 3100
38 wait 23 39 3300
38 irecv 39 1100 200 0
38 irecv 37 1300 200 0
38 send 39 1300 64 0
38 send 37 1100 64 0
38 wait 40 39 1100
38 wait 38 39 1300
38 irecv 42 2100 200 0
38 irecv 34 2300 200 0
38 send 42 2300 80 0
38 send 34 2100 80 0
38 wait 43 39 2100
38 wait 35 39 2300
38 irecv 54 3100 200 0
38 irecv 22 3300 200 0
38 send 54 3300 100 0
38 send 22 3100 100 0
38 wait 55 39 3100
38 wait 23 39 3300
38 irecv 39 1100 200 0
38 irecv 37 1300 200 0
38 send 39 1300 64 0
38 send 37 1100 64 0
38 wait 40 39 1100
38 wait 38 39 1300
38 irecv 42 2100 200 0
38 irecv 34 2300 200 0
38 send 42 2300 80 0
38 send 34 2100 80 0
38 wait 43 39 2100
38 wait 35 39 2300
38 irecv 54 3100 200 0
38 irecv 22 3300 200 0
38 send 54 3300 100 0
38 send 22 3100 100 0
38 wait 55 39 3100
38 wait 23 39 3300
38 irecv 39 1100 200 0
38 irecv 37 1300 200 0
38 send 39 1300 16 0
38 send 37 1100 16 0
38 wait 40 39 1100
38 wait 38 39 1300
38 irecv 42 2100 200 0
38 irecv 34 2300 200 0
38 send 42 2300 24 0
38 send 34 2100 24 0
38 wait 43 39 2100
38 wait 35 39 2300
38 irecv 54 3100 200 0
38 irecv 22 3300 200 0
38 send 54 3300 36 0
38 send 22 3100 36 0
38 wait 55 39 3100
38 wait 23 39 3300
38 irecv 39 1100 200 0
38 irecv 37 1300 200 0
38 send 39 1300 4 0
38 send 37 1100 4 0
38 wait 40 39 1100
38 wait 38 39 1300
38 irecv 42 2100 200 0
38 irecv 34 2300 200 0
38 send 42 2300 8 0
38 send 34 2100 8 0
38 wait 43 39 2100
38 wait 35 39 2300
38 irecv 54 3100 200 0
38 irecv 22 3300 200 0
38 send 54 3300 16 0
38 send 22 3100 16 0
38 wait 55 39 3100
38 wait 23 39 3300
38 irecv 39 1100 200 0
38 irecv 37 1300 200 0
38 send 39 1300 1 0
38 send 37 1100 1 0
38 wait 40 39 1100
38 wait 38 39 1300
38 irecv 42 2100 200 0
38 irecv 34 2300 200 0
38 send 42 2300 3 0
38 send 34 2100 3 0
38 wait 43 39 2100
38 wait 35 39 2300
38 irecv 54 3100 200 0
38 irecv 22 3300 200 0
38 send 54 3300 9 0
38 send 22 3100 9 0
38 wait 55 39 3100
38 wait 23 39 3300
38 irecv 39 1100 200 0
38 irecv 37 1300 200 0
38 wait 40 39 1100
38 wait 38 39 1300
38 send 42 2300 18 0
38 send 34 2100 9 0
38 irecv 54 3100 200 0
38 irecv 22 3300 200 0
38 wait 55 39 3100
38 wait 23 39 3300
38 irecv 39 1100 200 0
38 irecv 37 1300 200 0
38 send 39 1300 1 0
38 send 37 1100 1 0
38 wait 40 39 1100
38 wait 38 39 1300
38 irecv 42 2100 200 0
38 irecv 34 2300 200 0
38 send 42 2300 3 0
38 send 34 2100 3 0
38 wait 43 39 2100
38 wait 35 39 2300
38 irecv 54 3100 200 0
38 irecv 22 3300 200 0
38 send 54 3300 9 0
38 send 22 3100 9 0
38 wait 55 39 3100
38 wait 23 39 3300
38 irecv 39 1100 200 0
38 irecv 37 1300 200 0
38 send 39 1300 1 0
38 send 37 1100 1 0
38 wait 40 39 1100
38 wait 38 39 1300
38 irecv 42 2100 200 0
38 irecv 34 2300 200 0
38 send 42 2300 3 0
38 send 34 2100 3 0
38 wait 43 39 2100
38 wait 35 39 2300
38 irecv 54 3100 200 0
38 irecv 22 3300 200 0
38 send 54 3300 9 0
38 send 22 3100 9 0
38 wait 55 39 3100
38 wait 23 39 3300
38 irecv 39 1100 200 0
38 irecv 37 1300 200 0
38 send 39 1300 4 0
38 send 37 1100 4 0
38 wait 40 39 1100
38 wait 38 39 1300
38 irecv 42 2100 200 0
38 irecv 34 2300 200 0
38 send 42 2300 8 0
38 send 34 2100 8 0
38 wait 43 39 2100
38 wait 35 39 2300
38 irecv 54 3100 200 0
38 irecv 22 3300 200 0
38 send 54 3300 16 0
38 send 22 3100 16 0
38 wait 55 39 3100
38 wait 23 39 3300
38 irecv 39 1100 200 0
38 irecv 37 1300 200 0
38 send 39 1300 4 0
38 send 37 1100 4 0
38 wait 40 39 1100
38 wait 38 39 1300
38 irecv 42 2100 200 0
38 irecv 34 2300 200 0
38 send 42 2300 8 0
38 send 34 2100 8 0
38 wait 43 39 2100
38 wait 35 39 2300
38 irecv 54 3100 200 0
38 irecv 22 3300 200 0
38 send 54 3300 16 0
38 send 22 3100 16 0
38 wait 55 39 3100
38 wait 23 39 3300
38 irecv 39 1100 200 0
38 irecv 37 1300 200 0
38 send 39 1300 16 0
38 send 37 1100 16 0
38 wait 40 39 1100
38 wait 38 39 1300
38 irecv 42 2100 200 0
38 irecv 34 2300 200 0
38 send 42 2300 24 0
38 send 34 2100 24 0
38 wait 43 39 2100
38 wait 35 39 2300
38 irecv 54 3100 200 0
38 irecv 22 3300 200 0
38 send 54 3300 36 0
38 send 22 3100 36 0
38 wait 55 39 3100
38 wait 23 39 3300
38 irecv 39 1100 200 0
38 irecv 37 1300 200 0
38 send 39 1300 16 0
38 send 37 1100 16 0
38 wait 40 39 1100
38 wait 38 39 1300
38 irecv 42 2100 200 0
38 irecv 34 2300 200 0
38 send 42 2300 24 0
38 send 34 2100 24 0
38 wait 43 39 2100
38 wait 35 39 2300
38 irecv 54 3100 200 0
38 irecv 22 3300 200 0
38 send 54 3300 36 0
38 send 22 3100 36 0
38 wait 55 39 3100
38 wait 23 39 3300
38 irecv 39 1100 200 0
38 irecv 37 1300 200 0
38 send 39 1300 64 0
38 send 37 1100 64 0
38 wait 40 39 1100
38 wait 38 39 1300
38 irecv 42 2100 200 0
38 irecv 34 2300 200 0
38 send 42 2300 80 0
38 send 34 2100 80 0
38 wait 43 39 2100
38 wait 35 39 2300
38 irecv 54 3100 200 0
38 irecv 22 3300 200 0
38 send 54 3300 100 0
38 send 22 3100 100 0
38 wait 55 39 3100
38 wait 23 39 3300
38 irecv 39 1100 200 0
38 irecv 37 1300 200 0
38 send 39 1300 64 0
38 send 37 1100 64 0
38 wait 40 39 1100
38 wait 38 39 1300
38 irecv 42 2100 200 0
38 irecv 34 2300 200 0
38 send 42 2300 80 0
38 send 34 2100 80 0
38 wait 43 39 2100
38 wait 35 39 2300
38 irecv 54 3100 200 0
38 irecv 22 3300 200 0
38 send 54 3300 100 0
38 send 22 3100 100 0
38 wait 55 39 3100
38 wait 23 39 3300
38 irecv 39 1100 200 0
38 irecv 37 1300 200 0
38 send 39 1300 64 0
38 send 37 1100 64 0
38 wait 40 39 1100
38 wait 38 39 1300
38 irecv 42 2100 200 0
38 irecv 34 2300 200 0
38 send 42 2300 80 0
38 send 34 2100 80 0
38 wait 43 39 2100
38 wait 35 39 2300
38 irecv 54 3100 200 0
38 irecv 22 3300 200 0
38 send 54 3300 100 0
38 send 22 3100 100 0
38 wait 55 39 3100
38 wait 23 39 3300
38 irecv 39 1100 200 0
38 irecv 37 1300 200 0
38 send 39 1300 16 0
38 send 37 1100 16 0
38 wait 40 39 1100
38 wait 38 39 1300
38 irecv 42 2100 200 0
38 irecv 34 2300 200 0
38 send 42 2300 24 0
38 send 34 2100 24 0
38 wait 43 39 2100
38 wait 35 39 2300
38 irecv 54 3100 200 0
38 irecv 22 3300 200 0
38 send 54 3300 36 0
38 send 22 3100 36 0
38 wait 55 39 3100
38 wait 23 39 3300
38 irecv 39 1100 200 0
38 irecv 37 1300 200 0
38 send 39 1300 4 0
38 send 37 1100 4 0
38 wait 40 39 1100
38 wait 38 39 1300
38 irecv 42 2100 200 0
38 irecv 34 2300 200 0
38 send 42 2300 8 0
38 send 34 2100 8 0
38 wait 43 39 2100
38 wait 35 39 2300
38 irecv 54 3100 200 0
38 irecv 22 3300 200 0
38 send 54 3300 16 0
38 send 22 3100 16 0
38 wait 55 39 3100
38 wait 23 39 3300
38 irecv 39 1100 200 0
38 irecv 37 1300 200 0
38 send 39 1300 1 0
38 send 37 1100 1 0
38 wait 40 39 1100
38 wait 38 39 1300
38 irecv 42 2100 200 0
38 irecv 34 2300 200 0
38 send 42 2300 3 0
38 send 34 2100 3 0
38 wait 43 39 2100
38 wait 35 39 2300
38 irecv 54 3100 200 0
38 irecv 22 3300 200 0
38 send 54 3300 9 0
38 send 22 3100 9 0
38 wait 55 39 3100
38 wait 23 39 3300
38 irecv 39 1100 200 0
38 irecv 37 1300 200 0
38 wait 40 39 1100
38 wait 38 39 1300
38 send 42 2300 18 0
38 send 34 2100 9 0
38 irecv 54 3100 200 0
38 irecv 22 3300 200 0
38 wait 55 39 3100
38 wait 23 39 3300
38 irecv 39 1100 200 0
38 irecv 37 1300 200 0
38 send 39 1300 1 0
38 send 37 1100 1 0
38 wait 40 39 1100
38 wait 38 39 1300
38 irecv 42 2100 200 0
38 irecv 34 2300 200 0
38 send 42 2300 3 0
38 send 34 2100 3 0
38 wait 43 39 2100
38 wait 35 39 2300
38 irecv 54 3100 200 0
38 irecv 22 3300 200 0
38 send 54 3300 9 0
38 send 22 3100 9 0
38 wait 55 39 3100
38 wait 23 39 3300
38 irecv 39 1100 200 0
38 irecv 37 1300 200 0
38 send 39 1300 1 0
38 send 37 1100 1 0
38 wait 40 39 1100
38 wait 38 39 1300
38 irecv 42 2100 200 0
38 irecv 34 2300 200 0
38 send 42 2300 3 0
38 send 34 2100 3 0
38 wait 43 39 2100
38 wait 35 39 2300
38 irecv 54 3100 200 0
38 irecv 22 3300 200 0
38 send 54 3300 9 0
38 send 22 3100 9 0
38 wait 55 39 3100
38 wait 23 39 3300
38 irecv 39 1100 200 0
38 irecv 37 1300 200 0
38 send 39 1300 4 0
38 send 37 1100 4 0
38 wait 40 39 1100
38 wait 38 39 1300
38 irecv 42 2100 200 0
38 irecv 34 2300 200 0
38 send 42 2300 8 0
38 send 34 2100 8 0
38 wait 43 39 2100
38 wait 35 39 2300
38 irecv 54 3100 200 0
38 irecv 22 3300 200 0
38 send 54 3300 16 0
38 send 22 3100 16 0
38 wait 55 39 3100
38 wait 23 39 3300
38 irecv 39 1100 200 0
38 irecv 37 1300 200 0
38 send 39 1300 4 0
38 send 37 1100 4 0
38 wait 40 39 1100
38 wait 38 39 1300
38 irecv 42 2100 200 0
38 irecv 34 2300 200 0
38 send 42 2300 8 0
38 send 34 2100 8 0
38 wait 43 39 2100
38 wait 35 39 2300
38 irecv 54 3100 200 0
38 irecv 22 3300 200 0
38 send 54 3300 16 0
38 send 22 3100 16 0
38 wait 55 39 3100
38 wait 23 39 3300
38 irecv 39 1100 200 0
38 irecv 37 1300 200 0
38 send 39 1300 16 0
38 send 37 1100 16 0
38 wait 40 39 1100
38 wait 38 39 1300
38 irecv 42 2100 200 0
38 irecv 34 2300 200 0
38 send 42 2300 24 0
38 send 34 2100 24 0
38 wait 43 39 2100
38 wait 35 39 2300
38 irecv 54 3100 200 0
38 irecv 22 3300 200 0
38 send 54 3300 36 0
38 send 22 3100 36 0
38 wait 55 39 3100
38 wait 23 39 3300
38 irecv 39 1100 200 0
38 irecv 37 1300 200 0
38 send 39 1300 16 0
38 send 37 1100 16 0
38 wait 40 39 1100
38 wait 38 39 1300
38 irecv 42 2100 200 0
38 irecv 34 2300 200 0
38 send 42 2300 24 0
38 send 34 2100 24 0
38 wait 43 39 2100
38 wait 35 39 2300
38 irecv 54 3100 200 0
38 irecv 22 3300 200 0
38 send 54 3300 36 0
38 send 22 3100 36 0
38 wait 55 39 3100
38 wait 23 39 3300
38 irecv 39 1100 200 0
38 irecv 37 1300 200 0
38 send 39 1300 64 0
38 send 37 1100 64 0
38 wait 40 39 1100
38 wait 38 39 1300
38 irecv 42 2100 200 0
38 irecv 34 2300 200 0
38 send 42 2300 80 0
38 send 34 2100 80 0
38 wait 43 39 2100
38 wait 35 39 2300
38 irecv 54 3100 200 0
38 irecv 22 3300 200 0
38 send 54 3300 100 0
38 send 22 3100 100 0
38 wait 55 39 3100
38 wait 23 39 3300
38 irecv 39 1100 200 0
38 irecv 37 1300 200 0
38 send 39 1300 64 0
38 send 37 1100 64 0
38 wait 40 39 1100
38 wait 38 39 1300
38 irecv 42 2100 200 0
38 irecv 34 2300 200 0
38 send 42 2300 80 0
38 send 34 2100 80 0
38 wait 43 39 2100
38 wait 35 39 2300
38 irecv 54 3100 200 0
38 irecv 22 3300 200 0
38 send 54 3300 100 0
38 send 22 3100 100 0
38 wait 55 39 3100
38 wait 23 39 3300
38 irecv 39 1100 200 0
38 irecv 37 1300 200 0
38 send 39 1300 64 0
38 send 37 1100 64 0
38 wait 40 39 1100
38 wait 38 39 1300
38 irecv 42 2100 200 0
38 irecv 34 2300 200 0
38 send 42 2300 80 0
38 send 34 2100 80 0
38 wait 43 39 2100
38 wait 35 39 2300
38 irecv 54 3100 200 0
38 irecv 22 3300 200 0
38 send 54 3300 100 0
38 send 22 3100 100 0
38 wait 55 39 3100
38 wait 23 39 3300
38 irecv 39 1100 200 0
38 irecv 37 1300 200 0
38 send 39 1300 16 0
38 send 37 1100 16 0
38 wait 40 39 1100
38 wait 38 39 1300
38 irecv 42 2100 200 0
38 irecv 34 2300 200 0
38 send 42 2300 24 0
38 send 34 2100 24 0
38 wait 43 39 2100
38 wait 35 39 2300
38 irecv 54 3100 200 0
38 irecv 22 3300 200 0
38 send 54 3300 36 0
38 send 22 3100 36 0
38 wait 55 39 3100
38 wait 23 39 3300
38 irecv 39 1100 200 0
38 irecv 37 1300 200 0
38 send 39 1300 4 0
38 send 37 1100 4 0
38 wait 40 39 1100
38 wait 38 39 1300
38 irecv 42 2100 200 0
38 irecv 34 2300 200 0
38 send 42 2300 8 0
38 send 34 2100 8 0
38 wait 43 39 2100
38 wait 35 39 2300
38 irecv 54 3100 200 0
38 irecv 22 3300 200 0
38 send 54 3300 16 0
38 send 22 3100 16 0
38 wait 55 39 3100
38 wait 23 39 3300
38 irecv 39 1100 200 0
38 irecv 37 1300 200 0
38 send 39 1300 1 0
38 send 37 1100 1 0
38 wait 40 39 1100
38 wait 38 39 1300
38 irecv 42 2100 200 0
38 irecv 34 2300 200 0
38 send 42 2300 3 0
38 send 34 2100 3 0
38 wait 43 39 2100
38 wait 35 39 2300
38 irecv 54 3100 200 0
38 irecv 22 3300 200 0
38 send 54 3300 9 0
38 send 22 3100 9 0
38 wait 55 39 3100
38 wait 23 39 3300
38 irecv 39 1100 200 0
38 irecv 37 1300 200 0
38 wait 40 39 1100
38 wait 38 39 1300
38 send 42 2300 18 0
38 send 34 2100 9 0
38 irecv 54 3100 200 0
38 irecv 22 3300 200 0
38 wait 55 39 3100
38 wait 23 39 3300
38 irecv 39 1100 200 0
38 irecv 37 1300 200 0
38 send 39 1300 1 0
38 send 37 1100 1 0
38 wait 40 39 1100
38 wait 38 39 1300
38 irecv 42 2100 200 0
38 irecv 34 2300 200 0
38 send 42 2300 3 0
38 send 34 2100 3 0
38 wait 43 39 2100
38 wait 35 39 2300
38 irecv 54 3100 200 0
38 irecv 22 3300 200 0
38 send 54 3300 9 0
38 send 22 3100 9 0
38 wait 55 39 3100
38 wait 23 39 3300
38 irecv 39 1100 200 0
38 irecv 37 1300 200 0
38 send 39 1300 1 0
38 send 37 1100 1 0
38 wait 40 39 1100
38 wait 38 39 1300
38 irecv 42 2100 200 0
38 irecv 34 2300 200 0
38 send 42 2300 3 0
38 send 34 2100 3 0
38 wait 43 39 2100
38 wait 35 39 2300
38 irecv 54 3100 200 0
38 irecv 22 3300 200 0
38 send 54 3300 9 0
38 send 22 3100 9 0
38 wait 55 39 3100
38 wait 23 39 3300
38 irecv 39 1100 200 0
38 irecv 37 1300 200 0
38 send 39 1300 4 0
38 send 37 1100 4 0
38 wait 40 39 1100
38 wait 38 39 1300
38 irecv 42 2100 200 0
38 irecv 34 2300 200 0
38 send 42 2300 8 0
38 send 34 2100 8 0
38 wait 43 39 2100
38 wait 35 39 2300
38 irecv 54 3100 200 0
38 irecv 22 3300 200 0
38 send 54 3300 16 0
38 send 22 3100 16 0
38 wait 55 39 3100
38 wait 23 39 3300
38 irecv 39 1100 200 0
38 irecv 37 1300 200 0
38 send 39 1300 4 0
38 send 37 1100 4 0
38 wait 40 39 1100
38 wait 38 39 1300
38 irecv 42 2100 200 0
38 irecv 34 2300 200 0
38 send 42 2300 8 0
38 send 34 2100 8 0
38 wait 43 39 2100
38 wait 35 39 2300
38 irecv 54 3100 200 0
38 irecv 22 3300 200 0
38 send 54 3300 16 0
38 send 22 3100 16 0
38 wait 55 39 3100
38 wait 23 39 3300
38 irecv 39 1100 200 0
38 irecv 37 1300 200 0
38 send 39 1300 16 0
38 send 37 1100 16 0
38 wait 40 39 1100
38 wait 38 39 1300
38 irecv 42 2100 200 0
38 irecv 34 2300 200 0
38 send 42 2300 24 0
38 send 34 2100 24 0
38 wait 43 39 2100
38 wait 35 39 2300
38 irecv 54 3100 200 0
38 irecv 22 3300 200 0
38 send 54 3300 36 0
38 send 22 3100 36 0
38 wait 55 39 3100
38 wait 23 39 3300
38 irecv 39 1100 200 0
38 irecv 37 1300 200 0
38 send 39 1300 16 0
38 send 37 1100 16 0
38 wait 40 39 1100
38 wait 38 39 1300
38 irecv 42 2100 200 0
38 irecv 34 2300 200 0
38 send 42 2300 24 0
38 send 34 2100 24 0
38 wait 43 39 2100
38 wait 35 39 2300
38 irecv 54 3100 200 0
38 irecv 22 3300 200 0
38 send 54 3300 36 0
38 send 22 3100 36 0
38 wait 55 39 3100
38 wait 23 39 3300
38 irecv 39 1100 200 0
38 irecv 37 1300 200 0
38 send 39 1300 64 0
38 send 37 1100 64 0
38 wait 40 39 1100
38 wait 38 39 1300
38 irecv 42 2100 200 0
38 irecv 34 2300 200 0
38 send 42 2300 80 0
38 send 34 2100 80 0
38 wait 43 39 2100
38 wait 35 39 2300
38 irecv 54 3100 200 0
38 irecv 22 3300 200 0
38 send 54 3300 100 0
38 send 22 3100 100 0
38 wait 55 39 3100
38 wait 23 39 3300
38 irecv 39 1100 200 0
38 irecv 37 1300 200 0
38 send 39 1300 64 0
38 send 37 1100 64 0
38 wait 40 39 1100
38 wait 38 39 1300
38 irecv 42 2100 200 0
38 irecv 34 2300 200 0
38 send 42 2300 80 0
38 send 34 2100 80 0
38 wait 43 39 2100
38 wait 35 39 2300
38 irecv 54 3100 200 0
38 irecv 22 3300 200 0
38 send 54 3300 100 0
38 send 22 3100 100 0
38 wait 55 39 3100
38 wait 23 39 3300
38 irecv 39 1100 200 0
38 irecv 37 1300 200 0
38 send 39 1300 64 0
38 send 37 1100 64 0
38 wait 40 39 1100
38 wait 38 39 1300
38 irecv 42 2100 200 0
38 irecv 34 2300 200 0
38 send 42 2300 80 0
38 send 34 2100 80 0
38 wait 43 39 2100
38 wait 35 39 2300
38 irecv 54 3100 200 0
38 irecv 22 3300 200 0
38 send 54 3300 100 0
38 send 22 3100 100 0
38 wait 55 39 3100
38 wait 23 39 3300
38 allreduce 1 0 0 
38 allreduce 1 0 0 
38 reduce 1 0 0 0 
38 finalize
