36 init
36 barrier
36 bcast 1 0 1 
36 bcast 1 0 1 
36 bcast 1 0 1 
36 bcast 1 0 1 
36 bcast 1 0 1 
36 bcast 8 0 1 
36 bcast 1 0 16 
36 barrier
36 allreduce 1 0 0 
36 allreduce 4 0 1 
36 allreduce 1 0 0 
36 allreduce 4 0 1 
36 allreduce 1 0 0 
36 allreduce 4 0 1 
36 allreduce 1 0 0 
36 allreduce 4 0 1 
36 allreduce 1 0 0 
36 allreduce 4 0 1 
36 allreduce 1 0 0 
36 allreduce 4 0 1 
36 allreduce 1 0 0 
36 allreduce 4 0 1 
36 allreduce 1 0 0 
36 allreduce 4 0 1 
36 allreduce 1 0 0 
36 allreduce 4 0 1 
36 allreduce 1 0 0 
36 allreduce 4 0 1 
36 allreduce 1 0 0 
36 allreduce 4 0 1 
36 allreduce 1 0 0 
36 allreduce 4 0 1 
36 allreduce 1 0 0 
36 allreduce 4 0 1 
36 allreduce 1 0 0 
36 allreduce 4 0 1 
36 allreduce 1 0 0 
36 allreduce 4 0 1 
36 allreduce 1 0 0 
36 allreduce 4 0 1 
36 allreduce 1 0 0 
36 allreduce 4 0 1 
36 allreduce 1 0 0 
36 allreduce 4 0 1 
36 allreduce 1 0 0 
36 allreduce 4 0 1 
36 allreduce 1 0 0 
36 allreduce 4 0 1 
36 barrier
36 irecv 37 1100 200 0
36 irecv 39 1300 200 0
36 send 37 1300 64 0
36 send 39 1100 64 0
36 wait 38 37 1100
36 wait 40 37 1300
36 irecv 40 2100 200 0
36 irecv 32 2300 200 0
36 send 40 2300 80 0
36 send 32 2100 80 0
36 wait 41 37 2100
36 wait 33 37 2300
36 irecv 52 3100 200 0
36 irecv 20 3300 200 0
36 send 52 3300 100 0
36 send 20 3100 100 0
36 wait 53 37 3100
36 wait 21 37 3300
36 allreduce 1 0 0 
36 allreduce 1 0 0 
36 irecv 37 1100 200 0
36 irecv 39 1300 200 0
36 send 37 1300 64 0
36 send 39 1100 64 0
36 wait 38 37 1100
36 wait 40 37 1300
36 irecv 40 2100 200 0
36 irecv 32 2300 200 0
36 send 40 2300 80 0
36 send 32 2100 80 0
36 wait 41 37 2100
36 wait 33 37 2300
36 irecv 52 3100 200 0
36 irecv 20 3300 200 0
36 send 52 3300 100 0
36 send 20 3100 100 0
36 wait 53 37 3100
36 wait 21 37 3300
36 allreduce 1 0 0 
36 allreduce 1 0 0 
36 irecv 37 1100 200 0
36 irecv 39 1300 200 0
36 send 37 1300 16 0
36 send 39 1100 16 0
36 wait 38 37 1100
36 wait 40 37 1300
36 irecv 40 2100 200 0
36 irecv 32 2300 200 0
36 send 40 2300 24 0
36 send 32 2100 24 0
36 wait 41 37 2100
36 wait 33 37 2300
36 irecv 52 3100 200 0
36 irecv 20 3300 200 0
36 send 52 3300 36 0
36 send 20 3100 36 0
36 wait 53 37 3100
36 wait 21 37 3300
36 irecv 37 1100 200 0
36 irecv 39 1300 200 0
36 send 37 1300 4 0
36 send 39 1100 4 0
36 wait 38 37 1100
36 wait 40 37 1300
36 irecv 40 2100 200 0
36 irecv 32 2300 200 0
36 send 40 2300 8 0
36 send 32 2100 8 0
36 wait 41 37 2100
36 wait 33 37 2300
36 irecv 52 3100 200 0
36 irecv 20 3300 200 0
36 send 52 3300 16 0
36 send 20 3100 16 0
36 wait 53 37 3100
36 wait 21 37 3300
36 irecv 37 1100 200 0
36 irecv 39 1300 200 0
36 send 37 1300 1 0
36 send 39 1100 1 0
36 wait 38 37 1100
36 wait 40 37 1300
36 irecv 40 2100 200 0
36 irecv 32 2300 200 0
36 send 40 2300 3 0
36 send 32 2100 3 0
36 wait 41 37 2100
36 wait 33 37 2300
36 irecv 52 3100 200 0
36 irecv 20 3300 200 0
36 send 52 3300 9 0
36 send 20 3100 9 0
36 wait 53 37 3100
36 wait 21 37 3300
36 irecv 37 1100 200 0
36 irecv 39 1300 200 0
36 wait 38 37 1100
36 wait 40 37 1300
36 send 40 2300 18 0
36 send 32 2100 9 0
36 irecv 52 3100 200 0
36 irecv 20 3300 200 0
36 wait 53 37 3100
36 wait 21 37 3300
36 irecv 37 1100 200 0
36 irecv 39 1300 200 0
36 send 37 1300 1 0
36 send 39 1100 1 0
36 wait 38 37 1100
36 wait 40 37 1300
36 irecv 40 2100 200 0
36 irecv 32 2300 200 0
36 send 40 2300 3 0
36 send 32 2100 3 0
36 wait 41 37 2100
36 wait 33 37 2300
36 irecv 52 3100 200 0
36 irecv 20 3300 200 0
36 send 52 3300 9 0
36 send 20 3100 9 0
36 wait 53 37 3100
36 wait 21 37 3300
36 irecv 37 1100 200 0
36 irecv 39 1300 200 0
36 send 37 1300 1 0
36 send 39 1100 1 0
36 wait 38 37 1100
36 wait 40 37 1300
36 irecv 40 2100 200 0
36 irecv 32 2300 200 0
36 send 40 2300 3 0
36 send 32 2100 3 0
36 wait 41 37 2100
36 wait 33 37 2300
36 irecv 52 3100 200 0
36 irecv 20 3300 200 0
36 send 52 3300 9 0
36 send 20 3100 9 0
36 wait 53 37 3100
36 wait 21 37 3300
36 irecv 37 1100 200 0
36 irecv 39 1300 200 0
36 send 37 1300 4 0
36 send 39 1100 4 0
36 wait 38 37 1100
36 wait 40 37 1300
36 irecv 40 2100 200 0
36 irecv 32 2300 200 0
36 send 40 2300 8 0
36 send 32 2100 8 0
36 wait 41 37 2100
36 wait 33 37 2300
36 irecv 52 3100 200 0
36 irecv 20 3300 200 0
36 send 52 3300 16 0
36 send 20 3100 16 0
36 wait 53 37 3100
36 wait 21 37 3300
36 irecv 37 1100 200 0
36 irecv 39 1300 200 0
36 send 37 1300 4 0
36 send 39 1100 4 0
36 wait 38 37 1100
36 wait 40 37 1300
36 irecv 40 2100 200 0
36 irecv 32 2300 200 0
36 send 40 2300 8 0
36 send 32 2100 8 0
36 wait 41 37 2100
36 wait 33 37 2300
36 irecv 52 3100 200 0
36 irecv 20 3300 200 0
36 send 52 3300 16 0
36 send 20 3100 16 0
36 wait 53 37 3100
36 wait 21 37 3300
36 irecv 37 1100 200 0
36 irecv 39 1300 200 0
36 send 37 1300 16 0
36 send 39 1100 16 0
36 wait 38 37 1100
36 wait 40 37 1300
36 irecv 40 2100 200 0
36 irecv 32 2300 200 0
36 send 40 2300 24 0
36 send 32 2100 24 0
36 wait 41 37 2100
36 wait 33 37 2300
36 irecv 52 3100 200 0
36 irecv 20 3300 200 0
36 send 52 3300 36 0
36 send 20 3100 36 0
36 wait 53 37 3100
36 wait 21 37 3300
36 irecv 37 1100 200 0
36 irecv 39 1300 200 0
36 send 37 1300 16 0
36 send 39 1100 16 0
36 wait 38 37 1100
36 wait 40 37 1300
36 irecv 40 2100 200 0
36 irecv 32 2300 200 0
36 send 40 2300 24 0
36 send 32 2100 24 0
36 wait 41 37 2100
36 wait 33 37 2300
36 irecv 52 3100 200 0
36 irecv 20 3300 200 0
36 send 52 3300 36 0
36 send 20 3100 36 0
36 wait 53 37 3100
36 wait 21 37 3300
36 irecv 37 1100 200 0
36 irecv 39 1300 200 0
36 send 37 1300 64 0
36 send 39 1100 64 0
36 wait 38 37 1100
36 wait 40 37 1300
36 irecv 40 2100 200 0
36 irecv 32 2300 200 0
36 send 40 2300 80 0
36 send 32 2100 80 0
36 wait 41 37 2100
36 wait 33 37 2300
36 irecv 52 3100 200 0
36 irecv 20 3300 200 0
36 send 52 3300 100 0
36 send 20 3100 100 0
36 wait 53 37 3100
36 wait 21 37 3300
36 irecv 37 1100 200 0
36 irecv 39 1300 200 0
36 send 37 1300 64 0
36 send 39 1100 64 0
36 wait 38 37 1100
36 wait 40 37 1300
36 irecv 40 2100 200 0
36 irecv 32 2300 200 0
36 send 40 2300 80 0
36 send 32 2100 80 0
36 wait 41 37 2100
36 wait 33 37 2300
36 irecv 52 3100 200 0
36 irecv 20 3300 200 0
36 send 52 3300 100 0
36 send 20 3100 100 0
36 wait 53 37 3100
36 wait 21 37 3300
36 irecv 37 1100 200 0
36 irecv 39 1300 200 0
36 send 37 1300 64 0
36 send 39 1100 64 0
36 wait 38 37 1100
36 wait 40 37 1300
36 irecv 40 2100 200 0
36 irecv 32 2300 200 0
36 send 40 2300 80 0
36 send 32 2100 80 0
36 wait 41 37 2100
36 wait 33 37 2300
36 irecv 52 3100 200 0
36 irecv 20 3300 200 0
36 send 52 3300 100 0
36 send 20 3100 100 0
36 wait 53 37 3100
36 wait 21 37 3300
36 barrier
36 allreduce 1 0 0 
36 allreduce 4 0 1 
36 allreduce 1 0 0 
36 allreduce 4 0 1 
36 allreduce 1 0 0 
36 allreduce 4 0 1 
36 allreduce 1 0 0 
36 allreduce 4 0 1 
36 allreduce 1 0 0 
36 allreduce 4 0 1 
36 allreduce 1 0 0 
36 allreduce 4 0 1 
36 allreduce 1 0 0 
36 allreduce 4 0 1 
36 allreduce 1 0 0 
36 allreduce 4 0 1 
36 allreduce 1 0 0 
36 allreduce 4 0 1 
36 allreduce 1 0 0 
36 allreduce 4 0 1 
36 allreduce 1 0 0 
36 allreduce 4 0 1 
36 allreduce 1 0 0 
36 allreduce 4 0 1 
36 allreduce 1 0 0 
36 allreduce 4 0 1 
36 allreduce 1 0 0 
36 allreduce 4 0 1 
36 allreduce 1 0 0 
36 allreduce 4 0 1 
36 allreduce 1 0 0 
36 allreduce 4 0 1 
36 allreduce 1 0 0 
36 allreduce 4 0 1 
36 allreduce 1 0 0 
36 allreduce 4 0 1 
36 allreduce 1 0 0 
36 allreduce 4 0 1 
36 allreduce 1 0 0 
36 allreduce 4 0 1 
36 barrier
36 irecv 37 1100 200 0
36 irecv 39 1300 200 0
36 send 37 1300 64 0
36 send 39 1100 64 0
36 wait 38 37 1100
36 wait 40 37 1300
36 irecv 40 2100 200 0
36 irecv 32 2300 200 0
36 send 40 2300 80 0
36 send 32 2100 80 0
36 wait 41 37 2100
36 wait 33 37 2300
36 irecv 52 3100 200 0
36 irecv 20 3300 200 0
36 send 52 3300 100 0
36 send 20 3100 100 0
36 wait 53 37 3100
36 wait 21 37 3300
36 barrier
36 irecv 37 1100 200 0
36 irecv 39 1300 200 0
36 send 37 1300 64 0
36 send 39 1100 64 0
36 wait 38 37 1100
36 wait 40 37 1300
36 irecv 40 2100 200 0
36 irecv 32 2300 200 0
36 send 40 2300 80 0
36 send 32 2100 80 0
36 wait 41 37 2100
36 wait 33 37 2300
36 irecv 52 3100 200 0
36 irecv 20 3300 200 0
36 send 52 3300 100 0
36 send 20 3100 100 0
36 wait 53 37 3100
36 wait 21 37 3300
36 allreduce 1 0 0 
36 allreduce 1 0 0 
36 irecv 37 1100 200 0
36 irecv 39 1300 200 0
36 send 37 1300 16 0
36 send 39 1100 16 0
36 wait 38 37 1100
36 wait 40 37 1300
36 irecv 40 2100 200 0
36 irecv 32 2300 200 0
36 send 40 2300 24 0
36 send 32 2100 24 0
36 wait 41 37 2100
36 wait 33 37 2300
36 irecv 52 3100 200 0
36 irecv 20 3300 200 0
36 send 52 3300 36 0
36 send 20 3100 36 0
36 wait 53 37 3100
36 wait 21 37 3300
36 irecv 37 1100 200 0
36 irecv 39 1300 200 0
36 send 37 1300 4 0
36 send 39 1100 4 0
36 wait 38 37 1100
36 wait 40 37 1300
36 irecv 40 2100 200 0
36 irecv 32 2300 200 0
36 send 40 2300 8 0
36 send 32 2100 8 0
36 wait 41 37 2100
36 wait 33 37 2300
36 irecv 52 3100 200 0
36 irecv 20 3300 200 0
36 send 52 3300 16 0
36 send 20 3100 16 0
36 wait 53 37 3100
36 wait 21 37 3300
36 irecv 37 1100 200 0
36 irecv 39 1300 200 0
36 send 37 1300 1 0
36 send 39 1100 1 0
36 wait 38 37 1100
36 wait 40 37 1300
36 irecv 40 2100 200 0
36 irecv 32 2300 200 0
36 send 40 2300 3 0
36 send 32 2100 3 0
36 wait 41 37 2100
36 wait 33 37 2300
36 irecv 52 3100 200 0
36 irecv 20 3300 200 0
36 send 52 3300 9 0
36 send 20 3100 9 0
36 wait 53 37 3100
36 wait 21 37 3300
36 irecv 37 1100 200 0
36 irecv 39 1300 200 0
36 wait 38 37 1100
36 wait 40 37 1300
36 send 40 2300 18 0
36 send 32 2100 9 0
36 irecv 52 3100 200 0
36 irecv 20 3300 200 0
36 wait 53 37 3100
36 wait 21 37 3300
36 irecv 37 1100 200 0
36 irecv 39 1300 200 0
36 send 37 1300 1 0
36 send 39 1100 1 0
36 wait 38 37 1100
36 wait 40 37 1300
36 irecv 40 2100 200 0
36 irecv 32 2300 200 0
36 send 40 2300 3 0
36 send 32 2100 3 0
36 wait 41 37 2100
36 wait 33 37 2300
36 irecv 52 3100 200 0
36 irecv 20 3300 200 0
36 send 52 3300 9 0
36 send 20 3100 9 0
36 wait 53 37 3100
36 wait 21 37 3300
36 irecv 37 1100 200 0
36 irecv 39 1300 200 0
36 send 37 1300 1 0
36 send 39 1100 1 0
36 wait 38 37 1100
36 wait 40 37 1300
36 irecv 40 2100 200 0
36 irecv 32 2300 200 0
36 send 40 2300 3 0
36 send 32 2100 3 0
36 wait 41 37 2100
36 wait 33 37 2300
36 irecv 52 3100 200 0
36 irecv 20 3300 200 0
36 send 52 3300 9 0
36 send 20 3100 9 0
36 wait 53 37 3100
36 wait 21 37 3300
36 irecv 37 1100 200 0
36 irecv 39 1300 200 0
36 send 37 1300 4 0
36 send 39 1100 4 0
36 wait 38 37 1100
36 wait 40 37 1300
36 irecv 40 2100 200 0
36 irecv 32 2300 200 0
36 send 40 2300 8 0
36 send 32 2100 8 0
36 wait 41 37 2100
36 wait 33 37 2300
36 irecv 52 3100 200 0
36 irecv 20 3300 200 0
36 send 52 3300 16 0
36 send 20 3100 16 0
36 wait 53 37 3100
36 wait 21 37 3300
36 irecv 37 1100 200 0
36 irecv 39 1300 200 0
36 send 37 1300 4 0
36 send 39 1100 4 0
36 wait 38 37 1100
36 wait 40 37 1300
36 irecv 40 2100 200 0
36 irecv 32 2300 200 0
36 send 40 2300 8 0
36 send 32 2100 8 0
36 wait 41 37 2100
36 wait 33 37 2300
36 irecv 52 3100 200 0
36 irecv 20 3300 200 0
36 send 52 3300 16 0
36 send 20 3100 16 0
36 wait 53 37 3100
36 wait 21 37 3300
36 irecv 37 1100 200 0
36 irecv 39 1300 200 0
36 send 37 1300 16 0
36 send 39 1100 16 0
36 wait 38 37 1100
36 wait 40 37 1300
36 irecv 40 2100 200 0
36 irecv 32 2300 200 0
36 send 40 2300 24 0
36 send 32 2100 24 0
36 wait 41 37 2100
36 wait 33 37 2300
36 irecv 52 3100 200 0
36 irecv 20 3300 200 0
36 send 52 3300 36 0
36 send 20 3100 36 0
36 wait 53 37 3100
36 wait 21 37 3300
36 irecv 37 1100 200 0
36 irecv 39 1300 200 0
36 send 37 1300 16 0
36 send 39 1100 16 0
36 wait 38 37 1100
36 wait 40 37 1300
36 irecv 40 2100 200 0
36 irecv 32 2300 200 0
36 send 40 2300 24 0
36 send 32 2100 24 0
36 wait 41 37 2100
36 wait 33 37 2300
36 irecv 52 3100 200 0
36 irecv 20 3300 200 0
36 send 52 3300 36 0
36 send 20 3100 36 0
36 wait 53 37 3100
36 wait 21 37 3300
36 irecv 37 1100 200 0
36 irecv 39 1300 200 0
36 send 37 1300 64 0
36 send 39 1100 64 0
36 wait 38 37 1100
36 wait 40 37 1300
36 irecv 40 2100 200 0
36 irecv 32 2300 200 0
36 send 40 2300 80 0
36 send 32 2100 80 0
36 wait 41 37 2100
36 wait 33 37 2300
36 irecv 52 3100 200 0
36 irecv 20 3300 200 0
36 send 52 3300 100 0
36 send 20 3100 100 0
36 wait 53 37 3100
36 wait 21 37 3300
36 irecv 37 1100 200 0
36 irecv 39 1300 200 0
36 send 37 1300 64 0
36 send 39 1100 64 0
36 wait 38 37 1100
36 wait 40 37 1300
36 irecv 40 2100 200 0
36 irecv 32 2300 200 0
36 send 40 2300 80 0
36 send 32 2100 80 0
36 wait 41 37 2100
36 wait 33 37 2300
36 irecv 52 3100 200 0
36 irecv 20 3300 200 0
36 send 52 3300 100 0
36 send 20 3100 100 0
36 wait 53 37 3100
36 wait 21 37 3300
36 irecv 37 1100 200 0
36 irecv 39 1300 200 0
36 send 37 1300 64 0
36 send 39 1100 64 0
36 wait 38 37 1100
36 wait 40 37 1300
36 irecv 40 2100 200 0
36 irecv 32 2300 200 0
36 send 40 2300 80 0
36 send 32 2100 80 0
36 wait 41 37 2100
36 wait 33 37 2300
36 irecv 52 3100 200 0
36 irecv 20 3300 200 0
36 send 52 3300 100 0
36 send 20 3100 100 0
36 wait 53 37 3100
36 wait 21 37 3300
36 irecv 37 1100 200 0
36 irecv 39 1300 200 0
36 send 37 1300 16 0
36 send 39 1100 16 0
36 wait 38 37 1100
36 wait 40 37 1300
36 irecv 40 2100 200 0
36 irecv 32 2300 200 0
36 send 40 2300 24 0
36 send 32 2100 24 0
36 wait 41 37 2100
36 wait 33 37 2300
36 irecv 52 3100 200 0
36 irecv 20 3300 200 0
36 send 52 3300 36 0
36 send 20 3100 36 0
36 wait 53 37 3100
36 wait 21 37 3300
36 irecv 37 1100 200 0
36 irecv 39 1300 200 0
36 send 37 1300 4 0
36 send 39 1100 4 0
36 wait 38 37 1100
36 wait 40 37 1300
36 irecv 40 2100 200 0
36 irecv 32 2300 200 0
36 send 40 2300 8 0
36 send 32 2100 8 0
36 wait 41 37 2100
36 wait 33 37 2300
36 irecv 52 3100 200 0
36 irecv 20 3300 200 0
36 send 52 3300 16 0
36 send 20 3100 16 0
36 wait 53 37 3100
36 wait 21 37 3300
36 irecv 37 1100 200 0
36 irecv 39 1300 200 0
36 send 37 1300 1 0
36 send 39 1100 1 0
36 wait 38 37 1100
36 wait 40 37 1300
36 irecv 40 2100 200 0
36 irecv 32 2300 200 0
36 send 40 2300 3 0
36 send 32 2100 3 0
36 wait 41 37 2100
36 wait 33 37 2300
36 irecv 52 3100 200 0
36 irecv 20 3300 200 0
36 send 52 3300 9 0
36 send 20 3100 9 0
36 wait 53 37 3100
36 wait 21 37 3300
36 irecv 37 1100 200 0
36 irecv 39 1300 200 0
36 wait 38 37 1100
36 wait 40 37 1300
36 send 40 2300 18 0
36 send 32 2100 9 0
36 irecv 52 3100 200 0
36 irecv 20 3300 200 0
36 wait 53 37 3100
36 wait 21 37 3300
36 irecv 37 1100 200 0
36 irecv 39 1300 200 0
36 send 37 1300 1 0
36 send 39 1100 1 0
36 wait 38 37 1100
36 wait 40 37 1300
36 irecv 40 2100 200 0
36 irecv 32 2300 200 0
36 send 40 2300 3 0
36 send 32 2100 3 0
36 wait 41 37 2100
36 wait 33 37 2300
36 irecv 52 3100 200 0
36 irecv 20 3300 200 0
36 send 52 3300 9 0
36 send 20 3100 9 0
36 wait 53 37 3100
36 wait 21 37 3300
36 irecv 37 1100 200 0
36 irecv 39 1300 200 0
36 send 37 1300 1 0
36 send 39 1100 1 0
36 wait 38 37 1100
36 wait 40 37 1300
36 irecv 40 2100 200 0
36 irecv 32 2300 200 0
36 send 40 2300 3 0
36 send 32 2100 3 0
36 wait 41 37 2100
36 wait 33 37 2300
36 irecv 52 3100 200 0
36 irecv 20 3300 200 0
36 send 52 3300 9 0
36 send 20 3100 9 0
36 wait 53 37 3100
36 wait 21 37 3300
36 irecv 37 1100 200 0
36 irecv 39 1300 200 0
36 send 37 1300 4 0
36 send 39 1100 4 0
36 wait 38 37 1100
36 wait 40 37 1300
36 irecv 40 2100 200 0
36 irecv 32 2300 200 0
36 send 40 2300 8 0
36 send 32 2100 8 0
36 wait 41 37 2100
36 wait 33 37 2300
36 irecv 52 3100 200 0
36 irecv 20 3300 200 0
36 send 52 3300 16 0
36 send 20 3100 16 0
36 wait 53 37 3100
36 wait 21 37 3300
36 irecv 37 1100 200 0
36 irecv 39 1300 200 0
36 send 37 1300 4 0
36 send 39 1100 4 0
36 wait 38 37 1100
36 wait 40 37 1300
36 irecv 40 2100 200 0
36 irecv 32 2300 200 0
36 send 40 2300 8 0
36 send 32 2100 8 0
36 wait 41 37 2100
36 wait 33 37 2300
36 irecv 52 3100 200 0
36 irecv 20 3300 200 0
36 send 52 3300 16 0
36 send 20 3100 16 0
36 wait 53 37 3100
36 wait 21 37 3300
36 irecv 37 1100 200 0
36 irecv 39 1300 200 0
36 send 37 1300 16 0
36 send 39 1100 16 0
36 wait 38 37 1100
36 wait 40 37 1300
36 irecv 40 2100 200 0
36 irecv 32 2300 200 0
36 send 40 2300 24 0
36 send 32 2100 24 0
36 wait 41 37 2100
36 wait 33 37 2300
36 irecv 52 3100 200 0
36 irecv 20 3300 200 0
36 send 52 3300 36 0
36 send 20 3100 36 0
36 wait 53 37 3100
36 wait 21 37 3300
36 irecv 37 1100 200 0
36 irecv 39 1300 200 0
36 send 37 1300 16 0
36 send 39 1100 16 0
36 wait 38 37 1100
36 wait 40 37 1300
36 irecv 40 2100 200 0
36 irecv 32 2300 200 0
36 send 40 2300 24 0
36 send 32 2100 24 0
36 wait 41 37 2100
36 wait 33 37 2300
36 irecv 52 3100 200 0
36 irecv 20 3300 200 0
36 send 52 3300 36 0
36 send 20 3100 36 0
36 wait 53 37 3100
36 wait 21 37 3300
36 irecv 37 1100 200 0
36 irecv 39 1300 200 0
36 send 37 1300 64 0
36 send 39 1100 64 0
36 wait 38 37 1100
36 wait 40 37 1300
36 irecv 40 2100 200 0
36 irecv 32 2300 200 0
36 send 40 2300 80 0
36 send 32 2100 80 0
36 wait 41 37 2100
36 wait 33 37 2300
36 irecv 52 3100 200 0
36 irecv 20 3300 200 0
36 send 52 3300 100 0
36 send 20 3100 100 0
36 wait 53 37 3100
36 wait 21 37 3300
36 irecv 37 1100 200 0
36 irecv 39 1300 200 0
36 send 37 1300 64 0
36 send 39 1100 64 0
36 wait 38 37 1100
36 wait 40 37 1300
36 irecv 40 2100 200 0
36 irecv 32 2300 200 0
36 send 40 2300 80 0
36 send 32 2100 80 0
36 wait 41 37 2100
36 wait 33 37 2300
36 irecv 52 3100 200 0
36 irecv 20 3300 200 0
36 send 52 3300 100 0
36 send 20 3100 100 0
36 wait 53 37 3100
36 wait 21 37 3300
36 irecv 37 1100 200 0
36 irecv 39 1300 200 0
36 send 37 1300 64 0
36 send 39 1100 64 0
36 wait 38 37 1100
36 wait 40 37 1300
36 irecv 40 2100 200 0
36 irecv 32 2300 200 0
36 send 40 2300 80 0
36 send 32 2100 80 0
36 wait 41 37 2100
36 wait 33 37 2300
36 irecv 52 3100 200 0
36 irecv 20 3300 200 0
36 send 52 3300 100 0
36 send 20 3100 100 0
36 wait 53 37 3100
36 wait 21 37 3300
36 irecv 37 1100 200 0
36 irecv 39 1300 200 0
36 send 37 1300 16 0
36 send 39 1100 16 0
36 wait 38 37 1100
36 wait 40 37 1300
36 irecv 40 2100 200 0
36 irecv 32 2300 200 0
36 send 40 2300 24 0
36 send 32 2100 24 0
36 wait 41 37 2100
36 wait 33 37 2300
36 irecv 52 3100 200 0
36 irecv 20 3300 200 0
36 send 52 3300 36 0
36 send 20 3100 36 0
36 wait 53 37 3100
36 wait 21 37 3300
36 irecv 37 1100 200 0
36 irecv 39 1300 200 0
36 send 37 1300 4 0
36 send 39 1100 4 0
36 wait 38 37 1100
36 wait 40 37 1300
36 irecv 40 2100 200 0
36 irecv 32 2300 200 0
36 send 40 2300 8 0
36 send 32 2100 8 0
36 wait 41 37 2100
36 wait 33 37 2300
36 irecv 52 3100 200 0
36 irecv 20 3300 200 0
36 send 52 3300 16 0
36 send 20 3100 16 0
36 wait 53 37 3100
36 wait 21 37 3300
36 irecv 37 1100 200 0
36 irecv 39 1300 200 0
36 send 37 1300 1 0
36 send 39 1100 1 0
36 wait 38 37 1100
36 wait 40 37 1300
36 irecv 40 2100 200 0
36 irecv 32 2300 200 0
36 send 40 2300 3 0
36 send 32 2100 3 0
36 wait 41 37 2100
36 wait 33 37 2300
36 irecv 52 3100 200 0
36 irecv 20 3300 200 0
36 send 52 3300 9 0
36 send 20 3100 9 0
36 wait 53 37 3100
36 wait 21 37 3300
36 irecv 37 1100 200 0
36 irecv 39 1300 200 0
36 wait 38 37 1100
36 wait 40 37 1300
36 send 40 2300 18 0
36 send 32 2100 9 0
36 irecv 52 3100 200 0
36 irecv 20 3300 200 0
36 wait 53 37 3100
36 wait 21 37 3300
36 irecv 37 1100 200 0
36 irecv 39 1300 200 0
36 send 37 1300 1 0
36 send 39 1100 1 0
36 wait 38 37 1100
36 wait 40 37 1300
36 irecv 40 2100 200 0
36 irecv 32 2300 200 0
36 send 40 2300 3 0
36 send 32 2100 3 0
36 wait 41 37 2100
36 wait 33 37 2300
36 irecv 52 3100 200 0
36 irecv 20 3300 200 0
36 send 52 3300 9 0
36 send 20 3100 9 0
36 wait 53 37 3100
36 wait 21 37 3300
36 irecv 37 1100 200 0
36 irecv 39 1300 200 0
36 send 37 1300 1 0
36 send 39 1100 1 0
36 wait 38 37 1100
36 wait 40 37 1300
36 irecv 40 2100 200 0
36 irecv 32 2300 200 0
36 send 40 2300 3 0
36 send 32 2100 3 0
36 wait 41 37 2100
36 wait 33 37 2300
36 irecv 52 3100 200 0
36 irecv 20 3300 200 0
36 send 52 3300 9 0
36 send 20 3100 9 0
36 wait 53 37 3100
36 wait 21 37 3300
36 irecv 37 1100 200 0
36 irecv 39 1300 200 0
36 send 37 1300 4 0
36 send 39 1100 4 0
36 wait 38 37 1100
36 wait 40 37 1300
36 irecv 40 2100 200 0
36 irecv 32 2300 200 0
36 send 40 2300 8 0
36 send 32 2100 8 0
36 wait 41 37 2100
36 wait 33 37 2300
36 irecv 52 3100 200 0
36 irecv 20 3300 200 0
36 send 52 3300 16 0
36 send 20 3100 16 0
36 wait 53 37 3100
36 wait 21 37 3300
36 irecv 37 1100 200 0
36 irecv 39 1300 200 0
36 send 37 1300 4 0
36 send 39 1100 4 0
36 wait 38 37 1100
36 wait 40 37 1300
36 irecv 40 2100 200 0
36 irecv 32 2300 200 0
36 send 40 2300 8 0
36 send 32 2100 8 0
36 wait 41 37 2100
36 wait 33 37 2300
36 irecv 52 3100 200 0
36 irecv 20 3300 200 0
36 send 52 3300 16 0
36 send 20 3100 16 0
36 wait 53 37 3100
36 wait 21 37 3300
36 irecv 37 1100 200 0
36 irecv 39 1300 200 0
36 send 37 1300 16 0
36 send 39 1100 16 0
36 wait 38 37 1100
36 wait 40 37 1300
36 irecv 40 2100 200 0
36 irecv 32 2300 200 0
36 send 40 2300 24 0
36 send 32 2100 24 0
36 wait 41 37 2100
36 wait 33 37 2300
36 irecv 52 3100 200 0
36 irecv 20 3300 200 0
36 send 52 3300 36 0
36 send 20 3100 36 0
36 wait 53 37 3100
36 wait 21 37 3300
36 irecv 37 1100 200 0
36 irecv 39 1300 200 0
36 send 37 1300 16 0
36 send 39 1100 16 0
36 wait 38 37 1100
36 wait 40 37 1300
36 irecv 40 2100 200 0
36 irecv 32 2300 200 0
36 send 40 2300 24 0
36 send 32 2100 24 0
36 wait 41 37 2100
36 wait 33 37 2300
36 irecv 52 3100 200 0
36 irecv 20 3300 200 0
36 send 52 3300 36 0
36 send 20 3100 36 0
36 wait 53 37 3100
36 wait 21 37 3300
36 irecv 37 1100 200 0
36 irecv 39 1300 200 0
36 send 37 1300 64 0
36 send 39 1100 64 0
36 wait 38 37 1100
36 wait 40 37 1300
36 irecv 40 2100 200 0
36 irecv 32 2300 200 0
36 send 40 2300 80 0
36 send 32 2100 80 0
36 wait 41 37 2100
36 wait 33 37 2300
36 irecv 52 3100 200 0
36 irecv 20 3300 200 0
36 send 52 3300 100 0
36 send 20 3100 100 0
36 wait 53 37 3100
36 wait 21 37 3300
36 irecv 37 1100 200 0
36 irecv 39 1300 200 0
36 send 37 1300 64 0
36 send 39 1100 64 0
36 wait 38 37 1100
36 wait 40 37 1300
36 irecv 40 2100 200 0
36 irecv 32 2300 200 0
36 send 40 2300 80 0
36 send 32 2100 80 0
36 wait 41 37 2100
36 wait 33 37 2300
36 irecv 52 3100 200 0
36 irecv 20 3300 200 0
36 send 52 3300 100 0
36 send 20 3100 100 0
36 wait 53 37 3100
36 wait 21 37 3300
36 irecv 37 1100 200 0
36 irecv 39 1300 200 0
36 send 37 1300 64 0
36 send 39 1100 64 0
36 wait 38 37 1100
36 wait 40 37 1300
36 irecv 40 2100 200 0
36 irecv 32 2300 200 0
36 send 40 2300 80 0
36 send 32 2100 80 0
36 wait 41 37 2100
36 wait 33 37 2300
36 irecv 52 3100 200 0
36 irecv 20 3300 200 0
36 send 52 3300 100 0
36 send 20 3100 100 0
36 wait 53 37 3100
36 wait 21 37 3300
36 irecv 37 1100 200 0
36 irecv 39 1300 200 0
36 send 37 1300 16 0
36 send 39 1100 16 0
36 wait 38 37 1100
36 wait 40 37 1300
36 irecv 40 2100 200 0
36 irecv 32 2300 200 0
36 send 40 2300 24 0
36 send 32 2100 24 0
36 wait 41 37 2100
36 wait 33 37 2300
36 irecv 52 3100 200 0
36 irecv 20 3300 200 0
36 send 52 3300 36 0
36 send 20 3100 36 0
36 wait 53 37 3100
36 wait 21 37 3300
36 irecv 37 1100 200 0
36 irecv 39 1300 200 0
36 send 37 1300 4 0
36 send 39 1100 4 0
36 wait 38 37 1100
36 wait 40 37 1300
36 irecv 40 2100 200 0
36 irecv 32 2300 200 0
36 send 40 2300 8 0
36 send 32 2100 8 0
36 wait 41 37 2100
36 wait 33 37 2300
36 irecv 52 3100 200 0
36 irecv 20 3300 200 0
36 send 52 3300 16 0
36 send 20 3100 16 0
36 wait 53 37 3100
36 wait 21 37 3300
36 irecv 37 1100 200 0
36 compute 312.5
36 irecv 39 1300 200 0
36 send 37 1300 1 0
36 send 39 1100 1 0
36 wait 38 37 1100
36 wait 40 37 1300
36 irecv 40 2100 200 0
36 irecv 32 2300 200 0
36 send 40 2300 3 0
36 send 32 2100 3 0
36 wait 41 37 2100
36 wait 33 37 2300
36 irecv 52 3100 200 0
36 irecv 20 3300 200 0
36 send 52 3300 9 0
36 send 20 3100 9 0
36 wait 53 37 3100
36 wait 21 37 3300
36 irecv 37 1100 200 0
36 irecv 39 1300 200 0
36 wait 38 37 1100
36 wait 40 37 1300
36 send 40 2300 18 0
36 send 32 2100 9 0
36 irecv 52 3100 200 0
36 irecv 20 3300 200 0
36 wait 53 37 3100
36 wait 21 37 3300
36 irecv 37 1100 200 0
36 irecv 39 1300 200 0
36 send 37 1300 1 0
36 send 39 1100 1 0
36 wait 38 37 1100
36 wait 40 37 1300
36 irecv 40 2100 200 0
36 irecv 32 2300 200 0
36 send 40 2300 3 0
36 send 32 2100 3 0
36 wait 41 37 2100
36 wait 33 37 2300
36 irecv 52 3100 200 0
36 irecv 20 3300 200 0
36 send 52 3300 9 0
36 send 20 3100 9 0
36 wait 53 37 3100
36 wait 21 37 3300
36 irecv 37 1100 200 0
36 irecv 39 1300 200 0
36 send 37 1300 1 0
36 send 39 1100 1 0
36 wait 38 37 1100
36 wait 40 37 1300
36 irecv 40 2100 200 0
36 irecv 32 2300 200 0
36 send 40 2300 3 0
36 send 32 2100 3 0
36 wait 41 37 2100
36 wait 33 37 2300
36 irecv 52 3100 200 0
36 irecv 20 3300 200 0
36 send 52 3300 9 0
36 send 20 3100 9 0
36 wait 53 37 3100
36 wait 21 37 3300
36 irecv 37 1100 200 0
36 irecv 39 1300 200 0
36 send 37 1300 4 0
36 send 39 1100 4 0
36 wait 38 37 1100
36 wait 40 37 1300
36 irecv 40 2100 200 0
36 irecv 32 2300 200 0
36 send 40 2300 8 0
36 send 32 2100 8 0
36 wait 41 37 2100
36 wait 33 37 2300
36 irecv 52 3100 200 0
36 irecv 20 3300 200 0
36 send 52 3300 16 0
36 send 20 3100 16 0
36 wait 53 37 3100
36 wait 21 37 3300
36 irecv 37 1100 200 0
36 irecv 39 1300 200 0
36 send 37 1300 4 0
36 send 39 1100 4 0
36 wait 38 37 1100
36 wait 40 37 1300
36 irecv 40 2100 200 0
36 irecv 32 2300 200 0
36 send 40 2300 8 0
36 send 32 2100 8 0
36 wait 41 37 2100
36 wait 33 37 2300
36 irecv 52 3100 200 0
36 irecv 20 3300 200 0
36 send 52 3300 16 0
36 send 20 3100 16 0
36 wait 53 37 3100
36 wait 21 37 3300
36 irecv 37 1100 200 0
36 irecv 39 1300 200 0
36 send 37 1300 16 0
36 send 39 1100 16 0
36 wait 38 37 1100
36 wait 40 37 1300
36 irecv 40 2100 200 0
36 irecv 32 2300 200 0
36 send 40 2300 24 0
36 send 32 2100 24 0
36 wait 41 37 2100
36 wait 33 37 2300
36 irecv 52 3100 200 0
36 irecv 20 3300 200 0
36 send 52 3300 36 0
36 send 20 3100 36 0
36 wait 53 37 3100
36 wait 21 37 3300
36 irecv 37 1100 200 0
36 irecv 39 1300 200 0
36 send 37 1300 16 0
36 send 39 1100 16 0
36 wait 38 37 1100
36 wait 40 37 1300
36 irecv 40 2100 200 0
36 irecv 32 2300 200 0
36 send 40 2300 24 0
36 send 32 2100 24 0
36 wait 41 37 2100
36 wait 33 37 2300
36 irecv 52 3100 200 0
36 irecv 20 3300 200 0
36 send 52 3300 36 0
36 send 20 3100 36 0
36 wait 53 37 3100
36 wait 21 37 3300
36 irecv 37 1100 200 0
36 irecv 39 1300 200 0
36 send 37 1300 64 0
36 send 39 1100 64 0
36 wait 38 37 1100
36 wait 40 37 1300
36 irecv 40 2100 200 0
36 irecv 32 2300 200 0
36 send 40 2300 80 0
36 send 32 2100 80 0
36 wait 41 37 2100
36 wait 33 37 2300
36 irecv 52 3100 200 0
36 irecv 20 3300 200 0
36 send 52 3300 100 0
36 send 20 3100 100 0
36 wait 53 37 3100
36 wait 21 37 3300
36 irecv 37 1100 200 0
36 irecv 39 1300 200 0
36 send 37 1300 64 0
36 send 39 1100 64 0
36 wait 38 37 1100
36 wait 40 37 1300
36 irecv 40 2100 200 0
36 irecv 32 2300 200 0
36 send 40 2300 80 0
36 send 32 2100 80 0
36 wait 41 37 2100
36 wait 33 37 2300
36 irecv 52 3100 200 0
36 irecv 20 3300 200 0
36 send 52 3300 100 0
36 send 20 3100 100 0
36 wait 53 37 3100
36 wait 21 37 3300
36 irecv 37 1100 200 0
36 irecv 39 1300 200 0
36 send 37 1300 64 0
36 send 39 1100 64 0
36 wait 38 37 1100
36 wait 40 37 1300
36 irecv 40 2100 200 0
36 irecv 32 2300 200 0
36 send 40 2300 80 0
36 send 32 2100 80 0
36 wait 41 37 2100
36 wait 33 37 2300
36 irecv 52 3100 200 0
36 irecv 20 3300 200 0
36 send 52 3300 100 0
36 send 20 3100 100 0
36 wait 53 37 3100
36 wait 21 37 3300
36 allreduce 1 0 0 
36 allreduce 1 0 0 
36 reduce 1 0 0 0 
36 finalize
