61 init
61 barrier
61 bcast 1 0 1 
61 bcast 1 0 1 
61 bcast 1 0 1 
61 bcast 1 0 1 
61 bcast 1 0 1 
61 bcast 8 0 1 
61 bcast 1 0 16 
61 barrier
61 allreduce 1 0 0 
61 allreduce 4 0 1 
61 allreduce 1 0 0 
61 allreduce 4 0 1 
61 allreduce 1 0 0 
61 allreduce 4 0 1 
61 allreduce 1 0 0 
61 allreduce 4 0 1 
61 allreduce 1 0 0 
61 allreduce 4 0 1 
61 allreduce 1 0 0 
61 allreduce 4 0 1 
61 allreduce 1 0 0 
61 allreduce 4 0 1 
61 allreduce 1 0 0 
61 allreduce 4 0 1 
61 allreduce 1 0 0 
61 allreduce 4 0 1 
61 allreduce 1 0 0 
61 allreduce 4 0 1 
61 allreduce 1 0 0 
61 allreduce 4 0 1 
61 allreduce 1 0 0 
61 allreduce 4 0 1 
61 allreduce 1 0 0 
61 allreduce 4 0 1 
61 allreduce 1 0 0 
61 allreduce 4 0 1 
61 allreduce 1 0 0 
61 allreduce 4 0 1 
61 allreduce 1 0 0 
61 allreduce 4 0 1 
61 allreduce 1 0 0 
61 allreduce 4 0 1 
61 allreduce 1 0 0 
61 allreduce 4 0 1 
61 allreduce 1 0 0 
61 allreduce 4 0 1 
61 allreduce 1 0 0 
61 allreduce 4 0 1 
61 barrier
61 irecv 62 1100 200 0
61 irecv 60 1300 200 0
61 send 62 1300 64 0
61 send 60 1100 64 0
61 wait 63 62 1100
61 wait 61 62 1300
61 irecv 49 2100 200 0
61 irecv 57 2300 200 0
61 send 49 2300 80 0
61 send 57 2100 80 0
61 wait 50 62 2100
61 wait 58 62 2300
61 irecv 13 3100 200 0
61 irecv 45 3300 200 0
61 send 13 3300 100 0
61 send 45 3100 100 0
61 wait 14 62 3100
61 wait 46 62 3300
61 allreduce 1 0 0 
61 allreduce 1 0 0 
61 irecv 62 1100 200 0
61 irecv 60 1300 200 0
61 send 62 1300 64 0
61 send 60 1100 64 0
61 wait 63 62 1100
61 wait 61 62 1300
61 irecv 49 2100 200 0
61 irecv 57 2300 200 0
61 send 49 2300 80 0
61 send 57 2100 80 0
61 wait 50 62 2100
61 wait 58 62 2300
61 irecv 13 3100 200 0
61 irecv 45 3300 200 0
61 send 13 3300 100 0
61 send 45 3100 100 0
61 wait 14 62 3100
61 wait 46 62 3300
61 allreduce 1 0 0 
61 allreduce 1 0 0 
61 irecv 62 1100 200 0
61 irecv 60 1300 200 0
61 send 62 1300 16 0
61 send 60 1100 16 0
61 wait 63 62 1100
61 wait 61 62 1300
61 irecv 49 2100 200 0
61 irecv 57 2300 200 0
61 send 49 2300 24 0
61 send 57 2100 24 0
61 wait 50 62 2100
61 wait 58 62 2300
61 irecv 13 3100 200 0
61 irecv 45 3300 200 0
61 send 13 3300 36 0
61 send 45 3100 36 0
61 wait 14 62 3100
61 wait 46 62 3300
61 irecv 62 1100 200 0
61 irecv 60 1300 200 0
61 send 62 1300 4 0
61 send 60 1100 4 0
61 wait 63 62 1100
61 wait 61 62 1300
61 irecv 49 2100 200 0
61 irecv 57 2300 200 0
61 send 49 2300 8 0
61 send 57 2100 8 0
61 wait 50 62 2100
61 wait 58 62 2300
61 irecv 13 3100 200 0
61 irecv 45 3300 200 0
61 send 13 3300 16 0
61 send 45 3100 16 0
61 wait 14 62 3100
61 wait 46 62 3300
61 irecv 62 1100 200 0
61 irecv 60 1300 200 0
61 send 62 1300 1 0
61 send 60 1100 1 0
61 wait 63 62 1100
61 wait 61 62 1300
61 irecv 49 2100 200 0
61 irecv 57 2300 200 0
61 send 49 2300 3 0
61 send 57 2100 3 0
61 wait 50 62 2100
61 wait 58 62 2300
61 irecv 13 3100 200 0
61 irecv 45 3300 200 0
61 send 13 3300 9 0
61 send 45 3100 9 0
61 wait 14 62 3100
61 wait 46 62 3300
61 irecv 63 1100 200 0
61 irecv 63 1300 200 0
61 send 63 1300 1 0
61 send 63 1100 1 0
61 wait 64 62 1100
61 wait 64 62 1300
61 irecv 53 2100 200 0
61 irecv 53 2300 200 0
61 send 53 2300 3 0
61 send 53 2100 3 0
61 wait 54 62 2100
61 wait 54 62 2300
61 irecv 29 3100 200 0
61 irecv 29 3300 200 0
61 send 29 3300 9 0
61 send 29 3100 9 0
61 wait 30 62 3100
61 wait 30 62 3300
61 irecv 63 1100 200 0
61 irecv 63 1300 200 0
61 send 63 1300 1 0
61 send 63 1100 1 0
61 wait 64 62 1100
61 wait 64 62 1300
61 irecv 53 2100 200 0
61 irecv 53 2300 200 0
61 send 53 2300 3 0
61 send 53 2100 3 0
61 wait 54 62 2100
61 wait 54 62 2300
61 irecv 29 3100 200 0
61 irecv 29 3300 200 0
61 send 29 3300 9 0
61 send 29 3100 9 0
61 wait 30 62 3100
61 wait 30 62 3300
61 send 62 1300 18 0
61 send 60 1100 9 0
61 send 49 2300 18 0
61 send 57 2100 9 0
61 send 13 3300 18 0
61 send 45 3100 9 0
61 irecv 62 1100 200 0
61 irecv 60 1300 200 0
61 send 62 1300 1 0
61 send 60 1100 1 0
61 wait 63 62 1100
61 wait 61 62 1300
61 irecv 49 2100 200 0
61 irecv 57 2300 200 0
61 send 49 2300 3 0
61 send 57 2100 3 0
61 wait 50 62 2100
61 wait 58 62 2300
61 irecv 13 3100 200 0
61 irecv 45 3300 200 0
61 send 13 3300 9 0
61 send 45 3100 9 0
61 wait 14 62 3100
61 wait 46 62 3300
61 irecv 62 1100 200 0
61 irecv 60 1300 200 0
61 send 62 1300 1 0
61 send 60 1100 1 0
61 wait 63 62 1100
61 wait 61 62 1300
61 irecv 49 2100 200 0
61 irecv 57 2300 200 0
61 send 49 2300 3 0
61 send 57 2100 3 0
61 wait 50 62 2100
61 wait 58 62 2300
61 irecv 13 3100 200 0
61 irecv 45 3300 200 0
61 send 13 3300 9 0
61 send 45 3100 9 0
61 wait 14 62 3100
61 wait 46 62 3300
61 irecv 62 1100 200 0
61 irecv 60 1300 200 0
61 send 62 1300 4 0
61 send 60 1100 4 0
61 wait 63 62 1100
61 wait 61 62 1300
61 irecv 49 2100 200 0
61 irecv 57 2300 200 0
61 send 49 2300 8 0
61 send 57 2100 8 0
61 wait 50 62 2100
61 wait 58 62 2300
61 irecv 13 3100 200 0
61 irecv 45 3300 200 0
61 send 13 3300 16 0
61 send 45 3100 16 0
61 wait 14 62 3100
61 wait 46 62 3300
61 irecv 62 1100 200 0
61 irecv 60 1300 200 0
61 send 62 1300 4 0
61 send 60 1100 4 0
61 wait 63 62 1100
61 wait 61 62 1300
61 irecv 49 2100 200 0
61 irecv 57 2300 200 0
61 send 49 2300 8 0
61 send 57 2100 8 0
61 wait 50 62 2100
61 wait 58 62 2300
61 irecv 13 3100 200 0
61 irecv 45 3300 200 0
61 send 13 3300 16 0
61 send 45 3100 16 0
61 wait 14 62 3100
61 wait 46 62 3300
61 irecv 62 1100 200 0
61 irecv 60 1300 200 0
61 send 62 1300 16 0
61 send 60 1100 16 0
61 wait 63 62 1100
61 wait 61 62 1300
61 irecv 49 2100 200 0
61 irecv 57 2300 200 0
61 send 49 2300 24 0
61 send 57 2100 24 0
61 wait 50 62 2100
61 wait 58 62 2300
61 irecv 13 3100 200 0
61 irecv 45 3300 200 0
61 send 13 3300 36 0
61 send 45 3100 36 0
61 wait 14 62 3100
61 wait 46 62 3300
61 irecv 62 1100 200 0
61 irecv 60 1300 200 0
61 send 62 1300 16 0
61 send 60 1100 16 0
61 wait 63 62 1100
61 wait 61 62 1300
61 irecv 49 2100 200 0
61 irecv 57 2300 200 0
61 send 49 2300 24 0
61 send 57 2100 24 0
61 wait 50 62 2100
61 wait 58 62 2300
61 irecv 13 3100 200 0
61 irecv 45 3300 200 0
61 send 13 3300 36 0
61 send 45 3100 36 0
61 wait 14 62 3100
61 wait 46 62 3300
61 irecv 62 1100 200 0
61 irecv 60 1300 200 0
61 send 62 1300 64 0
61 send 60 1100 64 0
61 wait 63 62 1100
61 wait 61 62 1300
61 irecv 49 2100 200 0
61 irecv 57 2300 200 0
61 send 49 2300 80 0
61 send 57 2100 80 0
61 wait 50 62 2100
61 wait 58 62 2300
61 irecv 13 3100 200 0
61 irecv 45 3300 200 0
61 send 13 3300 100 0
61 send 45 3100 100 0
61 wait 14 62 3100
61 wait 46 62 3300
61 irecv 62 1100 200 0
61 irecv 60 1300 200 0
61 send 62 1300 64 0
61 send 60 1100 64 0
61 wait 63 62 1100
61 wait 61 62 1300
61 irecv 49 2100 200 0
61 irecv 57 2300 200 0
61 send 49 2300 80 0
61 send 57 2100 80 0
61 wait 50 62 2100
61 wait 58 62 2300
61 irecv 13 3100 200 0
61 irecv 45 3300 200 0
61 send 13 3300 100 0
61 send 45 3100 100 0
61 wait 14 62 3100
61 wait 46 62 3300
61 irecv 62 1100 200 0
61 irecv 60 1300 200 0
61 send 62 1300 64 0
61 send 60 1100 64 0
61 wait 63 62 1100
61 wait 61 62 1300
61 irecv 49 2100 200 0
61 irecv 57 2300 200 0
61 send 49 2300 80 0
61 send 57 2100 80 0
61 wait 50 62 2100
61 wait 58 62 2300
61 irecv 13 3100 200 0
61 irecv 45 3300 200 0
61 send 13 3300 100 0
61 send 45 3100 100 0
61 wait 14 62 3100
61 wait 46 62 3300
61 barrier
61 allreduce 1 0 0 
61 allreduce 4 0 1 
61 allreduce 1 0 0 
61 allreduce 4 0 1 
61 allreduce 1 0 0 
61 allreduce 4 0 1 
61 allreduce 1 0 0 
61 allreduce 4 0 1 
61 allreduce 1 0 0 
61 allreduce 4 0 1 
61 allreduce 1 0 0 
61 allreduce 4 0 1 
61 allreduce 1 0 0 
61 allreduce 4 0 1 
61 allreduce 1 0 0 
61 allreduce 4 0 1 
61 allreduce 1 0 0 
61 allreduce 4 0 1 
61 allreduce 1 0 0 
61 allreduce 4 0 1 
61 allreduce 1 0 0 
61 allreduce 4 0 1 
61 allreduce 1 0 0 
61 allreduce 4 0 1 
61 allreduce 1 0 0 
61 allreduce 4 0 1 
61 allreduce 1 0 0 
61 allreduce 4 0 1 
61 allreduce 1 0 0 
61 allreduce 4 0 1 
61 allreduce 1 0 0 
61 allreduce 4 0 1 
61 allreduce 1 0 0 
61 allreduce 4 0 1 
61 allreduce 1 0 0 
61 allreduce 4 0 1 
61 allreduce 1 0 0 
61 allreduce 4 0 1 
61 allreduce 1 0 0 
61 allreduce 4 0 1 
61 barrier
61 irecv 62 1100 200 0
61 irecv 60 1300 200 0
61 send 62 1300 64 0
61 send 60 1100 64 0
61 wait 63 62 1100
61 wait 61 62 1300
61 irecv 49 2100 200 0
61 irecv 57 2300 200 0
61 send 49 2300 80 0
61 send 57 2100 80 0
61 wait 50 62 2100
61 wait 58 62 2300
61 irecv 13 3100 200 0
61 irecv 45 3300 200 0
61 send 13 3300 100 0
61 send 45 3100 100 0
61 wait 14 62 3100
61 wait 46 62 3300
61 barrier
61 irecv 62 1100 200 0
61 irecv 60 1300 200 0
61 send 62 1300 64 0
61 send 60 1100 64 0
61 wait 63 62 1100
61 wait 61 62 1300
61 irecv 49 2100 200 0
61 irecv 57 2300 200 0
61 send 49 2300 80 0
61 send 57 2100 80 0
61 wait 50 62 2100
61 wait 58 62 2300
61 irecv 13 3100 200 0
61 irecv 45 3300 200 0
61 send 13 3300 100 0
61 send 45 3100 100 0
61 wait 14 62 3100
61 wait 46 62 3300
61 allreduce 1 0 0 
61 allreduce 1 0 0 
61 irecv 62 1100 200 0
61 irecv 60 1300 200 0
61 send 62 1300 16 0
61 send 60 1100 16 0
61 wait 63 62 1100
61 wait 61 62 1300
61 irecv 49 2100 200 0
61 irecv 57 2300 200 0
61 send 49 2300 24 0
61 send 57 2100 24 0
61 wait 50 62 2100
61 wait 58 62 2300
61 irecv 13 3100 200 0
61 irecv 45 3300 200 0
61 send 13 3300 36 0
61 send 45 3100 36 0
61 wait 14 62 3100
61 wait 46 62 3300
61 irecv 62 1100 200 0
61 irecv 60 1300 200 0
61 send 62 1300 4 0
61 send 60 1100 4 0
61 wait 63 62 1100
61 wait 61 62 1300
61 irecv 49 2100 200 0
61 irecv 57 2300 200 0
61 send 49 2300 8 0
61 send 57 2100 8 0
61 wait 50 62 2100
61 wait 58 62 2300
61 irecv 13 3100 200 0
61 irecv 45 3300 200 0
61 send 13 3300 16 0
61 send 45 3100 16 0
61 wait 14 62 3100
61 wait 46 62 3300
61 irecv 62 1100 200 0
61 irecv 60 1300 200 0
61 send 62 1300 1 0
61 send 60 1100 1 0
61 wait 63 62 1100
61 wait 61 62 1300
61 irecv 49 2100 200 0
61 irecv 57 2300 200 0
61 send 49 2300 3 0
61 send 57 2100 3 0
61 wait 50 62 2100
61 wait 58 62 2300
61 irecv 13 3100 200 0
61 irecv 45 3300 200 0
61 send 13 3300 9 0
61 send 45 3100 9 0
61 wait 14 62 3100
61 wait 46 62 3300
61 irecv 63 1100 200 0
61 irecv 63 1300 200 0
61 send 63 1300 1 0
61 send 63 1100 1 0
61 wait 64 62 1100
61 wait 64 62 1300
61 irecv 53 2100 200 0
61 irecv 53 2300 200 0
61 send 53 2300 3 0
61 send 53 2100 3 0
61 wait 54 62 2100
61 wait 54 62 2300
61 irecv 29 3100 200 0
61 irecv 29 3300 200 0
61 send 29 3300 9 0
61 send 29 3100 9 0
61 wait 30 62 3100
61 wait 30 62 3300
61 irecv 63 1100 200 0
61 irecv 63 1300 200 0
61 send 63 1300 1 0
61 send 63 1100 1 0
61 wait 64 62 1100
61 wait 64 62 1300
61 irecv 53 2100 200 0
61 irecv 53 2300 200 0
61 send 53 2300 3 0
61 send 53 2100 3 0
61 wait 54 62 2100
61 wait 54 62 2300
61 irecv 29 3100 200 0
61 irecv 29 3300 200 0
61 send 29 3300 9 0
61 send 29 3100 9 0
61 wait 30 62 3100
61 wait 30 62 3300
61 send 62 1300 18 0
61 send 60 1100 9 0
61 send 49 2300 18 0
61 send 57 2100 9 0
61 send 13 3300 18 0
61 send 45 3100 9 0
61 irecv 62 1100 200 0
61 irecv 60 1300 200 0
61 send 62 1300 1 0
61 send 60 1100 1 0
61 wait 63 62 1100
61 wait 61 62 1300
61 irecv 49 2100 200 0
61 irecv 57 2300 200 0
61 send 49 2300 3 0
61 send 57 2100 3 0
61 wait 50 62 2100
61 wait 58 62 2300
61 irecv 13 3100 200 0
61 irecv 45 3300 200 0
61 send 13 3300 9 0
61 send 45 3100 9 0
61 wait 14 62 3100
61 wait 46 62 3300
61 irecv 62 1100 200 0
61 irecv 60 1300 200 0
61 send 62 1300 1 0
61 send 60 1100 1 0
61 wait 63 62 1100
61 wait 61 62 1300
61 irecv 49 2100 200 0
61 irecv 57 2300 200 0
61 send 49 2300 3 0
61 send 57 2100 3 0
61 wait 50 62 2100
61 wait 58 62 2300
61 irecv 13 3100 200 0
61 irecv 45 3300 200 0
61 send 13 3300 9 0
61 send 45 3100 9 0
61 wait 14 62 3100
61 wait 46 62 3300
61 irecv 62 1100 200 0
61 irecv 60 1300 200 0
61 send 62 1300 4 0
61 send 60 1100 4 0
61 wait 63 62 1100
61 wait 61 62 1300
61 irecv 49 2100 200 0
61 irecv 57 2300 200 0
61 send 49 2300 8 0
61 send 57 2100 8 0
61 wait 50 62 2100
61 wait 58 62 2300
61 irecv 13 3100 200 0
61 irecv 45 3300 200 0
61 send 13 3300 16 0
61 send 45 3100 16 0
61 wait 14 62 3100
61 wait 46 62 3300
61 irecv 62 1100 200 0
61 irecv 60 1300 200 0
61 send 62 1300 4 0
61 send 60 1100 4 0
61 wait 63 62 1100
61 wait 61 62 1300
61 irecv 49 2100 200 0
61 irecv 57 2300 200 0
61 send 49 2300 8 0
61 send 57 2100 8 0
61 wait 50 62 2100
61 wait 58 62 2300
61 irecv 13 3100 200 0
61 irecv 45 3300 200 0
61 send 13 3300 16 0
61 send 45 3100 16 0
61 wait 14 62 3100
61 wait 46 62 3300
61 irecv 62 1100 200 0
61 irecv 60 1300 200 0
61 send 62 1300 16 0
61 send 60 1100 16 0
61 wait 63 62 1100
61 wait 61 62 1300
61 irecv 49 2100 200 0
61 irecv 57 2300 200 0
61 send 49 2300 24 0
61 send 57 2100 24 0
61 wait 50 62 2100
61 wait 58 62 2300
61 irecv 13 3100 200 0
61 irecv 45 3300 200 0
61 send 13 3300 36 0
61 send 45 3100 36 0
61 wait 14 62 3100
61 wait 46 62 3300
61 irecv 62 1100 200 0
61 irecv 60 1300 200 0
61 send 62 1300 16 0
61 send 60 1100 16 0
61 wait 63 62 1100
61 wait 61 62 1300
61 irecv 49 2100 200 0
61 irecv 57 2300 200 0
61 send 49 2300 24 0
61 send 57 2100 24 0
61 wait 50 62 2100
61 wait 58 62 2300
61 irecv 13 3100 200 0
61 irecv 45 3300 200 0
61 send 13 3300 36 0
61 send 45 3100 36 0
61 wait 14 62 3100
61 wait 46 62 3300
61 irecv 62 1100 200 0
61 irecv 60 1300 200 0
61 send 62 1300 64 0
61 send 60 1100 64 0
61 wait 63 62 1100
61 wait 61 62 1300
61 irecv 49 2100 200 0
61 irecv 57 2300 200 0
61 send 49 2300 80 0
61 send 57 2100 80 0
61 wait 50 62 2100
61 wait 58 62 2300
61 irecv 13 3100 200 0
61 irecv 45 3300 200 0
61 send 13 3300 100 0
61 send 45 3100 100 0
61 wait 14 62 3100
61 wait 46 62 3300
61 irecv 62 1100 200 0
61 irecv 60 1300 200 0
61 send 62 1300 64 0
61 send 60 1100 64 0
61 wait 63 62 1100
61 wait 61 62 1300
61 irecv 49 2100 200 0
61 irecv 57 2300 200 0
61 send 49 2300 80 0
61 send 57 2100 80 0
61 wait 50 62 2100
61 wait 58 62 2300
61 irecv 13 3100 200 0
61 irecv 45 3300 200 0
61 send 13 3300 100 0
61 send 45 3100 100 0
61 wait 14 62 3100
61 wait 46 62 3300
61 irecv 62 1100 200 0
61 irecv 60 1300 200 0
61 send 62 1300 64 0
61 send 60 1100 64 0
61 wait 63 62 1100
61 wait 61 62 1300
61 irecv 49 2100 200 0
61 irecv 57 2300 200 0
61 send 49 2300 80 0
61 send 57 2100 80 0
61 wait 50 62 2100
61 wait 58 62 2300
61 irecv 13 3100 200 0
61 irecv 45 3300 200 0
61 send 13 3300 100 0
61 send 45 3100 100 0
61 wait 14 62 3100
61 wait 46 62 3300
61 irecv 62 1100 200 0
61 irecv 60 1300 200 0
61 send 62 1300 16 0
61 send 60 1100 16 0
61 wait 63 62 1100
61 wait 61 62 1300
61 irecv 49 2100 200 0
61 irecv 57 2300 200 0
61 send 49 2300 24 0
61 send 57 2100 24 0
61 wait 50 62 2100
61 wait 58 62 2300
61 irecv 13 3100 200 0
61 irecv 45 3300 200 0
61 send 13 3300 36 0
61 send 45 3100 36 0
61 wait 14 62 3100
61 wait 46 62 3300
61 irecv 62 1100 200 0
61 irecv 60 1300 200 0
61 send 62 1300 4 0
61 send 60 1100 4 0
61 wait 63 62 1100
61 wait 61 62 1300
61 irecv 49 2100 200 0
61 irecv 57 2300 200 0
61 send 49 2300 8 0
61 send 57 2100 8 0
61 wait 50 62 2100
61 wait 58 62 2300
61 irecv 13 3100 200 0
61 irecv 45 3300 200 0
61 send 13 3300 16 0
61 send 45 3100 16 0
61 wait 14 62 3100
61 wait 46 62 3300
61 irecv 62 1100 200 0
61 irecv 60 1300 200 0
61 send 62 1300 1 0
61 send 60 1100 1 0
61 wait 63 62 1100
61 wait 61 62 1300
61 irecv 49 2100 200 0
61 irecv 57 2300 200 0
61 send 49 2300 3 0
61 send 57 2100 3 0
61 wait 50 62 2100
61 wait 58 62 2300
61 irecv 13 3100 200 0
61 irecv 45 3300 200 0
61 send 13 3300 9 0
61 send 45 3100 9 0
61 wait 14 62 3100
61 wait 46 62 3300
61 irecv 63 1100 200 0
61 irecv 63 1300 200 0
61 send 63 1300 1 0
61 send 63 1100 1 0
61 wait 64 62 1100
61 wait 64 62 1300
61 irecv 53 2100 200 0
61 irecv 53 2300 200 0
61 send 53 2300 3 0
61 send 53 2100 3 0
61 wait 54 62 2100
61 wait 54 62 2300
61 irecv 29 3100 200 0
61 irecv 29 3300 200 0
61 send 29 3300 9 0
61 send 29 3100 9 0
61 wait 30 62 3100
61 wait 30 62 3300
61 irecv 63 1100 200 0
61 irecv 63 1300 200 0
61 send 63 1300 1 0
61 send 63 1100 1 0
61 wait 64 62 1100
61 wait 64 62 1300
61 irecv 53 2100 200 0
61 irecv 53 2300 200 0
61 send 53 2300 3 0
61 send 53 2100 3 0
61 wait 54 62 2100
61 wait 54 62 2300
61 irecv 29 3100 200 0
61 irecv 29 3300 200 0
61 send 29 3300 9 0
61 send 29 3100 9 0
61 wait 30 62 3100
61 wait 30 62 3300
61 send 62 1300 18 0
61 send 60 1100 9 0
61 send 49 2300 18 0
61 send 57 2100 9 0
61 send 13 3300 18 0
61 send 45 3100 9 0
61 irecv 62 1100 200 0
61 irecv 60 1300 200 0
61 send 62 1300 1 0
61 send 60 1100 1 0
61 wait 63 62 1100
61 wait 61 62 1300
61 irecv 49 2100 200 0
61 irecv 57 2300 200 0
61 send 49 2300 3 0
61 send 57 2100 3 0
61 wait 50 62 2100
61 wait 58 62 2300
61 irecv 13 3100 200 0
61 irecv 45 3300 200 0
61 send 13 3300 9 0
61 send 45 3100 9 0
61 wait 14 62 3100
61 wait 46 62 3300
61 irecv 62 1100 200 0
61 irecv 60 1300 200 0
61 send 62 1300 1 0
61 send 60 1100 1 0
61 wait 63 62 1100
61 wait 61 62 1300
61 irecv 49 2100 200 0
61 irecv 57 2300 200 0
61 send 49 2300 3 0
61 send 57 2100 3 0
61 wait 50 62 2100
61 wait 58 62 2300
61 irecv 13 3100 200 0
61 irecv 45 3300 200 0
61 send 13 3300 9 0
61 send 45 3100 9 0
61 wait 14 62 3100
61 wait 46 62 3300
61 irecv 62 1100 200 0
61 irecv 60 1300 200 0
61 send 62 1300 4 0
61 send 60 1100 4 0
61 wait 63 62 1100
61 wait 61 62 1300
61 irecv 49 2100 200 0
61 irecv 57 2300 200 0
61 send 49 2300 8 0
61 send 57 2100 8 0
61 wait 50 62 2100
61 wait 58 62 2300
61 irecv 13 3100 200 0
61 irecv 45 3300 200 0
61 send 13 3300 16 0
61 send 45 3100 16 0
61 wait 14 62 3100
61 wait 46 62 3300
61 irecv 62 1100 200 0
61 irecv 60 1300 200 0
61 send 62 1300 4 0
61 send 60 1100 4 0
61 wait 63 62 1100
61 wait 61 62 1300
61 irecv 49 2100 200 0
61 irecv 57 2300 200 0
61 send 49 2300 8 0
61 send 57 2100 8 0
61 wait 50 62 2100
61 wait 58 62 2300
61 irecv 13 3100 200 0
61 irecv 45 3300 200 0
61 send 13 3300 16 0
61 send 45 3100 16 0
61 wait 14 62 3100
61 wait 46 62 3300
61 irecv 62 1100 200 0
61 irecv 60 1300 200 0
61 send 62 1300 16 0
61 send 60 1100 16 0
61 wait 63 62 1100
61 wait 61 62 1300
61 irecv 49 2100 200 0
61 irecv 57 2300 200 0
61 send 49 2300 24 0
61 send 57 2100 24 0
61 wait 50 62 2100
61 wait 58 62 2300
61 irecv 13 3100 200 0
61 irecv 45 3300 200 0
61 send 13 3300 36 0
61 send 45 3100 36 0
61 wait 14 62 3100
61 wait 46 62 3300
61 irecv 62 1100 200 0
61 irecv 60 1300 200 0
61 send 62 1300 16 0
61 send 60 1100 16 0
61 wait 63 62 1100
61 wait 61 62 1300
61 irecv 49 2100 200 0
61 irecv 57 2300 200 0
61 send 49 2300 24 0
61 send 57 2100 24 0
61 wait 50 62 2100
61 wait 58 62 2300
61 irecv 13 3100 200 0
61 irecv 45 3300 200 0
61 send 13 3300 36 0
61 send 45 3100 36 0
61 wait 14 62 3100
61 wait 46 62 3300
61 irecv 62 1100 200 0
61 irecv 60 1300 200 0
61 send 62 1300 64 0
61 send 60 1100 64 0
61 wait 63 62 1100
61 wait 61 62 1300
61 irecv 49 2100 200 0
61 irecv 57 2300 200 0
61 send 49 2300 80 0
61 send 57 2100 80 0
61 wait 50 62 2100
61 wait 58 62 2300
61 irecv 13 3100 200 0
61 irecv 45 3300 200 0
61 send 13 3300 100 0
61 send 45 3100 100 0
61 wait 14 62 3100
61 wait 46 62 3300
61 irecv 62 1100 200 0
61 irecv 60 1300 200 0
61 send 62 1300 64 0
61 send 60 1100 64 0
61 wait 63 62 1100
61 wait 61 62 1300
61 irecv 49 2100 200 0
61 irecv 57 2300 200 0
61 send 49 2300 80 0
61 send 57 2100 80 0
61 wait 50 62 2100
61 wait 58 62 2300
61 irecv 13 3100 200 0
61 irecv 45 3300 200 0
61 send 13 3300 100 0
61 send 45 3100 100 0
61 wait 14 62 3100
61 wait 46 62 3300
61 irecv 62 1100 200 0
61 irecv 60 1300 200 0
61 send 62 1300 64 0
61 send 60 1100 64 0
61 wait 63 62 1100
61 wait 61 62 1300
61 irecv 49 2100 200 0
61 irecv 57 2300 200 0
61 send 49 2300 80 0
61 send 57 2100 80 0
61 wait 50 62 2100
61 wait 58 62 2300
61 irecv 13 3100 200 0
61 irecv 45 3300 200 0
61 send 13 3300 100 0
61 send 45 3100 100 0
61 wait 14 62 3100
61 wait 46 62 3300
61 irecv 62 1100 200 0
61 irecv 60 1300 200 0
61 send 62 1300 16 0
61 send 60 1100 16 0
61 wait 63 62 1100
61 wait 61 62 1300
61 irecv 49 2100 200 0
61 irecv 57 2300 200 0
61 send 49 2300 24 0
61 send 57 2100 24 0
61 wait 50 62 2100
61 wait 58 62 2300
61 irecv 13 3100 200 0
61 irecv 45 3300 200 0
61 send 13 3300 36 0
61 send 45 3100 36 0
61 wait 14 62 3100
61 wait 46 62 3300
61 irecv 62 1100 200 0
61 irecv 60 1300 200 0
61 send 62 1300 4 0
61 send 60 1100 4 0
61 wait 63 62 1100
61 wait 61 62 1300
61 irecv 49 2100 200 0
61 irecv 57 2300 200 0
61 send 49 2300 8 0
61 send 57 2100 8 0
61 wait 50 62 2100
61 wait 58 62 2300
61 irecv 13 3100 200 0
61 irecv 45 3300 200 0
61 send 13 3300 16 0
61 send 45 3100 16 0
61 wait 14 62 3100
61 wait 46 62 3300
61 irecv 62 1100 200 0
61 irecv 60 1300 200 0
61 send 62 1300 1 0
61 send 60 1100 1 0
61 wait 63 62 1100
61 wait 61 62 1300
61 irecv 49 2100 200 0
61 irecv 57 2300 200 0
61 send 49 2300 3 0
61 send 57 2100 3 0
61 wait 50 62 2100
61 wait 58 62 2300
61 irecv 13 3100 200 0
61 irecv 45 3300 200 0
61 send 13 3300 9 0
61 send 45 3100 9 0
61 wait 14 62 3100
61 wait 46 62 3300
61 irecv 63 1100 200 0
61 irecv 63 1300 200 0
61 send 63 1300 1 0
61 send 63 1100 1 0
61 wait 64 62 1100
61 wait 64 62 1300
61 irecv 53 2100 200 0
61 irecv 53 2300 200 0
61 send 53 2300 3 0
61 send 53 2100 3 0
61 wait 54 62 2100
61 wait 54 62 2300
61 irecv 29 3100 200 0
61 irecv 29 3300 200 0
61 send 29 3300 9 0
61 send 29 3100 9 0
61 wait 30 62 3100
61 wait 30 62 3300
61 irecv 63 1100 200 0
61 irecv 63 1300 200 0
61 send 63 1300 1 0
61 send 63 1100 1 0
61 wait 64 62 1100
61 wait 64 62 1300
61 irecv 53 2100 200 0
61 irecv 53 2300 200 0
61 send 53 2300 3 0
61 send 53 2100 3 0
61 wait 54 62 2100
61 wait 54 62 2300
61 irecv 29 3100 200 0
61 irecv 29 3300 200 0
61 send 29 3300 9 0
61 send 29 3100 9 0
61 wait 30 62 3100
61 wait 30 62 3300
61 send 62 1300 18 0
61 send 60 1100 9 0
61 send 49 2300 18 0
61 send 57 2100 9 0
61 send 13 3300 18 0
61 send 45 3100 9 0
61 irecv 62 1100 200 0
61 irecv 60 1300 200 0
61 send 62 1300 1 0
61 send 60 1100 1 0
61 wait 63 62 1100
61 wait 61 62 1300
61 irecv 49 2100 200 0
61 irecv 57 2300 200 0
61 send 49 2300 3 0
61 send 57 2100 3 0
61 wait 50 62 2100
61 wait 58 62 2300
61 irecv 13 3100 200 0
61 irecv 45 3300 200 0
61 send 13 3300 9 0
61 send 45 3100 9 0
61 wait 14 62 3100
61 wait 46 62 3300
61 irecv 62 1100 200 0
61 irecv 60 1300 200 0
61 send 62 1300 1 0
61 send 60 1100 1 0
61 wait 63 62 1100
61 wait 61 62 1300
61 irecv 49 2100 200 0
61 irecv 57 2300 200 0
61 send 49 2300 3 0
61 send 57 2100 3 0
61 wait 50 62 2100
61 wait 58 62 2300
61 irecv 13 3100 200 0
61 irecv 45 3300 200 0
61 send 13 3300 9 0
61 send 45 3100 9 0
61 wait 14 62 3100
61 wait 46 62 3300
61 irecv 62 1100 200 0
61 irecv 60 1300 200 0
61 send 62 1300 4 0
61 send 60 1100 4 0
61 wait 63 62 1100
61 wait 61 62 1300
61 irecv 49 2100 200 0
61 irecv 57 2300 200 0
61 send 49 2300 8 0
61 send 57 2100 8 0
61 wait 50 62 2100
61 wait 58 62 2300
61 irecv 13 3100 200 0
61 irecv 45 3300 200 0
61 send 13 3300 16 0
61 send 45 3100 16 0
61 wait 14 62 3100
61 wait 46 62 3300
61 irecv 62 1100 200 0
61 irecv 60 1300 200 0
61 send 62 1300 4 0
61 send 60 1100 4 0
61 wait 63 62 1100
61 wait 61 62 1300
61 irecv 49 2100 200 0
61 irecv 57 2300 200 0
61 send 49 2300 8 0
61 send 57 2100 8 0
61 wait 50 62 2100
61 wait 58 62 2300
61 irecv 13 3100 200 0
61 irecv 45 3300 200 0
61 send 13 3300 16 0
61 send 45 3100 16 0
61 wait 14 62 3100
61 wait 46 62 3300
61 irecv 62 1100 200 0
61 irecv 60 1300 200 0
61 send 62 1300 16 0
61 send 60 1100 16 0
61 wait 63 62 1100
61 wait 61 62 1300
61 irecv 49 2100 200 0
61 irecv 57 2300 200 0
61 send 49 2300 24 0
61 send 57 2100 24 0
61 wait 50 62 2100
61 wait 58 62 2300
61 irecv 13 3100 200 0
61 irecv 45 3300 200 0
61 send 13 3300 36 0
61 send 45 3100 36 0
61 wait 14 62 3100
61 wait 46 62 3300
61 irecv 62 1100 200 0
61 irecv 60 1300 200 0
61 send 62 1300 16 0
61 send 60 1100 16 0
61 wait 63 62 1100
61 wait 61 62 1300
61 irecv 49 2100 200 0
61 irecv 57 2300 200 0
61 send 49 2300 24 0
61 send 57 2100 24 0
61 wait 50 62 2100
61 wait 58 62 2300
61 irecv 13 3100 200 0
61 irecv 45 3300 200 0
61 send 13 3300 36 0
61 send 45 3100 36 0
61 wait 14 62 3100
61 wait 46 62 3300
61 irecv 62 1100 200 0
61 irecv 60 1300 200 0
61 send 62 1300 64 0
61 send 60 1100 64 0
61 wait 63 62 1100
61 wait 61 62 1300
61 irecv 49 2100 200 0
61 irecv 57 2300 200 0
61 send 49 2300 80 0
61 send 57 2100 80 0
61 wait 50 62 2100
61 wait 58 62 2300
61 irecv 13 3100 200 0
61 irecv 45 3300 200 0
61 send 13 3300 100 0
61 send 45 3100 100 0
61 wait 14 62 3100
61 wait 46 62 3300
61 irecv 62 1100 200 0
61 irecv 60 1300 200 0
61 send 62 1300 64 0
61 send 60 1100 64 0
61 wait 63 62 1100
61 wait 61 62 1300
61 irecv 49 2100 200 0
61 irecv 57 2300 200 0
61 send 49 2300 80 0
61 send 57 2100 80 0
61 wait 50 62 2100
61 wait 58 62 2300
61 irecv 13 3100 200 0
61 irecv 45 3300 200 0
61 send 13 3300 100 0
61 send 45 3100 100 0
61 wait 14 62 3100
61 wait 46 62 3300
61 irecv 62 1100 200 0
61 irecv 60 1300 200 0
61 send 62 1300 64 0
61 send 60 1100 64 0
61 wait 63 62 1100
61 wait 61 62 1300
61 irecv 49 2100 200 0
61 irecv 57 2300 200 0
61 send 49 2300 80 0
61 send 57 2100 80 0
61 wait 50 62 2100
61 wait 58 62 2300
61 irecv 13 3100 200 0
61 irecv 45 3300 200 0
61 send 13 3300 100 0
61 send 45 3100 100 0
61 wait 14 62 3100
61 wait 46 62 3300
61 irecv 62 1100 200 0
61 irecv 60 1300 200 0
61 send 62 1300 16 0
61 send 60 1100 16 0
61 wait 63 62 1100
61 wait 61 62 1300
61 irecv 49 2100 200 0
61 irecv 57 2300 200 0
61 send 49 2300 24 0
61 send 57 2100 24 0
61 wait 50 62 2100
61 wait 58 62 2300
61 irecv 13 3100 200 0
61 irecv 45 3300 200 0
61 send 13 3300 36 0
61 send 45 3100 36 0
61 wait 14 62 3100
61 wait 46 62 3300
61 irecv 62 1100 200 0
61 irecv 60 1300 200 0
61 send 62 1300 4 0
61 send 60 1100 4 0
61 wait 63 62 1100
61 wait 61 62 1300
61 irecv 49 2100 200 0
61 irecv 57 2300 200 0
61 send 49 2300 8 0
61 send 57 2100 8 0
61 wait 50 62 2100
61 wait 58 62 2300
61 irecv 13 3100 200 0
61 irecv 45 3300 200 0
61 send 13 3300 16 0
61 send 45 3100 16 0
61 wait 14 62 3100
61 wait 46 62 3300
61 irecv 62 1100 200 0
61 irecv 60 1300 200 0
61 send 62 1300 1 0
61 send 60 1100 1 0
61 wait 63 62 1100
61 wait 61 62 1300
61 irecv 49 2100 200 0
61 irecv 57 2300 200 0
61 send 49 2300 3 0
61 send 57 2100 3 0
61 wait 50 62 2100
61 wait 58 62 2300
61 irecv 13 3100 200 0
61 irecv 45 3300 200 0
61 send 13 3300 9 0
61 send 45 3100 9 0
61 wait 14 62 3100
61 wait 46 62 3300
61 irecv 63 1100 200 0
61 irecv 63 1300 200 0
61 send 63 1300 1 0
61 send 63 1100 1 0
61 wait 64 62 1100
61 wait 64 62 1300
61 irecv 53 2100 200 0
61 irecv 53 2300 200 0
61 send 53 2300 3 0
61 send 53 2100 3 0
61 wait 54 62 2100
61 wait 54 62 2300
61 irecv 29 3100 200 0
61 irecv 29 3300 200 0
61 send 29 3300 9 0
61 send 29 3100 9 0
61 wait 30 62 3100
61 wait 30 62 3300
61 irecv 63 1100 200 0
61 irecv 63 1300 200 0
61 send 63 1300 1 0
61 send 63 1100 1 0
61 wait 64 62 1100
61 wait 64 62 1300
61 irecv 53 2100 200 0
61 irecv 53 2300 200 0
61 send 53 2300 3 0
61 send 53 2100 3 0
61 wait 54 62 2100
61 wait 54 62 2300
61 irecv 29 3100 200 0
61 irecv 29 3300 200 0
61 send 29 3300 9 0
61 send 29 3100 9 0
61 wait 30 62 3100
61 wait 30 62 3300
61 send 62 1300 18 0
61 send 60 1100 9 0
61 send 49 2300 18 0
61 send 57 2100 9 0
61 send 13 3300 18 0
61 send 45 3100 9 0
61 irecv 62 1100 200 0
61 irecv 60 1300 200 0
61 send 62 1300 1 0
61 send 60 1100 1 0
61 wait 63 62 1100
61 wait 61 62 1300
61 irecv 49 2100 200 0
61 irecv 57 2300 200 0
61 send 49 2300 3 0
61 send 57 2100 3 0
61 wait 50 62 2100
61 wait 58 62 2300
61 irecv 13 3100 200 0
61 irecv 45 3300 200 0
61 send 13 3300 9 0
61 send 45 3100 9 0
61 wait 14 62 3100
61 wait 46 62 3300
61 irecv 62 1100 200 0
61 irecv 60 1300 200 0
61 send 62 1300 1 0
61 send 60 1100 1 0
61 wait 63 62 1100
61 wait 61 62 1300
61 irecv 49 2100 200 0
61 irecv 57 2300 200 0
61 send 49 2300 3 0
61 send 57 2100 3 0
61 wait 50 62 2100
61 wait 58 62 2300
61 irecv 13 3100 200 0
61 irecv 45 3300 200 0
61 send 13 3300 9 0
61 send 45 3100 9 0
61 wait 14 62 3100
61 wait 46 62 3300
61 irecv 62 1100 200 0
61 irecv 60 1300 200 0
61 send 62 1300 4 0
61 send 60 1100 4 0
61 wait 63 62 1100
61 wait 61 62 1300
61 irecv 49 2100 200 0
61 irecv 57 2300 200 0
61 send 49 2300 8 0
61 send 57 2100 8 0
61 wait 50 62 2100
61 wait 58 62 2300
61 irecv 13 3100 200 0
61 irecv 45 3300 200 0
61 send 13 3300 16 0
61 send 45 3100 16 0
61 wait 14 62 3100
61 wait 46 62 3300
61 irecv 62 1100 200 0
61 irecv 60 1300 200 0
61 send 62 1300 4 0
61 send 60 1100 4 0
61 wait 63 62 1100
61 wait 61 62 1300
61 irecv 49 2100 200 0
61 irecv 57 2300 200 0
61 send 49 2300 8 0
61 send 57 2100 8 0
61 wait 50 62 2100
61 wait 58 62 2300
61 irecv 13 3100 200 0
61 irecv 45 3300 200 0
61 send 13 3300 16 0
61 send 45 3100 16 0
61 wait 14 62 3100
61 wait 46 62 3300
61 irecv 62 1100 200 0
61 irecv 60 1300 200 0
61 send 62 1300 16 0
61 send 60 1100 16 0
61 wait 63 62 1100
61 wait 61 62 1300
61 irecv 49 2100 200 0
61 irecv 57 2300 200 0
61 send 49 2300 24 0
61 send 57 2100 24 0
61 wait 50 62 2100
61 wait 58 62 2300
61 irecv 13 3100 200 0
61 irecv 45 3300 200 0
61 send 13 3300 36 0
61 send 45 3100 36 0
61 wait 14 62 3100
61 wait 46 62 3300
61 irecv 62 1100 200 0
61 irecv 60 1300 200 0
61 send 62 1300 16 0
61 send 60 1100 16 0
61 wait 63 62 1100
61 wait 61 62 1300
61 irecv 49 2100 200 0
61 irecv 57 2300 200 0
61 send 49 2300 24 0
61 send 57 2100 24 0
61 wait 50 62 2100
61 wait 58 62 2300
61 irecv 13 3100 200 0
61 irecv 45 3300 200 0
61 send 13 3300 36 0
61 send 45 3100 36 0
61 wait 14 62 3100
61 wait 46 62 3300
61 irecv 62 1100 200 0
61 irecv 60 1300 200 0
61 send 62 1300 64 0
61 send 60 1100 64 0
61 wait 63 62 1100
61 wait 61 62 1300
61 irecv 49 2100 200 0
61 irecv 57 2300 200 0
61 send 49 2300 80 0
61 send 57 2100 80 0
61 wait 50 62 2100
61 wait 58 62 2300
61 irecv 13 3100 200 0
61 irecv 45 3300 200 0
61 send 13 3300 100 0
61 send 45 3100 100 0
61 wait 14 62 3100
61 wait 46 62 3300
61 irecv 62 1100 200 0
61 irecv 60 1300 200 0
61 send 62 1300 64 0
61 send 60 1100 64 0
61 wait 63 62 1100
61 wait 61 62 1300
61 irecv 49 2100 200 0
61 irecv 57 2300 200 0
61 send 49 2300 80 0
61 send 57 2100 80 0
61 wait 50 62 2100
61 wait 58 62 2300
61 irecv 13 3100 200 0
61 irecv 45 3300 200 0
61 send 13 3300 100 0
61 send 45 3100 100 0
61 wait 14 62 3100
61 wait 46 62 3300
61 irecv 62 1100 200 0
61 irecv 60 1300 200 0
61 send 62 1300 64 0
61 send 60 1100 64 0
61 wait 63 62 1100
61 wait 61 62 1300
61 irecv 49 2100 200 0
61 irecv 57 2300 200 0
61 send 49 2300 80 0
61 send 57 2100 80 0
61 wait 50 62 2100
61 wait 58 62 2300
61 irecv 13 3100 200 0
61 irecv 45 3300 200 0
61 send 13 3300 100 0
61 send 45 3100 100 0
61 wait 14 62 3100
61 wait 46 62 3300
61 allreduce 1 0 0 
61 allreduce 1 0 0 
61 reduce 1 0 0 0 
61 finalize
