59 init
59 barrier
59 bcast 1 0 1 
59 bcast 1 0 1 
59 bcast 1 0 1 
59 bcast 1 0 1 
59 bcast 1 0 1 
59 bcast 8 0 1 
59 bcast 1 0 16 
59 barrier
59 allreduce 1 0 0 
59 allreduce 4 0 1 
59 allreduce 1 0 0 
59 allreduce 4 0 1 
59 allreduce 1 0 0 
59 allreduce 4 0 1 
59 allreduce 1 0 0 
59 allreduce 4 0 1 
59 allreduce 1 0 0 
59 allreduce 4 0 1 
59 allreduce 1 0 0 
59 allreduce 4 0 1 
59 allreduce 1 0 0 
59 allreduce 4 0 1 
59 allreduce 1 0 0 
59 allreduce 4 0 1 
59 allreduce 1 0 0 
59 allreduce 4 0 1 
59 allreduce 1 0 0 
59 allreduce 4 0 1 
59 allreduce 1 0 0 
59 allreduce 4 0 1 
59 allreduce 1 0 0 
59 allreduce 4 0 1 
59 allreduce 1 0 0 
59 allreduce 4 0 1 
59 allreduce 1 0 0 
59 allreduce 4 0 1 
59 allreduce 1 0 0 
59 allreduce 4 0 1 
59 allreduce 1 0 0 
59 allreduce 4 0 1 
59 allreduce 1 0 0 
59 allreduce 4 0 1 
59 allreduce 1 0 0 
59 allreduce 4 0 1 
59 allreduce 1 0 0 
59 allreduce 4 0 1 
59 allreduce 1 0 0 
59 allreduce 4 0 1 
59 barrier
59 irecv 56 1100 200 0
59 irecv 58 1300 200 0
59 send 56 1300 64 0
59 send 58 1100 64 0
59 wait 57 60 1100
59 wait 59 60 1300
59 irecv 63 2100 200 0
59 irecv 55 2300 200 0
59 send 63 2300 80 0
59 send 55 2100 80 0
59 wait 64 60 2100
59 compute 312.5
59 wait 56 60 2300
59 irecv 11 3100 200 0
59 irecv 43 3300 200 0
59 send 11 3300 100 0
59 send 43 3100 100 0
59 wait 12 60 3100
59 wait 44 60 3300
59 allreduce 1 0 0 
59 allreduce 1 0 0 
59 irecv 56 1100 200 0
59 irecv 58 1300 200 0
59 send 56 1300 64 0
59 send 58 1100 64 0
59 wait 57 60 1100
59 wait 59 60 1300
59 irecv 63 2100 200 0
59 irecv 55 2300 200 0
59 send 63 2300 80 0
59 send 55 2100 80 0
59 wait 64 60 2100
59 wait 56 60 2300
59 irecv 11 3100 200 0
59 irecv 43 3300 200 0
59 send 11 3300 100 0
59 send 43 3100 100 0
59 wait 12 60 3100
59 wait 44 60 3300
59 allreduce 1 0 0 
59 allreduce 1 0 0 
59 irecv 56 1100 200 0
59 irecv 58 1300 200 0
59 send 56 1300 16 0
59 send 58 1100 16 0
59 wait 57 60 1100
59 wait 59 60 1300
59 irecv 63 2100 200 0
59 irecv 55 2300 200 0
59 send 63 2300 24 0
59 send 55 2100 24 0
59 wait 64 60 2100
59 wait 56 60 2300
59 irecv 11 3100 200 0
59 irecv 43 3300 200 0
59 send 11 3300 36 0
59 send 43 3100 36 0
59 wait 12 60 3100
59 wait 44 60 3300
59 irecv 56 1100 200 0
59 irecv 58 1300 200 0
59 send 56 1300 4 0
59 send 58 1100 4 0
59 wait 57 60 1100
59 wait 59 60 1300
59 irecv 63 2100 200 0
59 irecv 55 2300 200 0
59 send 63 2300 8 0
59 send 55 2100 8 0
59 wait 64 60 2100
59 wait 56 60 2300
59 irecv 11 3100 200 0
59 irecv 43 3300 200 0
59 send 11 3300 16 0
59 send 43 3100 16 0
59 wait 12 60 3100
59 wait 44 60 3300
59 irecv 56 1100 200 0
59 irecv 58 1300 200 0
59 send 56 1300 1 0
59 send 58 1100 1 0
59 wait 57 60 1100
59 wait 59 60 1300
59 irecv 63 2100 200 0
59 irecv 55 2300 200 0
59 send 63 2300 3 0
59 send 55 2100 3 0
59 wait 64 60 2100
59 wait 56 60 2300
59 irecv 11 3100 200 0
59 irecv 43 3300 200 0
59 send 11 3300 9 0
59 send 43 3100 9 0
59 wait 12 60 3100
59 wait 44 60 3300
59 send 56 1300 18 0
59 send 58 1100 9 0
59 irecv 63 2100 200 0
59 irecv 55 2300 200 0
59 wait 64 60 2100
59 wait 56 60 2300
59 send 11 3300 18 0
59 send 43 3100 9 0
59 irecv 56 1100 200 0
59 irecv 58 1300 200 0
59 send 56 1300 1 0
59 send 58 1100 1 0
59 wait 57 60 1100
59 wait 59 60 1300
59 irecv 63 2100 200 0
59 irecv 55 2300 200 0
59 send 63 2300 3 0
59 send 55 2100 3 0
59 wait 64 60 2100
59 wait 56 60 2300
59 irecv 11 3100 200 0
59 irecv 43 3300 200 0
59 send 11 3300 9 0
59 send 43 3100 9 0
59 wait 12 60 3100
59 wait 44 60 3300
59 irecv 56 1100 200 0
59 irecv 58 1300 200 0
59 send 56 1300 1 0
59 send 58 1100 1 0
59 wait 57 60 1100
59 wait 59 60 1300
59 irecv 63 2100 200 0
59 irecv 55 2300 200 0
59 send 63 2300 3 0
59 send 55 2100 3 0
59 wait 64 60 2100
59 wait 56 60 2300
59 irecv 11 3100 200 0
59 irecv 43 3300 200 0
59 send 11 3300 9 0
59 send 43 3100 9 0
59 wait 12 60 3100
59 wait 44 60 3300
59 irecv 56 1100 200 0
59 irecv 58 1300 200 0
59 send 56 1300 4 0
59 send 58 1100 4 0
59 wait 57 60 1100
59 wait 59 60 1300
59 irecv 63 2100 200 0
59 irecv 55 2300 200 0
59 send 63 2300 8 0
59 send 55 2100 8 0
59 wait 64 60 2100
59 wait 56 60 2300
59 irecv 11 3100 200 0
59 irecv 43 3300 200 0
59 send 11 3300 16 0
59 send 43 3100 16 0
59 wait 12 60 3100
59 wait 44 60 3300
59 irecv 56 1100 200 0
59 irecv 58 1300 200 0
59 send 56 1300 4 0
59 send 58 1100 4 0
59 wait 57 60 1100
59 wait 59 60 1300
59 irecv 63 2100 200 0
59 irecv 55 2300 200 0
59 send 63 2300 8 0
59 send 55 2100 8 0
59 wait 64 60 2100
59 wait 56 60 2300
59 irecv 11 3100 200 0
59 irecv 43 3300 200 0
59 send 11 3300 16 0
59 send 43 3100 16 0
59 wait 12 60 3100
59 wait 44 60 3300
59 irecv 56 1100 200 0
59 irecv 58 1300 200 0
59 send 56 1300 16 0
59 send 58 1100 16 0
59 wait 57 60 1100
59 wait 59 60 1300
59 irecv 63 2100 200 0
59 irecv 55 2300 200 0
59 send 63 2300 24 0
59 send 55 2100 24 0
59 wait 64 60 2100
59 wait 56 60 2300
59 irecv 11 3100 200 0
59 irecv 43 3300 200 0
59 send 11 3300 36 0
59 send 43 3100 36 0
59 wait 12 60 3100
59 wait 44 60 3300
59 irecv 56 1100 200 0
59 irecv 58 1300 200 0
59 send 56 1300 16 0
59 send 58 1100 16 0
59 wait 57 60 1100
59 wait 59 60 1300
59 irecv 63 2100 200 0
59 irecv 55 2300 200 0
59 send 63 2300 24 0
59 send 55 2100 24 0
59 wait 64 60 2100
59 wait 56 60 2300
59 irecv 11 3100 200 0
59 irecv 43 3300 200 0
59 send 11 3300 36 0
59 send 43 3100 36 0
59 wait 12 60 3100
59 wait 44 60 3300
59 irecv 56 1100 200 0
59 irecv 58 1300 200 0
59 send 56 1300 64 0
59 send 58 1100 64 0
59 wait 57 60 1100
59 wait 59 60 1300
59 irecv 63 2100 200 0
59 irecv 55 2300 200 0
59 send 63 2300 80 0
59 send 55 2100 80 0
59 wait 64 60 2100
59 wait 56 60 2300
59 irecv 11 3100 200 0
59 irecv 43 3300 200 0
59 send 11 3300 100 0
59 send 43 3100 100 0
59 wait 12 60 3100
59 wait 44 60 3300
59 compute 312.5
59 irecv 56 1100 200 0
59 irecv 58 1300 200 0
59 send 56 1300 64 0
59 send 58 1100 64 0
59 wait 57 60 1100
59 wait 59 60 1300
59 irecv 63 2100 200 0
59 irecv 55 2300 200 0
59 send 63 2300 80 0
59 send 55 2100 80 0
59 wait 64 60 2100
59 wait 56 60 2300
59 irecv 11 3100 200 0
59 irecv 43 3300 200 0
59 send 11 3300 100 0
59 send 43 3100 100 0
59 wait 12 60 3100
59 wait 44 60 3300
59 irecv 56 1100 200 0
59 irecv 58 1300 200 0
59 send 56 1300 64 0
59 send 58 1100 64 0
59 wait 57 60 1100
59 wait 59 60 1300
59 irecv 63 2100 200 0
59 irecv 55 2300 200 0
59 send 63 2300 80 0
59 send 55 2100 80 0
59 wait 64 60 2100
59 wait 56 60 2300
59 irecv 11 3100 200 0
59 irecv 43 3300 200 0
59 send 11 3300 100 0
59 send 43 3100 100 0
59 wait 12 60 3100
59 wait 44 60 3300
59 barrier
59 allreduce 1 0 0 
59 allreduce 4 0 1 
59 allreduce 1 0 0 
59 allreduce 4 0 1 
59 allreduce 1 0 0 
59 allreduce 4 0 1 
59 allreduce 1 0 0 
59 allreduce 4 0 1 
59 allreduce 1 0 0 
59 allreduce 4 0 1 
59 allreduce 1 0 0 
59 allreduce 4 0 1 
59 allreduce 1 0 0 
59 allreduce 4 0 1 
59 allreduce 1 0 0 
59 allreduce 4 0 1 
59 allreduce 1 0 0 
59 allreduce 4 0 1 
59 allreduce 1 0 0 
59 allreduce 4 0 1 
59 allreduce 1 0 0 
59 allreduce 4 0 1 
59 allreduce 1 0 0 
59 allreduce 4 0 1 
59 allreduce 1 0 0 
59 allreduce 4 0 1 
59 allreduce 1 0 0 
59 allreduce 4 0 1 
59 allreduce 1 0 0 
59 allreduce 4 0 1 
59 allreduce 1 0 0 
59 allreduce 4 0 1 
59 allreduce 1 0 0 
59 allreduce 4 0 1 
59 allreduce 1 0 0 
59 allreduce 4 0 1 
59 allreduce 1 0 0 
59 allreduce 4 0 1 
59 allreduce 1 0 0 
59 allreduce 4 0 1 
59 barrier
59 irecv 56 1100 200 0
59 irecv 58 1300 200 0
59 send 56 1300 64 0
59 send 58 1100 64 0
59 wait 57 60 1100
59 wait 59 60 1300
59 irecv 63 2100 200 0
59 irecv 55 2300 200 0
59 send 63 2300 80 0
59 send 55 2100 80 0
59 wait 64 60 2100
59 wait 56 60 2300
59 irecv 11 3100 200 0
59 irecv 43 3300 200 0
59 send 11 3300 100 0
59 send 43 3100 100 0
59 wait 12 60 3100
59 wait 44 60 3300
59 barrier
59 irecv 56 1100 200 0
59 irecv 58 1300 200 0
59 send 56 1300 64 0
59 send 58 1100 64 0
59 wait 57 60 1100
59 wait 59 60 1300
59 irecv 63 2100 200 0
59 irecv 55 2300 200 0
59 send 63 2300 80 0
59 send 55 2100 80 0
59 wait 64 60 2100
59 wait 56 60 2300
59 irecv 11 3100 200 0
59 irecv 43 3300 200 0
59 send 11 3300 100 0
59 send 43 3100 100 0
59 wait 12 60 3100
59 wait 44 60 3300
59 allreduce 1 0 0 
59 allreduce 1 0 0 
59 irecv 56 1100 200 0
59 irecv 58 1300 200 0
59 send 56 1300 16 0
59 send 58 1100 16 0
59 wait 57 60 1100
59 wait 59 60 1300
59 irecv 63 2100 200 0
59 irecv 55 2300 200 0
59 send 63 2300 24 0
59 send 55 2100 24 0
59 wait 64 60 2100
59 wait 56 60 2300
59 irecv 11 3100 200 0
59 irecv 43 3300 200 0
59 send 11 3300 36 0
59 send 43 3100 36 0
59 wait 12 60 3100
59 wait 44 60 3300
59 irecv 56 1100 200 0
59 irecv 58 1300 200 0
59 send 56 1300 4 0
59 send 58 1100 4 0
59 wait 57 60 1100
59 wait 59 60 1300
59 irecv 63 2100 200 0
59 irecv 55 2300 200 0
59 send 63 2300 8 0
59 send 55 2100 8 0
59 wait 64 60 2100
59 wait 56 60 2300
59 irecv 11 3100 200 0
59 irecv 43 3300 200 0
59 send 11 3300 16 0
59 send 43 3100 16 0
59 wait 12 60 3100
59 wait 44 60 3300
59 irecv 56 1100 200 0
59 irecv 58 1300 200 0
59 send 56 1300 1 0
59 send 58 1100 1 0
59 wait 57 60 1100
59 wait 59 60 1300
59 irecv 63 2100 200 0
59 irecv 55 2300 200 0
59 send 63 2300 3 0
59 send 55 2100 3 0
59 wait 64 60 2100
59 wait 56 60 2300
59 irecv 11 3100 200 0
59 irecv 43 3300 200 0
59 send 11 3300 9 0
59 send 43 3100 9 0
59 wait 12 60 3100
59 wait 44 60 3300
59 send 56 1300 18 0
59 send 58 1100 9 0
59 irecv 63 2100 200 0
59 irecv 55 2300 200 0
59 wait 64 60 2100
59 wait 56 60 2300
59 send 11 3300 18 0
59 send 43 3100 9 0
59 irecv 56 1100 200 0
59 irecv 58 1300 200 0
59 send 56 1300 1 0
59 send 58 1100 1 0
59 wait 57 60 1100
59 wait 59 60 1300
59 irecv 63 2100 200 0
59 irecv 55 2300 200 0
59 send 63 2300 3 0
59 send 55 2100 3 0
59 wait 64 60 2100
59 wait 56 60 2300
59 irecv 11 3100 200 0
59 irecv 43 3300 200 0
59 send 11 3300 9 0
59 send 43 3100 9 0
59 wait 12 60 3100
59 wait 44 60 3300
59 irecv 56 1100 200 0
59 irecv 58 1300 200 0
59 send 56 1300 1 0
59 send 58 1100 1 0
59 wait 57 60 1100
59 wait 59 60 1300
59 irecv 63 2100 200 0
59 irecv 55 2300 200 0
59 send 63 2300 3 0
59 send 55 2100 3 0
59 wait 64 60 2100
59 wait 56 60 2300
59 irecv 11 3100 200 0
59 irecv 43 3300 200 0
59 send 11 3300 9 0
59 send 43 3100 9 0
59 wait 12 60 3100
59 wait 44 60 3300
59 irecv 56 1100 200 0
59 irecv 58 1300 200 0
59 send 56 1300 4 0
59 send 58 1100 4 0
59 wait 57 60 1100
59 wait 59 60 1300
59 irecv 63 2100 200 0
59 irecv 55 2300 200 0
59 send 63 2300 8 0
59 send 55 2100 8 0
59 wait 64 60 2100
59 wait 56 60 2300
59 irecv 11 3100 200 0
59 irecv 43 3300 200 0
59 send 11 3300 16 0
59 send 43 3100 16 0
59 wait 12 60 3100
59 wait 44 60 3300
59 irecv 56 1100 200 0
59 irecv 58 1300 200 0
59 send 56 1300 4 0
59 send 58 1100 4 0
59 wait 57 60 1100
59 wait 59 60 1300
59 irecv 63 2100 200 0
59 irecv 55 2300 200 0
59 send 63 2300 8 0
59 send 55 2100 8 0
59 wait 64 60 2100
59 wait 56 60 2300
59 irecv 11 3100 200 0
59 irecv 43 3300 200 0
59 send 11 3300 16 0
59 send 43 3100 16 0
59 wait 12 60 3100
59 wait 44 60 3300
59 irecv 56 1100 200 0
59 irecv 58 1300 200 0
59 send 56 1300 16 0
59 send 58 1100 16 0
59 wait 57 60 1100
59 wait 59 60 1300
59 irecv 63 2100 200 0
59 irecv 55 2300 200 0
59 send 63 2300 24 0
59 send 55 2100 24 0
59 wait 64 60 2100
59 wait 56 60 2300
59 irecv 11 3100 200 0
59 irecv 43 3300 200 0
59 send 11 3300 36 0
59 send 43 3100 36 0
59 wait 12 60 3100
59 wait 44 60 3300
59 irecv 56 1100 200 0
59 irecv 58 1300 200 0
59 send 56 1300 16 0
59 send 58 1100 16 0
59 wait 57 60 1100
59 wait 59 60 1300
59 irecv 63 2100 200 0
59 irecv 55 2300 200 0
59 send 63 2300 24 0
59 send 55 2100 24 0
59 wait 64 60 2100
59 wait 56 60 2300
59 irecv 11 3100 200 0
59 irecv 43 3300 200 0
59 send 11 3300 36 0
59 send 43 3100 36 0
59 wait 12 60 3100
59 wait 44 60 3300
59 irecv 56 1100 200 0
59 irecv 58 1300 200 0
59 send 56 1300 64 0
59 send 58 1100 64 0
59 wait 57 60 1100
59 wait 59 60 1300
59 irecv 63 2100 200 0
59 irecv 55 2300 200 0
59 send 63 2300 80 0
59 send 55 2100 80 0
59 wait 64 60 2100
59 wait 56 60 2300
59 irecv 11 3100 200 0
59 irecv 43 3300 200 0
59 send 11 3300 100 0
59 send 43 3100 100 0
59 wait 12 60 3100
59 wait 44 60 3300
59 irecv 56 1100 200 0
59 irecv 58 1300 200 0
59 send 56 1300 64 0
59 send 58 1100 64 0
59 wait 57 60 1100
59 wait 59 60 1300
59 irecv 63 2100 200 0
59 irecv 55 2300 200 0
59 send 63 2300 80 0
59 send 55 2100 80 0
59 wait 64 60 2100
59 wait 56 60 2300
59 irecv 11 3100 200 0
59 irecv 43 3300 200 0
59 send 11 3300 100 0
59 send 43 3100 100 0
59 wait 12 60 3100
59 wait 44 60 3300
59 irecv 56 1100 200 0
59 irecv 58 1300 200 0
59 send 56 1300 64 0
59 send 58 1100 64 0
59 wait 57 60 1100
59 wait 59 60 1300
59 irecv 63 2100 200 0
59 irecv 55 2300 200 0
59 send 63 2300 80 0
59 send 55 2100 80 0
59 wait 64 60 2100
59 wait 56 60 2300
59 irecv 11 3100 200 0
59 irecv 43 3300 200 0
59 send 11 3300 100 0
59 send 43 3100 100 0
59 wait 12 60 3100
59 wait 44 60 3300
59 irecv 56 1100 200 0
59 irecv 58 1300 200 0
59 send 56 1300 16 0
59 send 58 1100 16 0
59 wait 57 60 1100
59 wait 59 60 1300
59 irecv 63 2100 200 0
59 irecv 55 2300 200 0
59 send 63 2300 24 0
59 send 55 2100 24 0
59 wait 64 60 2100
59 wait 56 60 2300
59 irecv 11 3100 200 0
59 irecv 43 3300 200 0
59 send 11 3300 36 0
59 send 43 3100 36 0
59 wait 12 60 3100
59 wait 44 60 3300
59 irecv 56 1100 200 0
59 irecv 58 1300 200 0
59 send 56 1300 4 0
59 send 58 1100 4 0
59 wait 57 60 1100
59 wait 59 60 1300
59 irecv 63 2100 200 0
59 irecv 55 2300 200 0
59 send 63 2300 8 0
59 send 55 2100 8 0
59 wait 64 60 2100
59 wait 56 60 2300
59 irecv 11 3100 200 0
59 irecv 43 3300 200 0
59 send 11 3300 16 0
59 send 43 3100 16 0
59 wait 12 60 3100
59 wait 44 60 3300
59 irecv 56 1100 200 0
59 irecv 58 1300 200 0
59 send 56 1300 1 0
59 send 58 1100 1 0
59 wait 57 60 1100
59 wait 59 60 1300
59 irecv 63 2100 200 0
59 irecv 55 2300 200 0
59 send 63 2300 3 0
59 send 55 2100 3 0
59 wait 64 60 2100
59 wait 56 60 2300
59 irecv 11 3100 200 0
59 irecv 43 3300 200 0
59 send 11 3300 9 0
59 send 43 3100 9 0
59 wait 12 60 3100
59 wait 44 60 3300
59 send 56 1300 18 0
59 send 58 1100 9 0
59 irecv 63 2100 200 0
59 irecv 55 2300 200 0
59 wait 64 60 2100
59 wait 56 60 2300
59 send 11 3300 18 0
59 send 43 3100 9 0
59 irecv 56 1100 200 0
59 irecv 58 1300 200 0
59 send 56 1300 1 0
59 send 58 1100 1 0
59 wait 57 60 1100
59 wait 59 60 1300
59 irecv 63 2100 200 0
59 irecv 55 2300 200 0
59 send 63 2300 3 0
59 send 55 2100 3 0
59 wait 64 60 2100
59 wait 56 60 2300
59 irecv 11 3100 200 0
59 irecv 43 3300 200 0
59 send 11 3300 9 0
59 send 43 3100 9 0
59 wait 12 60 3100
59 wait 44 60 3300
59 irecv 56 1100 200 0
59 irecv 58 1300 200 0
59 send 56 1300 1 0
59 send 58 1100 1 0
59 wait 57 60 1100
59 wait 59 60 1300
59 irecv 63 2100 200 0
59 irecv 55 2300 200 0
59 send 63 2300 3 0
59 send 55 2100 3 0
59 wait 64 60 2100
59 wait 56 60 2300
59 irecv 11 3100 200 0
59 irecv 43 3300 200 0
59 send 11 3300 9 0
59 send 43 3100 9 0
59 wait 12 60 3100
59 wait 44 60 3300
59 irecv 56 1100 200 0
59 irecv 58 1300 200 0
59 send 56 1300 4 0
59 send 58 1100 4 0
59 wait 57 60 1100
59 wait 59 60 1300
59 irecv 63 2100 200 0
59 irecv 55 2300 200 0
59 send 63 2300 8 0
59 send 55 2100 8 0
59 wait 64 60 2100
59 wait 56 60 2300
59 irecv 11 3100 200 0
59 irecv 43 3300 200 0
59 send 11 3300 16 0
59 send 43 3100 16 0
59 wait 12 60 3100
59 wait 44 60 3300
59 irecv 56 1100 200 0
59 irecv 58 1300 200 0
59 send 56 1300 4 0
59 send 58 1100 4 0
59 wait 57 60 1100
59 wait 59 60 1300
59 irecv 63 2100 200 0
59 irecv 55 2300 200 0
59 send 63 2300 8 0
59 send 55 2100 8 0
59 wait 64 60 2100
59 wait 56 60 2300
59 irecv 11 3100 200 0
59 irecv 43 3300 200 0
59 send 11 3300 16 0
59 send 43 3100 16 0
59 wait 12 60 3100
59 wait 44 60 3300
59 irecv 56 1100 200 0
59 irecv 58 1300 200 0
59 send 56 1300 16 0
59 send 58 1100 16 0
59 wait 57 60 1100
59 wait 59 60 1300
59 irecv 63 2100 200 0
59 irecv 55 2300 200 0
59 send 63 2300 24 0
59 send 55 2100 24 0
59 wait 64 60 2100
59 wait 56 60 2300
59 irecv 11 3100 200 0
59 irecv 43 3300 200 0
59 send 11 3300 36 0
59 send 43 3100 36 0
59 wait 12 60 3100
59 wait 44 60 3300
59 irecv 56 1100 200 0
59 irecv 58 1300 200 0
59 send 56 1300 16 0
59 send 58 1100 16 0
59 wait 57 60 1100
59 wait 59 60 1300
59 irecv 63 2100 200 0
59 irecv 55 2300 200 0
59 send 63 2300 24 0
59 send 55 2100 24 0
59 wait 64 60 2100
59 wait 56 60 2300
59 irecv 11 3100 200 0
59 irecv 43 3300 200 0
59 send 11 3300 36 0
59 send 43 3100 36 0
59 wait 12 60 3100
59 wait 44 60 3300
59 irecv 56 1100 200 0
59 irecv 58 1300 200 0
59 send 56 1300 64 0
59 send 58 1100 64 0
59 wait 57 60 1100
59 wait 59 60 1300
59 irecv 63 2100 200 0
59 irecv 55 2300 200 0
59 send 63 2300 80 0
59 send 55 2100 80 0
59 wait 64 60 2100
59 wait 56 60 2300
59 irecv 11 3100 200 0
59 irecv 43 3300 200 0
59 send 11 3300 100 0
59 send 43 3100 100 0
59 wait 12 60 3100
59 wait 44 60 3300
59 irecv 56 1100 200 0
59 irecv 58 1300 200 0
59 send 56 1300 64 0
59 send 58 1100 64 0
59 wait 57 60 1100
59 wait 59 60 1300
59 irecv 63 2100 200 0
59 irecv 55 2300 200 0
59 send 63 2300 80 0
59 send 55 2100 80 0
59 wait 64 60 2100
59 wait 56 60 2300
59 irecv 11 3100 200 0
59 irecv 43 3300 200 0
59 send 11 3300 100 0
59 send 43 3100 100 0
59 wait 12 60 3100
59 wait 44 60 3300
59 irecv 56 1100 200 0
59 irecv 58 1300 200 0
59 send 56 1300 64 0
59 send 58 1100 64 0
59 wait 57 60 1100
59 wait 59 60 1300
59 irecv 63 2100 200 0
59 irecv 55 2300 200 0
59 send 63 2300 80 0
59 send 55 2100 80 0
59 wait 64 60 2100
59 wait 56 60 2300
59 irecv 11 3100 200 0
59 irecv 43 3300 200 0
59 send 11 3300 100 0
59 send 43 3100 100 0
59 wait 12 60 3100
59 wait 44 60 3300
59 irecv 56 1100 200 0
59 irecv 58 1300 200 0
59 send 56 1300 16 0
59 send 58 1100 16 0
59 wait 57 60 1100
59 wait 59 60 1300
59 irecv 63 2100 200 0
59 irecv 55 2300 200 0
59 send 63 2300 24 0
59 send 55 2100 24 0
59 wait 64 60 2100
59 wait 56 60 2300
59 irecv 11 3100 200 0
59 irecv 43 3300 200 0
59 send 11 3300 36 0
59 send 43 3100 36 0
59 wait 12 60 3100
59 wait 44 60 3300
59 irecv 56 1100 200 0
59 irecv 58 1300 200 0
59 send 56 1300 4 0
59 send 58 1100 4 0
59 wait 57 60 1100
59 wait 59 60 1300
59 irecv 63 2100 200 0
59 irecv 55 2300 200 0
59 send 63 2300 8 0
59 send 55 2100 8 0
59 wait 64 60 2100
59 wait 56 60 2300
59 irecv 11 3100 200 0
59 irecv 43 3300 200 0
59 send 11 3300 16 0
59 send 43 3100 16 0
59 wait 12 60 3100
59 wait 44 60 3300
59 irecv 56 1100 200 0
59 irecv 58 1300 200 0
59 send 56 1300 1 0
59 send 58 1100 1 0
59 wait 57 60 1100
59 wait 59 60 1300
59 irecv 63 2100 200 0
59 irecv 55 2300 200 0
59 send 63 2300 3 0
59 send 55 2100 3 0
59 wait 64 60 2100
59 wait 56 60 2300
59 irecv 11 3100 200 0
59 irecv 43 3300 200 0
59 send 11 3300 9 0
59 send 43 3100 9 0
59 wait 12 60 3100
59 wait 44 60 3300
59 send 56 1300 18 0
59 send 58 1100 9 0
59 irecv 63 2100 200 0
59 irecv 55 2300 200 0
59 wait 64 60 2100
59 wait 56 60 2300
59 send 11 3300 18 0
59 send 43 3100 9 0
59 irecv 56 1100 200 0
59 irecv 58 1300 200 0
59 send 56 1300 1 0
59 send 58 1100 1 0
59 wait 57 60 1100
59 wait 59 60 1300
59 irecv 63 2100 200 0
59 irecv 55 2300 200 0
59 send 63 2300 3 0
59 send 55 2100 3 0
59 wait 64 60 2100
59 wait 56 60 2300
59 irecv 11 3100 200 0
59 irecv 43 3300 200 0
59 send 11 3300 9 0
59 send 43 3100 9 0
59 wait 12 60 3100
59 wait 44 60 3300
59 irecv 56 1100 200 0
59 irecv 58 1300 200 0
59 send 56 1300 1 0
59 send 58 1100 1 0
59 wait 57 60 1100
59 wait 59 60 1300
59 irecv 63 2100 200 0
59 irecv 55 2300 200 0
59 send 63 2300 3 0
59 send 55 2100 3 0
59 wait 64 60 2100
59 wait 56 60 2300
59 irecv 11 3100 200 0
59 irecv 43 3300 200 0
59 send 11 3300 9 0
59 send 43 3100 9 0
59 wait 12 60 3100
59 wait 44 60 3300
59 irecv 56 1100 200 0
59 irecv 58 1300 200 0
59 send 56 1300 4 0
59 send 58 1100 4 0
59 wait 57 60 1100
59 wait 59 60 1300
59 irecv 63 2100 200 0
59 irecv 55 2300 200 0
59 send 63 2300 8 0
59 send 55 2100 8 0
59 wait 64 60 2100
59 wait 56 60 2300
59 irecv 11 3100 200 0
59 irecv 43 3300 200 0
59 send 11 3300 16 0
59 send 43 3100 16 0
59 wait 12 60 3100
59 wait 44 60 3300
59 irecv 56 1100 200 0
59 irecv 58 1300 200 0
59 send 56 1300 4 0
59 send 58 1100 4 0
59 wait 57 60 1100
59 wait 59 60 1300
59 irecv 63 2100 200 0
59 irecv 55 2300 200 0
59 send 63 2300 8 0
59 send 55 2100 8 0
59 wait 64 60 2100
59 wait 56 60 2300
59 irecv 11 3100 200 0
59 irecv 43 3300 200 0
59 send 11 3300 16 0
59 send 43 3100 16 0
59 wait 12 60 3100
59 wait 44 60 3300
59 irecv 56 1100 200 0
59 irecv 58 1300 200 0
59 send 56 1300 16 0
59 send 58 1100 16 0
59 wait 57 60 1100
59 wait 59 60 1300
59 irecv 63 2100 200 0
59 irecv 55 2300 200 0
59 send 63 2300 24 0
59 send 55 2100 24 0
59 wait 64 60 2100
59 wait 56 60 2300
59 irecv 11 3100 200 0
59 irecv 43 3300 200 0
59 send 11 3300 36 0
59 send 43 3100 36 0
59 wait 12 60 3100
59 wait 44 60 3300
59 irecv 56 1100 200 0
59 irecv 58 1300 200 0
59 send 56 1300 16 0
59 send 58 1100 16 0
59 wait 57 60 1100
59 wait 59 60 1300
59 irecv 63 2100 200 0
59 irecv 55 2300 200 0
59 send 63 2300 24 0
59 send 55 2100 24 0
59 wait 64 60 2100
59 wait 56 60 2300
59 irecv 11 3100 200 0
59 irecv 43 3300 200 0
59 send 11 3300 36 0
59 send 43 3100 36 0
59 wait 12 60 3100
59 wait 44 60 3300
59 irecv 56 1100 200 0
59 irecv 58 1300 200 0
59 send 56 1300 64 0
59 send 58 1100 64 0
59 wait 57 60 1100
59 wait 59 60 1300
59 irecv 63 2100 200 0
59 irecv 55 2300 200 0
59 send 63 2300 80 0
59 send 55 2100 80 0
59 wait 64 60 2100
59 wait 56 60 2300
59 irecv 11 3100 200 0
59 irecv 43 3300 200 0
59 send 11 3300 100 0
59 send 43 3100 100 0
59 wait 12 60 3100
59 wait 44 60 3300
59 irecv 56 1100 200 0
59 irecv 58 1300 200 0
59 send 56 1300 64 0
59 send 58 1100 64 0
59 wait 57 60 1100
59 wait 59 60 1300
59 irecv 63 2100 200 0
59 irecv 55 2300 200 0
59 send 63 2300 80 0
59 send 55 2100 80 0
59 wait 64 60 2100
59 wait 56 60 2300
59 irecv 11 3100 200 0
59 irecv 43 3300 200 0
59 send 11 3300 100 0
59 send 43 3100 100 0
59 wait 12 60 3100
59 wait 44 60 3300
59 irecv 56 1100 200 0
59 irecv 58 1300 200 0
59 send 56 1300 64 0
59 send 58 1100 64 0
59 wait 57 60 1100
59 wait 59 60 1300
59 irecv 63 2100 200 0
59 irecv 55 2300 200 0
59 send 63 2300 80 0
59 send 55 2100 80 0
59 wait 64 60 2100
59 wait 56 60 2300
59 irecv 11 3100 200 0
59 irecv 43 3300 200 0
59 send 11 3300 100 0
59 send 43 3100 100 0
59 wait 12 60 3100
59 wait 44 60 3300
59 irecv 56 1100 200 0
59 irecv 58 1300 200 0
59 send 56 1300 16 0
59 send 58 1100 16 0
59 wait 57 60 1100
59 wait 59 60 1300
59 irecv 63 2100 200 0
59 irecv 55 2300 200 0
59 send 63 2300 24 0
59 send 55 2100 24 0
59 wait 64 60 2100
59 wait 56 60 2300
59 irecv 11 3100 200 0
59 irecv 43 3300 200 0
59 send 11 3300 36 0
59 send 43 3100 36 0
59 wait 12 60 3100
59 wait 44 60 3300
59 irecv 56 1100 200 0
59 irecv 58 1300 200 0
59 send 56 1300 4 0
59 send 58 1100 4 0
59 wait 57 60 1100
59 wait 59 60 1300
59 irecv 63 2100 200 0
59 irecv 55 2300 200 0
59 send 63 2300 8 0
59 send 55 2100 8 0
59 wait 64 60 2100
59 wait 56 60 2300
59 irecv 11 3100 200 0
59 irecv 43 3300 200 0
59 send 11 3300 16 0
59 send 43 3100 16 0
59 wait 12 60 3100
59 wait 44 60 3300
59 irecv 56 1100 200 0
59 irecv 58 1300 200 0
59 send 56 1300 1 0
59 send 58 1100 1 0
59 wait 57 60 1100
59 wait 59 60 1300
59 irecv 63 2100 200 0
59 irecv 55 2300 200 0
59 send 63 2300 3 0
59 send 55 2100 3 0
59 wait 64 60 2100
59 wait 56 60 2300
59 irecv 11 3100 200 0
59 irecv 43 3300 200 0
59 send 11 3300 9 0
59 send 43 3100 9 0
59 wait 12 60 3100
59 wait 44 60 3300
59 send 56 1300 18 0
59 send 58 1100 9 0
59 irecv 63 2100 200 0
59 irecv 55 2300 200 0
59 wait 64 60 2100
59 wait 56 60 2300
59 send 11 3300 18 0
59 send 43 3100 9 0
59 irecv 56 1100 200 0
59 irecv 58 1300 200 0
59 send 56 1300 1 0
59 send 58 1100 1 0
59 wait 57 60 1100
59 wait 59 60 1300
59 irecv 63 2100 200 0
59 irecv 55 2300 200 0
59 send 63 2300 3 0
59 send 55 2100 3 0
59 wait 64 60 2100
59 wait 56 60 2300
59 irecv 11 3100 200 0
59 irecv 43 3300 200 0
59 send 11 3300 9 0
59 send 43 3100 9 0
59 wait 12 60 3100
59 wait 44 60 3300
59 irecv 56 1100 200 0
59 irecv 58 1300 200 0
59 send 56 1300 1 0
59 send 58 1100 1 0
59 wait 57 60 1100
59 wait 59 60 1300
59 irecv 63 2100 200 0
59 irecv 55 2300 200 0
59 send 63 2300 3 0
59 send 55 2100 3 0
59 wait 64 60 2100
59 wait 56 60 2300
59 irecv 11 3100 200 0
59 irecv 43 3300 200 0
59 send 11 3300 9 0
59 send 43 3100 9 0
59 wait 12 60 3100
59 wait 44 60 3300
59 irecv 56 1100 200 0
59 irecv 58 1300 200 0
59 send 56 1300 4 0
59 send 58 1100 4 0
59 wait 57 60 1100
59 wait 59 60 1300
59 irecv 63 2100 200 0
59 irecv 55 2300 200 0
59 send 63 2300 8 0
59 send 55 2100 8 0
59 wait 64 60 2100
59 wait 56 60 2300
59 irecv 11 3100 200 0
59 irecv 43 3300 200 0
59 send 11 3300 16 0
59 send 43 3100 16 0
59 wait 12 60 3100
59 wait 44 60 3300
59 irecv 56 1100 200 0
59 irecv 58 1300 200 0
59 send 56 1300 4 0
59 send 58 1100 4 0
59 wait 57 60 1100
59 wait 59 60 1300
59 irecv 63 2100 200 0
59 irecv 55 2300 200 0
59 send 63 2300 8 0
59 send 55 2100 8 0
59 wait 64 60 2100
59 wait 56 60 2300
59 irecv 11 3100 200 0
59 irecv 43 3300 200 0
59 send 11 3300 16 0
59 send 43 3100 16 0
59 wait 12 60 3100
59 wait 44 60 3300
59 irecv 56 1100 200 0
59 irecv 58 1300 200 0
59 send 56 1300 16 0
59 send 58 1100 16 0
59 wait 57 60 1100
59 wait 59 60 1300
59 irecv 63 2100 200 0
59 irecv 55 2300 200 0
59 send 63 2300 24 0
59 send 55 2100 24 0
59 wait 64 60 2100
59 wait 56 60 2300
59 irecv 11 3100 200 0
59 irecv 43 3300 200 0
59 send 11 3300 36 0
59 send 43 3100 36 0
59 wait 12 60 3100
59 wait 44 60 3300
59 irecv 56 1100 200 0
59 irecv 58 1300 200 0
59 send 56 1300 16 0
59 send 58 1100 16 0
59 wait 57 60 1100
59 wait 59 60 1300
59 irecv 63 2100 200 0
59 irecv 55 2300 200 0
59 send 63 2300 24 0
59 send 55 2100 24 0
59 wait 64 60 2100
59 wait 56 60 2300
59 irecv 11 3100 200 0
59 irecv 43 3300 200 0
59 send 11 3300 36 0
59 send 43 3100 36 0
59 wait 12 60 3100
59 wait 44 60 3300
59 irecv 56 1100 200 0
59 irecv 58 1300 200 0
59 send 56 1300 64 0
59 send 58 1100 64 0
59 wait 57 60 1100
59 wait 59 60 1300
59 irecv 63 2100 200 0
59 irecv 55 2300 200 0
59 send 63 2300 80 0
59 send 55 2100 80 0
59 wait 64 60 2100
59 wait 56 60 2300
59 irecv 11 3100 200 0
59 irecv 43 3300 200 0
59 send 11 3300 100 0
59 send 43 3100 100 0
59 wait 12 60 3100
59 wait 44 60 3300
59 irecv 56 1100 200 0
59 irecv 58 1300 200 0
59 send 56 1300 64 0
59 send 58 1100 64 0
59 wait 57 60 1100
59 wait 59 60 1300
59 irecv 63 2100 200 0
59 irecv 55 2300 200 0
59 send 63 2300 80 0
59 send 55 2100 80 0
59 wait 64 60 2100
59 wait 56 60 2300
59 irecv 11 3100 200 0
59 irecv 43 3300 200 0
59 send 11 3300 100 0
59 send 43 3100 100 0
59 wait 12 60 3100
59 wait 44 60 3300
59 irecv 56 1100 200 0
59 irecv 58 1300 200 0
59 send 56 1300 64 0
59 send 58 1100 64 0
59 wait 57 60 1100
59 wait 59 60 1300
59 irecv 63 2100 200 0
59 irecv 55 2300 200 0
59 send 63 2300 80 0
59 send 55 2100 80 0
59 wait 64 60 2100
59 wait 56 60 2300
59 irecv 11 3100 200 0
59 irecv 43 3300 200 0
59 send 11 3300 100 0
59 send 43 3100 100 0
59 wait 12 60 3100
59 wait 44 60 3300
59 allreduce 1 0 0 
59 allreduce 1 0 0 
59 reduce 1 0 0 0 
59 finalize
