34 init
34 barrier
34 bcast 1 0 1 
34 bcast 1 0 1 
34 bcast 1 0 1 
34 bcast 1 0 1 
34 bcast 1 0 1 
34 bcast 8 0 1 
34 bcast 1 0 16 
34 barrier
34 allreduce 1 0 0 
34 allreduce 4 0 1 
34 allreduce 1 0 0 
34 allreduce 4 0 1 
34 allreduce 1 0 0 
34 allreduce 4 0 1 
34 allreduce 1 0 0 
34 allreduce 4 0 1 
34 allreduce 1 0 0 
34 allreduce 4 0 1 
34 allreduce 1 0 0 
34 allreduce 4 0 1 
34 allreduce 1 0 0 
34 allreduce 4 0 1 
34 allreduce 1 0 0 
34 allreduce 4 0 1 
34 allreduce 1 0 0 
34 allreduce 4 0 1 
34 allreduce 1 0 0 
34 allreduce 4 0 1 
34 allreduce 1 0 0 
34 allreduce 4 0 1 
34 allreduce 1 0 0 
34 allreduce 4 0 1 
34 allreduce 1 0 0 
34 allreduce 4 0 1 
34 allreduce 1 0 0 
34 allreduce 4 0 1 
34 allreduce 1 0 0 
34 allreduce 4 0 1 
34 allreduce 1 0 0 
34 allreduce 4 0 1 
34 allreduce 1 0 0 
34 allreduce 4 0 1 
34 allreduce 1 0 0 
34 allreduce 4 0 1 
34 allreduce 1 0 0 
34 allreduce 4 0 1 
34 allreduce 1 0 0 
34 allreduce 4 0 1 
34 barrier
34 irecv 35 1100 200 0
34 irecv 33 1300 200 0
34 send 35 1300 64 0
34 send 33 1100 64 0
34 wait 36 35 1100
34 wait 34 35 1300
34 irecv 38 2100 200 0
34 irecv 46 2300 200 0
34 send 38 2300 80 0
34 send 46 2100 80 0
34 wait 39 35 2100
34 wait 47 35 2300
34 irecv 50 3100 200 0
34 irecv 18 3300 200 0
34 send 50 3300 100 0
34 send 18 3100 100 0
34 wait 51 35 3100
34 wait 19 35 3300
34 allreduce 1 0 0 
34 allreduce 1 0 0 
34 irecv 35 1100 200 0
34 irecv 33 1300 200 0
34 send 35 1300 64 0
34 send 33 1100 64 0
34 wait 36 35 1100
34 wait 34 35 1300
34 irecv 38 2100 200 0
34 irecv 46 2300 200 0
34 send 38 2300 80 0
34 send 46 2100 80 0
34 wait 39 35 2100
34 wait 47 35 2300
34 irecv 50 3100 200 0
34 irecv 18 3300 200 0
34 send 50 3300 100 0
34 send 18 3100 100 0
34 wait 51 35 3100
34 wait 19 35 3300
34 allreduce 1 0 0 
34 allreduce 1 0 0 
34 irecv 35 1100 200 0
34 irecv 33 1300 200 0
34 send 35 1300 16 0
34 send 33 1100 16 0
34 wait 36 35 1100
34 wait 34 35 1300
34 irecv 38 2100 200 0
34 irecv 46 2300 200 0
34 send 38 2300 24 0
34 send 46 2100 24 0
34 wait 39 35 2100
34 wait 47 35 2300
34 irecv 50 3100 200 0
34 irecv 18 3300 200 0
34 send 50 3300 36 0
34 send 18 3100 36 0
34 wait 51 35 3100
34 wait 19 35 3300
34 irecv 35 1100 200 0
34 irecv 33 1300 200 0
34 send 35 1300 4 0
34 send 33 1100 4 0
34 wait 36 35 1100
34 wait 34 35 1300
34 irecv 38 2100 200 0
34 irecv 46 2300 200 0
34 send 38 2300 8 0
34 send 46 2100 8 0
34 wait 39 35 2100
34 wait 47 35 2300
34 irecv 50 3100 200 0
34 irecv 18 3300 200 0
34 send 50 3300 16 0
34 send 18 3100 16 0
34 wait 51 35 3100
34 wait 19 35 3300
34 irecv 35 1100 200 0
34 irecv 33 1300 200 0
34 send 35 1300 1 0
34 send 33 1100 1 0
34 wait 36 35 1100
34 wait 34 35 1300
34 irecv 38 2100 200 0
34 irecv 46 2300 200 0
34 send 38 2300 3 0
34 send 46 2100 3 0
34 wait 39 35 2100
34 wait 47 35 2300
34 irecv 50 3100 200 0
34 irecv 18 3300 200 0
34 send 50 3300 9 0
34 send 18 3100 9 0
34 wait 51 35 3100
34 wait 19 35 3300
34 irecv 35 1100 200 0
34 irecv 33 1300 200 0
34 wait 36 35 1100
34 wait 34 35 1300
34 irecv 38 2100 200 0
34 irecv 46 2300 200 0
34 wait 39 35 2100
34 wait 47 35 2300
34 irecv 50 3100 200 0
34 irecv 18 3300 200 0
34 wait 51 35 3100
34 wait 19 35 3300
34 irecv 35 1100 200 0
34 irecv 33 1300 200 0
34 send 35 1300 1 0
34 send 33 1100 1 0
34 wait 36 35 1100
34 wait 34 35 1300
34 irecv 38 2100 200 0
34 irecv 46 2300 200 0
34 send 38 2300 3 0
34 send 46 2100 3 0
34 wait 39 35 2100
34 wait 47 35 2300
34 irecv 50 3100 200 0
34 irecv 18 3300 200 0
34 send 50 3300 9 0
34 send 18 3100 9 0
34 wait 51 35 3100
34 wait 19 35 3300
34 irecv 35 1100 200 0
34 irecv 33 1300 200 0
34 send 35 1300 1 0
34 send 33 1100 1 0
34 wait 36 35 1100
34 wait 34 35 1300
34 irecv 38 2100 200 0
34 irecv 46 2300 200 0
34 send 38 2300 3 0
34 send 46 2100 3 0
34 wait 39 35 2100
34 wait 47 35 2300
34 irecv 50 3100 200 0
34 irecv 18 3300 200 0
34 send 50 3300 9 0
34 send 18 3100 9 0
34 wait 51 35 3100
34 wait 19 35 3300
34 irecv 35 1100 200 0
34 irecv 33 1300 200 0
34 send 35 1300 4 0
34 send 33 1100 4 0
34 wait 36 35 1100
34 wait 34 35 1300
34 irecv 38 2100 200 0
34 irecv 46 2300 200 0
34 send 38 2300 8 0
34 send 46 2100 8 0
34 wait 39 35 2100
34 wait 47 35 2300
34 irecv 50 3100 200 0
34 irecv 18 3300 200 0
34 send 50 3300 16 0
34 send 18 3100 16 0
34 wait 51 35 3100
34 wait 19 35 3300
34 irecv 35 1100 200 0
34 irecv 33 1300 200 0
34 send 35 1300 4 0
34 send 33 1100 4 0
34 wait 36 35 1100
34 wait 34 35 1300
34 irecv 38 2100 200 0
34 irecv 46 2300 200 0
34 send 38 2300 8 0
34 send 46 2100 8 0
34 compute 312.5
34 wait 39 35 2100
34 wait 47 35 2300
34 irecv 50 3100 200 0
34 irecv 18 3300 200 0
34 send 50 3300 16 0
34 send 18 3100 16 0
34 wait 51 35 3100
34 wait 19 35 3300
34 irecv 35 1100 200 0
34 irecv 33 1300 200 0
34 send 35 1300 16 0
34 send 33 1100 16 0
34 wait 36 35 1100
34 wait 34 35 1300
34 irecv 38 2100 200 0
34 irecv 46 2300 200 0
34 send 38 2300 24 0
34 send 46 2100 24 0
34 wait 39 35 2100
34 wait 47 35 2300
34 irecv 50 3100 200 0
34 irecv 18 3300 200 0
34 send 50 3300 36 0
34 send 18 3100 36 0
34 wait 51 35 3100
34 wait 19 35 3300
34 irecv 35 1100 200 0
34 irecv 33 1300 200 0
34 send 35 1300 16 0
34 send 33 1100 16 0
34 wait 36 35 1100
34 wait 34 35 1300
34 irecv 38 2100 200 0
34 irecv 46 2300 200 0
34 send 38 2300 24 0
34 send 46 2100 24 0
34 wait 39 35 2100
34 wait 47 35 2300
34 irecv 50 3100 200 0
34 irecv 18 3300 200 0
34 send 50 3300 36 0
34 send 18 3100 36 0
34 wait 51 35 3100
34 wait 19 35 3300
34 irecv 35 1100 200 0
34 irecv 33 1300 200 0
34 send 35 1300 64 0
34 send 33 1100 64 0
34 wait 36 35 1100
34 wait 34 35 1300
34 irecv 38 2100 200 0
34 irecv 46 2300 200 0
34 send 38 2300 80 0
34 send 46 2100 80 0
34 wait 39 35 2100
34 wait 47 35 2300
34 irecv 50 3100 200 0
34 irecv 18 3300 200 0
34 send 50 3300 100 0
34 send 18 3100 100 0
34 wait 51 35 3100
34 wait 19 35 3300
34 irecv 35 1100 200 0
34 irecv 33 1300 200 0
34 send 35 1300 64 0
34 send 33 1100 64 0
34 wait 36 35 1100
34 wait 34 35 1300
34 irecv 38 2100 200 0
34 irecv 46 2300 200 0
34 send 38 2300 80 0
34 send 46 2100 80 0
34 wait 39 35 2100
34 wait 47 35 2300
34 irecv 50 3100 200 0
34 irecv 18 3300 200 0
34 send 50 3300 100 0
34 send 18 3100 100 0
34 wait 51 35 3100
34 wait 19 35 3300
34 irecv 35 1100 200 0
34 irecv 33 1300 200 0
34 send 35 1300 64 0
34 send 33 1100 64 0
34 wait 36 35 1100
34 wait 34 35 1300
34 irecv 38 2100 200 0
34 irecv 46 2300 200 0
34 send 38 2300 80 0
34 send 46 2100 80 0
34 wait 39 35 2100
34 wait 47 35 2300
34 irecv 50 3100 200 0
34 irecv 18 3300 200 0
34 send 50 3300 100 0
34 send 18 3100 100 0
34 wait 51 35 3100
34 wait 19 35 3300
34 barrier
34 allreduce 1 0 0 
34 allreduce 4 0 1 
34 allreduce 1 0 0 
34 allreduce 4 0 1 
34 allreduce 1 0 0 
34 allreduce 4 0 1 
34 allreduce 1 0 0 
34 allreduce 4 0 1 
34 allreduce 1 0 0 
34 allreduce 4 0 1 
34 allreduce 1 0 0 
34 allreduce 4 0 1 
34 allreduce 1 0 0 
34 allreduce 4 0 1 
34 allreduce 1 0 0 
34 allreduce 4 0 1 
34 allreduce 1 0 0 
34 allreduce 4 0 1 
34 allreduce 1 0 0 
34 allreduce 4 0 1 
34 allreduce 1 0 0 
34 allreduce 4 0 1 
34 allreduce 1 0 0 
34 allreduce 4 0 1 
34 allreduce 1 0 0 
34 allreduce 4 0 1 
34 allreduce 1 0 0 
34 allreduce 4 0 1 
34 allreduce 1 0 0 
34 allreduce 4 0 1 
34 allreduce 1 0 0 
34 allreduce 4 0 1 
34 allreduce 1 0 0 
34 allreduce 4 0 1 
34 allreduce 1 0 0 
34 allreduce 4 0 1 
34 allreduce 1 0 0 
34 allreduce 4 0 1 
34 allreduce 1 0 0 
34 allreduce 4 0 1 
34 barrier
34 irecv 35 1100 200 0
34 irecv 33 1300 200 0
34 send 35 1300 64 0
34 send 33 1100 64 0
34 wait 36 35 1100
34 wait 34 35 1300
34 irecv 38 2100 200 0
34 irecv 46 2300 200 0
34 send 38 2300 80 0
34 send 46 2100 80 0
34 wait 39 35 2100
34 wait 47 35 2300
34 irecv 50 3100 200 0
34 irecv 18 3300 200 0
34 send 50 3300 100 0
34 send 18 3100 100 0
34 wait 51 35 3100
34 wait 19 35 3300
34 barrier
34 irecv 35 1100 200 0
34 irecv 33 1300 200 0
34 send 35 1300 64 0
34 send 33 1100 64 0
34 wait 36 35 1100
34 wait 34 35 1300
34 irecv 38 2100 200 0
34 irecv 46 2300 200 0
34 send 38 2300 80 0
34 send 46 2100 80 0
34 wait 39 35 2100
34 wait 47 35 2300
34 irecv 50 3100 200 0
34 irecv 18 3300 200 0
34 send 50 3300 100 0
34 send 18 3100 100 0
34 wait 51 35 3100
34 wait 19 35 3300
34 allreduce 1 0 0 
34 allreduce 1 0 0 
34 irecv 35 1100 200 0
34 irecv 33 1300 200 0
34 send 35 1300 16 0
34 send 33 1100 16 0
34 wait 36 35 1100
34 wait 34 35 1300
34 irecv 38 2100 200 0
34 irecv 46 2300 200 0
34 send 38 2300 24 0
34 send 46 2100 24 0
34 wait 39 35 2100
34 wait 47 35 2300
34 irecv 50 3100 200 0
34 irecv 18 3300 200 0
34 send 50 3300 36 0
34 send 18 3100 36 0
34 wait 51 35 3100
34 wait 19 35 3300
34 irecv 35 1100 200 0
34 irecv 33 1300 200 0
34 send 35 1300 4 0
34 send 33 1100 4 0
34 wait 36 35 1100
34 wait 34 35 1300
34 irecv 38 2100 200 0
34 irecv 46 2300 200 0
34 send 38 2300 8 0
34 send 46 2100 8 0
34 wait 39 35 2100
34 wait 47 35 2300
34 irecv 50 3100 200 0
34 irecv 18 3300 200 0
34 send 50 3300 16 0
34 send 18 3100 16 0
34 wait 51 35 3100
34 wait 19 35 3300
34 irecv 35 1100 200 0
34 irecv 33 1300 200 0
34 send 35 1300 1 0
34 send 33 1100 1 0
34 wait 36 35 1100
34 wait 34 35 1300
34 irecv 38 2100 200 0
34 irecv 46 2300 200 0
34 send 38 2300 3 0
34 send 46 2100 3 0
34 wait 39 35 2100
34 wait 47 35 2300
34 irecv 50 3100 200 0
34 irecv 18 3300 200 0
34 send 50 3300 9 0
34 send 18 3100 9 0
34 wait 51 35 3100
34 wait 19 35 3300
34 irecv 35 1100 200 0
34 irecv 33 1300 200 0
34 wait 36 35 1100
34 wait 34 35 1300
34 irecv 38 2100 200 0
34 irecv 46 2300 200 0
34 wait 39 35 2100
34 wait 47 35 2300
34 irecv 50 3100 200 0
34 irecv 18 3300 200 0
34 wait 51 35 3100
34 wait 19 35 3300
34 irecv 35 1100 200 0
34 irecv 33 1300 200 0
34 send 35 1300 1 0
34 send 33 1100 1 0
34 wait 36 35 1100
34 wait 34 35 1300
34 irecv 38 2100 200 0
34 irecv 46 2300 200 0
34 send 38 2300 3 0
34 send 46 2100 3 0
34 wait 39 35 2100
34 wait 47 35 2300
34 irecv 50 3100 200 0
34 irecv 18 3300 200 0
34 send 50 3300 9 0
34 send 18 3100 9 0
34 wait 51 35 3100
34 wait 19 35 3300
34 irecv 35 1100 200 0
34 irecv 33 1300 200 0
34 send 35 1300 1 0
34 send 33 1100 1 0
34 wait 36 35 1100
34 wait 34 35 1300
34 irecv 38 2100 200 0
34 irecv 46 2300 200 0
34 send 38 2300 3 0
34 send 46 2100 3 0
34 wait 39 35 2100
34 wait 47 35 2300
34 irecv 50 3100 200 0
34 irecv 18 3300 200 0
34 send 50 3300 9 0
34 send 18 3100 9 0
34 wait 51 35 3100
34 wait 19 35 3300
34 irecv 35 1100 200 0
34 irecv 33 1300 200 0
34 send 35 1300 4 0
34 send 33 1100 4 0
34 wait 36 35 1100
34 wait 34 35 1300
34 irecv 38 2100 200 0
34 irecv 46 2300 200 0
34 send 38 2300 8 0
34 send 46 2100 8 0
34 wait 39 35 2100
34 wait 47 35 2300
34 irecv 50 3100 200 0
34 irecv 18 3300 200 0
34 send 50 3300 16 0
34 send 18 3100 16 0
34 wait 51 35 3100
34 wait 19 35 3300
34 irecv 35 1100 200 0
34 irecv 33 1300 200 0
34 send 35 1300 4 0
34 send 33 1100 4 0
34 wait 36 35 1100
34 wait 34 35 1300
34 irecv 38 2100 200 0
34 irecv 46 2300 200 0
34 send 38 2300 8 0
34 send 46 2100 8 0
34 wait 39 35 2100
34 wait 47 35 2300
34 irecv 50 3100 200 0
34 irecv 18 3300 200 0
34 send 50 3300 16 0
34 send 18 3100 16 0
34 wait 51 35 3100
34 wait 19 35 3300
34 irecv 35 1100 200 0
34 irecv 33 1300 200 0
34 send 35 1300 16 0
34 send 33 1100 16 0
34 wait 36 35 1100
34 wait 34 35 1300
34 irecv 38 2100 200 0
34 irecv 46 2300 200 0
34 send 38 2300 24 0
34 send 46 2100 24 0
34 wait 39 35 2100
34 wait 47 35 2300
34 irecv 50 3100 200 0
34 irecv 18 3300 200 0
34 send 50 3300 36 0
34 send 18 3100 36 0
34 wait 51 35 3100
34 wait 19 35 3300
34 irecv 35 1100 200 0
34 irecv 33 1300 200 0
34 send 35 1300 16 0
34 send 33 1100 16 0
34 wait 36 35 1100
34 wait 34 35 1300
34 irecv 38 2100 200 0
34 irecv 46 2300 200 0
34 send 38 2300 24 0
34 send 46 2100 24 0
34 wait 39 35 2100
34 wait 47 35 2300
34 irecv 50 3100 200 0
34 irecv 18 3300 200 0
34 send 50 3300 36 0
34 send 18 3100 36 0
34 wait 51 35 3100
34 wait 19 35 3300
34 irecv 35 1100 200 0
34 irecv 33 1300 200 0
34 send 35 1300 64 0
34 send 33 1100 64 0
34 wait 36 35 1100
34 wait 34 35 1300
34 irecv 38 2100 200 0
34 irecv 46 2300 200 0
34 send 38 2300 80 0
34 send 46 2100 80 0
34 wait 39 35 2100
34 wait 47 35 2300
34 irecv 50 3100 200 0
34 irecv 18 3300 200 0
34 send 50 3300 100 0
34 send 18 3100 100 0
34 wait 51 35 3100
34 wait 19 35 3300
34 irecv 35 1100 200 0
34 irecv 33 1300 200 0
34 send 35 1300 64 0
34 send 33 1100 64 0
34 wait 36 35 1100
34 wait 34 35 1300
34 irecv 38 2100 200 0
34 irecv 46 2300 200 0
34 send 38 2300 80 0
34 send 46 2100 80 0
34 wait 39 35 2100
34 wait 47 35 2300
34 irecv 50 3100 200 0
34 irecv 18 3300 200 0
34 send 50 3300 100 0
34 send 18 3100 100 0
34 wait 51 35 3100
34 wait 19 35 3300
34 irecv 35 1100 200 0
34 irecv 33 1300 200 0
34 send 35 1300 64 0
34 send 33 1100 64 0
34 wait 36 35 1100
34 wait 34 35 1300
34 irecv 38 2100 200 0
34 irecv 46 2300 200 0
34 send 38 2300 80 0
34 send 46 2100 80 0
34 wait 39 35 2100
34 wait 47 35 2300
34 irecv 50 3100 200 0
34 irecv 18 3300 200 0
34 send 50 3300 100 0
34 send 18 3100 100 0
34 wait 51 35 3100
34 wait 19 35 3300
34 irecv 35 1100 200 0
34 irecv 33 1300 200 0
34 send 35 1300 16 0
34 send 33 1100 16 0
34 wait 36 35 1100
34 wait 34 35 1300
34 irecv 38 2100 200 0
34 irecv 46 2300 200 0
34 send 38 2300 24 0
34 send 46 2100 24 0
34 wait 39 35 2100
34 wait 47 35 2300
34 irecv 50 3100 200 0
34 irecv 18 3300 200 0
34 send 50 3300 36 0
34 send 18 3100 36 0
34 wait 51 35 3100
34 wait 19 35 3300
34 irecv 35 1100 200 0
34 irecv 33 1300 200 0
34 send 35 1300 4 0
34 send 33 1100 4 0
34 wait 36 35 1100
34 wait 34 35 1300
34 irecv 38 2100 200 0
34 irecv 46 2300 200 0
34 send 38 2300 8 0
34 send 46 2100 8 0
34 wait 39 35 2100
34 wait 47 35 2300
34 irecv 50 3100 200 0
34 irecv 18 3300 200 0
34 send 50 3300 16 0
34 send 18 3100 16 0
34 wait 51 35 3100
34 wait 19 35 3300
34 irecv 35 1100 200 0
34 irecv 33 1300 200 0
34 send 35 1300 1 0
34 send 33 1100 1 0
34 wait 36 35 1100
34 wait 34 35 1300
34 irecv 38 2100 200 0
34 irecv 46 2300 200 0
34 send 38 2300 3 0
34 send 46 2100 3 0
34 wait 39 35 2100
34 wait 47 35 2300
34 irecv 50 3100 200 0
34 irecv 18 3300 200 0
34 send 50 3300 9 0
34 send 18 3100 9 0
34 wait 51 35 3100
34 wait 19 35 3300
34 irecv 35 1100 200 0
34 irecv 33 1300 200 0
34 wait 36 35 1100
34 wait 34 35 1300
34 irecv 38 2100 200 0
34 irecv 46 2300 200 0
34 wait 39 35 2100
34 wait 47 35 2300
34 irecv 50 3100 200 0
34 irecv 18 3300 200 0
34 wait 51 35 3100
34 wait 19 35 3300
34 irecv 35 1100 200 0
34 irecv 33 1300 200 0
34 send 35 1300 1 0
34 send 33 1100 1 0
34 wait 36 35 1100
34 wait 34 35 1300
34 irecv 38 2100 200 0
34 irecv 46 2300 200 0
34 send 38 2300 3 0
34 send 46 2100 3 0
34 wait 39 35 2100
34 wait 47 35 2300
34 irecv 50 3100 200 0
34 irecv 18 3300 200 0
34 send 50 3300 9 0
34 send 18 3100 9 0
34 wait 51 35 3100
34 wait 19 35 3300
34 irecv 35 1100 200 0
34 irecv 33 1300 200 0
34 send 35 1300 1 0
34 send 33 1100 1 0
34 wait 36 35 1100
34 wait 34 35 1300
34 irecv 38 2100 200 0
34 irecv 46 2300 200 0
34 send 38 2300 3 0
34 send 46 2100 3 0
34 wait 39 35 2100
34 wait 47 35 2300
34 irecv 50 3100 200 0
34 irecv 18 3300 200 0
34 send 50 3300 9 0
34 send 18 3100 9 0
34 wait 51 35 3100
34 wait 19 35 3300
34 irecv 35 1100 200 0
34 irecv 33 1300 200 0
34 send 35 1300 4 0
34 send 33 1100 4 0
34 wait 36 35 1100
34 wait 34 35 1300
34 irecv 38 2100 200 0
34 irecv 46 2300 200 0
34 send 38 2300 8 0
34 send 46 2100 8 0
34 wait 39 35 2100
34 wait 47 35 2300
34 irecv 50 3100 200 0
34 irecv 18 3300 200 0
34 send 50 3300 16 0
34 send 18 3100 16 0
34 wait 51 35 3100
34 wait 19 35 3300
34 irecv 35 1100 200 0
34 irecv 33 1300 200 0
34 send 35 1300 4 0
34 send 33 1100 4 0
34 wait 36 35 1100
34 wait 34 35 1300
34 irecv 38 2100 200 0
34 irecv 46 2300 200 0
34 send 38 2300 8 0
34 send 46 2100 8 0
34 wait 39 35 2100
34 wait 47 35 2300
34 irecv 50 3100 200 0
34 irecv 18 3300 200 0
34 send 50 3300 16 0
34 send 18 3100 16 0
34 wait 51 35 3100
34 wait 19 35 3300
34 irecv 35 1100 200 0
34 irecv 33 1300 200 0
34 send 35 1300 16 0
34 send 33 1100 16 0
34 wait 36 35 1100
34 wait 34 35 1300
34 irecv 38 2100 200 0
34 irecv 46 2300 200 0
34 send 38 2300 24 0
34 send 46 2100 24 0
34 wait 39 35 2100
34 wait 47 35 2300
34 irecv 50 3100 200 0
34 irecv 18 3300 200 0
34 send 50 3300 36 0
34 send 18 3100 36 0
34 wait 51 35 3100
34 wait 19 35 3300
34 irecv 35 1100 200 0
34 irecv 33 1300 200 0
34 send 35 1300 16 0
34 send 33 1100 16 0
34 wait 36 35 1100
34 wait 34 35 1300
34 irecv 38 2100 200 0
34 irecv 46 2300 200 0
34 send 38 2300 24 0
34 send 46 2100 24 0
34 wait 39 35 2100
34 wait 47 35 2300
34 irecv 50 3100 200 0
34 irecv 18 3300 200 0
34 send 50 3300 36 0
34 send 18 3100 36 0
34 wait 51 35 3100
34 wait 19 35 3300
34 irecv 35 1100 200 0
34 irecv 33 1300 200 0
34 send 35 1300 64 0
34 send 33 1100 64 0
34 wait 36 35 1100
34 wait 34 35 1300
34 irecv 38 2100 200 0
34 irecv 46 2300 200 0
34 send 38 2300 80 0
34 send 46 2100 80 0
34 wait 39 35 2100
34 wait 47 35 2300
34 irecv 50 3100 200 0
34 irecv 18 3300 200 0
34 send 50 3300 100 0
34 send 18 3100 100 0
34 wait 51 35 3100
34 wait 19 35 3300
34 irecv 35 1100 200 0
34 irecv 33 1300 200 0
34 send 35 1300 64 0
34 send 33 1100 64 0
34 wait 36 35 1100
34 wait 34 35 1300
34 irecv 38 2100 200 0
34 irecv 46 2300 200 0
34 send 38 2300 80 0
34 send 46 2100 80 0
34 wait 39 35 2100
34 wait 47 35 2300
34 irecv 50 3100 200 0
34 irecv 18 3300 200 0
34 send 50 3300 100 0
34 send 18 3100 100 0
34 wait 51 35 3100
34 wait 19 35 3300
34 irecv 35 1100 200 0
34 irecv 33 1300 200 0
34 send 35 1300 64 0
34 send 33 1100 64 0
34 wait 36 35 1100
34 wait 34 35 1300
34 irecv 38 2100 200 0
34 irecv 46 2300 200 0
34 send 38 2300 80 0
34 send 46 2100 80 0
34 wait 39 35 2100
34 wait 47 35 2300
34 irecv 50 3100 200 0
34 irecv 18 3300 200 0
34 send 50 3300 100 0
34 send 18 3100 100 0
34 wait 51 35 3100
34 wait 19 35 3300
34 irecv 35 1100 200 0
34 irecv 33 1300 200 0
34 send 35 1300 16 0
34 send 33 1100 16 0
34 wait 36 35 1100
34 wait 34 35 1300
34 irecv 38 2100 200 0
34 irecv 46 2300 200 0
34 send 38 2300 24 0
34 send 46 2100 24 0
34 wait 39 35 2100
34 wait 47 35 2300
34 irecv 50 3100 200 0
34 irecv 18 3300 200 0
34 send 50 3300 36 0
34 send 18 3100 36 0
34 wait 51 35 3100
34 wait 19 35 3300
34 irecv 35 1100 200 0
34 irecv 33 1300 200 0
34 send 35 1300 4 0
34 send 33 1100 4 0
34 wait 36 35 1100
34 wait 34 35 1300
34 irecv 38 2100 200 0
34 irecv 46 2300 200 0
34 send 38 2300 8 0
34 send 46 2100 8 0
34 wait 39 35 2100
34 wait 47 35 2300
34 irecv 50 3100 200 0
34 irecv 18 3300 200 0
34 send 50 3300 16 0
34 send 18 3100 16 0
34 wait 51 35 3100
34 wait 19 35 3300
34 irecv 35 1100 200 0
34 irecv 33 1300 200 0
34 send 35 1300 1 0
34 send 33 1100 1 0
34 wait 36 35 1100
34 wait 34 35 1300
34 irecv 38 2100 200 0
34 irecv 46 2300 200 0
34 send 38 2300 3 0
34 send 46 2100 3 0
34 wait 39 35 2100
34 wait 47 35 2300
34 irecv 50 3100 200 0
34 irecv 18 3300 200 0
34 send 50 3300 9 0
34 send 18 3100 9 0
34 wait 51 35 3100
34 wait 19 35 3300
34 irecv 35 1100 200 0
34 irecv 33 1300 200 0
34 wait 36 35 1100
34 wait 34 35 1300
34 irecv 38 2100 200 0
34 irecv 46 2300 200 0
34 wait 39 35 2100
34 wait 47 35 2300
34 irecv 50 3100 200 0
34 irecv 18 3300 200 0
34 wait 51 35 3100
34 wait 19 35 3300
34 irecv 35 1100 200 0
34 irecv 33 1300 200 0
34 send 35 1300 1 0
34 send 33 1100 1 0
34 wait 36 35 1100
34 wait 34 35 1300
34 irecv 38 2100 200 0
34 irecv 46 2300 200 0
34 send 38 2300 3 0
34 send 46 2100 3 0
34 wait 39 35 2100
34 wait 47 35 2300
34 irecv 50 3100 200 0
34 irecv 18 3300 200 0
34 send 50 3300 9 0
34 send 18 3100 9 0
34 wait 51 35 3100
34 wait 19 35 3300
34 irecv 35 1100 200 0
34 irecv 33 1300 200 0
34 send 35 1300 1 0
34 send 33 1100 1 0
34 wait 36 35 1100
34 wait 34 35 1300
34 irecv 38 2100 200 0
34 irecv 46 2300 200 0
34 send 38 2300 3 0
34 send 46 2100 3 0
34 wait 39 35 2100
34 wait 47 35 2300
34 irecv 50 3100 200 0
34 irecv 18 3300 200 0
34 send 50 3300 9 0
34 send 18 3100 9 0
34 wait 51 35 3100
34 wait 19 35 3300
34 irecv 35 1100 200 0
34 irecv 33 1300 200 0
34 send 35 1300 4 0
34 send 33 1100 4 0
34 wait 36 35 1100
34 wait 34 35 1300
34 irecv 38 2100 200 0
34 irecv 46 2300 200 0
34 send 38 2300 8 0
34 send 46 2100 8 0
34 wait 39 35 2100
34 wait 47 35 2300
34 irecv 50 3100 200 0
34 irecv 18 3300 200 0
34 send 50 3300 16 0
34 send 18 3100 16 0
34 wait 51 35 3100
34 wait 19 35 3300
34 irecv 35 1100 200 0
34 irecv 33 1300 200 0
34 send 35 1300 4 0
34 send 33 1100 4 0
34 wait 36 35 1100
34 wait 34 35 1300
34 irecv 38 2100 200 0
34 irecv 46 2300 200 0
34 send 38 2300 8 0
34 send 46 2100 8 0
34 wait 39 35 2100
34 wait 47 35 2300
34 irecv 50 3100 200 0
34 irecv 18 3300 200 0
34 send 50 3300 16 0
34 send 18 3100 16 0
34 wait 51 35 3100
34 wait 19 35 3300
34 irecv 35 1100 200 0
34 irecv 33 1300 200 0
34 send 35 1300 16 0
34 send 33 1100 16 0
34 wait 36 35 1100
34 wait 34 35 1300
34 irecv 38 2100 200 0
34 irecv 46 2300 200 0
34 send 38 2300 24 0
34 send 46 2100 24 0
34 wait 39 35 2100
34 wait 47 35 2300
34 irecv 50 3100 200 0
34 irecv 18 3300 200 0
34 send 50 3300 36 0
34 send 18 3100 36 0
34 wait 51 35 3100
34 wait 19 35 3300
34 irecv 35 1100 200 0
34 irecv 33 1300 200 0
34 send 35 1300 16 0
34 send 33 1100 16 0
34 wait 36 35 1100
34 wait 34 35 1300
34 irecv 38 2100 200 0
34 irecv 46 2300 200 0
34 send 38 2300 24 0
34 send 46 2100 24 0
34 wait 39 35 2100
34 wait 47 35 2300
34 irecv 50 3100 200 0
34 irecv 18 3300 200 0
34 send 50 3300 36 0
34 send 18 3100 36 0
34 wait 51 35 3100
34 wait 19 35 3300
34 irecv 35 1100 200 0
34 irecv 33 1300 200 0
34 send 35 1300 64 0
34 send 33 1100 64 0
34 wait 36 35 1100
34 wait 34 35 1300
34 irecv 38 2100 200 0
34 irecv 46 2300 200 0
34 send 38 2300 80 0
34 send 46 2100 80 0
34 wait 39 35 2100
34 wait 47 35 2300
34 irecv 50 3100 200 0
34 irecv 18 3300 200 0
34 send 50 3300 100 0
34 send 18 3100 100 0
34 wait 51 35 3100
34 wait 19 35 3300
34 irecv 35 1100 200 0
34 irecv 33 1300 200 0
34 send 35 1300 64 0
34 send 33 1100 64 0
34 wait 36 35 1100
34 wait 34 35 1300
34 irecv 38 2100 200 0
34 irecv 46 2300 200 0
34 send 38 2300 80 0
34 send 46 2100 80 0
34 wait 39 35 2100
34 wait 47 35 2300
34 irecv 50 3100 200 0
34 irecv 18 3300 200 0
34 send 50 3300 100 0
34 send 18 3100 100 0
34 wait 51 35 3100
34 wait 19 35 3300
34 irecv 35 1100 200 0
34 irecv 33 1300 200 0
34 send 35 1300 64 0
34 send 33 1100 64 0
34 wait 36 35 1100
34 wait 34 35 1300
34 irecv 38 2100 200 0
34 irecv 46 2300 200 0
34 send 38 2300 80 0
34 send 46 2100 80 0
34 wait 39 35 2100
34 wait 47 35 2300
34 irecv 50 3100 200 0
34 irecv 18 3300 200 0
34 send 50 3300 100 0
34 send 18 3100 100 0
34 wait 51 35 3100
34 wait 19 35 3300
34 irecv 35 1100 200 0
34 irecv 33 1300 200 0
34 send 35 1300 16 0
34 send 33 1100 16 0
34 wait 36 35 1100
34 wait 34 35 1300
34 irecv 38 2100 200 0
34 irecv 46 2300 200 0
34 send 38 2300 24 0
34 send 46 2100 24 0
34 wait 39 35 2100
34 wait 47 35 2300
34 irecv 50 3100 200 0
34 irecv 18 3300 200 0
34 send 50 3300 36 0
34 send 18 3100 36 0
34 wait 51 35 3100
34 wait 19 35 3300
34 irecv 35 1100 200 0
34 irecv 33 1300 200 0
34 send 35 1300 4 0
34 send 33 1100 4 0
34 wait 36 35 1100
34 wait 34 35 1300
34 irecv 38 2100 200 0
34 irecv 46 2300 200 0
34 send 38 2300 8 0
34 send 46 2100 8 0
34 wait 39 35 2100
34 wait 47 35 2300
34 irecv 50 3100 200 0
34 irecv 18 3300 200 0
34 send 50 3300 16 0
34 send 18 3100 16 0
34 wait 51 35 3100
34 wait 19 35 3300
34 irecv 35 1100 200 0
34 irecv 33 1300 200 0
34 send 35 1300 1 0
34 send 33 1100 1 0
34 wait 36 35 1100
34 wait 34 35 1300
34 irecv 38 2100 200 0
34 irecv 46 2300 200 0
34 send 38 2300 3 0
34 send 46 2100 3 0
34 wait 39 35 2100
34 wait 47 35 2300
34 irecv 50 3100 200 0
34 irecv 18 3300 200 0
34 send 50 3300 9 0
34 send 18 3100 9 0
34 wait 51 35 3100
34 wait 19 35 3300
34 irecv 35 1100 200 0
34 irecv 33 1300 200 0
34 wait 36 35 1100
34 wait 34 35 1300
34 irecv 38 2100 200 0
34 irecv 46 2300 200 0
34 wait 39 35 2100
34 wait 47 35 2300
34 irecv 50 3100 200 0
34 irecv 18 3300 200 0
34 wait 51 35 3100
34 wait 19 35 3300
34 irecv 35 1100 200 0
34 irecv 33 1300 200 0
34 send 35 1300 1 0
34 send 33 1100 1 0
34 wait 36 35 1100
34 wait 34 35 1300
34 irecv 38 2100 200 0
34 irecv 46 2300 200 0
34 send 38 2300 3 0
34 send 46 2100 3 0
34 wait 39 35 2100
34 wait 47 35 2300
34 irecv 50 3100 200 0
34 irecv 18 3300 200 0
34 send 50 3300 9 0
34 send 18 3100 9 0
34 wait 51 35 3100
34 wait 19 35 3300
34 irecv 35 1100 200 0
34 irecv 33 1300 200 0
34 send 35 1300 1 0
34 send 33 1100 1 0
34 wait 36 35 1100
34 wait 34 35 1300
34 irecv 38 2100 200 0
34 irecv 46 2300 200 0
34 send 38 2300 3 0
34 send 46 2100 3 0
34 wait 39 35 2100
34 wait 47 35 2300
34 irecv 50 3100 200 0
34 irecv 18 3300 200 0
34 send 50 3300 9 0
34 send 18 3100 9 0
34 wait 51 35 3100
34 wait 19 35 3300
34 irecv 35 1100 200 0
34 irecv 33 1300 200 0
34 send 35 1300 4 0
34 send 33 1100 4 0
34 wait 36 35 1100
34 wait 34 35 1300
34 irecv 38 2100 200 0
34 irecv 46 2300 200 0
34 send 38 2300 8 0
34 send 46 2100 8 0
34 wait 39 35 2100
34 wait 47 35 2300
34 irecv 50 3100 200 0
34 irecv 18 3300 200 0
34 send 50 3300 16 0
34 send 18 3100 16 0
34 wait 51 35 3100
34 wait 19 35 3300
34 irecv 35 1100 200 0
34 irecv 33 1300 200 0
34 send 35 1300 4 0
34 send 33 1100 4 0
34 wait 36 35 1100
34 wait 34 35 1300
34 irecv 38 2100 200 0
34 irecv 46 2300 200 0
34 send 38 2300 8 0
34 send 46 2100 8 0
34 wait 39 35 2100
34 wait 47 35 2300
34 irecv 50 3100 200 0
34 irecv 18 3300 200 0
34 send 50 3300 16 0
34 send 18 3100 16 0
34 wait 51 35 3100
34 wait 19 35 3300
34 irecv 35 1100 200 0
34 irecv 33 1300 200 0
34 send 35 1300 16 0
34 send 33 1100 16 0
34 wait 36 35 1100
34 wait 34 35 1300
34 irecv 38 2100 200 0
34 irecv 46 2300 200 0
34 send 38 2300 24 0
34 send 46 2100 24 0
34 wait 39 35 2100
34 wait 47 35 2300
34 irecv 50 3100 200 0
34 irecv 18 3300 200 0
34 send 50 3300 36 0
34 send 18 3100 36 0
34 wait 51 35 3100
34 wait 19 35 3300
34 irecv 35 1100 200 0
34 irecv 33 1300 200 0
34 send 35 1300 16 0
34 send 33 1100 16 0
34 wait 36 35 1100
34 wait 34 35 1300
34 irecv 38 2100 200 0
34 irecv 46 2300 200 0
34 send 38 2300 24 0
34 send 46 2100 24 0
34 wait 39 35 2100
34 wait 47 35 2300
34 irecv 50 3100 200 0
34 irecv 18 3300 200 0
34 send 50 3300 36 0
34 send 18 3100 36 0
34 wait 51 35 3100
34 wait 19 35 3300
34 irecv 35 1100 200 0
34 irecv 33 1300 200 0
34 send 35 1300 64 0
34 send 33 1100 64 0
34 wait 36 35 1100
34 wait 34 35 1300
34 irecv 38 2100 200 0
34 irecv 46 2300 200 0
34 send 38 2300 80 0
34 send 46 2100 80 0
34 wait 39 35 2100
34 wait 47 35 2300
34 irecv 50 3100 200 0
34 irecv 18 3300 200 0
34 send 50 3300 100 0
34 send 18 3100 100 0
34 wait 51 35 3100
34 wait 19 35 3300
34 irecv 35 1100 200 0
34 irecv 33 1300 200 0
34 send 35 1300 64 0
34 send 33 1100 64 0
34 wait 36 35 1100
34 wait 34 35 1300
34 irecv 38 2100 200 0
34 irecv 46 2300 200 0
34 send 38 2300 80 0
34 send 46 2100 80 0
34 wait 39 35 2100
34 wait 47 35 2300
34 irecv 50 3100 200 0
34 irecv 18 3300 200 0
34 send 50 3300 100 0
34 send 18 3100 100 0
34 wait 51 35 3100
34 wait 19 35 3300
34 irecv 35 1100 200 0
34 irecv 33 1300 200 0
34 send 35 1300 64 0
34 send 33 1100 64 0
34 wait 36 35 1100
34 wait 34 35 1300
34 irecv 38 2100 200 0
34 irecv 46 2300 200 0
34 send 38 2300 80 0
34 send 46 2100 80 0
34 wait 39 35 2100
34 wait 47 35 2300
34 irecv 50 3100 200 0
34 irecv 18 3300 200 0
34 send 50 3300 100 0
34 send 18 3100 100 0
34 wait 51 35 3100
34 wait 19 35 3300
34 allreduce 1 0 0 
34 allreduce 1 0 0 
34 reduce 1 0 0 0 
34 finalize
