11 init
11 barrier
11 bcast 1 0 1 
11 bcast 1 0 1 
11 bcast 1 0 1 
11 bcast 1 0 1 
11 bcast 1 0 1 
11 bcast 8 0 1 
11 bcast 1 0 16 
11 barrier
11 allreduce 1 0 0 
11 allreduce 4 0 1 
11 allreduce 1 0 0 
11 allreduce 4 0 1 
11 allreduce 1 0 0 
11 allreduce 4 0 1 
11 allreduce 1 0 0 
11 allreduce 4 0 1 
11 allreduce 1 0 0 
11 allreduce 4 0 1 
11 allreduce 1 0 0 
11 allreduce 4 0 1 
11 allreduce 1 0 0 
11 allreduce 4 0 1 
11 allreduce 1 0 0 
11 allreduce 4 0 1 
11 allreduce 1 0 0 
11 allreduce 4 0 1 
11 allreduce 1 0 0 
11 allreduce 4 0 1 
11 allreduce 1 0 0 
11 allreduce 4 0 1 
11 allreduce 1 0 0 
11 allreduce 4 0 1 
11 allreduce 1 0 0 
11 allreduce 4 0 1 
11 allreduce 1 0 0 
11 allreduce 4 0 1 
11 allreduce 1 0 0 
11 allreduce 4 0 1 
11 allreduce 1 0 0 
11 allreduce 4 0 1 
11 allreduce 1 0 0 
11 allreduce 4 0 1 
11 allreduce 1 0 0 
11 allreduce 4 0 1 
11 allreduce 1 0 0 
11 allreduce 4 0 1 
11 allreduce 1 0 0 
11 allreduce 4 0 1 
11 barrier
11 irecv 8 1100 200 0
11 irecv 10 1300 200 0
11 send 8 1300 64 0
11 send 10 1100 64 0
11 wait 9 12 1100
11 wait 11 12 1300
11 irecv 15 2100 200 0
11 irecv 7 2300 200 0
11 send 15 2300 80 0
11 send 7 2100 80 0
11 wait 16 12 2100
11 wait 8 12 2300
11 irecv 27 3100 200 0
11 irecv 59 3300 200 0
11 send 27 3300 100 0
11 send 59 3100 100 0
11 wait 28 12 3100
11 wait 60 12 3300
11 allreduce 1 0 0 
11 allreduce 1 0 0 
11 irecv 8 1100 200 0
11 irecv 10 1300 200 0
11 send 8 1300 64 0
11 send 10 1100 64 0
11 wait 9 12 1100
11 wait 11 12 1300
11 irecv 15 2100 200 0
11 irecv 7 2300 200 0
11 send 15 2300 80 0
11 send 7 2100 80 0
11 wait 16 12 2100
11 wait 8 12 2300
11 irecv 27 3100 200 0
11 irecv 59 3300 200 0
11 send 27 3300 100 0
11 send 59 3100 100 0
11 wait 28 12 3100
11 wait 60 12 3300
11 allreduce 1 0 0 
11 allreduce 1 0 0 
11 irecv 8 1100 200 0
11 irecv 10 1300 200 0
11 send 8 1300 16 0
11 send 10 1100 16 0
11 wait 9 12 1100
11 wait 11 12 1300
11 irecv 15 2100 200 0
11 irecv 7 2300 200 0
11 send 15 2300 24 0
11 send 7 2100 24 0
11 wait 16 12 2100
11 wait 8 12 2300
11 irecv 27 3100 200 0
11 irecv 59 3300 200 0
11 send 27 3300 36 0
11 send 59 3100 36 0
11 wait 28 12 3100
11 wait 60 12 3300
11 irecv 8 1100 200 0
11 irecv 10 1300 200 0
11 send 8 1300 4 0
11 send 10 1100 4 0
11 wait 9 12 1100
11 wait 11 12 1300
11 irecv 15 2100 200 0
11 irecv 7 2300 200 0
11 send 15 2300 8 0
11 send 7 2100 8 0
11 wait 16 12 2100
11 wait 8 12 2300
11 irecv 27 3100 200 0
11 irecv 59 3300 200 0
11 send 27 3300 16 0
11 send 59 3100 16 0
11 wait 28 12 3100
11 wait 60 12 3300
11 irecv 8 1100 200 0
11 irecv 10 1300 200 0
11 send 8 1300 1 0
11 send 10 1100 1 0
11 wait 9 12 1100
11 wait 11 12 1300
11 irecv 15 2100 200 0
11 irecv 7 2300 200 0
11 send 15 2300 3 0
11 send 7 2100 3 0
11 wait 16 12 2100
11 wait 8 12 2300
11 irecv 27 3100 200 0
11 irecv 59 3300 200 0
11 send 27 3300 9 0
11 send 59 3100 9 0
11 wait 28 12 3100
11 wait 60 12 3300
11 send 8 1300 18 0
11 send 10 1100 9 0
11 irecv 15 2100 200 0
11 irecv 7 2300 200 0
11 wait 16 12 2100
11 wait 8 12 2300
11 irecv 27 3100 200 0
11 irecv 59 3300 200 0
11 wait 28 12 3100
11 wait 60 12 3300
11 irecv 8 1100 200 0
11 irecv 10 1300 200 0
11 send 8 1300 1 0
11 send 10 1100 1 0
11 wait 9 12 1100
11 wait 11 12 1300
11 irecv 15 2100 200 0
11 irecv 7 2300 200 0
11 send 15 2300 3 0
11 send 7 2100 3 0
11 wait 16 12 2100
11 wait 8 12 2300
11 irecv 27 3100 200 0
11 irecv 59 3300 200 0
11 send 27 3300 9 0
11 send 59 3100 9 0
11 wait 28 12 3100
11 wait 60 12 3300
11 irecv 8 1100 200 0
11 irecv 10 1300 200 0
11 send 8 1300 1 0
11 send 10 1100 1 0
11 wait 9 12 1100
11 wait 11 12 1300
11 irecv 15 2100 200 0
11 irecv 7 2300 200 0
11 send 15 2300 3 0
11 send 7 2100 3 0
11 wait 16 12 2100
11 wait 8 12 2300
11 irecv 27 3100 200 0
11 irecv 59 3300 200 0
11 send 27 3300 9 0
11 send 59 3100 9 0
11 wait 28 12 3100
11 wait 60 12 3300
11 irecv 8 1100 200 0
11 irecv 10 1300 200 0
11 send 8 1300 4 0
11 send 10 1100 4 0
11 wait 9 12 1100
11 wait 11 12 1300
11 irecv 15 2100 200 0
11 irecv 7 2300 200 0
11 send 15 2300 8 0
11 send 7 2100 8 0
11 wait 16 12 2100
11 wait 8 12 2300
11 irecv 27 3100 200 0
11 irecv 59 3300 200 0
11 send 27 3300 16 0
11 send 59 3100 16 0
11 wait 28 12 3100
11 wait 60 12 3300
11 irecv 8 1100 200 0
11 irecv 10 1300 200 0
11 send 8 1300 4 0
11 send 10 1100 4 0
11 wait 9 12 1100
11 wait 11 12 1300
11 irecv 15 2100 200 0
11 irecv 7 2300 200 0
11 send 15 2300 8 0
11 send 7 2100 8 0
11 wait 16 12 2100
11 wait 8 12 2300
11 irecv 27 3100 200 0
11 irecv 59 3300 200 0
11 send 27 3300 16 0
11 send 59 3100 16 0
11 wait 28 12 3100
11 wait 60 12 3300
11 irecv 8 1100 200 0
11 irecv 10 1300 200 0
11 send 8 1300 16 0
11 send 10 1100 16 0
11 wait 9 12 1100
11 wait 11 12 1300
11 irecv 15 2100 200 0
11 irecv 7 2300 200 0
11 send 15 2300 24 0
11 send 7 2100 24 0
11 wait 16 12 2100
11 wait 8 12 2300
11 irecv 27 3100 200 0
11 irecv 59 3300 200 0
11 send 27 3300 36 0
11 send 59 3100 36 0
11 wait 28 12 3100
11 wait 60 12 3300
11 irecv 8 1100 200 0
11 irecv 10 1300 200 0
11 send 8 1300 16 0
11 send 10 1100 16 0
11 wait 9 12 1100
11 wait 11 12 1300
11 irecv 15 2100 200 0
11 irecv 7 2300 200 0
11 send 15 2300 24 0
11 send 7 2100 24 0
11 wait 16 12 2100
11 wait 8 12 2300
11 irecv 27 3100 200 0
11 irecv 59 3300 200 0
11 send 27 3300 36 0
11 send 59 3100 36 0
11 wait 28 12 3100
11 wait 60 12 3300
11 irecv 8 1100 200 0
11 irecv 10 1300 200 0
11 send 8 1300 64 0
11 send 10 1100 64 0
11 wait 9 12 1100
11 wait 11 12 1300
11 irecv 15 2100 200 0
11 irecv 7 2300 200 0
11 send 15 2300 80 0
11 send 7 2100 80 0
11 wait 16 12 2100
11 wait 8 12 2300
11 irecv 27 3100 200 0
11 irecv 59 3300 200 0
11 send 27 3300 100 0
11 send 59 3100 100 0
11 wait 28 12 3100
11 wait 60 12 3300
11 irecv 8 1100 200 0
11 irecv 10 1300 200 0
11 send 8 1300 64 0
11 send 10 1100 64 0
11 wait 9 12 1100
11 wait 11 12 1300
11 irecv 15 2100 200 0
11 irecv 7 2300 200 0
11 send 15 2300 80 0
11 send 7 2100 80 0
11 wait 16 12 2100
11 wait 8 12 2300
11 irecv 27 3100 200 0
11 irecv 59 3300 200 0
11 send 27 3300 100 0
11 send 59 3100 100 0
11 wait 28 12 3100
11 wait 60 12 3300
11 irecv 8 1100 200 0
11 irecv 10 1300 200 0
11 send 8 1300 64 0
11 send 10 1100 64 0
11 wait 9 12 1100
11 wait 11 12 1300
11 irecv 15 2100 200 0
11 irecv 7 2300 200 0
11 send 15 2300 80 0
11 send 7 2100 80 0
11 wait 16 12 2100
11 wait 8 12 2300
11 irecv 27 3100 200 0
11 irecv 59 3300 200 0
11 send 27 3300 100 0
11 send 59 3100 100 0
11 wait 28 12 3100
11 wait 60 12 3300
11 barrier
11 allreduce 1 0 0 
11 allreduce 4 0 1 
11 allreduce 1 0 0 
11 allreduce 4 0 1 
11 allreduce 1 0 0 
11 allreduce 4 0 1 
11 allreduce 1 0 0 
11 allreduce 4 0 1 
11 allreduce 1 0 0 
11 allreduce 4 0 1 
11 allreduce 1 0 0 
11 allreduce 4 0 1 
11 allreduce 1 0 0 
11 allreduce 4 0 1 
11 allreduce 1 0 0 
11 allreduce 4 0 1 
11 allreduce 1 0 0 
11 allreduce 4 0 1 
11 allreduce 1 0 0 
11 allreduce 4 0 1 
11 allreduce 1 0 0 
11 allreduce 4 0 1 
11 allreduce 1 0 0 
11 allreduce 4 0 1 
11 allreduce 1 0 0 
11 allreduce 4 0 1 
11 allreduce 1 0 0 
11 allreduce 4 0 1 
11 allreduce 1 0 0 
11 allreduce 4 0 1 
11 allreduce 1 0 0 
11 allreduce 4 0 1 
11 allreduce 1 0 0 
11 allreduce 4 0 1 
11 allreduce 1 0 0 
11 allreduce 4 0 1 
11 allreduce 1 0 0 
11 allreduce 4 0 1 
11 allreduce 1 0 0 
11 allreduce 4 0 1 
11 barrier
11 irecv 8 1100 200 0
11 irecv 10 1300 200 0
11 send 8 1300 64 0
11 send 10 1100 64 0
11 wait 9 12 1100
11 wait 11 12 1300
11 irecv 15 2100 200 0
11 irecv 7 2300 200 0
11 send 15 2300 80 0
11 send 7 2100 80 0
11 wait 16 12 2100
11 wait 8 12 2300
11 irecv 27 3100 200 0
11 irecv 59 3300 200 0
11 send 27 3300 100 0
11 send 59 3100 100 0
11 wait 28 12 3100
11 wait 60 12 3300
11 barrier
11 irecv 8 1100 200 0
11 irecv 10 1300 200 0
11 send 8 1300 64 0
11 send 10 1100 64 0
11 wait 9 12 1100
11 wait 11 12 1300
11 irecv 15 2100 200 0
11 irecv 7 2300 200 0
11 send 15 2300 80 0
11 send 7 2100 80 0
11 wait 16 12 2100
11 wait 8 12 2300
11 irecv 27 3100 200 0
11 irecv 59 3300 200 0
11 send 27 3300 100 0
11 send 59 3100 100 0
11 wait 28 12 3100
11 wait 60 12 3300
11 allreduce 1 0 0 
11 allreduce 1 0 0 
11 irecv 8 1100 200 0
11 irecv 10 1300 200 0
11 send 8 1300 16 0
11 send 10 1100 16 0
11 wait 9 12 1100
11 wait 11 12 1300
11 irecv 15 2100 200 0
11 irecv 7 2300 200 0
11 send 15 2300 24 0
11 send 7 2100 24 0
11 wait 16 12 2100
11 wait 8 12 2300
11 irecv 27 3100 200 0
11 irecv 59 3300 200 0
11 send 27 3300 36 0
11 send 59 3100 36 0
11 wait 28 12 3100
11 wait 60 12 3300
11 irecv 8 1100 200 0
11 irecv 10 1300 200 0
11 send 8 1300 4 0
11 send 10 1100 4 0
11 wait 9 12 1100
11 wait 11 12 1300
11 irecv 15 2100 200 0
11 irecv 7 2300 200 0
11 send 15 2300 8 0
11 send 7 2100 8 0
11 wait 16 12 2100
11 wait 8 12 2300
11 irecv 27 3100 200 0
11 irecv 59 3300 200 0
11 send 27 3300 16 0
11 send 59 3100 16 0
11 wait 28 12 3100
11 wait 60 12 3300
11 irecv 8 1100 200 0
11 irecv 10 1300 200 0
11 send 8 1300 1 0
11 send 10 1100 1 0
11 wait 9 12 1100
11 wait 11 12 1300
11 irecv 15 2100 200 0
11 irecv 7 2300 200 0
11 send 15 2300 3 0
11 send 7 2100 3 0
11 wait 16 12 2100
11 wait 8 12 2300
11 irecv 27 3100 200 0
11 irecv 59 3300 200 0
11 send 27 3300 9 0
11 send 59 3100 9 0
11 wait 28 12 3100
11 wait 60 12 3300
11 send 8 1300 18 0
11 send 10 1100 9 0
11 irecv 15 2100 200 0
11 irecv 7 2300 200 0
11 wait 16 12 2100
11 wait 8 12 2300
11 irecv 27 3100 200 0
11 irecv 59 3300 200 0
11 wait 28 12 3100
11 wait 60 12 3300
11 irecv 8 1100 200 0
11 irecv 10 1300 200 0
11 send 8 1300 1 0
11 send 10 1100 1 0
11 wait 9 12 1100
11 wait 11 12 1300
11 irecv 15 2100 200 0
11 irecv 7 2300 200 0
11 send 15 2300 3 0
11 send 7 2100 3 0
11 wait 16 12 2100
11 wait 8 12 2300
11 irecv 27 3100 200 0
11 irecv 59 3300 200 0
11 send 27 3300 9 0
11 send 59 3100 9 0
11 wait 28 12 3100
11 wait 60 12 3300
11 irecv 8 1100 200 0
11 irecv 10 1300 200 0
11 send 8 1300 1 0
11 send 10 1100 1 0
11 wait 9 12 1100
11 wait 11 12 1300
11 irecv 15 2100 200 0
11 irecv 7 2300 200 0
11 send 15 2300 3 0
11 send 7 2100 3 0
11 wait 16 12 2100
11 wait 8 12 2300
11 irecv 27 3100 200 0
11 irecv 59 3300 200 0
11 send 27 3300 9 0
11 send 59 3100 9 0
11 wait 28 12 3100
11 wait 60 12 3300
11 irecv 8 1100 200 0
11 irecv 10 1300 200 0
11 send 8 1300 4 0
11 send 10 1100 4 0
11 wait 9 12 1100
11 wait 11 12 1300
11 irecv 15 2100 200 0
11 irecv 7 2300 200 0
11 send 15 2300 8 0
11 send 7 2100 8 0
11 wait 16 12 2100
11 wait 8 12 2300
11 irecv 27 3100 200 0
11 irecv 59 3300 200 0
11 send 27 3300 16 0
11 send 59 3100 16 0
11 wait 28 12 3100
11 wait 60 12 3300
11 irecv 8 1100 200 0
11 irecv 10 1300 200 0
11 send 8 1300 4 0
11 send 10 1100 4 0
11 wait 9 12 1100
11 wait 11 12 1300
11 irecv 15 2100 200 0
11 irecv 7 2300 200 0
11 send 15 2300 8 0
11 send 7 2100 8 0
11 wait 16 12 2100
11 wait 8 12 2300
11 irecv 27 3100 200 0
11 irecv 59 3300 200 0
11 send 27 3300 16 0
11 send 59 3100 16 0
11 wait 28 12 3100
11 wait 60 12 3300
11 irecv 8 1100 200 0
11 irecv 10 1300 200 0
11 send 8 1300 16 0
11 send 10 1100 16 0
11 wait 9 12 1100
11 wait 11 12 1300
11 irecv 15 2100 200 0
11 irecv 7 2300 200 0
11 send 15 2300 24 0
11 send 7 2100 24 0
11 wait 16 12 2100
11 wait 8 12 2300
11 irecv 27 3100 200 0
11 irecv 59 3300 200 0
11 send 27 3300 36 0
11 send 59 3100 36 0
11 wait 28 12 3100
11 wait 60 12 3300
11 irecv 8 1100 200 0
11 irecv 10 1300 200 0
11 send 8 1300 16 0
11 send 10 1100 16 0
11 wait 9 12 1100
11 wait 11 12 1300
11 irecv 15 2100 200 0
11 irecv 7 2300 200 0
11 send 15 2300 24 0
11 send 7 2100 24 0
11 wait 16 12 2100
11 wait 8 12 2300
11 irecv 27 3100 200 0
11 irecv 59 3300 200 0
11 send 27 3300 36 0
11 send 59 3100 36 0
11 wait 28 12 3100
11 wait 60 12 3300
11 irecv 8 1100 200 0
11 irecv 10 1300 200 0
11 send 8 1300 64 0
11 send 10 1100 64 0
11 wait 9 12 1100
11 wait 11 12 1300
11 irecv 15 2100 200 0
11 irecv 7 2300 200 0
11 send 15 2300 80 0
11 send 7 2100 80 0
11 wait 16 12 2100
11 wait 8 12 2300
11 irecv 27 3100 200 0
11 irecv 59 3300 200 0
11 send 27 3300 100 0
11 send 59 3100 100 0
11 wait 28 12 3100
11 wait 60 12 3300
11 irecv 8 1100 200 0
11 irecv 10 1300 200 0
11 send 8 1300 64 0
11 send 10 1100 64 0
11 wait 9 12 1100
11 wait 11 12 1300
11 irecv 15 2100 200 0
11 irecv 7 2300 200 0
11 send 15 2300 80 0
11 send 7 2100 80 0
11 wait 16 12 2100
11 wait 8 12 2300
11 irecv 27 3100 200 0
11 irecv 59 3300 200 0
11 send 27 3300 100 0
11 send 59 3100 100 0
11 wait 28 12 3100
11 wait 60 12 3300
11 irecv 8 1100 200 0
11 irecv 10 1300 200 0
11 send 8 1300 64 0
11 send 10 1100 64 0
11 wait 9 12 1100
11 wait 11 12 1300
11 irecv 15 2100 200 0
11 irecv 7 2300 200 0
11 send 15 2300 80 0
11 send 7 2100 80 0
11 wait 16 12 2100
11 wait 8 12 2300
11 irecv 27 3100 200 0
11 irecv 59 3300 200 0
11 send 27 3300 100 0
11 send 59 3100 100 0
11 wait 28 12 3100
11 wait 60 12 3300
11 irecv 8 1100 200 0
11 irecv 10 1300 200 0
11 send 8 1300 16 0
11 send 10 1100 16 0
11 wait 9 12 1100
11 wait 11 12 1300
11 irecv 15 2100 200 0
11 irecv 7 2300 200 0
11 send 15 2300 24 0
11 send 7 2100 24 0
11 wait 16 12 2100
11 wait 8 12 2300
11 irecv 27 3100 200 0
11 irecv 59 3300 200 0
11 send 27 3300 36 0
11 send 59 3100 36 0
11 wait 28 12 3100
11 wait 60 12 3300
11 irecv 8 1100 200 0
11 irecv 10 1300 200 0
11 send 8 1300 4 0
11 send 10 1100 4 0
11 wait 9 12 1100
11 wait 11 12 1300
11 irecv 15 2100 200 0
11 irecv 7 2300 200 0
11 send 15 2300 8 0
11 send 7 2100 8 0
11 wait 16 12 2100
11 wait 8 12 2300
11 irecv 27 3100 200 0
11 irecv 59 3300 200 0
11 send 27 3300 16 0
11 send 59 3100 16 0
11 wait 28 12 3100
11 wait 60 12 3300
11 irecv 8 1100 200 0
11 irecv 10 1300 200 0
11 send 8 1300 1 0
11 send 10 1100 1 0
11 wait 9 12 1100
11 wait 11 12 1300
11 irecv 15 2100 200 0
11 irecv 7 2300 200 0
11 send 15 2300 3 0
11 send 7 2100 3 0
11 wait 16 12 2100
11 wait 8 12 2300
11 irecv 27 3100 200 0
11 irecv 59 3300 200 0
11 send 27 3300 9 0
11 send 59 3100 9 0
11 wait 28 12 3100
11 wait 60 12 3300
11 send 8 1300 18 0
11 send 10 1100 9 0
11 irecv 15 2100 200 0
11 irecv 7 2300 200 0
11 wait 16 12 2100
11 wait 8 12 2300
11 irecv 27 3100 200 0
11 irecv 59 3300 200 0
11 wait 28 12 3100
11 wait 60 12 3300
11 irecv 8 1100 200 0
11 irecv 10 1300 200 0
11 send 8 1300 1 0
11 send 10 1100 1 0
11 wait 9 12 1100
11 wait 11 12 1300
11 irecv 15 2100 200 0
11 irecv 7 2300 200 0
11 send 15 2300 3 0
11 send 7 2100 3 0
11 wait 16 12 2100
11 wait 8 12 2300
11 irecv 27 3100 200 0
11 irecv 59 3300 200 0
11 send 27 3300 9 0
11 send 59 3100 9 0
11 wait 28 12 3100
11 wait 60 12 3300
11 irecv 8 1100 200 0
11 irecv 10 1300 200 0
11 send 8 1300 1 0
11 send 10 1100 1 0
11 wait 9 12 1100
11 wait 11 12 1300
11 irecv 15 2100 200 0
11 irecv 7 2300 200 0
11 send 15 2300 3 0
11 send 7 2100 3 0
11 wait 16 12 2100
11 wait 8 12 2300
11 irecv 27 3100 200 0
11 irecv 59 3300 200 0
11 send 27 3300 9 0
11 send 59 3100 9 0
11 wait 28 12 3100
11 wait 60 12 3300
11 irecv 8 1100 200 0
11 irecv 10 1300 200 0
11 send 8 1300 4 0
11 send 10 1100 4 0
11 wait 9 12 1100
11 wait 11 12 1300
11 irecv 15 2100 200 0
11 irecv 7 2300 200 0
11 send 15 2300 8 0
11 send 7 2100 8 0
11 wait 16 12 2100
11 wait 8 12 2300
11 irecv 27 3100 200 0
11 irecv 59 3300 200 0
11 send 27 3300 16 0
11 send 59 3100 16 0
11 wait 28 12 3100
11 wait 60 12 3300
11 irecv 8 1100 200 0
11 irecv 10 1300 200 0
11 send 8 1300 4 0
11 send 10 1100 4 0
11 wait 9 12 1100
11 wait 11 12 1300
11 irecv 15 2100 200 0
11 irecv 7 2300 200 0
11 send 15 2300 8 0
11 send 7 2100 8 0
11 wait 16 12 2100
11 wait 8 12 2300
11 irecv 27 3100 200 0
11 irecv 59 3300 200 0
11 send 27 3300 16 0
11 send 59 3100 16 0
11 wait 28 12 3100
11 wait 60 12 3300
11 irecv 8 1100 200 0
11 irecv 10 1300 200 0
11 send 8 1300 16 0
11 send 10 1100 16 0
11 wait 9 12 1100
11 wait 11 12 1300
11 irecv 15 2100 200 0
11 irecv 7 2300 200 0
11 send 15 2300 24 0
11 send 7 2100 24 0
11 wait 16 12 2100
11 wait 8 12 2300
11 irecv 27 3100 200 0
11 irecv 59 3300 200 0
11 send 27 3300 36 0
11 send 59 3100 36 0
11 wait 28 12 3100
11 wait 60 12 3300
11 irecv 8 1100 200 0
11 irecv 10 1300 200 0
11 send 8 1300 16 0
11 send 10 1100 16 0
11 wait 9 12 1100
11 wait 11 12 1300
11 irecv 15 2100 200 0
11 irecv 7 2300 200 0
11 send 15 2300 24 0
11 send 7 2100 24 0
11 wait 16 12 2100
11 wait 8 12 2300
11 irecv 27 3100 200 0
11 irecv 59 3300 200 0
11 send 27 3300 36 0
11 send 59 3100 36 0
11 wait 28 12 3100
11 wait 60 12 3300
11 irecv 8 1100 200 0
11 irecv 10 1300 200 0
11 send 8 1300 64 0
11 send 10 1100 64 0
11 wait 9 12 1100
11 wait 11 12 1300
11 irecv 15 2100 200 0
11 irecv 7 2300 200 0
11 send 15 2300 80 0
11 send 7 2100 80 0
11 wait 16 12 2100
11 wait 8 12 2300
11 irecv 27 3100 200 0
11 irecv 59 3300 200 0
11 send 27 3300 100 0
11 send 59 3100 100 0
11 wait 28 12 3100
11 wait 60 12 3300
11 irecv 8 1100 200 0
11 irecv 10 1300 200 0
11 send 8 1300 64 0
11 send 10 1100 64 0
11 wait 9 12 1100
11 wait 11 12 1300
11 irecv 15 2100 200 0
11 irecv 7 2300 200 0
11 send 15 2300 80 0
11 send 7 2100 80 0
11 wait 16 12 2100
11 wait 8 12 2300
11 irecv 27 3100 200 0
11 irecv 59 3300 200 0
11 send 27 3300 100 0
11 send 59 3100 100 0
11 wait 28 12 3100
11 wait 60 12 3300
11 irecv 8 1100 200 0
11 irecv 10 1300 200 0
11 send 8 1300 64 0
11 send 10 1100 64 0
11 wait 9 12 1100
11 wait 11 12 1300
11 irecv 15 2100 200 0
11 irecv 7 2300 200 0
11 send 15 2300 80 0
11 send 7 2100 80 0
11 wait 16 12 2100
11 wait 8 12 2300
11 irecv 27 3100 200 0
11 irecv 59 3300 200 0
11 send 27 3300 100 0
11 send 59 3100 100 0
11 wait 28 12 3100
11 wait 60 12 3300
11 irecv 8 1100 200 0
11 irecv 10 1300 200 0
11 send 8 1300 16 0
11 send 10 1100 16 0
11 wait 9 12 1100
11 wait 11 12 1300
11 irecv 15 2100 200 0
11 irecv 7 2300 200 0
11 send 15 2300 24 0
11 send 7 2100 24 0
11 wait 16 12 2100
11 wait 8 12 2300
11 irecv 27 3100 200 0
11 irecv 59 3300 200 0
11 send 27 3300 36 0
11 send 59 3100 36 0
11 wait 28 12 3100
11 wait 60 12 3300
11 irecv 8 1100 200 0
11 irecv 10 1300 200 0
11 send 8 1300 4 0
11 send 10 1100 4 0
11 wait 9 12 1100
11 wait 11 12 1300
11 irecv 15 2100 200 0
11 irecv 7 2300 200 0
11 send 15 2300 8 0
11 send 7 2100 8 0
11 wait 16 12 2100
11 wait 8 12 2300
11 irecv 27 3100 200 0
11 irecv 59 3300 200 0
11 send 27 3300 16 0
11 send 59 3100 16 0
11 wait 28 12 3100
11 wait 60 12 3300
11 irecv 8 1100 200 0
11 irecv 10 1300 200 0
11 send 8 1300 1 0
11 send 10 1100 1 0
11 wait 9 12 1100
11 wait 11 12 1300
11 irecv 15 2100 200 0
11 irecv 7 2300 200 0
11 send 15 2300 3 0
11 send 7 2100 3 0
11 wait 16 12 2100
11 wait 8 12 2300
11 irecv 27 3100 200 0
11 irecv 59 3300 200 0
11 send 27 3300 9 0
11 send 59 3100 9 0
11 wait 28 12 3100
11 wait 60 12 3300
11 send 8 1300 18 0
11 send 10 1100 9 0
11 irecv 15 2100 200 0
11 irecv 7 2300 200 0
11 wait 16 12 2100
11 wait 8 12 2300
11 irecv 27 3100 200 0
11 irecv 59 3300 200 0
11 wait 28 12 3100
11 wait 60 12 3300
11 irecv 8 1100 200 0
11 irecv 10 1300 200 0
11 send 8 1300 1 0
11 send 10 1100 1 0
11 wait 9 12 1100
11 wait 11 12 1300
11 irecv 15 2100 200 0
11 irecv 7 2300 200 0
11 send 15 2300 3 0
11 send 7 2100 3 0
11 wait 16 12 2100
11 wait 8 12 2300
11 irecv 27 3100 200 0
11 irecv 59 3300 200 0
11 send 27 3300 9 0
11 send 59 3100 9 0
11 wait 28 12 3100
11 wait 60 12 3300
11 irecv 8 1100 200 0
11 irecv 10 1300 200 0
11 send 8 1300 1 0
11 send 10 1100 1 0
11 wait 9 12 1100
11 wait 11 12 1300
11 irecv 15 2100 200 0
11 irecv 7 2300 200 0
11 send 15 2300 3 0
11 send 7 2100 3 0
11 wait 16 12 2100
11 wait 8 12 2300
11 irecv 27 3100 200 0
11 irecv 59 3300 200 0
11 send 27 3300 9 0
11 send 59 3100 9 0
11 wait 28 12 3100
11 wait 60 12 3300
11 irecv 8 1100 200 0
11 irecv 10 1300 200 0
11 send 8 1300 4 0
11 send 10 1100 4 0
11 wait 9 12 1100
11 wait 11 12 1300
11 irecv 15 2100 200 0
11 irecv 7 2300 200 0
11 send 15 2300 8 0
11 send 7 2100 8 0
11 wait 16 12 2100
11 wait 8 12 2300
11 irecv 27 3100 200 0
11 irecv 59 3300 200 0
11 send 27 3300 16 0
11 send 59 3100 16 0
11 wait 28 12 3100
11 wait 60 12 3300
11 irecv 8 1100 200 0
11 irecv 10 1300 200 0
11 send 8 1300 4 0
11 send 10 1100 4 0
11 wait 9 12 1100
11 wait 11 12 1300
11 irecv 15 2100 200 0
11 irecv 7 2300 200 0
11 send 15 2300 8 0
11 send 7 2100 8 0
11 wait 16 12 2100
11 wait 8 12 2300
11 irecv 27 3100 200 0
11 irecv 59 3300 200 0
11 send 27 3300 16 0
11 send 59 3100 16 0
11 wait 28 12 3100
11 wait 60 12 3300
11 irecv 8 1100 200 0
11 irecv 10 1300 200 0
11 send 8 1300 16 0
11 send 10 1100 16 0
11 wait 9 12 1100
11 wait 11 12 1300
11 irecv 15 2100 200 0
11 irecv 7 2300 200 0
11 send 15 2300 24 0
11 send 7 2100 24 0
11 wait 16 12 2100
11 wait 8 12 2300
11 irecv 27 3100 200 0
11 irecv 59 3300 200 0
11 send 27 3300 36 0
11 send 59 3100 36 0
11 wait 28 12 3100
11 wait 60 12 3300
11 irecv 8 1100 200 0
11 irecv 10 1300 200 0
11 send 8 1300 16 0
11 send 10 1100 16 0
11 wait 9 12 1100
11 wait 11 12 1300
11 irecv 15 2100 200 0
11 irecv 7 2300 200 0
11 send 15 2300 24 0
11 send 7 2100 24 0
11 wait 16 12 2100
11 wait 8 12 2300
11 irecv 27 3100 200 0
11 irecv 59 3300 200 0
11 send 27 3300 36 0
11 send 59 3100 36 0
11 wait 28 12 3100
11 wait 60 12 3300
11 irecv 8 1100 200 0
11 irecv 10 1300 200 0
11 send 8 1300 64 0
11 send 10 1100 64 0
11 wait 9 12 1100
11 wait 11 12 1300
11 irecv 15 2100 200 0
11 irecv 7 2300 200 0
11 send 15 2300 80 0
11 send 7 2100 80 0
11 wait 16 12 2100
11 wait 8 12 2300
11 irecv 27 3100 200 0
11 irecv 59 3300 200 0
11 send 27 3300 100 0
11 send 59 3100 100 0
11 wait 28 12 3100
11 wait 60 12 3300
11 irecv 8 1100 200 0
11 irecv 10 1300 200 0
11 send 8 1300 64 0
11 send 10 1100 64 0
11 wait 9 12 1100
11 wait 11 12 1300
11 irecv 15 2100 200 0
11 irecv 7 2300 200 0
11 send 15 2300 80 0
11 send 7 2100 80 0
11 wait 16 12 2100
11 wait 8 12 2300
11 irecv 27 3100 200 0
11 irecv 59 3300 200 0
11 send 27 3300 100 0
11 send 59 3100 100 0
11 wait 28 12 3100
11 wait 60 12 3300
11 irecv 8 1100 200 0
11 irecv 10 1300 200 0
11 send 8 1300 64 0
11 send 10 1100 64 0
11 wait 9 12 1100
11 wait 11 12 1300
11 irecv 15 2100 200 0
11 irecv 7 2300 200 0
11 send 15 2300 80 0
11 send 7 2100 80 0
11 wait 16 12 2100
11 wait 8 12 2300
11 irecv 27 3100 200 0
11 irecv 59 3300 200 0
11 send 27 3300 100 0
11 send 59 3100 100 0
11 wait 28 12 3100
11 wait 60 12 3300
11 irecv 8 1100 200 0
11 irecv 10 1300 200 0
11 send 8 1300 16 0
11 send 10 1100 16 0
11 wait 9 12 1100
11 wait 11 12 1300
11 irecv 15 2100 200 0
11 irecv 7 2300 200 0
11 send 15 2300 24 0
11 send 7 2100 24 0
11 wait 16 12 2100
11 wait 8 12 2300
11 irecv 27 3100 200 0
11 irecv 59 3300 200 0
11 send 27 3300 36 0
11 send 59 3100 36 0
11 wait 28 12 3100
11 wait 60 12 3300
11 irecv 8 1100 200 0
11 irecv 10 1300 200 0
11 send 8 1300 4 0
11 send 10 1100 4 0
11 wait 9 12 1100
11 wait 11 12 1300
11 irecv 15 2100 200 0
11 irecv 7 2300 200 0
11 send 15 2300 8 0
11 send 7 2100 8 0
11 wait 16 12 2100
11 wait 8 12 2300
11 irecv 27 3100 200 0
11 irecv 59 3300 200 0
11 send 27 3300 16 0
11 send 59 3100 16 0
11 wait 28 12 3100
11 wait 60 12 3300
11 irecv 8 1100 200 0
11 irecv 10 1300 200 0
11 send 8 1300 1 0
11 send 10 1100 1 0
11 wait 9 12 1100
11 wait 11 12 1300
11 irecv 15 2100 200 0
11 irecv 7 2300 200 0
11 send 15 2300 3 0
11 send 7 2100 3 0
11 wait 16 12 2100
11 wait 8 12 2300
11 irecv 27 3100 200 0
11 irecv 59 3300 200 0
11 send 27 3300 9 0
11 send 59 3100 9 0
11 wait 28 12 3100
11 wait 60 12 3300
11 send 8 1300 18 0
11 send 10 1100 9 0
11 irecv 15 2100 200 0
11 irecv 7 2300 200 0
11 wait 16 12 2100
11 wait 8 12 2300
11 irecv 27 3100 200 0
11 irecv 59 3300 200 0
11 wait 28 12 3100
11 wait 60 12 3300
11 irecv 8 1100 200 0
11 irecv 10 1300 200 0
11 send 8 1300 1 0
11 send 10 1100 1 0
11 wait 9 12 1100
11 wait 11 12 1300
11 irecv 15 2100 200 0
11 irecv 7 2300 200 0
11 send 15 2300 3 0
11 send 7 2100 3 0
11 wait 16 12 2100
11 wait 8 12 2300
11 irecv 27 3100 200 0
11 irecv 59 3300 200 0
11 send 27 3300 9 0
11 send 59 3100 9 0
11 wait 28 12 3100
11 wait 60 12 3300
11 irecv 8 1100 200 0
11 irecv 10 1300 200 0
11 send 8 1300 1 0
11 send 10 1100 1 0
11 wait 9 12 1100
11 wait 11 12 1300
11 irecv 15 2100 200 0
11 irecv 7 2300 200 0
11 send 15 2300 3 0
11 send 7 2100 3 0
11 wait 16 12 2100
11 wait 8 12 2300
11 irecv 27 3100 200 0
11 irecv 59 3300 200 0
11 send 27 3300 9 0
11 send 59 3100 9 0
11 wait 28 12 3100
11 wait 60 12 3300
11 irecv 8 1100 200 0
11 irecv 10 1300 200 0
11 send 8 1300 4 0
11 send 10 1100 4 0
11 wait 9 12 1100
11 wait 11 12 1300
11 irecv 15 2100 200 0
11 irecv 7 2300 200 0
11 send 15 2300 8 0
11 send 7 2100 8 0
11 wait 16 12 2100
11 wait 8 12 2300
11 irecv 27 3100 200 0
11 irecv 59 3300 200 0
11 send 27 3300 16 0
11 send 59 3100 16 0
11 wait 28 12 3100
11 wait 60 12 3300
11 irecv 8 1100 200 0
11 irecv 10 1300 200 0
11 send 8 1300 4 0
11 send 10 1100 4 0
11 wait 9 12 1100
11 wait 11 12 1300
11 irecv 15 2100 200 0
11 irecv 7 2300 200 0
11 send 15 2300 8 0
11 send 7 2100 8 0
11 wait 16 12 2100
11 wait 8 12 2300
11 irecv 27 3100 200 0
11 irecv 59 3300 200 0
11 send 27 3300 16 0
11 send 59 3100 16 0
11 wait 28 12 3100
11 wait 60 12 3300
11 irecv 8 1100 200 0
11 irecv 10 1300 200 0
11 send 8 1300 16 0
11 send 10 1100 16 0
11 wait 9 12 1100
11 wait 11 12 1300
11 irecv 15 2100 200 0
11 irecv 7 2300 200 0
11 send 15 2300 24 0
11 send 7 2100 24 0
11 wait 16 12 2100
11 wait 8 12 2300
11 irecv 27 3100 200 0
11 irecv 59 3300 200 0
11 send 27 3300 36 0
11 send 59 3100 36 0
11 wait 28 12 3100
11 wait 60 12 3300
11 irecv 8 1100 200 0
11 irecv 10 1300 200 0
11 send 8 1300 16 0
11 send 10 1100 16 0
11 wait 9 12 1100
11 wait 11 12 1300
11 irecv 15 2100 200 0
11 irecv 7 2300 200 0
11 send 15 2300 24 0
11 send 7 2100 24 0
11 wait 16 12 2100
11 wait 8 12 2300
11 irecv 27 3100 200 0
11 irecv 59 3300 200 0
11 send 27 3300 36 0
11 send 59 3100 36 0
11 wait 28 12 3100
11 wait 60 12 3300
11 irecv 8 1100 200 0
11 irecv 10 1300 200 0
11 send 8 1300 64 0
11 send 10 1100 64 0
11 wait 9 12 1100
11 wait 11 12 1300
11 irecv 15 2100 200 0
11 irecv 7 2300 200 0
11 send 15 2300 80 0
11 send 7 2100 80 0
11 wait 16 12 2100
11 wait 8 12 2300
11 irecv 27 3100 200 0
11 irecv 59 3300 200 0
11 send 27 3300 100 0
11 send 59 3100 100 0
11 wait 28 12 3100
11 wait 60 12 3300
11 irecv 8 1100 200 0
11 irecv 10 1300 200 0
11 send 8 1300 64 0
11 send 10 1100 64 0
11 wait 9 12 1100
11 wait 11 12 1300
11 irecv 15 2100 200 0
11 irecv 7 2300 200 0
11 send 15 2300 80 0
11 send 7 2100 80 0
11 wait 16 12 2100
11 wait 8 12 2300
11 irecv 27 3100 200 0
11 irecv 59 3300 200 0
11 send 27 3300 100 0
11 send 59 3100 100 0
11 wait 28 12 3100
11 wait 60 12 3300
11 irecv 8 1100 200 0
11 irecv 10 1300 200 0
11 send 8 1300 64 0
11 send 10 1100 64 0
11 wait 9 12 1100
11 wait 11 12 1300
11 irecv 15 2100 200 0
11 irecv 7 2300 200 0
11 send 15 2300 80 0
11 send 7 2100 80 0
11 wait 16 12 2100
11 wait 8 12 2300
11 irecv 27 3100 200 0
11 irecv 59 3300 200 0
11 send 27 3300 100 0
11 send 59 3100 100 0
11 wait 28 12 3100
11 wait 60 12 3300
11 allreduce 1 0 0 
11 allreduce 1 0 0 
11 reduce 1 0 0 0 
11 finalize
