16 init
16 barrier
16 bcast 1 0 1 
16 bcast 1 0 1 
16 bcast 1 0 1 
16 bcast 1 0 1 
16 bcast 1 0 1 
16 bcast 8 0 1 
16 bcast 1 0 16 
16 barrier
16 allreduce 1 0 0 
16 allreduce 4 0 1 
16 allreduce 1 0 0 
16 allreduce 4 0 1 
16 allreduce 1 0 0 
16 allreduce 4 0 1 
16 allreduce 1 0 0 
16 allreduce 4 0 1 
16 allreduce 1 0 0 
16 allreduce 4 0 1 
16 allreduce 1 0 0 
16 allreduce 4 0 1 
16 allreduce 1 0 0 
16 allreduce 4 0 1 
16 allreduce 1 0 0 
16 allreduce 4 0 1 
16 allreduce 1 0 0 
16 allreduce 4 0 1 
16 allreduce 1 0 0 
16 allreduce 4 0 1 
16 allreduce 1 0 0 
16 allreduce 4 0 1 
16 allreduce 1 0 0 
16 allreduce 4 0 1 
16 allreduce 1 0 0 
16 allreduce 4 0 1 
16 allreduce 1 0 0 
16 allreduce 4 0 1 
16 allreduce 1 0 0 
16 allreduce 4 0 1 
16 allreduce 1 0 0 
16 allreduce 4 0 1 
16 allreduce 1 0 0 
16 allreduce 4 0 1 
16 allreduce 1 0 0 
16 allreduce 4 0 1 
16 allreduce 1 0 0 
16 allreduce 4 0 1 
16 allreduce 1 0 0 
16 allreduce 4 0 1 
16 barrier
16 irecv 17 1100 200 0
16 irecv 19 1300 200 0
16 send 17 1300 64 0
16 send 19 1100 64 0
16 wait 18 17 1100
16 wait 20 17 1300
16 irecv 20 2100 200 0
16 irecv 28 2300 200 0
16 send 20 2300 80 0
16 send 28 2100 80 0
16 wait 21 17 2100
16 wait 29 17 2300
16 irecv 32 3100 200 0
16 irecv 0 3300 200 0
16 send 32 3300 100 0
16 send 0 3100 100 0
16 wait 33 17 3100
16 wait 1 17 3300
16 allreduce 1 0 0 
16 allreduce 1 0 0 
16 irecv 17 1100 200 0
16 irecv 19 1300 200 0
16 send 17 1300 64 0
16 send 19 1100 64 0
16 wait 18 17 1100
16 wait 20 17 1300
16 irecv 20 2100 200 0
16 irecv 28 2300 200 0
16 send 20 2300 80 0
16 send 28 2100 80 0
16 wait 21 17 2100
16 wait 29 17 2300
16 irecv 32 3100 200 0
16 irecv 0 3300 200 0
16 send 32 3300 100 0
16 send 0 3100 100 0
16 wait 33 17 3100
16 wait 1 17 3300
16 allreduce 1 0 0 
16 allreduce 1 0 0 
16 irecv 17 1100 200 0
16 irecv 19 1300 200 0
16 send 17 1300 16 0
16 send 19 1100 16 0
16 wait 18 17 1100
16 wait 20 17 1300
16 irecv 20 2100 200 0
16 irecv 28 2300 200 0
16 send 20 2300 24 0
16 send 28 2100 24 0
16 wait 21 17 2100
16 wait 29 17 2300
16 irecv 32 3100 200 0
16 irecv 0 3300 200 0
16 send 32 3300 36 0
16 send 0 3100 36 0
16 wait 33 17 3100
16 wait 1 17 3300
16 irecv 17 1100 200 0
16 irecv 19 1300 200 0
16 send 17 1300 4 0
16 send 19 1100 4 0
16 wait 18 17 1100
16 wait 20 17 1300
16 irecv 20 2100 200 0
16 irecv 28 2300 200 0
16 send 20 2300 8 0
16 send 28 2100 8 0
16 wait 21 17 2100
16 wait 29 17 2300
16 irecv 32 3100 200 0
16 irecv 0 3300 200 0
16 send 32 3300 16 0
16 send 0 3100 16 0
16 wait 33 17 3100
16 wait 1 17 3300
16 irecv 17 1100 200 0
16 irecv 19 1300 200 0
16 send 17 1300 1 0
16 send 19 1100 1 0
16 wait 18 17 1100
16 wait 20 17 1300
16 irecv 20 2100 200 0
16 irecv 28 2300 200 0
16 send 20 2300 3 0
16 send 28 2100 3 0
16 wait 21 17 2100
16 wait 29 17 2300
16 irecv 32 3100 200 0
16 irecv 0 3300 200 0
16 send 32 3300 9 0
16 send 0 3100 9 0
16 wait 33 17 3100
16 wait 1 17 3300
16 irecv 17 1100 200 0
16 irecv 19 1300 200 0
16 wait 18 17 1100
16 wait 20 17 1300
16 irecv 20 2100 200 0
16 irecv 28 2300 200 0
16 wait 21 17 2100
16 wait 29 17 2300
16 send 32 3300 18 0
16 send 0 3100 9 0
16 irecv 17 1100 200 0
16 irecv 19 1300 200 0
16 send 17 1300 1 0
16 send 19 1100 1 0
16 wait 18 17 1100
16 wait 20 17 1300
16 irecv 20 2100 200 0
16 irecv 28 2300 200 0
16 send 20 2300 3 0
16 send 28 2100 3 0
16 wait 21 17 2100
16 wait 29 17 2300
16 irecv 32 3100 200 0
16 irecv 0 3300 200 0
16 send 32 3300 9 0
16 send 0 3100 9 0
16 wait 33 17 3100
16 wait 1 17 3300
16 irecv 17 1100 200 0
16 irecv 19 1300 200 0
16 send 17 1300 1 0
16 send 19 1100 1 0
16 wait 18 17 1100
16 wait 20 17 1300
16 irecv 20 2100 200 0
16 irecv 28 2300 200 0
16 send 20 2300 3 0
16 send 28 2100 3 0
16 wait 21 17 2100
16 wait 29 17 2300
16 irecv 32 3100 200 0
16 irecv 0 3300 200 0
16 send 32 3300 9 0
16 send 0 3100 9 0
16 wait 33 17 3100
16 wait 1 17 3300
16 irecv 17 1100 200 0
16 irecv 19 1300 200 0
16 send 17 1300 4 0
16 send 19 1100 4 0
16 wait 18 17 1100
16 wait 20 17 1300
16 irecv 20 2100 200 0
16 irecv 28 2300 200 0
16 send 20 2300 8 0
16 send 28 2100 8 0
16 wait 21 17 2100
16 wait 29 17 2300
16 irecv 32 3100 200 0
16 irecv 0 3300 200 0
16 send 32 3300 16 0
16 send 0 3100 16 0
16 wait 33 17 3100
16 wait 1 17 3300
16 irecv 17 1100 200 0
16 irecv 19 1300 200 0
16 send 17 1300 4 0
16 send 19 1100 4 0
16 wait 18 17 1100
16 wait 20 17 1300
16 irecv 20 2100 200 0
16 irecv 28 2300 200 0
16 send 20 2300 8 0
16 send 28 2100 8 0
16 wait 21 17 2100
16 wait 29 17 2300
16 irecv 32 3100 200 0
16 irecv 0 3300 200 0
16 send 32 3300 16 0
16 send 0 3100 16 0
16 wait 33 17 3100
16 wait 1 17 3300
16 irecv 17 1100 200 0
16 irecv 19 1300 200 0
16 send 17 1300 16 0
16 send 19 1100 16 0
16 wait 18 17 1100
16 wait 20 17 1300
16 irecv 20 2100 200 0
16 irecv 28 2300 200 0
16 send 20 2300 24 0
16 send 28 2100 24 0
16 wait 21 17 2100
16 wait 29 17 2300
16 irecv 32 3100 200 0
16 irecv 0 3300 200 0
16 send 32 3300 36 0
16 send 0 3100 36 0
16 wait 33 17 3100
16 wait 1 17 3300
16 irecv 17 1100 200 0
16 irecv 19 1300 200 0
16 send 17 1300 16 0
16 send 19 1100 16 0
16 wait 18 17 1100
16 wait 20 17 1300
16 irecv 20 2100 200 0
16 irecv 28 2300 200 0
16 send 20 2300 24 0
16 send 28 2100 24 0
16 wait 21 17 2100
16 wait 29 17 2300
16 irecv 32 3100 200 0
16 irecv 0 3300 200 0
16 send 32 3300 36 0
16 send 0 3100 36 0
16 wait 33 17 3100
16 wait 1 17 3300
16 irecv 17 1100 200 0
16 irecv 19 1300 200 0
16 send 17 1300 64 0
16 send 19 1100 64 0
16 wait 18 17 1100
16 wait 20 17 1300
16 irecv 20 2100 200 0
16 irecv 28 2300 200 0
16 send 20 2300 80 0
16 send 28 2100 80 0
16 wait 21 17 2100
16 wait 29 17 2300
16 irecv 32 3100 200 0
16 irecv 0 3300 200 0
16 send 32 3300 100 0
16 send 0 3100 100 0
16 wait 33 17 3100
16 wait 1 17 3300
16 irecv 17 1100 200 0
16 irecv 19 1300 200 0
16 send 17 1300 64 0
16 send 19 1100 64 0
16 wait 18 17 1100
16 wait 20 17 1300
16 irecv 20 2100 200 0
16 irecv 28 2300 200 0
16 send 20 2300 80 0
16 send 28 2100 80 0
16 wait 21 17 2100
16 wait 29 17 2300
16 irecv 32 3100 200 0
16 irecv 0 3300 200 0
16 send 32 3300 100 0
16 send 0 3100 100 0
16 wait 33 17 3100
16 wait 1 17 3300
16 irecv 17 1100 200 0
16 irecv 19 1300 200 0
16 send 17 1300 64 0
16 send 19 1100 64 0
16 wait 18 17 1100
16 wait 20 17 1300
16 irecv 20 2100 200 0
16 irecv 28 2300 200 0
16 send 20 2300 80 0
16 send 28 2100 80 0
16 wait 21 17 2100
16 wait 29 17 2300
16 irecv 32 3100 200 0
16 irecv 0 3300 200 0
16 send 32 3300 100 0
16 send 0 3100 100 0
16 wait 33 17 3100
16 wait 1 17 3300
16 barrier
16 allreduce 1 0 0 
16 allreduce 4 0 1 
16 allreduce 1 0 0 
16 allreduce 4 0 1 
16 allreduce 1 0 0 
16 allreduce 4 0 1 
16 allreduce 1 0 0 
16 allreduce 4 0 1 
16 allreduce 1 0 0 
16 allreduce 4 0 1 
16 allreduce 1 0 0 
16 allreduce 4 0 1 
16 allreduce 1 0 0 
16 allreduce 4 0 1 
16 allreduce 1 0 0 
16 allreduce 4 0 1 
16 allreduce 1 0 0 
16 allreduce 4 0 1 
16 allreduce 1 0 0 
16 allreduce 4 0 1 
16 allreduce 1 0 0 
16 allreduce 4 0 1 
16 allreduce 1 0 0 
16 allreduce 4 0 1 
16 allreduce 1 0 0 
16 allreduce 4 0 1 
16 allreduce 1 0 0 
16 allreduce 4 0 1 
16 allreduce 1 0 0 
16 allreduce 4 0 1 
16 allreduce 1 0 0 
16 allreduce 4 0 1 
16 allreduce 1 0 0 
16 allreduce 4 0 1 
16 allreduce 1 0 0 
16 allreduce 4 0 1 
16 allreduce 1 0 0 
16 allreduce 4 0 1 
16 allreduce 1 0 0 
16 allreduce 4 0 1 
16 barrier
16 irecv 17 1100 200 0
16 irecv 19 1300 200 0
16 send 17 1300 64 0
16 send 19 1100 64 0
16 wait 18 17 1100
16 wait 20 17 1300
16 irecv 20 2100 200 0
16 irecv 28 2300 200 0
16 send 20 2300 80 0
16 send 28 2100 80 0
16 wait 21 17 2100
16 wait 29 17 2300
16 irecv 32 3100 200 0
16 irecv 0 3300 200 0
16 send 32 3300 100 0
16 send 0 3100 100 0
16 wait 33 17 3100
16 wait 1 17 3300
16 barrier
16 irecv 17 1100 200 0
16 irecv 19 1300 200 0
16 send 17 1300 64 0
16 send 19 1100 64 0
16 wait 18 17 1100
16 wait 20 17 1300
16 irecv 20 2100 200 0
16 irecv 28 2300 200 0
16 send 20 2300 80 0
16 send 28 2100 80 0
16 wait 21 17 2100
16 wait 29 17 2300
16 irecv 32 3100 200 0
16 irecv 0 3300 200 0
16 send 32 3300 100 0
16 send 0 3100 100 0
16 wait 33 17 3100
16 wait 1 17 3300
16 allreduce 1 0 0 
16 allreduce 1 0 0 
16 irecv 17 1100 200 0
16 irecv 19 1300 200 0
16 send 17 1300 16 0
16 send 19 1100 16 0
16 wait 18 17 1100
16 wait 20 17 1300
16 irecv 20 2100 200 0
16 irecv 28 2300 200 0
16 send 20 2300 24 0
16 send 28 2100 24 0
16 wait 21 17 2100
16 wait 29 17 2300
16 irecv 32 3100 200 0
16 irecv 0 3300 200 0
16 send 32 3300 36 0
16 send 0 3100 36 0
16 wait 33 17 3100
16 wait 1 17 3300
16 irecv 17 1100 200 0
16 irecv 19 1300 200 0
16 send 17 1300 4 0
16 send 19 1100 4 0
16 wait 18 17 1100
16 wait 20 17 1300
16 irecv 20 2100 200 0
16 irecv 28 2300 200 0
16 send 20 2300 8 0
16 send 28 2100 8 0
16 wait 21 17 2100
16 wait 29 17 2300
16 irecv 32 3100 200 0
16 irecv 0 3300 200 0
16 send 32 3300 16 0
16 send 0 3100 16 0
16 wait 33 17 3100
16 wait 1 17 3300
16 irecv 17 1100 200 0
16 irecv 19 1300 200 0
16 send 17 1300 1 0
16 send 19 1100 1 0
16 wait 18 17 1100
16 wait 20 17 1300
16 irecv 20 2100 200 0
16 irecv 28 2300 200 0
16 send 20 2300 3 0
16 send 28 2100 3 0
16 wait 21 17 2100
16 wait 29 17 2300
16 irecv 32 3100 200 0
16 irecv 0 3300 200 0
16 send 32 3300 9 0
16 send 0 3100 9 0
16 wait 33 17 3100
16 wait 1 17 3300
16 irecv 17 1100 200 0
16 irecv 19 1300 200 0
16 wait 18 17 1100
16 wait 20 17 1300
16 irecv 20 2100 200 0
16 irecv 28 2300 200 0
16 wait 21 17 2100
16 wait 29 17 2300
16 send 32 3300 18 0
16 send 0 3100 9 0
16 irecv 17 1100 200 0
16 irecv 19 1300 200 0
16 send 17 1300 1 0
16 send 19 1100 1 0
16 wait 18 17 1100
16 wait 20 17 1300
16 irecv 20 2100 200 0
16 irecv 28 2300 200 0
16 send 20 2300 3 0
16 send 28 2100 3 0
16 wait 21 17 2100
16 wait 29 17 2300
16 irecv 32 3100 200 0
16 irecv 0 3300 200 0
16 send 32 3300 9 0
16 send 0 3100 9 0
16 wait 33 17 3100
16 wait 1 17 3300
16 irecv 17 1100 200 0
16 irecv 19 1300 200 0
16 send 17 1300 1 0
16 send 19 1100 1 0
16 wait 18 17 1100
16 wait 20 17 1300
16 irecv 20 2100 200 0
16 irecv 28 2300 200 0
16 send 20 2300 3 0
16 send 28 2100 3 0
16 wait 21 17 2100
16 wait 29 17 2300
16 irecv 32 3100 200 0
16 irecv 0 3300 200 0
16 send 32 3300 9 0
16 send 0 3100 9 0
16 wait 33 17 3100
16 wait 1 17 3300
16 irecv 17 1100 200 0
16 irecv 19 1300 200 0
16 send 17 1300 4 0
16 send 19 1100 4 0
16 wait 18 17 1100
16 wait 20 17 1300
16 irecv 20 2100 200 0
16 irecv 28 2300 200 0
16 send 20 2300 8 0
16 send 28 2100 8 0
16 wait 21 17 2100
16 wait 29 17 2300
16 irecv 32 3100 200 0
16 irecv 0 3300 200 0
16 send 32 3300 16 0
16 send 0 3100 16 0
16 wait 33 17 3100
16 wait 1 17 3300
16 irecv 17 1100 200 0
16 irecv 19 1300 200 0
16 send 17 1300 4 0
16 send 19 1100 4 0
16 wait 18 17 1100
16 wait 20 17 1300
16 irecv 20 2100 200 0
16 irecv 28 2300 200 0
16 send 20 2300 8 0
16 send 28 2100 8 0
16 wait 21 17 2100
16 wait 29 17 2300
16 irecv 32 3100 200 0
16 irecv 0 3300 200 0
16 send 32 3300 16 0
16 send 0 3100 16 0
16 wait 33 17 3100
16 wait 1 17 3300
16 irecv 17 1100 200 0
16 irecv 19 1300 200 0
16 send 17 1300 16 0
16 send 19 1100 16 0
16 wait 18 17 1100
16 wait 20 17 1300
16 irecv 20 2100 200 0
16 irecv 28 2300 200 0
16 send 20 2300 24 0
16 send 28 2100 24 0
16 wait 21 17 2100
16 wait 29 17 2300
16 irecv 32 3100 200 0
16 irecv 0 3300 200 0
16 send 32 3300 36 0
16 send 0 3100 36 0
16 wait 33 17 3100
16 wait 1 17 3300
16 irecv 17 1100 200 0
16 irecv 19 1300 200 0
16 send 17 1300 16 0
16 send 19 1100 16 0
16 wait 18 17 1100
16 wait 20 17 1300
16 irecv 20 2100 200 0
16 irecv 28 2300 200 0
16 send 20 2300 24 0
16 send 28 2100 24 0
16 wait 21 17 2100
16 wait 29 17 2300
16 irecv 32 3100 200 0
16 irecv 0 3300 200 0
16 send 32 3300 36 0
16 send 0 3100 36 0
16 wait 33 17 3100
16 wait 1 17 3300
16 irecv 17 1100 200 0
16 irecv 19 1300 200 0
16 send 17 1300 64 0
16 send 19 1100 64 0
16 wait 18 17 1100
16 wait 20 17 1300
16 irecv 20 2100 200 0
16 irecv 28 2300 200 0
16 send 20 2300 80 0
16 send 28 2100 80 0
16 wait 21 17 2100
16 wait 29 17 2300
16 irecv 32 3100 200 0
16 irecv 0 3300 200 0
16 send 32 3300 100 0
16 send 0 3100 100 0
16 wait 33 17 3100
16 wait 1 17 3300
16 irecv 17 1100 200 0
16 irecv 19 1300 200 0
16 send 17 1300 64 0
16 send 19 1100 64 0
16 wait 18 17 1100
16 wait 20 17 1300
16 irecv 20 2100 200 0
16 irecv 28 2300 200 0
16 send 20 2300 80 0
16 send 28 2100 80 0
16 wait 21 17 2100
16 wait 29 17 2300
16 irecv 32 3100 200 0
16 irecv 0 3300 200 0
16 send 32 3300 100 0
16 send 0 3100 100 0
16 wait 33 17 3100
16 wait 1 17 3300
16 irecv 17 1100 200 0
16 irecv 19 1300 200 0
16 send 17 1300 64 0
16 send 19 1100 64 0
16 wait 18 17 1100
16 wait 20 17 1300
16 irecv 20 2100 200 0
16 irecv 28 2300 200 0
16 send 20 2300 80 0
16 send 28 2100 80 0
16 wait 21 17 2100
16 wait 29 17 2300
16 irecv 32 3100 200 0
16 irecv 0 3300 200 0
16 send 32 3300 100 0
16 send 0 3100 100 0
16 wait 33 17 3100
16 wait 1 17 3300
16 irecv 17 1100 200 0
16 irecv 19 1300 200 0
16 send 17 1300 16 0
16 send 19 1100 16 0
16 wait 18 17 1100
16 wait 20 17 1300
16 irecv 20 2100 200 0
16 irecv 28 2300 200 0
16 send 20 2300 24 0
16 send 28 2100 24 0
16 wait 21 17 2100
16 wait 29 17 2300
16 irecv 32 3100 200 0
16 irecv 0 3300 200 0
16 send 32 3300 36 0
16 send 0 3100 36 0
16 wait 33 17 3100
16 wait 1 17 3300
16 irecv 17 1100 200 0
16 irecv 19 1300 200 0
16 send 17 1300 4 0
16 send 19 1100 4 0
16 wait 18 17 1100
16 wait 20 17 1300
16 irecv 20 2100 200 0
16 irecv 28 2300 200 0
16 send 20 2300 8 0
16 send 28 2100 8 0
16 wait 21 17 2100
16 wait 29 17 2300
16 irecv 32 3100 200 0
16 irecv 0 3300 200 0
16 send 32 3300 16 0
16 send 0 3100 16 0
16 wait 33 17 3100
16 wait 1 17 3300
16 irecv 17 1100 200 0
16 irecv 19 1300 200 0
16 send 17 1300 1 0
16 send 19 1100 1 0
16 wait 18 17 1100
16 wait 20 17 1300
16 irecv 20 2100 200 0
16 irecv 28 2300 200 0
16 send 20 2300 3 0
16 send 28 2100 3 0
16 wait 21 17 2100
16 wait 29 17 2300
16 irecv 32 3100 200 0
16 irecv 0 3300 200 0
16 send 32 3300 9 0
16 send 0 3100 9 0
16 wait 33 17 3100
16 wait 1 17 3300
16 irecv 17 1100 200 0
16 irecv 19 1300 200 0
16 wait 18 17 1100
16 wait 20 17 1300
16 irecv 20 2100 200 0
16 irecv 28 2300 200 0
16 wait 21 17 2100
16 wait 29 17 2300
16 send 32 3300 18 0
16 send 0 3100 9 0
16 irecv 17 1100 200 0
16 irecv 19 1300 200 0
16 send 17 1300 1 0
16 send 19 1100 1 0
16 wait 18 17 1100
16 wait 20 17 1300
16 irecv 20 2100 200 0
16 irecv 28 2300 200 0
16 send 20 2300 3 0
16 send 28 2100 3 0
16 wait 21 17 2100
16 wait 29 17 2300
16 irecv 32 3100 200 0
16 irecv 0 3300 200 0
16 send 32 3300 9 0
16 send 0 3100 9 0
16 wait 33 17 3100
16 wait 1 17 3300
16 irecv 17 1100 200 0
16 irecv 19 1300 200 0
16 send 17 1300 1 0
16 send 19 1100 1 0
16 wait 18 17 1100
16 wait 20 17 1300
16 irecv 20 2100 200 0
16 irecv 28 2300 200 0
16 send 20 2300 3 0
16 send 28 2100 3 0
16 wait 21 17 2100
16 wait 29 17 2300
16 irecv 32 3100 200 0
16 irecv 0 3300 200 0
16 send 32 3300 9 0
16 send 0 3100 9 0
16 wait 33 17 3100
16 wait 1 17 3300
16 irecv 17 1100 200 0
16 irecv 19 1300 200 0
16 send 17 1300 4 0
16 send 19 1100 4 0
16 wait 18 17 1100
16 wait 20 17 1300
16 irecv 20 2100 200 0
16 irecv 28 2300 200 0
16 send 20 2300 8 0
16 send 28 2100 8 0
16 wait 21 17 2100
16 wait 29 17 2300
16 irecv 32 3100 200 0
16 irecv 0 3300 200 0
16 send 32 3300 16 0
16 send 0 3100 16 0
16 wait 33 17 3100
16 wait 1 17 3300
16 irecv 17 1100 200 0
16 irecv 19 1300 200 0
16 send 17 1300 4 0
16 send 19 1100 4 0
16 wait 18 17 1100
16 wait 20 17 1300
16 irecv 20 2100 200 0
16 irecv 28 2300 200 0
16 send 20 2300 8 0
16 send 28 2100 8 0
16 wait 21 17 2100
16 wait 29 17 2300
16 irecv 32 3100 200 0
16 irecv 0 3300 200 0
16 send 32 3300 16 0
16 send 0 3100 16 0
16 wait 33 17 3100
16 wait 1 17 3300
16 irecv 17 1100 200 0
16 irecv 19 1300 200 0
16 send 17 1300 16 0
16 send 19 1100 16 0
16 wait 18 17 1100
16 wait 20 17 1300
16 irecv 20 2100 200 0
16 irecv 28 2300 200 0
16 send 20 2300 24 0
16 send 28 2100 24 0
16 wait 21 17 2100
16 wait 29 17 2300
16 irecv 32 3100 200 0
16 irecv 0 3300 200 0
16 send 32 3300 36 0
16 send 0 3100 36 0
16 wait 33 17 3100
16 wait 1 17 3300
16 irecv 17 1100 200 0
16 irecv 19 1300 200 0
16 send 17 1300 16 0
16 send 19 1100 16 0
16 wait 18 17 1100
16 wait 20 17 1300
16 irecv 20 2100 200 0
16 irecv 28 2300 200 0
16 send 20 2300 24 0
16 send 28 2100 24 0
16 wait 21 17 2100
16 wait 29 17 2300
16 irecv 32 3100 200 0
16 irecv 0 3300 200 0
16 send 32 3300 36 0
16 send 0 3100 36 0
16 wait 33 17 3100
16 wait 1 17 3300
16 irecv 17 1100 200 0
16 irecv 19 1300 200 0
16 send 17 1300 64 0
16 send 19 1100 64 0
16 wait 18 17 1100
16 wait 20 17 1300
16 irecv 20 2100 200 0
16 irecv 28 2300 200 0
16 send 20 2300 80 0
16 send 28 2100 80 0
16 wait 21 17 2100
16 wait 29 17 2300
16 irecv 32 3100 200 0
16 irecv 0 3300 200 0
16 send 32 3300 100 0
16 send 0 3100 100 0
16 wait 33 17 3100
16 wait 1 17 3300
16 irecv 17 1100 200 0
16 irecv 19 1300 200 0
16 send 17 1300 64 0
16 send 19 1100 64 0
16 wait 18 17 1100
16 wait 20 17 1300
16 irecv 20 2100 200 0
16 irecv 28 2300 200 0
16 send 20 2300 80 0
16 send 28 2100 80 0
16 wait 21 17 2100
16 wait 29 17 2300
16 irecv 32 3100 200 0
16 irecv 0 3300 200 0
16 send 32 3300 100 0
16 send 0 3100 100 0
16 wait 33 17 3100
16 wait 1 17 3300
16 irecv 17 1100 200 0
16 irecv 19 1300 200 0
16 send 17 1300 64 0
16 send 19 1100 64 0
16 wait 18 17 1100
16 wait 20 17 1300
16 irecv 20 2100 200 0
16 irecv 28 2300 200 0
16 send 20 2300 80 0
16 send 28 2100 80 0
16 wait 21 17 2100
16 wait 29 17 2300
16 irecv 32 3100 200 0
16 irecv 0 3300 200 0
16 send 32 3300 100 0
16 send 0 3100 100 0
16 wait 33 17 3100
16 wait 1 17 3300
16 irecv 17 1100 200 0
16 irecv 19 1300 200 0
16 send 17 1300 16 0
16 send 19 1100 16 0
16 wait 18 17 1100
16 wait 20 17 1300
16 irecv 20 2100 200 0
16 irecv 28 2300 200 0
16 send 20 2300 24 0
16 send 28 2100 24 0
16 wait 21 17 2100
16 wait 29 17 2300
16 irecv 32 3100 200 0
16 irecv 0 3300 200 0
16 send 32 3300 36 0
16 send 0 3100 36 0
16 wait 33 17 3100
16 wait 1 17 3300
16 irecv 17 1100 200 0
16 irecv 19 1300 200 0
16 send 17 1300 4 0
16 send 19 1100 4 0
16 wait 18 17 1100
16 wait 20 17 1300
16 irecv 20 2100 200 0
16 irecv 28 2300 200 0
16 send 20 2300 8 0
16 send 28 2100 8 0
16 wait 21 17 2100
16 wait 29 17 2300
16 irecv 32 3100 200 0
16 irecv 0 3300 200 0
16 send 32 3300 16 0
16 send 0 3100 16 0
16 wait 33 17 3100
16 wait 1 17 3300
16 irecv 17 1100 200 0
16 irecv 19 1300 200 0
16 send 17 1300 1 0
16 send 19 1100 1 0
16 wait 18 17 1100
16 wait 20 17 1300
16 irecv 20 2100 200 0
16 irecv 28 2300 200 0
16 send 20 2300 3 0
16 send 28 2100 3 0
16 wait 21 17 2100
16 wait 29 17 2300
16 irecv 32 3100 200 0
16 irecv 0 3300 200 0
16 send 32 3300 9 0
16 send 0 3100 9 0
16 wait 33 17 3100
16 wait 1 17 3300
16 irecv 17 1100 200 0
16 irecv 19 1300 200 0
16 wait 18 17 1100
16 wait 20 17 1300
16 irecv 20 2100 200 0
16 irecv 28 2300 200 0
16 wait 21 17 2100
16 wait 29 17 2300
16 send 32 3300 18 0
16 send 0 3100 9 0
16 irecv 17 1100 200 0
16 irecv 19 1300 200 0
16 send 17 1300 1 0
16 send 19 1100 1 0
16 wait 18 17 1100
16 wait 20 17 1300
16 irecv 20 2100 200 0
16 irecv 28 2300 200 0
16 send 20 2300 3 0
16 send 28 2100 3 0
16 wait 21 17 2100
16 wait 29 17 2300
16 irecv 32 3100 200 0
16 irecv 0 3300 200 0
16 send 32 3300 9 0
16 send 0 3100 9 0
16 wait 33 17 3100
16 wait 1 17 3300
16 irecv 17 1100 200 0
16 irecv 19 1300 200 0
16 send 17 1300 1 0
16 send 19 1100 1 0
16 wait 18 17 1100
16 wait 20 17 1300
16 irecv 20 2100 200 0
16 irecv 28 2300 200 0
16 send 20 2300 3 0
16 send 28 2100 3 0
16 wait 21 17 2100
16 wait 29 17 2300
16 irecv 32 3100 200 0
16 irecv 0 3300 200 0
16 send 32 3300 9 0
16 send 0 3100 9 0
16 wait 33 17 3100
16 wait 1 17 3300
16 irecv 17 1100 200 0
16 irecv 19 1300 200 0
16 send 17 1300 4 0
16 send 19 1100 4 0
16 wait 18 17 1100
16 wait 20 17 1300
16 irecv 20 2100 200 0
16 irecv 28 2300 200 0
16 send 20 2300 8 0
16 send 28 2100 8 0
16 wait 21 17 2100
16 wait 29 17 2300
16 irecv 32 3100 200 0
16 irecv 0 3300 200 0
16 send 32 3300 16 0
16 send 0 3100 16 0
16 wait 33 17 3100
16 wait 1 17 3300
16 irecv 17 1100 200 0
16 irecv 19 1300 200 0
16 send 17 1300 4 0
16 send 19 1100 4 0
16 wait 18 17 1100
16 wait 20 17 1300
16 irecv 20 2100 200 0
16 irecv 28 2300 200 0
16 send 20 2300 8 0
16 send 28 2100 8 0
16 wait 21 17 2100
16 wait 29 17 2300
16 irecv 32 3100 200 0
16 irecv 0 3300 200 0
16 send 32 3300 16 0
16 send 0 3100 16 0
16 wait 33 17 3100
16 wait 1 17 3300
16 irecv 17 1100 200 0
16 irecv 19 1300 200 0
16 send 17 1300 16 0
16 send 19 1100 16 0
16 wait 18 17 1100
16 wait 20 17 1300
16 irecv 20 2100 200 0
16 irecv 28 2300 200 0
16 send 20 2300 24 0
16 send 28 2100 24 0
16 wait 21 17 2100
16 wait 29 17 2300
16 irecv 32 3100 200 0
16 irecv 0 3300 200 0
16 send 32 3300 36 0
16 send 0 3100 36 0
16 wait 33 17 3100
16 wait 1 17 3300
16 irecv 17 1100 200 0
16 irecv 19 1300 200 0
16 send 17 1300 16 0
16 send 19 1100 16 0
16 wait 18 17 1100
16 wait 20 17 1300
16 irecv 20 2100 200 0
16 irecv 28 2300 200 0
16 send 20 2300 24 0
16 send 28 2100 24 0
16 wait 21 17 2100
16 wait 29 17 2300
16 irecv 32 3100 200 0
16 irecv 0 3300 200 0
16 send 32 3300 36 0
16 send 0 3100 36 0
16 wait 33 17 3100
16 wait 1 17 3300
16 irecv 17 1100 200 0
16 irecv 19 1300 200 0
16 send 17 1300 64 0
16 send 19 1100 64 0
16 wait 18 17 1100
16 wait 20 17 1300
16 irecv 20 2100 200 0
16 irecv 28 2300 200 0
16 send 20 2300 80 0
16 send 28 2100 80 0
16 wait 21 17 2100
16 wait 29 17 2300
16 irecv 32 3100 200 0
16 irecv 0 3300 200 0
16 send 32 3300 100 0
16 send 0 3100 100 0
16 wait 33 17 3100
16 wait 1 17 3300
16 irecv 17 1100 200 0
16 irecv 19 1300 200 0
16 send 17 1300 64 0
16 send 19 1100 64 0
16 wait 18 17 1100
16 wait 20 17 1300
16 irecv 20 2100 200 0
16 irecv 28 2300 200 0
16 send 20 2300 80 0
16 send 28 2100 80 0
16 wait 21 17 2100
16 wait 29 17 2300
16 irecv 32 3100 200 0
16 irecv 0 3300 200 0
16 send 32 3300 100 0
16 send 0 3100 100 0
16 wait 33 17 3100
16 wait 1 17 3300
16 irecv 17 1100 200 0
16 irecv 19 1300 200 0
16 send 17 1300 64 0
16 send 19 1100 64 0
16 wait 18 17 1100
16 wait 20 17 1300
16 irecv 20 2100 200 0
16 irecv 28 2300 200 0
16 send 20 2300 80 0
16 send 28 2100 80 0
16 wait 21 17 2100
16 wait 29 17 2300
16 irecv 32 3100 200 0
16 irecv 0 3300 200 0
16 send 32 3300 100 0
16 send 0 3100 100 0
16 wait 33 17 3100
16 wait 1 17 3300
16 irecv 17 1100 200 0
16 irecv 19 1300 200 0
16 send 17 1300 16 0
16 send 19 1100 16 0
16 wait 18 17 1100
16 wait 20 17 1300
16 irecv 20 2100 200 0
16 irecv 28 2300 200 0
16 send 20 2300 24 0
16 send 28 2100 24 0
16 wait 21 17 2100
16 wait 29 17 2300
16 irecv 32 3100 200 0
16 irecv 0 3300 200 0
16 send 32 3300 36 0
16 send 0 3100 36 0
16 wait 33 17 3100
16 wait 1 17 3300
16 irecv 17 1100 200 0
16 irecv 19 1300 200 0
16 send 17 1300 4 0
16 send 19 1100 4 0
16 wait 18 17 1100
16 wait 20 17 1300
16 irecv 20 2100 200 0
16 irecv 28 2300 200 0
16 send 20 2300 8 0
16 send 28 2100 8 0
16 wait 21 17 2100
16 wait 29 17 2300
16 irecv 32 3100 200 0
16 irecv 0 3300 200 0
16 send 32 3300 16 0
16 send 0 3100 16 0
16 wait 33 17 3100
16 wait 1 17 3300
16 irecv 17 1100 200 0
16 irecv 19 1300 200 0
16 send 17 1300 1 0
16 send 19 1100 1 0
16 wait 18 17 1100
16 wait 20 17 1300
16 irecv 20 2100 200 0
16 irecv 28 2300 200 0
16 send 20 2300 3 0
16 send 28 2100 3 0
16 wait 21 17 2100
16 wait 29 17 2300
16 irecv 32 3100 200 0
16 irecv 0 3300 200 0
16 send 32 3300 9 0
16 send 0 3100 9 0
16 wait 33 17 3100
16 wait 1 17 3300
16 irecv 17 1100 200 0
16 irecv 19 1300 200 0
16 wait 18 17 1100
16 wait 20 17 1300
16 irecv 20 2100 200 0
16 irecv 28 2300 200 0
16 wait 21 17 2100
16 wait 29 17 2300
16 send 32 3300 18 0
16 send 0 3100 9 0
16 irecv 17 1100 200 0
16 irecv 19 1300 200 0
16 send 17 1300 1 0
16 send 19 1100 1 0
16 wait 18 17 1100
16 wait 20 17 1300
16 irecv 20 2100 200 0
16 irecv 28 2300 200 0
16 send 20 2300 3 0
16 send 28 2100 3 0
16 wait 21 17 2100
16 wait 29 17 2300
16 irecv 32 3100 200 0
16 irecv 0 3300 200 0
16 send 32 3300 9 0
16 send 0 3100 9 0
16 wait 33 17 3100
16 wait 1 17 3300
16 irecv 17 1100 200 0
16 irecv 19 1300 200 0
16 send 17 1300 1 0
16 send 19 1100 1 0
16 wait 18 17 1100
16 wait 20 17 1300
16 irecv 20 2100 200 0
16 irecv 28 2300 200 0
16 send 20 2300 3 0
16 send 28 2100 3 0
16 wait 21 17 2100
16 wait 29 17 2300
16 irecv 32 3100 200 0
16 irecv 0 3300 200 0
16 send 32 3300 9 0
16 send 0 3100 9 0
16 wait 33 17 3100
16 wait 1 17 3300
16 irecv 17 1100 200 0
16 irecv 19 1300 200 0
16 send 17 1300 4 0
16 send 19 1100 4 0
16 wait 18 17 1100
16 wait 20 17 1300
16 irecv 20 2100 200 0
16 irecv 28 2300 200 0
16 send 20 2300 8 0
16 send 28 2100 8 0
16 wait 21 17 2100
16 wait 29 17 2300
16 irecv 32 3100 200 0
16 irecv 0 3300 200 0
16 send 32 3300 16 0
16 send 0 3100 16 0
16 wait 33 17 3100
16 wait 1 17 3300
16 irecv 17 1100 200 0
16 irecv 19 1300 200 0
16 send 17 1300 4 0
16 send 19 1100 4 0
16 wait 18 17 1100
16 wait 20 17 1300
16 irecv 20 2100 200 0
16 irecv 28 2300 200 0
16 send 20 2300 8 0
16 send 28 2100 8 0
16 wait 21 17 2100
16 wait 29 17 2300
16 irecv 32 3100 200 0
16 irecv 0 3300 200 0
16 send 32 3300 16 0
16 send 0 3100 16 0
16 wait 33 17 3100
16 wait 1 17 3300
16 irecv 17 1100 200 0
16 irecv 19 1300 200 0
16 send 17 1300 16 0
16 send 19 1100 16 0
16 wait 18 17 1100
16 wait 20 17 1300
16 irecv 20 2100 200 0
16 irecv 28 2300 200 0
16 send 20 2300 24 0
16 send 28 2100 24 0
16 wait 21 17 2100
16 wait 29 17 2300
16 irecv 32 3100 200 0
16 irecv 0 3300 200 0
16 send 32 3300 36 0
16 send 0 3100 36 0
16 wait 33 17 3100
16 wait 1 17 3300
16 irecv 17 1100 200 0
16 irecv 19 1300 200 0
16 send 17 1300 16 0
16 send 19 1100 16 0
16 wait 18 17 1100
16 wait 20 17 1300
16 irecv 20 2100 200 0
16 irecv 28 2300 200 0
16 send 20 2300 24 0
16 send 28 2100 24 0
16 wait 21 17 2100
16 wait 29 17 2300
16 irecv 32 3100 200 0
16 irecv 0 3300 200 0
16 send 32 3300 36 0
16 send 0 3100 36 0
16 wait 33 17 3100
16 wait 1 17 3300
16 irecv 17 1100 200 0
16 irecv 19 1300 200 0
16 send 17 1300 64 0
16 send 19 1100 64 0
16 wait 18 17 1100
16 wait 20 17 1300
16 irecv 20 2100 200 0
16 irecv 28 2300 200 0
16 send 20 2300 80 0
16 send 28 2100 80 0
16 wait 21 17 2100
16 wait 29 17 2300
16 irecv 32 3100 200 0
16 irecv 0 3300 200 0
16 send 32 3300 100 0
16 send 0 3100 100 0
16 wait 33 17 3100
16 wait 1 17 3300
16 irecv 17 1100 200 0
16 irecv 19 1300 200 0
16 send 17 1300 64 0
16 send 19 1100 64 0
16 wait 18 17 1100
16 wait 20 17 1300
16 irecv 20 2100 200 0
16 irecv 28 2300 200 0
16 send 20 2300 80 0
16 send 28 2100 80 0
16 wait 21 17 2100
16 wait 29 17 2300
16 irecv 32 3100 200 0
16 irecv 0 3300 200 0
16 send 32 3300 100 0
16 send 0 3100 100 0
16 wait 33 17 3100
16 wait 1 17 3300
16 irecv 17 1100 200 0
16 irecv 19 1300 200 0
16 send 17 1300 64 0
16 send 19 1100 64 0
16 wait 18 17 1100
16 wait 20 17 1300
16 irecv 20 2100 200 0
16 irecv 28 2300 200 0
16 send 20 2300 80 0
16 send 28 2100 80 0
16 wait 21 17 2100
16 wait 29 17 2300
16 irecv 32 3100 200 0
16 irecv 0 3300 200 0
16 send 32 3300 100 0
16 send 0 3100 100 0
16 wait 33 17 3100
16 wait 1 17 3300
16 allreduce 1 0 0 
16 allreduce 1 0 0 
16 reduce 1 0 0 0 
16 finalize
