41 init
41 barrier
41 bcast 1 0 1 
41 bcast 1 0 1 
41 bcast 1 0 1 
41 bcast 1 0 1 
41 bcast 1 0 1 
41 bcast 8 0 1 
41 bcast 1 0 16 
41 barrier
41 allreduce 1 0 0 
41 allreduce 4 0 1 
41 allreduce 1 0 0 
41 allreduce 4 0 1 
41 allreduce 1 0 0 
41 allreduce 4 0 1 
41 allreduce 1 0 0 
41 allreduce 4 0 1 
41 allreduce 1 0 0 
41 allreduce 4 0 1 
41 allreduce 1 0 0 
41 allreduce 4 0 1 
41 allreduce 1 0 0 
41 allreduce 4 0 1 
41 allreduce 1 0 0 
41 allreduce 4 0 1 
41 allreduce 1 0 0 
41 allreduce 4 0 1 
41 allreduce 1 0 0 
41 allreduce 4 0 1 
41 allreduce 1 0 0 
41 allreduce 4 0 1 
41 allreduce 1 0 0 
41 allreduce 4 0 1 
41 allreduce 1 0 0 
41 allreduce 4 0 1 
41 allreduce 1 0 0 
41 allreduce 4 0 1 
41 allreduce 1 0 0 
41 allreduce 4 0 1 
41 allreduce 1 0 0 
41 allreduce 4 0 1 
41 allreduce 1 0 0 
41 allreduce 4 0 1 
41 allreduce 1 0 0 
41 allreduce 4 0 1 
41 allreduce 1 0 0 
41 allreduce 4 0 1 
41 allreduce 1 0 0 
41 allreduce 4 0 1 
41 barrier
41 irecv 42 1100 200 0
41 irecv 40 1300 200 0
41 send 42 1300 64 0
41 send 40 1100 64 0
41 wait 43 42 1100
41 wait 41 42 1300
41 irecv 45 2100 200 0
41 irecv 37 2300 200 0
41 send 45 2300 80 0
41 send 37 2100 80 0
41 wait 46 42 2100
41 wait 38 42 2300
41 irecv 57 3100 200 0
41 irecv 25 3300 200 0
41 send 57 3300 100 0
41 send 25 3100 100 0
41 wait 58 42 3100
41 wait 26 42 3300
41 allreduce 1 0 0 
41 allreduce 1 0 0 
41 irecv 42 1100 200 0
41 irecv 40 1300 200 0
41 send 42 1300 64 0
41 send 40 1100 64 0
41 wait 43 42 1100
41 wait 41 42 1300
41 irecv 45 2100 200 0
41 irecv 37 2300 200 0
41 send 45 2300 80 0
41 send 37 2100 80 0
41 wait 46 42 2100
41 wait 38 42 2300
41 irecv 57 3100 200 0
41 irecv 25 3300 200 0
41 send 57 3300 100 0
41 send 25 3100 100 0
41 wait 58 42 3100
41 wait 26 42 3300
41 allreduce 1 0 0 
41 allreduce 1 0 0 
41 irecv 42 1100 200 0
41 irecv 40 1300 200 0
41 send 42 1300 16 0
41 send 40 1100 16 0
41 wait 43 42 1100
41 wait 41 42 1300
41 irecv 45 2100 200 0
41 irecv 37 2300 200 0
41 send 45 2300 24 0
41 send 37 2100 24 0
41 wait 46 42 2100
41 wait 38 42 2300
41 irecv 57 3100 200 0
41 irecv 25 3300 200 0
41 send 57 3300 36 0
41 send 25 3100 36 0
41 wait 58 42 3100
41 wait 26 42 3300
41 irecv 42 1100 200 0
41 irecv 40 1300 200 0
41 send 42 1300 4 0
41 send 40 1100 4 0
41 wait 43 42 1100
41 wait 41 42 1300
41 irecv 45 2100 200 0
41 irecv 37 2300 200 0
41 send 45 2300 8 0
41 send 37 2100 8 0
41 wait 46 42 2100
41 wait 38 42 2300
41 irecv 57 3100 200 0
41 irecv 25 3300 200 0
41 send 57 3300 16 0
41 send 25 3100 16 0
41 wait 58 42 3100
41 wait 26 42 3300
41 irecv 42 1100 200 0
41 irecv 40 1300 200 0
41 send 42 1300 1 0
41 send 40 1100 1 0
41 wait 43 42 1100
41 wait 41 42 1300
41 irecv 45 2100 200 0
41 irecv 37 2300 200 0
41 send 45 2300 3 0
41 send 37 2100 3 0
41 wait 46 42 2100
41 wait 38 42 2300
41 irecv 57 3100 200 0
41 irecv 25 3300 200 0
41 send 57 3300 9 0
41 send 25 3100 9 0
41 wait 58 42 3100
41 wait 26 42 3300
41 send 42 1300 18 0
41 send 40 1100 9 0
41 irecv 45 2100 200 0
41 irecv 37 2300 200 0
41 wait 46 42 2100
41 wait 38 42 2300
41 irecv 57 3100 200 0
41 irecv 25 3300 200 0
41 wait 58 42 3100
41 wait 26 42 3300
41 irecv 42 1100 200 0
41 irecv 40 1300 200 0
41 send 42 1300 1 0
41 send 40 1100 1 0
41 wait 43 42 1100
41 wait 41 42 1300
41 irecv 45 2100 200 0
41 irecv 37 2300 200 0
41 send 45 2300 3 0
41 send 37 2100 3 0
41 wait 46 42 2100
41 wait 38 42 2300
41 irecv 57 3100 200 0
41 irecv 25 3300 200 0
41 send 57 3300 9 0
41 send 25 3100 9 0
41 wait 58 42 3100
41 wait 26 42 3300
41 irecv 42 1100 200 0
41 irecv 40 1300 200 0
41 send 42 1300 1 0
41 send 40 1100 1 0
41 wait 43 42 1100
41 wait 41 42 1300
41 irecv 45 2100 200 0
41 irecv 37 2300 200 0
41 send 45 2300 3 0
41 send 37 2100 3 0
41 wait 46 42 2100
41 wait 38 42 2300
41 irecv 57 3100 200 0
41 irecv 25 3300 200 0
41 send 57 3300 9 0
41 send 25 3100 9 0
41 wait 58 42 3100
41 wait 26 42 3300
41 irecv 42 1100 200 0
41 irecv 40 1300 200 0
41 send 42 1300 4 0
41 send 40 1100 4 0
41 wait 43 42 1100
41 wait 41 42 1300
41 irecv 45 2100 200 0
41 irecv 37 2300 200 0
41 send 45 2300 8 0
41 send 37 2100 8 0
41 wait 46 42 2100
41 wait 38 42 2300
41 irecv 57 3100 200 0
41 irecv 25 3300 200 0
41 send 57 3300 16 0
41 send 25 3100 16 0
41 wait 58 42 3100
41 wait 26 42 3300
41 irecv 42 1100 200 0
41 irecv 40 1300 200 0
41 send 42 1300 4 0
41 send 40 1100 4 0
41 wait 43 42 1100
41 wait 41 42 1300
41 irecv 45 2100 200 0
41 irecv 37 2300 200 0
41 send 45 2300 8 0
41 send 37 2100 8 0
41 wait 46 42 2100
41 wait 38 42 2300
41 irecv 57 3100 200 0
41 irecv 25 3300 200 0
41 send 57 3300 16 0
41 send 25 3100 16 0
41 wait 58 42 3100
41 wait 26 42 3300
41 irecv 42 1100 200 0
41 irecv 40 1300 200 0
41 send 42 1300 16 0
41 send 40 1100 16 0
41 wait 43 42 1100
41 wait 41 42 1300
41 irecv 45 2100 200 0
41 irecv 37 2300 200 0
41 send 45 2300 24 0
41 send 37 2100 24 0
41 wait 46 42 2100
41 wait 38 42 2300
41 irecv 57 3100 200 0
41 irecv 25 3300 200 0
41 send 57 3300 36 0
41 send 25 3100 36 0
41 wait 58 42 3100
41 wait 26 42 3300
41 irecv 42 1100 200 0
41 irecv 40 1300 200 0
41 send 42 1300 16 0
41 send 40 1100 16 0
41 wait 43 42 1100
41 wait 41 42 1300
41 irecv 45 2100 200 0
41 irecv 37 2300 200 0
41 send 45 2300 24 0
41 send 37 2100 24 0
41 wait 46 42 2100
41 wait 38 42 2300
41 irecv 57 3100 200 0
41 irecv 25 3300 200 0
41 send 57 3300 36 0
41 send 25 3100 36 0
41 wait 58 42 3100
41 wait 26 42 3300
41 irecv 42 1100 200 0
41 irecv 40 1300 200 0
41 send 42 1300 64 0
41 send 40 1100 64 0
41 wait 43 42 1100
41 wait 41 42 1300
41 irecv 45 2100 200 0
41 irecv 37 2300 200 0
41 send 45 2300 80 0
41 send 37 2100 80 0
41 wait 46 42 2100
41 wait 38 42 2300
41 irecv 57 3100 200 0
41 irecv 25 3300 200 0
41 send 57 3300 100 0
41 send 25 3100 100 0
41 wait 58 42 3100
41 wait 26 42 3300
41 irecv 42 1100 200 0
41 irecv 40 1300 200 0
41 send 42 1300 64 0
41 send 40 1100 64 0
41 wait 43 42 1100
41 wait 41 42 1300
41 irecv 45 2100 200 0
41 irecv 37 2300 200 0
41 send 45 2300 80 0
41 send 37 2100 80 0
41 wait 46 42 2100
41 wait 38 42 2300
41 irecv 57 3100 200 0
41 irecv 25 3300 200 0
41 send 57 3300 100 0
41 send 25 3100 100 0
41 wait 58 42 3100
41 wait 26 42 3300
41 irecv 42 1100 200 0
41 irecv 40 1300 200 0
41 send 42 1300 64 0
41 send 40 1100 64 0
41 wait 43 42 1100
41 wait 41 42 1300
41 irecv 45 2100 200 0
41 irecv 37 2300 200 0
41 send 45 2300 80 0
41 send 37 2100 80 0
41 wait 46 42 2100
41 wait 38 42 2300
41 irecv 57 3100 200 0
41 irecv 25 3300 200 0
41 send 57 3300 100 0
41 send 25 3100 100 0
41 wait 58 42 3100
41 wait 26 42 3300
41 barrier
41 allreduce 1 0 0 
41 allreduce 4 0 1 
41 allreduce 1 0 0 
41 allreduce 4 0 1 
41 allreduce 1 0 0 
41 allreduce 4 0 1 
41 allreduce 1 0 0 
41 allreduce 4 0 1 
41 allreduce 1 0 0 
41 allreduce 4 0 1 
41 allreduce 1 0 0 
41 allreduce 4 0 1 
41 allreduce 1 0 0 
41 allreduce 4 0 1 
41 allreduce 1 0 0 
41 allreduce 4 0 1 
41 allreduce 1 0 0 
41 allreduce 4 0 1 
41 allreduce 1 0 0 
41 allreduce 4 0 1 
41 allreduce 1 0 0 
41 allreduce 4 0 1 
41 allreduce 1 0 0 
41 allreduce 4 0 1 
41 allreduce 1 0 0 
41 allreduce 4 0 1 
41 allreduce 1 0 0 
41 allreduce 4 0 1 
41 allreduce 1 0 0 
41 allreduce 4 0 1 
41 allreduce 1 0 0 
41 allreduce 4 0 1 
41 allreduce 1 0 0 
41 allreduce 4 0 1 
41 allreduce 1 0 0 
41 allreduce 4 0 1 
41 allreduce 1 0 0 
41 allreduce 4 0 1 
41 allreduce 1 0 0 
41 allreduce 4 0 1 
41 barrier
41 irecv 42 1100 200 0
41 irecv 40 1300 200 0
41 send 42 1300 64 0
41 send 40 1100 64 0
41 wait 43 42 1100
41 wait 41 42 1300
41 irecv 45 2100 200 0
41 irecv 37 2300 200 0
41 send 45 2300 80 0
41 send 37 2100 80 0
41 wait 46 42 2100
41 wait 38 42 2300
41 irecv 57 3100 200 0
41 irecv 25 3300 200 0
41 send 57 3300 100 0
41 send 25 3100 100 0
41 wait 58 42 3100
41 wait 26 42 3300
41 barrier
41 irecv 42 1100 200 0
41 irecv 40 1300 200 0
41 send 42 1300 64 0
41 send 40 1100 64 0
41 wait 43 42 1100
41 wait 41 42 1300
41 irecv 45 2100 200 0
41 irecv 37 2300 200 0
41 send 45 2300 80 0
41 send 37 2100 80 0
41 wait 46 42 2100
41 wait 38 42 2300
41 irecv 57 3100 200 0
41 irecv 25 3300 200 0
41 send 57 3300 100 0
41 send 25 3100 100 0
41 wait 58 42 3100
41 wait 26 42 3300
41 allreduce 1 0 0 
41 allreduce 1 0 0 
41 irecv 42 1100 200 0
41 irecv 40 1300 200 0
41 send 42 1300 16 0
41 send 40 1100 16 0
41 wait 43 42 1100
41 wait 41 42 1300
41 irecv 45 2100 200 0
41 irecv 37 2300 200 0
41 send 45 2300 24 0
41 send 37 2100 24 0
41 wait 46 42 2100
41 wait 38 42 2300
41 irecv 57 3100 200 0
41 irecv 25 3300 200 0
41 send 57 3300 36 0
41 send 25 3100 36 0
41 wait 58 42 3100
41 wait 26 42 3300
41 irecv 42 1100 200 0
41 irecv 40 1300 200 0
41 send 42 1300 4 0
41 send 40 1100 4 0
41 wait 43 42 1100
41 wait 41 42 1300
41 irecv 45 2100 200 0
41 irecv 37 2300 200 0
41 send 45 2300 8 0
41 send 37 2100 8 0
41 wait 46 42 2100
41 wait 38 42 2300
41 irecv 57 3100 200 0
41 irecv 25 3300 200 0
41 send 57 3300 16 0
41 send 25 3100 16 0
41 wait 58 42 3100
41 wait 26 42 3300
41 irecv 42 1100 200 0
41 irecv 40 1300 200 0
41 send 42 1300 1 0
41 send 40 1100 1 0
41 wait 43 42 1100
41 wait 41 42 1300
41 irecv 45 2100 200 0
41 irecv 37 2300 200 0
41 send 45 2300 3 0
41 send 37 2100 3 0
41 wait 46 42 2100
41 wait 38 42 2300
41 irecv 57 3100 200 0
41 irecv 25 3300 200 0
41 send 57 3300 9 0
41 send 25 3100 9 0
41 wait 58 42 3100
41 wait 26 42 3300
41 send 42 1300 18 0
41 send 40 1100 9 0
41 irecv 45 2100 200 0
41 irecv 37 2300 200 0
41 wait 46 42 2100
41 wait 38 42 2300
41 irecv 57 3100 200 0
41 irecv 25 3300 200 0
41 wait 58 42 3100
41 wait 26 42 3300
41 irecv 42 1100 200 0
41 irecv 40 1300 200 0
41 send 42 1300 1 0
41 send 40 1100 1 0
41 wait 43 42 1100
41 wait 41 42 1300
41 irecv 45 2100 200 0
41 irecv 37 2300 200 0
41 send 45 2300 3 0
41 send 37 2100 3 0
41 wait 46 42 2100
41 wait 38 42 2300
41 irecv 57 3100 200 0
41 irecv 25 3300 200 0
41 send 57 3300 9 0
41 send 25 3100 9 0
41 wait 58 42 3100
41 wait 26 42 3300
41 irecv 42 1100 200 0
41 irecv 40 1300 200 0
41 send 42 1300 1 0
41 send 40 1100 1 0
41 wait 43 42 1100
41 wait 41 42 1300
41 irecv 45 2100 200 0
41 irecv 37 2300 200 0
41 send 45 2300 3 0
41 send 37 2100 3 0
41 wait 46 42 2100
41 wait 38 42 2300
41 irecv 57 3100 200 0
41 irecv 25 3300 200 0
41 send 57 3300 9 0
41 send 25 3100 9 0
41 wait 58 42 3100
41 wait 26 42 3300
41 irecv 42 1100 200 0
41 irecv 40 1300 200 0
41 send 42 1300 4 0
41 send 40 1100 4 0
41 wait 43 42 1100
41 wait 41 42 1300
41 irecv 45 2100 200 0
41 irecv 37 2300 200 0
41 send 45 2300 8 0
41 send 37 2100 8 0
41 wait 46 42 2100
41 wait 38 42 2300
41 irecv 57 3100 200 0
41 irecv 25 3300 200 0
41 send 57 3300 16 0
41 send 25 3100 16 0
41 wait 58 42 3100
41 wait 26 42 3300
41 irecv 42 1100 200 0
41 irecv 40 1300 200 0
41 send 42 1300 4 0
41 send 40 1100 4 0
41 wait 43 42 1100
41 wait 41 42 1300
41 irecv 45 2100 200 0
41 irecv 37 2300 200 0
41 send 45 2300 8 0
41 send 37 2100 8 0
41 wait 46 42 2100
41 wait 38 42 2300
41 irecv 57 3100 200 0
41 irecv 25 3300 200 0
41 send 57 3300 16 0
41 send 25 3100 16 0
41 wait 58 42 3100
41 wait 26 42 3300
41 irecv 42 1100 200 0
41 irecv 40 1300 200 0
41 send 42 1300 16 0
41 send 40 1100 16 0
41 wait 43 42 1100
41 wait 41 42 1300
41 irecv 45 2100 200 0
41 irecv 37 2300 200 0
41 send 45 2300 24 0
41 send 37 2100 24 0
41 wait 46 42 2100
41 wait 38 42 2300
41 irecv 57 3100 200 0
41 irecv 25 3300 200 0
41 send 57 3300 36 0
41 send 25 3100 36 0
41 wait 58 42 3100
41 wait 26 42 3300
41 irecv 42 1100 200 0
41 irecv 40 1300 200 0
41 send 42 1300 16 0
41 send 40 1100 16 0
41 wait 43 42 1100
41 wait 41 42 1300
41 irecv 45 2100 200 0
41 irecv 37 2300 200 0
41 send 45 2300 24 0
41 send 37 2100 24 0
41 wait 46 42 2100
41 wait 38 42 2300
41 irecv 57 3100 200 0
41 irecv 25 3300 200 0
41 send 57 3300 36 0
41 send 25 3100 36 0
41 wait 58 42 3100
41 wait 26 42 3300
41 irecv 42 1100 200 0
41 irecv 40 1300 200 0
41 send 42 1300 64 0
41 send 40 1100 64 0
41 wait 43 42 1100
41 wait 41 42 1300
41 irecv 45 2100 200 0
41 irecv 37 2300 200 0
41 send 45 2300 80 0
41 send 37 2100 80 0
41 wait 46 42 2100
41 wait 38 42 2300
41 irecv 57 3100 200 0
41 irecv 25 3300 200 0
41 send 57 3300 100 0
41 send 25 3100 100 0
41 wait 58 42 3100
41 wait 26 42 3300
41 irecv 42 1100 200 0
41 irecv 40 1300 200 0
41 send 42 1300 64 0
41 send 40 1100 64 0
41 wait 43 42 1100
41 wait 41 42 1300
41 irecv 45 2100 200 0
41 irecv 37 2300 200 0
41 send 45 2300 80 0
41 send 37 2100 80 0
41 wait 46 42 2100
41 wait 38 42 2300
41 irecv 57 3100 200 0
41 irecv 25 3300 200 0
41 send 57 3300 100 0
41 send 25 3100 100 0
41 wait 58 42 3100
41 wait 26 42 3300
41 irecv 42 1100 200 0
41 irecv 40 1300 200 0
41 send 42 1300 64 0
41 send 40 1100 64 0
41 wait 43 42 1100
41 wait 41 42 1300
41 irecv 45 2100 200 0
41 irecv 37 2300 200 0
41 send 45 2300 80 0
41 send 37 2100 80 0
41 wait 46 42 2100
41 wait 38 42 2300
41 irecv 57 3100 200 0
41 irecv 25 3300 200 0
41 send 57 3300 100 0
41 send 25 3100 100 0
41 wait 58 42 3100
41 wait 26 42 3300
41 irecv 42 1100 200 0
41 irecv 40 1300 200 0
41 send 42 1300 16 0
41 send 40 1100 16 0
41 wait 43 42 1100
41 wait 41 42 1300
41 irecv 45 2100 200 0
41 irecv 37 2300 200 0
41 send 45 2300 24 0
41 send 37 2100 24 0
41 wait 46 42 2100
41 wait 38 42 2300
41 irecv 57 3100 200 0
41 irecv 25 3300 200 0
41 send 57 3300 36 0
41 send 25 3100 36 0
41 wait 58 42 3100
41 wait 26 42 3300
41 irecv 42 1100 200 0
41 irecv 40 1300 200 0
41 send 42 1300 4 0
41 send 40 1100 4 0
41 wait 43 42 1100
41 wait 41 42 1300
41 irecv 45 2100 200 0
41 irecv 37 2300 200 0
41 send 45 2300 8 0
41 send 37 2100 8 0
41 wait 46 42 2100
41 wait 38 42 2300
41 irecv 57 3100 200 0
41 irecv 25 3300 200 0
41 send 57 3300 16 0
41 send 25 3100 16 0
41 wait 58 42 3100
41 wait 26 42 3300
41 irecv 42 1100 200 0
41 irecv 40 1300 200 0
41 send 42 1300 1 0
41 send 40 1100 1 0
41 wait 43 42 1100
41 wait 41 42 1300
41 irecv 45 2100 200 0
41 irecv 37 2300 200 0
41 send 45 2300 3 0
41 send 37 2100 3 0
41 wait 46 42 2100
41 wait 38 42 2300
41 irecv 57 3100 200 0
41 irecv 25 3300 200 0
41 send 57 3300 9 0
41 send 25 3100 9 0
41 wait 58 42 3100
41 wait 26 42 3300
41 send 42 1300 18 0
41 send 40 1100 9 0
41 irecv 45 2100 200 0
41 irecv 37 2300 200 0
41 wait 46 42 2100
41 wait 38 42 2300
41 irecv 57 3100 200 0
41 irecv 25 3300 200 0
41 wait 58 42 3100
41 wait 26 42 3300
41 irecv 42 1100 200 0
41 irecv 40 1300 200 0
41 send 42 1300 1 0
41 send 40 1100 1 0
41 wait 43 42 1100
41 wait 41 42 1300
41 irecv 45 2100 200 0
41 irecv 37 2300 200 0
41 send 45 2300 3 0
41 send 37 2100 3 0
41 wait 46 42 2100
41 wait 38 42 2300
41 irecv 57 3100 200 0
41 irecv 25 3300 200 0
41 send 57 3300 9 0
41 send 25 3100 9 0
41 wait 58 42 3100
41 wait 26 42 3300
41 irecv 42 1100 200 0
41 irecv 40 1300 200 0
41 send 42 1300 1 0
41 send 40 1100 1 0
41 wait 43 42 1100
41 wait 41 42 1300
41 irecv 45 2100 200 0
41 irecv 37 2300 200 0
41 send 45 2300 3 0
41 send 37 2100 3 0
41 wait 46 42 2100
41 wait 38 42 2300
41 irecv 57 3100 200 0
41 irecv 25 3300 200 0
41 send 57 3300 9 0
41 send 25 3100 9 0
41 wait 58 42 3100
41 wait 26 42 3300
41 irecv 42 1100 200 0
41 irecv 40 1300 200 0
41 send 42 1300 4 0
41 send 40 1100 4 0
41 wait 43 42 1100
41 wait 41 42 1300
41 irecv 45 2100 200 0
41 irecv 37 2300 200 0
41 send 45 2300 8 0
41 send 37 2100 8 0
41 wait 46 42 2100
41 wait 38 42 2300
41 irecv 57 3100 200 0
41 irecv 25 3300 200 0
41 send 57 3300 16 0
41 send 25 3100 16 0
41 wait 58 42 3100
41 wait 26 42 3300
41 irecv 42 1100 200 0
41 irecv 40 1300 200 0
41 send 42 1300 4 0
41 send 40 1100 4 0
41 wait 43 42 1100
41 wait 41 42 1300
41 irecv 45 2100 200 0
41 irecv 37 2300 200 0
41 send 45 2300 8 0
41 send 37 2100 8 0
41 wait 46 42 2100
41 wait 38 42 2300
41 irecv 57 3100 200 0
41 irecv 25 3300 200 0
41 send 57 3300 16 0
41 send 25 3100 16 0
41 wait 58 42 3100
41 wait 26 42 3300
41 irecv 42 1100 200 0
41 irecv 40 1300 200 0
41 send 42 1300 16 0
41 send 40 1100 16 0
41 wait 43 42 1100
41 wait 41 42 1300
41 irecv 45 2100 200 0
41 irecv 37 2300 200 0
41 send 45 2300 24 0
41 send 37 2100 24 0
41 wait 46 42 2100
41 wait 38 42 2300
41 irecv 57 3100 200 0
41 irecv 25 3300 200 0
41 send 57 3300 36 0
41 send 25 3100 36 0
41 wait 58 42 3100
41 wait 26 42 3300
41 irecv 42 1100 200 0
41 irecv 40 1300 200 0
41 send 42 1300 16 0
41 send 40 1100 16 0
41 wait 43 42 1100
41 wait 41 42 1300
41 irecv 45 2100 200 0
41 irecv 37 2300 200 0
41 send 45 2300 24 0
41 send 37 2100 24 0
41 wait 46 42 2100
41 wait 38 42 2300
41 irecv 57 3100 200 0
41 irecv 25 3300 200 0
41 send 57 3300 36 0
41 send 25 3100 36 0
41 wait 58 42 3100
41 wait 26 42 3300
41 irecv 42 1100 200 0
41 irecv 40 1300 200 0
41 send 42 1300 64 0
41 send 40 1100 64 0
41 wait 43 42 1100
41 wait 41 42 1300
41 irecv 45 2100 200 0
41 irecv 37 2300 200 0
41 send 45 2300 80 0
41 send 37 2100 80 0
41 wait 46 42 2100
41 wait 38 42 2300
41 irecv 57 3100 200 0
41 irecv 25 3300 200 0
41 send 57 3300 100 0
41 send 25 3100 100 0
41 wait 58 42 3100
41 wait 26 42 3300
41 irecv 42 1100 200 0
41 irecv 40 1300 200 0
41 send 42 1300 64 0
41 send 40 1100 64 0
41 wait 43 42 1100
41 wait 41 42 1300
41 irecv 45 2100 200 0
41 irecv 37 2300 200 0
41 send 45 2300 80 0
41 send 37 2100 80 0
41 wait 46 42 2100
41 wait 38 42 2300
41 irecv 57 3100 200 0
41 irecv 25 3300 200 0
41 send 57 3300 100 0
41 send 25 3100 100 0
41 wait 58 42 3100
41 wait 26 42 3300
41 irecv 42 1100 200 0
41 irecv 40 1300 200 0
41 send 42 1300 64 0
41 send 40 1100 64 0
41 wait 43 42 1100
41 wait 41 42 1300
41 irecv 45 2100 200 0
41 irecv 37 2300 200 0
41 send 45 2300 80 0
41 send 37 2100 80 0
41 wait 46 42 2100
41 wait 38 42 2300
41 irecv 57 3100 200 0
41 irecv 25 3300 200 0
41 send 57 3300 100 0
41 send 25 3100 100 0
41 wait 58 42 3100
41 wait 26 42 3300
41 irecv 42 1100 200 0
41 irecv 40 1300 200 0
41 send 42 1300 16 0
41 send 40 1100 16 0
41 wait 43 42 1100
41 wait 41 42 1300
41 irecv 45 2100 200 0
41 irecv 37 2300 200 0
41 send 45 2300 24 0
41 send 37 2100 24 0
41 wait 46 42 2100
41 wait 38 42 2300
41 irecv 57 3100 200 0
41 irecv 25 3300 200 0
41 send 57 3300 36 0
41 send 25 3100 36 0
41 wait 58 42 3100
41 wait 26 42 3300
41 irecv 42 1100 200 0
41 irecv 40 1300 200 0
41 send 42 1300 4 0
41 send 40 1100 4 0
41 wait 43 42 1100
41 wait 41 42 1300
41 irecv 45 2100 200 0
41 irecv 37 2300 200 0
41 send 45 2300 8 0
41 send 37 2100 8 0
41 wait 46 42 2100
41 wait 38 42 2300
41 irecv 57 3100 200 0
41 irecv 25 3300 200 0
41 send 57 3300 16 0
41 send 25 3100 16 0
41 wait 58 42 3100
41 wait 26 42 3300
41 irecv 42 1100 200 0
41 irecv 40 1300 200 0
41 send 42 1300 1 0
41 send 40 1100 1 0
41 wait 43 42 1100
41 wait 41 42 1300
41 irecv 45 2100 200 0
41 irecv 37 2300 200 0
41 send 45 2300 3 0
41 send 37 2100 3 0
41 wait 46 42 2100
41 wait 38 42 2300
41 irecv 57 3100 200 0
41 irecv 25 3300 200 0
41 send 57 3300 9 0
41 send 25 3100 9 0
41 wait 58 42 3100
41 wait 26 42 3300
41 send 42 1300 18 0
41 send 40 1100 9 0
41 irecv 45 2100 200 0
41 irecv 37 2300 200 0
41 wait 46 42 2100
41 wait 38 42 2300
41 irecv 57 3100 200 0
41 irecv 25 3300 200 0
41 wait 58 42 3100
41 wait 26 42 3300
41 irecv 42 1100 200 0
41 irecv 40 1300 200 0
41 send 42 1300 1 0
41 send 40 1100 1 0
41 wait 43 42 1100
41 wait 41 42 1300
41 irecv 45 2100 200 0
41 irecv 37 2300 200 0
41 send 45 2300 3 0
41 send 37 2100 3 0
41 wait 46 42 2100
41 wait 38 42 2300
41 irecv 57 3100 200 0
41 irecv 25 3300 200 0
41 send 57 3300 9 0
41 send 25 3100 9 0
41 wait 58 42 3100
41 wait 26 42 3300
41 irecv 42 1100 200 0
41 irecv 40 1300 200 0
41 send 42 1300 1 0
41 send 40 1100 1 0
41 wait 43 42 1100
41 wait 41 42 1300
41 irecv 45 2100 200 0
41 irecv 37 2300 200 0
41 send 45 2300 3 0
41 send 37 2100 3 0
41 wait 46 42 2100
41 wait 38 42 2300
41 irecv 57 3100 200 0
41 irecv 25 3300 200 0
41 send 57 3300 9 0
41 send 25 3100 9 0
41 wait 58 42 3100
41 wait 26 42 3300
41 irecv 42 1100 200 0
41 irecv 40 1300 200 0
41 send 42 1300 4 0
41 send 40 1100 4 0
41 wait 43 42 1100
41 wait 41 42 1300
41 irecv 45 2100 200 0
41 irecv 37 2300 200 0
41 send 45 2300 8 0
41 send 37 2100 8 0
41 wait 46 42 2100
41 wait 38 42 2300
41 irecv 57 3100 200 0
41 irecv 25 3300 200 0
41 send 57 3300 16 0
41 send 25 3100 16 0
41 wait 58 42 3100
41 wait 26 42 3300
41 irecv 42 1100 200 0
41 irecv 40 1300 200 0
41 send 42 1300 4 0
41 send 40 1100 4 0
41 wait 43 42 1100
41 wait 41 42 1300
41 irecv 45 2100 200 0
41 irecv 37 2300 200 0
41 send 45 2300 8 0
41 send 37 2100 8 0
41 wait 46 42 2100
41 wait 38 42 2300
41 irecv 57 3100 200 0
41 irecv 25 3300 200 0
41 send 57 3300 16 0
41 send 25 3100 16 0
41 wait 58 42 3100
41 wait 26 42 3300
41 irecv 42 1100 200 0
41 irecv 40 1300 200 0
41 send 42 1300 16 0
41 send 40 1100 16 0
41 wait 43 42 1100
41 wait 41 42 1300
41 irecv 45 2100 200 0
41 irecv 37 2300 200 0
41 send 45 2300 24 0
41 send 37 2100 24 0
41 wait 46 42 2100
41 wait 38 42 2300
41 irecv 57 3100 200 0
41 irecv 25 3300 200 0
41 send 57 3300 36 0
41 send 25 3100 36 0
41 wait 58 42 3100
41 wait 26 42 3300
41 irecv 42 1100 200 0
41 irecv 40 1300 200 0
41 send 42 1300 16 0
41 send 40 1100 16 0
41 wait 43 42 1100
41 wait 41 42 1300
41 irecv 45 2100 200 0
41 irecv 37 2300 200 0
41 send 45 2300 24 0
41 send 37 2100 24 0
41 wait 46 42 2100
41 wait 38 42 2300
41 irecv 57 3100 200 0
41 irecv 25 3300 200 0
41 send 57 3300 36 0
41 send 25 3100 36 0
41 wait 58 42 3100
41 wait 26 42 3300
41 irecv 42 1100 200 0
41 irecv 40 1300 200 0
41 send 42 1300 64 0
41 send 40 1100 64 0
41 wait 43 42 1100
41 wait 41 42 1300
41 irecv 45 2100 200 0
41 irecv 37 2300 200 0
41 send 45 2300 80 0
41 send 37 2100 80 0
41 wait 46 42 2100
41 wait 38 42 2300
41 irecv 57 3100 200 0
41 irecv 25 3300 200 0
41 send 57 3300 100 0
41 send 25 3100 100 0
41 wait 58 42 3100
41 wait 26 42 3300
41 irecv 42 1100 200 0
41 irecv 40 1300 200 0
41 send 42 1300 64 0
41 send 40 1100 64 0
41 wait 43 42 1100
41 wait 41 42 1300
41 irecv 45 2100 200 0
41 irecv 37 2300 200 0
41 send 45 2300 80 0
41 send 37 2100 80 0
41 wait 46 42 2100
41 wait 38 42 2300
41 irecv 57 3100 200 0
41 irecv 25 3300 200 0
41 send 57 3300 100 0
41 send 25 3100 100 0
41 wait 58 42 3100
41 wait 26 42 3300
41 irecv 42 1100 200 0
41 irecv 40 1300 200 0
41 send 42 1300 64 0
41 send 40 1100 64 0
41 wait 43 42 1100
41 wait 41 42 1300
41 irecv 45 2100 200 0
41 irecv 37 2300 200 0
41 send 45 2300 80 0
41 send 37 2100 80 0
41 wait 46 42 2100
41 wait 38 42 2300
41 irecv 57 3100 200 0
41 irecv 25 3300 200 0
41 send 57 3300 100 0
41 send 25 3100 100 0
41 wait 58 42 3100
41 wait 26 42 3300
41 irecv 42 1100 200 0
41 irecv 40 1300 200 0
41 send 42 1300 16 0
41 send 40 1100 16 0
41 wait 43 42 1100
41 wait 41 42 1300
41 irecv 45 2100 200 0
41 irecv 37 2300 200 0
41 send 45 2300 24 0
41 send 37 2100 24 0
41 wait 46 42 2100
41 wait 38 42 2300
41 irecv 57 3100 200 0
41 irecv 25 3300 200 0
41 send 57 3300 36 0
41 send 25 3100 36 0
41 wait 58 42 3100
41 wait 26 42 3300
41 irecv 42 1100 200 0
41 irecv 40 1300 200 0
41 send 42 1300 4 0
41 send 40 1100 4 0
41 wait 43 42 1100
41 wait 41 42 1300
41 irecv 45 2100 200 0
41 irecv 37 2300 200 0
41 send 45 2300 8 0
41 send 37 2100 8 0
41 wait 46 42 2100
41 wait 38 42 2300
41 irecv 57 3100 200 0
41 irecv 25 3300 200 0
41 send 57 3300 16 0
41 send 25 3100 16 0
41 wait 58 42 3100
41 wait 26 42 3300
41 irecv 42 1100 200 0
41 irecv 40 1300 200 0
41 send 42 1300 1 0
41 send 40 1100 1 0
41 wait 43 42 1100
41 wait 41 42 1300
41 irecv 45 2100 200 0
41 irecv 37 2300 200 0
41 send 45 2300 3 0
41 send 37 2100 3 0
41 wait 46 42 2100
41 wait 38 42 2300
41 irecv 57 3100 200 0
41 irecv 25 3300 200 0
41 send 57 3300 9 0
41 send 25 3100 9 0
41 wait 58 42 3100
41 wait 26 42 3300
41 send 42 1300 18 0
41 send 40 1100 9 0
41 irecv 45 2100 200 0
41 irecv 37 2300 200 0
41 wait 46 42 2100
41 wait 38 42 2300
41 irecv 57 3100 200 0
41 irecv 25 3300 200 0
41 wait 58 42 3100
41 wait 26 42 3300
41 irecv 42 1100 200 0
41 irecv 40 1300 200 0
41 send 42 1300 1 0
41 send 40 1100 1 0
41 wait 43 42 1100
41 wait 41 42 1300
41 irecv 45 2100 200 0
41 irecv 37 2300 200 0
41 send 45 2300 3 0
41 send 37 2100 3 0
41 wait 46 42 2100
41 wait 38 42 2300
41 irecv 57 3100 200 0
41 irecv 25 3300 200 0
41 send 57 3300 9 0
41 send 25 3100 9 0
41 wait 58 42 3100
41 wait 26 42 3300
41 irecv 42 1100 200 0
41 irecv 40 1300 200 0
41 send 42 1300 1 0
41 send 40 1100 1 0
41 wait 43 42 1100
41 wait 41 42 1300
41 irecv 45 2100 200 0
41 irecv 37 2300 200 0
41 send 45 2300 3 0
41 send 37 2100 3 0
41 wait 46 42 2100
41 wait 38 42 2300
41 irecv 57 3100 200 0
41 irecv 25 3300 200 0
41 send 57 3300 9 0
41 send 25 3100 9 0
41 wait 58 42 3100
41 wait 26 42 3300
41 irecv 42 1100 200 0
41 irecv 40 1300 200 0
41 send 42 1300 4 0
41 send 40 1100 4 0
41 wait 43 42 1100
41 wait 41 42 1300
41 irecv 45 2100 200 0
41 irecv 37 2300 200 0
41 send 45 2300 8 0
41 send 37 2100 8 0
41 wait 46 42 2100
41 wait 38 42 2300
41 irecv 57 3100 200 0
41 irecv 25 3300 200 0
41 send 57 3300 16 0
41 send 25 3100 16 0
41 wait 58 42 3100
41 wait 26 42 3300
41 irecv 42 1100 200 0
41 irecv 40 1300 200 0
41 send 42 1300 4 0
41 send 40 1100 4 0
41 wait 43 42 1100
41 wait 41 42 1300
41 irecv 45 2100 200 0
41 irecv 37 2300 200 0
41 send 45 2300 8 0
41 send 37 2100 8 0
41 wait 46 42 2100
41 wait 38 42 2300
41 irecv 57 3100 200 0
41 irecv 25 3300 200 0
41 send 57 3300 16 0
41 send 25 3100 16 0
41 wait 58 42 3100
41 wait 26 42 3300
41 irecv 42 1100 200 0
41 irecv 40 1300 200 0
41 send 42 1300 16 0
41 send 40 1100 16 0
41 wait 43 42 1100
41 wait 41 42 1300
41 irecv 45 2100 200 0
41 irecv 37 2300 200 0
41 send 45 2300 24 0
41 send 37 2100 24 0
41 wait 46 42 2100
41 wait 38 42 2300
41 irecv 57 3100 200 0
41 irecv 25 3300 200 0
41 send 57 3300 36 0
41 send 25 3100 36 0
41 wait 58 42 3100
41 wait 26 42 3300
41 irecv 42 1100 200 0
41 irecv 40 1300 200 0
41 send 42 1300 16 0
41 send 40 1100 16 0
41 wait 43 42 1100
41 wait 41 42 1300
41 irecv 45 2100 200 0
41 irecv 37 2300 200 0
41 send 45 2300 24 0
41 send 37 2100 24 0
41 wait 46 42 2100
41 wait 38 42 2300
41 irecv 57 3100 200 0
41 irecv 25 3300 200 0
41 send 57 3300 36 0
41 send 25 3100 36 0
41 wait 58 42 3100
41 wait 26 42 3300
41 irecv 42 1100 200 0
41 irecv 40 1300 200 0
41 send 42 1300 64 0
41 send 40 1100 64 0
41 wait 43 42 1100
41 wait 41 42 1300
41 irecv 45 2100 200 0
41 irecv 37 2300 200 0
41 send 45 2300 80 0
41 send 37 2100 80 0
41 wait 46 42 2100
41 wait 38 42 2300
41 irecv 57 3100 200 0
41 irecv 25 3300 200 0
41 send 57 3300 100 0
41 send 25 3100 100 0
41 wait 58 42 3100
41 wait 26 42 3300
41 irecv 42 1100 200 0
41 irecv 40 1300 200 0
41 send 42 1300 64 0
41 send 40 1100 64 0
41 wait 43 42 1100
41 wait 41 42 1300
41 irecv 45 2100 200 0
41 irecv 37 2300 200 0
41 send 45 2300 80 0
41 send 37 2100 80 0
41 wait 46 42 2100
41 wait 38 42 2300
41 irecv 57 3100 200 0
41 irecv 25 3300 200 0
41 send 57 3300 100 0
41 send 25 3100 100 0
41 wait 58 42 3100
41 wait 26 42 3300
41 irecv 42 1100 200 0
41 irecv 40 1300 200 0
41 send 42 1300 64 0
41 send 40 1100 64 0
41 wait 43 42 1100
41 wait 41 42 1300
41 irecv 45 2100 200 0
41 irecv 37 2300 200 0
41 send 45 2300 80 0
41 send 37 2100 80 0
41 wait 46 42 2100
41 wait 38 42 2300
41 irecv 57 3100 200 0
41 irecv 25 3300 200 0
41 send 57 3300 100 0
41 send 25 3100 100 0
41 wait 58 42 3100
41 wait 26 42 3300
41 allreduce 1 0 0 
41 allreduce 1 0 0 
41 reduce 1 0 0 0 
41 finalize
