13 init
13 bcast 1 0 1 
13 allreduce 517 0 1 
13 alltoall 1 1 1 1
13 alltoallv 16384 968 1016 1020 1080 1072 1064 928 892 1104 1108 836 1056 1144 1068 976 1052 16780 1092 1056 1028 1060 1016 944 1080 1204 1088 1020 984 1056 1060 1068 1068 956 1 1
13 allreduce 517 0 1 
13 alltoall 1 1 1 1
13 alltoallv 16384 968 1016 1020 1080 1072 1064 928 892 1104 1108 836 1056 1144 1068 976 1052 16780 1092 1056 1028 1060 1016 944 1080 1204 1088 1020 984 1056 1060 1068 1068 956 1 1
13 allreduce 517 0 1 
13 alltoall 1 1 1 1
13 alltoallv 16384 968 1016 1020 1080 1072 1064 928 892 1104 1108 836 1056 1144 1068 976 1052 16780 1092 1056 1028 1060 1016 944 1080 1204 1088 1020 984 1056 1060 1068 1068 956 1 1
13 allreduce 517 0 1 
13 alltoall 1 1 1 1
13 alltoallv 16384 968 1016 1020 1080 1072 1064 928 892 1104 1108 836 1056 1144 1068 976 1052 16776 1088 1056 1028 1060 1016 944 1080 1204 1088 1020 984 1056 1060 1068 1068 956 1 1
13 allreduce 517 0 1 
13 alltoall 1 1 1 1
13 alltoallv 16384 968 1016 1020 1080 1072 1064 928 892 1104 1108 836 1056 1144 1068 976 1052 16776 1088 1056 1028 1060 1016 944 1080 1204 1088 1020 984 1056 1060 1068 1068 956 1 1
13 allreduce 517 0 1 
13 alltoall 1 1 1 1
13 alltoallv 16384 968 1016 1020 1080 1072 1064 928 892 1104 1108 836 1056 1144 1068 976 1052 16776 1088 1056 1028 1060 1016 944 1080 1204 1088 1020 984 1056 1060 1068 1068 956 1 1
13 allreduce 517 0 1 
13 alltoall 1 1 1 1
13 alltoallv 16384 968 1016 1020 1080 1072 1064 928 892 1104 1108 836 1056 1144 1068 976 1052 16776 1088 1056 1028 1060 1016 944 1080 1204 1088 1020 984 1056 1060 1068 1068 956 1 1
13 allreduce 517 0 1 
13 alltoall 1 1 1 1
13 alltoallv 16384 968 1016 1020 1080 1072 1064 928 892 1104 1108 836 1056 1144 1068 976 1052 16776 1088 1056 1028 1060 1016 944 1080 1204 1088 1020 984 1056 1060 1068 1068 956 1 1
13 allreduce 517 0 1 
13 alltoall 1 1 1 1
13 alltoallv 16384 968 1016 1020 1080 1072 1064 928 892 1104 1108 836 1056 1144 1068 976 1052 16776 1088 1056 1028 1060 1016 944 1080 1204 1088 1020 984 1056 1060 1068 1068 956 1 1
13 allreduce 517 0 1 
13 alltoall 1 1 1 1
13 alltoallv 16384 968 1016 1020 1080 1072 1064 928 892 1104 1108 836 1056 1144 1068 976 1052 16776 1088 1056 1028 1060 1016 944 1080 1204 1088 1020 984 1056 1060 1068 1068 956 1 1
13 allreduce 517 0 1 
13 alltoall 1 1 1 1
13 alltoallv 16384 968 1016 1020 1080 1072 1064 928 892 1104 1108 836 1056 1144 1068 976 1052 16776 1088 1056 1028 1060 1016 944 1080 1204 1088 1020 984 1056 1060 1068 1068 956 1 1
13 reduce 1 0 0 0 
13 irecv 12 1000 1 1
13 send 14 1000 1 1
13 wait 13 14 1000
13 reduce 1 0 0 1 
13 finalize
