2 init
2 bcast 1 0 1 
2 allreduce 517 0 1 
2 alltoall 1 1 1 1
2 alltoallv 16384 1020 1092 1108 1044 900 1036 964 880 1040 1180 960 1084 956 1028 1088 1004 16200 1028 936 1108 1036 996 1012 976 916 1008 964 1032 952 996 1020 1096 1124 1 1
2 allreduce 517 0 1 
2 alltoall 1 1 1 1
2 alltoallv 16384 1020 1092 1108 1044 900 1036 964 880 1040 1180 960 1084 956 1028 1088 1004 16200 1028 936 1108 1036 996 1012 976 916 1008 964 1032 952 996 1020 1096 1124 1 1
2 allreduce 517 0 1 
2 alltoall 1 1 1 1
2 alltoallv 16384 1020 1092 1108 1044 900 1036 964 880 1040 1180 960 1084 956 1028 1088 1004 16196 1024 936 1108 1036 996 1012 976 916 1008 964 1032 952 996 1020 1096 1124 1 1
2 allreduce 517 0 1 
2 alltoall 1 1 1 1
2 alltoallv 16384 1020 1092 1108 1044 900 1036 964 880 1040 1180 960 1084 956 1028 1088 1004 16196 1024 936 1108 1036 996 1012 976 916 1008 964 1032 952 996 1020 1096 1124 1 1
2 allreduce 517 0 1 
2 alltoall 1 1 1 1
2 alltoallv 16384 1020 1092 1108 1044 900 1036 964 880 1040 1180 960 1084 956 1028 1088 1004 16196 1024 936 1108 1036 996 1012 976 916 1008 964 1032 952 996 1020 1096 1124 1 1
2 allreduce 517 0 1 
2 alltoall 1 1 1 1
2 alltoallv 16384 1020 1092 1108 1044 900 1036 964 880 1040 1180 960 1084 956 1028 1088 1004 16196 1024 936 1108 1036 996 1012 976 916 1008 964 1032 952 996 1020 1096 1124 1 1
2 allreduce 517 0 1 
2 alltoall 1 1 1 1
2 alltoallv 16384 1020 1092 1108 1044 900 1036 964 880 1040 1180 960 1084 956 1028 1088 1004 16196 1024 936 1108 1036 996 1012 976 916 1008 964 1032 952 996 1020 1096 1124 1 1
2 allreduce 517 0 1 
2 alltoall 1 1 1 1
2 alltoallv 16384 1020 1092 1108 1044 900 1036 964 880 1040 1180 960 1084 956 1028 1088 1004 16196 1024 936 1108 1036 996 1012 976 916 1008 964 1032 952 996 1020 1096 1124 1 1
2 allreduce 517 0 1 
2 alltoall 1 1 1 1
2 alltoallv 16384 1020 1092 1108 1044 900 1036 964 880 1040 1180 960 1084 956 1028 1088 1004 16196 1024 936 1108 1036 996 1012 976 916 1008 964 1032 952 996 1020 1096 1124 1 1
2 allreduce 517 0 1 
2 alltoall 1 1 1 1
2 alltoallv 16384 1020 1092 1108 1044 900 1036 964 880 1040 1180 960 1084 956 1028 1088 1004 16196 1024 936 1108 1036 996 1012 976 916 1008 964 1032 952 996 1020 1096 1124 1 1
2 allreduce 517 0 1 
2 alltoall 1 1 1 1
2 alltoallv 16384 1020 1092 1108 1044 900 1036 964 880 1040 1180 960 1084 956 1028 1088 1004 16196 1024 936 1108 1036 996 1012 976 916 1008 964 1032 952 996 1020 1096 1124 1 1
2 reduce 1 0 0 0 
2 irecv 1 1000 1 1
2 send 3 1000 1 1
2 wait 2 3 1000
2 reduce 1 0 0 1 
2 finalize
