7 init
7 bcast 1 0 1 
7 allreduce 517 0 1 
7 alltoall 1 1 1 1
7 alltoallv 16384 1076 1140 916 1052 992 1032 1052 960 896 1036 1020 1028 972 1204 940 1068 15828 980 984 880 920 916 1148 972 960 1064 1116 1012 924 1072 892 944 1044 1 1
7 allreduce 517 0 1 
7 alltoall 1 1 1 1
7 alltoallv 16384 1076 1140 916 1052 992 1032 1052 960 896 1036 1020 1028 972 1204 940 1068 15828 980 984 880 920 916 1148 972 960 1064 1116 1012 924 1072 892 944 1044 1 1
7 allreduce 517 0 1 
7 alltoall 1 1 1 1
7 alltoallv 16384 1076 1140 916 1052 992 1032 1052 960 896 1036 1020 1028 972 1204 940 1068 15828 980 984 880 920 916 1148 972 960 1064 1116 1012 924 1072 892 944 1044 1 1
7 allreduce 517 0 1 
7 alltoall 1 1 1 1
7 alltoallv 16384 1076 1140 916 1052 992 1032 1052 960 896 1036 1020 1028 972 1204 940 1068 15828 980 984 880 920 916 1148 972 960 1064 1116 1012 924 1072 892 944 1044 1 1
7 allreduce 517 0 1 
7 alltoall 1 1 1 1
7 alltoallv 16384 1076 1140 916 1052 992 1032 1052 960 896 1036 1020 1028 972 1204 940 1068 15828 980 984 880 920 916 1148 972 960 1064 1116 1012 924 1072 892 944 1044 1 1
7 allreduce 517 0 1 
7 alltoall 1 1 1 1
7 alltoallv 16384 1076 1140 916 1052 992 1032 1052 960 896 1036 1020 1028 972 1204 940 1068 15828 980 984 880 920 916 1148 972 960 1064 1116 1012 924 1072 892 944 1044 1 1
7 allreduce 517 0 1 
7 alltoall 1 1 1 1
7 alltoallv 16384 1076 1140 916 1052 992 1032 1052 960 896 1036 1020 1028 972 1204 940 1068 15828 980 984 880 920 916 1148 972 960 1064 1116 1012 924 1072 892 944 1044 1 1
7 allreduce 517 0 1 
7 alltoall 1 1 1 1
7 alltoallv 16384 1076 1140 916 1052 992 1032 1052 960 896 1036 1020 1028 972 1204 940 1068 15828 980 984 880 920 916 1148 972 960 1064 1116 1012 924 1072 892 944 1044 1 1
7 allreduce 517 0 1 
7 alltoall 1 1 1 1
7 alltoallv 16384 1076 1140 916 1052 992 1032 1052 960 896 1036 1020 1028 972 1204 940 1068 15828 980 984 880 920 916 1148 972 960 1064 1116 1012 924 1072 892 944 1044 1 1
7 allreduce 517 0 1 
7 alltoall 1 1 1 1
7 alltoallv 16384 1076 1140 916 1052 992 1032 1052 960 896 1036 1020 1028 972 1204 940 1068 15828 980 984 880 920 916 1148 972 960 1064 1116 1012 924 1072 892 944 1044 1 1
7 allreduce 517 0 1 
7 alltoall 1 1 1 1
7 alltoallv 16384 1076 1140 916 1052 992 1032 1052 960 896 1036 1020 1028 972 1204 940 1068 15828 980 984 880 920 916 1148 972 960 1064 1116 1012 924 1072 892 944 1044 1 1
7 reduce 1 0 0 0 
7 irecv 6 1000 1 1
7 send 8 1000 1 1
7 wait 7 8 1000
7 reduce 1 0 0 1 
7 finalize
