0 init
0 bcast 1 0 1 
0 compute 312.5
0 allreduce 517 0 1 
0 alltoall 1 1 1 1
0 alltoallv 16384 1036 968 1028 1080 1008 1136 1004 980 1168 1048 980 976 1024 1092 860 996 16656 1036 1044 1020 1048 1048 1084 1076 1076 1016 936 1036 1116 968 968 1040 1144 1 1
0 allreduce 517 0 1 
0 alltoall 1 1 1 1
0 alltoallv 16384 1036 968 1028 1080 1008 1136 1004 980 1168 1048 980 976 1024 1092 860 996 16656 1036 1044 1020 1048 1048 1084 1076 1076 1016 936 1036 1116 968 968 1040 1144 1 1
0 allreduce 517 0 1 
0 alltoall 1 1 1 1
0 alltoallv 16384 1040 968 1024 1080 1008 1136 1004 980 1164 1048 980 976 1024 1092 860 1000 16660 1040 1044 1020 1048 1048 1084 1076 1076 1016 936 1036 1116 968 968 1040 1144 1 1
0 allreduce 517 0 1 
0 alltoall 1 1 1 1
0 alltoallv 16384 1044 964 1024 1080 1008 1136 1004 980 1164 1048 980 976 1024 1088 860 1004 16664 1044 1044 1020 1048 1048 1084 1076 1076 1016 936 1036 1116 968 968 1040 1144 1 1
0 allreduce 517 0 1 
0 alltoall 1 1 1 1
0 alltoallv 16384 1048 964 1024 1080 1008 1136 1000 980 1164 1048 976 976 1024 1088 860 1008 16668 1048 1044 1020 1048 1048 1084 1076 1076 1016 936 1036 1116 968 968 1040 1144 1 1
0 allreduce 517 0 1 
0 alltoall 1 1 1 1
0 alltoallv 16384 1048 964 1024 1080 1008 1136 1000 980 1164 1048 976 972 1024 1088 860 1012 16668 1048 1044 1020 1048 1048 1084 1076 1076 1016 936 1036 1116 968 968 1040 1144 1 1
0 allreduce 517 0 1 
0 alltoall 1 1 1 1
0 alltoallv 16384 1052 964 1024 1076 1008 1132 1000 980 1164 1048 976 972 1024 1088 860 1016 16672 1052 1044 1020 1048 1048 1084 1076 1076 1016 936 1036 1116 968 968 1040 1144 1 1
0 allreduce 517 0 1 
0 alltoall 1 1 1 1
0 alltoallv 16384 1056 964 1024 1076 1000 1132 1000 980 1164 1048 976 972 1024 1088 860 1020 16676 1056 1044 1020 1048 1048 1084 1076 1076 1016 936 1036 1116 968 968 1040 1144 1 1
0 allreduce 517 0 1 
0 alltoall 1 1 1 1
0 alltoallv 16384 1060 964 1024 1076 1000 1128 1000 980 1164 1044 976 972 1024 1088 860 1024 16680 1060 1044 1020 1048 1048 1084 1076 1076 1016 936 1036 1116 968 968 1040 1144 1 1
0 allreduce 517 0 1 
0 alltoall 1 1 1 1
0 alltoallv 16384 1064 964 1024 1072 1000 1128 1000 980 1164 1044 976 968 1024 1088 860 1028 16684 1064 1044 1020 1048 1048 1084 1076 1076 1016 936 1036 1116 968 968 1040 1144 1 1
0 allreduce 517 0 1 
0 alltoall 1 1 1 1
0 alltoallv 16384 1068 964 1024 1072 1000 1120 1000 980 1164 1044 976 968 1024 1088 860 1032 16688 1068 1044 1020 1048 1048 1084 1076 1076 1016 936 1036 1116 968 968 1040 1144 1 1
0 reduce 1 0 0 0 
0 send 1 1000 1 1
0 reduce 1 0 0 1 
0 finalize
