10 init
10 bcast 1 0 1 
10 allreduce 517 0 1 
10 alltoall 1 1 1 1
10 alltoallv 16384 1036 972 1032 1224 1068 996 1028 1012 972 1160 948 1072 960 984 876 1044 15212 980 892 960 948 948 860 948 1020 1020 980 948 1084 860 836 972 956 1 1
10 allreduce 517 0 1 
10 alltoall 1 1 1 1
10 alltoallv 16384 1036 972 1032 1224 1068 996 1028 1012 972 1160 948 1072 960 984 876 1044 15212 980 892 960 948 948 860 948 1020 1020 980 948 1084 860 836 972 956 1 1
10 allreduce 517 0 1 
10 alltoall 1 1 1 1
10 alltoallv 16384 1036 972 1032 1224 1068 996 1028 1012 972 1160 948 1072 960 984 876 1044 15212 980 892 960 948 948 860 948 1020 1020 980 948 1084 860 836 972 956 1 1
10 allreduce 517 0 1 
10 alltoall 1 1 1 1
10 alltoallv 16384 1036 972 1032 1224 1068 996 1028 1012 972 1160 948 1072 960 984 876 1044 15212 980 892 960 948 948 860 948 1020 1020 980 948 1084 860 836 972 956 1 1
10 allreduce 517 0 1 
10 alltoall 1 1 1 1
10 alltoallv 16384 1036 972 1032 1224 1068 996 1028 1012 972 1160 948 1072 960 984 876 1044 15208 976 892 960 948 948 860 948 1020 1020 980 948 1084 860 836 972 956 1 1
10 allreduce 517 0 1 
10 alltoall 1 1 1 1
10 alltoallv 16384 1036 972 1032 1224 1068 996 1028 1012 972 1160 948 1072 960 984 876 1044 15208 976 892 960 948 948 860 948 1020 1020 980 948 1084 860 836 972 956 1 1
10 allreduce 517 0 1 
10 alltoall 1 1 1 1
10 alltoallv 16384 1036 972 1032 1224 1068 996 1028 1012 972 1160 948 1072 960 984 876 1044 15208 976 892 960 948 948 860 948 1020 1020 980 948 1084 860 836 972 956 1 1
10 allreduce 517 0 1 
10 alltoall 1 1 1 1
10 alltoallv 16384 1036 972 1032 1224 1068 996 1028 1012 972 1160 948 1072 960 984 876 1044 15208 976 892 960 948 948 860 948 1020 1020 980 948 1084 860 836 972 956 1 1
10 allreduce 517 0 1 
10 alltoall 1 1 1 1
10 alltoallv 16384 1036 972 1032 1224 1068 996 1028 1012 972 1160 948 1072 960 984 876 1044 15208 976 892 960 948 948 860 948 1020 1020 980 948 1084 860 836 972 956 1 1
10 allreduce 517 0 1 
10 alltoall 1 1 1 1
10 alltoallv 16384 1036 972 1032 1224 1068 996 1028 1012 972 1160 948 1072 960 984 876 1044 15208 976 892 960 948 948 860 948 1020 1020 980 948 1084 860 836 972 956 1 1
10 allreduce 517 0 1 
10 alltoall 1 1 1 1
10 alltoallv 16384 1036 972 1032 1224 1068 996 1028 1012 972 1160 948 1072 960 984 876 1044 15208 976 892 960 948 948 860 948 1020 1020 980 948 1084 860 836 972 956 1 1
10 reduce 1 0 0 0 
10 irecv 9 1000 1 1
10 send 11 1000 1 1
10 wait 10 11 1000
10 reduce 1 0 0 1 
10 finalize
