227 init
227 bcast 1 0 1 
227 bcast 1 0 1 
227 bcast 1 0 1 
227 bcast 1 0 1 
227 bcast 1 0 16 
227 alltoall 256 256 26 26
227 alltoall 4096 4096 26 26
227 barrier
227 alltoall 256 256 26 26
227 alltoall 4096 4096 26 26
227 alltoall 4096 4096 26 26
227 alltoall 256 256 26 26
227 reduce 16 0 0 26 
227 alltoall 4096 4096 26 26
227 alltoall 256 256 26 26
227 reduce 16 0 0 26 
227 alltoall 4096 4096 26 26
227 alltoall 256 256 26 26
227 reduce 16 0 0 26 
227 alltoall 4096 4096 26 26
227 alltoall 256 256 26 26
227 reduce 16 0 0 26 
227 alltoall 4096 4096 26 26
227 alltoall 256 256 26 26
227 reduce 16 0 0 26 
227 alltoall 4096 4096 26 26
227 alltoall 256 256 26 26
227 reduce 16 0 0 26 
227 finalize
