238 init
238 bcast 1 0 1 
238 bcast 1 0 1 
238 bcast 1 0 1 
238 bcast 1 0 1 
238 bcast 1 0 16 
238 alltoall 256 256 26 26
238 alltoall 4096 4096 26 26
238 barrier
238 alltoall 256 256 26 26
238 alltoall 4096 4096 26 26
238 alltoall 4096 4096 26 26
238 alltoall 256 256 26 26
238 reduce 16 0 0 26 
238 alltoall 4096 4096 26 26
238 alltoall 256 256 26 26
238 reduce 16 0 0 26 
238 alltoall 4096 4096 26 26
238 alltoall 256 256 26 26
238 reduce 16 0 0 26 
238 alltoall 4096 4096 26 26
238 alltoall 256 256 26 26
238 reduce 16 0 0 26 
238 alltoall 4096 4096 26 26
238 alltoall 256 256 26 26
238 reduce 16 0 0 26 
238 alltoall 4096 4096 26 26
238 alltoall 256 256 26 26
238 reduce 16 0 0 26 
238 compute 312.5
238 finalize
