213 init
213 bcast 1 0 1 
213 bcast 1 0 1 
213 bcast 1 0 1 
213 bcast 1 0 1 
213 bcast 1 0 16 
213 alltoall 256 256 26 26
213 alltoall 4096 4096 26 26
213 barrier
213 alltoall 256 256 26 26
213 alltoall 4096 4096 26 26
213 alltoall 4096 4096 26 26
213 alltoall 256 256 26 26
213 reduce 16 0 0 26 
213 alltoall 4096 4096 26 26
213 alltoall 256 256 26 26
213 reduce 16 0 0 26 
213 alltoall 4096 4096 26 26
213 alltoall 256 256 26 26
213 reduce 16 0 0 26 
213 alltoall 4096 4096 26 26
213 alltoall 256 256 26 26
213 reduce 16 0 0 26 
213 alltoall 4096 4096 26 26
213 alltoall 256 256 26 26
213 reduce 16 0 0 26 
213 alltoall 4096 4096 26 26
213 alltoall 256 256 26 26
213 reduce 16 0 0 26 
213 finalize
