188 init
188 bcast 1 0 1 
188 bcast 1 0 1 
188 bcast 1 0 1 
188 bcast 1 0 1 
188 bcast 1 0 16 
188 alltoall 256 256 26 26
188 alltoall 4096 4096 26 26
188 barrier
188 alltoall 256 256 26 26
188 alltoall 4096 4096 26 26
188 alltoall 4096 4096 26 26
188 alltoall 256 256 26 26
188 reduce 16 0 0 26 
188 alltoall 4096 4096 26 26
188 alltoall 256 256 26 26
188 reduce 16 0 0 26 
188 alltoall 4096 4096 26 26
188 alltoall 256 256 26 26
188 reduce 16 0 0 26 
188 alltoall 4096 4096 26 26
188 alltoall 256 256 26 26
188 reduce 16 0 0 26 
188 alltoall 4096 4096 26 26
188 alltoall 256 256 26 26
188 reduce 16 0 0 26 
188 alltoall 4096 4096 26 26
188 alltoall 256 256 26 26
188 reduce 16 0 0 26 
188 finalize
