221 init
221 bcast 1 0 1 
221 bcast 1 0 1 
221 bcast 1 0 1 
221 bcast 1 0 1 
221 bcast 1 0 16 
221 alltoall 256 256 26 26
221 alltoall 4096 4096 26 26
221 barrier
221 alltoall 256 256 26 26
221 alltoall 4096 4096 26 26
221 alltoall 4096 4096 26 26
221 alltoall 256 256 26 26
221 reduce 16 0 0 26 
221 alltoall 4096 4096 26 26
221 alltoall 256 256 26 26
221 reduce 16 0 0 26 
221 alltoall 4096 4096 26 26
221 alltoall 256 256 26 26
221 reduce 16 0 0 26 
221 alltoall 4096 4096 26 26
221 alltoall 256 256 26 26
221 reduce 16 0 0 26 
221 alltoall 4096 4096 26 26
221 alltoall 256 256 26 26
221 reduce 16 0 0 26 
221 alltoall 4096 4096 26 26
221 alltoall 256 256 26 26
221 reduce 16 0 0 26 
221 finalize
