154 init
154 bcast 1 0 1 
154 bcast 1 0 1 
154 bcast 1 0 1 
154 bcast 1 0 1 
154 bcast 1 0 16 
154 alltoall 256 256 26 26
154 alltoall 4096 4096 26 26
154 barrier
154 alltoall 256 256 26 26
154 alltoall 4096 4096 26 26
154 alltoall 4096 4096 26 26
154 alltoall 256 256 26 26
154 reduce 16 0 0 26 
154 alltoall 4096 4096 26 26
154 alltoall 256 256 26 26
154 reduce 16 0 0 26 
154 alltoall 4096 4096 26 26
154 alltoall 256 256 26 26
154 reduce 16 0 0 26 
154 alltoall 4096 4096 26 26
154 alltoall 256 256 26 26
154 reduce 16 0 0 26 
154 alltoall 4096 4096 26 26
154 alltoall 256 256 26 26
154 reduce 16 0 0 26 
154 alltoall 4096 4096 26 26
154 alltoall 256 256 26 26
154 reduce 16 0 0 26 
154 finalize
