127 init
127 bcast 1 0 1 
127 bcast 1 0 1 
127 bcast 1 0 1 
127 bcast 1 0 1 
127 bcast 1 0 16 
127 alltoall 256 256 26 26
127 alltoall 4096 4096 26 26
127 barrier
127 alltoall 256 256 26 26
127 alltoall 4096 4096 26 26
127 alltoall 4096 4096 26 26
127 alltoall 256 256 26 26
127 reduce 16 0 0 26 
127 alltoall 4096 4096 26 26
127 alltoall 256 256 26 26
127 reduce 16 0 0 26 
127 alltoall 4096 4096 26 26
127 alltoall 256 256 26 26
127 reduce 16 0 0 26 
127 alltoall 4096 4096 26 26
127 alltoall 256 256 26 26
127 reduce 16 0 0 26 
127 alltoall 4096 4096 26 26
127 alltoall 256 256 26 26
127 reduce 16 0 0 26 
127 alltoall 4096 4096 26 26
127 alltoall 256 256 26 26
127 reduce 16 0 0 26 
127 finalize
