215 init
215 bcast 1 0 1 
215 bcast 1 0 1 
215 bcast 1 0 1 
215 bcast 1 0 1 
215 bcast 1 0 16 
215 alltoall 256 256 26 26
215 alltoall 4096 4096 26 26
215 barrier
215 alltoall 256 256 26 26
215 alltoall 4096 4096 26 26
215 alltoall 4096 4096 26 26
215 alltoall 256 256 26 26
215 reduce 16 0 0 26 
215 alltoall 4096 4096 26 26
215 alltoall 256 256 26 26
215 reduce 16 0 0 26 
215 alltoall 4096 4096 26 26
215 alltoall 256 256 26 26
215 reduce 16 0 0 26 
215 alltoall 4096 4096 26 26
215 alltoall 256 256 26 26
215 reduce 16 0 0 26 
215 compute 312.5
215 alltoall 4096 4096 26 26
215 alltoall 256 256 26 26
215 reduce 16 0 0 26 
215 alltoall 4096 4096 26 26
215 alltoall 256 256 26 26
215 reduce 16 0 0 26 
215 finalize
