120 init
120 bcast 1 0 1 
120 bcast 1 0 1 
120 bcast 1 0 1 
120 bcast 1 0 1 
120 bcast 1 0 16 
120 alltoall 256 256 26 26
120 alltoall 4096 4096 26 26
120 barrier
120 alltoall 256 256 26 26
120 alltoall 4096 4096 26 26
120 alltoall 4096 4096 26 26
120 alltoall 256 256 26 26
120 reduce 16 0 0 26 
120 alltoall 4096 4096 26 26
120 alltoall 256 256 26 26
120 reduce 16 0 0 26 
120 alltoall 4096 4096 26 26
120 alltoall 256 256 26 26
120 reduce 16 0 0 26 
120 alltoall 4096 4096 26 26
120 alltoall 256 256 26 26
120 reduce 16 0 0 26 
120 alltoall 4096 4096 26 26
120 alltoall 256 256 26 26
120 reduce 16 0 0 26 
120 alltoall 4096 4096 26 26
120 alltoall 256 256 26 26
120 reduce 16 0 0 26 
120 finalize
