137 init
137 bcast 1 0 1 
137 bcast 1 0 1 
137 bcast 1 0 1 
137 bcast 1 0 1 
137 bcast 1 0 16 
137 alltoall 256 256 26 26
137 alltoall 4096 4096 26 26
137 barrier
137 alltoall 256 256 26 26
137 alltoall 4096 4096 26 26
137 alltoall 4096 4096 26 26
137 alltoall 256 256 26 26
137 reduce 16 0 0 26 
137 alltoall 4096 4096 26 26
137 alltoall 256 256 26 26
137 reduce 16 0 0 26 
137 alltoall 4096 4096 26 26
137 alltoall 256 256 26 26
137 reduce 16 0 0 26 
137 alltoall 4096 4096 26 26
137 alltoall 256 256 26 26
137 reduce 16 0 0 26 
137 alltoall 4096 4096 26 26
137 alltoall 256 256 26 26
137 reduce 16 0 0 26 
137 alltoall 4096 4096 26 26
137 alltoall 256 256 26 26
137 reduce 16 0 0 26 
137 finalize
