132 init
132 bcast 1 0 1 
132 bcast 1 0 1 
132 bcast 1 0 1 
132 bcast 1 0 1 
132 bcast 1 0 16 
132 alltoall 256 256 26 26
132 alltoall 4096 4096 26 26
132 barrier
132 alltoall 256 256 26 26
132 alltoall 4096 4096 26 26
132 alltoall 4096 4096 26 26
132 alltoall 256 256 26 26
132 reduce 16 0 0 26 
132 alltoall 4096 4096 26 26
132 alltoall 256 256 26 26
132 reduce 16 0 0 26 
132 alltoall 4096 4096 26 26
132 alltoall 256 256 26 26
132 compute 312.5
132 reduce 16 0 0 26 
132 alltoall 4096 4096 26 26
132 alltoall 256 256 26 26
132 reduce 16 0 0 26 
132 alltoall 4096 4096 26 26
132 alltoall 256 256 26 26
132 reduce 16 0 0 26 
132 alltoall 4096 4096 26 26
132 alltoall 256 256 26 26
132 reduce 16 0 0 26 
132 finalize
