216 init
216 bcast 1 0 1 
216 bcast 1 0 1 
216 bcast 1 0 1 
216 bcast 1 0 1 
216 bcast 1 0 16 
216 alltoall 256 256 26 26
216 alltoall 4096 4096 26 26
216 barrier
216 alltoall 256 256 26 26
216 alltoall 4096 4096 26 26
216 alltoall 4096 4096 26 26
216 alltoall 256 256 26 26
216 reduce 16 0 0 26 
216 alltoall 4096 4096 26 26
216 alltoall 256 256 26 26
216 reduce 16 0 0 26 
216 alltoall 4096 4096 26 26
216 alltoall 256 256 26 26
216 reduce 16 0 0 26 
216 alltoall 4096 4096 26 26
216 alltoall 256 256 26 26
216 reduce 16 0 0 26 
216 alltoall 4096 4096 26 26
216 alltoall 256 256 26 26
216 reduce 16 0 0 26 
216 alltoall 4096 4096 26 26
216 alltoall 256 256 26 26
216 reduce 16 0 0 26 
216 finalize
