183 init
183 bcast 1 0 1 
183 bcast 1 0 1 
183 bcast 1 0 1 
183 bcast 1 0 1 
183 bcast 1 0 16 
183 alltoall 256 256 26 26
183 alltoall 4096 4096 26 26
183 barrier
183 alltoall 256 256 26 26
183 alltoall 4096 4096 26 26
183 alltoall 4096 4096 26 26
183 alltoall 256 256 26 26
183 reduce 16 0 0 26 
183 alltoall 4096 4096 26 26
183 alltoall 256 256 26 26
183 reduce 16 0 0 26 
183 alltoall 4096 4096 26 26
183 alltoall 256 256 26 26
183 reduce 16 0 0 26 
183 alltoall 4096 4096 26 26
183 alltoall 256 256 26 26
183 reduce 16 0 0 26 
183 alltoall 4096 4096 26 26
183 alltoall 256 256 26 26
183 reduce 16 0 0 26 
183 alltoall 4096 4096 26 26
183 alltoall 256 256 26 26
183 reduce 16 0 0 26 
183 finalize
