1 init
1 barrier
1 bcast 1 0 1 
1 bcast 1 0 1 
1 bcast 1 0 1 
1 bcast 1 0 1 
1 bcast 1 0 1 
1 bcast 8 0 1 
1 bcast 1 0 16 
1 barrier
1 allreduce 1 0 0 
1 allreduce 4 0 1 
1 allreduce 1 0 0 
1 allreduce 4 0 1 
1 allreduce 1 0 0 
1 allreduce 4 0 1 
1 allreduce 1 0 0 
1 allreduce 4 0 1 
1 allreduce 1 0 0 
1 allreduce 4 0 1 
1 allreduce 1 0 0 
1 allreduce 4 0 1 
1 allreduce 1 0 0 
1 allreduce 4 0 1 
1 allreduce 1 0 0 
1 allreduce 4 0 1 
1 allreduce 1 0 0 
1 allreduce 4 0 1 
1 allreduce 1 0 0 
1 allreduce 4 0 1 
1 allreduce 1 0 0 
1 allreduce 4 0 1 
1 allreduce 1 0 0 
1 allreduce 4 0 1 
1 allreduce 1 0 0 
1 allreduce 4 0 1 
1 allreduce 1 0 0 
1 allreduce 4 0 1 
1 allreduce 1 0 0 
1 allreduce 4 0 1 
1 allreduce 1 0 0 
1 allreduce 4 0 1 
1 allreduce 1 0 0 
1 allreduce 4 0 1 
1 allreduce 1 0 0 
1 allreduce 4 0 1 
1 allreduce 1 0 0 
1 allreduce 4 0 1 
1 allreduce 1 0 0 
1 allreduce 4 0 1 
1 barrier
1 irecv 1 1100 2312 0
1 irecv 1 1300 2312 0
1 send 1 1300 256 0
1 send 1 1100 256 0
1 wait 2 2 1100
1 wait 2 2 1300
1 irecv 0 2100 2312 0
1 irecv 0 2300 2312 0
1 send 0 2300 544 0
1 send 0 2100 544 0
1 wait 1 2 2100
1 wait 1 2 2300
1 irecv 3 3100 2312 0
1 irecv 3 3300 2312 0
1 send 3 3300 612 0
1 send 3 3100 612 0
1 wait 4 2 3100
1 wait 4 2 3300
1 allreduce 1 0 0 
1 allreduce 1 0 0 
1 irecv 1 1100 2312 0
1 irecv 1 1300 2312 0
1 send 1 1300 256 0
1 send 1 1100 256 0
1 wait 2 2 1100
1 wait 2 2 1300
1 irecv 0 2100 2312 0
1 irecv 0 2300 2312 0
1 send 0 2300 544 0
1 send 0 2100 544 0
1 wait 1 2 2100
1 wait 1 2 2300
1 irecv 3 3100 2312 0
1 irecv 3 3300 2312 0
1 send 3 3300 612 0
1 send 3 3100 612 0
1 wait 4 2 3100
1 wait 4 2 3300
1 allreduce 1 0 0 
1 allreduce 1 0 0 
1 irecv 1 1100 2312 0
1 irecv 1 1300 2312 0
1 send 1 1300 64 0
1 send 1 1100 64 0
1 wait 2 2 1100
1 wait 2 2 1300
1 irecv 0 2100 2312 0
1 irecv 0 2300 2312 0
1 send 0 2300 144 0
1 send 0 2100 144 0
1 wait 1 2 2100
1 wait 1 2 2300
1 irecv 3 3100 2312 0
1 irecv 3 3300 2312 0
1 send 3 3300 180 0
1 send 3 3100 180 0
1 wait 4 2 3100
1 wait 4 2 3300
1 irecv 1 1100 2312 0
1 irecv 1 1300 2312 0
1 send 1 1300 16 0
1 send 1 1100 16 0
1 wait 2 2 1100
1 wait 2 2 1300
1 irecv 0 2100 2312 0
1 irecv 0 2300 2312 0
1 send 0 2300 40 0
1 send 0 2100 40 0
1 wait 1 2 2100
1 wait 1 2 2300
1 irecv 3 3100 2312 0
1 irecv 3 3300 2312 0
1 send 3 3300 60 0
1 send 3 3100 60 0
1 wait 4 2 3100
1 wait 4 2 3300
1 irecv 1 1100 2312 0
1 irecv 1 1300 2312 0
1 send 1 1300 4 0
1 send 1 1100 4 0
1 wait 2 2 1100
1 wait 2 2 1300
1 irecv 0 2100 2312 0
1 irecv 0 2300 2312 0
1 send 0 2300 12 0
1 send 0 2100 12 0
1 wait 1 2 2100
1 wait 1 2 2300
1 irecv 3 3100 2312 0
1 irecv 3 3300 2312 0
1 send 3 3300 24 0
1 send 3 3100 24 0
1 wait 4 2 3100
1 wait 4 2 3300
1 irecv 1 1100 2312 0
1 irecv 1 1300 2312 0
1 send 1 1300 1 0
1 send 1 1100 1 0
1 wait 2 2 1100
1 wait 2 2 1300
1 irecv 0 2100 2312 0
1 irecv 0 2300 2312 0
1 send 0 2300 4 0
1 send 0 2100 4 0
1 wait 1 2 2100
1 wait 1 2 2300
1 irecv 3 3100 2312 0
1 irecv 3 3300 2312 0
1 send 3 3300 12 0
1 send 3 3100 12 0
1 wait 4 2 3100
1 wait 4 2 3300
1 irecv 1 1100 2312 0
1 irecv 1 1300 2312 0
1 send 1 1300 1 0
1 send 1 1100 1 0
1 wait 2 2 1100
1 wait 2 2 1300
1 irecv 0 2100 2312 0
1 irecv 0 2300 2312 0
1 send 0 2300 4 0
1 send 0 2100 4 0
1 wait 1 2 2100
1 wait 1 2 2300
1 irecv 3 3100 2312 0
1 irecv 3 3300 2312 0
1 send 3 3300 12 0
1 send 3 3100 12 0
1 wait 4 2 3100
1 wait 4 2 3300
1 irecv 1 1100 2312 0
1 irecv 1 1300 2312 0
1 send 1 1300 4 0
1 send 1 1100 4 0
1 wait 2 2 1100
1 wait 2 2 1300
1 irecv 0 2100 2312 0
1 irecv 0 2300 2312 0
1 send 0 2300 12 0
1 send 0 2100 12 0
1 wait 1 2 2100
1 wait 1 2 2300
1 irecv 3 3100 2312 0
1 irecv 3 3300 2312 0
1 send 3 3300 24 0
1 send 3 3100 24 0
1 wait 4 2 3100
1 wait 4 2 3300
1 irecv 1 1100 2312 0
1 irecv 1 1300 2312 0
1 send 1 1300 4 0
1 send 1 1100 4 0
1 wait 2 2 1100
1 wait 2 2 1300
1 irecv 0 2100 2312 0
1 irecv 0 2300 2312 0
1 send 0 2300 12 0
1 send 0 2100 12 0
1 wait 1 2 2100
1 wait 1 2 2300
1 irecv 3 3100 2312 0
1 irecv 3 3300 2312 0
1 send 3 3300 24 0
1 send 3 3100 24 0
1 wait 4 2 3100
1 wait 4 2 3300
1 irecv 1 1100 2312 0
1 irecv 1 1300 2312 0
1 send 1 1300 16 0
1 send 1 1100 16 0
1 wait 2 2 1100
1 wait 2 2 1300
1 irecv 0 2100 2312 0
1 irecv 0 2300 2312 0
1 send 0 2300 40 0
1 send 0 2100 40 0
1 wait 1 2 2100
1 wait 1 2 2300
1 irecv 3 3100 2312 0
1 irecv 3 3300 2312 0
1 send 3 3300 60 0
1 send 3 3100 60 0
1 wait 4 2 3100
1 wait 4 2 3300
1 irecv 1 1100 2312 0
1 irecv 1 1300 2312 0
1 send 1 1300 16 0
1 send 1 1100 16 0
1 wait 2 2 1100
1 wait 2 2 1300
1 irecv 0 2100 2312 0
1 irecv 0 2300 2312 0
1 send 0 2300 40 0
1 send 0 2100 40 0
1 wait 1 2 2100
1 wait 1 2 2300
1 irecv 3 3100 2312 0
1 irecv 3 3300 2312 0
1 send 3 3300 60 0
1 send 3 3100 60 0
1 wait 4 2 3100
1 wait 4 2 3300
1 irecv 1 1100 2312 0
1 irecv 1 1300 2312 0
1 send 1 1300 64 0
1 send 1 1100 64 0
1 wait 2 2 1100
1 wait 2 2 1300
1 irecv 0 2100 2312 0
1 irecv 0 2300 2312 0
1 send 0 2300 144 0
1 send 0 2100 144 0
1 wait 1 2 2100
1 wait 1 2 2300
1 irecv 3 3100 2312 0
1 irecv 3 3300 2312 0
1 send 3 3300 180 0
1 send 3 3100 180 0
1 wait 4 2 3100
1 wait 4 2 3300
1 irecv 1 1100 2312 0
1 irecv 1 1300 2312 0
1 send 1 1300 64 0
1 send 1 1100 64 0
1 wait 2 2 1100
1 wait 2 2 1300
1 irecv 0 2100 2312 0
1 irecv 0 2300 2312 0
1 send 0 2300 144 0
1 send 0 2100 144 0
1 wait 1 2 2100
1 wait 1 2 2300
1 irecv 3 3100 2312 0
1 irecv 3 3300 2312 0
1 send 3 3300 180 0
1 send 3 3100 180 0
1 wait 4 2 3100
1 wait 4 2 3300
1 irecv 1 1100 2312 0
1 irecv 1 1300 2312 0
1 send 1 1300 256 0
1 send 1 1100 256 0
1 wait 2 2 1100
1 wait 2 2 1300
1 irecv 0 2100 2312 0
1 irecv 0 2300 2312 0
1 send 0 2300 544 0
1 send 0 2100 544 0
1 wait 1 2 2100
1 wait 1 2 2300
1 irecv 3 3100 2312 0
1 irecv 3 3300 2312 0
1 send 3 3300 612 0
1 send 3 3100 612 0
1 wait 4 2 3100
1 wait 4 2 3300
1 irecv 1 1100 2312 0
1 irecv 1 1300 2312 0
1 send 1 1300 256 0
1 send 1 1100 256 0
1 wait 2 2 1100
1 wait 2 2 1300
1 irecv 0 2100 2312 0
1 irecv 0 2300 2312 0
1 send 0 2300 544 0
1 send 0 2100 544 0
1 wait 1 2 2100
1 wait 1 2 2300
1 irecv 3 3100 2312 0
1 irecv 3 3300 2312 0
1 send 3 3300 612 0
1 send 3 3100 612 0
1 wait 4 2 3100
1 wait 4 2 3300
1 irecv 1 1100 2312 0
1 irecv 1 1300 2312 0
1 send 1 1300 256 0
1 send 1 1100 256 0
1 wait 2 2 1100
1 wait 2 2 1300
1 irecv 0 2100 2312 0
1 irecv 0 2300 2312 0
1 send 0 2300 544 0
1 send 0 2100 544 0
1 wait 1 2 2100
1 wait 1 2 2300
1 irecv 3 3100 2312 0
1 irecv 3 3300 2312 0
1 send 3 3300 612 0
1 send 3 3100 612 0
1 wait 4 2 3100
1 wait 4 2 3300
1 barrier
1 allreduce 1 0 0 
1 allreduce 4 0 1 
1 allreduce 1 0 0 
1 allreduce 4 0 1 
1 allreduce 1 0 0 
1 allreduce 4 0 1 
1 allreduce 1 0 0 
1 allreduce 4 0 1 
1 allreduce 1 0 0 
1 allreduce 4 0 1 
1 allreduce 1 0 0 
1 allreduce 4 0 1 
1 allreduce 1 0 0 
1 allreduce 4 0 1 
1 allreduce 1 0 0 
1 allreduce 4 0 1 
1 allreduce 1 0 0 
1 allreduce 4 0 1 
1 allreduce 1 0 0 
1 allreduce 4 0 1 
1 allreduce 1 0 0 
1 allreduce 4 0 1 
1 allreduce 1 0 0 
1 allreduce 4 0 1 
1 allreduce 1 0 0 
1 allreduce 4 0 1 
1 allreduce 1 0 0 
1 allreduce 4 0 1 
1 allreduce 1 0 0 
1 allreduce 4 0 1 
1 allreduce 1 0 0 
1 allreduce 4 0 1 
1 allreduce 1 0 0 
1 allreduce 4 0 1 
1 allreduce 1 0 0 
1 allreduce 4 0 1 
1 allreduce 1 0 0 
1 allreduce 4 0 1 
1 allreduce 1 0 0 
1 allreduce 4 0 1 
1 barrier
1 irecv 1 1100 2312 0
1 irecv 1 1300 2312 0
1 send 1 1300 256 0
1 send 1 1100 256 0
1 wait 2 2 1100
1 wait 2 2 1300
1 irecv 0 2100 2312 0
1 irecv 0 2300 2312 0
1 send 0 2300 544 0
1 send 0 2100 544 0
1 wait 1 2 2100
1 wait 1 2 2300
1 irecv 3 3100 2312 0
1 irecv 3 3300 2312 0
1 send 3 3300 612 0
1 send 3 3100 612 0
1 wait 4 2 3100
1 wait 4 2 3300
1 barrier
1 irecv 1 1100 2312 0
1 irecv 1 1300 2312 0
1 send 1 1300 256 0
1 send 1 1100 256 0
1 wait 2 2 1100
1 wait 2 2 1300
1 irecv 0 2100 2312 0
1 irecv 0 2300 2312 0
1 send 0 2300 544 0
1 send 0 2100 544 0
1 wait 1 2 2100
1 wait 1 2 2300
1 irecv 3 3100 2312 0
1 irecv 3 3300 2312 0
1 send 3 3300 612 0
1 send 3 3100 612 0
1 wait 4 2 3100
1 wait 4 2 3300
1 allreduce 1 0 0 
1 allreduce 1 0 0 
1 irecv 1 1100 2312 0
1 irecv 1 1300 2312 0
1 send 1 1300 64 0
1 send 1 1100 64 0
1 wait 2 2 1100
1 wait 2 2 1300
1 irecv 0 2100 2312 0
1 irecv 0 2300 2312 0
1 send 0 2300 144 0
1 send 0 2100 144 0
1 wait 1 2 2100
1 wait 1 2 2300
1 irecv 3 3100 2312 0
1 irecv 3 3300 2312 0
1 send 3 3300 180 0
1 send 3 3100 180 0
1 wait 4 2 3100
1 wait 4 2 3300
1 irecv 1 1100 2312 0
1 irecv 1 1300 2312 0
1 send 1 1300 16 0
1 send 1 1100 16 0
1 wait 2 2 1100
1 wait 2 2 1300
1 irecv 0 2100 2312 0
1 irecv 0 2300 2312 0
1 send 0 2300 40 0
1 send 0 2100 40 0
1 wait 1 2 2100
1 wait 1 2 2300
1 irecv 3 3100 2312 0
1 irecv 3 3300 2312 0
1 send 3 3300 60 0
1 send 3 3100 60 0
1 wait 4 2 3100
1 wait 4 2 3300
1 irecv 1 1100 2312 0
1 irecv 1 1300 2312 0
1 send 1 1300 4 0
1 send 1 1100 4 0
1 wait 2 2 1100
1 wait 2 2 1300
1 irecv 0 2100 2312 0
1 irecv 0 2300 2312 0
1 send 0 2300 12 0
1 send 0 2100 12 0
1 wait 1 2 2100
1 wait 1 2 2300
1 irecv 3 3100 2312 0
1 irecv 3 3300 2312 0
1 send 3 3300 24 0
1 send 3 3100 24 0
1 wait 4 2 3100
1 wait 4 2 3300
1 irecv 1 1100 2312 0
1 irecv 1 1300 2312 0
1 send 1 1300 1 0
1 send 1 1100 1 0
1 wait 2 2 1100
1 wait 2 2 1300
1 irecv 0 2100 2312 0
1 irecv 0 2300 2312 0
1 send 0 2300 4 0
1 send 0 2100 4 0
1 wait 1 2 2100
1 wait 1 2 2300
1 irecv 3 3100 2312 0
1 irecv 3 3300 2312 0
1 send 3 3300 12 0
1 send 3 3100 12 0
1 wait 4 2 3100
1 wait 4 2 3300
1 irecv 1 1100 2312 0
1 irecv 1 1300 2312 0
1 send 1 1300 1 0
1 send 1 1100 1 0
1 wait 2 2 1100
1 wait 2 2 1300
1 irecv 0 2100 2312 0
1 irecv 0 2300 2312 0
1 send 0 2300 4 0
1 send 0 2100 4 0
1 wait 1 2 2100
1 wait 1 2 2300
1 irecv 3 3100 2312 0
1 irecv 3 3300 2312 0
1 send 3 3300 12 0
1 send 3 3100 12 0
1 wait 4 2 3100
1 wait 4 2 3300
1 irecv 1 1100 2312 0
1 irecv 1 1300 2312 0
1 send 1 1300 4 0
1 send 1 1100 4 0
1 wait 2 2 1100
1 wait 2 2 1300
1 irecv 0 2100 2312 0
1 irecv 0 2300 2312 0
1 send 0 2300 12 0
1 send 0 2100 12 0
1 wait 1 2 2100
1 wait 1 2 2300
1 irecv 3 3100 2312 0
1 irecv 3 3300 2312 0
1 send 3 3300 24 0
1 send 3 3100 24 0
1 wait 4 2 3100
1 wait 4 2 3300
1 irecv 1 1100 2312 0
1 irecv 1 1300 2312 0
1 send 1 1300 4 0
1 send 1 1100 4 0
1 wait 2 2 1100
1 wait 2 2 1300
1 irecv 0 2100 2312 0
1 irecv 0 2300 2312 0
1 send 0 2300 12 0
1 send 0 2100 12 0
1 wait 1 2 2100
1 wait 1 2 2300
1 irecv 3 3100 2312 0
1 irecv 3 3300 2312 0
1 send 3 3300 24 0
1 send 3 3100 24 0
1 wait 4 2 3100
1 wait 4 2 3300
1 irecv 1 1100 2312 0
1 irecv 1 1300 2312 0
1 send 1 1300 16 0
1 send 1 1100 16 0
1 wait 2 2 1100
1 wait 2 2 1300
1 irecv 0 2100 2312 0
1 irecv 0 2300 2312 0
1 send 0 2300 40 0
1 send 0 2100 40 0
1 wait 1 2 2100
1 wait 1 2 2300
1 irecv 3 3100 2312 0
1 irecv 3 3300 2312 0
1 send 3 3300 60 0
1 send 3 3100 60 0
1 wait 4 2 3100
1 wait 4 2 3300
1 irecv 1 1100 2312 0
1 irecv 1 1300 2312 0
1 send 1 1300 16 0
1 send 1 1100 16 0
1 wait 2 2 1100
1 wait 2 2 1300
1 irecv 0 2100 2312 0
1 irecv 0 2300 2312 0
1 send 0 2300 40 0
1 send 0 2100 40 0
1 wait 1 2 2100
1 wait 1 2 2300
1 irecv 3 3100 2312 0
1 irecv 3 3300 2312 0
1 send 3 3300 60 0
1 send 3 3100 60 0
1 wait 4 2 3100
1 wait 4 2 3300
1 irecv 1 1100 2312 0
1 irecv 1 1300 2312 0
1 send 1 1300 64 0
1 send 1 1100 64 0
1 wait 2 2 1100
1 wait 2 2 1300
1 irecv 0 2100 2312 0
1 irecv 0 2300 2312 0
1 send 0 2300 144 0
1 send 0 2100 144 0
1 wait 1 2 2100
1 wait 1 2 2300
1 irecv 3 3100 2312 0
1 irecv 3 3300 2312 0
1 send 3 3300 180 0
1 send 3 3100 180 0
1 wait 4 2 3100
1 wait 4 2 3300
1 irecv 1 1100 2312 0
1 irecv 1 1300 2312 0
1 send 1 1300 64 0
1 send 1 1100 64 0
1 wait 2 2 1100
1 wait 2 2 1300
1 irecv 0 2100 2312 0
1 irecv 0 2300 2312 0
1 send 0 2300 144 0
1 send 0 2100 144 0
1 wait 1 2 2100
1 wait 1 2 2300
1 irecv 3 3100 2312 0
1 irecv 3 3300 2312 0
1 send 3 3300 180 0
1 send 3 3100 180 0
1 wait 4 2 3100
1 wait 4 2 3300
1 irecv 1 1100 2312 0
1 irecv 1 1300 2312 0
1 send 1 1300 256 0
1 send 1 1100 256 0
1 wait 2 2 1100
1 wait 2 2 1300
1 irecv 0 2100 2312 0
1 irecv 0 2300 2312 0
1 send 0 2300 544 0
1 send 0 2100 544 0
1 wait 1 2 2100
1 wait 1 2 2300
1 irecv 3 3100 2312 0
1 irecv 3 3300 2312 0
1 send 3 3300 612 0
1 send 3 3100 612 0
1 wait 4 2 3100
1 wait 4 2 3300
1 irecv 1 1100 2312 0
1 irecv 1 1300 2312 0
1 send 1 1300 256 0
1 send 1 1100 256 0
1 wait 2 2 1100
1 wait 2 2 1300
1 irecv 0 2100 2312 0
1 irecv 0 2300 2312 0
1 send 0 2300 544 0
1 send 0 2100 544 0
1 wait 1 2 2100
1 wait 1 2 2300
1 irecv 3 3100 2312 0
1 irecv 3 3300 2312 0
1 send 3 3300 612 0
1 send 3 3100 612 0
1 wait 4 2 3100
1 wait 4 2 3300
1 irecv 1 1100 2312 0
1 irecv 1 1300 2312 0
1 send 1 1300 256 0
1 send 1 1100 256 0
1 wait 2 2 1100
1 wait 2 2 1300
1 irecv 0 2100 2312 0
1 irecv 0 2300 2312 0
1 send 0 2300 544 0
1 send 0 2100 544 0
1 wait 1 2 2100
1 wait 1 2 2300
1 irecv 3 3100 2312 0
1 irecv 3 3300 2312 0
1 send 3 3300 612 0
1 send 3 3100 612 0
1 wait 4 2 3100
1 wait 4 2 3300
1 irecv 1 1100 2312 0
1 irecv 1 1300 2312 0
1 send 1 1300 64 0
1 send 1 1100 64 0
1 wait 2 2 1100
1 wait 2 2 1300
1 irecv 0 2100 2312 0
1 irecv 0 2300 2312 0
1 send 0 2300 144 0
1 send 0 2100 144 0
1 wait 1 2 2100
1 wait 1 2 2300
1 irecv 3 3100 2312 0
1 irecv 3 3300 2312 0
1 send 3 3300 180 0
1 send 3 3100 180 0
1 wait 4 2 3100
1 wait 4 2 3300
1 irecv 1 1100 2312 0
1 irecv 1 1300 2312 0
1 send 1 1300 16 0
1 send 1 1100 16 0
1 wait 2 2 1100
1 wait 2 2 1300
1 irecv 0 2100 2312 0
1 irecv 0 2300 2312 0
1 send 0 2300 40 0
1 send 0 2100 40 0
1 wait 1 2 2100
1 wait 1 2 2300
1 irecv 3 3100 2312 0
1 irecv 3 3300 2312 0
1 send 3 3300 60 0
1 send 3 3100 60 0
1 wait 4 2 3100
1 wait 4 2 3300
1 irecv 1 1100 2312 0
1 irecv 1 1300 2312 0
1 send 1 1300 4 0
1 send 1 1100 4 0
1 wait 2 2 1100
1 wait 2 2 1300
1 irecv 0 2100 2312 0
1 irecv 0 2300 2312 0
1 send 0 2300 12 0
1 send 0 2100 12 0
1 wait 1 2 2100
1 wait 1 2 2300
1 irecv 3 3100 2312 0
1 irecv 3 3300 2312 0
1 send 3 3300 24 0
1 send 3 3100 24 0
1 wait 4 2 3100
1 wait 4 2 3300
1 irecv 1 1100 2312 0
1 irecv 1 1300 2312 0
1 send 1 1300 1 0
1 send 1 1100 1 0
1 wait 2 2 1100
1 wait 2 2 1300
1 irecv 0 2100 2312 0
1 irecv 0 2300 2312 0
1 send 0 2300 4 0
1 send 0 2100 4 0
1 wait 1 2 2100
1 wait 1 2 2300
1 irecv 3 3100 2312 0
1 irecv 3 3300 2312 0
1 send 3 3300 12 0
1 send 3 3100 12 0
1 wait 4 2 3100
1 wait 4 2 3300
1 irecv 1 1100 2312 0
1 irecv 1 1300 2312 0
1 send 1 1300 1 0
1 send 1 1100 1 0
1 wait 2 2 1100
1 wait 2 2 1300
1 irecv 0 2100 2312 0
1 irecv 0 2300 2312 0
1 send 0 2300 4 0
1 send 0 2100 4 0
1 wait 1 2 2100
1 wait 1 2 2300
1 irecv 3 3100 2312 0
1 irecv 3 3300 2312 0
1 send 3 3300 12 0
1 send 3 3100 12 0
1 wait 4 2 3100
1 wait 4 2 3300
1 irecv 1 1100 2312 0
1 irecv 1 1300 2312 0
1 send 1 1300 4 0
1 send 1 1100 4 0
1 wait 2 2 1100
1 wait 2 2 1300
1 irecv 0 2100 2312 0
1 irecv 0 2300 2312 0
1 send 0 2300 12 0
1 send 0 2100 12 0
1 wait 1 2 2100
1 wait 1 2 2300
1 irecv 3 3100 2312 0
1 irecv 3 3300 2312 0
1 send 3 3300 24 0
1 send 3 3100 24 0
1 wait 4 2 3100
1 wait 4 2 3300
1 irecv 1 1100 2312 0
1 irecv 1 1300 2312 0
1 send 1 1300 4 0
1 send 1 1100 4 0
1 wait 2 2 1100
1 wait 2 2 1300
1 irecv 0 2100 2312 0
1 irecv 0 2300 2312 0
1 send 0 2300 12 0
1 send 0 2100 12 0
1 wait 1 2 2100
1 wait 1 2 2300
1 irecv 3 3100 2312 0
1 irecv 3 3300 2312 0
1 send 3 3300 24 0
1 send 3 3100 24 0
1 wait 4 2 3100
1 wait 4 2 3300
1 irecv 1 1100 2312 0
1 irecv 1 1300 2312 0
1 send 1 1300 16 0
1 send 1 1100 16 0
1 wait 2 2 1100
1 wait 2 2 1300
1 irecv 0 2100 2312 0
1 irecv 0 2300 2312 0
1 send 0 2300 40 0
1 send 0 2100 40 0
1 wait 1 2 2100
1 wait 1 2 2300
1 irecv 3 3100 2312 0
1 irecv 3 3300 2312 0
1 send 3 3300 60 0
1 send 3 3100 60 0
1 wait 4 2 3100
1 wait 4 2 3300
1 irecv 1 1100 2312 0
1 irecv 1 1300 2312 0
1 send 1 1300 16 0
1 send 1 1100 16 0
1 wait 2 2 1100
1 wait 2 2 1300
1 irecv 0 2100 2312 0
1 irecv 0 2300 2312 0
1 send 0 2300 40 0
1 send 0 2100 40 0
1 wait 1 2 2100
1 wait 1 2 2300
1 irecv 3 3100 2312 0
1 irecv 3 3300 2312 0
1 send 3 3300 60 0
1 send 3 3100 60 0
1 wait 4 2 3100
1 wait 4 2 3300
1 irecv 1 1100 2312 0
1 irecv 1 1300 2312 0
1 send 1 1300 64 0
1 send 1 1100 64 0
1 wait 2 2 1100
1 wait 2 2 1300
1 irecv 0 2100 2312 0
1 irecv 0 2300 2312 0
1 send 0 2300 144 0
1 send 0 2100 144 0
1 wait 1 2 2100
1 wait 1 2 2300
1 irecv 3 3100 2312 0
1 irecv 3 3300 2312 0
1 send 3 3300 180 0
1 send 3 3100 180 0
1 wait 4 2 3100
1 wait 4 2 3300
1 irecv 1 1100 2312 0
1 irecv 1 1300 2312 0
1 send 1 1300 64 0
1 send 1 1100 64 0
1 wait 2 2 1100
1 wait 2 2 1300
1 irecv 0 2100 2312 0
1 irecv 0 2300 2312 0
1 send 0 2300 144 0
1 send 0 2100 144 0
1 wait 1 2 2100
1 wait 1 2 2300
1 irecv 3 3100 2312 0
1 irecv 3 3300 2312 0
1 send 3 3300 180 0
1 send 3 3100 180 0
1 wait 4 2 3100
1 wait 4 2 3300
1 irecv 1 1100 2312 0
1 irecv 1 1300 2312 0
1 send 1 1300 256 0
1 send 1 1100 256 0
1 wait 2 2 1100
1 wait 2 2 1300
1 irecv 0 2100 2312 0
1 irecv 0 2300 2312 0
1 send 0 2300 544 0
1 send 0 2100 544 0
1 wait 1 2 2100
1 wait 1 2 2300
1 irecv 3 3100 2312 0
1 irecv 3 3300 2312 0
1 send 3 3300 612 0
1 send 3 3100 612 0
1 wait 4 2 3100
1 wait 4 2 3300
1 irecv 1 1100 2312 0
1 irecv 1 1300 2312 0
1 send 1 1300 256 0
1 send 1 1100 256 0
1 wait 2 2 1100
1 wait 2 2 1300
1 irecv 0 2100 2312 0
1 irecv 0 2300 2312 0
1 send 0 2300 544 0
1 send 0 2100 544 0
1 wait 1 2 2100
1 wait 1 2 2300
1 irecv 3 3100 2312 0
1 irecv 3 3300 2312 0
1 send 3 3300 612 0
1 send 3 3100 612 0
1 wait 4 2 3100
1 wait 4 2 3300
1 irecv 1 1100 2312 0
1 irecv 1 1300 2312 0
1 send 1 1300 256 0
1 send 1 1100 256 0
1 wait 2 2 1100
1 wait 2 2 1300
1 irecv 0 2100 2312 0
1 irecv 0 2300 2312 0
1 send 0 2300 544 0
1 send 0 2100 544 0
1 wait 1 2 2100
1 wait 1 2 2300
1 irecv 3 3100 2312 0
1 irecv 3 3300 2312 0
1 send 3 3300 612 0
1 send 3 3100 612 0
1 wait 4 2 3100
1 wait 4 2 3300
1 irecv 1 1100 2312 0
1 irecv 1 1300 2312 0
1 send 1 1300 64 0
1 send 1 1100 64 0
1 wait 2 2 1100
1 wait 2 2 1300
1 irecv 0 2100 2312 0
1 irecv 0 2300 2312 0
1 send 0 2300 144 0
1 send 0 2100 144 0
1 wait 1 2 2100
1 wait 1 2 2300
1 irecv 3 3100 2312 0
1 irecv 3 3300 2312 0
1 send 3 3300 180 0
1 send 3 3100 180 0
1 wait 4 2 3100
1 wait 4 2 3300
1 irecv 1 1100 2312 0
1 irecv 1 1300 2312 0
1 send 1 1300 16 0
1 send 1 1100 16 0
1 wait 2 2 1100
1 wait 2 2 1300
1 irecv 0 2100 2312 0
1 irecv 0 2300 2312 0
1 send 0 2300 40 0
1 send 0 2100 40 0
1 wait 1 2 2100
1 wait 1 2 2300
1 irecv 3 3100 2312 0
1 irecv 3 3300 2312 0
1 send 3 3300 60 0
1 send 3 3100 60 0
1 wait 4 2 3100
1 wait 4 2 3300
1 irecv 1 1100 2312 0
1 irecv 1 1300 2312 0
1 send 1 1300 4 0
1 send 1 1100 4 0
1 wait 2 2 1100
1 wait 2 2 1300
1 irecv 0 2100 2312 0
1 irecv 0 2300 2312 0
1 send 0 2300 12 0
1 send 0 2100 12 0
1 wait 1 2 2100
1 wait 1 2 2300
1 irecv 3 3100 2312 0
1 irecv 3 3300 2312 0
1 send 3 3300 24 0
1 send 3 3100 24 0
1 wait 4 2 3100
1 wait 4 2 3300
1 irecv 1 1100 2312 0
1 irecv 1 1300 2312 0
1 send 1 1300 1 0
1 send 1 1100 1 0
1 wait 2 2 1100
1 wait 2 2 1300
1 irecv 0 2100 2312 0
1 irecv 0 2300 2312 0
1 send 0 2300 4 0
1 send 0 2100 4 0
1 wait 1 2 2100
1 wait 1 2 2300
1 irecv 3 3100 2312 0
1 irecv 3 3300 2312 0
1 send 3 3300 12 0
1 send 3 3100 12 0
1 wait 4 2 3100
1 wait 4 2 3300
1 irecv 1 1100 2312 0
1 irecv 1 1300 2312 0
1 send 1 1300 1 0
1 send 1 1100 1 0
1 wait 2 2 1100
1 wait 2 2 1300
1 irecv 0 2100 2312 0
1 irecv 0 2300 2312 0
1 send 0 2300 4 0
1 send 0 2100 4 0
1 wait 1 2 2100
1 wait 1 2 2300
1 irecv 3 3100 2312 0
1 irecv 3 3300 2312 0
1 send 3 3300 12 0
1 send 3 3100 12 0
1 wait 4 2 3100
1 wait 4 2 3300
1 irecv 1 1100 2312 0
1 irecv 1 1300 2312 0
1 send 1 1300 4 0
1 send 1 1100 4 0
1 wait 2 2 1100
1 wait 2 2 1300
1 irecv 0 2100 2312 0
1 irecv 0 2300 2312 0
1 send 0 2300 12 0
1 send 0 2100 12 0
1 wait 1 2 2100
1 wait 1 2 2300
1 irecv 3 3100 2312 0
1 irecv 3 3300 2312 0
1 send 3 3300 24 0
1 send 3 3100 24 0
1 wait 4 2 3100
1 wait 4 2 3300
1 irecv 1 1100 2312 0
1 irecv 1 1300 2312 0
1 send 1 1300 4 0
1 send 1 1100 4 0
1 wait 2 2 1100
1 wait 2 2 1300
1 irecv 0 2100 2312 0
1 irecv 0 2300 2312 0
1 send 0 2300 12 0
1 send 0 2100 12 0
1 wait 1 2 2100
1 wait 1 2 2300
1 irecv 3 3100 2312 0
1 irecv 3 3300 2312 0
1 send 3 3300 24 0
1 send 3 3100 24 0
1 wait 4 2 3100
1 wait 4 2 3300
1 irecv 1 1100 2312 0
1 irecv 1 1300 2312 0
1 send 1 1300 16 0
1 send 1 1100 16 0
1 wait 2 2 1100
1 wait 2 2 1300
1 irecv 0 2100 2312 0
1 irecv 0 2300 2312 0
1 send 0 2300 40 0
1 send 0 2100 40 0
1 wait 1 2 2100
1 wait 1 2 2300
1 irecv 3 3100 2312 0
1 irecv 3 3300 2312 0
1 send 3 3300 60 0
1 send 3 3100 60 0
1 wait 4 2 3100
1 wait 4 2 3300
1 irecv 1 1100 2312 0
1 irecv 1 1300 2312 0
1 send 1 1300 16 0
1 send 1 1100 16 0
1 wait 2 2 1100
1 wait 2 2 1300
1 irecv 0 2100 2312 0
1 irecv 0 2300 2312 0
1 send 0 2300 40 0
1 send 0 2100 40 0
1 wait 1 2 2100
1 wait 1 2 2300
1 irecv 3 3100 2312 0
1 irecv 3 3300 2312 0
1 send 3 3300 60 0
1 send 3 3100 60 0
1 wait 4 2 3100
1 wait 4 2 3300
1 irecv 1 1100 2312 0
1 irecv 1 1300 2312 0
1 send 1 1300 64 0
1 send 1 1100 64 0
1 wait 2 2 1100
1 wait 2 2 1300
1 irecv 0 2100 2312 0
1 irecv 0 2300 2312 0
1 send 0 2300 144 0
1 send 0 2100 144 0
1 wait 1 2 2100
1 wait 1 2 2300
1 irecv 3 3100 2312 0
1 irecv 3 3300 2312 0
1 send 3 3300 180 0
1 send 3 3100 180 0
1 wait 4 2 3100
1 wait 4 2 3300
1 irecv 1 1100 2312 0
1 irecv 1 1300 2312 0
1 send 1 1300 64 0
1 send 1 1100 64 0
1 wait 2 2 1100
1 wait 2 2 1300
1 irecv 0 2100 2312 0
1 irecv 0 2300 2312 0
1 send 0 2300 144 0
1 send 0 2100 144 0
1 wait 1 2 2100
1 wait 1 2 2300
1 irecv 3 3100 2312 0
1 irecv 3 3300 2312 0
1 send 3 3300 180 0
1 send 3 3100 180 0
1 wait 4 2 3100
1 wait 4 2 3300
1 irecv 1 1100 2312 0
1 irecv 1 1300 2312 0
1 send 1 1300 256 0
1 send 1 1100 256 0
1 wait 2 2 1100
1 wait 2 2 1300
1 irecv 0 2100 2312 0
1 irecv 0 2300 2312 0
1 send 0 2300 544 0
1 send 0 2100 544 0
1 wait 1 2 2100
1 wait 1 2 2300
1 irecv 3 3100 2312 0
1 irecv 3 3300 2312 0
1 send 3 3300 612 0
1 send 3 3100 612 0
1 wait 4 2 3100
1 wait 4 2 3300
1 irecv 1 1100 2312 0
1 irecv 1 1300 2312 0
1 send 1 1300 256 0
1 send 1 1100 256 0
1 wait 2 2 1100
1 wait 2 2 1300
1 irecv 0 2100 2312 0
1 irecv 0 2300 2312 0
1 send 0 2300 544 0
1 send 0 2100 544 0
1 wait 1 2 2100
1 wait 1 2 2300
1 irecv 3 3100 2312 0
1 irecv 3 3300 2312 0
1 send 3 3300 612 0
1 send 3 3100 612 0
1 wait 4 2 3100
1 wait 4 2 3300
1 irecv 1 1100 2312 0
1 irecv 1 1300 2312 0
1 send 1 1300 256 0
1 send 1 1100 256 0
1 wait 2 2 1100
1 wait 2 2 1300
1 irecv 0 2100 2312 0
1 irecv 0 2300 2312 0
1 send 0 2300 544 0
1 send 0 2100 544 0
1 wait 1 2 2100
1 wait 1 2 2300
1 irecv 3 3100 2312 0
1 irecv 3 3300 2312 0
1 send 3 3300 612 0
1 send 3 3100 612 0
1 wait 4 2 3100
1 wait 4 2 3300
1 irecv 1 1100 2312 0
1 irecv 1 1300 2312 0
1 send 1 1300 64 0
1 send 1 1100 64 0
1 wait 2 2 1100
1 wait 2 2 1300
1 irecv 0 2100 2312 0
1 irecv 0 2300 2312 0
1 send 0 2300 144 0
1 send 0 2100 144 0
1 wait 1 2 2100
1 wait 1 2 2300
1 irecv 3 3100 2312 0
1 irecv 3 3300 2312 0
1 send 3 3300 180 0
1 send 3 3100 180 0
1 wait 4 2 3100
1 wait 4 2 3300
1 irecv 1 1100 2312 0
1 irecv 1 1300 2312 0
1 send 1 1300 16 0
1 send 1 1100 16 0
1 wait 2 2 1100
1 wait 2 2 1300
1 irecv 0 2100 2312 0
1 irecv 0 2300 2312 0
1 send 0 2300 40 0
1 send 0 2100 40 0
1 wait 1 2 2100
1 wait 1 2 2300
1 irecv 3 3100 2312 0
1 irecv 3 3300 2312 0
1 send 3 3300 60 0
1 send 3 3100 60 0
1 wait 4 2 3100
1 wait 4 2 3300
1 irecv 1 1100 2312 0
1 irecv 1 1300 2312 0
1 send 1 1300 4 0
1 send 1 1100 4 0
1 wait 2 2 1100
1 wait 2 2 1300
1 irecv 0 2100 2312 0
1 irecv 0 2300 2312 0
1 send 0 2300 12 0
1 send 0 2100 12 0
1 wait 1 2 2100
1 wait 1 2 2300
1 irecv 3 3100 2312 0
1 irecv 3 3300 2312 0
1 send 3 3300 24 0
1 send 3 3100 24 0
1 wait 4 2 3100
1 wait 4 2 3300
1 irecv 1 1100 2312 0
1 irecv 1 1300 2312 0
1 send 1 1300 1 0
1 send 1 1100 1 0
1 wait 2 2 1100
1 wait 2 2 1300
1 irecv 0 2100 2312 0
1 irecv 0 2300 2312 0
1 send 0 2300 4 0
1 send 0 2100 4 0
1 wait 1 2 2100
1 wait 1 2 2300
1 irecv 3 3100 2312 0
1 irecv 3 3300 2312 0
1 send 3 3300 12 0
1 send 3 3100 12 0
1 wait 4 2 3100
1 wait 4 2 3300
1 irecv 1 1100 2312 0
1 irecv 1 1300 2312 0
1 send 1 1300 1 0
1 send 1 1100 1 0
1 wait 2 2 1100
1 wait 2 2 1300
1 irecv 0 2100 2312 0
1 irecv 0 2300 2312 0
1 send 0 2300 4 0
1 send 0 2100 4 0
1 wait 1 2 2100
1 wait 1 2 2300
1 irecv 3 3100 2312 0
1 irecv 3 3300 2312 0
1 send 3 3300 12 0
1 send 3 3100 12 0
1 wait 4 2 3100
1 wait 4 2 3300
1 irecv 1 1100 2312 0
1 irecv 1 1300 2312 0
1 send 1 1300 4 0
1 send 1 1100 4 0
1 wait 2 2 1100
1 wait 2 2 1300
1 irecv 0 2100 2312 0
1 irecv 0 2300 2312 0
1 send 0 2300 12 0
1 send 0 2100 12 0
1 wait 1 2 2100
1 wait 1 2 2300
1 irecv 3 3100 2312 0
1 irecv 3 3300 2312 0
1 send 3 3300 24 0
1 send 3 3100 24 0
1 wait 4 2 3100
1 wait 4 2 3300
1 irecv 1 1100 2312 0
1 irecv 1 1300 2312 0
1 send 1 1300 4 0
1 send 1 1100 4 0
1 wait 2 2 1100
1 wait 2 2 1300
1 irecv 0 2100 2312 0
1 irecv 0 2300 2312 0
1 send 0 2300 12 0
1 send 0 2100 12 0
1 wait 1 2 2100
1 wait 1 2 2300
1 irecv 3 3100 2312 0
1 irecv 3 3300 2312 0
1 send 3 3300 24 0
1 send 3 3100 24 0
1 wait 4 2 3100
1 wait 4 2 3300
1 irecv 1 1100 2312 0
1 irecv 1 1300 2312 0
1 send 1 1300 16 0
1 send 1 1100 16 0
1 wait 2 2 1100
1 wait 2 2 1300
1 irecv 0 2100 2312 0
1 irecv 0 2300 2312 0
1 send 0 2300 40 0
1 send 0 2100 40 0
1 wait 1 2 2100
1 wait 1 2 2300
1 irecv 3 3100 2312 0
1 irecv 3 3300 2312 0
1 send 3 3300 60 0
1 send 3 3100 60 0
1 wait 4 2 3100
1 wait 4 2 3300
1 irecv 1 1100 2312 0
1 irecv 1 1300 2312 0
1 send 1 1300 16 0
1 send 1 1100 16 0
1 wait 2 2 1100
1 wait 2 2 1300
1 irecv 0 2100 2312 0
1 irecv 0 2300 2312 0
1 send 0 2300 40 0
1 send 0 2100 40 0
1 wait 1 2 2100
1 wait 1 2 2300
1 irecv 3 3100 2312 0
1 irecv 3 3300 2312 0
1 send 3 3300 60 0
1 send 3 3100 60 0
1 wait 4 2 3100
1 wait 4 2 3300
1 irecv 1 1100 2312 0
1 irecv 1 1300 2312 0
1 send 1 1300 64 0
1 send 1 1100 64 0
1 wait 2 2 1100
1 wait 2 2 1300
1 irecv 0 2100 2312 0
1 irecv 0 2300 2312 0
1 send 0 2300 144 0
1 send 0 2100 144 0
1 wait 1 2 2100
1 wait 1 2 2300
1 irecv 3 3100 2312 0
1 irecv 3 3300 2312 0
1 send 3 3300 180 0
1 send 3 3100 180 0
1 wait 4 2 3100
1 wait 4 2 3300
1 irecv 1 1100 2312 0
1 irecv 1 1300 2312 0
1 send 1 1300 64 0
1 send 1 1100 64 0
1 wait 2 2 1100
1 wait 2 2 1300
1 irecv 0 2100 2312 0
1 irecv 0 2300 2312 0
1 send 0 2300 144 0
1 send 0 2100 144 0
1 wait 1 2 2100
1 wait 1 2 2300
1 irecv 3 3100 2312 0
1 irecv 3 3300 2312 0
1 send 3 3300 180 0
1 send 3 3100 180 0
1 wait 4 2 3100
1 wait 4 2 3300
1 irecv 1 1100 2312 0
1 irecv 1 1300 2312 0
1 send 1 1300 256 0
1 send 1 1100 256 0
1 wait 2 2 1100
1 wait 2 2 1300
1 irecv 0 2100 2312 0
1 irecv 0 2300 2312 0
1 send 0 2300 544 0
1 send 0 2100 544 0
1 wait 1 2 2100
1 wait 1 2 2300
1 irecv 3 3100 2312 0
1 irecv 3 3300 2312 0
1 send 3 3300 612 0
1 send 3 3100 612 0
1 wait 4 2 3100
1 wait 4 2 3300
1 irecv 1 1100 2312 0
1 irecv 1 1300 2312 0
1 send 1 1300 256 0
1 send 1 1100 256 0
1 wait 2 2 1100
1 wait 2 2 1300
1 irecv 0 2100 2312 0
1 irecv 0 2300 2312 0
1 send 0 2300 544 0
1 send 0 2100 544 0
1 wait 1 2 2100
1 wait 1 2 2300
1 irecv 3 3100 2312 0
1 irecv 3 3300 2312 0
1 send 3 3300 612 0
1 send 3 3100 612 0
1 wait 4 2 3100
1 wait 4 2 3300
1 irecv 1 1100 2312 0
1 irecv 1 1300 2312 0
1 send 1 1300 256 0
1 send 1 1100 256 0
1 wait 2 2 1100
1 wait 2 2 1300
1 irecv 0 2100 2312 0
1 irecv 0 2300 2312 0
1 send 0 2300 544 0
1 send 0 2100 544 0
1 wait 1 2 2100
1 wait 1 2 2300
1 irecv 3 3100 2312 0
1 irecv 3 3300 2312 0
1 send 3 3300 612 0
1 send 3 3100 612 0
1 wait 4 2 3100
1 wait 4 2 3300
1 allreduce 1 0 0 
1 allreduce 1 0 0 
1 reduce 1 0 0 0 
1 finalize
