0 init
0 bcast 1 0 1 
0 allreduce 517 0 1 
0 alltoall 1 1 1 1
0 alltoallv 65536 16572 16156 16432 16376 66672 16572 16972 16592 16536 1 1
0 allreduce 517 0 1 
0 alltoall 1 1 1 1
0 alltoallv 65536 16572 16156 16432 16376 66672 16572 16972 16592 16536 1 1
0 allreduce 517 0 1 
0 alltoall 1 1 1 1
0 alltoallv 65536 16572 16156 16428 16380 66672 16572 16972 16592 16536 1 1
0 allreduce 517 0 1 
0 alltoall 1 1 1 1
0 alltoallv 65536 16572 16156 16428 16380 66672 16572 16972 16592 16536 1 1
0 allreduce 517 0 1 
0 alltoall 1 1 1 1
0 alltoallv 65536 16576 16152 16424 16384 66676 16576 16972 16592 16536 1 1
0 allreduce 517 0 1 
0 alltoall 1 1 1 1
0 alltoallv 65536 16576 16152 16420 16388 66676 16576 16972 16592 16536 1 1
0 allreduce 517 0 1 
0 alltoall 1 1 1 1
0 alltoallv 65536 16576 16148 16420 16392 66676 16576 16972 16592 16536 1 1
0 allreduce 517 0 1 
0 alltoall 1 1 1 1
0 alltoallv 65536 16580 16140 16420 16396 66680 16580 16972 16592 16536 1 1
0 allreduce 517 0 1 
0 alltoall 1 1 1 1
0 alltoallv 65536 16584 16136 16416 16400 66684 16584 16972 16592 16536 1 1
0 allreduce 517 0 1 
0 alltoall 1 1 1 1
0 alltoallv 65536 16584 16136 16412 16404 66684 16584 16972 16592 16536 1 1
0 allreduce 517 0 1 
0 alltoall 1 1 1 1
0 alltoallv 65536 16588 16128 16412 16408 66688 16588 16972 16592 16536 1 1
0 reduce 1 0 0 0 
0 send 1 1000 1 1
0 reduce 1 0 0 1 
0 finalize
