3 init
3 bcast 1 0 1 
3 allreduce 517 0 1 
3 alltoall 1 1 1 1
3 alltoallv 65536 16536 16192 16328 16480 65148 16376 16312 15980 16480 1 1
3 allreduce 517 0 1 
3 alltoall 1 1 1 1
3 alltoallv 65536 16536 16192 16328 16480 65148 16376 16312 15980 16480 1 1
3 allreduce 517 0 1 
3 alltoall 1 1 1 1
3 alltoallv 65536 16536 16192 16328 16480 65152 16380 16312 15980 16480 1 1
3 allreduce 517 0 1 
3 alltoall 1 1 1 1
3 alltoallv 65536 16536 16192 16328 16480 65152 16380 16312 15980 16480 1 1
3 allreduce 517 0 1 
3 alltoall 1 1 1 1
3 alltoallv 65536 16536 16192 16328 16480 65156 16384 16312 15980 16480 1 1
3 allreduce 517 0 1 
3 alltoall 1 1 1 1
3 alltoallv 65536 16536 16192 16328 16480 65160 16388 16312 15980 16480 1 1
3 allreduce 517 0 1 
3 alltoall 1 1 1 1
3 alltoallv 65536 16536 16192 16328 16480 65164 16392 16312 15980 16480 1 1
3 allreduce 517 0 1 
3 alltoall 1 1 1 1
3 alltoallv 65536 16536 16192 16328 16480 65168 16396 16312 15980 16480 1 1
3 allreduce 517 0 1 
3 alltoall 1 1 1 1
3 alltoallv 65536 16536 16192 16328 16480 65172 16400 16312 15980 16480 1 1
3 allreduce 517 0 1 
3 alltoall 1 1 1 1
3 alltoallv 65536 16536 16192 16328 16480 65176 16404 16312 15980 16480 1 1
3 allreduce 517 0 1 
3 alltoall 1 1 1 1
3 alltoallv 65536 16536 16192 16328 16480 65180 16408 16312 15980 16480 1 1
3 reduce 1 0 0 0 
3 irecv 2 1000 1 1
3 wait 3 4 1000
3 reduce 1 0 0 1 
3 finalize
