3 init
3 bcast 1 0 1 
3 bcast 1 0 0 
3 bcast 3 0 1 
3 bcast 1 0 1 
3 bcast 1 0 1 
3 bcast 1 0 16 
3 irecv 2 3000 360 0
3 irecv 2 2000 360 0
3 irecv 1 5000 360 0
3 irecv 1 4000 360 0
3 irecv 0 6000 360 0
3 irecv 0 7000 360 0
3 isend 2 2000 360 0
3 isend 2 3000 360 0
3 isend 1 4000 360 0
3 isend 1 5000 360 0
3 isend 0 7000 360 0
3 isend 0 6000 360 0
3 waitall 12
3 isend 2 3002 1470 0
3 irecv 2 3001 1470 0
3 wait 4 3 3002
3 wait 3 4 3001
3 isend 2 2001 245 0
3 irecv 2 2002 245 0
3 wait 4 3 2001
3 wait 3 4 2002
3 isend 1 5002 1470 0
3 irecv 1 5001 1470 0
3 wait 4 2 5002
3 wait 2 4 5001
3 isend 1 4001 245 0
3 irecv 1 4002 245 0
3 wait 4 2 4001
3 wait 2 4 4002
3 isend 0 6003 1470 0
3 irecv 0 6000 1470 0
3 wait 4 1 6003
3 wait 1 4 6000
3 isend 0 7000 245 0
3 irecv 0 7003 245 0
3 wait 4 1 7000
3 wait 1 4 7003
3 barrier
3 irecv 2 3000 360 0
3 irecv 2 2000 360 0
3 irecv 1 5000 360 0
3 irecv 1 4000 360 0
3 irecv 0 6000 360 0
3 irecv 0 7000 360 0
3 isend 2 2000 360 0
3 isend 2 3000 360 0
3 isend 1 4000 360 0
3 isend 1 5000 360 0
3 isend 0 7000 360 0
3 isend 0 6000 360 0
3 waitall 12
3 isend 2 3002 1470 0
3 irecv 2 3001 1470 0
3 wait 4 3 3002
3 wait 3 4 3001
3 isend 2 2001 245 0
3 irecv 2 2002 245 0
3 wait 4 3 2001
3 wait 3 4 2002
3 isend 1 5002 1470 0
3 irecv 1 5001 1470 0
3 wait 4 2 5002
3 wait 2 4 5001
3 isend 1 4001 245 0
3 irecv 1 4002 245 0
3 wait 4 2 4001
3 wait 2 4 4002
3 isend 0 6003 1470 0
3 irecv 0 6000 1470 0
3 wait 4 1 6003
3 wait 1 4 6000
3 isend 0 7000 245 0
3 irecv 0 7003 245 0
3 wait 4 1 7000
3 wait 1 4 7003
3 irecv 2 3000 360 0
3 irecv 2 2000 360 0
3 irecv 1 5000 360 0
3 irecv 1 4000 360 0
3 irecv 0 6000 360 0
3 irecv 0 7000 360 0
3 isend 2 2000 360 0
3 isend 2 3000 360 0
3 isend 1 4000 360 0
3 isend 1 5000 360 0
3 isend 0 7000 360 0
3 isend 0 6000 360 0
3 waitall 12
3 isend 2 3002 1470 0
3 irecv 2 3001 1470 0
3 wait 4 3 3002
3 wait 3 4 3001
3 isend 2 2001 245 0
3 irecv 2 2002 245 0
3 wait 4 3 2001
3 wait 3 4 2002
3 isend 1 5002 1470 0
3 irecv 1 5001 1470 0
3 wait 4 2 5002
3 wait 2 4 5001
3 isend 1 4001 245 0
3 irecv 1 4002 245 0
3 wait 4 2 4001
3 wait 2 4 4002
3 isend 0 6003 1470 0
3 irecv 0 6000 1470 0
3 wait 4 1 6003
3 wait 1 4 6000
3 isend 0 7000 245 0
3 irecv 0 7003 245 0
3 wait 4 1 7000
3 wait 1 4 7003
3 irecv 2 3000 360 0
3 irecv 2 2000 360 0
3 irecv 1 5000 360 0
3 irecv 1 4000 360 0
3 irecv 0 6000 360 0
3 irecv 0 7000 360 0
3 isend 2 2000 360 0
3 isend 2 3000 360 0
3 isend 1 4000 360 0
3 isend 1 5000 360 0
3 isend 0 7000 360 0
3 isend 0 6000 360 0
3 waitall 12
3 isend 2 3002 1470 0
3 irecv 2 3001 1470 0
3 wait 4 3 3002
3 wait 3 4 3001
3 isend 2 2001 245 0
3 irecv 2 2002 245 0
3 wait 4 3 2001
3 wait 3 4 2002
3 isend 1 5002 1470 0
3 irecv 1 5001 1470 0
3 wait 4 2 5002
3 wait 2 4 5001
3 isend 1 4001 245 0
3 irecv 1 4002 245 0
3 wait 4 2 4001
3 wait 2 4 4002
3 isend 0 6003 1470 0
3 irecv 0 6000 1470 0
3 wait 4 1 6003
3 wait 1 4 6000
3 isend 0 7000 245 0
3 irecv 0 7003 245 0
3 wait 4 1 7000
3 wait 1 4 7003
3 irecv 2 3000 360 0
3 irecv 2 2000 360 0
3 irecv 1 5000 360 0
3 irecv 1 4000 360 0
3 irecv 0 6000 360 0
3 irecv 0 7000 360 0
3 isend 2 2000 360 0
3 isend 2 3000 360 0
3 isend 1 4000 360 0
3 isend 1 5000 360 0
3 isend 0 7000 360 0
3 isend 0 6000 360 0
3 waitall 12
3 isend 2 3002 1470 0
3 irecv 2 3001 1470 0
3 wait 4 3 3002
3 wait 3 4 3001
3 isend 2 2001 245 0
3 irecv 2 2002 245 0
3 wait 4 3 2001
3 wait 3 4 2002
3 isend 1 5002 1470 0
3 irecv 1 5001 1470 0
3 wait 4 2 5002
3 wait 2 4 5001
3 isend 1 4001 245 0
3 irecv 1 4002 245 0
3 wait 4 2 4001
3 wait 2 4 4002
3 isend 0 6003 1470 0
3 irecv 0 6000 1470 0
3 wait 4 1 6003
3 wait 1 4 6000
3 isend 0 7000 245 0
3 irecv 0 7003 245 0
3 wait 4 1 7000
3 wait 1 4 7003
3 irecv 2 3000 360 0
3 irecv 2 2000 360 0
3 irecv 1 5000 360 0
3 irecv 1 4000 360 0
3 irecv 0 6000 360 0
3 irecv 0 7000 360 0
3 isend 2 2000 360 0
3 isend 2 3000 360 0
3 isend 1 4000 360 0
3 isend 1 5000 360 0
3 isend 0 7000 360 0
3 isend 0 6000 360 0
3 waitall 12
3 isend 2 3002 1470 0
3 irecv 2 3001 1470 0
3 wait 4 3 3002
3 wait 3 4 3001
3 isend 2 2001 245 0
3 irecv 2 2002 245 0
3 wait 4 3 2001
3 wait 3 4 2002
3 isend 1 5002 1470 0
3 irecv 1 5001 1470 0
3 wait 4 2 5002
3 wait 2 4 5001
3 isend 1 4001 245 0
3 irecv 1 4002 245 0
3 wait 4 2 4001
3 wait 2 4 4002
3 isend 0 6003 1470 0
3 irecv 0 6000 1470 0
3 wait 4 1 6003
3 wait 1 4 6000
3 isend 0 7000 245 0
3 irecv 0 7003 245 0
3 wait 4 1 7000
3 wait 1 4 7003
3 irecv 2 3000 360 0
3 irecv 2 2000 360 0
3 irecv 1 5000 360 0
3 irecv 1 4000 360 0
3 irecv 0 6000 360 0
3 irecv 0 7000 360 0
3 isend 2 2000 360 0
3 isend 2 3000 360 0
3 isend 1 4000 360 0
3 isend 1 5000 360 0
3 isend 0 7000 360 0
3 isend 0 6000 360 0
3 waitall 12
3 isend 2 3002 1470 0
3 irecv 2 3001 1470 0
3 wait 4 3 3002
3 wait 3 4 3001
3 isend 2 2001 245 0
3 irecv 2 2002 245 0
3 wait 4 3 2001
3 wait 3 4 2002
3 isend 1 5002 1470 0
3 irecv 1 5001 1470 0
3 wait 4 2 5002
3 wait 2 4 5001
3 isend 1 4001 245 0
3 irecv 1 4002 245 0
3 wait 4 2 4001
3 wait 2 4 4002
3 isend 0 6003 1470 0
3 irecv 0 6000 1470 0
3 wait 4 1 6003
3 wait 1 4 6000
3 isend 0 7000 245 0
3 irecv 0 7003 245 0
3 wait 4 1 7000
3 wait 1 4 7003
3 irecv 2 3000 360 0
3 irecv 2 2000 360 0
3 irecv 1 5000 360 0
3 irecv 1 4000 360 0
3 irecv 0 6000 360 0
3 irecv 0 7000 360 0
3 isend 2 2000 360 0
3 isend 2 3000 360 0
3 isend 1 4000 360 0
3 isend 1 5000 360 0
3 isend 0 7000 360 0
3 isend 0 6000 360 0
3 waitall 12
3 isend 2 3002 1470 0
3 irecv 2 3001 1470 0
3 wait 4 3 3002
3 wait 3 4 3001
3 isend 2 2001 245 0
3 irecv 2 2002 245 0
3 wait 4 3 2001
3 wait 3 4 2002
3 isend 1 5002 1470 0
3 irecv 1 5001 1470 0
3 wait 4 2 5002
3 wait 2 4 5001
3 isend 1 4001 245 0
3 irecv 1 4002 245 0
3 wait 4 2 4001
3 wait 2 4 4002
3 isend 0 6003 1470 0
3 irecv 0 6000 1470 0
3 wait 4 1 6003
3 wait 1 4 6000
3 isend 0 7000 245 0
3 irecv 0 7003 245 0
3 wait 4 1 7000
3 wait 1 4 7003
3 irecv 2 3000 360 0
3 irecv 2 2000 360 0
3 irecv 1 5000 360 0
3 irecv 1 4000 360 0
3 irecv 0 6000 360 0
3 irecv 0 7000 360 0
3 isend 2 2000 360 0
3 isend 2 3000 360 0
3 isend 1 4000 360 0
3 isend 1 5000 360 0
3 isend 0 7000 360 0
3 isend 0 6000 360 0
3 waitall 12
3 isend 2 3002 1470 0
3 irecv 2 3001 1470 0
3 wait 4 3 3002
3 wait 3 4 3001
3 isend 2 2001 245 0
3 irecv 2 2002 245 0
3 wait 4 3 2001
3 wait 3 4 2002
3 isend 1 5002 1470 0
3 irecv 1 5001 1470 0
3 wait 4 2 5002
3 wait 2 4 5001
3 isend 1 4001 245 0
3 irecv 1 4002 245 0
3 wait 4 2 4001
3 wait 2 4 4002
3 isend 0 6003 1470 0
3 irecv 0 6000 1470 0
3 wait 4 1 6003
3 wait 1 4 6000
3 isend 0 7000 245 0
3 irecv 0 7003 245 0
3 wait 4 1 7000
3 wait 1 4 7003
3 irecv 2 3000 360 0
3 irecv 2 2000 360 0
3 irecv 1 5000 360 0
3 irecv 1 4000 360 0
3 irecv 0 6000 360 0
3 irecv 0 7000 360 0
3 isend 2 2000 360 0
3 isend 2 3000 360 0
3 isend 1 4000 360 0
3 isend 1 5000 360 0
3 isend 0 7000 360 0
3 isend 0 6000 360 0
3 waitall 12
3 isend 2 3002 1470 0
3 irecv 2 3001 1470 0
3 wait 4 3 3002
3 wait 3 4 3001
3 isend 2 2001 245 0
3 irecv 2 2002 245 0
3 wait 4 3 2001
3 wait 3 4 2002
3 isend 1 5002 1470 0
3 irecv 1 5001 1470 0
3 wait 4 2 5002
3 wait 2 4 5001
3 isend 1 4001 245 0
3 irecv 1 4002 245 0
3 wait 4 2 4001
3 wait 2 4 4002
3 isend 0 6003 1470 0
3 irecv 0 6000 1470 0
3 wait 4 1 6003
3 wait 1 4 6000
3 isend 0 7000 245 0
3 irecv 0 7003 245 0
3 wait 4 1 7000
3 wait 1 4 7003
3 irecv 2 3000 360 0
3 irecv 2 2000 360 0
3 irecv 1 5000 360 0
3 irecv 1 4000 360 0
3 irecv 0 6000 360 0
3 irecv 0 7000 360 0
3 isend 2 2000 360 0
3 isend 2 3000 360 0
3 isend 1 4000 360 0
3 isend 1 5000 360 0
3 isend 0 7000 360 0
3 isend 0 6000 360 0
3 waitall 12
3 isend 2 3002 1470 0
3 irecv 2 3001 1470 0
3 wait 4 3 3002
3 wait 3 4 3001
3 isend 2 2001 245 0
3 irecv 2 2002 245 0
3 wait 4 3 2001
3 wait 3 4 2002
3 isend 1 5002 1470 0
3 irecv 1 5001 1470 0
3 wait 4 2 5002
3 wait 2 4 5001
3 isend 1 4001 245 0
3 irecv 1 4002 245 0
3 wait 4 2 4001
3 wait 2 4 4002
3 isend 0 6003 1470 0
3 irecv 0 6000 1470 0
3 wait 4 1 6003
3 wait 1 4 6000
3 isend 0 7000 245 0
3 irecv 0 7003 245 0
3 wait 4 1 7000
3 wait 1 4 7003
3 irecv 2 3000 360 0
3 irecv 2 2000 360 0
3 irecv 1 5000 360 0
3 irecv 1 4000 360 0
3 irecv 0 6000 360 0
3 irecv 0 7000 360 0
3 isend 2 2000 360 0
3 isend 2 3000 360 0
3 isend 1 4000 360 0
3 isend 1 5000 360 0
3 isend 0 7000 360 0
3 isend 0 6000 360 0
3 waitall 12
3 isend 2 3002 1470 0
3 irecv 2 3001 1470 0
3 wait 4 3 3002
3 wait 3 4 3001
3 isend 2 2001 245 0
3 irecv 2 2002 245 0
3 wait 4 3 2001
3 wait 3 4 2002
3 isend 1 5002 1470 0
3 irecv 1 5001 1470 0
3 wait 4 2 5002
3 wait 2 4 5001
3 isend 1 4001 245 0
3 irecv 1 4002 245 0
3 wait 4 2 4001
3 wait 2 4 4002
3 isend 0 6003 1470 0
3 irecv 0 6000 1470 0
3 wait 4 1 6003
3 wait 1 4 6000
3 isend 0 7000 245 0
3 irecv 0 7003 245 0
3 wait 4 1 7000
3 wait 1 4 7003
3 irecv 2 3000 360 0
3 irecv 2 2000 360 0
3 irecv 1 5000 360 0
3 irecv 1 4000 360 0
3 irecv 0 6000 360 0
3 irecv 0 7000 360 0
3 isend 2 2000 360 0
3 isend 2 3000 360 0
3 isend 1 4000 360 0
3 isend 1 5000 360 0
3 isend 0 7000 360 0
3 isend 0 6000 360 0
3 waitall 12
3 isend 2 3002 1470 0
3 irecv 2 3001 1470 0
3 wait 4 3 3002
3 wait 3 4 3001
3 isend 2 2001 245 0
3 irecv 2 2002 245 0
3 wait 4 3 2001
3 wait 3 4 2002
3 isend 1 5002 1470 0
3 irecv 1 5001 1470 0
3 wait 4 2 5002
3 wait 2 4 5001
3 isend 1 4001 245 0
3 irecv 1 4002 245 0
3 wait 4 2 4001
3 wait 2 4 4002
3 isend 0 6003 1470 0
3 irecv 0 6000 1470 0
3 wait 4 1 6003
3 wait 1 4 6000
3 isend 0 7000 245 0
3 irecv 0 7003 245 0
3 wait 4 1 7000
3 wait 1 4 7003
3 irecv 2 3000 360 0
3 irecv 2 2000 360 0
3 irecv 1 5000 360 0
3 irecv 1 4000 360 0
3 irecv 0 6000 360 0
3 irecv 0 7000 360 0
3 isend 2 2000 360 0
3 isend 2 3000 360 0
3 isend 1 4000 360 0
3 isend 1 5000 360 0
3 isend 0 7000 360 0
3 isend 0 6000 360 0
3 waitall 12
3 isend 2 3002 1470 0
3 irecv 2 3001 1470 0
3 wait 4 3 3002
3 wait 3 4 3001
3 isend 2 2001 245 0
3 irecv 2 2002 245 0
3 wait 4 3 2001
3 wait 3 4 2002
3 isend 1 5002 1470 0
3 irecv 1 5001 1470 0
3 wait 4 2 5002
3 wait 2 4 5001
3 isend 1 4001 245 0
3 irecv 1 4002 245 0
3 wait 4 2 4001
3 wait 2 4 4002
3 isend 0 6003 1470 0
3 irecv 0 6000 1470 0
3 wait 4 1 6003
3 wait 1 4 6000
3 isend 0 7000 245 0
3 irecv 0 7003 245 0
3 wait 4 1 7000
3 wait 1 4 7003
3 irecv 2 3000 360 0
3 irecv 2 2000 360 0
3 irecv 1 5000 360 0
3 irecv 1 4000 360 0
3 irecv 0 6000 360 0
3 irecv 0 7000 360 0
3 isend 2 2000 360 0
3 isend 2 3000 360 0
3 isend 1 4000 360 0
3 isend 1 5000 360 0
3 isend 0 7000 360 0
3 isend 0 6000 360 0
3 waitall 12
3 isend 2 3002 1470 0
3 irecv 2 3001 1470 0
3 wait 4 3 3002
3 wait 3 4 3001
3 isend 2 2001 245 0
3 irecv 2 2002 245 0
3 wait 4 3 2001
3 wait 3 4 2002
3 isend 1 5002 1470 0
3 irecv 1 5001 1470 0
3 wait 4 2 5002
3 wait 2 4 5001
3 isend 1 4001 245 0
3 irecv 1 4002 245 0
3 wait 4 2 4001
3 wait 2 4 4002
3 isend 0 6003 1470 0
3 irecv 0 6000 1470 0
3 wait 4 1 6003
3 wait 1 4 6000
3 isend 0 7000 245 0
3 irecv 0 7003 245 0
3 wait 4 1 7000
3 wait 1 4 7003
3 irecv 2 3000 360 0
3 irecv 2 2000 360 0
3 irecv 1 5000 360 0
3 irecv 1 4000 360 0
3 irecv 0 6000 360 0
3 irecv 0 7000 360 0
3 isend 2 2000 360 0
3 isend 2 3000 360 0
3 isend 1 4000 360 0
3 isend 1 5000 360 0
3 isend 0 7000 360 0
3 isend 0 6000 360 0
3 waitall 12
3 isend 2 3002 1470 0
3 irecv 2 3001 1470 0
3 wait 4 3 3002
3 wait 3 4 3001
3 isend 2 2001 245 0
3 irecv 2 2002 245 0
3 wait 4 3 2001
3 wait 3 4 2002
3 isend 1 5002 1470 0
3 irecv 1 5001 1470 0
3 wait 4 2 5002
3 wait 2 4 5001
3 isend 1 4001 245 0
3 irecv 1 4002 245 0
3 wait 4 2 4001
3 wait 2 4 4002
3 isend 0 6003 1470 0
3 irecv 0 6000 1470 0
3 wait 4 1 6003
3 wait 1 4 6000
3 isend 0 7000 245 0
3 irecv 0 7003 245 0
3 wait 4 1 7000
3 wait 1 4 7003
3 irecv 2 3000 360 0
3 irecv 2 2000 360 0
3 irecv 1 5000 360 0
3 irecv 1 4000 360 0
3 irecv 0 6000 360 0
3 irecv 0 7000 360 0
3 isend 2 2000 360 0
3 isend 2 3000 360 0
3 isend 1 4000 360 0
3 isend 1 5000 360 0
3 isend 0 7000 360 0
3 isend 0 6000 360 0
3 waitall 12
3 isend 2 3002 1470 0
3 irecv 2 3001 1470 0
3 wait 4 3 3002
3 wait 3 4 3001
3 isend 2 2001 245 0
3 irecv 2 2002 245 0
3 wait 4 3 2001
3 wait 3 4 2002
3 isend 1 5002 1470 0
3 irecv 1 5001 1470 0
3 wait 4 2 5002
3 wait 2 4 5001
3 isend 1 4001 245 0
3 irecv 1 4002 245 0
3 wait 4 2 4001
3 wait 2 4 4002
3 isend 0 6003 1470 0
3 irecv 0 6000 1470 0
3 wait 4 1 6003
3 wait 1 4 6000
3 isend 0 7000 245 0
3 irecv 0 7003 245 0
3 wait 4 1 7000
3 wait 1 4 7003
3 irecv 2 3000 360 0
3 irecv 2 2000 360 0
3 irecv 1 5000 360 0
3 irecv 1 4000 360 0
3 irecv 0 6000 360 0
3 irecv 0 7000 360 0
3 isend 2 2000 360 0
3 isend 2 3000 360 0
3 isend 1 4000 360 0
3 isend 1 5000 360 0
3 isend 0 7000 360 0
3 isend 0 6000 360 0
3 waitall 12
3 isend 2 3002 1470 0
3 irecv 2 3001 1470 0
3 wait 4 3 3002
3 wait 3 4 3001
3 isend 2 2001 245 0
3 irecv 2 2002 245 0
3 wait 4 3 2001
3 wait 3 4 2002
3 isend 1 5002 1470 0
3 irecv 1 5001 1470 0
3 wait 4 2 5002
3 wait 2 4 5001
3 isend 1 4001 245 0
3 irecv 1 4002 245 0
3 wait 4 2 4001
3 wait 2 4 4002
3 isend 0 6003 1470 0
3 irecv 0 6000 1470 0
3 wait 4 1 6003
3 wait 1 4 6000
3 isend 0 7000 245 0
3 irecv 0 7003 245 0
3 wait 4 1 7000
3 wait 1 4 7003
3 irecv 2 3000 360 0
3 irecv 2 2000 360 0
3 irecv 1 5000 360 0
3 irecv 1 4000 360 0
3 irecv 0 6000 360 0
3 irecv 0 7000 360 0
3 isend 2 2000 360 0
3 isend 2 3000 360 0
3 isend 1 4000 360 0
3 isend 1 5000 360 0
3 isend 0 7000 360 0
3 isend 0 6000 360 0
3 waitall 12
3 isend 2 3002 1470 0
3 irecv 2 3001 1470 0
3 wait 4 3 3002
3 wait 3 4 3001
3 isend 2 2001 245 0
3 irecv 2 2002 245 0
3 wait 4 3 2001
3 wait 3 4 2002
3 isend 1 5002 1470 0
3 irecv 1 5001 1470 0
3 wait 4 2 5002
3 wait 2 4 5001
3 isend 1 4001 245 0
3 irecv 1 4002 245 0
3 wait 4 2 4001
3 wait 2 4 4002
3 isend 0 6003 1470 0
3 irecv 0 6000 1470 0
3 wait 4 1 6003
3 wait 1 4 6000
3 isend 0 7000 245 0
3 irecv 0 7003 245 0
3 wait 4 1 7000
3 wait 1 4 7003
3 irecv 2 3000 360 0
3 irecv 2 2000 360 0
3 irecv 1 5000 360 0
3 irecv 1 4000 360 0
3 irecv 0 6000 360 0
3 irecv 0 7000 360 0
3 isend 2 2000 360 0
3 isend 2 3000 360 0
3 isend 1 4000 360 0
3 isend 1 5000 360 0
3 isend 0 7000 360 0
3 isend 0 6000 360 0
3 waitall 12
3 isend 2 3002 1470 0
3 irecv 2 3001 1470 0
3 wait 4 3 3002
3 wait 3 4 3001
3 isend 2 2001 245 0
3 irecv 2 2002 245 0
3 wait 4 3 2001
3 wait 3 4 2002
3 isend 1 5002 1470 0
3 irecv 1 5001 1470 0
3 wait 4 2 5002
3 wait 2 4 5001
3 isend 1 4001 245 0
3 irecv 1 4002 245 0
3 wait 4 2 4001
3 wait 2 4 4002
3 isend 0 6003 1470 0
3 irecv 0 6000 1470 0
3 wait 4 1 6003
3 wait 1 4 6000
3 isend 0 7000 245 0
3 irecv 0 7003 245 0
3 wait 4 1 7000
3 wait 1 4 7003
3 irecv 2 3000 360 0
3 irecv 2 2000 360 0
3 irecv 1 5000 360 0
3 irecv 1 4000 360 0
3 irecv 0 6000 360 0
3 irecv 0 7000 360 0
3 isend 2 2000 360 0
3 isend 2 3000 360 0
3 isend 1 4000 360 0
3 isend 1 5000 360 0
3 isend 0 7000 360 0
3 isend 0 6000 360 0
3 waitall 12
3 isend 2 3002 1470 0
3 irecv 2 3001 1470 0
3 wait 4 3 3002
3 wait 3 4 3001
3 isend 2 2001 245 0
3 irecv 2 2002 245 0
3 wait 4 3 2001
3 wait 3 4 2002
3 isend 1 5002 1470 0
3 irecv 1 5001 1470 0
3 wait 4 2 5002
3 wait 2 4 5001
3 isend 1 4001 245 0
3 irecv 1 4002 245 0
3 wait 4 2 4001
3 wait 2 4 4002
3 isend 0 6003 1470 0
3 irecv 0 6000 1470 0
3 wait 4 1 6003
3 wait 1 4 6000
3 isend 0 7000 245 0
3 irecv 0 7003 245 0
3 wait 4 1 7000
3 wait 1 4 7003
3 irecv 2 3000 360 0
3 irecv 2 2000 360 0
3 irecv 1 5000 360 0
3 irecv 1 4000 360 0
3 irecv 0 6000 360 0
3 irecv 0 7000 360 0
3 isend 2 2000 360 0
3 isend 2 3000 360 0
3 isend 1 4000 360 0
3 isend 1 5000 360 0
3 isend 0 7000 360 0
3 isend 0 6000 360 0
3 waitall 12
3 isend 2 3002 1470 0
3 irecv 2 3001 1470 0
3 wait 4 3 3002
3 wait 3 4 3001
3 isend 2 2001 245 0
3 irecv 2 2002 245 0
3 wait 4 3 2001
3 wait 3 4 2002
3 isend 1 5002 1470 0
3 irecv 1 5001 1470 0
3 wait 4 2 5002
3 wait 2 4 5001
3 isend 1 4001 245 0
3 irecv 1 4002 245 0
3 wait 4 2 4001
3 wait 2 4 4002
3 isend 0 6003 1470 0
3 irecv 0 6000 1470 0
3 wait 4 1 6003
3 wait 1 4 6000
3 isend 0 7000 245 0
3 irecv 0 7003 245 0
3 wait 4 1 7000
3 wait 1 4 7003
3 irecv 2 3000 360 0
3 irecv 2 2000 360 0
3 irecv 1 5000 360 0
3 irecv 1 4000 360 0
3 irecv 0 6000 360 0
3 irecv 0 7000 360 0
3 isend 2 2000 360 0
3 isend 2 3000 360 0
3 isend 1 4000 360 0
3 isend 1 5000 360 0
3 isend 0 7000 360 0
3 isend 0 6000 360 0
3 waitall 12
3 isend 2 3002 1470 0
3 irecv 2 3001 1470 0
3 wait 4 3 3002
3 wait 3 4 3001
3 isend 2 2001 245 0
3 irecv 2 2002 245 0
3 wait 4 3 2001
3 wait 3 4 2002
3 isend 1 5002 1470 0
3 irecv 1 5001 1470 0
3 wait 4 2 5002
3 wait 2 4 5001
3 isend 1 4001 245 0
3 irecv 1 4002 245 0
3 wait 4 2 4001
3 wait 2 4 4002
3 isend 0 6003 1470 0
3 irecv 0 6000 1470 0
3 wait 4 1 6003
3 wait 1 4 6000
3 isend 0 7000 245 0
3 irecv 0 7003 245 0
3 wait 4 1 7000
3 wait 1 4 7003
3 irecv 2 3000 360 0
3 irecv 2 2000 360 0
3 irecv 1 5000 360 0
3 irecv 1 4000 360 0
3 irecv 0 6000 360 0
3 irecv 0 7000 360 0
3 isend 2 2000 360 0
3 isend 2 3000 360 0
3 isend 1 4000 360 0
3 isend 1 5000 360 0
3 isend 0 7000 360 0
3 isend 0 6000 360 0
3 waitall 12
3 isend 2 3002 1470 0
3 irecv 2 3001 1470 0
3 wait 4 3 3002
3 wait 3 4 3001
3 isend 2 2001 245 0
3 irecv 2 2002 245 0
3 wait 4 3 2001
3 wait 3 4 2002
3 isend 1 5002 1470 0
3 irecv 1 5001 1470 0
3 wait 4 2 5002
3 wait 2 4 5001
3 isend 1 4001 245 0
3 irecv 1 4002 245 0
3 wait 4 2 4001
3 wait 2 4 4002
3 isend 0 6003 1470 0
3 irecv 0 6000 1470 0
3 wait 4 1 6003
3 wait 1 4 6000
3 isend 0 7000 245 0
3 irecv 0 7003 245 0
3 wait 4 1 7000
3 wait 1 4 7003
3 irecv 2 3000 360 0
3 irecv 2 2000 360 0
3 irecv 1 5000 360 0
3 irecv 1 4000 360 0
3 irecv 0 6000 360 0
3 irecv 0 7000 360 0
3 isend 2 2000 360 0
3 isend 2 3000 360 0
3 isend 1 4000 360 0
3 isend 1 5000 360 0
3 isend 0 7000 360 0
3 isend 0 6000 360 0
3 waitall 12
3 isend 2 3002 1470 0
3 irecv 2 3001 1470 0
3 wait 4 3 3002
3 wait 3 4 3001
3 isend 2 2001 245 0
3 irecv 2 2002 245 0
3 wait 4 3 2001
3 wait 3 4 2002
3 isend 1 5002 1470 0
3 irecv 1 5001 1470 0
3 wait 4 2 5002
3 wait 2 4 5001
3 isend 1 4001 245 0
3 irecv 1 4002 245 0
3 wait 4 2 4001
3 wait 2 4 4002
3 isend 0 6003 1470 0
3 irecv 0 6000 1470 0
3 wait 4 1 6003
3 wait 1 4 6000
3 isend 0 7000 245 0
3 irecv 0 7003 245 0
3 wait 4 1 7000
3 wait 1 4 7003
3 irecv 2 3000 360 0
3 irecv 2 2000 360 0
3 irecv 1 5000 360 0
3 irecv 1 4000 360 0
3 irecv 0 6000 360 0
3 irecv 0 7000 360 0
3 isend 2 2000 360 0
3 isend 2 3000 360 0
3 isend 1 4000 360 0
3 isend 1 5000 360 0
3 isend 0 7000 360 0
3 isend 0 6000 360 0
3 waitall 12
3 isend 2 3002 1470 0
3 irecv 2 3001 1470 0
3 wait 4 3 3002
3 wait 3 4 3001
3 isend 2 2001 245 0
3 irecv 2 2002 245 0
3 wait 4 3 2001
3 wait 3 4 2002
3 isend 1 5002 1470 0
3 irecv 1 5001 1470 0
3 wait 4 2 5002
3 wait 2 4 5001
3 isend 1 4001 245 0
3 irecv 1 4002 245 0
3 wait 4 2 4001
3 wait 2 4 4002
3 isend 0 6003 1470 0
3 irecv 0 6000 1470 0
3 wait 4 1 6003
3 wait 1 4 6000
3 isend 0 7000 245 0
3 irecv 0 7003 245 0
3 wait 4 1 7000
3 wait 1 4 7003
3 irecv 2 3000 360 0
3 irecv 2 2000 360 0
3 irecv 1 5000 360 0
3 irecv 1 4000 360 0
3 irecv 0 6000 360 0
3 irecv 0 7000 360 0
3 isend 2 2000 360 0
3 isend 2 3000 360 0
3 isend 1 4000 360 0
3 isend 1 5000 360 0
3 isend 0 7000 360 0
3 isend 0 6000 360 0
3 waitall 12
3 isend 2 3002 1470 0
3 irecv 2 3001 1470 0
3 wait 4 3 3002
3 wait 3 4 3001
3 isend 2 2001 245 0
3 irecv 2 2002 245 0
3 wait 4 3 2001
3 wait 3 4 2002
3 isend 1 5002 1470 0
3 irecv 1 5001 1470 0
3 wait 4 2 5002
3 wait 2 4 5001
3 isend 1 4001 245 0
3 irecv 1 4002 245 0
3 wait 4 2 4001
3 wait 2 4 4002
3 isend 0 6003 1470 0
3 irecv 0 6000 1470 0
3 wait 4 1 6003
3 wait 1 4 6000
3 isend 0 7000 245 0
3 irecv 0 7003 245 0
3 wait 4 1 7000
3 wait 1 4 7003
3 irecv 2 3000 360 0
3 irecv 2 2000 360 0
3 irecv 1 5000 360 0
3 irecv 1 4000 360 0
3 irecv 0 6000 360 0
3 irecv 0 7000 360 0
3 isend 2 2000 360 0
3 isend 2 3000 360 0
3 isend 1 4000 360 0
3 isend 1 5000 360 0
3 isend 0 7000 360 0
3 isend 0 6000 360 0
3 waitall 12
3 isend 2 3002 1470 0
3 irecv 2 3001 1470 0
3 wait 4 3 3002
3 wait 3 4 3001
3 isend 2 2001 245 0
3 irecv 2 2002 245 0
3 wait 4 3 2001
3 wait 3 4 2002
3 isend 1 5002 1470 0
3 irecv 1 5001 1470 0
3 wait 4 2 5002
3 wait 2 4 5001
3 isend 1 4001 245 0
3 irecv 1 4002 245 0
3 wait 4 2 4001
3 wait 2 4 4002
3 isend 0 6003 1470 0
3 irecv 0 6000 1470 0
3 wait 4 1 6003
3 wait 1 4 6000
3 isend 0 7000 245 0
3 irecv 0 7003 245 0
3 wait 4 1 7000
3 wait 1 4 7003
3 irecv 2 3000 360 0
3 irecv 2 2000 360 0
3 irecv 1 5000 360 0
3 irecv 1 4000 360 0
3 irecv 0 6000 360 0
3 irecv 0 7000 360 0
3 isend 2 2000 360 0
3 isend 2 3000 360 0
3 isend 1 4000 360 0
3 isend 1 5000 360 0
3 isend 0 7000 360 0
3 isend 0 6000 360 0
3 waitall 12
3 isend 2 3002 1470 0
3 irecv 2 3001 1470 0
3 wait 4 3 3002
3 wait 3 4 3001
3 isend 2 2001 245 0
3 irecv 2 2002 245 0
3 wait 4 3 2001
3 wait 3 4 2002
3 isend 1 5002 1470 0
3 irecv 1 5001 1470 0
3 wait 4 2 5002
3 wait 2 4 5001
3 isend 1 4001 245 0
3 irecv 1 4002 245 0
3 wait 4 2 4001
3 wait 2 4 4002
3 isend 0 6003 1470 0
3 irecv 0 6000 1470 0
3 wait 4 1 6003
3 wait 1 4 6000
3 isend 0 7000 245 0
3 irecv 0 7003 245 0
3 wait 4 1 7000
3 wait 1 4 7003
3 irecv 2 3000 360 0
3 irecv 2 2000 360 0
3 irecv 1 5000 360 0
3 irecv 1 4000 360 0
3 irecv 0 6000 360 0
3 irecv 0 7000 360 0
3 isend 2 2000 360 0
3 isend 2 3000 360 0
3 isend 1 4000 360 0
3 isend 1 5000 360 0
3 isend 0 7000 360 0
3 isend 0 6000 360 0
3 waitall 12
3 isend 2 3002 1470 0
3 irecv 2 3001 1470 0
3 wait 4 3 3002
3 wait 3 4 3001
3 isend 2 2001 245 0
3 irecv 2 2002 245 0
3 wait 4 3 2001
3 wait 3 4 2002
3 isend 1 5002 1470 0
3 irecv 1 5001 1470 0
3 wait 4 2 5002
3 wait 2 4 5001
3 isend 1 4001 245 0
3 irecv 1 4002 245 0
3 wait 4 2 4001
3 wait 2 4 4002
3 isend 0 6003 1470 0
3 irecv 0 6000 1470 0
3 wait 4 1 6003
3 wait 1 4 6000
3 isend 0 7000 245 0
3 irecv 0 7003 245 0
3 wait 4 1 7000
3 wait 1 4 7003
3 irecv 2 3000 360 0
3 irecv 2 2000 360 0
3 irecv 1 5000 360 0
3 irecv 1 4000 360 0
3 irecv 0 6000 360 0
3 irecv 0 7000 360 0
3 isend 2 2000 360 0
3 isend 2 3000 360 0
3 isend 1 4000 360 0
3 isend 1 5000 360 0
3 isend 0 7000 360 0
3 isend 0 6000 360 0
3 waitall 12
3 isend 2 3002 1470 0
3 irecv 2 3001 1470 0
3 wait 4 3 3002
3 wait 3 4 3001
3 isend 2 2001 245 0
3 irecv 2 2002 245 0
3 wait 4 3 2001
3 wait 3 4 2002
3 isend 1 5002 1470 0
3 irecv 1 5001 1470 0
3 wait 4 2 5002
3 wait 2 4 5001
3 isend 1 4001 245 0
3 irecv 1 4002 245 0
3 wait 4 2 4001
3 wait 2 4 4002
3 isend 0 6003 1470 0
3 irecv 0 6000 1470 0
3 wait 4 1 6003
3 wait 1 4 6000
3 isend 0 7000 245 0
3 irecv 0 7003 245 0
3 wait 4 1 7000
3 wait 1 4 7003
3 irecv 2 3000 360 0
3 irecv 2 2000 360 0
3 irecv 1 5000 360 0
3 irecv 1 4000 360 0
3 irecv 0 6000 360 0
3 irecv 0 7000 360 0
3 isend 2 2000 360 0
3 isend 2 3000 360 0
3 isend 1 4000 360 0
3 isend 1 5000 360 0
3 isend 0 7000 360 0
3 isend 0 6000 360 0
3 waitall 12
3 isend 2 3002 1470 0
3 irecv 2 3001 1470 0
3 wait 4 3 3002
3 wait 3 4 3001
3 isend 2 2001 245 0
3 irecv 2 2002 245 0
3 wait 4 3 2001
3 wait 3 4 2002
3 isend 1 5002 1470 0
3 irecv 1 5001 1470 0
3 wait 4 2 5002
3 wait 2 4 5001
3 isend 1 4001 245 0
3 irecv 1 4002 245 0
3 wait 4 2 4001
3 wait 2 4 4002
3 isend 0 6003 1470 0
3 irecv 0 6000 1470 0
3 wait 4 1 6003
3 wait 1 4 6000
3 isend 0 7000 245 0
3 irecv 0 7003 245 0
3 wait 4 1 7000
3 wait 1 4 7003
3 irecv 2 3000 360 0
3 irecv 2 2000 360 0
3 irecv 1 5000 360 0
3 irecv 1 4000 360 0
3 irecv 0 6000 360 0
3 irecv 0 7000 360 0
3 isend 2 2000 360 0
3 isend 2 3000 360 0
3 isend 1 4000 360 0
3 isend 1 5000 360 0
3 isend 0 7000 360 0
3 isend 0 6000 360 0
3 waitall 12
3 isend 2 3002 1470 0
3 irecv 2 3001 1470 0
3 wait 4 3 3002
3 wait 3 4 3001
3 isend 2 2001 245 0
3 irecv 2 2002 245 0
3 wait 4 3 2001
3 wait 3 4 2002
3 isend 1 5002 1470 0
3 irecv 1 5001 1470 0
3 wait 4 2 5002
3 wait 2 4 5001
3 isend 1 4001 245 0
3 irecv 1 4002 245 0
3 wait 4 2 4001
3 wait 2 4 4002
3 isend 0 6003 1470 0
3 irecv 0 6000 1470 0
3 wait 4 1 6003
3 wait 1 4 6000
3 isend 0 7000 245 0
3 irecv 0 7003 245 0
3 wait 4 1 7000
3 wait 1 4 7003
3 irecv 2 3000 360 0
3 irecv 2 2000 360 0
3 irecv 1 5000 360 0
3 irecv 1 4000 360 0
3 irecv 0 6000 360 0
3 irecv 0 7000 360 0
3 isend 2 2000 360 0
3 isend 2 3000 360 0
3 isend 1 4000 360 0
3 isend 1 5000 360 0
3 isend 0 7000 360 0
3 isend 0 6000 360 0
3 waitall 12
3 isend 2 3002 1470 0
3 irecv 2 3001 1470 0
3 wait 4 3 3002
3 wait 3 4 3001
3 isend 2 2001 245 0
3 irecv 2 2002 245 0
3 wait 4 3 2001
3 wait 3 4 2002
3 isend 1 5002 1470 0
3 irecv 1 5001 1470 0
3 wait 4 2 5002
3 wait 2 4 5001
3 isend 1 4001 245 0
3 irecv 1 4002 245 0
3 wait 4 2 4001
3 wait 2 4 4002
3 isend 0 6003 1470 0
3 irecv 0 6000 1470 0
3 wait 4 1 6003
3 wait 1 4 6000
3 isend 0 7000 245 0
3 irecv 0 7003 245 0
3 wait 4 1 7000
3 wait 1 4 7003
3 irecv 2 3000 360 0
3 irecv 2 2000 360 0
3 irecv 1 5000 360 0
3 irecv 1 4000 360 0
3 irecv 0 6000 360 0
3 irecv 0 7000 360 0
3 isend 2 2000 360 0
3 isend 2 3000 360 0
3 isend 1 4000 360 0
3 isend 1 5000 360 0
3 isend 0 7000 360 0
3 isend 0 6000 360 0
3 waitall 12
3 isend 2 3002 1470 0
3 irecv 2 3001 1470 0
3 wait 4 3 3002
3 wait 3 4 3001
3 isend 2 2001 245 0
3 irecv 2 2002 245 0
3 wait 4 3 2001
3 wait 3 4 2002
3 isend 1 5002 1470 0
3 irecv 1 5001 1470 0
3 wait 4 2 5002
3 wait 2 4 5001
3 isend 1 4001 245 0
3 irecv 1 4002 245 0
3 wait 4 2 4001
3 wait 2 4 4002
3 isend 0 6003 1470 0
3 irecv 0 6000 1470 0
3 wait 4 1 6003
3 wait 1 4 6000
3 isend 0 7000 245 0
3 irecv 0 7003 245 0
3 wait 4 1 7000
3 wait 1 4 7003
3 irecv 2 3000 360 0
3 irecv 2 2000 360 0
3 irecv 1 5000 360 0
3 irecv 1 4000 360 0
3 irecv 0 6000 360 0
3 irecv 0 7000 360 0
3 isend 2 2000 360 0
3 isend 2 3000 360 0
3 isend 1 4000 360 0
3 isend 1 5000 360 0
3 isend 0 7000 360 0
3 isend 0 6000 360 0
3 waitall 12
3 isend 2 3002 1470 0
3 irecv 2 3001 1470 0
3 wait 4 3 3002
3 wait 3 4 3001
3 isend 2 2001 245 0
3 irecv 2 2002 245 0
3 wait 4 3 2001
3 wait 3 4 2002
3 isend 1 5002 1470 0
3 irecv 1 5001 1470 0
3 wait 4 2 5002
3 wait 2 4 5001
3 isend 1 4001 245 0
3 irecv 1 4002 245 0
3 wait 4 2 4001
3 wait 2 4 4002
3 isend 0 6003 1470 0
3 irecv 0 6000 1470 0
3 wait 4 1 6003
3 wait 1 4 6000
3 isend 0 7000 245 0
3 irecv 0 7003 245 0
3 wait 4 1 7000
3 wait 1 4 7003
3 irecv 2 3000 360 0
3 irecv 2 2000 360 0
3 irecv 1 5000 360 0
3 irecv 1 4000 360 0
3 irecv 0 6000 360 0
3 irecv 0 7000 360 0
3 isend 2 2000 360 0
3 isend 2 3000 360 0
3 isend 1 4000 360 0
3 isend 1 5000 360 0
3 isend 0 7000 360 0
3 isend 0 6000 360 0
3 waitall 12
3 isend 2 3002 1470 0
3 irecv 2 3001 1470 0
3 wait 4 3 3002
3 wait 3 4 3001
3 isend 2 2001 245 0
3 irecv 2 2002 245 0
3 wait 4 3 2001
3 wait 3 4 2002
3 isend 1 5002 1470 0
3 irecv 1 5001 1470 0
3 wait 4 2 5002
3 wait 2 4 5001
3 isend 1 4001 245 0
3 irecv 1 4002 245 0
3 wait 4 2 4001
3 wait 2 4 4002
3 isend 0 6003 1470 0
3 irecv 0 6000 1470 0
3 wait 4 1 6003
3 wait 1 4 6000
3 isend 0 7000 245 0
3 irecv 0 7003 245 0
3 wait 4 1 7000
3 wait 1 4 7003
3 irecv 2 3000 360 0
3 irecv 2 2000 360 0
3 irecv 1 5000 360 0
3 irecv 1 4000 360 0
3 irecv 0 6000 360 0
3 irecv 0 7000 360 0
3 isend 2 2000 360 0
3 isend 2 3000 360 0
3 isend 1 4000 360 0
3 isend 1 5000 360 0
3 isend 0 7000 360 0
3 isend 0 6000 360 0
3 waitall 12
3 isend 2 3002 1470 0
3 irecv 2 3001 1470 0
3 wait 4 3 3002
3 wait 3 4 3001
3 isend 2 2001 245 0
3 irecv 2 2002 245 0
3 wait 4 3 2001
3 wait 3 4 2002
3 isend 1 5002 1470 0
3 irecv 1 5001 1470 0
3 wait 4 2 5002
3 wait 2 4 5001
3 isend 1 4001 245 0
3 irecv 1 4002 245 0
3 wait 4 2 4001
3 wait 2 4 4002
3 isend 0 6003 1470 0
3 irecv 0 6000 1470 0
3 wait 4 1 6003
3 wait 1 4 6000
3 isend 0 7000 245 0
3 irecv 0 7003 245 0
3 wait 4 1 7000
3 wait 1 4 7003
3 irecv 2 3000 360 0
3 irecv 2 2000 360 0
3 irecv 1 5000 360 0
3 irecv 1 4000 360 0
3 irecv 0 6000 360 0
3 irecv 0 7000 360 0
3 isend 2 2000 360 0
3 isend 2 3000 360 0
3 isend 1 4000 360 0
3 isend 1 5000 360 0
3 isend 0 7000 360 0
3 isend 0 6000 360 0
3 waitall 12
3 isend 2 3002 1470 0
3 irecv 2 3001 1470 0
3 wait 4 3 3002
3 wait 3 4 3001
3 isend 2 2001 245 0
3 irecv 2 2002 245 0
3 wait 4 3 2001
3 wait 3 4 2002
3 isend 1 5002 1470 0
3 irecv 1 5001 1470 0
3 wait 4 2 5002
3 wait 2 4 5001
3 isend 1 4001 245 0
3 irecv 1 4002 245 0
3 wait 4 2 4001
3 wait 2 4 4002
3 isend 0 6003 1470 0
3 irecv 0 6000 1470 0
3 wait 4 1 6003
3 wait 1 4 6000
3 isend 0 7000 245 0
3 irecv 0 7003 245 0
3 wait 4 1 7000
3 wait 1 4 7003
3 irecv 2 3000 360 0
3 irecv 2 2000 360 0
3 irecv 1 5000 360 0
3 irecv 1 4000 360 0
3 irecv 0 6000 360 0
3 irecv 0 7000 360 0
3 isend 2 2000 360 0
3 isend 2 3000 360 0
3 isend 1 4000 360 0
3 isend 1 5000 360 0
3 isend 0 7000 360 0
3 isend 0 6000 360 0
3 waitall 12
3 isend 2 3002 1470 0
3 irecv 2 3001 1470 0
3 wait 4 3 3002
3 wait 3 4 3001
3 isend 2 2001 245 0
3 irecv 2 2002 245 0
3 wait 4 3 2001
3 wait 3 4 2002
3 isend 1 5002 1470 0
3 irecv 1 5001 1470 0
3 wait 4 2 5002
3 wait 2 4 5001
3 isend 1 4001 245 0
3 irecv 1 4002 245 0
3 wait 4 2 4001
3 wait 2 4 4002
3 isend 0 6003 1470 0
3 irecv 0 6000 1470 0
3 wait 4 1 6003
3 wait 1 4 6000
3 isend 0 7000 245 0
3 irecv 0 7003 245 0
3 wait 4 1 7000
3 wait 1 4 7003
3 irecv 2 3000 360 0
3 irecv 2 2000 360 0
3 irecv 1 5000 360 0
3 irecv 1 4000 360 0
3 irecv 0 6000 360 0
3 irecv 0 7000 360 0
3 isend 2 2000 360 0
3 isend 2 3000 360 0
3 isend 1 4000 360 0
3 isend 1 5000 360 0
3 isend 0 7000 360 0
3 isend 0 6000 360 0
3 waitall 12
3 isend 2 3002 1470 0
3 irecv 2 3001 1470 0
3 wait 4 3 3002
3 wait 3 4 3001
3 isend 2 2001 245 0
3 irecv 2 2002 245 0
3 wait 4 3 2001
3 wait 3 4 2002
3 isend 1 5002 1470 0
3 irecv 1 5001 1470 0
3 wait 4 2 5002
3 wait 2 4 5001
3 isend 1 4001 245 0
3 irecv 1 4002 245 0
3 wait 4 2 4001
3 wait 2 4 4002
3 isend 0 6003 1470 0
3 irecv 0 6000 1470 0
3 wait 4 1 6003
3 wait 1 4 6000
3 isend 0 7000 245 0
3 irecv 0 7003 245 0
3 wait 4 1 7000
3 wait 1 4 7003
3 irecv 2 3000 360 0
3 irecv 2 2000 360 0
3 irecv 1 5000 360 0
3 irecv 1 4000 360 0
3 irecv 0 6000 360 0
3 irecv 0 7000 360 0
3 isend 2 2000 360 0
3 isend 2 3000 360 0
3 isend 1 4000 360 0
3 isend 1 5000 360 0
3 isend 0 7000 360 0
3 isend 0 6000 360 0
3 waitall 12
3 isend 2 3002 1470 0
3 irecv 2 3001 1470 0
3 wait 4 3 3002
3 wait 3 4 3001
3 isend 2 2001 245 0
3 irecv 2 2002 245 0
3 wait 4 3 2001
3 wait 3 4 2002
3 isend 1 5002 1470 0
3 irecv 1 5001 1470 0
3 wait 4 2 5002
3 wait 2 4 5001
3 isend 1 4001 245 0
3 irecv 1 4002 245 0
3 wait 4 2 4001
3 wait 2 4 4002
3 isend 0 6003 1470 0
3 irecv 0 6000 1470 0
3 wait 4 1 6003
3 wait 1 4 6000
3 isend 0 7000 245 0
3 irecv 0 7003 245 0
3 wait 4 1 7000
3 wait 1 4 7003
3 irecv 2 3000 360 0
3 irecv 2 2000 360 0
3 irecv 1 5000 360 0
3 irecv 1 4000 360 0
3 irecv 0 6000 360 0
3 irecv 0 7000 360 0
3 isend 2 2000 360 0
3 isend 2 3000 360 0
3 isend 1 4000 360 0
3 isend 1 5000 360 0
3 isend 0 7000 360 0
3 isend 0 6000 360 0
3 waitall 12
3 isend 2 3002 1470 0
3 irecv 2 3001 1470 0
3 wait 4 3 3002
3 wait 3 4 3001
3 isend 2 2001 245 0
3 irecv 2 2002 245 0
3 wait 4 3 2001
3 wait 3 4 2002
3 isend 1 5002 1470 0
3 irecv 1 5001 1470 0
3 wait 4 2 5002
3 wait 2 4 5001
3 isend 1 4001 245 0
3 irecv 1 4002 245 0
3 wait 4 2 4001
3 wait 2 4 4002
3 isend 0 6003 1470 0
3 irecv 0 6000 1470 0
3 wait 4 1 6003
3 wait 1 4 6000
3 isend 0 7000 245 0
3 irecv 0 7003 245 0
3 wait 4 1 7000
3 wait 1 4 7003
3 irecv 2 3000 360 0
3 irecv 2 2000 360 0
3 irecv 1 5000 360 0
3 irecv 1 4000 360 0
3 irecv 0 6000 360 0
3 irecv 0 7000 360 0
3 isend 2 2000 360 0
3 isend 2 3000 360 0
3 isend 1 4000 360 0
3 isend 1 5000 360 0
3 isend 0 7000 360 0
3 isend 0 6000 360 0
3 waitall 12
3 isend 2 3002 1470 0
3 irecv 2 3001 1470 0
3 wait 4 3 3002
3 wait 3 4 3001
3 isend 2 2001 245 0
3 irecv 2 2002 245 0
3 wait 4 3 2001
3 wait 3 4 2002
3 isend 1 5002 1470 0
3 irecv 1 5001 1470 0
3 wait 4 2 5002
3 wait 2 4 5001
3 isend 1 4001 245 0
3 irecv 1 4002 245 0
3 wait 4 2 4001
3 wait 2 4 4002
3 isend 0 6003 1470 0
3 irecv 0 6000 1470 0
3 wait 4 1 6003
3 wait 1 4 6000
3 isend 0 7000 245 0
3 irecv 0 7003 245 0
3 wait 4 1 7000
3 wait 1 4 7003
3 irecv 2 3000 360 0
3 irecv 2 2000 360 0
3 irecv 1 5000 360 0
3 irecv 1 4000 360 0
3 irecv 0 6000 360 0
3 irecv 0 7000 360 0
3 isend 2 2000 360 0
3 isend 2 3000 360 0
3 isend 1 4000 360 0
3 isend 1 5000 360 0
3 isend 0 7000 360 0
3 isend 0 6000 360 0
3 waitall 12
3 compute 312.5
3 isend 2 3002 1470 0
3 irecv 2 3001 1470 0
3 wait 4 3 3002
3 wait 3 4 3001
3 isend 2 2001 245 0
3 irecv 2 2002 245 0
3 wait 4 3 2001
3 wait 3 4 2002
3 isend 1 5002 1470 0
3 irecv 1 5001 1470 0
3 wait 4 2 5002
3 wait 2 4 5001
3 isend 1 4001 245 0
3 irecv 1 4002 245 0
3 wait 4 2 4001
3 wait 2 4 4002
3 isend 0 6003 1470 0
3 irecv 0 6000 1470 0
3 wait 4 1 6003
3 wait 1 4 6000
3 isend 0 7000 245 0
3 irecv 0 7003 245 0
3 wait 4 1 7000
3 wait 1 4 7003
3 irecv 2 3000 360 0
3 irecv 2 2000 360 0
3 irecv 1 5000 360 0
3 irecv 1 4000 360 0
3 irecv 0 6000 360 0
3 irecv 0 7000 360 0
3 isend 2 2000 360 0
3 isend 2 3000 360 0
3 isend 1 4000 360 0
3 isend 1 5000 360 0
3 isend 0 7000 360 0
3 isend 0 6000 360 0
3 waitall 12
3 isend 2 3002 1470 0
3 irecv 2 3001 1470 0
3 wait 4 3 3002
3 wait 3 4 3001
3 isend 2 2001 245 0
3 irecv 2 2002 245 0
3 wait 4 3 2001
3 wait 3 4 2002
3 isend 1 5002 1470 0
3 irecv 1 5001 1470 0
3 wait 4 2 5002
3 wait 2 4 5001
3 isend 1 4001 245 0
3 irecv 1 4002 245 0
3 wait 4 2 4001
3 wait 2 4 4002
3 isend 0 6003 1470 0
3 irecv 0 6000 1470 0
3 wait 4 1 6003
3 wait 1 4 6000
3 isend 0 7000 245 0
3 irecv 0 7003 245 0
3 wait 4 1 7000
3 wait 1 4 7003
3 irecv 2 3000 360 0
3 irecv 2 2000 360 0
3 irecv 1 5000 360 0
3 irecv 1 4000 360 0
3 irecv 0 6000 360 0
3 irecv 0 7000 360 0
3 isend 2 2000 360 0
3 isend 2 3000 360 0
3 isend 1 4000 360 0
3 isend 1 5000 360 0
3 isend 0 7000 360 0
3 isend 0 6000 360 0
3 waitall 12
3 isend 2 3002 1470 0
3 irecv 2 3001 1470 0
3 wait 4 3 3002
3 wait 3 4 3001
3 isend 2 2001 245 0
3 irecv 2 2002 245 0
3 wait 4 3 2001
3 wait 3 4 2002
3 isend 1 5002 1470 0
3 irecv 1 5001 1470 0
3 wait 4 2 5002
3 wait 2 4 5001
3 isend 1 4001 245 0
3 irecv 1 4002 245 0
3 wait 4 2 4001
3 wait 2 4 4002
3 isend 0 6003 1470 0
3 irecv 0 6000 1470 0
3 wait 4 1 6003
3 wait 1 4 6000
3 isend 0 7000 245 0
3 irecv 0 7003 245 0
3 wait 4 1 7000
3 wait 1 4 7003
3 irecv 2 3000 360 0
3 irecv 2 2000 360 0
3 irecv 1 5000 360 0
3 irecv 1 4000 360 0
3 irecv 0 6000 360 0
3 irecv 0 7000 360 0
3 isend 2 2000 360 0
3 isend 2 3000 360 0
3 isend 1 4000 360 0
3 isend 1 5000 360 0
3 isend 0 7000 360 0
3 isend 0 6000 360 0
3 waitall 12
3 isend 2 3002 1470 0
3 irecv 2 3001 1470 0
3 wait 4 3 3002
3 wait 3 4 3001
3 isend 2 2001 245 0
3 irecv 2 2002 245 0
3 wait 4 3 2001
3 wait 3 4 2002
3 isend 1 5002 1470 0
3 irecv 1 5001 1470 0
3 wait 4 2 5002
3 wait 2 4 5001
3 isend 1 4001 245 0
3 irecv 1 4002 245 0
3 wait 4 2 4001
3 wait 2 4 4002
3 isend 0 6003 1470 0
3 irecv 0 6000 1470 0
3 wait 4 1 6003
3 wait 1 4 6000
3 isend 0 7000 245 0
3 irecv 0 7003 245 0
3 wait 4 1 7000
3 wait 1 4 7003
3 irecv 2 3000 360 0
3 irecv 2 2000 360 0
3 irecv 1 5000 360 0
3 irecv 1 4000 360 0
3 irecv 0 6000 360 0
3 irecv 0 7000 360 0
3 isend 2 2000 360 0
3 isend 2 3000 360 0
3 isend 1 4000 360 0
3 isend 1 5000 360 0
3 isend 0 7000 360 0
3 isend 0 6000 360 0
3 waitall 12
3 isend 2 3002 1470 0
3 irecv 2 3001 1470 0
3 wait 4 3 3002
3 wait 3 4 3001
3 isend 2 2001 245 0
3 irecv 2 2002 245 0
3 wait 4 3 2001
3 wait 3 4 2002
3 isend 1 5002 1470 0
3 irecv 1 5001 1470 0
3 wait 4 2 5002
3 wait 2 4 5001
3 isend 1 4001 245 0
3 irecv 1 4002 245 0
3 wait 4 2 4001
3 wait 2 4 4002
3 isend 0 6003 1470 0
3 irecv 0 6000 1470 0
3 wait 4 1 6003
3 wait 1 4 6000
3 isend 0 7000 245 0
3 irecv 0 7003 245 0
3 wait 4 1 7000
3 wait 1 4 7003
3 irecv 2 3000 360 0
3 irecv 2 2000 360 0
3 irecv 1 5000 360 0
3 irecv 1 4000 360 0
3 irecv 0 6000 360 0
3 irecv 0 7000 360 0
3 isend 2 2000 360 0
3 isend 2 3000 360 0
3 isend 1 4000 360 0
3 isend 1 5000 360 0
3 isend 0 7000 360 0
3 isend 0 6000 360 0
3 waitall 12
3 isend 2 3002 1470 0
3 irecv 2 3001 1470 0
3 wait 4 3 3002
3 wait 3 4 3001
3 isend 2 2001 245 0
3 irecv 2 2002 245 0
3 wait 4 3 2001
3 wait 3 4 2002
3 isend 1 5002 1470 0
3 irecv 1 5001 1470 0
3 wait 4 2 5002
3 wait 2 4 5001
3 isend 1 4001 245 0
3 irecv 1 4002 245 0
3 wait 4 2 4001
3 wait 2 4 4002
3 isend 0 6003 1470 0
3 irecv 0 6000 1470 0
3 wait 4 1 6003
3 wait 1 4 6000
3 isend 0 7000 245 0
3 irecv 0 7003 245 0
3 wait 4 1 7000
3 wait 1 4 7003
3 irecv 2 3000 360 0
3 irecv 2 2000 360 0
3 irecv 1 5000 360 0
3 irecv 1 4000 360 0
3 irecv 0 6000 360 0
3 irecv 0 7000 360 0
3 isend 2 2000 360 0
3 isend 2 3000 360 0
3 isend 1 4000 360 0
3 isend 1 5000 360 0
3 isend 0 7000 360 0
3 isend 0 6000 360 0
3 waitall 12
3 isend 2 3002 1470 0
3 irecv 2 3001 1470 0
3 wait 4 3 3002
3 wait 3 4 3001
3 isend 2 2001 245 0
3 irecv 2 2002 245 0
3 wait 4 3 2001
3 wait 3 4 2002
3 isend 1 5002 1470 0
3 irecv 1 5001 1470 0
3 wait 4 2 5002
3 wait 2 4 5001
3 isend 1 4001 245 0
3 irecv 1 4002 245 0
3 wait 4 2 4001
3 wait 2 4 4002
3 isend 0 6003 1470 0
3 irecv 0 6000 1470 0
3 wait 4 1 6003
3 wait 1 4 6000
3 isend 0 7000 245 0
3 irecv 0 7003 245 0
3 wait 4 1 7000
3 wait 1 4 7003
3 irecv 2 3000 360 0
3 irecv 2 2000 360 0
3 irecv 1 5000 360 0
3 irecv 1 4000 360 0
3 irecv 0 6000 360 0
3 irecv 0 7000 360 0
3 isend 2 2000 360 0
3 isend 2 3000 360 0
3 isend 1 4000 360 0
3 isend 1 5000 360 0
3 isend 0 7000 360 0
3 isend 0 6000 360 0
3 waitall 12
3 isend 2 3002 1470 0
3 irecv 2 3001 1470 0
3 wait 4 3 3002
3 wait 3 4 3001
3 isend 2 2001 245 0
3 irecv 2 2002 245 0
3 wait 4 3 2001
3 wait 3 4 2002
3 isend 1 5002 1470 0
3 irecv 1 5001 1470 0
3 wait 4 2 5002
3 wait 2 4 5001
3 isend 1 4001 245 0
3 irecv 1 4002 245 0
3 wait 4 2 4001
3 wait 2 4 4002
3 isend 0 6003 1470 0
3 irecv 0 6000 1470 0
3 wait 4 1 6003
3 wait 1 4 6000
3 isend 0 7000 245 0
3 irecv 0 7003 245 0
3 wait 4 1 7000
3 wait 1 4 7003
3 irecv 2 3000 360 0
3 irecv 2 2000 360 0
3 irecv 1 5000 360 0
3 irecv 1 4000 360 0
3 irecv 0 6000 360 0
3 irecv 0 7000 360 0
3 isend 2 2000 360 0
3 isend 2 3000 360 0
3 isend 1 4000 360 0
3 isend 1 5000 360 0
3 isend 0 7000 360 0
3 isend 0 6000 360 0
3 waitall 12
3 isend 2 3002 1470 0
3 irecv 2 3001 1470 0
3 wait 4 3 3002
3 wait 3 4 3001
3 isend 2 2001 245 0
3 irecv 2 2002 245 0
3 wait 4 3 2001
3 wait 3 4 2002
3 isend 1 5002 1470 0
3 irecv 1 5001 1470 0
3 wait 4 2 5002
3 wait 2 4 5001
3 isend 1 4001 245 0
3 irecv 1 4002 245 0
3 wait 4 2 4001
3 wait 2 4 4002
3 isend 0 6003 1470 0
3 irecv 0 6000 1470 0
3 wait 4 1 6003
3 wait 1 4 6000
3 isend 0 7000 245 0
3 irecv 0 7003 245 0
3 wait 4 1 7000
3 wait 1 4 7003
3 irecv 2 3000 360 0
3 irecv 2 2000 360 0
3 irecv 1 5000 360 0
3 irecv 1 4000 360 0
3 irecv 0 6000 360 0
3 irecv 0 7000 360 0
3 isend 2 2000 360 0
3 isend 2 3000 360 0
3 isend 1 4000 360 0
3 isend 1 5000 360 0
3 isend 0 7000 360 0
3 isend 0 6000 360 0
3 waitall 12
3 isend 2 3002 1470 0
3 irecv 2 3001 1470 0
3 wait 4 3 3002
3 wait 3 4 3001
3 isend 2 2001 245 0
3 irecv 2 2002 245 0
3 wait 4 3 2001
3 wait 3 4 2002
3 isend 1 5002 1470 0
3 irecv 1 5001 1470 0
3 wait 4 2 5002
3 wait 2 4 5001
3 isend 1 4001 245 0
3 irecv 1 4002 245 0
3 wait 4 2 4001
3 wait 2 4 4002
3 isend 0 6003 1470 0
3 irecv 0 6000 1470 0
3 wait 4 1 6003
3 wait 1 4 6000
3 isend 0 7000 245 0
3 irecv 0 7003 245 0
3 wait 4 1 7000
3 wait 1 4 7003
3 irecv 2 3000 360 0
3 irecv 2 2000 360 0
3 irecv 1 5000 360 0
3 irecv 1 4000 360 0
3 irecv 0 6000 360 0
3 irecv 0 7000 360 0
3 isend 2 2000 360 0
3 isend 2 3000 360 0
3 isend 1 4000 360 0
3 isend 1 5000 360 0
3 isend 0 7000 360 0
3 isend 0 6000 360 0
3 waitall 12
3 isend 2 3002 1470 0
3 irecv 2 3001 1470 0
3 wait 4 3 3002
3 wait 3 4 3001
3 isend 2 2001 245 0
3 irecv 2 2002 245 0
3 wait 4 3 2001
3 wait 3 4 2002
3 isend 1 5002 1470 0
3 irecv 1 5001 1470 0
3 wait 4 2 5002
3 wait 2 4 5001
3 isend 1 4001 245 0
3 irecv 1 4002 245 0
3 wait 4 2 4001
3 wait 2 4 4002
3 isend 0 6003 1470 0
3 irecv 0 6000 1470 0
3 wait 4 1 6003
3 wait 1 4 6000
3 isend 0 7000 245 0
3 irecv 0 7003 245 0
3 wait 4 1 7000
3 wait 1 4 7003
3 irecv 2 3000 360 0
3 irecv 2 2000 360 0
3 irecv 1 5000 360 0
3 irecv 1 4000 360 0
3 irecv 0 6000 360 0
3 irecv 0 7000 360 0
3 isend 2 2000 360 0
3 isend 2 3000 360 0
3 isend 1 4000 360 0
3 isend 1 5000 360 0
3 isend 0 7000 360 0
3 isend 0 6000 360 0
3 waitall 12
3 isend 2 3002 1470 0
3 irecv 2 3001 1470 0
3 wait 4 3 3002
3 wait 3 4 3001
3 isend 2 2001 245 0
3 irecv 2 2002 245 0
3 wait 4 3 2001
3 wait 3 4 2002
3 isend 1 5002 1470 0
3 irecv 1 5001 1470 0
3 wait 4 2 5002
3 wait 2 4 5001
3 isend 1 4001 245 0
3 irecv 1 4002 245 0
3 wait 4 2 4001
3 wait 2 4 4002
3 isend 0 6003 1470 0
3 irecv 0 6000 1470 0
3 wait 4 1 6003
3 wait 1 4 6000
3 isend 0 7000 245 0
3 irecv 0 7003 245 0
3 wait 4 1 7000
3 wait 1 4 7003
3 irecv 2 3000 360 0
3 irecv 2 2000 360 0
3 irecv 1 5000 360 0
3 irecv 1 4000 360 0
3 irecv 0 6000 360 0
3 irecv 0 7000 360 0
3 isend 2 2000 360 0
3 isend 2 3000 360 0
3 isend 1 4000 360 0
3 isend 1 5000 360 0
3 isend 0 7000 360 0
3 isend 0 6000 360 0
3 waitall 12
3 isend 2 3002 1470 0
3 irecv 2 3001 1470 0
3 wait 4 3 3002
3 wait 3 4 3001
3 isend 2 2001 245 0
3 irecv 2 2002 245 0
3 wait 4 3 2001
3 wait 3 4 2002
3 isend 1 5002 1470 0
3 irecv 1 5001 1470 0
3 wait 4 2 5002
3 wait 2 4 5001
3 isend 1 4001 245 0
3 irecv 1 4002 245 0
3 wait 4 2 4001
3 wait 2 4 4002
3 isend 0 6003 1470 0
3 irecv 0 6000 1470 0
3 wait 4 1 6003
3 wait 1 4 6000
3 isend 0 7000 245 0
3 irecv 0 7003 245 0
3 wait 4 1 7000
3 wait 1 4 7003
3 irecv 2 3000 360 0
3 irecv 2 2000 360 0
3 irecv 1 5000 360 0
3 irecv 1 4000 360 0
3 irecv 0 6000 360 0
3 irecv 0 7000 360 0
3 isend 2 2000 360 0
3 isend 2 3000 360 0
3 isend 1 4000 360 0
3 isend 1 5000 360 0
3 isend 0 7000 360 0
3 isend 0 6000 360 0
3 waitall 12
3 isend 2 3002 1470 0
3 irecv 2 3001 1470 0
3 wait 4 3 3002
3 wait 3 4 3001
3 isend 2 2001 245 0
3 irecv 2 2002 245 0
3 wait 4 3 2001
3 wait 3 4 2002
3 isend 1 5002 1470 0
3 irecv 1 5001 1470 0
3 wait 4 2 5002
3 wait 2 4 5001
3 isend 1 4001 245 0
3 irecv 1 4002 245 0
3 wait 4 2 4001
3 wait 2 4 4002
3 isend 0 6003 1470 0
3 irecv 0 6000 1470 0
3 wait 4 1 6003
3 wait 1 4 6000
3 isend 0 7000 245 0
3 irecv 0 7003 245 0
3 wait 4 1 7000
3 wait 1 4 7003
3 irecv 2 3000 360 0
3 irecv 2 2000 360 0
3 irecv 1 5000 360 0
3 irecv 1 4000 360 0
3 irecv 0 6000 360 0
3 irecv 0 7000 360 0
3 isend 2 2000 360 0
3 isend 2 3000 360 0
3 isend 1 4000 360 0
3 isend 1 5000 360 0
3 isend 0 7000 360 0
3 isend 0 6000 360 0
3 waitall 12
3 isend 2 3002 1470 0
3 irecv 2 3001 1470 0
3 wait 4 3 3002
3 wait 3 4 3001
3 isend 2 2001 245 0
3 irecv 2 2002 245 0
3 wait 4 3 2001
3 wait 3 4 2002
3 isend 1 5002 1470 0
3 irecv 1 5001 1470 0
3 wait 4 2 5002
3 wait 2 4 5001
3 isend 1 4001 245 0
3 irecv 1 4002 245 0
3 wait 4 2 4001
3 wait 2 4 4002
3 isend 0 6003 1470 0
3 irecv 0 6000 1470 0
3 wait 4 1 6003
3 wait 1 4 6000
3 isend 0 7000 245 0
3 irecv 0 7003 245 0
3 wait 4 1 7000
3 wait 1 4 7003
3 irecv 2 3000 360 0
3 irecv 2 2000 360 0
3 irecv 1 5000 360 0
3 irecv 1 4000 360 0
3 irecv 0 6000 360 0
3 irecv 0 7000 360 0
3 isend 2 2000 360 0
3 isend 2 3000 360 0
3 isend 1 4000 360 0
3 isend 1 5000 360 0
3 isend 0 7000 360 0
3 isend 0 6000 360 0
3 waitall 12
3 isend 2 3002 1470 0
3 irecv 2 3001 1470 0
3 wait 4 3 3002
3 wait 3 4 3001
3 isend 2 2001 245 0
3 irecv 2 2002 245 0
3 wait 4 3 2001
3 wait 3 4 2002
3 isend 1 5002 1470 0
3 irecv 1 5001 1470 0
3 wait 4 2 5002
3 wait 2 4 5001
3 isend 1 4001 245 0
3 irecv 1 4002 245 0
3 wait 4 2 4001
3 wait 2 4 4002
3 isend 0 6003 1470 0
3 irecv 0 6000 1470 0
3 wait 4 1 6003
3 wait 1 4 6000
3 isend 0 7000 245 0
3 irecv 0 7003 245 0
3 wait 4 1 7000
3 wait 1 4 7003
3 irecv 2 3000 360 0
3 irecv 2 2000 360 0
3 irecv 1 5000 360 0
3 irecv 1 4000 360 0
3 irecv 0 6000 360 0
3 irecv 0 7000 360 0
3 isend 2 2000 360 0
3 isend 2 3000 360 0
3 isend 1 4000 360 0
3 isend 1 5000 360 0
3 isend 0 7000 360 0
3 isend 0 6000 360 0
3 waitall 12
3 isend 2 3002 1470 0
3 irecv 2 3001 1470 0
3 wait 4 3 3002
3 wait 3 4 3001
3 isend 2 2001 245 0
3 irecv 2 2002 245 0
3 wait 4 3 2001
3 wait 3 4 2002
3 isend 1 5002 1470 0
3 irecv 1 5001 1470 0
3 wait 4 2 5002
3 wait 2 4 5001
3 isend 1 4001 245 0
3 irecv 1 4002 245 0
3 wait 4 2 4001
3 wait 2 4 4002
3 isend 0 6003 1470 0
3 irecv 0 6000 1470 0
3 wait 4 1 6003
3 wait 1 4 6000
3 isend 0 7000 245 0
3 irecv 0 7003 245 0
3 wait 4 1 7000
3 wait 1 4 7003
3 allreduce 5 0 0 
3 irecv 2 3000 360 0
3 irecv 2 2000 360 0
3 irecv 1 5000 360 0
3 irecv 1 4000 360 0
3 irecv 0 6000 360 0
3 irecv 0 7000 360 0
3 isend 2 2000 360 0
3 isend 2 3000 360 0
3 isend 1 4000 360 0
3 isend 1 5000 360 0
3 isend 0 7000 360 0
3 isend 0 6000 360 0
3 waitall 12
3 allreduce 5 0 0 
3 reduce 1 0 0 0 
3 barrier
3 finalize
